1512251460.547869, 1
1512251460.647962, 0
1512251460.748118, 9
1512251460.848223, 20
1512251460.948277, 20
1512251461.048617, 3
1512251461.148676, 1
1512251461.248746, 6
1512251461.348836, 4
1512251461.448959, 5
1512251461.549315, 4
1512251461.649441, 4
1512251461.749556, 5
1512251461.849708, 5
1512251461.949836, 7
1512251462.049922, 6
1512251462.150054, 8
1512251462.250172, 9
1512251462.350334, 9
1512251462.450456, 11
1512251462.550559, 12
1512251462.650619, 13
1512251462.750745, 15
1512251462.850865, 17
1512251462.951280, 20
1512251463.051826, 21
1512251463.152023, 22
1512251463.252093, 22
1512251463.352238, 22
1512251463.453984, 21
1512251463.554718, 23
1512251463.654897, 21
1512251463.754969, 22
1512251463.855034, 21
1512251463.955139, 22
1512251464.055336, 22
1512251464.155546, 21
1512251464.255669, 20
1512251464.355788, 19
1512251464.455994, 21
1512251464.556235, 21
1512251464.657809, 21
1512251464.757961, 21
1512251464.858118, 21
1512251464.958314, 20
1512251465.058410, 21
1512251465.158539, 20
1512251465.258683, 20
1512251465.358826, 21
1512251465.458937, 21
1512251465.561078, 20
1512251465.662347, 20
1512251465.762482, 21
1512251465.862654, 19
1512251465.962822, 20
1512251466.063015, 20
1512251466.163149, 20
1512251466.265266, 21
1512251466.367214, 21
1512251466.467394, 21
1512251466.567546, 20
1512251466.667847, 20
1512251466.768010, 20
1512251466.868080, 21
1512251466.968193, 21
1512251467.068690, 20
1512251467.168870, 18
1512251467.269185, 17
1512251467.369379, 19
1512251467.471155, 19
1512251467.571573, 21
1512251467.671765, 21
1512251467.771968, 20
1512251467.872094, 21
1512251467.972607, 20
1512251468.072818, 21
1512251468.173044, 20
1512251468.273206, 20
1512251468.373378, 20
1512251468.473567, 21
1512251468.573717, 20
1512251468.673776, 21
1512251468.773897, 20
1512251468.873983, 17
1512251468.974072, 17
1512251469.074163, 19
1512251469.174528, 18
1512251469.274759, 20
1512251469.375055, 20
1512251469.475251, 21
1512251469.575403, 21
1512251469.675675, 21
1512251469.775904, 20
1512251469.875993, 21
1512251469.976103, 19
1512251470.076242, 19
1512251470.176375, 21
1512251470.276501, 20
1512251470.376584, 21
1512251470.476646, 21
1512251470.576756, 21
1512251470.676880, 18
1512251470.776999, 19
1512251470.877156, 20
1512251470.977262, 21
1512251471.078971, 21
1512251471.179182, 21
1512251471.279413, 20
1512251471.381401, 21
1512251471.481778, 20
1512251471.582488, 20
1512251471.682813, 21
1512251471.783701, 21
1512251471.883822, 20
1512251471.984030, 21
1512251472.084258, 20
1512251472.184433, 20
1512251472.284642, 20
1512251472.384789, 20
1512251472.484923, 21
1512251472.585086, 20
1512251472.685235, 21
1512251472.785418, 19
1512251472.885565, 21
1512251472.985619, 18
1512251473.085734, 20
1512251473.185851, 20
1512251473.286029, 20
1512251473.386170, 21
1512251473.486264, 20
1512251473.586405, 21
1512251473.686482, 19
1512251473.786550, 20
1512251473.886619, 21
1512251473.986767, 20
1512251474.086902, 20
1512251474.187009, 20
1512251474.287281, 20
1512251474.387510, 19
1512251474.487694, 21
1512251474.587775, 20
1512251474.687844, 21
1512251474.788224, 21
1512251474.888349, 20
1512251474.988452, 19
1512251475.088502, 19
1512251475.188550, 20
1512251475.288656, 21
1512251475.388704, 21
1512251475.488770, 20
1512251475.588886, 20
1512251475.690382, 21
1512251475.790510, 19
1512251475.892471, 20
1512251475.992985, 21
1512251476.093169, 21
1512251476.193323, 20
1512251476.293484, 20
1512251476.393778, 21
1512251476.494087, 19
1512251476.595886, 20
1512251476.696071, 20
1512251476.796736, 21
1512251476.897079, 20
1512251476.997321, 21
1512251477.097447, 20
1512251477.197632, 20
1512251477.297808, 20
1512251477.397955, 20
1512251477.498159, 21
1512251477.598320, 20
1512251477.698474, 20
1512251477.798580, 20
1512251477.898870, 19
1512251477.999016, 20
1512251478.099136, 20
1512251478.199352, 21
1512251478.299447, 21
1512251478.399559, 19
1512251478.499689, 21
1512251478.599741, 18
1512251478.699792, 20
1512251478.799849, 21
1512251478.900268, 20
1512251479.000962, 21
1512251479.101404, 20
1512251479.201878, 21
1512251479.302192, 19
1512251479.402258, 19
1512251479.502302, 21
1512251479.602367, 16
1512251479.702516, 20
1512251479.802585, 17
1512251479.902641, 16
1512251480.002784, 15
1512251480.102864, 14
1512251480.203214, 15
1512251480.304005, 14
1512251480.404053, 16
1512251480.504096, 12
1512251480.604150, 14
1512251480.704263, 13
1512251480.804317, 17
1512251480.904464, 17
1512251481.004588, 15
1512251481.104639, 15
1512251481.204688, 15
1512251481.304803, 14
1512251481.404866, 13
1512251481.505023, 11
1512251481.605216, 13
1512251481.705773, 13
1512251481.806308, 14
1512251481.906490, 14
1512251482.006783, 14
1512251482.107012, 15
1512251482.207211, 12
1512251482.307505, 15
1512251482.407782, 12
1512251482.508609, 12
1512251482.609432, 13
1512251482.710078, 14
1512251482.810626, 14
1512251482.911296, 14
1512251483.011526, 14
1512251483.111655, 15
1512251483.211982, 15
1512251483.312168, 14
1512251483.412354, 14
1512251483.512525, 16
1512251483.612644, 15
1512251483.712818, 15
1512251483.813332, 15
1512251483.913444, 14
1512251484.013626, 13
1512251484.113863, 15
1512251484.213926, 12
1512251484.313976, 13
1512251484.414100, 13
1512251484.514241, 14
1512251484.614307, 14
1512251484.714437, 13
1512251484.814503, 15
1512251484.914551, 13
1512251485.014665, 13
1512251485.114715, 15
1512251485.214895, 14
1512251485.314947, 16
1512251485.415000, 16
1512251485.515162, 15
1512251485.615294, 15
1512251485.715787, 14
1512251485.818050, 11
1512251485.918498, 11
1512251486.020615, 11
1512251486.120812, 11
1512251486.221064, 13
1512251486.321994, 14
1512251486.422420, 14
1512251486.522533, 13
1512251486.622664, 15
1512251486.722782, 14
1512251486.822913, 14
1512251486.922966, 13
1512251487.023124, 15
1512251487.123241, 13
1512251487.225090, 13
1512251487.325202, 15
1512251487.425433, 14
1512251487.525668, 13
1512251487.625793, 14
1512251487.725976, 14
1512251487.826160, 13
1512251487.926319, 14
1512251488.028372, 14
1512251488.128447, 15
1512251488.228693, 13
1512251488.328882, 15
1512251488.429033, 14
1512251488.529279, 13
1512251488.629365, 14
1512251488.729479, 15
1512251488.829547, 14
1512251488.929620, 14
1512251489.029713, 16
1512251489.129808, 13
1512251489.229885, 15
1512251489.330026, 14
1512251489.430148, 14
1512251489.530236, 15
1512251489.630328, 13
1512251489.730399, 14
1512251489.830483, 14
1512251489.933444, 15
1512251490.033569, 13
1512251490.133799, 15
1512251490.233940, 13
1512251490.334244, 13
1512251490.434432, 14
1512251490.534545, 14
1512251490.634675, 14
1512251490.734807, 18
1512251490.834909, 14
1512251490.934983, 15
1512251491.035101, 14
1512251491.135171, 15
1512251491.235230, 15
1512251491.335292, 10
1512251491.435821, 12
1512251491.536005, 14
1512251491.636236, 14
1512251491.736474, 14
1512251491.836930, 14
1512251491.938851, 13
1512251492.039148, 14
1512251492.139296, 14
1512251492.239523, 14
1512251492.339581, 14
1512251492.439639, 15
1512251492.539773, 15
1512251492.639911, 15
1512251492.740129, 14
1512251492.840378, 14
1512251492.940523, 14
1512251493.040601, 15
1512251493.140757, 12
1512251493.240861, 13
1512251493.341010, 14
1512251493.441169, 14
1512251493.541290, 15
1512251493.641438, 13
1512251493.741561, 13
1512251493.841621, 15
1512251493.941752, 13
1512251494.041828, 13
1512251494.142275, 15
1512251494.242373, 15
1512251494.342471, 16
1512251494.442786, 15
1512251494.542922, 14
1512251494.643108, 14
1512251494.743249, 12
1512251494.843415, 12
1512251494.943535, 12
1512251495.043688, 13
1512251495.143855, 14
1512251495.244106, 15
1512251495.344372, 14
1512251495.444651, 14
1512251495.544908, 15
1512251495.645599, 13
1512251495.745895, 14
1512251495.846138, 14
1512251495.946364, 14
1512251496.046615, 14
1512251496.146849, 14
1512251496.247123, 14
1512251496.347511, 14
1512251496.447999, 15
1512251496.548642, 13
1512251496.649113, 12
1512251496.749242, 14
1512251496.849848, 15
1512251496.950707, 14
1512251497.050781, 14
1512251497.151422, 13
1512251497.254484, 15
1512251497.354651, 13
1512251497.454813, 14
1512251497.554944, 14
1512251497.655963, 15
1512251497.756131, 18
1512251497.856250, 16
1512251497.956575, 15
1512251498.056679, 15
1512251498.156912, 13
1512251498.257068, 12
1512251498.357131, 11
1512251498.457305, 11
1512251498.557437, 14
1512251498.657499, 14
1512251498.757647, 13
1512251498.857774, 15
1512251498.958302, 14
1512251499.058385, 15
1512251499.158451, 15
1512251499.258590, 14
1512251499.358769, 13
1512251499.458905, 16
1512251499.559063, 13
1512251499.659186, 14
1512251499.759331, 14
1512251499.859476, 15
1512251499.959667, 16
1512251500.059871, 14
1512251500.160102, 14
1512251500.260243, 14
1512251500.360434, 15
1512251500.460588, 14
1512251500.560885, 14
1512251500.661136, 14
1512251500.761284, 13
1512251500.861477, 13
1512251500.961591, 15
1512251501.061710, 14
1512251501.161785, 14
1512251501.261853, 17
1512251501.361928, 16
1512251501.462066, 14
1512251501.562120, 15
1512251501.662675, 15
1512251501.762854, 14
1512251501.863025, 11
1512251501.963177, 12
1512251502.063297, 13
1512251502.163401, 14
1512251502.263478, 14
1512251502.363883, 14
1512251502.466467, 15
1512251502.566723, 14
1512251502.666888, 15
1512251502.767040, 13
1512251502.867193, 14
1512251502.967243, 14
1512251503.067356, 13
1512251503.167397, 14
1512251503.267527, 14
1512251503.367647, 14
1512251503.467793, 15
1512251503.567934, 15
1512251503.668161, 13
1512251503.768381, 14
1512251503.868570, 14
1512251503.968749, 14
1512251504.068972, 13
1512251504.169225, 14
1512251504.269419, 12
1512251504.369550, 13
1512251504.469967, 13
1512251504.570264, 14
1512251504.671397, 15
1512251504.771641, 15
1512251504.871729, 15
1512251504.971788, 15
1512251505.071876, 14
1512251505.171946, 13
1512251505.272004, 9
1512251505.372229, 10
1512251505.472341, 12
1512251505.572506, 13
1512251505.672685, 12
1512251505.772856, 13
1512251505.872993, 13
1512251505.973092, 14
1512251506.073195, 15
1512251506.173294, 15
1512251506.273509, 14
1512251506.373616, 16
1512251506.473681, 14
1512251506.574111, 14
1512251506.674381, 15
1512251506.774487, 13
1512251506.874585, 17
1512251506.974699, 12
1512251507.074854, 14
1512251507.174970, 14
1512251507.275071, 14
1512251507.375360, 14
1512251507.475611, 14
1512251507.575917, 11
1512251507.676009, 12
1512251507.776123, 13
1512251507.876217, 13
1512251507.976372, 14
1512251508.076450, 15
1512251508.176619, 16
1512251508.276768, 14
1512251508.376852, 15
1512251508.476992, 13
1512251508.577427, 14
1512251508.677806, 10
1512251508.777918, 12
1512251508.878307, 13
1512251508.978513, 13
1512251509.078934, 15
1512251509.179441, 14
1512251509.279882, 14
1512251509.380442, 15
1512251509.480811, 14
1512251509.581024, 13
1512251509.681111, 15
1512251509.781163, 15
1512251509.881218, 14
1512251509.981281, 14
1512251510.081325, 15
1512251510.181370, 14
1512251510.281430, 15
1512251510.381473, 12
1512251510.481514, 12
1512251510.581556, 13
1512251510.681595, 14
1512251510.781828, 14
1512251510.883493, 14
1512251510.985280, 15
1512251511.085459, 16
1512251511.185659, 16
1512251511.285715, 15
1512251511.385872, 17
1512251511.486020, 19
1512251511.586067, 20
1512251511.686172, 21
1512251511.787006, 22
1512251511.887141, 20
1512251511.987279, 22
1512251512.087341, 20
1512251512.187500, 18
1512251512.287578, 19
1512251512.387668, 20
1512251512.487722, 21
1512251512.587779, 21
1512251512.687834, 21
1512251512.787890, 21
1512251512.892873, 20
1512251512.993076, 21
1512251513.093299, 19
1512251513.193543, 19
1512251513.294021, 20
1512251513.397339, 20
1512251513.497898, 22
1512251513.598051, 21
1512251513.698128, 20
1512251513.798242, 21
1512251513.898671, 18
1512251513.999101, 18
1512251514.099683, 19
1512251514.202369, 21
1512251514.302577, 21
1512251514.403105, 20
1512251514.503405, 21
1512251514.603600, 21
1512251514.703909, 20
1512251514.804184, 19
1512251514.904479, 19
1512251515.004835, 19
1512251515.105123, 21
1512251515.205386, 21
1512251515.305524, 20
1512251515.405668, 20
1512251515.505781, 21
1512251515.605834, 20
1512251515.706043, 19
1512251515.806238, 20
1512251515.906494, 20
1512251516.006811, 21
1512251516.106935, 21
1512251516.207378, 19
1512251516.307615, 21
1512251516.407738, 17
1512251516.507802, 19
1512251516.608005, 20
1512251516.708063, 20
1512251516.808108, 21
1512251516.908269, 20
1512251517.008327, 21
1512251517.108490, 20
1512251517.208533, 21
1512251517.308671, 18
1512251517.408809, 19
1512251517.508911, 21
1512251517.608961, 20
1512251517.708997, 21
1512251517.809141, 20
1512251517.909191, 19
1512251518.009470, 22
1512251518.109509, 17
1512251518.209651, 19
1512251518.309757, 21
1512251518.409906, 20
1512251518.509963, 21
1512251518.610031, 20
1512251518.710080, 21
1512251518.810330, 20
1512251518.910544, 19
1512251519.010706, 19
1512251519.110873, 20
1512251519.211035, 21
1512251519.311170, 21
1512251519.411283, 21
1512251519.511450, 20
1512251519.611611, 20
1512251519.711720, 18
1512251519.811896, 19
1512251519.912019, 20
1512251520.012571, 21
1512251520.112748, 20
1512251520.213868, 21
1512251520.314039, 20
1512251520.414142, 22
1512251520.514254, 18
1512251520.614372, 20
1512251520.714458, 20
1512251520.814499, 20
1512251520.914540, 20
1512251521.014576, 20
1512251521.114679, 20
1512251521.214790, 20
1512251521.315252, 20
1512251521.415324, 21
1512251521.515430, 20
1512251521.615480, 20
1512251521.715537, 21
1512251521.815650, 18
1512251521.915694, 19
1512251522.015876, 19
1512251522.115932, 21
1512251522.216095, 20
1512251522.316146, 21
1512251522.416198, 20
1512251522.516302, 20
1512251522.616435, 18
1512251522.716505, 17
1512251522.816576, 19
1512251522.916692, 20
1512251523.016847, 20
1512251523.117033, 21
1512251523.219306, 21
1512251523.319704, 21
1512251523.420130, 20
1512251523.520484, 20
1512251523.620971, 17
1512251523.721451, 19
1512251523.823762, 20
1512251523.923934, 21
1512251524.024062, 20
1512251524.124187, 21
1512251524.224302, 21
1512251524.324425, 20
1512251524.424477, 21
1512251524.524541, 19
1512251524.624616, 20
1512251524.725296, 20
1512251524.825512, 20
1512251524.925565, 21
1512251525.025676, 20
1512251525.125871, 19
1512251525.226021, 19
1512251525.326176, 19
1512251525.426227, 21
1512251525.526388, 20
1512251525.626433, 21
1512251525.726515, 20
1512251525.826583, 21
1512251525.926715, 19
1512251526.026783, 18
1512251526.126895, 20
1512251526.227020, 20
1512251526.327199, 20
1512251526.428115, 21
1512251526.528649, 20
1512251526.628847, 21
1512251526.728995, 21
1512251526.829150, 18
1512251526.929278, 20
1512251527.029561, 21
1512251527.129794, 21
1512251527.229884, 20
1512251527.329979, 20
1512251527.430034, 21
1512251527.530096, 18
1512251527.630219, 19
1512251527.730293, 20
1512251527.830748, 20
1512251527.930868, 21
1512251528.031116, 21
1512251528.131171, 20
1512251528.231328, 20
1512251528.331549, 19
1512251528.432103, 20
1512251528.532243, 20
1512251528.632436, 21
1512251528.732561, 20
1512251528.832655, 21
1512251528.932863, 18
1512251529.033118, 20
1512251529.133307, 21
1512251529.233773, 20
1512251529.334180, 21
1512251529.435865, 19
1512251529.536112, 21
1512251529.636333, 17
1512251529.736598, 19
1512251529.836767, 20
1512251529.937033, 21
1512251530.037265, 20
1512251530.137829, 21
1512251530.238043, 21
1512251530.338319, 20
1512251530.439142, 18
1512251530.540434, 19
1512251530.640516, 20
1512251530.740610, 21
1512251530.840700, 20
1512251530.940848, 21
1512251531.040932, 20
1512251531.141019, 20
1512251531.241118, 18
1512251531.341191, 18
1512251531.441360, 18
1512251531.541439, 20
1512251531.641616, 20
1512251531.741739, 21
1512251531.841811, 20
1512251531.941887, 21
1512251532.041981, 21
1512251532.142095, 20
1512251532.242156, 17
1512251532.342216, 19
1512251532.442689, 19
1512251532.542842, 20
1512251532.643002, 21
1512251532.743207, 21
1512251532.843366, 21
1512251532.943591, 20
1512251533.043725, 19
1512251533.143792, 18
1512251533.243958, 19
1512251533.344095, 20
1512251533.444265, 20
1512251533.544515, 21
1512251533.644651, 21
1512251533.744915, 20
1512251533.845397, 21
1512251533.945609, 19
1512251534.045729, 20
1512251534.146689, 21
1512251534.246854, 22
1512251534.347071, 23
1512251534.447174, 26
1512251534.549139, 27
1512251534.650584, 30
1512251534.750777, 31
1512251534.851001, 34
1512251534.951135, 36
1512251535.051248, 36
1512251535.151354, 40
1512251535.251468, 40
1512251535.351938, 39
1512251535.452185, 41
1512251535.552295, 39
1512251535.652389, 41
1512251535.752544, 41
1512251535.852782, 40
1512251535.952945, 37
1512251536.053097, 41
1512251536.153196, 42
1512251536.253339, 40
1512251536.353528, 41
1512251536.453722, 40
1512251536.553974, 40
1512251536.654202, 40
1512251536.754463, 41
1512251536.855416, 40
1512251536.955644, 40
1512251537.055856, 40
1512251537.156060, 41
1512251537.256305, 40
1512251537.356524, 40
1512251537.456704, 40
1512251537.556957, 40
1512251537.657089, 41
1512251537.757324, 40
1512251537.857548, 40
1512251537.957779, 40
1512251538.057945, 40
1512251538.158204, 41
1512251538.258540, 40
1512251538.359093, 40
1512251538.461111, 40
1512251538.561664, 41
1512251538.662088, 41
1512251538.762635, 40
1512251538.864220, 40
1512251538.964671, 41
1512251539.065256, 40
1512251539.165737, 41
1512251539.265884, 40
1512251539.366475, 40
1512251539.467835, 40
1512251539.567945, 41
1512251539.668005, 40
1512251539.768075, 40
1512251539.868484, 40
1512251539.968605, 41
1512251540.068737, 40
1512251540.168887, 40
1512251540.269021, 40
1512251540.369147, 40
1512251540.469285, 41
1512251540.571481, 40
1512251540.673999, 41
1512251540.774190, 41
1512251540.876312, 40
1512251540.976549, 41
1512251541.079679, 40
1512251541.179992, 42
1512251541.280185, 40
1512251541.380394, 40
1512251541.480618, 40
1512251541.580725, 40
1512251541.680835, 40
1512251541.780948, 41
1512251541.881057, 40
1512251541.981167, 40
1512251542.081390, 40
1512251542.182407, 40
1512251542.282527, 41
1512251542.384393, 40
1512251542.486110, 41
1512251542.587955, 41
1512251542.688828, 40
1512251542.789377, 41
1512251542.889617, 40
1512251542.990632, 40
1512251543.090804, 41
1512251543.192074, 40
1512251543.292252, 41
1512251543.392390, 40
1512251543.492622, 40
1512251543.593217, 40
1512251543.693440, 41
1512251543.793639, 40
1512251543.893884, 40
1512251543.994463, 40
1512251544.094644, 41
1512251544.195535, 40
1512251544.295749, 40
1512251544.396302, 40
1512251544.497191, 41
1512251544.598183, 40
1512251544.699829, 41
1512251544.800120, 41
1512251544.900297, 40
1512251545.000531, 40
1512251545.100728, 40
1512251545.200975, 40
1512251545.301250, 41
1512251545.401447, 40
1512251545.502029, 40
1512251545.602525, 40
1512251545.703198, 41
1512251545.803763, 40
1512251545.904054, 40
1512251546.004253, 41
1512251546.106843, 40
1512251546.209804, 41
