1512132661.32 2500.0 2700.0
1512132661.38 2500.0 2880.0
1512132661.49 2500.0 3042.0
1512132661.59 2500.0 3187.8
1512132661.7 2500.0 3319.02
1512132661.79 2500.0 3437.118
1512132661.89 2500.0 3543.4062
1512132661.99 2500.0 3639.06558
1512132662.12 2500.0 3725.159022
1512132662.19 2500.0 3802.6431198
1512132662.29 2500.0 3872.37880782
1512132662.38 2500.0 3935.14092704
1512132662.49 2500.0 3991.62683433
1512132662.58 2500.0 4042.4641509
1512132662.68 2500.0 4088.21773581
1512132662.79 2500.0 4129.39596223
1512132662.88 2500.0 4166.45636601
1512132662.98 2500.0 4199.81072941
1512132663.08 2500.0 4229.82965647
1512132663.19 2500.0 4256.84669082
1512132663.29 2500.0 4281.16202174
1512132663.39 2500.0 4303.04581956
1512132663.5 2500.0 4322.74123761
1512132663.59 2500.0 4340.46711385
1512132663.7 2500.0 4356.42040246
1512132663.8 2500.0 4370.77836222
1512132663.9 2500.0 4383.70052599
1512132664.0 2500.0 4395.33047339
1512132664.18 2500.0 4405.79742606
1512132664.24 2500.0 4415.21768345
1512132664.34 2500.0 4423.6959151
1512132664.44 2500.0 4431.32632359
1512132664.55 2500.0 4438.19369123
1512132664.64 2500.0 4444.37432211
1512132664.74 2500.0 4449.9368899
1512132664.84 2500.0 4454.94320091
1512132664.94 2500.0 4459.44888082
1512132665.04 2500.0 4463.50399274
1512132665.14 2500.0 4467.15359346
1512132665.24 2500.0 4470.43823412
1512132665.42 2500.0 4473.39441071
1512132665.49 2500.0 4476.05496963
1512132665.59 2500.0 4478.44947267
1512132665.69 2500.0 4480.6045254
1512132665.79 2500.0 4482.54407286
1512132665.89 2500.0 4484.28966558
1512132665.99 2500.0 4485.86069902
1512132666.09 2500.0 4487.27462912
1512132666.24 2500.0 4488.54716621
1512132666.32 2500.0 4489.69244959
1512132666.41 2500.0 4490.72320463
1512132666.51 2500.0 4491.65088416
1512132666.62 2500.0 4492.48579575
1512132666.78 2500.0 4493.23721617
1512132666.85 2500.0 4493.91349456
1512132667.01 2500.0 4494.5221451
1512132667.08 2500.0 4495.06993059
1512132667.19 2500.0 4495.56293753
1512132667.28 2500.0 4496.00664378
1512132667.38 2500.0 4496.4059794
1512132667.48 2500.0 4496.76538146
1512132667.58 2500.0 4497.08884331
1512132667.68 2500.0 4497.37995898
1512132667.78 2500.0 4497.64196308
1512132667.88 2500.0 4497.87776678
1512132667.98 2500.0 4498.0899901
1512132668.08 2500.0 4498.28099109
1512132668.17 2500.0 4498.45289198
1512132668.28 2500.0 4498.60760278
1512132668.38 2500.0 4498.7468425
1512132668.48 2500.0 4498.87215825
1512132668.58 2500.0 4498.98494243
1512132668.76 2500.0 4499.08644819
1512132668.82 2500.0 4499.17780337
1512132668.92 2500.0 4499.26002303
1512132669.02 2500.0 4499.33402073
1512132669.13 2500.0 4499.40061865
1512132669.22 2500.0 4499.46055679
1512132669.32 2500.0 4499.51450111
1512132669.42 2500.0 4499.563051
1512132669.52 2500.0 4499.6067459
1512132669.62 2500.0 4499.64607131
1512132669.72 2500.0 4499.68146418
1512132669.82 2500.0 4499.71331776
1512132669.93 2500.0 4499.74198598
1512132670.02 2500.0 4499.76778739
1512132670.13 2500.0 4499.79100865
1512132670.23 2500.0 4499.81190778
1512132670.33 2500.0 4499.830717
1512132670.42 2500.0 4499.8476453
1512132670.53 2500.0 4499.86288077
1512132670.62 2500.0 4499.8765927
1512132670.73 2500.0 4499.88893343
1512132670.82 2500.0 4499.90004008
1512132670.92 2500.0 4499.91003608
1512132671.02 2500.0 4499.91903247
1512132671.12 2500.0 4499.92712922
1512132671.27 2500.0 4499.9344163
1512132671.35 2500.0 4499.94097467
1512132671.45 2500.0 4499.9468772
1512132671.55 2500.0 4499.95218948
1512132671.65 2500.0 4499.95697053
1512132671.75 2500.0 4499.96127348
1512132671.85 2500.0 4499.96514613
1512132671.95 2500.0 4499.96863152
1512132672.05 2500.0 4499.97176837
1512132672.15 2500.0 4499.97459153
1512132672.25 2500.0 4499.97713238
1512132672.36 2500.0 4499.97941914
1512132672.46 2500.0 4499.98147723
1512132672.56 2500.0 4499.9833295
1512132672.66 2500.0 4499.98499655
1512132672.76 2500.0 4499.9864969
1512132672.86 2500.0 4499.98784721
1512132672.96 2500.0 4499.98906249
1512132673.06 2500.0 4499.99015624
1512132673.16 2500.0 4499.99114061
1512132673.27 2500.0 4499.99202655
1512132673.37 2500.0 4499.9928239
1512132673.47 2500.0 4499.99354151
1512132673.57 2500.0 4499.99418736
1512132673.67 2500.0 4499.99476862
1512132673.77 2500.0 4499.99529176
1512132673.87 2500.0 4499.99576258
1512132673.97 2500.0 4499.99618633
1512132674.07 2500.0 4499.99656769
1512132674.17 2500.0 4499.99691092
1512132674.27 2500.0 4499.99721983
1512132674.37 2500.0 4499.99749785
1512132674.47 2500.0 4499.99774806
1512132674.57 2500.0 4499.99797326
1512132674.67 2500.0 4499.99817593
1512132674.77 2500.0 4499.99835834
1512132674.87 2500.0 4499.9985225
1512132674.97 2500.0 4499.99867025
1512132675.07 2500.0 4499.99880323
1512132675.17 2500.0 4499.99892291
1512132675.27 2500.0 4499.99903061
1512132675.37 2500.0 4499.99912755
1512132675.47 2500.0 4499.9992148
1512132675.57 2500.0 4499.99929332
1512132675.67 2500.0 4499.99936399
1512132675.77 2500.0 4499.99942759
1512132675.87 2500.0 4499.99948483
1512132675.97 2500.0 4499.99953635
1512132676.07 2500.0 4499.99958271
1512132676.17 2500.0 4499.99962444
1512132676.27 2500.0 4499.999662
1512132676.37 2500.0 4499.9996958
1512132676.47 2500.0 4499.99972622
1512132676.57 2500.0 4499.9997536
1512132676.68 2500.0 4499.99977824
1512132676.77 2500.0 4499.99980041
1512132676.87 2500.0 4499.99982037
1512132676.98 2500.0 4499.99983833
1512132677.07 2500.0 4499.9998545
1512132677.17 2500.0 4499.99986905
1512132677.27 2500.0 4499.99988215
1512132677.37 2500.0 4499.99989393
1512132677.47 2500.0 4499.99990454
1512132677.57 2500.0 4499.99991408
1512132677.68 2500.0 4499.99992268
1512132677.77 2500.0 4499.99993041
1512132677.87 2500.0 4499.99993737
1512132678.02 2500.0 4499.99994363
1512132678.09 2500.0 4499.99994927
1512132678.19 2500.0 4499.99995434
1512132678.34 2500.0 4499.99995891
1512132678.4 2500.0 4499.99996302
1512132678.5 2500.0 4499.99996671
1512132678.62 2500.0 4499.99997004
1512132678.71 2500.0 4499.99997304
1512132678.81 2500.0 4499.99997573
1512132678.92 2500.0 4499.99997816
1512132679.01 2500.0 4499.99998035
1512132679.11 2500.0 4499.99998231
1512132679.28 2500.0 4499.99998408
1512132679.36 2500.0 4499.99998567
1512132679.46 2500.0 4499.9999871
1512132679.55 2500.0 4499.99998839
1512132679.65 2500.0 4499.99998955
1512132679.75 2500.0 4499.9999906
1512132679.85 2500.0 4499.99999154
1512132679.95 2500.0 4499.99999239
1512132680.06 2500.0 4499.99999315
1512132680.15 2500.0 4499.99999383
1512132680.25 2500.0 4499.99999445
1512132680.36 2500.0 4499.999995
1512132680.46 2500.0 4499.9999955
1512132680.55 2500.0 4499.99999595
1512132680.65 2500.0 4499.99999636
1512132680.75 2500.0 4499.99999672
1512132680.85 2500.0 4499.99999705
1512132680.95 2500.0 4499.99999734
1512132681.06 2500.0 4499.99999761
1512132681.16 2500.0 4499.99999785
1512132681.26 2500.0 4499.99999806
1512132681.41 2500.0 4499.99999826
1512132681.47 2500.0 4499.99999843
1512132681.58 2500.0 4499.99999859
1512132681.68 2500.0 4499.99999873
1512132681.78 2500.0 4499.99999886
1512132681.88 2500.0 4499.99999897
1512132682.07 2500.0 4499.99999907
1512132682.13 2500.0 4499.99999917
1512132682.23 2500.0 4499.99999925
1512132682.34 2500.0 4499.99999933
1512132682.44 2500.0 4499.99999939
1512132682.54 2500.0 4499.99999945
1512132682.64 2483.33333333 4499.99999951
1512132682.74 2467.0 4499.99999956
1512132682.84 2450.99333333 4499.9999996
1512132682.94 2435.3068 4499.99999964
1512132683.1 2406.600664 4499.99999968
1512132683.17 2391.80198405 4499.99999971
1512132683.32 2363.96594437 4499.99999974
1512132683.4 2336.68662548 4499.99999976
1512132683.49 2323.28622631 4499.99999979
1512132683.59 2326.82050178 4499.99999981
1512132683.69 2305.28409175 4499.99999983
1512132683.79 2309.17840991 4499.99999985
1512132683.89 2312.99484171 4499.99999986
1512132683.99 2291.73494488 4499.99999987
1512132684.09 2295.90024598 4499.99999989
1512132684.19 2299.98224106 4499.9999999
1512132684.3 2278.98259624 4499.99999991
1512132684.4 2283.40294432 4499.99999992
1512132684.48 2287.73488543 4499.99999993
1512132684.57 2291.98018772 4499.99999993
1512132684.67 2271.14058397 4499.99999994
1512132684.77 2275.71777229 4499.99999995
1512132684.87 2280.20341684 4499.99999995
1512132684.98 2259.5993485 4499.99999996
1512132685.14 2264.40736153 4499.99999996
1512132685.22 2244.1192143 4499.99999996
1512132685.32 2249.23683002 4499.99999997
1512132685.42 2254.25209342 4499.99999997
1512132685.52 2234.16705155 4499.99999997
1512132685.62 2239.48371052 4499.99999998
1512132685.73 2244.69403631 4499.99999998
1512132685.83 2249.80015558 4499.99999998
1512132685.92 2254.80415247 4499.99999998
1512132686.02 2259.70806942 4499.99999998
1512132686.12 2264.51390803 4499.99999999
1512132686.22 2269.22362987 4499.99999999
1512132686.32 2273.83915727 4499.99999999
1512132686.43 2278.36237413 4499.99999999
1512132686.52 2282.79512665 4499.99999999
1512132686.63 2287.13922411 4499.99999999
1512132686.72 2291.39643963 4499.99999999
1512132686.83 2295.56851084 4499.99999999
1512132686.92 2299.65714062 4499.99999999
1512132687.02 2303.66399781 4499.99999999
1512132687.12 2307.59071785 4500.0
1512132687.22 2311.4389035 4500.0
1512132687.32 2315.21012543 4500.0
1512132687.5 2318.90592292 4500.0
1512132687.58 2322.52780446 4500.0
1512132687.68 2326.07724837 4500.0
1512132687.78 2329.5557034 4500.0
1512132687.87 2332.96458933 4500.0
1512132688.03 2336.30529755 4500.0
1512132688.1 2339.5791916 4500.0
1512132688.2 2342.78760776 4500.0
1512132688.3 2345.93185561 4500.0
1512132688.4 2349.0132185 4500.0
1512132688.51 2352.03295413 4500.0
1512132688.61 2354.99229504 4500.0
1512132688.7 2357.89244914 4500.0
1512132688.81 2360.73460016 4500.0
1512132688.91 2363.51990816 4500.0
1512132689.01 2366.24950999 4500.0
1512132689.11 2368.92451979 4500.0
1512132689.21 2371.5460294 4500.0
1512132689.36 2374.11510881 4500.0
1512132689.43 2376.63280663 4500.0
1512132689.52 2379.1001505 4500.0
1512132689.62 2381.51814749 4500.0
1512132689.72 2383.88778454 4500.0
1512132689.83 2386.21002885 4500.0
1512132689.93 2388.48582827 4500.0
1512132690.02 2390.71611171 4500.0
1512132690.19 2392.90178947 4500.0
1512132690.26 2395.04375369 4500.0
1512132690.44 2397.14287861 4500.0
1512132690.52 2399.20002104 4500.0
1512132690.61 2401.21602062 4500.0
1512132690.71 2403.19170021 4500.0
1512132690.89 2405.1278662 4500.0
1512132690.97 2407.02530888 4500.0
1512132691.07 2408.8848027 4500.0
1512132691.21 2410.70710665 4500.0
1512132691.28 2412.49296451 4500.0
1512132691.38 2414.24310522 4500.0
1512132691.48 2415.95824312 4500.0
1512132691.58 2417.63907826 4500.0
1512132691.68 2419.28629669 4500.0
1512132691.78 2420.90057076 4500.0
1512132691.89 2422.48255934 4500.0
1512132691.98 2424.03290816 4500.0
1512132692.14 2425.55224999 4500.0
1512132692.21 2427.04120499 4500.0
1512132692.3 2428.50038089 4500.0
1512132692.41 2429.93037327 4500.0
1512132692.51 2431.33176581 4500.0
1512132692.61 2432.70513049 4500.0
1512132692.71 2434.05102788 4500.0
1512132692.81 2435.37000733 4500.0
1512132692.91 2436.66260718 4500.0
1512132693.01 2437.92935504 4500.0
1512132693.18 2439.17076793 4500.0
1512132693.25 2440.38735258 4500.0
1512132693.34 2441.57960552 4500.0
1512132693.44 2442.74801341 4500.0
1512132693.6 2443.89305315 4500.0
1512132693.67 2445.01519208 4500.0
1512132693.77 2446.11488824 4500.0
1512132693.87 2447.19259048 4500.0
1512132693.98 2448.24873867 4500.0
1512132694.07 2449.28376389 4500.0
1512132694.16 2450.29808862 4500.0
1512132694.27 2451.29212684 4500.0
1512132694.37 2452.26628431 4500.0
1512132694.47 2453.22095862 4500.0
1512132694.57 2454.15653945 4500.0
1512132694.67 2455.07340866 4500.0
1512132694.77 2455.97194049 4500.0
1512132694.87 2456.85250168 4500.0
1512132694.97 2457.71545164 4500.0
1512132695.07 2458.56114261 4500.0
1512132695.24 2459.38991976 4500.0
1512132695.31 2460.20212136 4500.0
1512132695.41 2460.99807894 4500.0
1512132695.51 2461.77811736 4500.0
1512132695.61 2462.54255501 4500.0
1512132695.71 2463.29170391 4500.0
1512132695.81 2464.02586983 4500.0
1512132695.91 2464.74535243 4500.0
1512132696.01 2465.45044539 4500.0
1512132696.11 2466.14143648 4500.0
1512132696.2 2466.81860775 4500.0
1512132696.3 2467.48223559 4500.0
1512132696.41 2468.13259088 4500.0
1512132696.51 2468.76993906 4500.0
1512132696.61 2469.39454028 4500.0
1512132696.71 2470.00664948 4500.0
1512132696.81 2470.60651649 4500.0
1512132696.91 2471.19438616 4500.0
1512132697.01 2471.77049843 4500.0
1512132697.13 2472.33508847 4500.0
1512132697.21 2472.8883867 4500.0
1512132697.3 2473.43061896 4500.0
1512132697.4 2473.96200658 4500.0
1512132697.5 2474.48276645 4500.0
1512132697.61 2474.99311112 4500.0
1512132697.71 2475.4932489 4500.0
1512132697.81 2475.98338392 4500.0
1512132697.92 2476.46371624 4500.0
1512132698.07 2476.93444192 4500.0
1512132698.15 2477.39575308 4500.0
1512132698.31 2477.84783802 4500.0
1512132698.38 2478.29088126 4500.0
1512132698.49 2478.72506363 4500.0
1512132698.59 2479.15056236 4500.0
1512132698.68 2479.56755111 4500.0
1512132698.78 2479.97620009 4500.0
1512132698.88 2480.37667609 4500.0
1512132699.05 2480.76914257 4500.0
1512132699.13 2481.15375972 4500.0
1512132699.23 2481.53068452 4500.0
1512132699.34 2481.90007083 4500.0
1512132699.49 2482.26206941 4500.0
1512132699.57 2482.61682803 4500.0
1512132699.66 2482.96449147 4500.0
1512132699.77 2483.30520164 4500.0
1512132699.86 2483.6390976 4500.0
1512132699.96 2483.96631565 4500.0
1512132700.06 2484.28698934 4500.0
1512132700.16 2484.60124955 4500.0
1512132700.26 2484.90922456 4500.0
1512132700.37 2485.21104007 4500.0
1512132700.47 2485.50681927 4500.0
1512132700.62 2485.79668288 4500.0
1512132700.69 2486.08074923 4500.0
1512132700.79 2486.35913424 4500.0
1512132700.89 2486.63195156 4500.0
1512132700.99 2486.89931252 4500.0
1512132701.1 2503.82799294 4500.0
1512132701.19 2520.41809975 4500.0
1512132701.29 2536.67640442 4500.0
1512132701.39 2552.609543 4500.0
1512132701.49 2568.22401881 4500.0
1512132701.59 2583.5262051 4500.0
1512132701.69 2598.52234766 4500.0
1512132701.79 2613.21856737 4500.0
1512132701.89 2627.62086269 4500.0
1512132701.99 2641.73511211 4500.0
1512132702.1 2655.56707653 4500.0
1512132702.19 2669.12240167 4500.0
1512132702.3 2682.4066203 4500.0
1512132702.4 2695.42515456 4500.0
1512132702.49 2708.18331814 4500.0
1512132702.6 2720.68631844 4500.0
1512132702.7 2732.93925874 4500.0
1512132702.8 2744.94714023 4500.0
1512132702.9 2756.71486409 4500.0
1512132703.0 2768.24723348 4500.0
1512132703.11 2779.54895547 4500.0
1512132703.2 2790.62464303 4500.0
1512132703.31 2801.47881684 4500.0
1512132703.4 2812.11590717 4500.0
1512132703.51 2822.54025569 4500.0
1512132703.61 2832.75611724 4500.0
1512132703.71 2842.76766157 4500.0
1512132703.81 2852.578975 4500.0
1512132703.92 2862.19406217 4500.0
1512132704.02 2871.61684759 4500.0
1512132704.11 2880.85117731 4500.0
1512132704.22 2889.90082043 4500.0
1512132704.31 2898.76947068 4500.0
1512132704.41 2907.46074794 4500.0
1512132704.51 2915.97819964 4500.0
1512132704.62 2924.32530232 4500.0
1512132704.7 2932.50546294 4500.0
1512132704.82 2940.52202035 4500.0
1512132704.92 2948.37824661 4500.0
1512132705.01 2956.07734834 4500.0
1512132705.11 2963.62246804 4500.0
1512132705.21 2971.01668535 4500.0
1512132705.3 2978.26301831 4500.0
1512132705.41 2985.36442461 4500.0
1512132705.51 2992.32380278 4500.0
1512132705.61 2999.14399339 4500.0
1512132705.71 3005.82778019 4500.0
1512132705.81 3012.37789125 4500.0
1512132705.91 3018.7970001 4500.0
1512132706.01 3025.08772676 4500.0
1512132706.11 3031.25263889 4500.0
1512132706.21 3037.29425278 4500.0
1512132706.31 3043.21503439 4500.0
1512132706.41 3049.01740037 4500.0
1512132706.51 3054.70371903 4500.0
1512132706.62 3060.27631132 4500.0
1512132706.71 3065.73745176 4500.0
1512132706.81 3071.08936939 4500.0
1512132706.92 3076.33424867 4500.0
1512132707.01 3081.47423036 4500.0
1512132707.12 3086.51141242 4500.0
1512132707.23 3091.44785084 4500.0
1512132707.32 3096.28556049 4500.0
1512132707.42 3101.02651594 4500.0
1512132707.52 3105.67265229 4500.0
1512132707.63 3110.22586591 4500.0
1512132707.73 3114.68801526 4500.0
1512132707.83 3119.06092162 4500.0
1512132707.92 3123.34636986 4500.0
1512132708.01 3127.54610913 4500.0
1512132708.12 3131.66185361 4500.0
1512132708.22 3135.69528321 4500.0
1512132708.32 3139.64804421 4500.0
1512132708.42 3143.52174999 4500.0
1512132708.51 3147.31798166 4500.0
1512132708.62 3151.03828869 4500.0
1512132708.72 3154.68418958 4500.0
1512132708.82 3158.25717246 4500.0
1512132708.91 3161.75869568 4500.0
1512132709.02 3165.19018843 4500.0
1512132709.12 3168.55305133 4500.0
1512132709.22 3171.84865697 4500.0
1512132709.31 3175.07835049 4500.0
1512132709.42 3178.24345015 4500.0
1512132709.52 3181.34524782 4500.0
1512132709.62 3184.38500953 4500.0
1512132709.72 3187.363976 4500.0
1512132709.82 3190.28336315 4500.0
1512132709.92 3193.14436255 4500.0
1512132710.01 3195.94814197 4500.0
1512132710.12 3198.6958458 4500.0
1512132710.22 3201.38859555 4500.0
1512132710.32 3204.0274903 4500.0
1512132710.43 3206.61360716 4500.0
1512132710.53 3209.14800169 4500.0
1512132710.63 3211.63170832 4500.0
1512132710.73 3214.06574082 4500.0
1512132710.83 3216.45109267 4500.0
1512132710.94 3218.78873748 4500.0
1512132711.03 3221.0796294 4500.0
1512132711.13 3223.32470348 4500.0
1512132711.23 3233.85820941 4500.0
1512132711.33 3244.18104522 4500.0
1512132711.42 3254.29742432 4500.0
1512132711.54 3264.21147583 4500.0
1512132711.64 3273.92724631 4500.0
1512132711.73 3283.44870139 4500.0
1512132711.82 3292.77972736 4500.0
1512132711.92 3301.92413281 4500.0
1512132712.02 3310.88565016 4500.0
1512132712.11 3319.66793715 4500.0
1512132712.22 3328.27457841 4500.0
1512132712.32 3336.70908684 4500.0
1512132712.42 3344.9749051 4500.0
1512132712.52 3353.075407 4500.0
1512132712.62 3361.01389886 4500.0
1512132712.72 3368.79362089 4500.0
1512132712.82 3376.41774847 4500.0
1512132712.92 3383.8893935 4500.0
1512132713.03 3391.21160563 4500.0
1512132713.13 3398.38737352 4500.0
1512132713.22 3405.41962605 4500.0
1512132713.32 3412.31123352 4500.0
1512132713.43 3419.06500885 4500.0
1512132713.53 3425.68370868 4500.0
1512132713.62 3432.1700345 4500.0
1512132713.73 3438.52663381 4500.0
1512132713.83 3444.75610114 4500.0
1512132713.93 3450.86097911 4500.0
1512132714.03 3456.84375953 4500.0
1512132714.14 3462.70688434 4500.0
1512132714.25 3468.45274665 4500.0
1512132714.34 3474.08369172 4500.0
1512132714.44 3479.60201789 4500.0
1512132714.54 3485.00997753 4500.0
1512132714.64 3490.30977798 4500.0
1512132714.73 3495.50358242 4500.0
1512132714.83 3500.59351077 4500.0
1512132714.94 3505.58164056 4500.0
1512132715.04 3510.47000774 4500.0
1512132715.13 3515.26060759 4500.0
1512132715.23 3519.95539544 4500.0
1512132715.34 3524.55628753 4500.0
1512132715.44 3529.06516178 4500.0
1512132715.53 3533.48385854 4500.0
1512132715.63 3537.81418137 4500.0
1512132715.74 3542.05789774 4500.0
1512132715.83 3546.21673979 4500.0
1512132715.93 3550.29240499 4500.0
1512132716.02 3554.28655689 4500.0
1512132716.13 3558.20082576 4500.0
1512132716.23 3562.03680924 4500.0
1512132716.33 3565.79607306 4500.0
1512132716.42 3569.48015159 4500.0
1512132716.53 3573.09054856 4500.0
1512132716.63 3576.62873759 4500.0
1512132716.74 3580.09616284 4500.0
1512132716.83 3583.49423958 4500.0
1512132716.94 3586.82435479 4500.0
1512132717.03 3590.0878677 4500.0
1512132717.13 3593.28611034 4500.0
1512132717.24 3596.42038813 4500.0
1512132717.33 3599.49198037 4500.0
1512132717.44 3602.50214076 4500.0
1512132717.55 3605.45209795 4500.0
1512132717.64 3608.34305599 4500.0
1512132717.74 3611.17619487 4500.0
1512132717.84 3613.95267097 4500.0
1512132717.94 3616.67361755 4500.0
1512132718.04 3619.3401452 4500.0
1512132718.14 3621.9533423 4500.0
1512132718.25 3624.51427545 4500.0
1512132718.35 3627.02398994 4500.0
1512132718.44 3629.48351014 4500.0
1512132718.55 3631.89383994 4500.0
1512132718.65 3634.25596314 4500.0
1512132718.74 3636.57084388 4500.0
1512132718.85 3638.839427 4500.0
1512132718.95 3641.06263846 4500.0
1512132719.04 3643.24138569 4500.0
1512132719.15 3645.37655798 4500.0
1512132719.24 3647.46902682 4500.0
1512132719.34 3649.51964628 4500.0
1512132719.44 3651.52925336 4500.0
1512132719.54 3653.49866829 4500.0
1512132719.64 3655.42869492 4500.0
1512132719.74 3657.32012103 4500.0
1512132719.85 3659.17371861 4500.0
1512132719.94 3660.99024423 4500.0
1512132720.04 3662.77043935 4500.0
1512132720.14 3664.51503056 4500.0
1512132720.24 3666.22472995 4500.0
1512132720.34 3667.90023535 4500.0
1512132720.44 3669.54223064 4500.0
1512132720.54 3671.15138603 4500.0
1512132720.65 3672.72835831 4500.0
1512132720.75 3674.27379114 4500.0
1512132720.85 3675.78831532 4500.0
1512132720.96 3677.27254902 4500.0
1512132721.06 3678.72709804 4500.0
1512132721.15 3680.15255607 4500.0
1512132721.26 3681.54950495 4500.0
1512132721.36 3682.91851485 4500.0
1512132721.46 3684.26014456 4500.0
1512132721.55 3685.57494167 4500.0
1512132721.65 3686.86344283 4500.0
1512132721.75 3688.12617398 4500.0
1512132721.86 3689.3636505 4500.0
1512132721.95 3690.57637749 4500.0
1512132722.05 3691.76484994 4500.0
1512132722.16 3692.92955294 4500.0
1512132722.25 3694.07096188 4500.0
1512132722.36 3695.18954264 4500.0
1512132722.45 3696.28575179 4500.0
1512132722.55 3697.36003675 4500.0
1512132722.65 3698.41283602 4500.0
1512132722.75 3699.4445793 4500.0
1512132722.85 3700.45568771 4500.0
1512132722.95 3701.44657396 4500.0
1512132723.05 3702.41764248 4500.0
1512132723.15 3703.36928963 4500.0
1512132723.25 3704.30190384 4500.0
1512132723.35 3705.21586576 4500.0
1512132723.45 3706.11154844 4500.0
1512132723.55 3706.98931748 4500.0
1512132723.66 3707.84953113 4500.0
1512132723.75 3708.6925405 4500.0
1512132723.85 3709.51868969 4500.0
1512132723.96 3710.3283159 4500.0
1512132724.06 3711.12174958 4500.0
1512132724.16 3711.89931459 4500.0
1512132724.27 3712.6613283 4500.0
1512132724.37 3713.40810173 4500.0
1512132724.47 3714.1399397 4500.0
1512132724.57 3714.8571409 4500.0
1512132724.67 3715.55999809 4500.0
1512132724.77 3716.24879812 4500.0
1512132724.88 3716.92382216 4500.0
1512132724.97 3717.58534572 4500.0
1512132725.07 3718.2336388 4500.0
1512132725.17 3718.86896603 4500.0
1512132725.27 3719.49158671 4500.0
1512132725.37 3720.10175497 4500.0
1512132725.47 3720.69971987 4500.0
1512132725.57 3721.28572548 4500.0
1512132725.67 3721.86001097 4500.0
1512132725.77 3722.42281075 4500.0
1512132725.86 3722.97435453 4500.0
1512132725.97 3723.51486744 4500.0
1512132726.06 3724.04457009 4500.0
1512132726.17 3724.56367869 4500.0
1512132726.27 3725.07240512 4500.0
1512132726.36 3725.57095701 4500.0
1512132726.46 3726.05953787 4500.0
1512132726.56 3726.53834712 4500.0
1512132726.67 3727.00758017 4500.0
1512132726.77 3727.46742857 4500.0
1512132726.86 3727.91808 4500.0
1512132726.97 3728.3597184 4500.0
1512132727.07 3728.79252403 4500.0
1512132727.16 3729.21667355 4500.0
1512132727.27 3729.63234008 4500.0
1512132727.36 3730.03969328 4500.0
1512132727.47 3730.43889941 4500.0
1512132727.57 3730.83012142 4500.0
1512132727.67 3731.213519 4500.0
1512132727.77 3731.58924862 4500.0
1512132727.87 3731.95746364 4500.0
1512132727.98 3732.31831437 4500.0
1512132728.07 3732.67194808 4500.0
1512132728.17 3733.01850912 4500.0
1512132728.28 3733.35813894 4500.0
1512132728.37 3733.69097616 4500.0
1512132728.47 3734.01715664 4500.0
1512132728.57 3734.3368135 4500.0
1512132728.67 3734.65007723 4500.0
1512132728.77 3734.95707569 4500.0
1512132728.88 3735.25793418 4500.0
1512132728.98 3735.55277549 4500.0
1512132729.07 3735.84171998 4500.0
1512132729.16 3736.12488558 4500.0
1512132729.27 3736.40238787 4500.0
1512132729.37 3736.67434011 4500.0
1512132729.47 3736.94085331 4500.0
1512132729.56 3737.20203625 4500.0
1512132729.66 3737.45799552 4500.0
1512132729.76 3737.70883561 4500.0
1512132729.86 3737.9546589 4500.0
1512132729.97 3738.19556572 4500.0
1512132730.07 3738.43165441 4500.0
1512132730.17 3738.66302132 4500.0
1512132730.27 3738.88976089 4500.0
1512132730.37 3739.11196567 4500.0
1512132730.47 3739.32972636 4500.0
1512132730.58 3739.54313183 4500.0
1512132730.68 3739.7522692 4500.0
1512132730.78 3739.95722381 4500.0
1512132730.88 3740.15807934 4500.0
1512132730.98 3740.35491775 4500.0
1512132731.08 3740.54781939 4500.0
1512132731.18 3740.73686301 4500.0
1512132731.29 3740.92212575 4500.0
1512132731.38 3741.10368323 4500.0
1512132731.49 3741.28160957 4500.0
1512132731.58 3741.45597738 4500.0
1512132731.68 3741.62685783 4500.0
1512132731.78 3741.79432067 4500.0
1512132731.89 3741.95843426 4500.0
1512132731.99 3742.11926557 4500.0
1512132732.08 3742.27688026 4500.0
1512132732.19 3742.43134266 4500.0
1512132732.29 3742.5827158 4500.0
1512132732.39 3742.73106149 4500.0
1512132732.48 3742.87644026 4500.0
1512132732.58 3743.01891145 4500.0
1512132732.68 3743.15853322 4500.0
1512132732.78 3743.29536256 4500.0
1512132732.88 3743.42945531 4500.0
1512132732.99 3743.5608662 4500.0
1512132733.07 3743.68964888 4500.0
1512132733.17 3743.8158559 4500.0
1512132733.27 3743.93953878 4500.0
1512132733.37 3744.06074801 4500.0
1512132733.47 3744.17953305 4500.0
1512132733.59 3744.29594238 4500.0
1512132733.68 3744.41002354 4500.0
1512132733.78 3744.52182307 4500.0
1512132733.89 3744.63138661 4500.0
1512132733.99 3744.73875887 4500.0
1512132734.09 3744.8439837 4500.0
1512132734.19 3744.94710402 4500.0
1512132734.3 3745.04816194 4500.0
1512132734.39 3745.1471987 4500.0
1512132734.5 3745.24425473 4500.0
1512132734.58 3745.33936963 4500.0
1512132734.68 3745.43258224 4500.0
1512132734.77 3745.5239306 4500.0
1512132734.88 3745.61345198 4500.0
1512132734.99 3745.70118294 4500.0
1512132735.07 3745.78715929 4500.0
1512132735.17 3745.8714161 4500.0
1512132735.28 3745.95398778 4500.0
1512132735.37 3746.03490802 4500.0
1512132735.48 3746.11420986 4500.0
1512132735.58 3746.19192566 4500.0
1512132735.67 3746.26808715 4500.0
1512132735.77 3746.34272541 4500.0
1512132735.88 3746.4158709 4500.0
1512132735.98 3746.48755348 4500.0
1512132736.07 3746.55780241 4500.0
1512132736.16 3746.62664636 4500.0
1512132736.27 3746.69411344 4500.0
1512132736.36 3746.76023117 4500.0
1512132736.47 3746.82502654 4500.0
1512132736.58 3746.88852601 4500.0
1512132736.67 3746.95075549 4500.0
1512132736.76 3747.01174038 4500.0
1512132736.86 3747.07150558 4500.0
1512132736.96 3747.13007546 4500.0
1512132737.07 3747.18747396 4500.0
1512132737.15 3747.24372448 4500.0
1512132737.25 3747.29884999 4500.0
1512132737.35 3747.35287299 4500.0
1512132737.44 3747.40581553 4500.0
1512132737.54 3747.45769922 4500.0
1512132737.65 3747.50854523 4500.0
1512132737.75 3747.55837433 4500.0
1512132737.85 3747.60720684 4500.0
1512132737.95 3747.6550627 4500.0
1512132738.05 3747.70196145 4500.0
1512132738.15 3747.74792222 4500.0
1512132738.25 3747.79296378 4500.0
1512132738.35 3747.8371045 4500.0
1512132738.46 3747.88036241 4500.0
1512132738.56 3747.92275516 4500.0
1512132738.66 3747.96430006 4500.0
1512132738.76 3748.00501406 4500.0
1512132738.86 3748.04491378 4500.0
1512132738.97 3748.0840155 4500.0
1512132739.07 3748.12233519 4500.0
1512132739.18 3748.15988849 4500.0
1512132739.27 3748.19669072 4500.0
1512132739.37 3748.2327569 4500.0
1512132739.48 3748.26810177 4500.0
1512132739.58 3748.30273973 4500.0
1512132739.68 3748.33668494 4500.0
1512132739.78 3748.36995124 4500.0
1512132739.86 3748.40255221 4500.0
1512132739.95 3748.43450117 4500.0
1512132740.04 3748.46581114 4500.0
1512132740.14 3748.49649492 4500.0
1512132740.24 3748.52656502 4500.0
1512132740.34 3748.55603372 4500.0
1512132740.45 3748.58491305 4500.0
1512132740.54 3748.61321479 4500.0
1512132740.65 3748.64095049 4500.0
1512132740.75 3748.66813148 4500.0
1512132740.84 3748.69476885 4500.0
1512132740.94 3748.72087348 4500.0
1512132741.05 3748.74645601 4500.0
1512132741.15 3748.77152689 4500.0
1512132741.24 3748.79609635 4500.0
1512132741.35 3748.82017442 4500.0
1512132741.45 3748.84377093 4500.0
1512132741.54 3748.86689551 4500.0
1512132741.65 3748.8895576 4500.0
1512132741.76 3748.91176645 4500.0
1512132741.86 3748.93353112 4500.0
1512132741.95 3748.9548605 4500.0
1512132742.04 3748.97576329 4500.0
1512132742.13 3748.99624802 4500.0
1512132742.23 3749.01632306 4500.0
1512132742.33 3749.0359966 4500.0
1512132742.43 3749.05527667 4500.0
1512132742.53 3749.07417114 4500.0
1512132742.64 3749.09268771 4500.0
1512132742.74 3749.11083396 4500.0
1512132742.83 3749.12861728 4500.0
1512132742.93 3749.14604494 4500.0
1512132743.04 3749.16312404 4500.0
1512132743.14 3749.17986156 4500.0
1512132743.24 3749.19626432 4500.0
1512132743.34 3749.21233904 4500.0
1512132743.43 3749.22809226 4500.0
1512132743.54 3749.24353041 4500.0
1512132743.64 3749.2586598 4500.0
1512132743.74 3749.27348661 4500.0
1512132743.84 3749.28801688 4500.0
1512132743.95 3749.30225654 4500.0
1512132744.05 3749.31621141 4500.0
1512132744.14 3749.32988718 4500.0
1512132744.25 3749.34328944 4500.0
1512132744.36 3749.35642365 4500.0
1512132744.46 3749.36929517 4500.0
1512132744.56 3749.38190927 4500.0
1512132744.65 3749.39427109 4500.0
1512132744.76 3749.40638566 4500.0
1512132744.86 3749.41825795 4500.0
1512132744.96 3749.42989279 4500.0
1512132745.06 3749.44129494 4500.0
1512132745.14 3749.45246904 4500.0
1512132745.25 3749.46341966 4500.0
1512132745.34 3749.47415126 4500.0
1512132745.44 3749.48466824 4500.0
1512132745.54 3749.49497487 4500.0
1512132745.64 3749.50507538 4500.0
1512132745.74 3749.51497387 4500.0
1512132745.84 3749.52467439 4500.0
1512132745.94 3749.5341809 4500.0
1512132746.04 3749.54349728 4500.0
1512132746.14 3749.55262734 4500.0
1512132746.24 3749.56157479 4500.0
1512132746.34 3749.5703433 4500.0
1512132746.45 3749.57893643 4500.0
1512132746.54 3749.5873577 4500.0
1512132746.65 3749.59561055 4500.0
1512132746.76 3749.60369834 4500.0
1512132746.87 3749.61162437 4500.0
1512132746.96 3749.61939188 4500.0
1512132747.05 3749.62700405 4500.0
1512132747.15 3749.63446396 4500.0
1512132747.27 3749.64177468 4500.0
1512132747.33 3749.64893919 4500.0
1512132747.44 3749.65596041 4500.0
1512132747.54 3749.6628412 4500.0
1512132747.65 3749.66958438 4500.0
1512132747.75 3749.67619269 4500.0
1512132747.86 3749.68266883 4500.0
1512132747.95 3749.68901546 4500.0
1512132748.04 3749.69523515 4500.0
1512132748.15 3749.70133045 4500.0
1512132748.25 3749.70730384 4500.0
1512132748.34 3749.71315776 4500.0
1512132748.44 3749.7188946 4500.0
1512132748.55 3749.72451671 4500.0
1512132748.65 3749.73002638 4500.0
1512132748.74 3749.73542585 4500.0
1512132748.85 3749.74071733 4500.0
1512132748.95 3749.74590299 4500.0
1512132749.05 3749.75098493 4500.0
1512132749.15 3749.75596523 4500.0
1512132749.25 3749.76084592 4500.0
1512132749.35 3749.76562901 4500.0
1512132749.45 3749.77031643 4500.0
1512132749.56 3749.7749101 4500.0
1512132749.64 3749.77941189 4500.0
1512132749.75 3749.78382366 4500.0
1512132749.84 3749.78814718 4500.0
1512132749.94 3749.79238424 4500.0
1512132750.04 3749.79653656 4500.0
1512132750.12 3749.80060582 4500.0
1512132750.23 3749.80459371 4500.0
1512132750.33 3749.80850183 4500.0
1512132750.42 3749.8123318 4500.0
1512132750.52 3749.81608516 4500.0
1512132750.63 3749.81976346 4500.0
1512132750.73 3749.82336819 4500.0
1512132750.83 3749.82690082 4500.0
1512132750.93 3749.83036281 4500.0
1512132751.03 3749.83375555 4500.0
1512132751.13 3749.83708044 4500.0
1512132751.22 3749.84033883 4500.0
1512132751.33 3749.84353206 4500.0
1512132751.43 3749.84666141 4500.0
1512132751.53 3749.84972819 4500.0
1512132751.63 3749.85273362 4500.0
1512132751.73 3749.85567895 4500.0
1512132751.83 3749.85856537 4500.0
1512132751.94 3749.86139406 4500.0
1512132752.04 3749.86416618 4500.0
1512132752.14 3749.86688286 4500.0
1512132752.24 3749.8695452 4500.0
1512132752.34 3749.8721543 4500.0
1512132752.44 3749.87471121 4500.0
1512132752.54 3749.87721699 4500.0
1512132752.65 3749.87967265 4500.0
1512132752.74 3749.88207919 4500.0
1512132752.85 3749.88443761 4500.0
1512132752.94 3749.88674886 4500.0
1512132753.05 3749.88901388 4500.0
1512132753.15 3749.8912336 4500.0
1512132753.25 3749.89340893 4500.0
1512132753.34 3749.89554075 4500.0
1512132753.44 3749.89762994 4500.0
1512132753.54 3749.89967734 4500.0
1512132753.64 3749.90168379 4500.0
1512132753.74 3749.90365012 4500.0
1512132753.84 3749.90557711 4500.0
1512132753.93 3749.90746557 4500.0
1512132754.04 3749.90931626 4500.0
1512132754.14 3749.91112994 4500.0
1512132754.24 3749.91290734 4500.0
1512132754.33 3749.91464919 4500.0
1512132754.44 3749.91635621 4500.0
1512132754.55 3749.91802908 4500.0
1512132754.64 3749.9196685 4500.0
1512132754.74 3749.92127513 4500.0
1512132754.83 3749.92284963 4500.0
1512132754.94 3749.92439264 4500.0
1512132755.04 3749.92590478 4500.0
1512132755.14 3749.92738669 4500.0
1512132755.24 3749.92883895 4500.0
1512132755.35 3749.93026217 4500.0
1512132755.45 3749.93165693 4500.0
1512132755.55 3749.93302379 4500.0
1512132755.65 3749.93436332 4500.0
1512132755.75 3749.93567605 4500.0
1512132755.85 3749.93696253 4500.0
1512132755.95 3749.93822328 4500.0
1512132756.05 3749.93945881 4500.0
1512132756.16 3749.94066964 4500.0
1512132756.26 3749.94185624 4500.0
1512132756.36 3749.94301912 4500.0
1512132756.46 3749.94415874 4500.0
1512132756.56 3749.94527556 4500.0
1512132756.64 3749.94637005 4500.0
1512132756.73 3749.94744265 4500.0
1512132756.84 3749.9484938 4500.0
1512132756.93 3749.94952392 4500.0
1512132757.03 3749.95053344 4500.0
1512132757.13 3749.95152277 4500.0
1512132757.24 3749.95249232 4500.0
1512132757.33 3749.95344247 4500.0
1512132757.44 3749.95437362 4500.0
1512132757.53 3749.95528615 4500.0
1512132757.63 3749.95618043 4500.0
1512132757.74 3749.95705682 4500.0
1512132757.84 3749.95791568 4500.0
1512132757.94 3749.95875737 4500.0
1512132758.05 3749.95958222 4500.0
1512132758.15 3749.96039058 4500.0
1512132758.24 3749.96118276 4500.0
1512132758.34 3749.96195911 4500.0
1512132758.45 3749.96271993 4500.0
1512132758.54 3749.96346553 4500.0
1512132758.63 3749.96419622 4500.0
1512132758.74 3749.96491229 4500.0
1512132758.83 3749.96561405 4500.0
1512132758.93 3749.96630177 4500.0
1512132759.04 3749.96697573 4500.0
1512132759.12 3749.96763622 4500.0
1512132759.22 3749.96828349 4500.0
1512132759.32 3749.96891782 4500.0
1512132759.42 3749.96953947 4500.0
1512132759.52 3749.97014868 4500.0
1512132759.62 3749.9707457 4500.0
1512132759.72 3749.97133079 4500.0
1512132759.82 3749.97190417 4500.0
1512132759.92 3749.97246609 4500.0
1512132760.02 3749.97301677 4500.0
1512132760.12 3749.97355643 4500.0
1512132760.23 3749.9740853 4500.0
1512132760.32 3749.9746036 4500.0
1512132760.44 3749.97511153 4500.0
1512132760.53 3749.9756093 4500.0
1512132760.63 3749.97609711 4500.0
1512132760.73 3749.97657517 4500.0
1512132760.82 3749.97704366 4500.0
1512132760.94 3749.97750279 4500.0
1512132761.01 3749.97795274 4500.0
1512132761.11 3749.97839368 4500.0
1512132761.21 3749.97882581 4500.0
1512132761.31 3749.97924929 4500.0
1512132761.41 3749.9796643 4500.0
1512132761.51 3749.98007102 4500.0
1512132761.61 3749.9804696 4500.0
1512132761.71 3749.98086021 4500.0
1512132761.81 3749.981243 4500.0
1512132761.92 3749.98161814 4500.0
1512132762.01 3749.98198578 4500.0
1512132762.11 3749.98234606 4500.0
1512132762.21 3749.98269914 4500.0
1512132762.31 3749.98304516 4500.0
1512132762.41 3749.98338426 4500.0
1512132762.51 3749.98371657 4500.0
1512132762.61 3749.98404224 4500.0
1512132762.71 3749.9843614 4500.0
1512132762.81 3749.98467417 4500.0
1512132762.93 3749.98498068 4500.0
1512132763.02 3749.98528107 4500.0
1512132763.12 3749.98557545 4500.0
1512132763.22 3749.98586394 4500.0
1512132763.33 3749.98614666 4500.0
1512132763.43 3749.98642373 4500.0
1512132763.53 3749.98669525 4500.0
1512132763.63 3749.98696135 4500.0
1512132763.73 3749.98722212 4500.0
1512132763.84 3749.98747768 4500.0
1512132763.93 3749.98772813 4500.0
1512132764.04 3749.98797356 4500.0
1512132764.13 3749.98821409 4500.0
1512132764.23 3749.98844981 4500.0
1512132764.34 3749.98868081 4500.0
1512132764.44 3749.9889072 4500.0
1512132764.54 3749.98912905 4500.0
1512132764.63 3749.98934647 4500.0
1512132764.73 3749.98955954 4500.0
1512132764.83 3749.98976835 4500.0
1512132764.92 3749.98997298 4500.0
1512132765.03 3749.99017353 4500.0
1512132765.12 3749.99037005 4500.0
1512132765.23 3749.99056265 4500.0
1512132765.33 3749.9907514 4500.0
1512132765.43 3749.99093637 4500.0
1512132765.53 3749.99111765 4500.0
1512132765.63 3749.99129529 4500.0
1512132765.73 3749.99146939 4500.0
1512132765.83 3749.99164 4500.0
1512132765.94 3749.9918072 4500.0
1512132766.03 3749.99197105 4500.0
1512132766.13 3749.99213163 4500.0
1512132766.24 3749.992289 4500.0
1512132766.33 3749.99244322 4500.0
1512132766.43 3749.99259436 4500.0
1512132766.54 3749.99274247 4500.0
1512132766.64 3749.99288762 4500.0
1512132766.75 3749.99302987 4500.0
1512132766.85 3749.99316927 4500.0
1512132766.95 3749.99330588 4500.0
1512132767.05 3749.99343977 4500.0
1512132767.15 3749.99357097 4500.0
1512132767.25 3749.99369955 4500.0
1512132767.36 3749.99382556 4500.0
1512132767.46 3749.99394905 4500.0
1512132767.56 3749.99407007 4500.0
1512132767.67 3749.99418867 4500.0
1512132767.76 3749.99430489 4500.0
1512132767.87 3749.9944188 4500.0
1512132767.97 3749.99453042 4500.0
1512132768.05 3749.99463981 4500.0
1512132768.15 3749.99474702 4500.0
1512132768.24 3749.99485208 4500.0
1512132768.35 3749.99495503 4500.0
1512132768.44 3749.99505593 4500.0
1512132768.54 3749.99515481 4500.0
1512132768.64 3749.99525172 4500.0
1512132768.74 3749.99534668 4500.0
1512132768.85 3749.99543975 4500.0
1512132768.95 3749.99553096 4500.0
1512132769.04 3749.99562034 4500.0
1512132769.15 3749.99570793 4500.0
1512132769.24 3749.99579377 4500.0
1512132769.35 3749.9958779 4500.0
1512132769.45 3749.99596034 4500.0
1512132769.55 3749.99604113 4500.0
1512132769.65 3749.99612031 4500.0
1512132769.74 3749.9961979 4500.0
1512132769.85 3749.99627394 4500.0
1512132769.95 3749.99634847 4500.0
1512132770.05 3749.9964215 4500.0
1512132770.16 3749.99649307 4500.0
1512132770.26 3749.9965632 4500.0
1512132770.36 3749.99663194 4500.0
1512132770.46 3749.9966993 4500.0
1512132770.56 3749.99676532 4500.0
1512132770.65 3749.99683001 4500.0
1512132770.76 3749.99689341 4500.0
1512132770.85 3749.99695554 4500.0
1512132770.96 3749.99701643 4500.0
1512132771.06 3749.9970761 4500.0
1512132771.15 3749.99713458 4500.0
1512132771.25 3749.99719189 4500.0
1512132771.37 3749.99724805 4500.0
1512132771.46 3749.99730309 4500.0
1512132771.55 3749.99735703 4500.0
1512132771.65 3749.99740989 4500.0
1512132771.74 3749.99746169 4500.0
1512132771.85 3749.99751246 4500.0
1512132771.94 3749.99756221 4500.0
1512132772.04 3749.99761096 4500.0
1512132772.14 3749.99765874 4500.0
1512132772.24 3749.99770557 4500.0
1512132772.34 3749.99775146 4500.0
1512132772.44 3749.99779643 4500.0
1512132772.55 3749.9978405 4500.0
1512132772.65 3749.99788369 4500.0
1512132772.75 3749.99792602 4500.0
1512132772.85 3749.99796749 4500.0
1512132772.95 3749.99800814 4500.0
1512132773.05 3749.99804798 4500.0
1512132773.15 3749.99808702 4500.0
1512132773.26 3749.99812528 4500.0
1512132773.35 3749.99816278 4500.0
1512132773.45 3749.99819952 4500.0
1512132773.56 3749.99823553 4500.0
1512132773.67 3749.99827082 4500.0
1512132773.76 3749.9983054 4500.0
1512132773.86 3749.9983393 4500.0
1512132773.98 3749.99837251 4500.0
1512132774.07 3749.99840506 4500.0
1512132774.15 3749.99843696 4500.0
1512132774.27 3749.99846822 4500.0
1512132774.36 3749.99849885 4500.0
1512132774.46 3749.99852888 4500.0
1512132774.56 3749.9985583 4500.0
1512132774.65 3749.99858713 4500.0
1512132774.77 3749.99861539 4500.0
1512132774.86 3749.99864308 4500.0
1512132774.96 3749.99867022 4500.0
1512132775.06 3749.99869682 4500.0
1512132775.15 3749.99872288 4500.0
1512132775.25 3749.99874842 4500.0
1512132775.36 3749.99877345 4500.0
1512132775.45 3749.99879799 4500.0
1512132775.56 3749.99882203 4500.0
1512132775.66 3749.99884559 4500.0
1512132775.76 3749.99886867 4500.0
1512132775.85 3749.9988913 4500.0
1512132775.95 3749.99891347 4500.0
1512132776.06 3749.9989352 4500.0
1512132776.15 3749.9989565 4500.0
1512132776.25 3749.99897737 4500.0
1512132776.36 3749.99899782 4500.0
1512132776.45 3749.99901787 4500.0
1512132776.55 3749.99903751 4500.0
1512132776.66 3749.99905676 4500.0
1512132776.76 3749.99907562 4500.0
1512132776.86 3749.99909411 4500.0
1512132776.97 3749.99911223 4500.0
1512132777.07 3749.99912998 4500.0
1512132777.18 3749.99914739 4500.0
1512132777.27 3749.99916444 4500.0
1512132777.37 3749.99918115 4500.0
1512132777.47 3749.99919753 4500.0
1512132777.57 3749.99921358 4500.0
1512132777.68 3749.9992293 4500.0
1512132777.79 3749.99924472 4500.0
1512132777.89 3749.99925982 4500.0
1512132778.0 3749.99927463 4500.0
1512132778.1 3749.99928913 4500.0
1512132778.2 3749.99930335 4500.0
1512132778.3 3749.99931728 4500.0
1512132778.39 3749.99933094 4500.0
1512132778.49 3749.99934432 4500.0
1512132778.58 3749.99935743 4500.0
1512132778.69 3749.99937028 4500.0
1512132778.79 3749.99938288 4500.0
1512132778.89 3749.99939522 4500.0
1512132778.98 3749.99940732 4500.0
1512132779.09 3749.99941917 4500.0
1512132779.19 3749.99943079 4500.0
1512132779.29 3749.99944217 4500.0
1512132779.39 3749.99945333 4500.0
1512132779.49 3749.99946426 4500.0
1512132779.59 3749.99947498 4500.0
1512132779.69 3749.99948548 4500.0
1512132779.78 3749.99949577 4500.0
1512132779.88 3749.99950585 4500.0
1512132779.98 3749.99951574 4500.0
1512132780.07 3749.99952542 4500.0
1512132780.18 3749.99953491 4500.0
1512132780.27 3749.99954421 4500.0
1512132780.38 3749.99955333 4500.0
1512132780.48 3749.99956226 4500.0
1512132780.58 3749.99957102 4500.0
1512132780.68 3749.9995796 4500.0
1512132780.79 3749.99958801 4500.0
1512132780.89 3749.99959625 4500.0
1512132780.99 3749.99960432 4500.0
1512132781.1 3749.99961223 4500.0
1512132781.19 3749.99961999 4500.0
1512132781.29 3749.99962759 4500.0
1512132781.4 3749.99963504 4500.0
1512132781.5 3749.99964234 4500.0
1512132781.61 3749.99964949 4500.0
1512132781.71 3749.9996565 4500.0
1512132781.81 3749.99966337 4500.0
1512132781.91 3749.9996701 4500.0
1512132782.01 3749.9996767 4500.0
1512132782.11 3749.99968317 4500.0
1512132782.22 3749.9996895 4500.0
1512132782.31 3749.99969571 4500.0
1512132782.42 3749.9997018 4500.0
1512132782.5 3749.99970776 4500.0
1512132782.6 3749.99971361 4500.0
1512132782.69 3749.99971934 4500.0
1512132782.8 3749.99972495 4500.0
1512132782.89 3749.99973045 4500.0
1512132783.0 3749.99973584 4500.0
1512132783.09 3749.99974112 4500.0
1512132783.19 3749.9997463 4500.0
1512132783.29 3749.99975138 4500.0
1512132783.4 3749.99975635 4500.0
1512132783.49 3749.99976122 4500.0
1512132783.59 3749.999766 4500.0
1512132783.69 3749.99977068 4500.0
1512132783.8 3749.99977526 4500.0
1512132783.89 3749.99977976 4500.0
1512132783.99 3749.99978416 4500.0
1512132784.09 3749.99978848 4500.0
1512132784.19 3749.99979271 4500.0
1512132784.29 3749.99979686 4500.0
1512132784.39 3749.99980092 4500.0
1512132784.5 3749.9998049 4500.0
1512132784.59 3749.9998088 4500.0
1512132784.71 3749.99981263 4500.0
1512132784.8 3749.99981637 4500.0
1512132784.91 3749.99982005 4500.0
1512132785.01 3749.99982365 4500.0
1512132785.11 3749.99982717 4500.0
1512132785.21 3749.99983063 4500.0
1512132785.31 3749.99983402 4500.0
1512132785.42 3749.99983734 4500.0
1512132785.52 3749.99984059 4500.0
1512132785.63 3749.99984378 4500.0
1512132785.73 3749.9998469 4500.0
1512132785.82 3749.99984996 4500.0
1512132785.92 3749.99985296 4500.0
1512132786.02 3749.99985591 4500.0
1512132786.12 3749.99985879 4500.0
1512132786.21 3749.99986161 4500.0
1512132786.32 3749.99986438 4500.0
1512132786.42 3749.99986709 4500.0
1512132786.51 3749.99986975 4500.0
1512132786.61 3749.99987235 4500.0
1512132786.72 3749.99987491 4500.0
1512132786.82 3749.99987741 4500.0
1512132786.92 3749.99987986 4500.0
1512132787.02 3749.99988226 4500.0
1512132787.12 3749.99988462 4500.0
1512132787.22 3749.99988693 4500.0
1512132787.32 3749.99988919 4500.0
1512132787.41 3749.9998914 4500.0
1512132787.52 3749.99989358 4500.0
1512132787.62 3749.9998957 4500.0
1512132787.72 3749.99989779 4500.0
1512132787.82 3749.99989983 4500.0
1512132787.92 3749.99990184 4500.0
1512132788.03 3749.9999038 4500.0
1512132788.13 3749.99990573 4500.0
1512132788.23 3749.99990761 4500.0
1512132788.32 3749.99990946 4500.0
1512132788.42 3749.99991127 4500.0
1512132788.52 3749.99991304 4500.0
1512132788.62 3749.99991478 4500.0
1512132788.72 3749.99991649 4500.0
1512132788.83 3749.99991816 4500.0
1512132788.94 3749.99991979 4500.0
1512132789.03 3749.9999214 4500.0
1512132789.13 3749.99992297 4500.0
1512132789.23 3749.99992451 4500.0
1512132789.34 3749.99992602 4500.0
1512132789.45 3749.9999275 4500.0
1512132789.54 3749.99992895 4500.0
1512132789.64 3749.99993037 4500.0
1512132789.74 3749.99993176 4500.0
1512132789.86 3749.99993313 4500.0
1512132789.95 3749.99993447 4500.0
1512132790.06 3749.99993578 4500.0
1512132790.15 3749.99993706 4500.0
1512132790.26 3749.99993832 4500.0
1512132790.36 3749.99993955 4500.0
1512132790.45 3749.99994076 4500.0
1512132790.55 3749.99994195 4500.0
1512132790.66 3749.99994311 4500.0
1512132790.75 3749.99994425 4500.0
1512132790.85 3749.99994536 4500.0
1512132790.96 3749.99994645 4500.0
1512132791.05 3749.99994753 4500.0
1512132791.15 3749.99994857 4500.0
1512132791.25 3749.9999496 4500.0
1512132791.35 3749.99995061 4500.0
1512132791.45 3749.9999516 4500.0
1512132791.55 3749.99995257 4500.0
1512132791.65 3749.99995352 4500.0
1512132791.75 3749.99995445 4500.0
1512132791.85 3749.99995536 4500.0
1512132791.95 3749.99995625 4500.0
1512132792.05 3749.99995712 4500.0
1512132792.15 3749.99995798 4500.0
1512132792.25 3749.99995882 4500.0
1512132792.35 3749.99995965 4500.0
1512132792.45 3749.99996045 4500.0
1512132792.56 3749.99996124 4500.0
1512132792.65 3749.99996202 4500.0
1512132792.76 3749.99996278 4500.0
1512132792.85 3749.99996352 4500.0
1512132792.96 3749.99996425 4500.0
1512132793.06 3749.99996497 4500.0
1512132793.16 3749.99996567 4500.0
1512132793.26 3749.99996635 4500.0
1512132793.36 3749.99996703 4500.0
1512132793.47 3749.99996769 4500.0
1512132793.55 3749.99996833 4500.0
1512132793.66 3749.99996897 4500.0
1512132793.76 3749.99996959 4500.0
1512132793.87 3749.9999702 4500.0
1512132793.97 3749.99997079 4500.0
1512132794.07 3749.99997138 4500.0
1512132794.17 3749.99997195 4500.0
1512132794.28 3749.99997251 4500.0
1512132794.38 3749.99997306 4500.0
1512132794.47 3749.9999736 4500.0
1512132794.59 3749.99997413 4500.0
1512132794.69 3749.99997464 4500.0
1512132794.78 3749.99997515 4500.0
1512132794.89 3741.66664231 4500.0
1512132794.98 3733.49997613 4500.0
1512132795.09 3725.49664328 4500.0
1512132795.19 3717.65337708 4500.0
1512132795.28 3709.9669762 4500.0
1512132795.39 3702.43430335 4500.0
1512132795.49 3695.05228395 4500.0
1512132795.59 3687.81790493 4500.0
1512132795.7 3680.7282135 4500.0
1512132795.78 3673.7803159 4500.0
1512132795.89 3666.97137625 4500.0
1512132795.99 3660.29861539 4500.0
1512132796.1 3653.75930975 4500.0
1512132796.18 3647.35079022 4500.0
1512132796.28 3641.07044108 4500.0
1512132796.39 3634.91569893 4500.0
1512132796.49 3628.88405162 4500.0
1512132796.59 3622.97303725 4500.0
1512132796.69 3617.18024317 4500.0
1512132796.8 3611.50330497 4500.0
1512132796.89 3605.93990554 4500.0
1512132796.99 3600.4877741 4500.0
1512132797.09 3595.14468528 4500.0
1512132797.19 3589.90845824 4500.0
1512132797.29 3584.77695575 4500.0
1512132797.39 3579.7480833 4500.0
1512132797.49 3574.8197883 4500.0
1512132797.59 3569.9900592 4500.0
1512132797.69 3565.25692468 4500.0
1512132797.79 3560.61845285 4500.0
1512132797.89 3556.07275046 4500.0
1512132797.99 3551.61796212 4500.0
1512132798.1 3547.25226955 4500.0
1512132798.19 3542.97389082 4500.0
1512132798.29 3538.78107967 4500.0
1512132798.4 3534.67212474 4500.0
1512132798.49 3530.64534892 4500.0
1512132798.6 3526.6991086 4500.0
1512132798.7 3522.8317931 4500.0
1512132798.8 3519.0418239 4500.0
1512132798.89 3515.32765409 4500.0
1512132798.99 3511.68776768 4500.0
1512132799.09 3508.12067899 4500.0
1512132799.18 3504.62493208 4500.0
1512132799.29 3484.53243344 4500.0
1512132799.38 3464.84178477 4500.0
1512132799.48 3445.54494907 4500.0
1512132799.59 3426.63405009 4500.0
1512132799.69 3408.10136909 4500.0
1512132799.79 3389.93934171 4500.0
1512132799.89 3372.14055487 4500.0
1512132799.99 3354.69774378 4500.0
1512132800.09 3337.6037889 4500.0
1512132800.19 3320.85171312 4500.0
1512132800.29 3304.43467886 4500.0
1512132800.39 3288.34598528 4500.0
1512132800.49 3272.57906558 4500.0
1512132800.58 3257.12748427 4500.0
1512132800.68 3241.98493458 4500.0
1512132800.78 3227.14523589 4500.0
1512132800.88 3212.60233117 4500.0
1512132800.99 3198.35028455 4500.0
1512132801.09 3184.38327886 4500.0
1512132801.19 3170.69561328 4500.0
1512132801.33 3157.28170101 4500.0
1512132801.42 3144.13606699 4500.0
1512132801.56 3131.25334565 4500.0
1512132801.62 3118.62827874 4500.0
1512132801.73 3106.25571317 4500.0
1512132801.83 3094.1305989 4500.0
1512132801.92 3082.24798692 4500.0
1512132802.02 3070.60302719 4500.0
1512132802.12 3059.19096664 4500.0
1512132802.22 3048.00714731 4500.0
1512132802.33 3037.04700436 4500.0
1512132802.42 3026.30606428 4500.0
1512132802.52 3015.77994299 4500.0
1512132802.62 3005.46434413 4500.0
1512132802.72 2995.35505725 4500.0
1512132802.82 2985.4479561 4500.0
1512132802.92 2975.73899698 4500.0
1512132803.02 2966.22421704 4500.0
1512132803.12 2956.8997327 4500.0
1512132803.23 2947.76173805 4500.0
1512132803.33 2938.80650329 4500.0
1512132803.43 2930.03037322 4500.0
1512132803.57 2921.42976576 4500.0
1512132803.64 2913.00117044 4500.0
1512132803.74 2904.74114703 4500.0
1512132803.84 2896.64632409 4500.0
1512132803.93 2888.71339761 4500.0
1512132804.04 2880.93912966 4500.0
1512132804.13 2873.32034706 4500.0
1512132804.24 2865.85394012 4500.0
1512132804.34 2858.53686132 4500.0
1512132804.44 2851.36612409 4500.0
1512132804.54 2844.33880161 4500.0
1512132804.64 2837.45202558 4500.0
1512132804.74 2830.70298507 4500.0
1512132804.84 2824.08892537 4500.0
1512132804.94 2817.60714686 4500.0
1512132805.04 2811.25500392 4500.0
1512132805.14 2805.02990384 4500.0
1512132805.24 2798.92930577 4500.0
1512132805.34 2792.95071965 4500.0
1512132805.44 2787.09170526 4500.0
1512132805.61 2781.34987115 4500.0
1512132805.67 2775.72287373 4500.0
1512132805.77 2770.20841626 4500.0
1512132805.87 2764.80424793 4500.0
1512132805.97 2759.50816297 4500.0
1512132806.07 2754.31799971 4500.0
1512132806.17 2749.23163972 4500.0
1512132806.27 2744.24700692 4500.0
1512132806.37 2739.36206679 4500.0
1512132806.47 2734.57482545 4500.0
1512132806.57 2729.88332894 4500.0
1512132806.67 2725.28566236 4500.0
1512132806.77 2720.77994911 4500.0
1512132806.87 2716.36435013 4500.0
1512132806.97 2712.03706313 4500.0
1512132807.07 2707.79632187 4500.0
1512132807.17 2703.64039543 4500.0
1512132807.28 2699.56758752 4500.0
1512132807.37 2695.57623577 4500.0
1512132807.47 2691.66471106 4500.0
1512132807.57 2687.83141683 4500.0
1512132807.67 2684.0747885 4500.0
1512132807.78 2680.39329273 4500.0
1512132807.87 2676.78542687 4500.0
1512132807.98 2673.24971834 4500.0
1512132808.08 2669.78472397 4500.0
1512132808.17 2666.38902949 4500.0
1512132808.28 2663.0612489 4500.0
1512132808.37 2659.80002392 4500.0
1512132808.47 2656.60402344 4500.0
1512132808.57 2653.47194297 4500.0
1512132808.73 2650.40250411 4500.0
1512132808.8 2647.39445403 4500.0
1512132808.9 2644.44656495 4500.0
1512132809.0 2641.55763365 4500.0
1512132809.1 2638.72648098 4500.0
1512132809.2 2635.95195136 4500.0
1512132809.3 2633.23291233 4500.0
1512132809.4 2630.56825409 4500.0
1512132809.5 2627.956889 4500.0
1512132809.6 2625.39775122 4500.0
1512132809.71 2622.8897962 4500.0
1512132809.8 2620.43200028 4500.0
1512132809.9 2618.02336027 4500.0
1512132810.0 2615.66289307 4500.0
1512132810.11 2613.3496352 4500.0
1512132810.21 2611.0826425 4500.0
1512132810.3 2608.86098965 4500.0
1512132810.41 2606.68376986 4500.0
1512132810.51 2604.55009446 4500.0
1512132810.66 2602.45909257 4500.0
1512132810.73 2600.40991072 4500.0
1512132810.83 2598.4017125 4500.0
1512132810.93 2596.43367825 4500.0
1512132811.04 2594.50500469 4500.0
1512132811.14 2592.6149046 4500.0
1512132811.24 2590.7626065 4500.0
1512132811.35 2588.94735437 4500.0
1512132811.45 2587.16840729 4500.0
1512132811.55 2585.42503914 4500.0
1512132811.65 2583.71653836 4500.0
1512132811.76 2582.04220759 4500.0
1512132811.86 2580.40136344 4500.0
1512132812.0 2578.79333617 4500.0
1512132812.06 2577.21746945 4500.0
1512132812.17 2575.67312006 4500.0
1512132812.26 2574.15965766 4500.0
1512132812.38 2572.6764645 4500.0
1512132812.46 2571.22293521 4500.0
1512132812.61 2569.79847651 4500.0
1512132812.69 2568.40250698 4500.0
1512132812.78 2567.03445684 4500.0
1512132812.87 2565.6937677 4500.0
1512132812.98 2564.37989235 4500.0
1512132813.12 2563.0922945 4500.0
1512132813.18 2561.83044861 4500.0
1512132813.29 2560.59383964 4500.0
1512132813.39 2559.38196285 4500.0
1512132813.5 2558.19432359 4500.0
1512132813.66 2557.03043712 4500.0
1512132813.73 2555.88982838 4500.0
1512132813.83 2554.77203181 4500.0
1512132813.93 2553.67659117 4500.0
1512132814.1 2552.60305935 4500.0
1512132814.17 2551.55099816 4500.0
1512132814.28 2550.5199782 4500.0
1512132814.38 2549.50957863 4500.0
1512132814.47 2548.51938706 4500.0
1512132814.57 2547.54899932 4500.0
1512132814.68 2546.59801933 4500.0
1512132814.76 2545.66605895 4500.0
1512132814.87 2544.75273777 4500.0
1512132814.96 2543.85768301 4500.0
1512132815.07 2542.98052935 4500.0
1512132815.16 2542.12091877 4500.0
1512132815.26 2541.27850039 4500.0
1512132815.37 2540.45293038 4500.0
1512132815.47 2539.64387177 4500.0
1512132815.57 2538.85099434 4500.0
1512132815.67 2538.07397445 4500.0
1512132815.77 2537.31249496 4500.0
1512132815.87 2536.56624506 4500.0
1512132815.97 2535.83492016 4500.0
1512132816.07 2535.11822176 4500.0
1512132816.16 2534.41585732 4500.0
1512132816.26 2533.72754018 4500.0
1512132816.36 2533.05298937 4500.0
1512132816.54 2532.39192959 4500.0
1512132816.6 2531.744091 4500.0
1512132816.7 2531.10920918 4500.0
1512132816.88 2530.48702499 4500.0
1512132816.95 2529.87728449 4500.0
1512132817.05 2529.2797388 4500.0
1512132817.15 2528.69414403 4500.0
1512132817.25 2528.12026115 4500.0
1512132817.43 2527.55785592 4500.0
1512132817.51 2527.0066988 4500.0
1512132817.6 2526.46656483 4500.0
1512132817.72 2525.93723353 4500.0
1512132817.82 2525.41848886 4500.0
1512132817.9 2524.91011908 4500.0
1512132818.01 2524.4119167 4500.0
1512132818.11 2523.92367837 4500.0
1512132818.22 2523.4452048 4500.0
1512132818.3 2522.9763007 4500.0
1512132818.4 2522.51677469 4500.0
1512132818.5 2522.0664392 4500.0
1512132818.68 2521.62511041 4500.0
1512132818.76 2521.1926082 4500.0
1512132818.91 2520.76875604 4500.0
1512132818.99 2520.35338092 4500.0
1512132819.09 2519.9463133 4500.0
1512132819.18 2519.54738704 4500.0
1512132819.3 2519.15643929 4500.0
1512132819.39 2518.77331051 4500.0
1512132819.48 2518.3978443 4500.0
1512132819.67 2518.02988741 4500.0
1512132819.75 2517.66928966 4500.0
1512132819.85 2517.31590387 4500.0
1512132819.95 2516.96958579 4500.0
1512132820.13 2516.63019408 4500.0
1512132820.2 2516.2975902 4500.0
1512132820.3 2515.97163839 4500.0
1512132820.4 2515.65220562 4500.0
1512132820.56 2515.33916151 4500.0
1512132820.63 2515.03237828 4500.0
1512132820.73 2514.73173072 4500.0
1512132820.82 2514.4370961 4500.0
1512132820.93 2514.14835418 4500.0
1512132821.03 2513.8653871 4500.0
1512132821.12 2513.58807935 4500.0
1512132821.23 2513.31631777 4500.0
1512132821.33 2513.04999141 4500.0
1512132821.42 2512.78899158 4500.0
1512132821.52 2512.53321175 4500.0
1512132821.62 2512.28254752 4500.0
1512132821.73 2512.03689657 4500.0
1512132821.83 2511.79615864 4500.0
1512132821.93 2511.56023546 4500.0
1512132822.03 2511.32903075 4500.0
1512132822.13 2511.10245014 4500.0
1512132822.24 2510.88040114 4500.0
1512132822.39 2510.66279311 4500.0
1512132822.47 2510.44953725 4500.0
1512132822.6 2510.24054651 4500.0
1512132822.68 2510.03573558 4500.0
1512132822.78 2509.83502086 4500.0
1512132822.89 2509.63832045 4500.0
1512132822.98 2509.44555404 4500.0
1512132823.07 2509.25664296 4500.0
1512132823.18 2509.0715101 4500.0
1512132823.29 2508.8900799 4500.0
1512132823.38 2508.7122783 4500.0
1512132823.46 2508.53803273 4500.0
1512132823.56 2508.36727208 4500.0
1512132823.66 2508.19992664 4500.0
1512132823.76 2508.0359281 4500.0
1512132823.86 2507.87520954 4500.0
1512132823.96 2507.71770535 4500.0
1512132824.06 2507.56335124 4500.0
1512132824.16 2507.41208422 4500.0
1512132824.32 2507.26384253 4500.0
1512132824.39 2507.11856568 4500.0
1512132824.49 2506.97619437 4500.0
1512132824.59 2506.83667048 4500.0
1512132824.69 2506.69993707 4500.0
1512132824.79 2506.56593833 4500.0
1512132824.89 2506.43461956 4500.0
1512132824.99 2506.30592717 4500.0
1512132825.09 2506.17980863 4500.0
1512132825.19 2506.05621246 4500.0
1512132825.35 2505.93508821 4500.0
1512132825.43 2505.81638644 4500.0
1512132825.53 2505.70005871 4500.0
1512132825.62 2505.58605754 4500.0
1512132825.72 2505.47433639 4500.0
1512132825.83 2505.36484966 4500.0
1512132825.93 2505.25755267 4500.0
1512132826.03 2505.15240162 4500.0
1512132826.12 2505.04935358 4500.0
1512132826.23 2504.94836651 4500.0
1512132826.37 2504.84939918 4500.0
1512132826.44 2504.7524112 4500.0
1512132826.55 2504.65736297 4500.0
1512132826.69 2504.56421571 4500.0
1512132826.76 2504.4729314 4500.0
1512132826.86 2504.38347277 4500.0
1512132826.95 2504.29580332 4500.0
1512132827.06 2504.20988725 4500.0
1512132827.17 2504.12568951 4500.0
1512132827.27 2504.04317571 4500.0
1512132827.35 2503.9623122 4500.0
1512132827.46 2503.88306596 4500.0
1512132827.56 2503.80540464 4500.0
1512132827.67 2503.72929654 4500.0
1512132827.77 2503.65471061 4500.0
1512132827.93 2503.5816164 4500.0
1512132828.01 2503.50998407 4500.0
1512132828.09 2503.43978439 4500.0
1512132828.19 2503.3709887 4500.0
1512132828.29 2503.30356893 4500.0
1512132828.4 2503.23749755 4500.0
1512132828.49 2503.1727476 4500.0
1512132828.59 2503.10929265 4500.0
1512132828.7 2503.0471068 4500.0
1512132828.8 2502.98616466 4500.0
1512132828.96 2502.92644137 4500.0
1512132829.03 2502.86791254 4500.0
1512132829.13 2502.81055429 4500.0
1512132829.23 2502.7543432 4500.0
1512132829.33 2502.69925634 4500.0
1512132829.42 2502.64527121 4500.0
1512132829.52 2502.59236579 4500.0
1512132829.62 2502.54051847 4500.0
1512132829.72 2502.4897081 4500.0
1512132829.83 2502.43991394 4500.0
1512132829.93 2502.39111566 4500.0
1512132830.04 2502.34329335 4500.0
1512132830.12 2502.29642748 4500.0
1512132830.23 2502.25049893 4500.0
1512132830.32 2502.20548895 4500.0
1512132830.51 2502.16137917 4500.0
1512132830.59 2502.11815159 4500.0
1512132830.68 2502.07578856 4500.0
1512132830.78 2502.03427279 4500.0
1512132830.89 2501.99358733 4500.0
1512132831.04 2501.95371559 4500.0
1512132831.11 2501.91464127 4500.0
1512132831.26 2501.87634845 4500.0
1512132831.33 2501.83882148 4500.0
1512132831.43 2501.80204505 4500.0
1512132831.53 2501.76600415 4500.0
1512132831.7 2501.73068407 4500.0
1512132831.78 2501.69607038 4500.0
1512132831.88 2501.66214898 4500.0
1512132831.97 2501.628906 4500.0
1512132832.09 2501.59632788 4500.0
1512132832.19 2501.56440132 4500.0
1512132832.28 2501.53311329 4500.0
1512132832.37 2501.50245103 4500.0
1512132832.47 2501.47240201 4500.0
1512132832.57 2501.44295397 4500.0
1512132832.68 2501.41409489 4500.0
1512132832.77 2501.38581299 4500.0
1512132832.87 2501.35809673 4500.0
1512132832.97 2501.3309348 4500.0
1512132833.08 2501.3043161 4500.0
1512132833.18 2501.27822978 4500.0
1512132833.28 2501.25266518 4500.0
1512132833.37 2501.22761188 4500.0
1512132833.47 2501.20305964 4500.0
1512132833.57 2501.17899845 4500.0
1512132833.67 2501.15541848 4500.0
1512132833.78 2501.13231011 4500.0
1512132833.87 2501.10966391 4500.0
1512132833.97 2501.08747063 4500.0
1512132834.07 2501.06572122 4500.0
1512132834.17 2501.04440679 4500.0
1512132834.28 2501.02351866 4500.0
1512132834.38 2501.00304828 4500.0
1512132834.54 2500.98298732 4500.0
1512132834.6 2500.96332757 4500.0
1512132834.7 2500.94406102 4500.0
1512132834.81 2500.9251798 4500.0
1512132834.91 2500.9066762 4500.0
1512132835.01 2500.88854268 4500.0
1512132835.11 2500.87077183 4500.0
1512132835.2 2500.85335639 4500.0
1512132835.31 2500.83628926 4500.0
1512132835.45 2500.81956348 4500.0
1512132835.52 2500.80317221 4500.0
1512132835.65 2500.78710876 4500.0
1512132835.72 2500.77136659 4500.0
1512132835.88 2500.75593926 4500.0
1512132835.96 2500.74082047 4500.0
1512132836.06 2500.72600406 4500.0
1512132836.15 2500.71148398 4500.0
1512132836.26 2500.6972543 4500.0
1512132836.36 2500.68330921 4500.0
1512132836.46 2500.66964303 4500.0
1512132836.56 2500.65625017 4500.0
1512132836.66 2500.64312517 4500.0
1512132836.76 2500.63026266 4500.0
1512132836.86 2500.61765741 4500.0
1512132836.97 2500.60530426 4500.0
1512132837.06 2500.59319818 4500.0
1512132837.16 2500.58133421 4500.0
1512132837.26 2500.56970753 4500.0
1512132837.37 2500.55831338 4500.0
1512132837.46 2500.54714711 4500.0
1512132837.62 2500.53620417 4500.0
1512132837.69 2500.52548008 4500.0
1512132837.78 2500.51497048 4500.0
1512132837.89 2500.50467107 4500.0
1512132837.99 2500.49457765 4500.0
1512132838.1 2500.4846861 4500.0
1512132838.19 2500.47499238 4500.0
1512132838.29 2500.46549253 4500.0
1512132838.45 2500.45618268 4500.0
1512132838.53 2500.44705902 4500.0
1512132838.63 2500.43811784 4500.0
1512132838.73 2500.42935549 4500.0
1512132838.83 2500.42076838 4500.0
1512132838.94 2500.41235301 4500.0
1512132839.03 2500.40410595 4500.0
1512132839.13 2500.39602383 4500.0
1512132839.23 2500.38810335 4500.0
1512132839.33 2500.38034129 4500.0
1512132839.43 2500.37273446 4500.0
1512132839.53 2500.36527977 4500.0
1512132839.62 2500.35797418 4500.0
1512132839.73 2500.35081469 4500.0
1512132839.83 2500.3437984 4500.0
1512132839.92 2500.33692243 4500.0
1512132840.03 2500.33018398 4500.0
1512132840.13 2500.3235803 4500.0
1512132840.22 2500.3171087 4500.0
1512132840.34 2500.31076652 4500.0
1512132840.44 2500.30455119 4500.0
1512132840.54 2500.29846017 4500.0
1512132840.64 2500.29249097 4500.0
1512132840.74 2500.28664115 4500.0
1512132840.83 2500.28090832 4500.0
1512132840.94 2500.27529016 4500.0
1512132841.05 2500.26978435 4500.0
1512132841.14 2500.26438867 4500.0
1512132841.28 2500.25910089 4500.0
1512132841.36 2500.25391888 4500.0
1512132841.44 2500.2488405 4500.0
1512132841.54 2500.24386369 4500.0
1512132841.7 2500.23898641 4500.0
1512132841.78 2500.23420669 4500.0
1512132841.88 2500.22952255 4500.0
1512132841.98 2500.2249321 4500.0
1512132842.08 2500.22043346 4500.0
1512132842.17 2500.21602479 4500.0
1512132842.27 2500.21170429 4500.0
1512132842.38 2500.20747021 4500.0
1512132842.56 2500.2033208 4500.0
1512132842.63 2500.19925439 4500.0
1512132842.74 2500.1952693 4500.0
1512132842.83 2500.19136391 4500.0
1512132842.93 2500.18753664 4500.0
1512132843.03 2500.1837859 4500.0
1512132843.13 2500.18011019 4500.0
1512132843.24 2500.17650798 4500.0
1512132843.33 2500.17297782 4500.0
1512132843.44 2500.16951827 4500.0
1512132843.53 2500.1661279 4500.0
1512132843.63 2500.16280534 4500.0
1512132843.72 2500.15954924 4500.0
1512132843.82 2500.15635825 4500.0
1512132843.93 2500.15323109 4500.0
1512132844.03 2500.15016646 4500.0
1512132844.12 2500.14716313 4500.0
1512132844.23 2500.14421987 4500.0
1512132844.33 2500.14133547 4500.0
1512132844.43 2500.13850876 4500.0
1512132844.53 2500.13573859 4500.0
1512132844.63 2500.13302382 4500.0
1512132844.73 2500.13036334 4500.0
1512132844.83 2500.12775607 4500.0
1512132844.93 2500.12520095 4500.0
1512132845.03 2500.12269693 4500.0
1512132845.13 2500.120243 4500.0
1512132845.23 2500.11783814 4500.0
1512132845.34 2500.11548137 4500.0
1512132845.44 2500.11317175 4500.0
1512132845.53 2500.11090831 4500.0
1512132845.64 2500.10869014 4500.0
1512132845.74 2500.10651634 4500.0
1512132845.83 2500.10438601 4500.0
1512132845.94 2500.10229829 4500.0
1512132846.03 2500.10025233 4500.0
1512132846.13 2500.09824728 4500.0
1512132846.24 2500.09628234 4500.0
1512132846.34 2500.09435669 4500.0
1512132846.44 2500.09246956 4500.0
1512132846.54 2500.09062016 4500.0
1512132846.65 2500.08880776 4500.0
1512132846.74 2500.08703161 4500.0
1512132846.85 2500.08529097 4500.0
1512132846.93 2500.08358515 4500.0
1512132847.04 2500.08191345 4500.0
1512132847.13 2500.08027518 4500.0
1512132847.24 2500.07866968 4500.0
1512132847.34 2500.07709629 4500.0
1512132847.44 2500.07555436 4500.0
1512132847.54 2500.07404327 4500.0
1512132847.63 2500.07256241 4500.0
1512132847.73 2500.07111116 4500.0
1512132847.84 2500.06968894 4500.0
1512132848.0 2500.06829516 4500.0
1512132848.07 2500.06692925 4500.0
1512132848.17 2500.06559067 4500.0
1512132848.27 2500.06427886 4500.0
1512132848.37 2500.06299328 4500.0
1512132848.47 2500.06173341 4500.0
1512132848.57 2500.06049874 4500.0
1512132848.67 2500.05928877 4500.0
1512132848.77 2500.05810299 4500.0
1512132848.87 2500.05694093 4500.0
1512132848.97 2500.05580212 4500.0
1512132849.07 2500.05468607 4500.0
1512132849.17 2500.05359235 4500.0
1512132849.27 2500.0525205 4500.0
1512132849.43 2500.05147009 4500.0
1512132849.5 2500.05044069 4500.0
1512132849.59 2500.04943188 4500.0
1512132849.69 2500.04844324 4500.0
1512132849.8 2500.04747438 4500.0
1512132849.91 2500.04652489 4500.0
1512132850.0 2500.04559439 4500.0
1512132850.16 2500.0446825 4500.0
1512132850.23 2500.04378885 4500.0
1512132850.32 2500.04291308 4500.0
1512132850.43 2500.04205481 4500.0
1512132850.6 2500.04121372 4500.0
1512132850.67 2500.04038944 4500.0
1512132850.77 2500.03958166 4500.0
1512132850.92 2500.03879002 4500.0
1512132850.99 2500.03801422 4500.0
1512132851.09 2500.03725394 4500.0
1512132851.19 2500.03650886 4500.0
1512132851.3 2500.03577868 4500.0
1512132851.46 2500.03506311 4500.0
1512132851.54 2500.03436185 4500.0
1512132851.64 2500.03367461 4500.0
1512132851.73 2500.03300112 4500.0
1512132851.87 2500.03234109 4500.0
1512132851.93 2500.03169427 4500.0
1512132852.02 2500.03106039 4500.0
1512132852.13 2500.03043918 4500.0
1512132852.23 2500.0298304 4500.0
1512132852.33 2500.02923379 4500.0
1512132852.43 2500.02864911 4500.0
1512132852.53 2500.02807613 4500.0
1512132852.63 2500.02751461 4500.0
1512132852.74 2500.02696431 4500.0
1512132852.84 2500.02642503 4500.0
1512132852.94 2500.02589653 4500.0
1512132853.04 2500.0253786 4500.0
1512132853.13 2500.02487103 4500.0
1512132853.23 2500.0243736 4500.0
1512132853.33 2500.02388613 4500.0
1512132853.43 2500.02340841 4500.0
1512132853.53 2500.02294024 4500.0
1512132853.64 2500.02248144 4500.0
1512132853.73 2500.02203181 4500.0
1512132853.84 2500.02159117 4500.0
1512132853.94 2500.02115935 4500.0
1512132854.03 2500.02073616 4500.0
1512132854.14 2500.02032144 4500.0
1512132854.29 2500.01991501 4500.0
1512132854.36 2500.01951671 4500.0
1512132854.49 2500.01912638 4500.0
1512132854.57 2500.01874385 4500.0
1512132854.66 2500.01836897 4500.0
1512132854.76 2500.01800159 4500.0
1512132854.87 2500.01764156 4500.0
1512132854.97 2500.01728873 4500.0
1512132855.07 2500.01694295 4500.0
1512132855.16 2500.01660409 4500.0
1512132855.27 2500.01627201 4500.0
1512132855.37 2500.01594657 4500.0
1512132855.46 2500.01562764 4500.0
1512132855.56 2500.01531509 4500.0
1512132855.68 2500.01500879 4500.0
1512132855.78 2500.01470861 4500.0
1512132855.87 2500.01441444 4500.0
1512132855.97 2500.01412615 4500.0
1512132856.07 2500.01384363 4500.0
1512132856.17 2500.01356675 4500.0
1512132856.27 2500.01329542 4500.0
1512132856.37 2500.01302951 4500.0
1512132856.47 2500.01276892 4500.0
1512132856.57 2500.01251354 4500.0
1512132856.67 2500.01226327 4500.0
1512132856.77 2500.01201801 4500.0
1512132856.87 2500.01177765 4500.0
1512132856.97 2500.01154209 4500.0
1512132857.07 2500.01131125 4500.0
1512132857.17 2500.01108503 4500.0
1512132857.27 2500.01086333 4500.0
1512132857.37 2500.01064606 4500.0
1512132857.47 2500.01043314 4500.0
1512132857.57 2500.01022448 4500.0
1512132857.67 2500.01001999 4500.0
1512132857.77 2500.00981959 4500.0
1512132857.88 2500.00962319 4500.0
1512132858.05 2500.00943073 4500.0
1512132858.13 2500.00924212 4500.0
1512132858.23 2500.00905727 4500.0
1512132858.32 2500.00887613 4500.0
1512132858.47 2500.00869861 4500.0
1512132858.54 2500.00852463 4500.0
1512132858.64 2500.00835414 4500.0
1512132858.73 2500.00818706 4500.0
1512132858.83 2500.00802332 4500.0
1512132858.93 2500.00786285 4500.0
1512132859.04 2500.00770559 4500.0
1512132859.18 2500.00755148 4500.0
1512132859.27 2500.00740045 4500.0
1512132859.36 2500.00725244 4500.0
1512132859.46 2500.00710739 4500.0
1512132859.56 2500.00696525 4500.0
1512132859.67 2500.00682594 4500.0
1512132859.84 2500.00668942 4500.0
1512132859.91 2500.00655563 4500.0
1512132860.0 2500.00642452 4500.0
1512132860.11 2500.00629603 4500.0
1512132860.21 2500.00617011 4500.0
1512132860.3 2500.00604671 4500.0
1512132860.4 2500.00592577 4500.0
1512132860.51 2500.00580726 4500.0
1512132860.61 2500.00569111 4500.0
1512132860.71 2500.00557729 4500.0
1512132860.8 2500.00546575 4500.0
1512132860.9 2500.00535643 4500.0
1512132861.0 2500.0052493 4500.0
1512132861.1 2500.00514432 4500.0
1512132861.21 2500.00504143 4500.0
1512132861.3 2500.0049406 4500.0
1512132861.4 2500.00484179 4500.0
1512132861.5 2500.00474495 4500.0
1512132861.61 2500.00465005 4500.0
1512132861.71 2500.00455705 4500.0
1512132861.81 2500.00446591 4500.0
1512132861.91 2500.00437659 4500.0
1512132862.01 2500.00428906 4500.0
1512132862.11 2500.00420328 4500.0
1512132862.21 2500.00411921 4500.0
1512132862.31 2500.00403683 4500.0
1512132862.41 2500.00395609 4500.0
1512132862.52 2500.00387697 4500.0
1512132862.62 2500.00379943 4500.0
1512132862.71 2500.00372344 4500.0
1512132862.82 2500.00364897 4500.0
1512132862.93 2500.003576 4500.0
1512132863.03 2500.00350448 4500.0
1512132863.12 2500.00343439 4500.0
1512132863.22 2500.0033657 4500.0
1512132863.32 2500.00329838 4500.0
1512132863.42 2500.00323242 4500.0
1512132863.52 2500.00316777 4500.0
1512132863.62 2500.00310441 4500.0
1512132863.72 2500.00304232 4500.0
1512132863.83 2500.00298148 4500.0
1512132863.92 2500.00292185 4500.0
1512132864.02 2500.00286341 4500.0
1512132864.12 2500.00280614 4500.0
1512132864.23 2500.00275002 4500.0
1512132864.32 2500.00269502 4500.0
1512132864.42 2500.00264112 4500.0
1512132864.52 2500.0025883 4500.0
1512132864.62 2500.00253653 4500.0
1512132864.72 2500.0024858 4500.0
1512132864.82 2500.00243608 4500.0
1512132864.92 2500.00238736 4500.0
1512132865.02 2500.00233962 4500.0
1512132865.12 2500.00229282 4500.0
1512132865.22 2500.00224697 4500.0
1512132865.33 2500.00220203 4500.0
1512132865.42 2500.00215799 4500.0
1512132865.52 2500.00211483 4500.0
1512132865.63 2500.00207253 4500.0
1512132865.73 2500.00203108 4500.0
1512132865.83 2500.00199046 4500.0
1512132865.93 2500.00195065 4500.0
1512132866.03 2500.00191164 4500.0
1512132866.13 2500.0018734 4500.0
1512132866.23 2500.00183594 4500.0
1512132866.33 2500.00179922 4500.0
1512132866.43 2500.00176323 4500.0
1512132866.53 2500.00172797 4500.0
1512132866.63 2500.00169341 4500.0
1512132866.73 2500.00165954 4500.0
1512132866.83 2500.00162635 4500.0
1512132866.93 2500.00159382 4500.0
1512132867.03 2500.00156195 4500.0
1512132867.13 2500.00153071 4500.0
1512132867.23 2500.00150009 4500.0
1512132867.33 2500.00147009 4500.0
1512132867.43 2500.00144069 4500.0
1512132867.53 2500.00141188 4500.0
1512132867.63 2500.00138364 4500.0
1512132867.73 2500.00135597 4500.0
1512132867.83 2500.00132885 4500.0
1512132867.93 2500.00130227 4500.0
1512132868.03 2500.00127622 4500.0
1512132868.14 2500.0012507 4500.0
1512132868.23 2500.00122569 4500.0
1512132868.33 2500.00120117 4500.0
1512132868.43 2500.00117715 4500.0
1512132868.54 2500.00115361 4500.0
1512132868.64 2500.00113053 4500.0
1512132868.74 2500.00110792 4500.0
1512132868.84 2500.00108576 4500.0
1512132868.94 2500.00106405 4500.0
1512132869.04 2500.00104277 4500.0
1512132869.15 2500.00102191 4500.0
1512132869.25 2500.00100147 4500.0
1512132869.35 2500.00098144 4500.0
1512132869.44 2500.00096182 4500.0
1512132869.54 2500.00094258 4500.0
1512132869.64 2500.00092373 4500.0
1512132869.74 2500.00090525 4500.0
1512132869.85 2500.00088715 4500.0
1512132869.95 2500.00086941 4500.0
1512132870.04 2500.00085202 4500.0
1512132870.15 2500.00083498 4500.0
1512132870.24 2500.00081828 4500.0
1512132870.34 2500.00080191 4500.0
1512132870.44 2500.00078587 4500.0
1512132870.54 2500.00077016 4500.0
1512132870.64 2500.00075475 4500.0
1512132870.74 2500.00073966 4500.0
1512132870.84 2500.00072486 4500.0
1512132870.95 2500.00071037 4500.0
1512132871.05 2500.00069616 4500.0
1512132871.15 2500.00068224 4500.0
1512132871.24 2500.00066859 4500.0
1512132871.34 2500.00065522 4500.0
1512132871.45 2500.00064212 4500.0
1512132871.55 2500.00062927 4500.0
1512132871.65 2500.00061669 4500.0
1512132871.75 2500.00060435 4500.0
1512132871.85 2500.00059227 4500.0
1512132871.95 2500.00058042 4500.0
1512132872.05 2500.00056881 4500.0
1512132872.15 2500.00055744 4500.0
1512132872.25 2500.00054629 4500.0
1512132872.36 2500.00053536 4500.0
1512132872.46 2500.00052466 4500.0
1512132872.56 2500.00051416 4500.0
1512132872.66 2500.00050388 4500.0
1512132872.76 2500.0004938 4500.0
1512132872.86 2500.00048393 4500.0
1512132872.96 2500.00047425 4500.0
1512132873.06 2500.00046476 4500.0
1512132873.16 2500.00045547 4500.0
1512132873.26 2500.00044636 4500.0
1512132873.36 2500.00043743 4500.0
1512132873.46 2500.00042868 4500.0
1512132873.57 2500.00042011 4500.0
1512132873.66 2500.00041171 4500.0
1512132873.76 2500.00040347 4500.0
1512132873.86 2500.0003954 4500.0
1512132873.96 2500.00038749 4500.0
1512132874.06 2500.00037974 4500.0
1512132874.16 2500.00037215 4500.0
1512132874.26 2500.00036471 4500.0
1512132874.37 2500.00035741 4500.0
1512132874.47 2500.00035026 4500.0
1512132874.57 2500.00034326 4500.0
1512132874.67 2500.00033639 4500.0
1512132874.77 2500.00032967 4500.0
1512132874.86 2500.00032307 4500.0
1512132874.96 2500.00031661 4500.0
1512132875.06 2500.00031028 4500.0
1512132875.17 2500.00030407 4500.0
1512132875.27 2500.00029799 4500.0
1512132875.37 2500.00029203 4500.0
1512132875.47 2500.00028619 4500.0
1512132875.57 2500.00028047 4500.0
1512132875.67 2500.00027486 4500.0
1512132875.77 2500.00026936 4500.0
1512132875.87 2500.00026397 4500.0
1512132875.96 2500.00025869 4500.0
1512132876.07 2500.00025352 4500.0
1512132876.16 2500.00024845 4500.0
1512132876.27 2500.00024348 4500.0
1512132876.37 2500.00023861 4500.0
1512132876.46 2500.00023384 4500.0
1512132876.56 2500.00022916 4500.0
1512132876.66 2500.00022458 4500.0
1512132876.77 2500.00022009 4500.0
1512132876.86 2500.00021569 4500.0
1512132876.97 2500.00021137 4500.0
1512132877.07 2500.00020714 4500.0
1512132877.17 2500.000203 4500.0
1512132877.27 2500.00019894 4500.0
1512132877.37 2500.00019496 4500.0
1512132877.47 2500.00019106 4500.0
1512132877.57 2500.00018724 4500.0
1512132877.67 2500.0001835 4500.0
1512132877.77 2500.00017983 4500.0
1512132877.87 2500.00017623 4500.0
1512132877.97 2500.00017271 4500.0
1512132878.07 2500.00016925 4500.0
1512132878.17 2500.00016587 4500.0
1512132878.27 2500.00016255 4500.0
1512132878.37 2500.0001593 4500.0
1512132878.47 2500.00015611 4500.0
1512132878.58 2500.00015299 4500.0
1512132878.68 2500.00014993 4500.0
1512132878.78 2500.00014693 4500.0
1512132878.88 2500.00014399 4500.0
1512132878.98 2500.00014111 4500.0
1512132879.08 2500.00013829 4500.0
1512132879.18 2500.00013553 4500.0
1512132879.28 2500.00013282 4500.0
1512132879.38 2500.00013016 4500.0
1512132879.48 2500.00012756 4500.0
1512132879.59 2500.000125 4500.0
1512132879.69 2500.0001225 4500.0
1512132879.79 2500.00012005 4500.0
1512132879.9 2500.00011765 4500.0
1512132880.0 2500.0001153 4500.0
1512132880.1 2500.00011299 4500.0
1512132880.2 2500.00011073 4500.0
1512132880.3 2500.00010852 4500.0
1512132880.41 2500.00010635 4500.0
1512132880.5 2500.00010422 4500.0
1512132880.61 2500.00010214 4500.0
1512132880.71 2500.00010009 4500.0
1512132880.81 2500.00009809 4500.0
1512132880.91 2500.00009613 4500.0
1512132881.01 2500.00009421 4500.0
1512132881.11 2500.00009232 4500.0
1512132881.21 2500.00009048 4500.0
1512132881.31 2500.00008867 4500.0
1512132881.41 2500.0000869 4500.0
1512132881.52 2500.00008516 4500.0
1512132881.63 2500.00008345 4500.0
1512132881.72 2500.00008178 4500.0
1512132881.82 2500.00008015 4500.0
1512132881.93 2500.00007855 4500.0
1512132882.03 2500.00007698 4500.0
1512132882.14 2500.00007544 4500.0
1512132882.23 2500.00007393 4500.0
1512132882.33 2500.00007245 4500.0
1512132882.43 2500.000071 4500.0
1512132882.54 2500.00006958 4500.0
1512132882.64 2500.00006819 4500.0
1512132882.74 2500.00006682 4500.0
1512132882.85 2500.00006549 4500.0
1512132882.94 2500.00006418 4500.0
1512132883.05 2500.00006289 4500.0
1512132883.14 2500.00006164 4500.0
1512132883.24 2500.0000604 4500.0
1512132883.34 2500.0000592 4500.0
1512132883.44 2500.00005801 4500.0
1512132883.54 2500.00005685 4500.0
1512132883.64 2500.00005571 4500.0
1512132883.73 2500.0000546 4500.0
1512132883.84 2500.00005351 4500.0
1512132883.96 2500.00005244 4500.0
1512132884.05 2500.00005139 4500.0
1512132884.14 2500.00005036 4500.0
1512132884.24 2500.00004935 4500.0
1512132884.34 2500.00004837 4500.0
1512132884.44 2500.0000474 4500.0
1512132884.54 2500.00004645 4500.0
1512132884.64 2500.00004552 4500.0
1512132884.74 2500.00004461 4500.0
1512132884.84 2500.00004372 4500.0
1512132884.94 2500.00004285 4500.0
1512132885.04 2500.00004199 4500.0
1512132885.14 2500.00004115 4500.0
1512132885.24 2500.00004033 4500.0
1512132885.34 2500.00003952 4500.0
1512132885.44 2500.00003873 4500.0
1512132885.54 2500.00003795 4500.0
1512132885.64 2500.0000372 4500.0
1512132885.74 2500.00003645 4500.0
1512132885.84 2500.00003572 4500.0
1512132885.94 2500.00003501 4500.0
1512132886.04 2500.00003431 4500.0
1512132886.15 2500.00003362 4500.0
1512132886.25 2500.00003295 4500.0
1512132886.34 2500.00003229 4500.0
1512132886.44 2500.00003164 4500.0
1512132886.54 2500.00003101 4500.0
1512132886.65 2500.00003039 4500.0
1512132886.74 2500.00002978 4500.0
1512132886.84 2500.00002919 4500.0
1512132886.94 2500.0000286 4500.0
1512132887.05 2500.00002803 4500.0
1512132887.15 2500.00002747 4500.0
1512132887.25 2500.00002692 4500.0
1512132887.35 2500.00002638 4500.0
1512132887.45 2500.00002586 4500.0
1512132887.55 2500.00002534 4500.0
1512132887.66 2500.00002483 4500.0
1512132887.75 2500.00002434 4500.0
1512132887.86 2500.00002385 4500.0
1512132887.95 2500.00002337 4500.0
1512132888.06 2500.0000229 4500.0
1512132888.16 2500.00002245 4500.0
1512132888.25 2500.000022 4500.0
1512132888.35 2500.00002156 4500.0
1512132888.45 2500.00002113 4500.0
1512132888.54 2500.0000207 4500.0
1512132888.65 2500.00002029 4500.0
1512132888.74 2500.00001988 4500.0
1512132888.85 2500.00001949 4500.0
1512132888.95 2500.0000191 4500.0
1512132889.05 2500.00001871 4500.0
1512132889.15 2500.00001834 4500.0
1512132889.25 2500.00001797 4500.0
1512132889.35 2500.00001761 4500.0
1512132889.45 2500.00001726 4500.0
1512132889.55 2500.00001692 4500.0
1512132889.65 2500.00001658 4500.0
1512132889.75 2500.00001625 4500.0
1512132889.85 2500.00001592 4500.0
1512132889.95 2500.0000156 4500.0
1512132890.05 2500.00001529 4500.0
1512132890.15 2500.00001499 4500.0
1512132890.25 2500.00001469 4500.0
1512132890.35 2500.00001439 4500.0
1512132890.46 2500.0000141 4500.0
1512132890.56 2500.00001382 4500.0
1512132890.66 2500.00001355 4500.0
1512132890.76 2500.00001327 4500.0
1512132890.86 2500.00001301 4500.0
1512132890.96 2500.00001275 4500.0
1512132891.07 2500.00001249 4500.0
1512132891.16 2500.00001224 4500.0
1512132891.25 2500.000012 4500.0
1512132891.36 2500.00001176 4500.0
1512132891.46 2500.00001152 4500.0
1512132891.56 2500.00001129 4500.0
1512132891.66 2500.00001107 4500.0
1512132891.76 2500.00001085 4500.0
1512132891.85 2500.00001063 4500.0
1512132891.96 2500.00001042 4500.0
1512132892.05 2500.00001021 4500.0
1512132892.16 2500.00001 4500.0
1512132892.25 2500.0000098 4500.0
1512132892.36 2500.00000961 4500.0
1512132892.46 2500.00000942 4500.0
1512132892.55 2500.00000923 4500.0
1512132892.66 2500.00000904 4500.0
1512132892.76 2500.00000886 4500.0
1512132892.86 2500.00000868 4500.0
1512132892.95 2500.00000851 4500.0
1512132893.06 2500.00000834 4500.0
1512132893.16 2500.00000817 4500.0
1512132893.26 2500.00000801 4500.0
1512132893.36 2500.00000785 4500.0
1512132893.46 2500.00000769 4500.0
1512132893.56 2500.00000754 4500.0
1512132893.65 2500.00000739 4500.0
1512132893.76 2500.00000724 4500.0
1512132893.86 2500.0000071 4500.0
1512132893.96 2500.00000695 4500.0
1512132894.06 2500.00000682 4500.0
1512132894.16 2500.00000668 4500.0
1512132894.26 2500.00000655 4500.0
1512132894.35 2500.00000641 4500.0
1512132894.46 2500.00000629 4500.0
1512132894.56 2500.00000616 4500.0
1512132894.65 2500.00000604 4500.0
1512132894.76 2500.00000592 4500.0
1512132894.86 2500.0000058 4500.0
1512132894.96 2500.00000568 4500.0
1512132895.06 2500.00000557 4500.0
1512132895.16 2500.00000546 4500.0
1512132895.26 2500.00000535 4500.0
1512132895.36 2500.00000524 4500.0
1512132895.46 2500.00000514 4500.0
1512132895.56 2500.00000503 4500.0
1512132895.67 2500.00000493 4500.0
1512132895.77 2500.00000483 4500.0
1512132895.87 2500.00000474 4500.0
1512132895.97 2500.00000464 4500.0
1512132896.07 2500.00000455 4500.0
1512132896.18 2500.00000446 4500.0
1512132896.28 2500.00000437 4500.0
1512132896.38 2500.00000428 4500.0
1512132896.48 2500.0000042 4500.0
1512132896.58 2500.00000411 4500.0
1512132896.68 2500.00000403 4500.0
1512132896.78 2500.00000395 4500.0
1512132896.89 2500.00000387 4500.0
1512132896.99 2500.00000379 4500.0
1512132897.09 2500.00000372 4500.0
1512132897.18 2500.00000364 4500.0
1512132897.28 2500.00000357 4500.0
1512132897.38 2500.0000035 4500.0
1512132897.48 2500.00000343 4500.0
1512132897.58 2500.00000336 4500.0
1512132897.68 2500.00000329 4500.0
1512132897.78 2500.00000323 4500.0
1512132897.88 2500.00000316 4500.0
1512132897.98 2500.0000031 4500.0
1512132898.08 2500.00000304 4500.0
1512132898.18 2500.00000298 4500.0
1512132898.28 2500.00000292 4500.0
1512132898.38 2500.00000286 4500.0
1512132898.48 2500.0000028 4500.0
1512132898.58 2500.00000275 4500.0
1512132898.68 2500.00000269 4500.0
1512132898.78 2500.00000264 4500.0
1512132898.88 2500.00000258 4500.0
1512132898.98 2500.00000253 4500.0
1512132899.08 2500.00000248 4500.0
1512132899.18 2500.00000243 4500.0
1512132899.28 2500.00000238 4500.0
1512132899.38 2500.00000234 4500.0
1512132899.48 2500.00000229 4500.0
1512132899.58 2500.00000224 4500.0
1512132899.68 2500.0000022 4500.0
1512132899.78 2500.00000215 4500.0
1512132899.88 2500.00000211 4500.0
1512132899.98 2500.00000207 4500.0
1512132900.08 2500.00000203 4500.0
1512132900.18 2500.00000199 4500.0
1512132900.28 2500.00000195 4500.0
1512132900.38 2500.00000191 4500.0
1512132900.48 2500.00000187 4500.0
1512132900.58 2500.00000183 4500.0
1512132900.68 2500.0000018 4500.0
1512132900.79 2500.00000176 4500.0
1512132900.89 2500.00000173 4500.0
1512132900.99 2500.00000169 4500.0
1512132901.09 2500.00000166 4500.0
1512132901.19 2500.00000162 4500.0
1512132901.29 2500.00000159 4500.0
1512132901.39 2500.00000156 4500.0
1512132901.49 2500.00000153 4500.0
1512132901.6 2500.0000015 4500.0
1512132901.7 2500.00000147 4500.0
1512132901.81 2500.00000144 4500.0
1512132901.9 2500.00000141 4500.0
1512132902.0 2500.00000138 4500.0
1512132902.1 2500.00000135 4500.0
1512132902.21 2500.00000133 4500.0
1512132902.3 2500.0000013 4500.0
1512132902.4 2500.00000127 4500.0
1512132902.5 2500.00000125 4500.0
1512132902.6 2500.00000122 4500.0
1512132902.7 2500.0000012 4500.0
1512132902.8 2500.00000118 4500.0
1512132902.9 2500.00000115 4500.0
1512132903.0 2500.00000113 4500.0
1512132903.1 2500.00000111 4500.0
1512132903.2 2500.00000108 4500.0
1512132903.3 2500.00000106 4500.0
1512132903.4 2500.00000104 4500.0
1512132903.5 2500.00000102 4500.0
1512132903.6 2500.000001 4500.0
1512132903.7 2500.00000098 4500.0
1512132903.8 2500.00000096 4500.0
1512132903.9 2500.00000094 4500.0
1512132904.0 2500.00000092 4500.0
1512132904.1 2500.0000009 4500.0
1512132904.2 2500.00000089 4500.0
1512132904.3 2500.00000087 4500.0
1512132904.4 2500.00000085 4500.0
1512132904.5 2500.00000083 4500.0
1512132904.6 2500.00000082 4500.0
1512132904.7 2500.0000008 4500.0
1512132904.8 2500.00000078 4500.0
1512132904.9 2500.00000077 4500.0
1512132905.0 2500.00000075 4500.0
1512132905.1 2500.00000074 4500.0
1512132905.2 2500.00000072 4500.0
1512132905.3 2500.00000071 4500.0
1512132905.4 2500.0000007 4500.0
1512132905.5 2500.00000068 4500.0
1512132905.6 2500.00000067 4500.0
1512132905.71 2500.00000065 4500.0
1512132905.8 2500.00000064 4500.0
1512132905.91 2500.00000063 4500.0
1512132906.0 2500.00000062 4500.0
1512132906.1 2500.0000006 4500.0
1512132906.2 2500.00000059 4500.0
1512132906.3 2500.00000058 4500.0
1512132906.4 2500.00000057 4500.0
1512132906.5 2500.00000056 4500.0
1512132906.6 2500.00000055 4500.0
1512132906.71 2500.00000053 4500.0
1512132906.81 2500.00000052 4500.0
1512132906.91 2500.00000051 4500.0
1512132907.01 2500.0000005 4500.0
1512132907.11 2500.00000049 4500.0
1512132907.21 2500.00000048 4500.0
1512132907.31 2500.00000047 4500.0
1512132907.42 2500.00000046 4500.0
1512132907.52 2500.00000045 4500.0
1512132907.62 2500.00000045 4500.0
1512132907.72 2500.00000044 4500.0
1512132907.82 2500.00000043 4500.0
1512132907.92 2500.00000042 4500.0
1512132908.02 2500.00000041 4500.0
1512132908.12 2500.0000004 4500.0
1512132908.22 2500.00000039 4500.0
1512132908.32 2500.00000039 4500.0
1512132908.42 2500.00000038 4500.0
1512132908.52 2500.00000037 4500.0
1512132908.62 2500.00000036 4500.0
1512132908.71 2500.00000036 4500.0
1512132908.82 2500.00000035 4500.0
1512132908.91 2500.00000034 4500.0
1512132909.01 2500.00000034 4500.0
1512132909.11 2500.00000033 4500.0
1512132909.21 2500.00000032 4500.0
1512132909.33 2500.00000032 4500.0
1512132909.42 2500.00000031 4500.0
1512132909.58 2500.0000003 4500.0
1512132909.65 2500.0000003 4500.0
1512132909.74 2500.00000029 4500.0
1512132909.84 2500.00000029 4500.0
1512132909.95 2500.00000028 4500.0
1512132910.04 2500.00000027 4500.0
1512132910.14 2500.00000027 4500.0
1512132910.24 2500.00000026 4500.0
1512132910.34 2500.00000026 4500.0
1512132910.44 2500.00000025 4500.0
1512132910.54 2500.00000025 4500.0
1512132910.64 2500.00000024 4500.0
1512132910.74 2500.00000024 4500.0
1512132