1512251409.1 0 0
1512251409.21 0 0
1512251409.3 0 0
1512251409.4 0 0
1512251409.52 0 0
1512251409.6 0 0
1512251409.7 0 0
1512251409.81 0 0
1512251409.9 0 0
1512251410.0 0 0
1512251410.1 0 0
1512251410.2 0 0
1512251410.3 0 0
1512251410.41 0 0
1512251410.5 0 0
1512251410.6 0 0
1512251410.7 0 0
1512251410.8 0 0
1512251410.9 0 0
1512251411.0 0 0
1512251411.1 0 0
1512251411.2 0 0
1512251411.3 0 0
1512251411.4 0 0
1512251411.5 0 0
1512251411.61 0 0
1512251411.7 0 0
1512251411.8 0 0
1512251411.9 0 0
1512251412.0 0 0
1512251412.11 0 0
1512251412.21 0 0
1512251412.31 0 0
1512251412.41 0 0
1512251412.51 0 0
1512251412.61 0 0
1512251412.71 0 0
1512251412.81 0 0
1512251412.91 0 0
1512251413.01 0 0
1512251413.11 0 0
1512251413.21 0 0
1512251413.31 0 0
1512251413.41 0 0
1512251413.51 0 0
1512251413.61 0 0
1512251413.71 0 0
1512251413.81 0 0
1512251413.91 0 0
1512251414.01 0 0
1512251414.11 0 0
1512251414.22 0 0
1512251414.31 0 0
1512251414.42 0 0
1512251414.51 0 0
1512251414.61 0 0
1512251414.72 0 0
1512251414.82 0 0
1512251414.92 0 0
1512251415.03 0 0
1512251415.12 0 0
1512251415.23 0 0
1512251415.33 0 0
1512251415.43 0 0
1512251415.53 0 0
1512251415.63 0 0
1512251415.73 0 0
1512251415.83 0 0
1512251415.93 0 0
1512251416.03 0 0
1512251416.13 0 0
1512251416.23 0 0
1512251416.33 0 0
1512251416.43 0 0
1512251416.53 0 0
1512251416.63 0 0
1512251416.73 0 0
1512251416.83 0 0
1512251416.93 0 0
1512251417.03 0 0
1512251417.13 0 0
1512251417.23 0 0
1512251417.33 0 0
1512251417.43 0 0
1512251417.53 0 0
1512251417.63 0 0
1512251417.73 0 0
1512251417.83 0 0
1512251417.93 0 0
1512251418.03 0 0
1512251418.13 0 0
1512251418.23 0 0
1512251418.33 0 0
1512251418.43 0 0
1512251418.53 0 0
1512251418.63 0 0
1512251418.73 0 0
1512251418.83 0 0
1512251418.93 0 0
1512251419.03 0 0
1512251419.13 0 0
1512251419.23 0 0
1512251419.33 0 0
1512251419.43 0 0
1512251419.53 0 0
1512251419.64 0 0
1512251419.74 0 0
1512251419.84 0 0
1512251419.94 0 0
1512251420.04 0 0
1512251420.14 0 0
1512251420.24 0 0
1512251420.34 0 0
1512251420.44 0 0
1512251420.54 0 0
1512251420.64 0 0
1512251420.74 0 0
1512251420.84 0 0
1512251420.95 0 0
1512251421.05 0 0
1512251421.15 0 0
1512251421.25 0 0
1512251421.35 0 0
1512251421.45 0 0
1512251421.55 0 0
1512251421.65 0 0
1512251421.75 0 0
1512251421.85 0 0
1512251421.95 0 0
1512251422.05 0 0
1512251422.15 0 0
1512251422.25 0 0
1512251422.35 0 0
1512251422.45 0 0
1512251422.55 0 0
1512251422.65 0 0
1512251422.75 0 0
1512251422.85 0 0
1512251422.95 0 0
1512251423.05 0 0
1512251423.15 0 0
1512251423.25 0 0
1512251423.35 0 0
1512251423.45 0 0
1512251423.55 0 0
1512251423.65 0 0
1512251423.75 0 0
1512251423.85 0 0
1512251423.95 0 0
1512251424.05 0 0
1512251424.15 0 0
1512251424.25 0 0
1512251424.35 0 0
1512251424.45 0 0
1512251424.55 0 0
1512251424.65 0 0
1512251424.75 0 0
1512251424.85 0 0
1512251424.95 0 0
1512251425.05 0 0
1512251425.15 0 0
1512251425.25 0 0
1512251425.35 0 0
1512251425.45 0 0
1512251425.56 0 0
1512251425.66 0 0
1512251425.77 0 0
1512251425.86 0 0
1512251425.96 0 0
1512251426.06 0 0
1512251426.16 0 0
1512251426.27 0 0
1512251426.36 0 0
1512251426.46 0 0
1512251426.56 0 0
1512251426.66 0 0
1512251426.76 0 0
1512251426.86 0 0
1512251426.96 0 0
1512251427.06 0 0
1512251427.16 0 0
1512251427.26 0 0
1512251427.36 0 0
1512251427.46 0 0
1512251427.56 0 0
1512251427.66 0 0
1512251427.76 0 0
1512251427.86 0 0
1512251427.96 0 0
1512251428.06 0 0
1512251428.16 0 0
1512251428.26 0 0
1512251428.36 0 0
1512251428.46 0 0
1512251428.56 0 0
1512251428.66 0 0
1512251428.76 0 0
1512251428.86 0 0
1512251428.96 0 0
1512251429.06 0 0
1512251429.16 0 0
1512251429.26 0 0
1512251429.36 0 0
1512251429.46 0 0
1512251429.56 0 0
1512251429.66 0 0
1512251429.76 0 0
1512251429.86 0 0
1512251429.97 0 0
1512251430.07 0 0
1512251430.17 0 0
1512251430.27 0 0
1512251430.37 0 0
1512251430.48 0 0
1512251430.57 0 0
1512251430.68 0 0
1512251430.77 0 0
1512251430.88 0 0
1512251430.97 0 0
1512251431.07 0 0
1512251431.17 0 0
1512251431.27 0 0
1512251431.37 0 0
1512251431.47 0 0
1512251431.57 0 0
1512251431.67 0 0
1512251431.77 0 0
1512251431.87 0 0
1512251431.97 0 0
1512251432.07 0 0
1512251432.18 0 0
1512251432.27 0 0
1512251432.37 0 0
1512251432.47 0 0
1512251432.57 0 0
1512251432.68 0 0
1512251432.77 0 0
1512251432.87 0 0
1512251432.97 0 0
1512251433.07 0 0
1512251433.17 0 0
1512251433.27 0 0
1512251433.37 0 0
1512251433.47 0 0
1512251433.57 0 0
1512251433.67 0 0
1512251433.77 0 0
1512251433.87 0 0
1512251433.97 0 0
1512251434.07 0 0
1512251434.17 0 0
1512251434.27 0 0
1512251434.37 0 0
1512251434.47 0 0
1512251434.57 0 0
1512251434.67 0 0
1512251434.78 0 0
1512251434.88 0 0
1512251434.98 0 0
1512251435.08 0 0
1512251435.18 0 0
1512251435.28 0 0
1512251435.38 0 0
1512251435.48 0 0
1512251435.59 0 0
1512251435.69 0 0
1512251435.79 0 0
1512251435.9 0 0
1512251436.03 0 0
1512251436.11 0 0
1512251436.22 0 0
1512251436.32 0 0
1512251436.42 0 0
1512251436.55 0 0
1512251436.64 0 0
1512251436.74 0 0
1512251436.84 0 0
1512251436.95 0 0
1512251437.05 0 0
1512251437.14 0 0
1512251437.24 0 0
1512251437.34 0 0
1512251437.44 0 0
1512251437.54 0 0
1512251437.64 0 0
1512251437.74 0 0
1512251437.84 0 0
1512251437.94 0 0
1512251438.04 0 0
1512251438.14 0 0
1512251438.24 0 0
1512251438.36 0 0
1512251438.5 0 0
1512251438.61 0 0
1512251438.7 0 0
1512251438.85 0 0
1512251438.95 0 0
1512251439.05 0 0
1512251439.15 0 0
1512251439.25 0 0
1512251439.35 0 0
1512251439.45 0 0
1512251439.55 0 0
1512251439.66 0 0
1512251439.76 0 0
1512251439.86 0 0
1512251439.96 0 0
1512251440.08 0 0
1512251440.17 0 0
1512251440.28 0 0
1512251440.37 0 0
1512251440.47 0 0
1512251440.57 0 0
1512251440.67 0 0
1512251440.77 0 0
1512251440.87 0 0
1512251440.97 0 0
1512251441.08 0 0
1512251441.17 0 0
1512251441.3 0 0
1512251441.42 0 0
1512251441.52 0 0
1512251441.63 0 0
1512251441.75 0 0
1512251441.85 0 0
1512251441.95 0 0
1512251442.05 0 0
1512251442.15 0 0
1512251442.25 0 0
1512251442.35 0 0
1512251442.45 0 0
1512251442.55 0 0
1512251442.65 0 60
1512251442.75 0 0
1512251442.85 0 60
1512251442.95 0 120
1512251443.05 0 60
1512251443.15 0 60
1512251443.25 0 2340
1512251443.35 0 2520
1512251443.45 0 2340
1512251443.55 0 2280
1512251443.65 0 2400
1512251443.75 0 2460
1512251443.85 0 2520
1512251443.95 0 2460
1512251444.05 0 2400
1512251444.15 0 2520
1512251444.25 0 2460
1512251444.35 0 2460
1512251444.45 0 2520
1512251444.55 0 2400
1512251444.66 0 2640
1512251444.76 0 2460
1512251444.86 0 2460
1512251444.96 0 2400
1512251445.06 0 2640
1512251445.16 0 2340
1512251445.26 0 2580
1512251445.37 0 2640
1512251445.46 0 2280
1512251445.57 0 2460
1512251445.67 0 2580
1512251445.76 0 2340
1512251445.86 0 2400
1512251445.96 0 2520
1512251446.06 0 2400
1512251446.16 0 2520
1512251446.26 0 2400
1512251446.36 0 2580
1512251446.46 0 2460
1512251446.56 0 2460
1512251446.66 0 2460
1512251446.76 0 2520
1512251446.86 0 2340
1512251446.96 0 2520
1512251447.06 0 2520
1512251447.16 0 2460
1512251447.26 0 2460
1512251447.36 0 2460
1512251447.46 0 2520
1512251447.56 0 2400
1512251447.66 0 2460
1512251447.76 0 2580
1512251447.86 0 2340
1512251447.96 0 2460
1512251448.06 0 2520
1512251448.16 0 2460
1512251448.26 0 2520
1512251448.36 0 2400
1512251448.46 0 2580
1512251448.56 0 2460
1512251448.67 0 2520
1512251448.76 0 2400
1512251448.87 0 2520
1512251448.97 0 2340
1512251449.07 0 2520
1512251449.17 0 2460
1512251449.26 0 2520
1512251449.37 0 2460
1512251449.47 0 2460
1512251449.57 0 2400
1512251449.67 0 2580
1512251449.77 0 2400
1512251449.87 0 2460
1512251449.97 0 2520
1512251450.07 0 2400
1512251450.17 0 2580
1512251450.27 0 2400
1512251450.37 0 2520
1512251450.47 0 2460
1512251450.57 0 2460
1512251450.67 0 2460
1512251450.77 0 2460
1512251450.87 0 2460
1512251450.97 0 2520
1512251451.07 0 2460
1512251451.17 0 2340
1512251451.27 0 2580
1512251451.37 0 2460
1512251451.47 0 2520
1512251451.57 0 2400
1512251451.67 0 2520
1512251451.77 0 2460
1512251451.87 0 2400
1512251451.97 0 2460
1512251452.07 0 2640
1512251452.17 0 2400
1512251452.28 0 2760
1512251452.38 0 2280
1512251452.47 0 2400
1512251452.57 0 2460
1512251452.68 0 2520
1512251452.77 0 2460
1512251452.88 0 2400
1512251452.97 0 2520
1512251453.07 0 2460
1512251453.18 0 2520
1512251453.28 0 2400
1512251453.37 0 2520
1512251453.47 0 2460
1512251453.57 0 2460
1512251453.68 0 2520
1512251453.78 0 2460
1512251453.88 0 2460
1512251453.98 0 2520
1512251454.08 0 2460
1512251454.18 0 2460
1512251454.28 0 2460
1512251454.38 0 2340
1512251454.48 0 2580
1512251454.58 0 2520
1512251454.68 0 2460
1512251454.78 0 2460
1512251454.88 0 2460
1512251454.98 0 2460
1512251455.08 0 2460
1512251455.18 0 2520
1512251455.28 0 2460
1512251455.38 0 2280
1512251455.48 0 2520
1512251455.58 0 2520
1512251455.68 0 2460
1512251455.8 0 2940
1512251455.89 0 2160
1512251455.98 0 2400
1512251456.08 0 2400
1512251456.19 0 2520
1512251456.29 0 2460
1512251456.38 0 2460
1512251456.48 0 2520
1512251456.58 0 2400
1512251456.68 0 2460
1512251456.79 0 2580
1512251456.88 0 2340
1512251456.98 0 2520
1512251457.08 0 2460
1512251457.19 0 2400
1512251457.29 0 2520
1512251457.38 0 2460
1512251457.49 0 2460
1512251457.59 0 2520
1512251457.69 0 2460
1512251457.79 0 2400
1512251457.89 0 2520
1512251457.99 0 2520
1512251458.09 0 2460
1512251458.19 0 2460
1512251458.29 0 2460
1512251458.39 0 2460
1512251458.49 0 2460
1512251458.59 0 2520
1512251458.69 0 2460
1512251458.79 0 2460
1512251458.89 0 2460
1512251458.99 0 2520
1512251459.09 0 2460
1512251459.19 0 2400
1512251459.3 0 2400
1512251459.39 0 2460
1512251459.5 0 2820
1512251459.6 0 2340
1512251459.7 0 2520
1512251459.8 0 2400
1512251459.9 0 2460
1512251460.0 0 2520
1512251460.1 0 2460
1512251460.2 0 2220
1512251460.3 0 2580
1512251460.4 0 2630
1512251460.5 0 2570
1512251460.6 0 2450
1512251460.69 0 2510
1512251460.8 0 3520
1512251460.9 0 3510
1512251461.0 0 1930
1512251461.1 0 1570
1512251461.2 0 2170
1512251461.3 0 2530
1512251461.4 0 1810
1512251461.5 0 360
1512251461.6 0 610
1512251461.7 0 1210
1512251461.8 0 1140
1512251461.9 0 830
1512251462.0 0 1060
1512251462.1 0 1060
1512251462.2 0 820
1512251462.3 0 1090
1512251462.4 0 1210
1512251462.5 0 1370
1512251462.6 0 1370
1512251462.7 0 1470
1512251462.8 0 1800
1512251462.9 0 1740
1512251463.02 0 2390
1512251463.11 0 2120
1512251463.21 0 2240
1512251463.3 0 2130
1512251463.41 0 2630
1512251463.5 0 2190
1512251463.61 0 2340
1512251463.7 0 2420
1512251463.8 0 2230
1512251463.9 0 2300
1512251464.01 0 2350
1512251464.11 0 2420
1512251464.2 0 2300
1512251464.3 0 2200
1512251464.41 0 2310
1512251464.5 0 2240
1512251464.61 0 2240
1512251464.71 0 2300
1512251464.8 0 2420
1512251464.9 0 2310
1512251465.01 0 2420
1512251465.1 0 2090
1512251465.2 0 2420
1512251465.3 0 2250
1512251465.4 0 2300
1512251465.5 0 2310
1512251465.6 0 2420
1512251465.7 0 2370
1512251465.8 0 2320
1512251465.9 0 2480
1512251466.0 0 2260
1512251466.11 0 2360
1512251466.2 0 2190
1512251466.31 0 2540
1512251466.41 0 2360
1512251466.51 0 2480
1512251466.61 0 2310
1512251466.71 0 2420
1512251466.81 0 2310
1512251466.92 0 2470
1512251467.02 0 2310
1512251467.11 0 2260
1512251467.21 0 2220
1512251467.32 0 2330
1512251467.42 0 1950
1512251467.51 0 2080
1512251467.61 0 2310
1512251467.71 0 2360
1512251467.81 0 2420
1512251467.91 0 2420
1512251468.01 0 2310
1512251468.11 0 2310
1512251468.21 0 2370
1512251468.31 0 2310
1512251468.41 0 2310
1512251468.52 0 2360
1512251468.61 0 2420
1512251468.72 0 2370
1512251468.82 0 2260
1512251468.91 0 2220
1512251469.02 0 2030
1512251469.12 0 1970
1512251469.22 0 2140
1512251469.32 0 2250
1512251469.42 0 2300
1512251469.52 0 2420
1512251469.62 0 2420
1512251469.72 0 2420
1512251469.83 0 2420
1512251469.93 0 2310
1512251470.02 0 2210
1512251470.12 0 2370
1512251470.24 0 2570
1512251470.33 0 2150
1512251470.43 0 2530
1512251470.53 0 2200
1512251470.63 0 2420
1512251470.73 0 2330
1512251470.83 0 2070
1512251470.93 0 2250
1512251471.03 0 2410
1512251471.13 0 2310
1512251471.23 0 2370
1512251471.33 0 2410
1512251471.43 0 2370
1512251471.53 0 2260
1512251471.63 0 2370
1512251471.73 0 2300
1512251471.83 0 2360
1512251471.93 0 2370
1512251472.03 0 2360
1512251472.13 0 2370
1512251472.23 0 2310
1512251472.33 0 2430
1512251472.43 0 2250
1512251472.53 0 2360
1512251472.63 0 2310
1512251472.73 0 2480
1512251472.83 0 2370
1512251472.93 0 2260
1512251473.03 0 2380
1512251473.13 0 2140
1512251473.23 0 2300
1512251473.33 0 2420
1512251473.44 0 2530
1512251473.54 0 2260
1512251473.64 0 2370
1512251473.74 0 2480
1512251473.84 0 2250
1512251473.94 0 2250
1512251474.05 0 2640
1512251474.15 0 2260
1512251474.24 0 2200
1512251474.34 0 2260
1512251474.45 0 2420
1512251474.54 0 2250
1512251474.64 0 2420
1512251474.74 0 2310
1512251474.84 0 2420
1512251474.95 0 2370
1512251475.04 0 2260
1512251475.14 0 2320
1512251475.24 0 2300
1512251475.34 0 2250
1512251475.44 0 2420
1512251475.54 0 2430
1512251475.65 0 2360
1512251475.74 0 2320
1512251475.85 0 2320
1512251475.95 0 2350
1512251476.05 0 2250
1512251476.15 0 2420
1512251476.25 0 2420
1512251476.35 0 2260
1512251476.45 0 2370
1512251476.55 0 2320
1512251476.65 0 2240
1512251476.75 0 2360
1512251476.85 0 2310
1512251476.95 0 2420
1512251477.05 0 2320
1512251477.15 0 2310
1512251477.25 0 2430
1512251477.35 0 2300
1512251477.45 0 2360
1512251477.55 0 2310
1512251477.66 0 2420
1512251477.76 0 2370
1512251477.86 0 2320
1512251477.96 0 2320
1512251478.06 0 2300
1512251478.16 0 2360
1512251478.26 0 2260
1512251478.36 0 2470
1512251478.46 0 2260
1512251478.56 0 2320
1512251478.66 0 2320
1512251478.76 0 2240
1512251478.86 0 2250
1512251478.96 0 2420
1512251479.06 0 2420
1512251479.16 0 2260
1512251479.26 0 2370
1512251479.36 0 2310
1512251479.46 0 2200
1512251479.56 0 2200
1512251479.66 0 2210
1512251479.76 0 2150
1512251479.86 0 1990
1512251479.96 0 2170
1512251480.06 0 1700
1512251480.16 0 1710
1512251480.26 0 1760
1512251480.36 0 1770
1512251480.46 0 1710
1512251480.56 0 1830
1512251480.66 0 1540
1512251480.76 0 1650
1512251480.86 0 1850
1512251480.96 0 1860
1512251481.06 0 1940
1512251481.16 0 1830
1512251481.26 0 1710
1512251481.36 0 1710
1512251481.46 0 1610
1512251481.56 0 1540
1512251481.66 0 1370
1512251481.78 0 1760
1512251481.87 0 1480
1512251481.96 0 1590
1512251482.06 0 1710
1512251482.17 0 1760
1512251482.26 0 1550
1512251482.37 0 1760
1512251482.46 0 1560
1512251482.57 0 1370
1512251482.66 0 1480
1512251482.76 0 1530
1512251482.87 0 1640
1512251482.97 0 1760
1512251483.06 0 1610
1512251483.17 0 1810
1512251483.27 0 1710
1512251483.37 0 1590
1512251483.47 0 1710
1512251483.57 0 1790
1512251483.67 0 1710
1512251483.77 0 1890
1512251483.87 0 1760
1512251483.97 0 1650
1512251484.07 0 1600
1512251484.17 0 1710
1512251484.27 0 1610
1512251484.37 0 1420
1512251484.47 0 1530
1512251484.57 0 1700
1512251484.67 0 1650
1512251484.77 0 1660
1512251484.87 0 1710
1512251484.97 0 1720
1512251485.07 0 1530
1512251485.18 0 1700
1512251485.27 0 1700
1512251485.38 0 1750
1512251485.47 0 1750
1512251485.57 0 1890
1512251485.67 0 1760
1512251485.77 0 1500
1512251485.89 0 1710
1512251485.98 0 1640
1512251486.08 0 1200
1512251486.18 0 1190
1512251486.28 0 1530
1512251486.38 0 1540
1512251486.48 0 1650
1512251486.58 0 1710
1512251486.68 0 1650
1512251486.78 0 1700
1512251486.88 0 1650
1512251486.98 0 1590
1512251487.08 0 1660
1512251487.18 0 1720
1512251487.28 0 1590
1512251487.38 0 1470
1512251487.48 0 1650
1512251487.58 0 1660
1512251487.68 0 1760
1512251487.78 0 1720
1512251487.88 0 1550
1512251487.98 0 1580
1512251488.08 0 1640
1512251488.18 0 1710
1512251488.28 0 1660
1512251488.38 0 1700
1512251488.48 0 1720
1512251488.58 0 1590
1512251488.68 0 1700
1512251488.78 0 1650
1512251488.88 0 1650
1512251488.99 0 1860
1512251489.08 0 1600
1512251489.18 0 1890
1512251489.28 0 1590
1512251489.39 0 1760
1512251489.49 0 1800
1512251489.6 0 1720
1512251489.69 0 1850
1512251489.79 0 1350
1512251489.89 0 1700
1512251489.99 0 1600
1512251490.08 0 1600
1512251490.19 0 1760
1512251490.29 0 1720
1512251490.39 0 1590
1512251490.49 0 1590
1512251490.59 0 1650
1512251490.69 0 1700
1512251490.79 0 1860
1512251490.89 0 1770
1512251490.99 0 1830
1512251491.09 0 1700
1512251491.19 0 1660
1512251491.29 0 1600
1512251491.39 0 1850
1512251491.49 0 1360
1512251491.59 0 1470
1512251491.69 0 1650
1512251491.79 0 1710
1512251491.89 0 1710
1512251491.99 0 1600
1512251492.09 0 1710
1512251492.19 0 1650
1512251492.29 0 1650
1512251492.39 0 1590
1512251492.49 0 1800
1512251492.58 0 1550
1512251492.68 0 2000
1512251492.79 0 1710
1512251492.89 0 1700
1512251493.0 0 2020
1512251493.08 0 1230
1512251493.19 0 2030
1512251493.29 0 1230
1512251493.38 0 1530
1512251493.49 0 1820
1512251493.59 0 1650
1512251493.69 0 1660
1512251493.79 0 1710
1512251493.89 0 1710
1512251493.99 0 1660
1512251494.09 0 1410
1512251494.19 0 1700
1512251494.29 0 1700
1512251494.39 0 1820
1512251494.49 0 1820
1512251494.59 0 1650
1512251494.69 0 1750
1512251494.79 0 1460
1512251494.89 0 1790
1512251494.99 0 1120
1512251495.09 0 1420
1512251495.19 0 1650
1512251495.29 0 1760
1512251495.39 0 1710
1512251495.49 0 1650
1512251495.59 0 1700
1512251495.69 0 1660
1512251495.79 0 1590
1512251495.89 0 1820
1512251496.0 0 1710
1512251496.09 0 1540
1512251496.19 0 1650
1512251496.3 0 1760
1512251496.4 0 1600
1512251496.49 0 1700
1512251496.6 0 1780
1512251496.7 0 1720
1512251496.8 0 1340
1512251496.9 0 1540
1512251497.0 0 1760
1512251497.11 0 1710
1512251497.2 0 1600
1512251497.3 0 1770
1512251497.4 0 1710
1512251497.5 0 1530
1512251497.6 0 1650
1512251497.7 0 1800
1512251497.8 0 1750
1512251497.9 0 1990
1512251498.0 0 1770
1512251498.1 0 1760
1512251498.2 0 1810
1512251498.31 0 1460
1512251498.4 0 1750
1512251498.5 0 880
1512251498.6 0 1480
1512251498.7 0 1540
1512251498.8 0 1760
1512251498.9 0 1650
1512251499.0 0 1760
1512251499.1 0 1700
1512251499.21 0 1700
1512251499.3 0 1600
1512251499.4 0 1650
1512251499.5 0 1710
1512251499.6 0 1710
1512251499.7 0 1590
1512251499.8 0 1640
1512251499.9 0 1710
1512251500.01 0 1850
1512251500.11 0 1550
1512251500.2 0 1950
1512251500.3 0 1520
1512251500.41 0 1760
1512251500.51 0 1710
1512251500.61 0 1710
1512251500.72 0 1720
1512251500.82 0 1710
1512251500.93 0 1700
1512251501.03 0 1760
1512251501.13 0 1490
1512251501.22 0 1690
1512251501.31 0 1810
1512251501.42 0 1820
1512251501.52 0 1940
1512251501.62 0 1760
1512251501.72 0 1650
1512251501.82 0 1550
1512251501.91 0 1740
1512251502.01 0 1360
1512251502.11 0 1410
1512251502.21 0 1590
1512251502.31 0 1710
1512251502.42 0 1760
1512251502.51 0 1590
1512251502.61 0 1710
1512251502.72 0 1650
1512251502.82 0 1770
1512251502.92 0 1650
1512251503.02 0 1660
1512251503.11 0 1540
1512251503.22 0 1650
1512251503.31 0 1650
1512251503.42 0 1700
1512251503.52 0 1810
1512251503.62 0 1660
1512251503.72 0 1900
1512251503.82 0 1460
1512251503.92 0 1590
1512251504.02 0 1650
1512251504.12 0 1610
1512251504.22 0 1710
1512251504.32 0 1720
1512251504.42 0 1480
1512251504.53 0 1650
1512251504.62 0 1420
1512251504.72 0 1700
1512251504.82 0 1810
1512251504.93 0 1820
1512251505.03 0 1940
1512251505.13 0 1330
1512251505.22 0 1590
1512251505.32 0 1580
1512251505.42 0 1390
1512251505.52 0 1000
1512251505.62 0 1370
1512251505.72 0 1600
1512251505.82 0 1600
1512251505.92 0 1590
1512251506.02 0 1590
1512251506.12 0 1700
1512251506.22 0 1650
1512251506.32 0 1640
1512251506.42 0 1760
1512251506.52 0 1710
1512251506.62 0 1830
1512251506.72 0 1640
1512251506.82 0 1760
1512251506.92 0 1590
1512251507.02 0 1840
1512251507.12 0 1770
1512251507.22 0 1530
1512251507.32 0 1760
1512251507.42 0 1610
1512251507.52 0 1650
1512251507.62 0 1680
1512251507.72 0 1480
1512251507.82 0 1540
1512251507.92 0 1590
1512251508.02 0 1650
1512251508.12 0 1750
1512251508.23 0 1820
1512251508.33 0 1770
1512251508.43 0 1760
1512251508.53 0 1700
1512251508.63 0 1510
1512251508.73 0 1800
1512251508.83 0 1070
1512251508.94 0 1580
1512251509.04 0 1540
1512251509.14 0 1870
1512251509.23 0 1550
1512251509.33 0 1650
1512251509.44 0 1760
1512251509.53 0 1650
1512251509.63 0 1650
1512251509.73 0 1650
1512251509.83 0 1760
1512251509.93 0 1650
1512251510.03 0 1820
1512251510.13 0 1710
1512251510.23 0 1650
1512251510.33 0 1750
1512251510.44 0 1570
1512251510.53 0 1790
1512251510.64 0 1170
1512251510.73 0 1530
1512251510.84 0 1760
1512251510.94 0 1650
1512251511.03 0 1770
1512251511.14 0 1810
1512251511.24 0 1750
1512251511.34 0 1750
1512251511.45 0 2190
1512251511.54 0 1840
1512251511.64 0 2300
1512251511.74 0 2190
1512251511.84 0 2470
1512251511.94 0 2250
1512251512.04 0 2470
1512251512.14 0 2270
1512251512.24 0 2190
1512251512.34 0 2020
1512251512.44 0 2140
1512251512.54 0 2350
1512251512.64 0 2360
1512251512.74 0 2420
1512251512.84 0 2360
1512251512.94 0 2310
1512251513.04 0 2260
1512251513.14 0 2320
1512251513.24 0 2200
1512251513.34 0 2190
1512251513.44 0 2300
1512251513.54 0 2360
1512251513.64 0 2430
1512251513.74 0 2360
1512251513.84 0 2370
1512251513.95 0 2270
1512251514.04 0 2140
1512251514.14 0 2080
1512251514.24 0 2250
1512251514.34 0 2360
1512251514.44 0 2310
1512251514.54 0 2420
1512251514.64 0 2420
1512251514.74 0 2310
1512251514.84 0 2270
1512251514.95 0 2370
1512251515.04 0 2190
1512251515.14 0 2250
1512251515.25 0 2580
1512251515.36 0 2420
1512251515.45 0 2150
1512251515.55 0 2420
1512251515.65 0 2320
1512251515.75 0 2430
1512251515.85 0 2130
1512251515.95 0 2300
1512251516.05 0 2310
1512251516.15 0 2420
1512251516.25 0 2320
1512251516.36 0 2370
1512251516.45 0 2270
1512251516.55 0 2080
1512251516.65 0 2080
1512251516.75 0 2300
1512251516.85 0 2360
1512251516.95 0 2370
1512251517.06 0 2420
1512251517.15 0 2310
1512251517.26 0 2370
1512251517.35 0 2380
1512251517.45 0 2080
1512251517.56 0 2300
1512251517.65 0 2310
1512251517.75 0 2420
1512251517.86 0 2370
1512251517.96 0 2310
1512251518.05 0 2320
1512251518.16 0 2380
1512251518.26 0 1960
1512251518.36 0 2300
1512251518.46 0 2360
1512251518.56 0 2480
1512251518.66 0 2370
1512251518.76 0 2250
1512251518.86 0 2320
1512251518.96 0 2320
1512251519.06 0 2130
1512251519.17 0 2460
1512251519.26 0 2310
1512251519.37 0 2530
1512251519.46 0 2200
1512251519.57 0 2530
1512251519.67 0 2270
1512251519.77 0 2210
1512251519.86 0 2020
1512251519.96 0 2190
1512251520.06 0 2360
1512251520.17 0 2420
1512251520.27 0 2420
1512251520.37 0 2310
1512251520.46 0 2370
1512251520.57 0 2320
1512251520.66 0 2190
1512251520.76 0 2140
1512251520.87 0 2420
1512251520.97 0 2360
1512251521.07 0 2260
1512251521.17 0 2420
1512251521.27 0 2430
1512251521.37 0 2310
1512251521.47 0 2250
1512251521.57 0 2360
1512251521.67 0 2430
1512251521.77 0 2260
1512251521.87 0 2330
1512251521.97 0 2250
1512251522.07 0 2190
1512251522.17 0 2360
1512251522.27 0 2310
1512251522.37 0 2480
1512251522.47 0 2370
1512251522.57 0 2260
1512251522.67 0 2220
1512251522.77 0 2090
1512251522.87 0 2080
1512251522.98 0 2250
1512251523.08 0 2520
1512251523.19 0 2530
1512251523.28 0 2260
1512251523.38 0 2420
1512251523.48 0 2360
1512251523.58 0 2220
1512251523.68 0 2260
1512251523.78 0 2080
1512251523.88 0 2250
1512251523.98 0 2300
1512251524.08 0 2370
1512251524.18 0 2420
1512251524.28 0 2360
1512251524.38 0 2370
1512251524.48 0 2260
1512251524.58 0 2430
1512251524.68 0 2250
1512251524.78 0 2250
1512251524.88 0 2360
1512251524.99 0 2420
1512251525.08 0 2310
1512251525.18 0 2270
1512251525.28 0 2320
1512251525.39 0 2190
1512251525.49 0 2300
1512251525.59 0 2310
1512251525.69 0 2420
1512251525.79 0 2370
1512251525.88 0 2310
1512251525.98 0 2270
1512251526.09 0 2140
1512251526.19 0 2190
1512251526.29 0 2300
1512251526.39 0 2420
1512251526.49 0 2310
1512251526.59 0 2480
1512251526.69 0 2310
1512251526.79 0 2370
1512251526.9 0 2480
1512251527.0 0 2190
1512251527.11 0 2630
1512251527.19 0 1760
1512251527.29 0 2360
1512251527.38 0 2370
1512251527.48 0 2320
1512251527.59 0 2270
1512251527.69 0 2190
1512251527.79 0 2190
1512251527.89 0 2300
1512251527.99 0 2420
1512251528.09 0 2310
1512251528.19 0 2370
1512251528.29 0 2370
1512251528.39 0 2150
1512251528.49 0 2300
1512251528.59 0 2300
1512251528.69 0 2310
1512251528.79 0 2420
1512251528.89 0 2320
1512251528.99 0 2320
1512251529.09 0 2240
1512251529.19 0 2360
1512251529.29 0 2250
1512251529.4 0 2540
1512251529.49 0 2200
1512251529.59 0 2270
1512251529.69 0 2380
1512251529.79 0 2020
1512251529.89 0 2240
1512251529.99 0 2200
1512251530.09 0 2530
1512251530.2 0 2370
1512251530.29 0 2370
1512251530.39 0 2370
1512251530.49 0 2210
1512251530.6 0 2070
1512251530.7 0 2190
1512251530.79 0 2360
1512251530.91 0 2590
1512251531.0 0 2310
1512251531.11 0 2250
1512251531.21 0 2550
1512251531.3 0 1930
1512251531.4 0 2090
1512251531.5 0 2130
1512251531.6 0 2250
1512251531.7 0 2250
1512251531.8 0 2360
1512251531.9 0 2420
1512251532.0 0 2310
1512251532.1 0 2320
1512251532.2 0 2310
1512251532.3 0 2330
1512251532.4 0 2020
1512251532.5 0 2190
1512251532.6 0 2300
1512251532.7 0 2310
1512251532.8 0 2420
1512251532.9 0 2420
1512251533.0 0 2310
1512251533.1 0 2270
1512251533.2 0 2210
1512251533.3 0 2080
1512251533.41 0 2300
1512251533.51 0 2360
1512251533.61 0 2310
1512251533.71 0 2420
1512251533.81 0 2370
1512251533.9 0 1650
1512251534.0 0 1000
1512251534.1 0 1000
1512251534.21 0 1250
1512251534.3 0 1100
1512251534.4 0 1300
1512251534.51 0 1400
1512251534.61 0 1450
1512251534.71 0 1600
1512251534.8 0 1650
1512251534.9 0 1800
1512251535.01 0 1900
1512251535.1 0 1900
1512251535.2 0 2000
1512251535.3 0 2050
1512251535.4 0 2050
1512251535.5 0 2050
1512251535.6 0 2050
1512251535.71 0 2100
1512251535.81 0 2100
1512251535.9 0 2000
1512251536.0 0 1950
1512251536.11 0 2150
1512251536.21 0 2100
1512251536.31 0 2050
1512251536.4 0 2050
1512251536.5 0 2050
1512251536.61 0 2050
1512251536.7 0 2050
1512251536.81 0 2100
1512251536.91 0 2050
1512251537.01 0 2050
1512251537.11 0 2050
1512251537.21 0 2100
1512251537.31 0 2050
1512251537.41 0 2050
1512251537.51 0 2050
1512251537.61 0 2100
1512251537.71 0 2050
1512251537.81 0 2000
1512251537.91 0 2050
1512251538.01 0 2100
1512251538.11 0 2050
1512251538.21 0 2050
1512251538.31 0 2150
1512251538.41 0 2100
1512251538.51 0 1950
1512251538.61 0 2100
1512251538.71 0 2050
1512251538.81 0 2050
1512251538.92 0 2150
1512251539.02 0 2050
1512251539.12 0 2100
1512251539.22 0 2200
1512251539.33 0 2150
1512251539.43 0 2050
1512251539.52 0 1950
1512251539.64 0 2250
1512251539.73 0 1900
1512251539.83 0 2100
1512251539.93 0 2050
1512251540.03 0 2050
1512251540.13 0 2050
1512251540.23 0 2100
1512251540.33 0 2050
1512251540.43 0 2050
1512251540.53 0 2050
1512251540.63 0 2050
1512251540.73 0 2050
1512251540.83 0 2050
1512251540.93 0 2100
1512251541.03 0 2000
1512251541.13 0 2100
1512251541.23 0 2050
1512251541.33 0 2050
1512251541.43 0 2100
1512251541.53 0 2050
1512251541.63 0 2050
1512251541.73 0 2000
1512251541.83 0 2100
1512251541.93 0 2050
1512251542.03 0 2050
1512251542.13 0 2100
1512251542.23 0 2050
1512251542.33 0 2050
1512251542.43 0 2050
1512251542.53 0 2050
1512251542.63 0 2100
1512251542.73 0 2050
1512251542.83 0 2050
1512251542.93 0 2050
1512251543.03 0 2050
1512251543.13 0 2100
1512251543.23 0 2000
1512251543.33 0 2050
1512251543.43 0 2050
1512251543.53 0 2100
1512251543.63 0 2050
1512251543.73 0 2100
1512251543.84 0 2100
1512251543.94 0 2100
1512251544.04 0 2050
1512251544.14 0 2000
1512251544.24 0 2050
1512251544.34 0 2050
1512251544.44 0 2050
1512251544.54 0 2050
1512251544.64 0 2050
1512251544.74 0 2100
1512251544.84 0 2050
1512251544.94 0 2050
1512251545.04 0 2050
1512251545.14 0 2050
1512251545.24 0 2050
1512251545.34 0 2100
1512251545.44 0 2050
1512251545.54 0 2050
1512251545.64 0 2050
1512251545.74 0 2100
1512251545.84 0 2050
1512251545.94 0 2050
1512251546.04 0 2050
1512251546.14 0 2050
1512251546.24 0 2050
1512251546.34 0 250
1512251546.44 0 0
1512251546.54 0 0
1512251546.64 0 0
1512251546.74 0 0
1512251546.84 0 0
1512251546.94 0 0
1512251547.04 0 0
1512251547.14 0 0
1512251547.24 0 0
1512251547.34 0 0
1512251547.44 0 0
1512251547.54 0 0
1512251547.64 0 0
1512251547.74 0 0
1512251547.84 0 0
1512251547.94 0 0
1512251548.04 0 0
1512251548.14 0 0
1512251548.24 0 0
1512251548.34 0 0
1512251548.44 0 0
1512251548.54 0 0
1512251548.64 0 0
1512251548.74 0 0
1512251548.85 0 0
1512251548.95 0 0
1512251549.05 0 0
1512251549.15 0 0
1512251549.26 0 0
1512251549.35 0 0
1512251549.45 0 0
1512251549.55 0 0
1512251549.65 0 0
1512251549.75 0 0
1512251549.85 0 0
1512251549.95 0 0
1512251550.05 0 0
1512251550.15 0 0
1512251550.25 0 0
1512251550.35 0 0
1512251550.45 0 0
1512251550.55 0 0
1512251550.65 0 0
1512251550.75 0 0
1512251550.85 0 0
1512251550.95 0 0
1512251551.05 0 0
1512251551.15 0 0
1512251551.25 0 0
1512251551.35 0 0
1512251551.45 0 0
1512251551.55 0 0
1512251551.65 0 0
1512251551.75 0 0
1512251551.85 0 0
1512251551.95 0 0
1512251552.05 0 0
1512251552.15 0 0
1512251552.25 0 0
1512251552.35 0 0
1512251552.45 0 0
1512251552.55 0 0
1512251552.65 0 0
1512251552.75 0 0
1512251552.86 0 0
1512251552.96 0 0
1512251553.06 0 0
1512251553.16 0 0
1512251553.26 0 0
1512251553.36 0 0
1512251553.46 0 0
1512251553.56 0 0
1512251553.66 0 0
1512251553.76 0 0
1512251553.86 0 0
1512251553.96 0 0
1512251554.06 0 0
1512251554.17 0 0
1512251554.26 0 0
1512251554.36 0 0
1512251554.46 0 0
1512251554.56 0 0
1512251554.66 0 0
1512251554.76 0 0
1512251554.87 0 0
1512251554.97 0 0
1512251555.07 0 0
1512251555.17 0 0
1512251555.28 0 0
1512251555.38 0 0
1512251555.47 0 0
1512251555.58 0 0
1512251555.67 0 0
1512251555.77 0 0
1512251555.87 0 0
1512251555.97 0 0
1512251556.07 0 0
1512251556.17 0 0
1512251556.27 0 0
1512251556.37 0 0
1512251556.47 0 0
1512251556.57 0 0
1512251556.67 0 0
1512251556.77 0 0
1512251556.87 0 0
1512251556.97 0 0
1512251557.08 0 0
1512251557.18 0 0
1512251557.28 0 0
1512251557.38 0 0
1512251557.48 0 0
1512251557.58 0 0
1512251557.68 0 0
1512251557.78 0 0
1512251557.88 0 0
1512251557.98 0 0
1512251558.08 0 0
1512251558.18 0 0
1512251558.28 0 0
1512251558.38 0 0
1512251558.48 0 0
1512251558.58 0 0
1512251558.68 0 0
1512251558.78 0 0
1512251558.88 0 0
1512251558.98 0 0
1512251559.08 0 0
1512251559.18 0 0
1512251559.28 0 0
1512251559.38 0 0
1512251559.48 0 0
1512251559.58 0 0
1512251559.68 0 0
1512251559.78 0 0
1512251559.88 0 0
1512251559.98 0 0
1512251560.08 0 0
1512251560.18 0 0
1512251560.28 0 0
1512251560.38 0 0
1512251560.48 0 0
1512251560.58 0 0
1512251560.68 0 0
1512251560.79 0 0
1512251560.89 0 0
1512251560.99 0 0
1512251561.09 0 0
1512251561.18 0 0
1512251561.28 0 0
1512251561.38 0 0
1512251561.48 0 0
1512251561.58 0 0
1512251561.68 0 0
1512251561.78 0 0
1512251561.89 0 0
1512251561.98 0 0
1512251562.09 0 0
1512251562.19 0 0
1512251562.29 0 0
1512251562.39 0 0
1512251562.49 0 0
1512251562.59 0 0
1512251562.69 0 0
1512251562.79 0 0
1512251562.89 0 0
1512251562.99 0 0
1512251563.09 0 0
1512251563.19 0 0
1512251563.29 0 0
1512251563.39 0 0
1512251563.49 0 0
1512251563.59 0 0
1512251563.69 0 0
1512251563.79 0 0
1512251563.89 0 0
1512251563.99 0 0
1512251564.09 0 0
1512251564.19 0 0
1512251564.29 0 0
1512251564.39 0 0
1512251564.49 0 0
1512251564.59 0 0
1512251564.69 0 0
1512251564.79 0 0
1512251564.89 0 0
1512251564.99 0 0
1512251565.09 0 0
1512251565.19 0 0
1512251565.29 0 0
1512251565.39 0 0
1512251565.49 0 0
1512251565.59 0 0
1512251565.69 0 0
1512251565.79 0 0
1512251565.89 0 0
1512251565.99 0 0
1512251566.09 0 0
1512251566.19 0 0
1512251566.29 0 0
1512251566.39 0 0
1512251566.5 0 0
1512251566.6 0 0
1512251566.7 0 0
1512251566.8 0 0
1512251566.9 0 0
1512251567.02 0 0
1512251567.11 0 0
1512251567.21 0 0
1512251567.31 0 0
1512251567.43 0 0
1512251567.54 0 0
1512251567.64 0 0
1512251567.74 0 0
1512251567.84 0 0
1512251567.96 0 0
1512251568.08 0 0
1512251568.18 0 0
1512251568.28 0 0
1512251568.38 0 0
1512251568.48 0 0
1512251568.58 0 0
1512251568.68 0 0
1512251568.78 0 0
1512251568.88 0 0
1512251568.98 0 0
1512251569.08 0 0
1512251569.18 0 0
1512251569.28 0 0
1512251569.38 0 0
1512251569.48 0 0
1512251569.58 0 0
1512251569.68 0 0
1512251569.78 0 0
1512251569.88 0 0
1512251570.02 0 0
1512251570.14 0 0
1512251570.24 0 0
1512251570.34 0 0
1512251570.44 0 0
1512251570.54 0 0
1512251570.67 0 0
1512251570.76 0 0
1512251570.86 0 0
1512251570.96 0 0
1512251571.06 0 0
1512251571.16 0 0
1512251571.26 0 0
1512251571.38 0 0
1512251571.48 0 0
1512251571.58 0 0
1512251571.68 0 0
1512251571.78 0 0
1512251571.88 0 0
1512251571.98 0 0
1512251572.09 0 0
1512251572.18 0 0
1512251572.31 0 0
1512251572.39 0 0
1512251572.5 0 0
1512251572.6 0 0
1512251572.72 0 0
1512251572.82 0 0
1512251572.92 0 0
1512251573.02 0 0
1512251573.12 0 0
1512251573.22 0 0
1512251573.33 0 0
1512251573.43 0 0
1512251573.53 0 0
1512251573.63 0 0
1512251573.72 0 0
1512251573.83 0 0
1512251573.93 0 0
1512251574.02 0 0
1512251574.12 0 0
1512251574.23 0 0
1512251574.32 0 0
1512251574.43 0 0
1512251574.53 0 0
1512251574.63 0 0
1512251574.74 0 0
1512251574.84 0 0
1512251574.94 0 0
1512251575.04 0 0
1512251575.14 0 0
1512251575.24 0 0
1512251575.34 0 0
1512251575.45 0 0
1512251575.55 0 0
1512251575.65 0 0
1512251575.74 0 0
1512251575.85 0 0
1512251575.95 0 0
1512251576.05 0 0
1512251576.17 0 0
1512251576.3 0 0
1512251576.4 0 0
1512251576.5 0 0
1512251576.6 0 0
1512251576.7 0 0
1512251576.8 0 0
1512251576.9 0 0
1512251577.0 0 0
1512251577.1 0 0
1512251577.2 0 0
1512251577.31 0 0
1512251577.41 0 0
1512251577.51 0 0
1512251577.61 0 0
1512251577.71 0 0
1512251577.81 0 0
1512251577.91 0 0
1512251578.01 0 0
1512251578.11 0 0
1512251578.21 0 0
1512251578.31 0 0
1512251578.41 0 0
1512251578.51 0 0
1512251578.61 0 0
1512251578.71 0 0
1512251578.81 0 0
1512251578.91 0 0
1512251579.01 0 0
1512251579.11 0 0
1512251579.21 0 0
1512251579.31 0 0
1512251579.41 0 0
1512251579.51 0 0
1512251579.61 0 0
1512251579.71 0 0
1512251579.81 0 0
1512251579.91 0 0
1512251580.01 0 0
1512251580.11 0 0
1512251580.21 0 0
1512251580.31 0 0
1512251580.41 0 0
1512251580.51 0 0
1512251580.61 0 0
1512251580.71 0 0
1512251580.81 0 0
1512251580.91 0 0
1512251581.01 0 0
1512251581.11 0 0
1512251581.21 0 0
1512251581.32 0 0
1512251581.42 0 0
1512251581.52 0 0
1512251581.62 0 0
1512251581.72 0 0
1512251581.82 0 0
1512251581.92 0 0
1512251582.03 0 0
1512251582.13 0 0
1512251582.23 0 0
1512251582.33 0 0
1512251582.43 0 0
1512251582.54 0 0
1512251582.64 0 0
1512251582.74 0 0
1512251582.83 0 0
1512251582.94 0 0
1512251583.04 0 0
1512251583.14 0 0
1512251583.24 0 0
1512251583.34 0 0
1512251583.44 0 0
1512251583.55 0 0
1512251583.64 0 0
1512251583.75 0 0
1512251583.84 0 0
1512251583.94 0 0
1512251584.04 0 0
1512251584.14 0 0
1512251584.24 0 0
1512251584.34 0 0
1512251584.44 0 0
1512251584.54 0 0
1512251584.64 0 0
1512251584.74 0 0
1512251584.84 0 0
1512251584.94 0 0
1512251585.04 0 0
1512251585.14 0 0
1512251585.24 0 0
1512251585.34 0 0
1512251585.44 0 0
1512251585.54 0 0
1512251585.65 0 0
1512251585.74 0 0
1512251585.84 0 0
1512251585.94 0 0
1512251586.04 0 0
1512251586.15 0 0
1512251586.24 0 0
1512251586.34 0 0
1512251586.45 0 0
1512251586.55 0 0
1512251586.65 0 0
1512251586.75 0 0
1512251586.85 0 0
1512251586.95 0 0
1512251587.05 0 0
1512251587.15 0 0
1512251587.25 0 0
1512251587.35 0 0
1512251587.45 0 0
1512251587.55 0 0
1512251587.65 0 0
1512251587.75 0 0
1512251587.86 0 0
1512251587.95 0 0
1512251588.05 0 0
1512251588.15 0 0
1512251588.25 0 0
1512251588.35 0 0
1512251588.45 0 0
1512251588.55 0 0
1512251588.67 0 0
1512251588.75 0 0
1512251588.85 0 0
1512251588.95 0 0
1512251589.05 0 0
1512251589.15 0 0
1512251589.25 0 0
1512251589.35 0 0
1512251589.45 0 0
1512251589.55 0 0
1512251589.65 0 0
1512251589.75 0 0
1512251589.85 0 0
1512251589.95 0 0
1512251590.05 0 0
1512251590.15 0 0
1512251590.25 0 0
1512251590.35 0 0
1512251590.45 0 0
1512251590.55 0 0
1512251590.65 0 0
1512251590.76 0 0
1512251590.86 0 0
1512251590.95 0 0
1512251591.05 0 0
1512251591.16 0 0
1512251591.26 0 0
1512251591.36 0 0
1512251591.45 0 0
1512251591.57 0 0
1512251591.66 0 0
1512251591.76 0 0
1512251591.86 0 0
1512251591.96 0 0
1512251592.06 0 0
1512251592.16 0 0
1512251592.26 0 0
1512251592.38 0 0
1512251592.46 0 0
1512251592.56 0 0
1512251592.66 0 0
1512251592.77 0 0
1512251592.86 0 0
1512251592.97 0 0
1512251593.07 0 0
1512251593.18 0 0
1512251593.27 0 0
1512251593.36 0 0
1512251593.46 0 0
1512251593.57 0 0
1512251593.67 0 0
1512251593.77 0 0
1512251593.87 0 0
1512251593.97 0 0
1512251594.07 0 0
1512251594.17 0 0
1512251594.27 0 0
1512251594.37 0 0
1512251594.47 0 0
1512251594.57 0 0
1512251594.67 0 0
1512251594.77 0 0
1512251594.88 0 0
1512251594.97 0 0
1512251595.07 0 0
1512251595.17 0 0
1512251595.27 0 0
1512251595.37 0 0
1512251595.47 0 0
1512251595.57 0 0
1512251595.67 0 0
1512251595.77 0 0
1512251595.87 0 0
1512251595.97 0 0
1512251596.07 0 0
1512251596.18 0 0
1512251596.32 0 0
1512251596.42 0 0
1512251596.52 0 0
1512251596.62 0 0
1512251596.72 0 0
1512251596.82 0 0
1512251596.92 0 0
1512251597.02 0 0
1512251597.12 0 0
1512251597.23 0 0
1512251597.37 0 0
1512251597.46 0 0
1512251597.57 0 0
1512251597.66 0 0
1512251597.77 0 0
1512251597.87 0 0
1512251597.96 0 0
1512251598.07 0 0
1512251598.17 0 0
1512251598.27 0 0
1512251598.37 0 0
1512251598.47 0 0
1512251598.57 0 0
1512251598.67 0 0
1512251598.77 0 0
1512251598.87 0 0
1512251598.97 0 0
1512251599.07 0 0
1512251599.17 0 0
1512251599.27 0 0
1512251599.37 0 0
1512251599.47 0 0
1512251599.57 0 0
1512251599.67 0 0
1512251599.77 0 0
1512251599.87 0 0
1512251599.98 0 0
1512251600.09 0 0
1512251600.18 0 0
1512251600.29 0 0
1512251600.4 0 0
1512251600.49 0 0
1512251600.61 0 0
1512251600.75 0 0
1512251600.85 0 0
1512251600.95 0 0
1512251601.04 0 0
1512251601.14 0 0
1512251601.28 0 0
1512251601.38 0 0
1512251601.47 0 0
1512251601.57 0 0
1512251601.67 0 0
1512251601.77 0 0
1512251601.87 0 0
1512251601.97 0 0
1512251602.08 0 0
1512251602.21 0 0
1512251602.31 0 0
1512251602.41 0 0
1512251602.51 0 0
1512251602.61 0 0
1512251602.71 0 0
1512251602.81 0 0
1512251602.91 0 0
1512251603.01 0 0
1512251603.12 0 0
1512251603.24 0 0
1512251603.34 0 0
1512251603.44 0 0
1512251603.54 0 0
1512251603.64 0 0
1512251603.74 0 0
1512251603.84 0 0
1512251603.94 0 0
1512251604.05 0 0
1512251604.14 0 0
1512251604.24 0 0
1512251604.34 0 0
1512251604.44 0 0
1512251604.56 0 0
1512251604.66 0 0
1512251604.77 0 0
1512251604.86 0 0
1512251604.98 0 0
1512251605.1 0 0
1512251605.2 0 0
1512251605.3 0 0
1512251605.4 0 0
1512251605.5 0 0
1512251605.6 0 0
1512251605.7 0 0
1512251605.8 0 0
1512251605.9 0 0
1512251606.01 0 0
1512251606.12 0 0
1512251606.22 0 0
1512251606.32 0 0
1512251606.42 0 0
1512251606.52 0 0
1512251606.63 0 0
1512251606.72 0 0
1512251606.82 0 0
1512251606.93 0 0
1512251607.04 0 0
1512251607.16 0 0
1512251607.26 0 0
1512251607.35 0 0
1512251607.46 0 0
1512251607.56 0 0
1512251607.66 0 0
1512251607.76 0 0
1512251607.86 0 0
1512251607.97 0 0
1512251608.1 0 0
1512251608.2 0 0
1512251608.3 0 0
1512251608.4 0 0
1512251608.5 0 0
1512251608.6 0 0
1512251608.7 0 0
1512251608.8 0 0
1512251608.9 0 0
1512251609.0 0 0
1512251609.1 0 0
1512251609.2 0 0
1512251609.3 0 0
1512251609.4 0 0
1512251609.5 0 0
1512251609.6 0 0
1512251609.7 0 0
1512251609.8 0 0
1512251609.9 0 0
1512251610.0 0 0
1512251610.1 0 0
1512251610.2 0 0
1512251610.3 0 0
1512251610.4 0 0
1512251610.51 0 0
1512251610.61 0 0
1512251610.73 0 0
1512251610.83 0 0
1512251610.93 0 0
1512251611.03 0 0
1512251611.12 0 0
1512251611.22 0 0
1512251611.32 0 0
1512251611.42 0 0
1512251611.52 0 0
1512251611.62 0 0
1512251611.72 0 0
1512251611.83 0 0
1512251611.94 0 0
1512251612.04 0 0
1512251612.14 0 0
1512251612.24 0 0
1512251612.34 0 0
1512251612.44 0 0
1512251612.54 0 0
1512251612.64 0 0
1512251612.74 0 0
1512251612.84 0 0
1512251612.95 0 0
1512251613.05 0 0
1512251613.15 0 0
1512251613.25 0 0
1512251613.35 0 0
1512251613.45 0 0
1512251613.55 0 0
1512251613.65 0 0
1512251613.75 0 0
1512251613.85 0 0
1512251613.95 0 0
1512251614.05 0 0
1512251614.15 0 0
1512251614.25 0 0
1512251614.37 0 0
1512251614.5 0 0
1512251614.62 0 0
1512251614.74 0 0
1512251614.84 0 0
1512251614.94 0 0
1512251615.04 0 0
1512251615.14 0 0
1512251615.24 0 0
1512251615.34 0 0
1512251615.44 0 0
1512251615.54 0 0
1512251615.64 0 0
1512251615.75 0 0
1512251615.87 0 0
1512251615.97 0 0
1512251616.07 0 0
1512251616.17 0 0
1512251616.27 0 0
1512251616.37 0 0
1512251616.47 0 0
1512251616.57 0 0
1512251616.67 0 0
1512251616.77 0 0
1512251616.87 0 0
1512251616.97 0 0
1512251617.07 0 0
1512251617.17 0 0
1512251617.27 0 0
1512251617.39 0 0
1512251617.5 0 0
1512251617.6 0 0
1512251617.7 0 0
1512251617.8 0 0
1512251617.91 0 0
1512251618.01 0 0
1512251618.1 0 0
1512251618.21 0 0
1512251618.31 0 0
1512251618.41 0 0
1512251618.51 0 0
1512251618.61 0 0
1512251618.71 0 0
1512251618.82 0 0
1512251618.93 0 0
1512251619.03 0 0
1512251619.13 0 0
1512251619.25 0 0
1512251619.37 0 0
1512251619.47 0 0
1512251619.57 0 0
1512251619.67 0 0
1512251619.79 0 0
1512251619.89 0 0
1512251619.99 0 0
1512251620.1 0 0
1512251620.24 0 0
1512251620.34 0 0
1512251620.43 0 0
1512251620.53 0 0
1512251620.63 0 0
1512251620.73 0 0
1512251620.83 0 0
1512251620.93 0 0
1512251621.03 0 0
1512251621.15 0 0
1512251621.25 0 0
1512251621.35 0 0
1512251621.45 0 0
1512251621.55 0 0
1512251621.65 0 0
1512251621.75 0 0
1512251621.85 0 0
1512251621.95 0 0
1512251622.05 0 0
1512251622.15 0 0
1512251622.25 0 0
1512251622.35 0 0
1512251622.45 0 0
1512251622.55 0 0
1512251622.65 0 0
1512251622.75 0 0
1512251622.85 0 0
1512251622.95 0 0
1512251623.05 0 0
1512251623.15 0 0
1512251623.25 0 0
1512251623.35 0 0
1512251623.45 0 0
1512251623.55 0 0
1512251623.65 0 0
1512251623.79 0 0
1512251623.87 0 0
1512251623.97 0 0
1512251624.07 0 0
1512251624.17 0 0
1512251624.27 0 0
1512251624.37 0 0
1512251624.47 0 0
1512251624.57 0 0
1512251624.67 0 0
1512251624.78 0 0
1512251624.88 0 0
1512251624.98 0 0
1512251625.08 0 0
1512251625.18 0 0
1512251625.28 0 0
1512251625.38 0 0
1512251625.48 0 0
1512251625.58 0 0
1512251625.68 0 0
1512251625.78 0 0
1512251625.88 0 0
1512251625.98 0 0
1512251626.08 0 0
1512251626.18 0 0
1512251626.28 0 0
1512251626.38 0 0
1512251626.48 0 0
1512251626.58 0 0
1512251626.68 0 0
1512251626.78 0 0
1512251626.88 0 0
1512251626.98 0 0
1512251627.08 0 0
1512251627.18 0 0
1512251627.29 0 0
1512251627.38 0 0
1512251627.48 0 0
1512251627.58 0 0
1512251627.68 0 0
1512251627.78 0 0
1512251627.88 0 0
1512251627.98 0 0
1512251628.08 0 0
1512251628.18 0 0
1512251628.28 0 0
1512251628.38 0 0
1512251628.48 0 0
1512251628.58 0 0
1512251628.68 0 0
1512251628.78 0 0
1512251628.88 0 0
1512251628.98 0 0
1512251629.08 0 0
1512251629.18 0 0
1512251629.28 0 0
1512251629.38 0 0
1512251629.48 0 0
1512251629.59 0 0
1512251629.69 0 0
1512251629.79 0 0
1512251629.89 0 0
1512251629.99 0 0
1512251630.09 0 0
1512251630.19 0 0
1512251630.29 0 0
1512251630.39 0 0
1512251630.49 0 0
1512251630.59 0 0
1512251630.69 0 0
1512251630.79 0 0
1512251630.89 0 0
1512251630.99 0 0
1512251631.09 0 0
1512251631.19 0 0
1512251631.29 0 0
1512251631.39 0 0
1512251631.49 0 0
1512251631.59 0 0
1512251631.69 0 0
1512251631.79 0 0
1512251631.89 0 0
1512251631.99 0 0
1512251632.09 0 0
1512251632.19 0 0
1512251632.29 0 0
1512251632.39 0 0
1512251632.49 0 0
1512251632.59 0 0
1512251632.69 0 0
1512251632.79 0 0
1512251632.89 0 0
1512251632.99 0 0
1512251633.09 0 0
1512251633.19 0 0
1512251633.29 0 0
1512251633.39 0 0
1512251633.49 0 0
1512251633.59 0 0
1512251633.69 0 0
1512251633.79 0 0
1512251633.89 0 0
1512251633.99 0 0
1512251634.09 0 0
1512251634.19 0 0
1512251634.29 0 0
1512251634.39 0 0
1512251634.49 0 0
1512251634.6 0 0
1512251634.7 0 0
1512251634.79 0 0
1512251634.91 0 0
1512251635.0 0 0
1512251635.1 0 0
1512251635.2 0 0
1512251635.31 0 0
1512251635.4 0 0
1512251635.5 0 0
1512251635.6 0 0
1512251635.7 0 0
1512251635.81 0 0
1512251635.9 0 0
1512251636.0 0 0
1512251636.1 0 0
1512251636.2 0 0
1512251636.3 0 0
1512251636.4 0 0
1512251636.5 0 0
1512251636.6 0 0
1512251636.7 0 0
1512251636.8 0 0
1512251636.9 0 0
1512251637.0 0 0
1512251637.1 0 0
1512251637.2 0 0
1512251637.3 0 0
1512251637.4 0 0
1512251637.5 0 0
1512251637.6 0 0
1512251637.71 0 0
1512251637.8 0 0
1512251637.9 0 0
1512251638.01 0 0
1512251638.1 0 0
1512251638.2 0 0
1512251638.3 0 0
1512251638.4 0 0
1512251638.5 0 0
1512251638.6 0 0
1512251638.71 0 0
1512251638.81 0 0
1512251638.91 0 0
1512251639.01 0 0
1512251639.11 0 0
1512251639.21 0 0
1512251639.31 0 0
1512251639.41 0 0
1512251639.51 0 0
1512251639.61 0 0
1512251639.71 0 0
1512251639.82 0 0
1512251639.91 0 0
1512251640.01 0 0
1512251640.12 0 0
1512251640.22 0 0
1512251640.31 0 0
1512251640.41 0 0
1512251640.52 0 0
1512251640.62 0 0
1512251640.71 0 0
1512251640.81 0 0
1512251640.93 0 0
1512251641.02 0 0
1512251641.12 0 0
1512251641.22 0 0
1512251641.32 0 0
1512251641.42 0 0
1512251641.52 0 0
1512251641.62 0 0
1512251641.72 0 0
1512251641.82 0 0
1512251641.92 0 0
1512251642.02 0 0
1512251642.12 0 0
1512251642.22 0 0
1512251642.32 0 0
1512251642.42 0 0
1512251642.53 0 0
1512251642.62 0 0
1512251642.74 0 0
1512251642.82 0 0
1512251642.92 0 0
1512251643.02 0 0
1512251643.12 0 0
1512251643.22 0 0
1512251643.33 0 0
1512251643.42 0 0
1512251643.52 0 0
1512251643.62 0 0
1512251643.72 0 0
1512251643.82 0 0
1512251643.92 0 0
1512251644.03 0 0
1512251644.12 0 0
1512251644.22 0 0
1512251644.32 0 0
1512251644.42 0 0
1512251644.52 0 0
1512251644.62 0 0
1512251644.73 0 0
1512251644.83 0 0
1512251644.93 0 0
1512251645.02 0 0
1512251645.12 0 0
1512251645.23 0 0
1512251645.33 0 0
1512251645.44 0 0
1512251645.53 0 0
1512251645.63 0 0
1512251645.74 0 0
1512251645.85 0 0
1512251645.99 0 0
1512251646.08 0 0
1512251646.18 0 0
1512251646.28 0 0
1512251646.38 0 0
1512251646.49 0 0
1512251646.58 0 0
1512251646.69 0 0
1512251646.79 0 0
1512251646.89 0 0
1512251646.99 0 0
1512251647.09 0 0
1512251647.19 0 0
1512251647.3 0 0
1512251647.39 0 0
1512251647.5 0 0
1512251647.6 0 0
1512251647.7 0 0
1512251647.81 0 0
1512251647.94 0 0
1512251648.03 0 0
1512251648.13 0 0
1512251648.23 0 0
1512251648.33 0 0
1512251648.44 0 0
1512251648.54 0 0
1512251648.64 0 0
1512251648.74 0 0
1512251648.84 0 0
1512251648.94 0 0
1512251649.04 0 0
1512251649.14 0 0
1512251649.26 0 0
1512251649.39 0 0
1512251649.49 0 0
1512251649.61 0 0
1512251649.71 0 0
1512251649.82 0 0
1512251649.91 0 0
1512251650.01 0 0
1512251650.11 0 0
1512251650.22 0 0
1512251650.32 0 0
1512251650.43 0 0
1512251650.54 0 0
1512251650.64 0 0
1512251650.74 0 0
1512251650.84 0 0
1512251650.96 0 0
1512251651.07 0 0
1512251651.17 0 0
1512251651.27 0 0
1512251651.37 0 0
1512251651.48 0 0
1512251651.62 0 0
1512251651.72 0 0
1512251651.85 0 0
1512251651.97 0 0
1512251652.07 0 0
1512251652.17 0 0
1512251652.28 0 0
1512251652.38 0 0
1512251652.48 0 0
1512251652.58 0 0
1512251652.68 0 0
1512251652.78 0 0
1512251652.87 0 0
1512251652.97 0 0
1512251653.07 0 0
1512251653.17 0 0
1512251653.27 0 0
1512251653.37 0 0
1512251653.47 0 0
1512251653.57 0 0
1512251653.67 0 0
1512251653.79 0 0
1512251653.9 0 0
1512251654.0 0 0
1512251654.1 0 0
1512251654.2 0 0
1512251654.3 0 0
1512251654.4 0 0
1512251654.5 0 0
1512251654.6 0 0
1512251654.7 0 0
1512251654.8 0 0
1512251654.9 0 0
1512251655.0 0 0
1512251655.1 0 0
1512251655.2 0 0
1512251655.3 0 0
1512251655.4 0 0
1512251655.5 0 0
1512251655.6 0 0
1512251655.7 0 0
1512251655.8 0 0
1512251655.9 0 0
1512251656.0 0 0
1512251656.1 0 0
1512251656.2 0 0
1512251656.3 0 0
1512251656.4 0 0
1512251656.5 0 0
1512251656.61 0 0
1512251656.73 0 0
1512251656.81 0 0
