1512244845.29 0 0
1512244845.37 0 0
1512244845.47 0 0
1512244845.57 0 0
1512244845.68 0 0
1512244845.77 0 0
1512244845.89 0 0
1512244845.98 0 0
1512244846.08 0 0
1512244846.18 0 0
1512244846.28 0 0
1512244846.38 0 0
1512244846.48 0 0
1512244846.58 0 0
1512244846.68 0 0
1512244846.78 0 0
1512244846.88 0 0
1512244846.98 0 0
1512244847.08 0 0
1512244847.18 0 0
1512244847.29 0 0
1512244847.39 0 0
1512244847.49 0 0
1512244847.58 0 0
1512244847.68 0 0
1512244847.79 0 0
1512244847.89 0 0
1512244847.99 0 0
1512244848.09 0 0
1512244848.19 0 0
1512244848.3 0 0
1512244848.4 0 0
1512244848.5 0 0
1512244848.6 0 0
1512244848.7 0 0
1512244848.81 0 0
1512244848.91 0 0
1512244849.01 0 0
1512244849.11 0 0
1512244849.21 0 0
1512244849.31 0 0
1512244849.42 0 0
1512244849.52 0 0
1512244849.62 0 0
1512244849.72 0 0
1512244849.82 0 0
1512244849.92 0 0
1512244850.02 0 0
1512244850.12 0 0
1512244850.22 0 0
1512244850.32 0 0
1512244850.42 0 0
1512244850.52 0 0
1512244850.62 0 0
1512244850.72 0 0
1512244850.82 0 0
1512244850.92 0 0
1512244851.02 0 0
1512244851.12 0 0
1512244851.22 0 0
1512244851.32 0 0
1512244851.42 0 0
1512244851.52 0 0
1512244851.62 0 0
1512244851.72 0 0
1512244851.82 0 0
1512244851.92 0 0
1512244852.02 0 0
1512244852.12 0 0
1512244852.22 0 0
1512244852.32 0 0
1512244852.42 0 0
1512244852.52 0 0
1512244852.62 0 0
1512244852.72 0 0
1512244852.82 0 0
1512244852.92 0 0
1512244853.02 0 0
1512244853.13 0 0
1512244853.22 0 0
1512244853.32 0 0
1512244853.43 0 0
1512244853.53 0 0
1512244853.62 0 0
1512244853.73 0 0
1512244853.83 0 0
1512244853.93 0 0
1512244854.03 0 0
1512244854.13 0 0
1512244854.23 0 0
1512244854.33 0 0
1512244854.43 0 0
1512244854.53 0 0
1512244854.63 0 0
1512244854.73 0 0
1512244854.83 0 0
1512244854.93 0 0
1512244855.03 0 0
1512244855.14 0 0
1512244855.24 0 0
1512244855.34 0 0
1512244855.44 0 0
1512244855.54 0 0
1512244855.64 0 0
1512244855.74 0 0
1512244855.84 0 0
1512244855.94 0 0
1512244856.04 0 0
1512244856.15 0 0
1512244856.24 0 0
1512244856.34 0 0
1512244856.44 0 0
1512244856.54 0 0
1512244856.64 0 0
1512244856.74 0 0
1512244856.84 0 0
1512244856.94 0 0
1512244857.04 0 0
1512244857.14 0 0
1512244857.24 0 0
1512244857.34 0 0
1512244857.44 0 0
1512244857.54 0 0
1512244857.64 0 0
1512244857.74 0 0
1512244857.84 0 0
1512244857.94 0 0
1512244858.04 0 0
1512244858.14 0 0
1512244858.24 0 0
1512244858.34 0 0
1512244858.44 0 0
1512244858.54 0 0
1512244858.64 0 0
1512244858.74 0 0
1512244858.84 0 0
1512244858.94 0 0
1512244859.04 0 0
1512244859.14 0 0
1512244859.24 0 0
1512244859.34 0 0
1512244859.44 0 0
1512244859.54 0 0
1512244859.65 0 0
1512244859.75 0 0
1512244859.85 0 0
1512244859.95 0 0
1512244860.06 0 0
1512244860.16 0 0
1512244860.26 0 0
1512244860.36 0 0
1512244860.46 0 0
1512244860.57 0 0
1512244860.66 0 0
1512244860.76 0 0
1512244860.87 0 0
1512244860.97 0 0
1512244861.07 0 0
1512244861.17 0 0
1512244861.28 0 0
1512244861.37 0 0
1512244861.48 0 0
1512244861.58 0 0
1512244861.68 0 0
1512244861.78 0 0
1512244861.88 0 0
1512244861.98 0 0
1512244862.08 0 0
1512244862.18 0 0
1512244862.28 0 0
1512244862.38 0 0
1512244862.48 0 0
1512244862.59 0 0
1512244862.73 0 0
1512244862.83 0 0
1512244862.92 0 0
1512244863.03 0 0
1512244863.12 0 0
1512244863.22 0 0
1512244863.32 0 0
1512244863.42 0 0
1512244863.53 0 0
1512244863.63 0 0
1512244863.73 0 0
1512244863.83 0 0
1512244863.93 0 0
1512244864.03 0 0
1512244864.13 0 0
1512244864.23 0 0
1512244864.33 0 0
1512244864.43 0 0
1512244864.53 0 0
1512244864.63 0 0
1512244864.73 0 0
1512244864.83 0 0
1512244864.93 0 0
1512244865.03 0 0
1512244865.13 0 0
1512244865.23 0 0
1512244865.33 0 0
1512244865.43 0 0
1512244865.53 0 0
1512244865.63 0 0
1512244865.73 0 0
1512244865.83 0 0
1512244865.93 0 0
1512244866.03 0 0
1512244866.14 0 0
1512244866.23 0 0
1512244866.33 0 0
1512244866.44 0 0
1512244866.54 0 0
1512244866.64 0 0
1512244866.74 0 0
1512244866.85 0 0
1512244866.94 0 0
1512244867.04 0 0
1512244867.14 0 0
1512244867.25 0 0
1512244867.35 0 0
1512244867.45 0 0
1512244867.55 0 0
1512244867.65 0 0
1512244867.75 0 0
1512244867.85 0 0
1512244867.95 0 0
1512244868.05 0 0
1512244868.15 0 0
1512244868.25 0 0
1512244868.35 0 0
1512244868.45 0 0
1512244868.55 0 0
1512244868.65 0 0
1512244868.75 0 0
1512244868.85 0 0
1512244868.95 0 0
1512244869.05 0 0
1512244869.15 0 0
1512244869.25 0 0
1512244869.35 0 0
1512244869.45 0 0
1512244869.55 0 0
1512244869.65 0 0
1512244869.75 0 0
1512244869.85 0 0
1512244869.95 0 0
1512244870.05 0 0
1512244870.15 0 0
1512244870.25 0 0
1512244870.35 0 0
1512244870.45 0 0
1512244870.55 0 0
1512244870.65 0 0
1512244870.75 0 0
1512244870.85 0 0
1512244870.95 0 0
1512244871.05 0 0
1512244871.15 0 0
1512244871.25 0 0
1512244871.35 0 0
1512244871.45 0 0
1512244871.56 0 0
1512244871.65 0 0
1512244871.76 0 0
1512244871.86 0 0
1512244871.96 0 0
1512244872.06 0 0
1512244872.16 0 0
1512244872.27 0 0
1512244872.37 0 0
1512244872.47 0 0
1512244872.57 0 0
1512244872.67 0 0
1512244872.77 0 0
1512244872.86 0 0
1512244872.97 0 0
1512244873.07 0 0
1512244873.17 0 0
1512244873.27 0 0
1512244873.37 0 0
1512244873.47 0 0
1512244873.57 0 0
1512244873.67 0 0
1512244873.77 0 0
1512244873.87 0 0
1512244873.97 0 0
1512244874.07 0 0
1512244874.17 0 0
1512244874.27 0 0
1512244874.37 0 0
1512244874.47 0 0
1512244874.57 0 0
1512244874.67 0 0
1512244874.77 0 0
1512244874.87 0 0
1512244874.97 0 0
1512244875.07 0 0
1512244875.17 0 0
1512244875.27 0 0
1512244875.37 0 0
1512244875.47 0 0
1512244875.57 0 0
1512244875.67 0 0
1512244875.77 0 0
1512244875.87 0 0
1512244875.97 0 0
1512244876.07 0 0
1512244876.17 0 0
1512244876.27 0 0
1512244876.37 0 0
1512244876.47 0 0
1512244876.57 0 0
1512244876.67 0 0
1512244876.77 0 0
1512244876.87 0 0
1512244876.97 0 0
1512244877.07 0 0
1512244877.18 0 0
1512244877.27 0 0
1512244877.38 0 0
1512244877.47 0 0
1512244877.57 0 0
1512244877.68 0 0
1512244877.79 0 0
1512244877.88 0 0
1512244877.98 0 0
1512244878.08 0 0
1512244878.19 0 0
1512244878.29 0 0
1512244878.39 0 0
1512244878.49 0 0
1512244878.59 0 0
1512244878.69 0 0
1512244878.8 0 0
1512244878.9 0 0
1512244879.0 0 0
1512244879.1 0 0
1512244879.21 0 0
1512244879.3 0 0
1512244879.4 0 0
1512244879.5 0 0
1512244879.6 0 0
1512244879.71 0 0
1512244879.8 0 0
1512244879.9 0 0
1512244880.0 0 0
1512244880.1 0 0
1512244880.2 0 0
1512244880.3 0 0
1512244880.4 0 0
1512244880.5 0 0
1512244880.6 0 0
1512244880.7 0 0
1512244880.8 0 0
1512244880.9 0 0
1512244881.0 0 0
1512244881.1 0 0
1512244881.2 0 0
1512244881.3 0 0
1512244881.4 0 0
1512244881.5 0 0
1512244881.6 0 0
1512244881.7 0 0
1512244881.8 0 0
1512244881.9 0 0
1512244882.0 0 0
1512244882.1 0 0
1512244882.2 0 0
1512244882.31 0 0
1512244882.41 0 0
1512244882.51 0 0
1512244882.61 0 0
1512244882.71 0 0
1512244882.81 0 0
1512244882.91 0 0
1512244883.02 0 0
1512244883.11 0 0
1512244883.22 0 0
1512244883.32 0 0
1512244883.42 0 0
1512244883.52 0 0
1512244883.62 0 0
1512244883.73 0 0
1512244883.83 0 0
1512244883.93 0 0
1512244884.06 0 0
1512244884.14 0 0
1512244884.25 0 0
1512244884.36 0 0
1512244884.45 0 0
1512244884.55 0 0
1512244884.67 0 0
1512244884.78 0 0
1512244884.88 0 0
1512244884.98 0 0
1512244885.08 0 0
1512244885.18 0 0
1512244885.28 0 0
1512244885.38 0 0
1512244885.48 0 0
1512244885.6 0 0
1512244885.75 0 0
1512244885.83 0 0
1512244885.94 0 0
1512244886.04 0 0
1512244886.14 0 0
1512244886.24 0 0
1512244886.34 0 0
1512244886.46 0 0
1512244886.58 0 0
1512244886.68 0 0
1512244886.78 0 0
1512244886.88 0 0
1512244886.98 0 0
1512244887.08 0 0
1512244887.18 0 0
1512244887.28 0 0
1512244887.4 0 0
1512244887.53 0 0
1512244887.62 0 0
1512244887.73 0 0
1512244887.83 0 0
1512244887.93 0 0
1512244888.03 0 0
1512244888.13 0 0
1512244888.23 0 0
1512244888.35 0 0
1512244888.49 0 0
1512244888.6 0 0
1512244888.69 0 0
1512244888.8 0 0
1512244888.9 0 0
1512244888.99 0 0
1512244889.1 0 0
1512244889.2 0 0
1512244889.29 0 0
1512244889.39 0 0
1512244889.49 0 0
1512244889.59 0 0
1512244889.72 0 0
1512244889.83 0 0
1512244889.92 0 0
1512244890.02 0 0
1512244890.13 0 0
1512244890.23 0 0
1512244890.35 0 0
1512244890.47 0 0
1512244890.56 0 0
1512244890.66 0 0
1512244890.76 0 0
1512244890.89 0 0
1512244891.0 0 0
1512244891.1 0 0
1512244891.2 0 0
1512244891.3 0 0
1512244891.4 0 0
1512244891.5 0 0
1512244891.63 0 0
1512244891.74 0 0
1512244891.84 0 0
1512244891.94 0 0
1512244892.04 0 0
1512244892.14 0 0
1512244892.24 0 0
1512244892.35 0 0
1512244892.48 0 0
1512244892.58 0 0
1512244892.68 0 0
1512244892.78 0 0
1512244892.88 0 0
1512244892.98 0 0
1512244893.09 0 0
1512244893.22 0 0
1512244893.32 0 0
1512244893.42 0 0
1512244893.52 0 0
1512244893.62 0 0
1512244893.72 0 0
1512244893.82 0 0
1512244893.92 0 0
1512244894.03 0 0
1512244894.14 0 0
1512244894.24 0 0
1512244894.34 0 0
1512244894.44 0 0
1512244894.54 0 0
1512244894.64 0 0
1512244894.74 0 0
1512244894.84 0 0
1512244894.94 0 0
1512244895.06 0 0
1512244895.18 0 0
1512244895.28 0 0
1512244895.38 0 0
1512244895.48 0 0
1512244895.58 0 0
1512244895.68 0 0
1512244895.78 0 0
1512244895.88 0 0
1512244896.0 0 0
1512244896.1 0 0
1512244896.2 0 0
1512244896.3 0 0
1512244896.4 0 0
1512244896.5 0 0
1512244896.63 0 0
1512244896.76 0 0
1512244896.87 0 0
1512244896.96 0 0
1512244897.06 0 0
1512244897.16 0 0
1512244897.26 0 0
1512244897.36 0 0
1512244897.46 0 0
1512244897.56 0 0
1512244897.66 0 0
1512244897.76 0 0
1512244897.86 0 0
1512244897.96 0 0
1512244898.06 0 0
1512244898.16 0 1514
1512244898.26 0 0
1512244898.36 0 0
1512244898.46 0 18168
1512244898.56 0 60560
1512244898.66 0 62074
1512244898.76 0 60560
1512244898.87 0 62074
1512244898.96 0 59046
1512244899.07 0 62074
1512244899.17 0 60560
1512244899.26 0 56018
1512244899.35 0 59046
1512244899.46 0 62074
1512244899.56 0 62074
1512244899.66 0 59046
1512244899.77 0 66616
1512244899.86 0 59046
1512244899.97 0 63588
1512244900.07 0 62074
1512244900.17 0 59046
1512244900.27 0 59046
1512244900.37 0 63588
1512244900.46 0 56018
1512244900.56 0 62074
1512244900.66 0 60560
1512244900.75 0 54504
1512244900.85 0 56018
1512244900.95 0 62074
1512244901.04 0 59046
1512244901.15 0 60560
1512244901.25 0 62074
1512244901.35 0 60560
1512244901.45 0 60560
1512244901.55 0 62074
1512244901.65 0 60560
1512244901.75 0 60560
1512244901.85 0 60560
1512244901.95 0 60560
1512244902.05 0 60560
1512244902.15 0 60560
1512244902.25 0 60560
1512244902.35 0 62074
1512244902.45 0 60560
1512244902.55 0 59046
1512244902.65 0 65102
1512244902.76 0 63588
1512244902.86 0 59046
1512244902.96 0 63588
1512244903.06 0 57532
1512244903.16 0 65102
1512244903.26 0 62074
1512244903.36 0 62074
1512244903.46 0 59046
1512244903.56 0 62074
1512244903.67 0 63588
1512244903.77 0 57532
1512244903.87 0 62074
1512244903.97 0 60560
1512244904.07 0 60560
1512244904.17 0 60560
1512244904.27 0 60560
1512244904.37 0 63588
1512244904.47 0 56018
1512244904.57 0 63588
1512244904.67 0 62074
1512244904.77 0 60560
1512244904.87 0 60560
1512244904.97 0 60560
1512244905.07 0 60560
1512244905.17 0 62074
1512244905.27 0 59046
1512244905.37 0 60560
1512244905.47 0 60560
1512244905.57 0 62074
1512244905.67 0 62074
1512244905.77 0 60560
1512244905.87 0 59046
1512244905.97 0 62074
1512244906.07 0 59046
1512244906.17 0 62074
1512244906.27 0 60560
1512244906.37 0 60560
1512244906.47 0 60560
1512244906.57 0 60560
1512244906.67 0 60560
1512244906.77 0 60560
1512244906.87 0 62074
1512244906.97 0 60560
1512244907.07 0 62074
1512244907.18 0 63588
1512244907.27 0 59046
1512244907.38 0 59046
1512244907.48 0 62074
1512244907.58 0 65102
1512244907.68 0 59046
1512244907.77 0 56018
1512244907.87 0 62074
1512244907.97 0 60560
1512244908.07 0 60560
1512244908.17 0 62074
1512244908.28 0 60560
1512244908.36 0 52990
1512244908.47 0 62074
1512244908.56 0 60560
1512244908.66 0 60560
1512244908.76 0 60560
1512244908.86 0 62074
1512244908.96 0 59046
1512244909.07 0 62074
1512244909.16 0 60560
1512244909.27 0 60560
1512244909.37 0 62074
1512244909.47 0 62074
1512244909.57 0 60560
1512244909.67 0 60560
1512244909.77 0 62074
1512244909.88 0 63588
1512244909.98 0 59046
1512244910.08 0 63588
1512244910.17 0 57532
1512244910.28 0 65102
1512244910.38 0 59046
1512244910.48 0 63588
1512244910.58 0 60560
1512244910.68 0 59046
1512244910.78 0 60560
1512244910.88 0 60560
1512244910.98 0 62074
1512244911.08 0 62074
1512244911.18 0 59046
1512244911.28 0 60560
1512244911.38 0 62074
1512244911.48 0 60560
1512244911.58 0 60560
1512244911.68 0 62074
1512244911.78 0 60560
1512244911.88 0 62074
1512244911.99 0 57532
1512244912.08 0 62074
1512244912.18 0 57532
1512244912.28 0 65102
1512244912.38 0 56018
1512244912.48 0 63588
1512244912.59 0 65102
1512244912.69 0 60560
1512244912.79 0 60560
1512244912.89 0 60560
1512244912.99 0 60560
1512244913.09 0 60560
1512244913.19 0 60560
1512244913.29 0 60560
1512244913.39 0 57532
1512244913.49 0 65102
1512244913.59 0 60560
1512244913.69 0 62074
1512244913.79 0 62074
1512244913.89 0 60560
1512244914.0 0 62074
1512244914.1 0 63588
1512244914.2 0 60560
1512244914.31 0 65102
1512244914.4 0 52990
1512244914.51 0 65102
1512244914.61 0 63588
1512244914.71 0 62074
1512244914.81 0 57532
1512244914.91 0 59046
1512244915.01 0 65102
1512244915.11 0 57532
1512244915.21 0 60560
1512244915.31 0 63588
1512244915.4 0 54504
1512244915.5 0 62074
1512244915.6 0 60560
1512244915.7 0 62074
1512244915.81 0 60560
1512244915.91 0 62074
1512244916.01 0 62074
1512244916.1 0 56018
1512244916.21 0 59046
1512244916.31 0 34822
1512244916.41 0 34822
1512244916.51 0 54504
1512244916.61 0 60560
1512244916.71 0 6056
1512244916.81 0 0
1512244916.91 0 24224
1512244917.01 0 30280
1512244917.11 0 13626
1512244917.21 0 7570
1512244917.31 0 18168
1512244917.41 0 16654
1512244917.51 0 12112
1512244917.61 0 15140
1512244917.71 0 18168
1512244917.81 0 18168
1512244917.91 0 19682
1512244918.01 0 21196
1512244918.12 0 25738
1512244918.21 0 22710
1512244918.31 0 25738
1512244918.42 0 30280
1512244918.52 0 30280
1512244918.61 0 28766
1512244918.71 0 27252
1512244918.8 0 28766
1512244918.91 0 28766
1512244919.0 0 25738
1512244919.1 0 28766
1512244919.2 0 28766
1512244919.3 0 30280
1512244919.4 0 28766
1512244919.5 0 30280
1512244919.6 0 33308
1512244919.7 0 25738
1512244919.8 0 28766
1512244919.9 0 30280
1512244920.0 0 31794
1512244920.1 0 28766
1512244920.2 0 31794
1512244920.3 0 31794
1512244920.4 0 30280
1512244920.5 0 28766
1512244920.6 0 30280
1512244920.7 0 30280
1512244920.8 0 31794
1512244920.9 0 31794
1512244921.01 0 28766
1512244921.11 0 27252
1512244921.21 0 28766
1512244921.31 0 33308
1512244921.41 0 30280
1512244921.51 0 30280
1512244921.62 0 34822
1512244921.71 0 30280
1512244921.82 0 28766
1512244921.92 0 27252
1512244922.0 0 27252
1512244922.1 0 30280
1512244922.2 0 31794
1512244922.3 0 30280
1512244922.4 0 34822
1512244922.5 0 25738
1512244922.6 0 25738
1512244922.7 0 30280
1512244922.8 0 30280
1512244922.9 0 31794
1512244923.01 0 30280
1512244923.1 0 31794
1512244923.2 0 30280
1512244923.3 0 28766
1512244923.4 0 27252
1512244923.5 0 31794
1512244923.6 0 28766
1512244923.69 0 30280
1512244923.79 0 31794
1512244923.89 0 31794
1512244924.0 0 28766
1512244924.1 0 25738
1512244924.2 0 28766
1512244924.3 0 28766
1512244924.4 0 30280
1512244924.51 0 34822
1512244924.6 0 28766
1512244924.7 0 31794
1512244924.8 0 30280
1512244924.9 0 31794
1512244925.0 0 27252
1512244925.1 0 30280
1512244925.2 0 31794
1512244925.3 0 31794
1512244925.4 0 30280
1512244925.5 0 31794
1512244925.6 0 33308
1512244925.7 0 31794
1512244925.8 0 27252
1512244925.9 0 30280
1512244926.0 0 30280
1512244926.1 0 31794
1512244926.2 0 31794
1512244926.3 0 31794
1512244926.4 0 31794
1512244926.5 0 30280
1512244926.6 0 28766
1512244926.7 0 28766
1512244926.8 0 33308
1512244926.9 0 31794
1512244927.0 0 30280
1512244927.11 0 33308
1512244927.2 0 31794
1512244927.31 0 28766
1512244927.41 0 28766
1512244927.51 0 31794
1512244927.61 0 31794
1512244927.71 0 33308
1512244927.81 0 31794
1512244927.91 0 28766
1512244928.01 0 27252
1512244928.11 0 30280
1512244928.21 0 28766
1512244928.32 0 34822
1512244928.41 0 28766
1512244928.51 0 30280
1512244928.62 0 33308
1512244928.72 0 28766
1512244928.81 0 28766
1512244928.91 0 33308
1512244929.01 0 28766
1512244929.1 0 30280
1512244929.2 0 30280
1512244929.31 0 31794
1512244929.4 0 27252
1512244929.51 0 31794
1512244929.6 0 30280
1512244929.71 0 31794
1512244929.8 0 28766
1512244929.91 0 36336
1512244930.0 0 18168
1512244930.1 0 24224
1512244930.21 0 27252
1512244930.31 0 28766
1512244930.41 0 28766
1512244930.51 0 30280
1512244930.61 0 30280
1512244930.71 0 31794
1512244930.81 0 31794
1512244930.91 0 30280
1512244931.01 0 28766
1512244931.11 0 21196
1512244931.21 0 25738
1512244931.31 0 31794
1512244931.41 0 28766
1512244931.51 0 30280
1512244931.61 0 31794
1512244931.72 0 33308
1512244931.81 0 28766
1512244931.91 0 28766
1512244932.0 0 31794
1512244932.1 0 18168
1512244932.2 0 25738
1512244932.3 0 25738
1512244932.4 0 27252
1512244932.5 0 30280
1512244932.6 0 28766
1512244932.7 0 31794
1512244932.8 0 30280
1512244932.9 0 31794
1512244933.0 0 30280
1512244933.1 0 31794
1512244933.2 0 30280
1512244933.31 0 27252
1512244933.4 0 27252
1512244933.5 0 28766
1512244933.6 0 31794
1512244933.7 0 31794
1512244933.8 0 31794
1512244933.91 0 30280
1512244934.0 0 31794
1512244934.1 0 30280
1512244934.2 0 21196
1512244934.3 0 24224
1512244934.4 0 28766
1512244934.5 0 30280
1512244934.61 0 30280
1512244934.71 0 31794
1512244934.81 0 28766
1512244934.92 0 31794
1512244935.01 0 24224
1512244935.1 0 33308
1512244935.2 0 19682
1512244935.3 0 4542
1512244935.4 0 19682
1512244935.5 0 22710
1512244935.6 0 22710
1512244935.7 0 22710
1512244935.8 0 21196
1512244935.9 0 22710
1512244936.0 0 22710
1512244936.1 0 22710
1512244936.2 0 28766
1512244936.3 0 30280
1512244936.4 0 21196
1512244936.5 0 22710
1512244936.6 0 22710
1512244936.7 0 24224
1512244936.8 0 18168
1512244936.9 0 18168
1512244937.0 0 21196
1512244937.11 0 22710
1512244937.2 0 19682
1512244937.3 0 21196
1512244937.41 0 22710
1512244937.5 0 21196
1512244937.6 0 22710
1512244937.71 0 24224
1512244937.81 0 18168
1512244937.91 0 22710
1512244938.02 0 22710
1512244938.11 0 21196
1512244938.22 0 24224
1512244938.32 0 24224
1512244938.42 0 16654
1512244938.52 0 19682
1512244938.63 0 19682
1512244938.73 0 21196
1512244938.82 0 21196
1512244938.92 0 22710
1512244939.02 0 21196
1512244939.12 0 21196
1512244939.23 0 22710
1512244939.32 0 24224
1512244939.43 0 16654
1512244939.52 0 16654
1512244939.62 0 19682
1512244939.73 0 19682
1512244939.83 0 22710
1512244939.92 0 22710
1512244940.03 0 21196
1512244940.13 0 24224
1512244940.23 0 19682
1512244940.32 0 21196
1512244940.43 0 21196
1512244940.53 0 21196
1512244940.63 0 27252
1512244940.73 0 22710
1512244940.83 0 22710
1512244940.93 0 21196
1512244941.03 0 21196
1512244941.13 0 25738
1512244941.23 0 12112
1512244941.33 0 18168
1512244941.43 0 19682
1512244941.53 0 19682
1512244941.63 0 22710
1512244941.74 0 24224
1512244941.84 0 22710
1512244941.94 0 19682
1512244942.04 0 22710
1512244942.14 0 21196
1512244942.25 0 24224
1512244942.35 0 19682
1512244942.45 0 19682
1512244942.55 0 21196
1512244942.65 0 21196
1512244942.75 0 22710
1512244942.85 0 24224
1512244942.95 0 16654
1512244943.05 0 19682
1512244943.15 0 18168
1512244943.25 0 21196
1512244943.35 0 22710
1512244943.45 0 22710
1512244943.55 0 22710
1512244943.65 0 21196
1512244943.75 0 18168
1512244943.85 0 19682
1512244943.95 0 21196
1512244944.05 0 22710
1512244944.15 0 21196
1512244944.25 0 25738
1512244944.35 0 24224
1512244944.45 0 22710
1512244944.55 0 19682
1512244944.65 0 22710
1512244944.75 0 33308
1512244944.85 0 4542
1512244944.96 0 9084
1512244945.06 0 19682
1512244945.15 0 19682
1512244945.26 0 21196
1512244945.36 0 18168
1512244945.46 0 19682
1512244945.56 0 18168
1512244945.67 0 21196
1512244945.76 0 21196
1512244945.86 0 24224
1512244945.96 0 25738
1512244946.06 0 22710
1512244946.16 0 19682
1512244946.26 0 22710
1512244946.36 0 28766
1512244946.46 0 1514
1512244946.56 0 16654
1512244946.66 0 19682
1512244946.76 0 22710
1512244946.86 0 19682
1512244946.96 0 19682
1512244947.06 0 21196
1512244947.16 0 21196
1512244947.26 0 19682
1512244947.35 0 21196
1512244947.45 0 21196
1512244947.55 0 30280
1512244947.65 0 19682
1512244947.75 0 22710
1512244947.85 0 21196
1512244947.96 0 24224
1512244948.05 0 22710
1512244948.15 0 18168
1512244948.25 0 21196
1512244948.35 0 22710
1512244948.45 0 22710
1512244948.56 0 25738
1512244948.65 0 21196
1512244948.76 0 24224
1512244948.85 0 19682
1512244948.96 0 21196
1512244949.06 0 24224
1512244949.16 0 19682
1512244949.27 0 25738
1512244949.35 0 25738
1512244949.45 0 19682
1512244949.56 0 21196
1512244949.66 0 22710
1512244949.76 0 22710
1512244949.85 0 25738
1512244949.95 0 19682
1512244950.06 0 21196
1512244950.15 0 22710
1512244950.26 0 22710
1512244950.36 0 24224
1512244950.46 0 21196
1512244950.56 0 19682
1512244950.66 0 21196
1512244950.76 0 21196
1512244950.86 0 21196
1512244950.96 0 24224
1512244951.06 0 25738
1512244951.16 0 24224
1512244951.26 0 22710
1512244951.36 0 21196
1512244951.46 0 22710
1512244951.56 0 28766
1512244951.66 0 4542
1512244951.76 0 16654
1512244951.87 0 22710
1512244951.96 0 21196
1512244952.06 0 19682
1512244952.17 0 21196
1512244952.27 0 21196
1512244952.37 0 19682
1512244952.46 0 21196
1512244952.57 0 22710
1512244952.68 0 24224
1512244952.77 0 24224
1512244952.86 0 15140
1512244952.96 0 18168
1512244953.06 0 21196
1512244953.16 0 22710
1512244953.26 0 27252
1512244953.36 0 22710
1512244953.46 0 21196
1512244953.56 0 21196
1512244953.66 0 21196
1512244953.76 0 24224
1512244953.86 0 22710
1512244953.96 0 15140
1512244954.06 0 18168
1512244954.17 0 19682
1512244954.26 0 19682
1512244954.37 0 22710
1512244954.46 0 21196
1512244954.56 0 21196
1512244954.66 0 22710
1512244954.76 0 21196
1512244954.86 0 22710
1512244954.96 0 33308
1512244955.06 0 0
1512244955.17 0 16654
1512244955.27 0 21196
1512244955.36 0 22710
1512244955.47 0 22710
1512244955.57 0 21196
1512244955.67 0 19682
1512244955.77 0 21196
1512244955.87 0 22710
1512244955.97 0 21196
1512244956.07 0 21196
1512244956.16 0 22710
1512244956.26 0 18168
1512244956.36 0 21196
1512244956.46 0 21196
1512244956.56 0 22710
1512244956.66 0 31794
1512244956.76 0 18168
1512244956.86 0 22710
1512244956.96 0 21196
1512244957.06 0 22710
1512244957.16 0 22710
1512244957.26 0 24224
1512244957.36 0 9084
1512244957.46 0 18168
1512244957.56 0 18168
1512244957.66 0 19682
1512244957.76 0 18168
1512244957.87 0 21196
1512244957.97 0 21196
1512244958.07 0 21196
1512244958.17 0 24224
1512244958.27 0 31794
1512244958.37 0 21196
1512244958.47 0 19682
1512244958.57 0 22710
1512244958.67 0 22710
1512244958.77 0 19682
1512244958.87 0 19682
1512244958.97 0 15140
1512244959.08 0 19682
1512244959.17 0 15140
1512244959.28 0 21196
1512244959.37 0 19682
1512244959.47 0 19682
1512244959.57 0 19682
1512244959.67 0 22710
1512244959.77 0 30280
1512244959.87 0 21196
1512244959.97 0 21196
1512244960.07 0 21196
1512244960.17 0 21196
1512244960.27 0 21196
1512244960.37 0 22710
1512244960.47 0 15140
1512244960.57 0 18168
1512244960.67 0 19682
1512244960.77 0 25738
1512244960.87 0 24224
1512244960.97 0 24224
1512244961.07 0 21196
1512244961.17 0 22710
1512244961.27 0 22710
1512244961.37 0 21196
1512244961.47 0 18168
1512244961.57 0 19682
1512244961.67 0 21196
1512244961.77 0 21196
1512244961.87 0 22710
1512244961.97 0 22710
1512244962.08 0 22710
1512244962.17 0 22710
1512244962.27 0 21196
1512244962.37 0 22710
1512244962.48 0 21196
1512244962.58 0 21196
1512244962.67 0 21196
1512244962.77 0 22710
1512244962.87 0 22710
1512244962.98 0 27252
1512244963.06 0 19682
1512244963.16 0 19682
1512244963.26 0 22710
1512244963.36 0 22710
1512244963.46 0 25738
1512244963.56 0 19682
1512244963.66 0 21196
1512244963.76 0 22710
1512244963.86 0 22710
1512244963.96 0 22710
1512244964.06 0 22710
1512244964.16 0 21196
1512244964.26 0 19682
1512244964.36 0 19682
1512244964.47 0 22710
1512244964.56 0 21196
1512244964.66 0 21196
1512244964.76 0 27252
1512244964.87 0 25738
1512244964.97 0 19682
1512244965.06 0 21196
1512244965.16 0 22710
1512244965.27 0 25738
1512244965.36 0 12112
1512244965.47 0 21196
1512244965.57 0 21196
1512244965.67 0 22710
1512244965.77 0 22710
1512244965.87 0 22710
1512244965.97 0 21196
1512244966.07 0 19682
1512244966.17 0 22710
1512244966.27 0 21196
1512244966.37 0 22710
1512244966.47 0 24224
1512244966.57 0 21196
1512244966.67 0 21196
1512244966.77 0 21196
1512244966.87 0 22710
1512244966.97 0 25738
1512244967.07 0 24224
1512244967.17 0 21196
1512244967.27 0 24224
1512244967.37 0 27252
1512244967.47 0 30280
1512244967.57 0 31794
1512244967.67 0 30280
1512244967.77 0 31794
1512244967.87 0 28766
1512244967.97 0 30280
1512244968.07 0 27252
1512244968.17 0 28766
1512244968.28 0 31794
1512244968.38 0 31794
1512244968.48 0 30280
1512244968.58 0 33308
1512244968.68 0 28766
1512244968.78 0 27252
1512244968.88 0 28766
1512244968.99 0 30280
1512244969.08 0 28766
1512244969.19 0 31794
1512244969.28 0 30280
1512244969.4 0 36336
1512244969.49 0 30280
1512244969.59 0 28766
1512244969.69 0 30280
1512244969.8 0 31794
1512244969.89 0 28766
1512244969.99 0 31794
1512244970.09 0 31794
1512244970.19 0 31794
1512244970.29 0 30280
1512244970.39 0 27252
1512244970.49 0 30280
1512244970.59 0 31794
1512244970.69 0 31794
1512244970.79 0 30280
1512244970.89 0 31794
1512244970.99 0 31794
1512244971.09 0 28766
1512244971.19 0 30280
1512244971.29 0 31794
1512244971.39 0 30280
1512244971.5 0 33308
1512244971.59 0 31794
1512244971.69 0 28766
1512244971.79 0 28766
1512244971.89 0 28766
1512244972.0 0 33308
1512244972.1 0 28766
1512244972.19 0 31794
1512244972.3 0 33308
1512244972.4 0 31794
1512244972.5 0 25738
1512244972.6 0 27252
1512244972.7 0 28766
1512244972.8 0 31794
1512244972.9 0 30280
1512244973.0 0 31794
1512244973.1 0 31794
1512244973.21 0 34822
1512244973.3 0 24224
1512244973.41 0 27252
1512244973.51 0 27252
1512244973.62 0 30280
1512244973.72 0 31794
1512244973.82 0 30280
1512244973.92 0 31794
1512244974.02 0 31794
1512244974.12 0 28766
1512244974.22 0 31794
1512244974.32 0 19682
1512244974.42 0 24224
1512244974.52 0 28766
1512244974.62 0 27252
1512244974.72 0 28766
1512244974.82 0 31794
1512244974.92 0 30280
1512244975.02 0 31794
1512244975.12 0 30280
1512244975.22 0 31794
1512244975.32 0 30280
1512244975.42 0 27252
1512244975.52 0 27252
1512244975.62 0 28766
1512244975.72 0 31794
1512244975.82 0 31794
1512244975.92 0 31794
1512244976.02 0 30280
1512244976.12 0 31794
1512244976.23 0 25738
1512244976.32 0 25738
1512244976.42 0 30280
1512244976.52 0 30280
1512244976.62 0 31794
1512244976.73 0 31794
1512244976.82 0 30280
1512244976.92 0 31794
1512244977.03 0 27252
1512244977.13 0 25738
1512244977.23 0 28766
1512244977.33 0 27252
1512244977.43 0 31794
1512244977.53 0 28766
1512244977.63 0 31794
1512244977.73 0 31794
1512244977.83 0 30280
1512244977.93 0 33308
1512244978.03 0 28766
1512244978.13 0 27252
1512244978.23 0 31794
1512244978.33 0 30280
1512244978.43 0 31794
1512244978.53 0 31794
1512244978.63 0 31794
1512244978.73 0 28766
1512244978.83 0 28766
1512244978.93 0 31794
1512244979.03 0 30280
1512244979.13 0 31794
1512244979.24 0 31794
1512244979.33 0 33308
1512244979.43 0 30280
1512244979.53 0 28766
1512244979.63 0 30280
1512244979.73 0 31794
1512244979.83 0 31794
1512244979.93 0 31794
1512244980.03 0 31794
1512244980.14 0 28766
1512244980.23 0 27252
1512244980.33 0 31794
1512244980.43 0 30280
1512244980.53 0 33308
1512244980.64 0 30280
1512244980.74 0 33308
1512244980.84 0 31794
1512244980.94 0 28766
1512244981.04 0 30280
1512244981.15 0 31794
1512244981.25 0 33308
1512244981.35 0 33308
1512244981.45 0 31794
1512244981.55 0 27252
1512244981.65 0 28766
1512244981.76 0 33308
1512244981.85 0 28766
1512244981.95 0 31794
1512244982.05 0 31794
1512244982.15 0 33308
1512244982.25 0 28766
1512244982.35 0 28766
1512244982.45 0 28766
1512244982.55 0 31794
1512244982.65 0 31794
1512244982.75 0 31794
1512244982.85 0 31794
1512244982.95 0 27252
1512244983.05 0 27252
1512244983.15 0 30280
1512244983.25 0 30280
1512244983.35 0 30280
1512244983.45 0 31794
1512244983.55 0 31794
1512244983.65 0 33308
1512244983.75 0 24224
1512244983.85 0 28766
1512244983.95 0 28766
1512244984.05 0 30280
1512244984.16 0 31794
1512244984.26 0 31794
1512244984.35 0 30280
1512244984.45 0 31794
1512244984.55 0 30280
1512244984.65 0 28766
1512244984.76 0 30280
1512244984.86 0 31794
1512244984.96 0 31794
1512244985.06 0 30280
1512244985.16 0 33308
1512244985.27 0 33308
1512244985.37 0 25738
1512244985.48 0 33308
1512244985.57 0 27252
1512244985.67 0 30280
1512244985.77 0 31794
1512244985.87 0 30280
1512244985.97 0 28766
1512244986.07 0 24224
1512244986.16 0 25738
1512244986.27 0 28766
1512244986.37 0 30280
1512244986.47 0 31794
1512244986.57 0 30280
1512244986.67 0 30280
1512244986.77 0 31794
1512244986.87 0 31794
1512244986.97 0 30280
1512244987.07 0 28766
1512244987.17 0 30280
1512244987.27 0 30280
1512244987.37 0 33308
1512244987.47 0 30280
1512244987.57 0 31794
1512244987.67 0 30280
1512244987.77 0 28766
1512244987.87 0 28766
1512244987.97 0 30280
1512244988.08 0 33308
1512244988.18 0 31794
1512244988.27 0 28766
1512244988.38 0 33308
1512244988.48 0 30280
1512244988.57 0 27252
1512244988.67 0 30280
1512244988.78 0 36336
1512244988.88 0 27252
1512244988.98 0 31794
1512244989.07 0 31794
1512244989.17 0 28766
1512244989.28 0 28766
1512244989.38 0 28766
1512244989.48 0 31794
1512244989.58 0 31794
1512244989.68 0 30280
1512244989.78 0 31794
1512244989.88 0 28766
1512244989.98 0 28766
1512244990.08 0 28766
1512244990.18 0 31794
1512244990.28 0 30280
1512244990.38 0 30280
1512244990.48 0 31794
1512244990.58 0 30280
1512244990.68 0 28766
1512244990.78 0 28766
1512244990.88 0 31794
1512244990.98 0 31794
1512244991.08 0 31794
1512244991.18 0 31794
1512244991.28 0 28766
1512244991.38 0 25738
1512244991.48 0 30280
1512244991.58 0 31794
1512244991.69 0 33308
1512244991.79 0 31794
1512244991.9 0 34822
1512244991.99 0 27252
1512244992.09 0 25738
1512244992.19 0 27252
1512244992.29 0 28766
1512244992.39 0 31794
1512244992.49 0 31794
1512244992.59 0 30280
1512244992.69 0 31794
1512244992.79 0 31794
1512244992.89 0 27252
1512244992.99 0 24224
1512244993.09 0 28766
1512244993.19 0 27252
1512244993.29 0 31794
1512244993.39 0 27252
1512244993.49 0 31794
1512244993.59 0 31794
1512244993.69 0 31794
1512244993.79 0 30280
1512244993.89 0 27252
1512244993.99 0 31794
1512244994.09 0 31794
1512244994.19 0 30280
1512244994.29 0 31794
1512244994.39 0 33308
1512244994.49 0 21196
1512244994.59 0 25738
1512244994.69 0 25738
1512244994.79 0 27252
1512244994.89 0 28766
1512244994.99 0 28766
1512244995.09 0 31794
1512244995.2 0 33308
1512244995.3 0 30280
1512244995.4 0 31794
1512244995.5 0 33308
1512244995.59 0 19682
1512244995.7 0 21196
1512244995.8 0 25738
1512244995.89 0 25738
1512244995.99 0 28766
1512244996.1 0 30280
1512244996.2 0 28766
1512244996.3 0 31794
1512244996.4 0 30280
1512244996.51 0 33308
1512244996.61 0 30280
1512244996.71 0 33308
1512244996.8 0 19682
1512244996.9 0 12112
1512244997.0 0 24224
1512244997.1 0 25738
1512244997.2 0 25738
1512244997.3 0 25738
1512244997.4 0 27252
1512244997.51 0 28766
1512244997.6 0 28766
1512244997.7 0 30280
1512244997.8 0 31794
1512244997.91 0 30280
1512244998.0 0 33308
1512244998.11 0 25738
1512244998.21 0 18168
1512244998.3 0 24224
1512244998.41 0 27252
1512244998.51 0 28766
1512244998.61 0 30280
1512244998.71 0 28766
1512244998.81 0 30280
1512244998.91 0 31794
1512244999.01 0 30280
1512244999.11 0 30280
1512244999.21 0 31794
1512244999.31 0 30280
1512244999.41 0 28766
1512244999.51 0 28766
1512244999.61 0 31794
1512244999.71 0 33308
1512244999.81 0 30280
1512244999.91 0 31794
1512245000.01 0 31794
1512245000.11 0 22710
1512245000.21 0 27252
1512245000.32 0 30280
1512245000.42 0 28766
1512245000.52 0 31794
1512245000.63 0 34822
1512245000.74 0 31794
1512245000.83 0 28766
1512245000.93 0 31794
1512245001.02 0 27252
1512245001.12 0 22710
1512245001.23 0 27252
1512245001.32 0 30280
1512245001.43 0 30280
1512245001.52 0 30280
1512245001.62 0 30280
1512245001.72 0 31794
1512245001.82 0 31794
1512245001.93 0 30280
1512245002.03 0 31794
1512245002.12 0 28766
1512245002.23 0 31794
1512245002.33 0 30280
1512245002.43 0 31794
1512245002.53 0 31794
1512245002.63 0 28766
1512245002.73 0 28766
1512245002.83 0 31794
1512245002.93 0 30280
1512245003.03 0 31794
1512245003.13 0 31794
1512245003.23 0 31794
1512245003.33 0 30280
1512245003.43 0 30280
1512245003.53 0 30280
1512245003.63 0 33308
1512245003.73 0 31794
1512245003.83 0 31794
1512245003.94 0 33308
1512245004.04 0 27252
1512245004.14 0 27252
1512245004.24 0 28766
1512245004.34 0 30280
1512245004.44 0 31794
1512245004.54 0 31794
1512245004.64 0 30280
1512245004.75 0 33308
1512245004.83 0 27252
1512245004.94 0 24224
1512245005.03 0 27252
1512245005.14 0 31794
1512245005.24 0 31794
1512245005.33 0 30280
1512245005.44 0 31794
1512245005.54 0 31794
1512245005.64 0 30280
1512245005.74 0 28766
1512245005.84 0 30280
1512245005.94 0 31794
1512245006.04 0 30280
1512245006.14 0 31794
1512245006.24 0 30280
1512245006.34 0 27252
1512245006.44 0 28766
1512245006.54 0 28766
1512245006.64 0 31794
1512245006.74 0 31794
1512245006.84 0 31794
1512245006.94 0 30280
1512245007.04 0 33308
1512245007.14 0 22710
1512245007.24 0 27252
1512245007.35 0 30280
1512245007.44 0 28766
1512245007.55 0 33308
1512245007.64 0 30280
1512245007.74 0 30280
1512245007.84 0 31794
1512245007.95 0 33308
1512245008.05 0 25738
1512245008.15 0 27252
1512245008.26 0 30280
1512245008.36 0 31794
1512245008.46 0 30280
1512245008.56 0 31794
1512245008.66 0 30280
1512245008.76 0 31794
1512245008.86 0 28766
1512245008.96 0 24224
1512245009.06 0 27252
1512245009.16 0 28766
1512245009.26 0 30280
1512245009.36 0 31794
1512245009.46 0 31794
1512245009.56 0 30280
1512245009.66 0 31794
1512245009.76 0 33308
1512245009.86 0 21196
1512245009.96 0 24224
1512245010.06 0 25738
1512245010.16 0 28766
1512245010.26 0 30280
1512245010.36 0 30280
1512245010.46 0 31794
1512245010.56 0 30280
1512245010.67 0 30280
1512245010.76 0 30280
1512245010.87 0 33308
1512245010.97 0 22710
1512245011.07 0 27252
1512245011.16 0 28766
1512245011.27 0 31794
1512245011.38 0 33308
1512245011.47 0 28766
1512245011.56 0 30280
1512245011.67 0 31794
1512245011.77 0 31794
1512245011.88 0 19682
1512245011.97 0 22710
1512245012.06 0 27252
1512245012.16 0 27252
1512245012.27 0 28766
1512245012.36 0 28766
1512245012.46 0 30280
1512245012.57 0 31794
1512245012.67 0 30280
1512245012.77 0 31794
1512245012.87 0 30280
1512245012.97 0 28766
1512245013.07 0 30280
1512245013.16 0 28766
1512245013.26 0 31794
1512245013.37 0 31794
1512245013.47 0 31794
1512245013.57 0 31794
1512245013.67 0 18168
1512245013.77 0 22710
1512245013.87 0 27252
1512245013.97 0 30280
1512245014.07 0 28766
1512245014.17 0 30280
1512245014.27 0 31794
1512245014.37 0 31794
1512245014.47 0 31794
1512245014.57 0 28766
1512245014.67 0 30280
1512245014.77 0 25738
1512245014.87 0 28766
1512245014.97 0 33308
1512245015.07 0 30280
1512245015.16 0 27252
1512245015.26 0 31794
1512245015.36 0 33308
1512245015.46 0 27252
1512245015.56 0 30280
1512245015.66 0 28766
1512245015.76 0 30280
1512245015.86 0 30280
1512245015.96 0 31794
1512245016.06 0 31794
1512245016.16 0 30280
1512245016.26 0 31794
1512245016.36 0 28766
1512245016.46 0 30280
1512245016.56 0 31794
1512245016.66 0 30280
1512245016.76 0 33308
1512245016.87 0 31794
1512245016.97 0 27252
1512245017.07 0 30280
1512245017.17 0 30280
1512245017.27 0 31794
1512245017.37 0 31794
1512245017.47 0 31794
1512245017.57 0 30280
1512245017.67 0 24224
1512245017.77 0 25738
1512245017.87 0 30280
1512245017.97 0 30280
1512245018.07 0 30280
1512245018.18 0 33308
1512245018.27 0 28766
1512245018.37 0 31794
1512245018.47 0 33308
1512245018.57 0 30280
1512245018.67 0 25738
1512245018.78 0 27252
1512245018.87 0 27252
1512245018.98 0 31794
1512245019.08 0 30280
1512245019.18 0 31794
1512245019.28 0 31794
1512245019.38 0 30280
1512245019.48 0 27252
1512245019.58 0 27252
1512245019.68 0 30280
1512245019.78 0 30280
1512245019.88 0 31794
1512245019.98 0 30280
1512245020.08 0 31794
1512245020.18 0 30280
1512245020.28 0 31794
1512245020.38 0 27252
1512245020.48 0 19682
1512245020.58 0 27252
1512245020.68 0 28766
1512245020.78 0 30280
1512245020.88 0 28766
1512245020.98 0 33308
1512245021.08 0 30280
1512245021.18 0 30280
1512245021.28 0 33308
1512245021.38 0 25738
1512245021.48 0 28766
1512245021.58 0 28766
1512245021.68 0 31794
1512245021.78 0 31794
1512245021.89 0 30280
1512245021.99 0 31794
1512245022.08 0 31794
1512245022.19 0 31794
1512245022.29 0 28766
1512245022.39 0 33308
1512245022.49 0 31794
1512245022.6 0 31794
1512245022.7 0 33308
1512245022.8 0 28766
1512245022.9 0 28766
1512245023.01 0 28766
1512245023.1 0 31794
1512245023.21 0 31794
1512245023.3 0 30280
1512245023.4 0 33308
1512245023.5 0 28766
1512245023.61 0 27252
1512245023.71 0 28766
1512245023.81 0 30280
1512245023.91 0 33308
1512245024.01 0 30280
1512245024.11 0 31794
1512245024.21 0 30280
1512245024.31 0 28766
1512245024.41 0 28766
1512245024.51 0 30280
1512245024.61 0 31794
1512245024.71 0 31794
1512245024.81 0 30280
1512245024.91 0 31794
1512245025.01 0 30280
1512245025.11 0 19682
1512245025.21 0 25738
1512245025.31 0 27252
1512245025.41 0 30280
1512245025.51 0 28766
1512245025.61 0 30280
1512245025.72 0 33308
1512245025.81 0 28766
1512245025.92 0 33308
1512245026.02 0 31794
1512245026.12 0 22710
1512245026.22 0 27252
1512245026.32 0 24224
1512245026.42 0 28766
1512245026.52 0 30280
1512245026.62 0 31794
1512245026.72 0 30280
1512245026.82 0 28766
1512245026.92 0 33308
1512245027.02 0 28766
1512245027.12 0 31794
1512245027.22 0 31794
1512245027.32 0 30280
1512245027.42 0 27252
1512245027.52 0 31794
1512245027.62 0 33308
1512245027.72 0 30280
1512245027.82 0 30280
1512245027.92 0 33308
1512245028.02 0 30280
1512245028.12 0 27252
1512245028.22 0 30280
1512245028.32 0 31794
1512245028.42 0 31794
1512245028.52 0 31794
1512245028.62 0 30280
1512245028.72 0 31794
1512245028.82 0 27252
1512245028.92 0 30280
1512245029.02 0 28766
1512245029.12 0 31794
1512245029.22 0 30280
1512245029.32 0 31794
1512245029.42 0 33308
1512245029.52 0 31794
1512245029.62 0 27252
1512245029.73 0 31794
1512245029.83 0 30280
1512245029.92 0 30280
1512245030.03 0 33308
1512245030.13 0 31794
1512245030.23 0 28766
1512245030.34 0 28766
1512245030.43 0 30280
1512245030.53 0 31794
1512245030.63 0 31794
1512245030.73 0 30280
1512245030.83 0 34822
1512245030.93 0 24224
1512245031.03 0 30280
1512245031.13 0 30280
1512245031.22 0 30280
1512245031.33 0 31794
1512245031.43 0 33308
1512245031.53 0 31794
1512245031.63 0 27252
1512245031.73 0 30280
1512245031.83 0 31794
1512245031.93 0 31794
1512245032.03 0 30280
1512245032.13 0 33308
1512245032.23 0 28766
1512245032.33 0 28766
1512245032.43 0 30280
1512245032.53 0 30280
1512245032.63 0 31794
1512245032.73 0 31794
1512245032.83 0 31794
1512245032.93 0 31794
1512245033.03 0 28766
1512245033.14 0 33308
1512245033.24 0 31794
1512245033.34 0 28766
1512245033.44 0 33308
1512245033.54 0 30280
1512245033.64 0 21196
1512245033.74 0 28766
1512245033.84 0 28766
1512245033.94 0 30280
1512245034.04 0 31794
1512245034.14 0 30280
1512245034.24 0 33308
1512245034.34 0 30280
1512245034.44 0 30280
1512245034.54 0 31794
1512245034.64 0 30280
1512245034.74 0 30280
1512245034.84 0 30280
1512245034.94 0 31794
1512245035.05 0 31794
1512245035.14 0 31794
1512245035.24 0 19682
1512245035.34 0 27252
1512245035.44 0 28766
1512245035.54 0 30280
1512245035.64 0 30280
1512245035.74 0 31794
1512245035.84 0 30280
1512245035.94 0 31794
1512245036.04 0 31794
1512245036.14 0 27252
1512245036.25 0 28766
1512245036.35 0 30280
1512245036.45 0 31794
1512245036.55 0 31794
1512245036.66 0 31794
1512245036.75 0 30280
1512245036.85 0 31794
1512245036.95 0 28766
1512245037.05 0 28766
1512245037.16 0 31794
1512245037.26 0 31794
1512245037.36 0 31794
1512245037.46 0 33308
1512245037.56 0 30280
1512245037.66 0 27252
1512245037.76 0 25738
1512245037.86 0 28766
1512245037.96 0 31794
1512245038.06 0 30280
1512245038.16 0 31794
1512245038.26 0 31794
1512245038.37 0 31794
1512245038.46 0 31794
1512245038.56 0 24224
1512245038.66 0 27252
1512245038.76 0 28766
1512245038.86 0 30280
1512245038.96 0 31794
1512245039.06 0 30280
1512245039.16 0 31794
1512245039.26 0 30280
1512245039.36 0 33308
1512245039.46 0 27252
1512245039.56 0 27252
1512245039.66 0 28766
1512245039.76 0 30280
1512245039.86 0 31794
1512245039.97 0 33308
1512245040.07 0 30280
1512245040.17 0 30280
1512245040.27 0 33308
1512245040.37 0 28766
1512245040.47 0 27252
1512245040.57 0 30280
1512245040.67 0 31794
1512245040.77 0 31794
1512245040.87 0 30280
1512245040.97 0 31794
1512245041.07 0 31794
1512245041.17 0 27252
1512245041.27 0 30280
1512245041.38 0 30280
1512245041.47 0 31794
1512245041.57 0 30280
1512245041.67 0 31794
1512245041.77 0 31794
1512245041.88 0 27252
1512245041.98 0 25738
1512245042.07 0 28766
1512245042.18 0 30280
1512245042.28 0 31794
1512245042.38 0 30280
1512245042.47 0 30280
1512245042.58 0 33308
1512245042.68 0 31794
1512245042.78 0 24224
1512245042.88 0 22710
1512245042.98 0 25738
1512245043.08 0 28766
1512245043.18 0 28766
1512245043.28 0 30280
1512245043.38 0 30280
1512245043.48 0 31794
1512245043.58 0 30280
1512245043.68 0 31794
1512245043.78 0 33308
1512245043.88 0 19682
1512245043.99 0 21196
1512245044.08 0 24224
1512245044.18 0 27252
1512245044.28 0 27252
1512245044.39 0 27252
1512245044.49 0 30280
1512245044.59 0 30280
1512245044.7 0 33308
1512245044.79 0 27252
1512245044.89 0 31794
1512245044.99 0 30280
1512245045.09 0 27252
1512245045.19 0 13626
1512245045.29 0 25738
1512245045.39 0 25738
1512245045.49 0 27252
1512245045.59 0 27252
1512245045.69 0 30280
1512245045.79 0 30280
1512245045.89 0 30280
1512245045.99 0 30280
1512245046.09 0 30280
1512245046.19 0 31794
1512245046.29 0 30280
1512245046.39 0 15140
1512245046.49 0 24224
1512245046.59 0 25738
1512245046.69 0 28766
1512245046.79 0 28766
1512245046.89 0 30280
1512245046.99 0 30280
1512245047.09 0 31794
1512245047.19 0 30280
1512245047.29 0 31794
1512245047.39 0 31794
1512245047.49 0 22710
1512245047.6 0 18168
1512245047.69 0 24224
1512245047.8 0 27252
1512245047.9 0 28766
1512245048.0 0 25738
1512245048.1 0 28766
1512245048.2 0 31794
1512245048.31 0 28766
1512245048.4 0 31794
1512245048.5 0 30280
1512245048.6 0 31794
1512245048.7 0 30280
1512245048.8 0 28766
1512245048.9 0 28766
1512245049.0 0 33308
1512245049.1 0 30280
1512245049.2 0 31794
1512245049.3 0 30280
1512245049.4 0 25738
1512245049.5 0 24224
1512245049.6 0 27252
1512245049.7 0 30280
1512245049.8 0 31794
1512245049.9 0 30280
1512245050.0 0 31794
1512245050.1 0 31794
1512245050.2 0 30280
1512245050.3 0 31794
1512245050.4 0 28766
1512245050.5 0 28766
1512245050.6 0 30280
1512245050.71 0 34822
1512245050.81 0 30280
1512245050.91 0 31794
1512245051.01 0 31794
1512245051.11 0 27252
1512245051.21 0 28766
1512245051.31 0 30280
1512245051.42 0 31794
1512245051.52 0 31794
1512245051.62 0 31794
1512245051.72 0 31794
1512245051.83 0 33308
1512245051.93 0 28766
1512245052.02 0 28766
1512245052.13 0 31794
1512245052.23 0 31794
1512245052.33 0 30280
1512245052.42 0 30280
1512245052.53 0 31794
1512245052.63 0 31794
1512245052.72 0 16654
1512245052.83 0 24224
1512245052.93 0 27252
1512245053.03 0 28766
1512245053.13 0 28766
1512245053.23 0 30280
1512245053.33 0 30280
1512245053.43 0 30280
1512245053.53 0 30280
1512245053.63 0 33308
1512245053.73 0 31794
1512245053.83 0 28766
1512245053.93 0 27252
1512245054.03 0 31794
1512245054.13 0 31794
1512245054.23 0 31794
1512245054.33 0 30280
1512245054.42 0 28766
1512245054.53 0 27252
1512245054.62 0 30280
1512245054.72 0 31794
1512245054.82 0 34822
1512245054.93 0 39364
1512245055.02 0 37850
1512245055.12 0 40878
1512245055.22 0 43906
1512245055.33 0 48448
1512245055.42 0 43906
1512245055.52 0 49962
1512245055.62 0 54504
1512245055.72 0 56018
1512245055.82 0 56018
1512245055.92 0 60560
1512245056.02 0 59046
1512245056.12 0 59046
1512245056.22 0 62074
1512245056.32 0 62074
1512245056.42 0 60560
1512245056.52 0 60560
1512245056.62 0 60560
1512245056.72 0 60560
1512245056.82 0 60560
1512245056.92 0 62074
1512245057.02 0 57532
1512245057.12 0 63588
1512245057.22 0 60560
1512245057.32 0 62074
1512245057.42 0 59046
1512245057.53 0 63588
1512245057.63 0 62074
1512245057.72 0 57532
1512245057.83 0 63588
1512245057.92 0 56018
1512245058.03 0 65102
1512245058.13 0 66616
1512245058.23 0 57532
1512245058.33 0 60560
1512245058.44 0 65102
1512245058.53 0 56018
1512245058.63 0 60560
1512245058.73 0 60560
1512245058.83 0 62074
1512245058.93 0 59046
1512245059.04 0 65102
1512245059.13 0 59046
1512245059.23 0 62074
1512245059.34 0 62074
1512245059.44 0 60560
1512245059.54 0 60560
1512245059.64 0 63588
1512245059.74 0 59046
1512245059.84 0 60560
1512245059.94 0 60560
1512245060.04 0 62074
1512245060.14 0 60560
1512245060.24 0 60560
1512245060.34 0 60560
1512245060.44 0 60560
1512245060.54 0 60560
1512245060.64 0 65102
1512245060.74 0 59046
1512245060.84 0 60560
1512245060.94 0 62074
1512245061.04 0 59046
1512245061.14 0 62074
1512245061.24 0 60560
1512245061.34 0 60560
1512245061.44 0 60560
1512245061.54 0 60560
1512245061.64 0 60560
1512245061.74 0 60560
1512245061.84 0 60560
1512245061.94 0 60560
1512245062.04 0 60560
1512245062.14 0 62074
1512245062.25 0 66616
1512245062.35 0 59046
1512245062.45 0 62074
1512245062.56 0 63588
1512245062.65 0 54504
1512245062.76 0 65102
1512245062.85 0 56018
1512245062.95 0 60560
1512245063.05 0 63588
1512245063.16 0 63588
1512245063.25 0 57532
1512245063.35 0 60560
1512245063.46 0 63588
1512245063.55 0 57532
1512245063.65 0 62074
1512245063.75 0 60560
1512245063.85 0 60560
1512245063.95 0 62074
1512245064.05 0 59046
1512245064.15 0 62074
1512245064.25 0 60560
1512245064.35 0 60560
1512245064.45 0 60560
1512245064.55 0 60560
1512245064.65 0 62074
1512245064.75 0 59046
1512245064.85 0 62074
1512245064.95 0 60560
1512245065.05 0 60560
1512245065.15 0 60560
1512245065.25 0 3028
1512245065.35 0 0
1512245065.45 0 0
1512245065.55 0 0
1512245065.65 0 0
1512245065.75 0 0
1512245065.85 0 0
1512245065.95 0 0
1512245066.05 0 0
1512245066.15 0 0
1512245066.25 0 0
1512245066.35 0 0
1512245066.45 0 0
1512245066.55 0 0
1512245066.66 0 0
1512245066.76 0 0
1512245066.86 0 0
1512245066.96 0 0
1512245067.06 0 0
1512245067.16 0 0
1512245067.26 0 0
1512245067.36 0 0
1512245067.46 0 0
1512245067.56 0 0
1512245067.66 0 0
1512245067.77 0 0
1512245067.87 0 0
1512245067.97 0 0
1512245068.07 0 0
1512245068.17 0 0
1512245068.27 0 0
1512245068.37 0 0
1512245068.47 0 0
1512245068.57 0 0
1512245068.67 0 0
1512245068.77 0 0
1512245068.87 0 0
1512245068.97 0 0
1512245069.07 0 0
1512245069.17 0 0
1512245069.27 0 0
1512245069.37 0 0
1512245069.47 0 0
1512245069.57 0 0
1512245069.67 0 0
1512245069.77 0 0
1512245069.87 0 0
1512245069.97 0 0
1512245070.07 0 0
1512245070.17 0 0
1512245070.27 0 0
1512245070.37 0 0
1512245070.47 0 0
1512245070.57 0 0
1512245070.67 0 0
1512245070.77 0 0
1512245070.87 0 0
1512245070.97 0 0
1512245071.07 0 0
1512245071.17 0 0
1512245071.27 0 0
1512245071.37 0 0
1512245071.47 0 0
1512245071.57 0 0
1512245071.67 0 0
1512245071.77 0 0
1512245071.87 0 0
1512245071.97 0 0
1512245072.07 0 0
1512245072.17 0 0
1512245072.27 0 0
1512245072.37 0 0
1512245072.48 0 0
1512245072.58 0 0
1512245072.68 0 0
1512245072.78 0 0
1512245072.88 0 0
1512245072.97 0 0
1512245073.08 0 0
1512245073.18 0 0
1512245073.28 0 0
1512245073.38 0 0
1512245073.48 0 0
1512245073.59 0 0
1512245073.69 0 0
1512245073.79 0 0
1512245073.89 0 0
1512245073.99 0 0
1512245074.09 0 0
1512245074.19 0 0
1512245074.29 0 0
1512245074.39 0 0
1512245074.49 0 0
1512245074.59 0 0
1512245074.69 0 0
1512245074.79 0 0
1512245074.89 0 0
1512245074.99 0 0
1512245075.09 0 0
1512245075.19 0 0
1512245075.29 0 0
1512245075.39 0 0
1512245075.49 0 0
1512245075.59 0 0
1512245075.69 0 0
1512245075.79 0 0
1512245075.89 0 0
1512245075.99 0 0
1512245076.09 0 0
1512245076.19 0 0
1512245076.29 0 0
1512245076.39 0 0
1512245076.49 0 0
1512245076.59 0 0
1512245076.69 0 0
