0
1
0
0
17
40
41
42
41
40
40
41
42
40
40
41
40
40
40
39
41
41
40
41
40
42
40
37
43
41
41
38
41
42
41
40
41
41
41
41
40
40
41
40
40
41
42
40
41
40
40
41
39
41
41
41
40
41
40
42
40
40
40
40
41
40
40
40
39
42
41
41
40
40
40
40
41
40
41
41
40
41
40
40
40
41
40
40
40
40
41
39
40
40
42
41
40
40
40
42
40
41
40
35
21
20
21
40
18
0
3
10
10
7
6
7
6
7
7
9
9
9
11
12
13
14
16
17
19
20
21
20
21
22
17
16
18
19
19
20
19
20
21
21
21
20
21
20
18
19
22
20
21
21
20
16
18
18
19
20
20
21
20
21
21
20
12
16
18
19
19
19
21
21
20
21
21
15
12
15
15
15
14
15
15
15
14
8
4
5
7
6
6
7
7
7
7
9
9
10
11
12
13
13
14
14
14
14
13
14
14
0
3
5
6
5
5
5
5
6
6
6
7
8
9
9
11
11
13
13
13
14
13
13
13
13
7
2
6
6
5
6
5
6
5
7
6
8
8
9
10
11
12
13
12
13
13
13
13
13
12
2
3
5
5
6
4
5
6
5
6
8
8
10
10
12
14
16
17
20
20
21
20
21
20
12
9
14
17
15
14
15
14
16
17
18
19
21
20
20
21
21
18
10
15
18
18
17
18
18
19
20
21
20
20
21
10
16
17
19
19
19
19
21
20
20
21
17
19
20
20
21
21
20
20
18
19
20
20
20
20
21
18
19
20
21
20
21
20
20
18
20
20
21
20
20
21
21
19
19
21
21
21
20
21
17
18
20
21
21
21
20
21
17
20
21
20
21
20
21
17
19
21
21
20
21
20
19
19
19
21
20
21
21
20
21
19
19
21
20
21
21
20
16
18
20
21
21
21
20
20
20
19
21
21
20
21
21
20
14
18
20
20
21
20
21
20
20
20
19
21
21
20
21
21
13
18
20
20
20
21
21
20
21
17
18
19
20
20
21
21
20
21
18
19
21
20
21
20
21
16
18
21
20
21
21
21
20
19
17
19
21
20
20
20
21
19
18
18
21
21
20
21
21
20
14
16
20
21
20
21
21
20
21
18
18
20
20
21
20
20
21
17
18
18
20
21
20
21
20
21
20
13
16
18
18
19
20
18
21
19
21
20
21
14
12
16
18
18
18
19
20
20
20
20
21
15
17
18
19
21
20
20
21
20
21
21
20
21
20
20
20
20
21
20
21
20
19
21
20
21
20
21
18
20
20
20
20
21
19
11
17
18
19
19
20
20
21
20
21
20
21
5
16
17
17
17
18
18
19
21
20
22
20
20
12
15
18
19
18
19
20
20
21
21
20
21
18
20
20
21
21
20
21
21
20
20
21
20
21
21
19
20
20
20
20
21
21
20
19
20
20
21
20
21
20
19
19
20
21
20
21
18
18
19
21
20
21
21
20
15
18
19
20
20
21
21
21
20
21
20
20
21
20
21
20
18
21
21
20
20
21
18
14
17
19
19
19
20
20
20
21
20
21
16
15
17
19
19
20
20
20
20
21
21
20
10
17
18
19
19
20
20
20
20
21
21
15
15
17
19
19
18
21
20
21
21
20
21
13
18
18
20
20
21
20
21
20
20
18
18
19
20
21
21
20
21
21
16
18
18
20
20
21
20
21
20
19
13
16
18
20
19
20
20
21
21
21
20
15
13
15
17
18
18
19
19
20
21
20
21
20
14
11
14
17
17
17
17
18
19
19
22
20
21
21
14
13
17
18
19
18
20
20
20
21
21
20
19
15
18
19
20
20
21
21
20
21
21
17
18
19
19
21
21
21
20
20
20
19
20
20
19
20
21
17
18
18
21
21
20
20
21
19
19
20
21
20
21
21
18
18
19
20
20
21
21
20
21
21
18
18
18
19
21
21
20
20
22
21
17
19
20
20
21
20
21
21
19
18
20
21
20
21
21
19
19
19
21
21
20
21
20
19
19
20
21
20
21
21
17
19
20
21
20
21
21
17
19
20
20
21
21
20
21
19
19
21
21
20
21
20
17
18
19
20
21
20
21
21
20
20
19
19
20
20
21
21
20
21
18
20
20
