1512206650.42 2458.33333333 3166.66666667
1512206650.53 2460.41666667 3611.11111111
1512206650.62 2462.39583333 3907.40740741
1512206650.73 2422.609375 4104.9382716
1512206650.83 2426.47890625 4236.6255144
1512206650.92 2430.15496094 4324.4170096
1512206651.02 2391.98054622 4382.94467307
1512206651.12 2397.38151891 4421.96311538
1512206651.23 2402.51244297 4447.97541025
1512206651.32 2365.72015415 4465.31694017
1512206651.42 2372.43414644 4476.87796011
1512206651.53 2378.81243912 4484.58530674
1512206651.63 2384.87181717 4489.72353783
1512206651.73 2390.62822631 4493.14902522
1512206651.83 2396.09681499 4495.43268348
1512206651.93 2401.29197424 4496.95512232
1512206652.03 2406.22737553 4497.97008155
1512206652.13 2410.91600675 4498.64672103
1512206652.23 2415.37020642 4499.09781402
1512206652.33 2419.6016961 4499.39854268
1512206652.43 2423.62161129 4499.59902845
1512206652.53 2427.44053073 4499.73268564
1512206652.63 2431.06850419 4499.82179042
1512206652.73 2434.51507898 4499.88119362
1512206652.83 2437.78932503 4499.92079574
1512206652.93 2440.89985878 4499.94719716
1512206653.03 2443.85486584 4499.96479811
1512206653.13 2446.66212255 4499.97653207
1512206653.23 2449.32901642 4499.98435471
1512206653.33 2451.8625656 4499.98956981
1512206653.43 2454.26943732 4499.99304654
1512206653.53 2456.55596545 4499.99536436
1512206653.63 2458.72816718 4499.99690957
1512206653.73 2460.79175882 4499.99793972
1512206653.83 2462.75217088 4499.99862648
1512206653.93 2464.61456234 4499.99908432
1512206654.03 2466.38383422 4499.99938955
1512206654.13 2468.06464251 4499.99959303
1512206654.23 2469.66141038 4499.99972869
1512206654.33 2471.17833986 4499.99981912
1512206654.43 2472.61942287 4499.99987942
1512206654.53 2473.98845173 4499.99991961
1512206654.63 2475.28902914 4499.99994641
1512206654.73 2476.52457768 4499.99996427
1512206654.84 2477.6983488 4499.99997618
1512206654.93 2478.81343136 4499.99998412
1512206655.03 2479.87275979 4499.99998941
1512206655.14 2480.8791218 4499.99999294
1512206655.24 2481.83516571 4499.9999953
1512206655.33 2482.74340743 4499.99999686
1512206655.44 2483.60623706 4499.99999791
1512206655.53 2484.4259252 4499.99999861
1512206655.64 2485.20462894 4499.99999907
1512206655.74 2485.9443975 4499.99999938
1512206655.84 2486.64717762 4499.99999959
1512206655.94 2487.31481874 4499.99999972
1512206656.04 2487.9490778 4499.99999982
1512206656.14 2488.55162391 4499.99999988
1512206656.24 2489.12404272 4499.99999992
1512206656.34 2489.66784058 4499.99999995
1512206656.44 2490.18444855 4499.99999996
1512206656.54 2490.67522612 4499.99999998
1512206656.64 2491.14146482 4499.99999998
1512206656.74 2491.58439158 4499.99999999
1512206656.84 2492.005172 4499.99999999
1512206656.94 2492.4049134 4500.0
1512206657.04 2492.78466773 4500.0
1512206657.14 2493.14543434 4500.0
1512206657.25 2493.48816263 4500.0
1512206657.34 2493.81375449 4500.0
1512206657.44 2494.12306677 4500.0
1512206657.54 2494.41691343 4500.0
1512206657.64 2494.69606776 4500.0
1512206657.74 2494.96126437 4500.0
1512206657.84 2495.21320115 4500.0
1512206657.95 2495.45254109 4500.0
1512206658.04 2495.67991404 4500.0
1512206658.14 2495.89591834 4500.0
1512206658.24 2496.10112242 4500.0
1512206658.34 2496.2960663 4500.0
1512206658.44 2496.48126299 4500.0
1512206658.54 2496.65719984 4500.0
1512206658.64 2496.82433984 4500.0
1512206658.74 2496.98312285 4500.0
1512206658.84 2497.13396671 4500.0
1512206658.94 2497.27726837 4500.0
1512206659.04 2497.41340496 4500.0
1512206659.14 2497.54273471 4500.0
1512206659.24 2497.66559797 4500.0
1512206659.34 2497.78231807 4500.0
1512206659.45 2497.89320217 4500.0
1512206659.54 2497.99854206 4500.0
1512206659.64 2498.09861496 4500.0
1512206659.74 2498.19368421 4500.0
1512206659.84 2498.284 4500.0
1512206659.94 2498.3698 4500.0
1512206660.04 2498.45131 4500.0
1512206660.15 2498.5287445 4500.0
1512206660.25 2498.60230727 4500.0
1512206660.35 2498.67219191 4500.0
1512206660.44 2498.73858232 4500.0
1512206660.55 2498.8016532 4500.0
1512206660.65 2498.86157054 4500.0
1512206660.75 2498.91849201 4500.0
1512206660.85 2498.97256741 4500.0
1512206660.95 2499.02393904 4500.0
1512206661.05 2499.07274209 4500.0
1512206661.15 2499.11910498 4500.0
1512206661.25 2499.16314974 4500.0
1512206661.35 2499.20499225 4500.0
1512206661.45 2499.24474264 4500.0
1512206661.55 2499.2825055 4500.0
1512206661.65 2499.31838023 4500.0
1512206661.75 2499.35246122 4500.0
1512206661.85 2499.38483816 4500.0
1512206661.95 2499.41559625 4500.0
1512206662.05 2499.44481644 4500.0
1512206662.15 2499.47257561 4500.0
1512206662.25 2499.49894683 4500.0
1512206662.35 2499.52399949 4500.0
1512206662.45 2499.54779952 4500.0
1512206662.55 2499.57040954 4500.0
1512206662.65 2499.59188906 4500.0
1512206662.75 2499.61229461 4500.0
1512206662.86 2499.63167988 4500.0
1512206662.96 2499.65009589 4500.0
1512206663.06 2499.66759109 4500.0
1512206663.15 2499.68421154 4500.0
1512206663.25 2499.70000096 4500.0
1512206663.35 2499.71500091 4500.0
1512206663.46 2499.72925087 4500.0
1512206663.55 2499.74278832 4500.0
1512206663.65 2499.75564891 4500.0
1512206663.75 2499.76786646 4500.0
1512206663.86 2499.77947314 4500.0
1512206663.96 2499.79049948 4500.0
1512206664.05 2499.80097451 4500.0
1512206664.15 2499.81092578 4500.0
1512206664.25 2499.82037949 4500.0
1512206664.35 2499.82936052 4500.0
1512206664.46 2499.83789249 4500.0
1512206664.55 2499.84599787 4500.0
1512206664.66 2499.85369797 4500.0
1512206664.76 2499.86101308 4500.0
1512206664.86 2499.86796242 4500.0
1512206664.96 2499.8745643 4500.0
1512206665.06 2499.88083609 4500.0
1512206665.15 2499.88679428 4500.0
1512206665.26 2499.89245457 4500.0
1512206665.35 2499.89783184 4500.0
1512206665.46 2499.90294025 4500.0
1512206665.56 2499.90779324 4500.0
1512206665.66 2499.91240357 4500.0
1512206665.76 2499.91678339 4500.0
1512206665.86 2499.92094422 4500.0
1512206665.96 2499.92489701 4500.0
1512206666.06 2499.92865216 4500.0
1512206666.16 2499.93221955 4500.0
1512206666.26 2499.93560858 4500.0
1512206666.36 2499.93882815 4500.0
1512206666.47 2499.94188674 4500.0
1512206666.56 2499.9447924 4500.0
1512206666.66 2499.94755278 4500.0
1512206666.76 2499.95017514 4500.0
1512206666.86 2499.95266639 4500.0
1512206666.96 2499.95503307 4500.0
1512206667.06 2499.95728141 4500.0
1512206667.16 2499.95941734 4500.0
1512206667.26 2499.96144648 4500.0
1512206667.36 2499.96337415 4500.0
1512206667.46 2499.96520545 4500.0
1512206667.56 2499.96694517 4500.0
1512206667.66 2499.96859791 4500.0
1512206667.76 2499.97016802 4500.0
1512206667.86 2499.97165962 4500.0
1512206667.96 2499.97307664 4500.0
1512206668.07 2499.9744228 4500.0
1512206668.16 2499.97570166 4500.0
1512206668.26 2499.97691658 4500.0
1512206668.36 2499.97807075 4500.0
1512206668.46 2499.97916721 4500.0
1512206668.56 2499.98020885 4500.0
1512206668.66 2499.98119841 4500.0
1512206668.77 2499.98213849 4500.0
1512206668.86 2499.98303157 4500.0
1512206668.96 2499.98387999 4500.0
1512206669.06 2499.98468599 4500.0
1512206669.17 2499.98545169 4500.0
1512206669.26 2499.9861791 4500.0
1512206669.36 2499.98687015 4500.0
1512206669.47 2499.98752664 4500.0
1512206669.57 2499.98815031 4500.0
1512206669.69 2499.98874279 4500.0
1512206669.77 2499.98930565 4500.0
1512206669.87 2499.98984037 4500.0
1512206669.97 2499.99034835 4500.0
1512206670.07 2499.99083094 4500.0
1512206670.17 2499.99128939 4500.0
1512206670.27 2499.99172492 4500.0
1512206670.37 2499.99213867 4500.0
1512206670.47 2499.99253174 4500.0
1512206670.57 2499.99290515 4500.0
1512206670.67 2499.9932599 4500.0
1512206670.77 2499.9935969 4500.0
1512206670.87 2499.99391706 4500.0
1512206670.97 2499.9942212 4500.0
1512206671.07 2499.99451014 4500.0
1512206671.17 2499.99478464 4500.0
1512206671.27 2499.9950454 4500.0
1512206671.38 2499.99529313 4500.0
1512206671.47 2499.99552848 4500.0
1512206671.57 2499.99575205 4500.0
1512206671.67 2499.99596445 4500.0
1512206671.77 2499.99616623 4500.0
1512206671.91 2499.99635792 4500.0
1512206671.97 2499.99654002 4500.0
1512206672.07 2499.99671302 4500.0
1512206672.16 2499.99687737 4500.0
1512206672.27 2499.9970335 4500.0
1512206672.36 2499.99718183 4500.0
1512206672.47 2499.99732273 4500.0
1512206672.56 2499.9974566 4500.0
1512206672.67 2499.99758377 4500.0
1512206672.77 2499.99770458 4500.0
1512206672.87 2499.99781935 4500.0
1512206672.97 2499.99792838 4500.0
1512206673.07 2499.99803196 4500.0
1512206673.17 2499.99813037 4500.0
1512206673.27 2499.99822385 4500.0
1512206673.37 2499.99831265 4500.0
1512206673.47 2499.99839702 4500.0
1512206673.57 2499.99847717 4500.0
1512206673.67 2499.99855331 4500.0
1512206673.77 2499.99862565 4500.0
1512206673.87 2499.99869436 4500.0
1512206673.97 2499.99875965 4500.0
1512206674.07 2499.99882166 4500.0
1512206674.17 2499.99888058 4500.0
1512206674.27 2499.99893655 4500.0
1512206674.37 2499.99898972 4500.0
1512206674.47 2499.99904024 4500.0
1512206674.57 2499.99908823 4500.0
1512206674.67 2499.99913381 4500.0
1512206674.77 2499.99917712 4500.0
1512206674.87 2499.99921827 4500.0
1512206674.97 2499.99925735 4500.0
1512206675.13 2499.99929449 4500.0
1512206675.21 2499.99932976 4500.0
1512206675.3 2499.99936327 4500.0
1512206675.4 2499.99939511 4500.0
1512206675.5 2499.99942535 4500.0
1512206675.67 2499.99945409 4500.0
1512206675.75 2499.99948138 4500.0
1512206675.84 2499.99950731 4500.0
1512206675.95 2499.99953195 4500.0
1512206676.05 2499.99955535 4500.0
1512206676.15 2499.99957758 4500.0
1512206676.25 2499.9995987 4500.0
1512206676.35 2499.99961877 4500.0
1512206676.44 2499.99963783 4500.0
1512206676.54 2499.99965594 4500.0
1512206676.64 2499.99967314 4500.0
1512206676.74 2499.99968948 4500.0
1512206676.84 2499.99970501 4500.0
1512206676.94 2499.99971976 4500.0
1512206677.04 2499.99973377 4500.0
1512206677.14 2499.99974708 4500.0
1512206677.24 2499.99975973 4500.0
1512206677.34 2499.99977174 4500.0
1512206677.44 2499.99978316 4500.0
1512206677.62 2499.999794 4500.0
1512206677.69 2499.9998043 4500.0
1512206677.79 2499.99981408 4500.0
1512206677.89 2499.99982338 4500.0
1512206678.06 2499.99983221 4500.0
1512206678.12 2499.9998406 4500.0
1512206678.22 2499.99984857 4500.0
1512206678.32 2499.99985614 4500.0
1512206678.42 2499.99986333 4500.0
1512206678.52 2499.99987017 4500.0
1512206678.62 2499.99987666 4500.0
1512206678.72 2499.99988283 4500.0
1512206678.82 2499.99988868 4500.0
1512206678.92 2499.99989425 4500.0
1512206679.02 2499.99989954 4500.0
1512206679.12 2499.99990456 4500.0
1512206679.29 2499.99990933 4500.0
1512206679.35 2499.99991387 4500.0
1512206679.45 2499.99991817 4500.0
1512206679.54 2499.99992226 4500.0
1512206679.65 2499.99992615 4500.0
1512206679.74 2499.99992984 4500.0
1512206679.85 2499.99993335 4500.0
1512206679.95 2499.99993668 4500.0
1512206680.05 2499.99993985 4500.0
1512206680.15 2499.99994286 4500.0
1512206680.25 2499.99994571 4500.0
1512206680.35 2499.99994843 4500.0
1512206680.51 2499.99995101 4500.0
1512206680.6 2499.99995346 4500.0
1512206680.68 2499.99995578 4500.0
1512206680.86 2499.99995799 4500.0
1512206680.93 2499.9999601 4500.0
1512206681.02 2499.99996209 4500.0
1512206681.12 2499.99996399 4500.0
1512206681.22 2499.99996579 4500.0
1512206681.32 2499.9999675 4500.0
1512206681.43 2499.99996912 4500.0
1512206681.52 2499.99997067 4500.0
1512206681.63 2499.99997213 4500.0
1512206681.73 2499.99997353 4500.0
1512206681.82 2499.99997485 4500.0
1512206681.93 2541.66664277 4500.0
1512206682.03 2581.2499773 4500.0
1512206682.12 2618.8541451 4500.0
1512206682.23 2654.57810452 4500.0
1512206682.32 2688.51586596 4500.0
1512206682.43 2720.75673932 4500.0
1512206682.53 2751.38556903 4500.0
1512206682.63 2780.48295724 4500.0
1512206682.73 2808.12547605 4500.0
1512206682.83 2834.38586891 4500.0
1512206682.94 2859.33324213 4500.0
1512206683.03 2883.03324669 4500.0
1512206683.13 2905.54825102 4500.0
1512206683.23 2926.93750514 4500.0
1512206683.33 2947.25729655 4500.0
1512206683.43 2966.56109839 4500.0
1512206683.53 2984.89971013 4500.0
1512206683.63 3002.32139129 4500.0
1512206683.73 3018.8719884 4500.0
1512206683.83 3034.59505564 4500.0
1512206683.93 3049.53196953 4500.0
1512206684.03 3063.72203772 4500.0
1512206684.13 3077.2026025 4500.0
1512206684.24 3090.00913904 4500.0
1512206684.33 3102.17534876 4500.0
1512206684.43 3113.73324798 4500.0
1512206684.53 3124.71325225 4500.0
1512206684.63 3135.14425631 4500.0
1512206684.73 3145.05371016 4500.0
1512206684.83 3154.46769132 4500.0
1512206684.93 3163.41097342 4500.0
1512206685.04 3171.90709141 4500.0
1512206685.14 3179.97840351 4500.0
1512206685.23 3187.64615 4500.0
1512206685.33 3194.93050917 4500.0
1512206685.43 3201.85065037 4500.0
1512206685.53 3208.42478452 4500.0
1512206685.63 3214.67021196 4500.0
1512206685.73 3220.60336803 4500.0
1512206685.83 3226.2398663 4500.0
1512206685.93 3231.59453965 4500.0
1512206686.03 3236.68147933 4500.0
1512206686.13 3241.51407203 4500.0
1512206686.23 3246.1050351 4500.0
1512206686.34 3250.46645001 4500.0
1512206686.44 3254.60979418 4500.0
1512206686.54 3258.54597113 4500.0
1512206686.64 3262.28533924 4500.0
1512206686.73 3265.83773895 4500.0
1512206686.84 3269.21251867 4500.0
1512206686.94 3272.4185594 4500.0
1512206687.03 3275.4642981 4500.0
1512206687.14 3278.35774986 4500.0
1512206687.25 3281.10652903 4500.0
1512206687.34 3283.71786925 4500.0
1512206687.43 3286.19864245 4500.0
1512206687.54 3288.555377 4500.0
1512206687.64 3290.79427481 4500.0
1512206687.74 3292.92122774 4500.0
1512206687.84 3294.94183302 4500.0
1512206687.94 3296.86140803 4500.0
1512206688.04 3298.6850043 4500.0
1512206688.14 3300.41742075 4500.0
1512206688.24 3302.06321638 4500.0
1512206688.34 3303.62672223 4500.0
1512206688.45 3305.11205278 4500.0
1512206688.54 3306.52311681 4500.0
1512206688.64 3307.86362764 4500.0
1512206688.75 3309.13711292 4500.0
1512206688.84 3310.34692394 4500.0
1512206688.93 3311.49624441 4500.0
1512206689.04 3312.58809886 4500.0
1512206689.14 3313.62536058 4500.0
1512206689.23 3314.61075922 4500.0
1512206689.34 3315.54688792 4500.0
1512206689.45 3316.4362102 4500.0
1512206689.54 3317.28106635 4500.0
1512206689.65 3318.0836797 4500.0
1512206689.73 3318.84616238 4500.0
1512206689.84 3319.57052093 4500.0
1512206689.94 3320.25866155 4500.0
1512206690.04 3320.91239514 4500.0
1512206690.14 3321.53344205 4500.0
1512206690.24 3322.12343661 4500.0
1512206690.34 3322.68393145 4500.0
1512206690.44 3323.21640154 4500.0
1512206690.54 3323.72224813 4500.0
1512206690.64 3324.20280239 4500.0
1512206690.74 3324.65932894 4500.0
1512206690.84 3325.09302916 4500.0
1512206690.94 3325.50504437 4500.0
1512206691.04 3325.89645882 4500.0
1512206691.15 3326.26830254 4500.0
1512206691.24 3326.62155408 4500.0
1512206691.34 3326.95714304 4500.0
1512206691.44 3327.27595256 4500.0
1512206691.54 3327.5788216 4500.0
1512206691.64 3327.86654718 4500.0
1512206691.75 3328.13988649 4500.0
1512206691.85 3328.39955883 4500.0
1512206691.95 3328.64624756 4500.0
1512206692.06 3328.88060185 4500.0
1512206692.15 3329.10323842 4500.0
1512206692.25 3329.31474317 4500.0
1512206692.35 3329.51567268 4500.0
1512206692.45 3329.70655571 4500.0
1512206692.55 3329.88789459 4500.0
1512206692.65 3330.06016653 4500.0
1512206692.75 3330.22382487 4500.0
1512206692.85 3330.37930029 4500.0
1512206692.95 3330.52700194 4500.0
1512206693.05 3330.66731851 4500.0
1512206693.15 3330.80061925 4500.0
1512206693.25 3330.92725496 4500.0
1512206693.35 3331.04755888 4500.0
1512206693.45 3331.1618476 4500.0
1512206693.55 3331.27042189 4500.0
1512206693.65 3331.37356746 4500.0
1512206693.75 3331.47155575 4500.0
1512206693.85 3331.56464463 4500.0
1512206693.95 3331.65307907 4500.0
1512206694.05 3331.73709178 4500.0
1512206694.15 3331.81690386 4500.0
1512206694.26 3331.89272533 4500.0
1512206694.36 3331.96475573 4500.0
1512206694.45 3332.03318461 4500.0
1512206694.56 3332.09819205 4500.0
1512206694.66 3332.15994911 4500.0
1512206694.75 3332.21861832 4500.0
1512206694.86 3332.27435407 4500.0
1512206694.96 3332.32730304 4500.0
1512206695.05 3332.37760455 4500.0
1512206695.16 3332.42539099 4500.0
1512206695.26 3332.47078811 4500.0
1512206695.36 3332.51391537 4500.0
1512206695.46 3332.55488627 4500.0
1512206695.56 3332.59380862 4500.0
1512206695.66 3332.63078486 4500.0
1512206695.76 3332.66591228 4500.0
1512206695.86 3332.69928333 4500.0
1512206695.96 3332.73098583 4500.0
1512206696.06 3332.76110321 4500.0
1512206696.16 3332.78971471 4500.0
1512206696.26 3332.81689564 4500.0
1512206696.36 3332.84271753 4500.0
1512206696.46 3332.86724832 4500.0
1512206696.56 3332.89055257 4500.0
1512206696.66 3332.91269161 4500.0
1512206696.76 3332.93372369 4500.0
1512206696.86 3332.95370418 4500.0
1512206696.96 3332.97268563 4500.0
1512206697.06 3332.99071802 4500.0
1512206697.16 3333.00784878 4500.0
1512206697.26 3333.02412301 4500.0
1512206697.36 3333.03958353 4500.0
1512206697.46 3333.05427102 4500.0
1512206697.56 3333.06822413 4500.0
1512206697.66 3333.08147959 4500.0
1512206697.76 3333.09407228 4500.0
1512206697.86 3333.10603533 4500.0
1512206697.96 3333.11740023 4500.0
1512206698.06 3333.12819689 4500.0
1512206698.16 3333.13845371 4500.0
1512206698.27 3333.14819769 4500.0
1512206698.36 3333.15745447 4500.0
1512206698.46 3333.16624842 4500.0
1512206698.56 3333.17460266 4500.0
1512206698.66 3333.1825392 4500.0
1512206698.76 3333.1900789 4500.0
1512206698.87 3333.19724162 4500.0
1512206698.96 3333.20404621 4500.0
1512206699.06 3333.21051057 4500.0
1512206699.17 3333.2166517 4500.0
1512206699.26 3333.22248579 4500.0
1512206699.36 3333.22802816 4500.0
1512206699.46 3333.23329342 4500.0
1512206699.57 3333.23829542 4500.0
1512206699.67 3333.24304731 4500.0
1512206699.77 3333.24756161 4500.0
1512206699.87 3333.2518502 4500.0
1512206699.97 3333.25592436 4500.0
1512206700.06 3333.25979481 4500.0
1512206700.16 3333.26347173 4500.0
1512206700.26 3333.26696481 4500.0
1512206700.37 3333.27028324 4500.0
1512206700.46 3333.27343574 4500.0
1512206700.56 3333.27643062 4500.0
1512206700.66 3333.27927576 4500.0
1512206700.76 3333.28197864 4500.0
1512206700.86 3333.28454637 4500.0
1512206700.96 3333.28698572 4500.0
1512206701.06 3333.2893031 4500.0
1512206701.16 3333.29150461 4500.0
1512206701.26 3333.29359605 4500.0
1512206701.36 3333.29558291 4500.0
1512206701.46 3333.29747043 4500.0
1512206701.56 3333.29926358 4500.0
1512206701.66 3333.30096707 4500.0
1512206701.76 3333.30258538 4500.0
1512206701.87 3333.30412278 4500.0
1512206701.96 3333.30558331 4500.0
1512206702.06 3333.30697081 4500.0
1512206702.17 3333.30828893 4500.0
1512206702.26 3333.30954115 4500.0
1512206702.37 3333.31073076 4500.0
1512206702.46 3333.31186089 4500.0
1512206702.57 3333.31293451 4500.0
1512206702.67 3333.31395445 4500.0
1512206702.77 3333.3149234 4500.0
1512206702.87 3333.31584389 4500.0
1512206702.97 3333.31671837 4500.0
1512206703.07 3333.31754911 4500.0
1512206703.17 3333.31833833 4500.0
1512206703.26 3333.31908808 4500.0
1512206703.37 3333.31980034 4500.0
1512206703.46 3333.32047699 4500.0
1512206703.57 3333.32111981 4500.0
1512206703.67 3333.32173048 4500.0
1512206703.76 3333.32231062 4500.0
1512206703.86 3333.32286176 4500.0
1512206703.97 3333.32338534 4500.0
1512206704.07 3333.32388274 4500.0
1512206704.17 3333.32435527 4500.0
1512206704.27 3333.32480417 4500.0
1512206704.37 3333.32523063 4500.0
1512206704.47 3333.32563576 4500.0
1512206704.56 3333.32602064 4500.0
1512206704.67 3333.32638628 4500.0
1512206704.77 3333.32673363 4500.0
1512206704.87 3333.32706362 4500.0
1512206704.97 3333.3273771 4500.0
1512206705.07 3333.32767491 4500.0
1512206705.17 3333.32795783 4500.0
1512206705.27 3333.32822661 4500.0
1512206705.38 3333.32848195 4500.0
1512206705.47 3333.32872451 4500.0
1512206705.57 3333.32895496 4500.0
1512206705.67 3333.32917387 4500.0
1512206705.77 3333.32938185 4500.0
1512206705.87 3333.32957942 4500.0
1512206705.97 3333.32976712 4500.0
1512206706.07 3333.32994543 4500.0
1512206706.18 3333.33011482 4500.0
1512206706.27 3333.33027575 4500.0
1512206706.37 3333.33042863 4500.0
1512206706.47 3333.33057386 4500.0
1512206706.58 3333.33071184 4500.0
1512206706.68 3333.33084291 4500.0
1512206706.77 3333.33096743 4500.0
1512206706.88 3333.33108573 4500.0
1512206706.97 3333.33119811 4500.0
1512206707.08 3333.33130487 4500.0
1512206707.18 3333.33140629 4500.0
1512206707.27 3333.33150264 4500.0
1512206707.37 3333.33159418 4500.0
1512206707.47 3333.33168114 4500.0
1512206707.58 3333.33176375 4500.0
1512206707.68 3333.33184223 4500.0
1512206707.78 3333.33191678 4500.0
1512206707.88 3333.33198761 4500.0
1512206707.98 3333.3320549 4500.0
1512206708.08 3333.33211882 4500.0
1512206708.18 3333.33217954 4500.0
1512206708.27 3333.33223723 4500.0
1512206708.38 3333.33229204 4500.0
1512206708.48 3333.3323441 4500.0
1512206708.58 3333.33239356 4500.0
1512206708.68 3333.33244055 4500.0
1512206708.78 3333.33248519 4500.0
1512206708.88 3333.3325276 4500.0
1512206708.97 3333.33256789 4500.0
1512206709.07 3333.33260616 4500.0
1512206709.17 3333.33264252 4500.0
1512206709.28 3333.33267706 4500.0
1512206709.38 3333.33270987 4500.0
1512206709.47 3333.33274104 4500.0
1512206709.57 3333.33277066 4500.0
1512206709.68 3333.33279879 4500.0
1512206709.78 3333.33282552 4500.0
1512206709.88 3333.33285091 4500.0
1512206709.98 3333.33287503 4500.0
1512206710.07 3333.33289795 4500.0
1512206710.18 3333.33291972 4500.0
1512206710.28 3333.3329404 4500.0
1512206710.38 3333.33296004 4500.0
1512206710.48 3333.33297871 4500.0
1512206710.58 3333.33299644 4500.0
1512206710.68 3333.33301328 4500.0
1512206710.78 3333.33302929 4500.0
1512206710.88 3333.33304449 4500.0
1512206710.98 3333.33305893 4500.0
1512206711.09 3333.33307265 4500.0
1512206711.18 3333.33308569 4500.0
1512206711.28 3333.33309807 4500.0
1512206711.38 3333.33310983 4500.0
1512206711.48 3333.33312101 4500.0
1512206711.58 3333.33313162 4500.0
1512206711.68 3333.33314171 4500.0
1512206711.79 3333.33315129 4500.0
1512206711.89 3333.33316039 4500.0
1512206711.98 3333.33316904 4500.0
1512206712.08 3333.33317725 4500.0
1512206712.18 3333.33318506 4500.0
1512206712.28 3333.33319247 4500.0
1512206712.39 3333.33319951 4500.0
1512206712.48 3333.33320621 4500.0
1512206712.58 3333.33321256 4500.0
1512206712.69 3333.3332186 4500.0
1512206712.78 3333.33322434 4500.0
1512206712.88 3333.33322979 4500.0
1512206712.98 3333.33323496 4500.0
1512206713.09 3333.33323988 4500.0
1512206713.19 3333.33324455 4500.0
1512206713.29 3333.33324899 4500.0
1512206713.39 3333.33325321 4500.0
1512206713.49 3333.33325722 4500.0
1512206713.59 3333.33326102 4500.0
1512206713.68 3333.33326464 4500.0
1512206713.79 3333.33326807 4500.0
1512206713.89 3333.33327134 4500.0
1512206713.99 3333.33327444 4500.0
1512206714.08 3333.33327738 4500.0
1512206714.18 3333.33328018 4500.0
1512206714.28 3333.33328284 4500.0
1512206714.38 3333.33328536 4500.0
1512206714.49 3333.33328776 4500.0
1512206714.59 3333.33329004 4500.0
1512206714.7 3333.3332922 4500.0
1512206714.79 3333.33329426 4500.0
1512206714.9 3333.33329621 4500.0
1512206714.99 3333.33329807 4500.0
1512206715.1 3333.33329983 4500.0
1512206715.19 3333.33330151 4500.0
1512206715.29 3333.3333031 4500.0
1512206715.39 3333.33330461 4500.0
1512206715.5 3333.33330605 4500.0
1512206715.59 3333.33330741 4500.0
1512206715.69 3333.33330871 4500.0
1512206715.8 3333.33330994 4500.0
1512206715.9 3333.33331111 4500.0
1512206716.0 3333.33331222 4500.0
1512206716.1 3333.33331328 4500.0
1512206716.2 3333.33331428 4500.0
1512206716.3 3333.33331523 4500.0
1512206716.4 3333.33331614 4500.0
1512206716.5 3333.333317 4500.0
1512206716.6 3333.33331781 4500.0
1512206716.7 3333.33331859 4500.0
1512206716.8 3333.33331933 4500.0
1512206716.9 3333.33332003 4500.0
1512206717.0 3333.33332069 4500.0
1512206717.1 3333.33332132 4500.0
1512206717.2 3333.33332192 4500.0
1512206717.3 3333.33332249 4500.0
1512206717.4 3333.33332304 4500.0
1512206717.5 3333.33332355 4500.0
1512206717.6 3333.33332404 4500.0
1512206717.7 3333.33332451 4500.0
1512206717.8 3333.33332495 4500.0
1512206717.9 3333.33332537 4500.0
1512206718.0 3333.33332576 4500.0
1512206718.1 3333.33332614 4500.0
1512206718.2 3333.3333265 4500.0
1512206718.3 3333.33332684 4500.0
1512206718.4 3333.33332717 4500.0
1512206718.5 3333.33332748 4500.0
1512206718.6 3333.33332777 4500.0
1512206718.7 3333.33332805 4500.0
1512206718.8 3333.33332831 4500.0
1512206718.91 3333.33332856 4500.0
1512206719.0 3333.3333288 4500.0
1512206719.1 3333.33332903 4500.0
1512206719.2 3333.33332924 4500.0
1512206719.3 3333.33332945 4500.0
1512206719.4 3333.33332964 4500.0
1512206719.5 3333.33332983 4500.0
1512206719.6 3333.33333 4500.0
1512206719.7 3333.33333017 4500.0
1512206719.8 3333.33333033 4500.0
1512206719.9 3333.33333048 4500.0
1512206720.0 3333.33333062 4500.0
1512206720.1 3333.33333076 4500.0
1512206720.2 3333.33333088 4500.0
1512206720.31 3333.33333101 4500.0
1512206720.4 3333.33333112 4500.0
1512206720.5 3333.33333123 4500.0
1512206720.61 3333.33333134 4500.0
1512206720.71 3333.33333144 4500.0
1512206720.81 3333.33333153 4500.0
1512206720.91 3333.33333162 4500.0
1512206721.01 3333.33333171 4500.0
1512206721.1 3333.33333179 4500.0
1512206721.2 3333.33333187 4500.0
1512206721.3 3333.33333194 4500.0
1512206721.4 3333.33333201 4500.0
1512206721.51 3333.33333208 4500.0
1512206721.61 3333.33333214 4500.0
1512206721.71 3333.3333322 4500.0
1512206721.81 3333.33333226 4500.0
1512206721.91 3333.33333231 4500.0
1512206722.01 3333.33333236 4500.0
1512206722.11 3333.33333241 4500.0
1512206722.21 3333.33333246 4500.0
1512206722.31 3333.3333325 4500.0
1512206722.41 3333.33333254 4500.0
1512206722.51 3333.33333258 4500.0
1512206722.61 3333.33333262 4500.0
1512206722.71 3333.33333265 4500.0
1512206722.81 3333.33333269 4500.0
1512206722.92 3333.33333272 4500.0
1512206723.01 3333.33333275 4500.0
1512206723.11 3333.33333278 4500.0
1512206723.21 3333.33333281 4500.0
1512206723.32 3333.33333283 4500.0
1512206723.42 3333.33333286 4500.0
1512206723.52 3333.33333288 4500.0
1512206723.62 3333.33333291 4500.0
1512206723.71 3333.33333293 4500.0
1512206723.81 3333.33333295 4500.0
1512206723.91 3333.33333297 4500.0
1512206724.01 3333.33333298 4500.0
1512206724.11 3333.333333 4500.0
1512206724.22 3333.33333302 4500.0
1512206724.31 3333.33333303 4500.0
1512206724.42 3333.33333305 4500.0
1512206724.52 3333.33333306 4500.0
1512206724.62 3333.33333308 4500.0
1512206724.72 3333.33333309 4500.0
1512206724.82 3333.3333331 4500.0
1512206724.92 3333.33333311 4500.0
1512206725.02 3333.33333312 4500.0
1512206725.12 3333.33333313 4500.0
1512206725.22 3333.33333314 4500.0
1512206725.31 3333.33333315 4500.0
1512206725.41 3333.33333316 4500.0
1512206725.52 3333.33333317 4500.0
1512206725.62 3333.33333318 4500.0
1512206725.72 3333.33333319 4500.0
1512206725.82 3333.33333319 4500.0
1512206725.92 3333.3333332 4500.0
1512206726.02 3333.33333321 4500.0
1512206726.12 3333.33333321 4500.0
1512206726.22 3333.33333322 4500.0
1512206726.32 3333.33333323 4500.0
1512206726.42 3333.33333323 4500.0
1512206726.52 3333.33333324 4500.0
1512206726.62 3333.33333324 4500.0
1512206726.72 3333.33333325 4500.0
1512206726.82 3333.33333325 4500.0
1512206726.92 3333.33333325 4500.0
1512206727.02 3333.33333326 4500.0
1512206727.12 3333.33333326 4500.0
1512206727.22 3333.33333327 4500.0
1512206727.32 3333.33333327 4500.0
1512206727.42 3333.33333327 4500.0
1512206727.52 3333.33333328 4500.0
1512206727.62 3333.33333328 4500.0
1512206727.72 3333.33333328 4500.0
1512206727.82 3333.33333328 4500.0
1512206727.92 3333.33333329 4500.0
1512206728.03 3333.33333329 4500.0
1512206728.12 3333.33333329 4500.0
1512206728.22 3333.33333329 4500.0
1512206728.32 3333.33333329 4500.0
1512206728.42 3333.3333333 4500.0
1512206728.52 3333.3333333 4500.0
1512206728.62 3333.3333333 4500.0
1512206728.73 3333.3333333 4500.0
1512206728.82 3333.3333333 4500.0
1512206728.92 3333.33333331 4500.0
1512206729.02 3333.33333331 4500.0
1512206729.13 3333.33333331 4500.0
1512206729.22 3333.33333331 4500.0
1512206729.32 3333.33333331 4500.0
1512206729.42 3333.33333331 4500.0
1512206729.53 3333.33333331 4500.0
1512206729.63 3333.33333331 4500.0
1512206729.72 3333.33333331 4500.0
1512206729.82 3333.33333332 4500.0
1512206729.93 3333.33333332 4500.0
1512206730.03 3333.33333332 4500.0
1512206730.13 3333.33333332 4500.0
1512206730.23 3333.33333332 4500.0
1512206730.33 3333.33333332 4500.0
1512206730.43 3333.33333332 4500.0
1512206730.53 3333.33333332 4500.0
1512206730.63 3333.33333332 4500.0
1512206730.73 3333.33333332 4500.0
1512206730.83 3333.33333332 4500.0
1512206730.92 3333.33333332 4500.0
1512206731.03 3333.33333332 4500.0
1512206731.13 3333.33333332 4500.0
1512206731.23 3333.33333332 4500.0
1512206731.33 3333.33333333 4500.0
1512206731.43 3333.33333333 4500.0
1512206731.53 3333.33333333 4500.0
1512206731.63 3333.33333333 4500.0
1512206731.73 3333.33333333 4500.0
1512206731.82 3333.33333333 4500.0
1512206731.93 3333.33333333 4500.0
1512206732.03 3333.33333333 4500.0
1512206732.13 3333.33333333 4500.0
1512206732.23 3333.33333333 4500.0
1512206732.33 3333.33333333 4500.0
1512206732.43 3333.33333333 4500.0
1512206732.54 3333.33333333 4500.0
1512206732.63 3333.33333333 4500.0
1512206732.73 3333.33333333 4500.0
1512206732.83 3333.33333333 4500.0
1512206732.94 3333.33333333 4500.0
1512206733.03 3333.33333333 4500.0
1512206733.14 3333.33333333 4500.0
1512206733.24 3333.33333333 4500.0
1512206733.33 3333.33333333 4500.0
1512206733.43 3333.33333333 4500.0
1512206733.54 3333.33333333 4500.0
1512206733.63 3333.33333333 4500.0
1512206733.73 3333.33333333 4500.0
1512206733.83 3333.33333333 4500.0
1512206733.94 3333.33333333 4500.0
1512206734.03 3333.33333333 4500.0
1512206734.14 3333.33333333 4500.0
1512206734.24 3333.33333333 4500.0
1512206734.34 3333.33333333 4500.0
1512206734.44 3333.33333333 4500.0
1512206734.54 3333.33333333 4500.0
1512206734.65 3333.33333333 4500.0
1512206734.74 3333.33333333 4500.0
1512206734.84 3333.33333333 4500.0
1512206734.95 3333.33333333 4500.0
1512206735.04 3333.33333333 4500.0
1512206735.14 3333.33333333 4500.0
1512206735.25 3333.33333333 4500.0
1512206735.34 3333.33333333 4500.0
1512206735.44 3333.33333333 4500.0
1512206735.54 3333.33333333 4500.0
1512206735.64 3333.33333333 4500.0
1512206735.74 3333.33333333 4500.0
1512206735.84 3333.33333333 4500.0
1512206735.94 3333.33333333 4500.0
1512206736.04 3333.33333333 4500.0
1512206736.15 3333.33333333 4500.0
1512206736.24 3333.33333333 4500.0
1512206736.35 3333.33333333 4500.0
1512206736.45 3333.33333333 4500.0
1512206736.54 3333.33333333 4500.0
1512206736.64 3333.33333333 4500.0
1512206736.75 3333.33333333 4500.0
1512206736.85 3333.33333333 4500.0
1512206736.94 3333.33333333 4500.0
1512206737.04 3333.33333333 4500.0
1512206737.15 3333.33333333 4500.0
1512206737.24 3333.33333333 4500.0
1512206737.35 3333.33333333 4500.0
1512206737.45 3333.33333333 4500.0
1512206737.54 3333.33333333 4500.0
1512206737.65 3333.33333333 4500.0
1512206737.74 3333.33333333 4500.0
1512206737.85 3333.33333333 4500.0
1512206737.95 3333.33333333 4500.0
1512206738.05 3333.33333333 4500.0
1512206738.15 3333.33333333 4500.0
1512206738.26 3333.33333333 4500.0
1512206738.35 3333.33333333 4500.0
1512206738.45 3333.33333333 4500.0
1512206738.55 3333.33333333 4500.0
1512206738.65 3333.33333333 4500.0
1512206738.75 3333.33333333 4500.0
1512206738.84 3333.33333333 4500.0
1512206738.94 3333.33333333 4500.0
1512206739.05 3333.33333333 4500.0
1512206739.15 3333.33333333 4500.0
1512206739.25 3333.33333333 4500.0
1512206739.35 3333.33333333 4500.0
1512206739.45 3333.33333333 4500.0
1512206739.55 3333.33333333 4500.0
1512206739.65 3333.33333333 4500.0
1512206739.75 3333.33333333 4500.0
1512206739.86 3333.33333333 4500.0
1512206739.95 3333.33333333 4500.0
1512206740.05 3333.33333333 4500.0
1512206740.16 3333.33333333 4500.0
1512206740.26 3333.33333333 4500.0
1512206740.35 3333.33333333 4500.0
1512206740.46 3333.33333333 4500.0
1512206740.56 3333.33333333 4500.0
1512206740.65 3333.33333333 4500.0
1512206740.75 3333.33333333 4500.0
1512206740.86 3333.33333333 4500.0
1512206740.96 3333.33333333 4500.0
1512206741.05 3333.33333333 4500.0
1512206741.15 3333.33333333 4500.0
1512206741.25 3333.33333333 4500.0
1512206741.36 3333.33333333 4500.0
1512206741.46 3333.33333333 4500.0
1512206741.56 3333.33333333 4500.0
1512206741.66 3333.33333333 4500.0
1512206741.76 3333.33333333 4500.0
1512206741.86 3333.33333333 4500.0
1512206741.96 3333.33333333 4500.0
1512206742.06 3333.33333333 4500.0
1512206742.16 3333.33333333 4500.0
1512206742.26 3333.33333333 4500.0
1512206742.36 3333.33333333 4500.0
1512206742.45 3333.33333333 4500.0
1512206742.56 3333.33333333 4500.0
1512206742.66 3333.33333333 4500.0
1512206742.76 3333.33333333 4500.0
1512206742.86 3333.33333333 4500.0
1512206742.96 3333.33333333 4500.0
1512206743.07 3333.33333333 4500.0
1512206743.16 3333.33333333 4500.0
1512206743.26 3333.33333333 4500.0
1512206743.37 3333.33333333 4500.0
1512206743.47 3333.33333333 4500.0
1512206743.58 3333.33333333 4500.0
1512206743.68 3333.33333333 4500.0
1512206743.78 3333.33333333 4500.0
1512206743.87 3333.33333333 4500.0
1512206743.98 3333.33333333 4500.0
1512206744.08 3333.33333333 4500.0
1512206744.18 3333.33333333 4500.0
1512206744.28 3333.33333333 4500.0
1512206744.38 3333.33333333 4500.0
1512206744.48 3333.33333333 4500.0
1512206744.58 3333.33333333 4500.0
1512206744.67 3333.33333333 4500.0
1512206744.78 3333.33333333 4500.0
1512206744.87 3333.33333333 4500.0
1512206744.98 3333.33333333 4500.0
1512206745.08 3333.33333333 4500.0
1512206745.18 3333.33333333 4500.0
1512206745.28 3333.33333333 4500.0
1512206745.38 3333.33333333 4500.0
1512206745.49 3333.33333333 4500.0
1512206745.58 3333.33333333 4500.0
1512206745.68 3333.33333333 4500.0
1512206745.78 3333.33333333 4500.0
1512206745.88 3333.33333333 4500.0
1512206745.98 3333.33333333 4500.0
1512206746.08 3333.33333333 4500.0
1512206746.19 3333.33333333 4500.0
1512206746.27 3333.33333333 4500.0
1512206746.38 3333.33333333 4500.0
1512206746.48 3333.33333333 4500.0
1512206746.58 3333.33333333 4500.0
1512206746.68 3333.33333333 4500.0
1512206746.78 3333.33333333 4500.0
1512206746.89 3333.33333333 4500.0
1512206746.98 3333.33333333 4500.0
1512206747.08 3333.33333333 4500.0
1512206747.19 3333.33333333 4500.0
1512206747.28 3333.33333333 4500.0
1512206747.38 3333.33333333 4500.0
1512206747.48 3333.33333333 4500.0
1512206747.58 3333.33333333 4500.0
1512206747.68 3333.33333333 4500.0
1512206747.79 3333.33333333 4500.0
1512206747.88 3333.33333333 4500.0
1512206747.99 3333.33333333 4500.0
1512206748.08 3333.33333333 4500.0
1512206748.18 3333.33333333 4500.0
1512206748.29 3333.33333333 4500.0
1512206748.38 3333.33333333 4500.0
1512206748.49 3333.33333333 4500.0
1512206748.59 3333.33333333 4500.0
1512206748.69 3333.33333333 4500.0
1512206748.79 3333.33333333 4500.0
1512206748.88 3333.33333333 4500.0
1512206748.99 3333.33333333 4500.0
1512206749.08 3333.33333333 4500.0
1512206749.19 3333.33333333 4500.0
1512206749.29 3333.33333333 4500.0
1512206749.39 3333.33333333 4500.0
1512206749.49 3333.33333333 4500.0
1512206749.59 3333.33333333 4500.0
1512206749.68 3333.33333333 4500.0
1512206749.78 3333.33333333 4500.0
1512206749.89 3333.33333333 4500.0
1512206749.99 3333.33333333 4500.0
1512206750.09 3333.33333333 4500.0
1512206750.19 3333.33333333 4500.0
1512206750.29 3333.33333333 4500.0
1512206750.39 3333.33333333 4500.0
1512206750.49 3333.33333333 4500.0
1512206750.63 3333.33333333 4500.0
1512206750.7 3333.33333333 4500.0
1512206750.79 3333.33333333 4500.0
1512206750.89 3333.33333333 4500.0
1512206750.99 3333.33333333 4500.0
1512206751.08 3333.33333333 4500.0
1512206751.19 3333.33333333 4500.0
1512206751.29 3333.33333333 4500.0
1512206751.39 3333.33333333 4500.0
1512206751.49 3333.33333333 4500.0
1512206751.59 3333.33333333 4500.0
1512206751.69 3333.33333333 4500.0
1512206751.79 3333.33333333 4500.0
1512206751.9 3333.33333333 4500.0
1512206751.99 3333.33333333 4500.0
1512206752.09 3333.33333333 4500.0
1512206752.19 3333.33333333 4500.0
1512206752.3 3333.33333333 4500.0
1512206752.4 3333.33333333 4500.0
1512206752.5 3333.33333333 4500.0
1512206752.6 3333.33333333 4500.0
1512206752.7 3333.33333333 4500.0
1512206752.79 3333.33333333 4500.0
1512206752.89 3333.33333333 4500.0
1512206753.0 3333.33333333 4500.0
1512206753.09 3333.33333333 4500.0
1512206753.19 3333.33333333 4500.0
1512206753.3 3333.33333333 4500.0
1512206753.39 3333.33333333 4500.0
1512206753.49 3333.33333333 4500.0
1512206753.6 3333.33333333 4500.0
1512206753.7 3333.33333333 4500.0
1512206753.79 3333.33333333 4500.0
1512206753.9 3333.33333333 4500.0
1512206754.0 3333.33333333 4500.0
1512206754.1 3333.33333333 4500.0
1512206754.19 3333.33333333 4500.0
1512206754.29 3333.33333333 4500.0
1512206754.4 3333.33333333 4500.0
1512206754.49 3333.33333333 4500.0
1512206754.6 3333.33333333 4500.0
1512206754.7 3333.33333333 4500.0
1512206754.8 3333.33333333 4500.0
1512206754.89 3333.33333333 4500.0
1512206755.0 3333.33333333 4500.0
1512206755.1 3333.33333333 4500.0
1512206755.2 3333.33333333 4500.0
1512206755.3 3333.33333333 4500.0
1512206755.4 3333.33333333 4500.0
1512206755.5 3333.33333333 4500.0
1512206755.6 3333.33333333 4500.0
1512206755.7 3333.33333333 4500.0
1512206755.81 3333.33333333 4500.0
1512206755.9 3333.33333333 4500.0
1512206756.0 3333.33333333 4500.0
1512206756.1 3333.33333333 4500.0
1512206756.2 3333.33333333 4500.0
1512206756.31 3333.33333333 4500.0
1512206756.41 3333.33333333 4500.0
1512206756.5 3333.33333333 4500.0
1512206756.6 3333.33333333 4500.0
1512206756.7 3333.33333333 4500.0
1512206756.8 3333.33333333 4500.0
1512206756.9 3333.33333333 4500.0
1512206757.01 3333.33333333 4500.0
1512206757.11 3333.33333333 4500.0
1512206757.21 3333.33333333 4500.0
1512206757.3 3333.33333333 4500.0
1512206757.41 3333.33333333 4500.0
1512206757.5 3333.33333333 4500.0
1512206757.61 3333.33333333 4500.0
1512206757.71 3333.33333333 4500.0
1512206757.8 3333.33333333 4500.0
1512206757.91 3333.33333333 4500.0
1512206758.01 3333.33333333 4500.0
1512206758.1 3333.33333333 4500.0
1512206758.21 3333.33333333 4500.0
1512206758.3 3333.33333333 4500.0
1512206758.41 3333.33333333 4500.0
1512206758.51 3333.33333333 4500.0
1512206758.61 3333.33333333 4500.0
1512206758.7 3333.33333333 4500.0
1512206758.81 3333.33333333 4500.0
1512206758.9 3333.33333333 4500.0
1512206759.0 3333.33333333 4500.0
1512206759.11 3333.33333333 4500.0
1512206759.21 3333.33333333 4500.0
1512206759.31 3333.33333333 4500.0
1512206759.41 3333.33333333 4500.0
1512206759.51 3333.33333333 4500.0
1512206759.61 3333.33333333 4500.0
1512206759.71 3333.33333333 4500.0
1512206759.81 3333.33333333 4500.0
1512206759.91 3333.33333333 4500.0
1512206760.01 3333.33333333 4500.0
1512206760.11 3333.33333333 4500.0
1512206760.21 3333.33333333 4500.0
1512206760.31 3333.33333333 4500.0
1512206760.41 3333.33333333 4500.0
1512206760.52 3333.33333333 4500.0
1512206760.61 3333.33333333 4500.0
1512206760.71 3333.33333333 4500.0
1512206760.82 3333.33333333 4500.0
1512206760.91 3333.33333333 4500.0
1512206761.01 3333.33333333 4500.0
1512206761.11 3333.33333333 4500.0
1512206761.22 3333.33333333 4500.0
1512206761.31 3333.33333333 4500.0
1512206761.41 3333.33333333 4500.0
1512206761.51 3333.33333333 4500.0
1512206761.61 3333.33333333 4500.0
1512206761.71 3333.33333333 4500.0
1512206761.81 3333.33333333 4500.0
1512206761.91 3333.33333333 4500.0
1512206762.01 3333.33333333 4500.0
1512206762.11 3333.33333333 4500.0
1512206762.21 3333.33333333 4500.0
1512206762.31 3333.33333333 4500.0
1512206762.41 3333.33333333 4500.0
1512206762.51 3333.33333333 4500.0
1512206762.61 3333.33333333 4500.0
1512206762.71 3333.33333333 4500.0
1512206762.82 3333.33333333 4500.0
1512206762.92 3333.33333333 4500.0
1512206763.01 3333.33333333 4500.0
1512206763.12 3333.33333333 4500.0
1512206763.22 3333.33333333 4500.0
1512206763.32 3333.33333333 4500.0
1512206763.41 3333.33333333 4500.0
1512206763.52 3333.33333333 4500.0
1512206763.62 3333.33333333 4500.0
1512206763.72 3333.33333333 4500.0
1512206763.81 3333.33333333 4500.0
1512206763.92 3333.33333333 4500.0
1512206764.02 3333.33333333 4500.0
1512206764.12 3333.33333333 4500.0
1512206764.22 3333.33333333 4500.0
1512206764.32 3333.33333333 4500.0
1512206764.42 3333.33333333 4500.0
1512206764.52 3333.33333333 4500.0
1512206764.62 3333.33333333 4500.0
1512206764.72 3333.33333333 4500.0
1512206764.82 3333.33333333 4500.0
1512206764.92 3333.33333333 4500.0
1512206765.02 3333.33333333 4500.0
1512206765.11 3333.33333333 4500.0
1512206765.22 3333.33333333 4500.0
1512206765.32 3333.33333333 4500.0
1512206765.42 3333.33333333 4500.0
1512206765.52 3333.33333333 4500.0
1512206765.62 3333.33333333 4500.0
1512206765.72 3333.33333333 4500.0
1512206765.82 3333.33333333 4500.0
1512206765.92 3333.33333333 4500.0
1512206766.02 3333.33333333 4500.0
1512206766.12 3333.33333333 4500.0
1512206766.22 3333.33333333 4500.0
1512206766.33 3333.33333333 4500.0
1512206766.42 3333.33333333 4500.0
1512206766.52 3333.33333333 4500.0
1512206766.62 3333.33333333 4500.0
1512206766.72 3333.33333333 4500.0
1512206766.82 3333.33333333 4500.0
1512206766.92 3333.33333333 4500.0
1512206767.02 3333.33333333 4500.0
1512206767.12 3333.33333333 4500.0
1512206767.22 3333.33333333 4500.0
1512206767.32 3333.33333333 4500.0
1512206767.42 3333.33333333 4500.0
1512206767.52 3333.33333333 4500.0
1512206767.63 3333.33333333 4500.0
1512206767.72 3333.33333333 4500.0
1512206767.82 3333.33333333 4500.0
1512206767.92 3333.33333333 4500.0
1512206768.03 3333.33333333 4500.0
1512206768.13 3333.33333333 4500.0
1512206768.23 3333.33333333 4500.0
1512206768.33 3333.33333333 4500.0
1512206768.43 3333.33333333 4500.0
1512206768.54 3333.33333333 4500.0
1512206768.64 3333.33333333 4500.0
1512206768.74 3333.33333333 4500.0
1512206768.84 3333.33333333 4500.0
1512206768.94 3333.33333333 4500.0
1512206769.04 3333.33333333 4500.0
1512206769.13 3333.33333333 4500.0
1512206769.24 3333.33333333 4500.0
1512206769.34 3333.33333333 4500.0
1512206769.44 3333.33333333 4500.0
1512206769.53 3333.33333333 4500.0
1512206769.64 3333.33333333 4500.0
1512206769.74 3333.33333333 4500.0
1512206769.84 3333.33333333 4500.0
1512206769.94 3333.33333333 4500.0
1512206770.03 3333.33333333 4500.0
1512206770.14 3333.33333333 4500.0
1512206770.24 3333.33333333 4500.0
1512206770.34 3333.33333333 4500.0
1512206770.44 3333.33333333 4500.0
1512206770.54 3333.33333333 4500.0
1512206770.64 3333.33333333 4500.0
1512206770.74 3333.33333333 4500.0
1512206770.84 3333.33333333 4500.0
1512206770.94 3333.33333333 4500.0
1512206771.04 3333.33333333 4500.0
1512206771.14 3333.33333333 4500.0
1512206771.24 3333.33333333 4500.0
1512206771.34 3333.33333333 4500.0
1512206771.44 3333.33333333 4500.0
1512206771.54 3333.33333333 4500.0
1512206771.64 3333.33333333 4500.0
1512206771.74 3333.33333333 4500.0
1512206771.84 3333.33333333 4500.0
1512206771.94 3333.33333333 4500.0
1512206772.04 3333.33333333 4500.0
1512206772.14 3333.33333333 4500.0
1512206772.24 3333.33333333 4500.0
1512206772.34 3333.33333333 4500.0
1512206772.45 3333.33333333 4500.0
1512206772.54 3333.33333333 4500.0
1512206772.64 3333.33333333 4500.0
1512206772.74 3333.33333333 4500.0
1512206772.85 3333.33333333 4500.0
1512206772.96 3333.33333333 4500.0
1512206773.05 3291.66666667 4500.0
1512206773.15 3252.08333333 4500.0
1512206773.25 3214.47916667 4500.0
1512206773.34 3178.75520833 4500.0
1512206773.44 3144.81744792 4500.0
1512206773.55 3112.57657552 4500.0
1512206773.64 3081.94774674 4500.0
1512206773.75 3052.85035941 4500.0
1512206773.85 3025.20784144 4500.0
1512206773.95 2998.94744937 4500.0
1512206774.05 2974.0000769 4500.0
1512206774.15 2950.30007305 4500.0
1512206774.25 2927.7850694 4500.0
1512206774.34 2906.39581593 4500.0
1512206774.44 2886.07602513 4500.0
1512206774.55 2866.77222388 4500.0
1512206774.64 2848.43361268 4500.0
1512206774.75 2831.01193205 4500.0
1512206774.85 2814.46133545 4500.0
1512206774.95 2798.73826867 4500.0
1512206775.05 2783.80135524 4500.0
1512206775.15 2769.61128748 4500.0
1512206775.25 2756.1307231 4500.0
1512206775.35 2743.32418695 4500.0
1512206775.45 2731.1579776 4500.0
1512206775.55 2719.60007872 4500.0
1512206775.65 2708.62007479 4500.0
1512206775.75 2698.18907105 4500.0
1512206775.85 2688.27961749 4500.0
1512206775.95 2678.86563662 4500.0
1512206776.05 2669.92235479 4500.0
1512206776.15 2661.42623705 4500.0
1512206776.25 2653.3549252 4500.0
1512206776.35 2645.68717894 4500.0
1512206776.45 2638.40281999 4500.0
1512206776.55 2631.48267899 4500.0
1512206776.65 2624.90854504 4500.0
1512206776.75 2618.66311779 4500.0
1512206776.85 2612.7299619 4500.0
1512206776.95 2607.0934638 4500.0
1512206777.05 2601.73879061 4500.0
1512206777.15 2596.65185108 4500.0
1512206777.25 2591.81925853 4500.0
1512206777.35 2587.2282956 4500.0
1512206777.45 2582.86688082 4500.0
1512206777.55 2578.72353678 4500.0
1512206777.65 2574.78735994 4500.0
1512206777.75 2571.04799195 4500.0
1512206777.85 2567.49559235 4500.0
1512206777.95 2564.12081273 4500.0
1512206778.05 2560.91477209 4500.0
1512206778.16 2557.86903349 4500.0
1512206778.25 2554.97558181 4500.0
1512206778.35 2552.22680272 4500.0
1512206778.45 2549.61546259 4500.0
1512206778.56 2547.13468946 4500.0
1512206778.65 2544.77795499 4500.0
1512206778.76 2542.53905724 4500.0
1512206778.86 2540.41210437 4500.0
1512206778.95 2538.39149916 4500.0
1512206779.05 2536.4719242 4500.0
1512206779.16 2534.64832799 4500.0
1512206779.26 2532.91591159 4500.0
1512206779.36 2531.27011601 4500.0
1512206779.46 2529.70661021 4500.0
1512206779.56 2528.2212797 4500.0
1512206779.66 2526.81021571 4500.0
1512206779.75 2525.46970493 4500.0
1512206779.86 2524.19621968 4500.0
1512206779.96 2522.9864087 4500.0
1512206780.06 2521.83708826 4500.0
1512206780.16 2520.74523385 4500.0
1512206780.26 2519.70797216 4500.0
1512206780.36 2518.72257355 4500.0
1512206780.46 2517.78644487 4500.0
1512206780.56 2516.89712263 4500.0
1512206780.66 2516.0522665 4500.0
1512206780.76 2515.24965317 4500.0
1512206780.86 2514.48717051 4500.0
1512206780.96 2513.76281199 4500.0
1512206781.05 2513.07467139 4500.0
1512206781.16 2512.42093782 4500.0
1512206781.26 2511.79989093 4500.0
1512206781.36 2511.20989638 4500.0
1512206781.46 2510.64940156 4500.0
1512206781.56 2510.11693148 4500.0
1512206781.66 2509.61108491 4500.0
1512206781.76 2509.13053066 4500.0
1512206781.86 2508.67400413 4500.0
1512206781.96 2508.24030392 4500.0
1512206782.06 2507.82828873 4500.0
1512206782.16 2507.43687429 4500.0
1512206782.26 2507.06503058 4500.0
1512206782.36 2506.71177905 4500.0
1512206782.46 2506.3761901 4500.0
1512206782.56 2506.05738059 4500.0
1512206782.66 2505.75451156 4500.0
1512206782.76 2505.46678598 4500.0
1512206782.86 2505.19344668 4500.0
1512206782.96 2504.93377435 4500.0
1512206783.06 2504.68708563 4500.0
1512206783.17 2504.45273135 4500.0
1512206783.27 2504.23009478 4500.0
1512206783.36 2504.01859004 4500.0
1512206783.47 2503.81766054 4500.0
1512206783.57 2503.62677752 4500.0
1512206783.66 2503.44543864 4500.0
1512206783.76 2503.27316671 4500.0
1512206783.87 2503.10950837 4500.0
1512206783.97 2502.95403295 4500.0
1512206784.07 2502.80633131 4500.0
1512206784.17 2502.66601474 4500.0
1512206784.26 2502.532714 4500.0
1512206784.37 2502.4060783 4500.0
1512206784.47 2502.28577439 4500.0
1512206784.57 2502.17148567 4500.0
1512206784.67 2502.06291139 4500.0
1512206784.76 2501.95976582 4500.0
1512206784.87 2501.86177753 4500.0
1512206784.96 2501.76868865 4500.0
1512206785.06 2501.68025422 4500.0
1512206785.17 2501.59624151 4500.0
1512206785.27 2501.51642943 4500.0
1512206785.37 2501.44060796 4500.0
1512206785.48 2501.36857756 4500.0
1512206785.57 2501.30014868 4500.0
1512206785.67 2501.23514125 4500.0
1512206785.77 2501.17338419 4500.0
1512206785.87 2501.11471498 4500.0
1512206785.97 2501.05897923 4500.0
1512206786.06 2501.00603027 4500.0
1512206786.17 2500.95572875 4500.0
1512206786.26 2500.90794232 4500.0
1512206786.37 2500.8625452 4500.0
1512206786.47 2500.81941794 4500.0
1512206786.57 2500.77844704 4500.0
1512206786.67 2500.73952469 4500.0
1512206786.77 2500.70254846 4500.0
1512206786.87 2500.66742103 4500.0
1512206786.97 2500.63404998 4500.0
1512206787.07 2500.60234748 4500.0
1512206787.17 2500.57223011 4500.0
1512206787.27 2500.5436186 4500.0
1512206787.38 2500.51643767 4500.0
1512206787.47 2500.49061579 4500.0
1512206787.57 2500.466085 4500.0
1512206787.67 2500.44278075 4500.0
1512206787.77 2500.42064171 4500.0
1512206787.87 2500.39960963 4500.0
1512206787.97 2500.37962915 4500.0
1512206788.07 2500.36064769 4500.0
1512206788.17 2500.3426153 4500.0
1512206788.27 2500.32548454 4500.0
1512206788.37 2500.30921031 4500.0
1512206788.47 2500.2937498 4500.0
1512206788.57 2500.27906231 4500.0
1512206788.67 2500.26510919 4500.0
1512206788.77 2500.25185373 4500.0
1512206788.88 2500.23926104 4500.0
1512206788.97 2500.22729799 4500.0
1512206789.07 2500.21593309 4500.0
1512206789.17 2500.20513644 4500.0
1512206789.27 2500.19487962 4500.0
1512206789.38 2500.18513564 4500.0
1512206789.47 2500.17587885 4500.0
1512206789.57 2500.16708491 4500.0
1512206789.68 2500.15873067 4500.0
1512206789.77 2500.15079413 4500.0
1512206789.87 2500.14325443 4500.0
1512206789.97 2500.1360917 4500.0
1512206790.07 2500.12928712 4500.0
1512206790.18 2500.12282276 4500.0
1512206790.28 2500.11668163 4500.0
1512206790.38 2500.11084754 4500.0
1512206790.47 2500.10530517 4500.0
1512206790.57 2500.10003991 4500.0
1512206790.67 2500.09503791 4500.0
1512206790.78 2500.09028602 4500.0
1512206790.88 2500.08577172 4500.0
1512206790.97 2500.08148313 4500.0
1512206791.08 2500.07740897 4500.0
1512206791.18 2500.07353853 4500.0
1512206791.27 2500.0698616 4500.0
1512206791.38 2500.06636852 4500.0
1512206791.48 2500.06305009 4500.0
1512206791.58 2500.05989759 4500.0
1512206791.68 2500.05690271 4500.0
1512206791.78 2500.05405757 4500.0
1512206791.88 2500.05135469 4500.0
1512206791.98 2500.04878696 4500.0
1512206792.08 2500.04634761 4500.0
1512206792.18 2500.04403023 4500.0
1512206792.28 2500.04182872 4500.0
1512206792.38 2500.03973728 4500.0
1512206792.48 2500.03775042 4500.0
1512206792.58 2500.0358629 4500.0
1512206792.68 2500.03406975 4500.0
1512206792.78 2500.03236627 4500.0
1512206792.88 2500.03074795 4500.0
1512206792.98 2500.02921056 4500.0
1512206793.08 2500.02775003 4500.0
1512206793.18 2500.02636253 4500.0
1512206793.28 2500.0250444 4500.0
1512206793.39 2500.02379218 4500.0
1512206793.48 2500.02260257 4500.0
1512206793.59 2500.02147244 4500.0
1512206793.68 2500.02039882 4500.0
1512206793.78 2500.01937888 4500.0
1512206793.88 2500.01840994 4500.0
1512206793.98 2500.01748944 4500.0
1512206794.08 2500.01661497 4500.0
1512206794.18 2500.01578422 4500.0
1512206794.28 2500.01499501 4500.0
1512206794.39 2500.01424526 4500.0
1512206794.49 2500.01353299 4500.0
1512206794.59 2500.01285634 4500.0
1512206794.68 2500.01221353 4500.0
1512206794.79 2500.01160285 4500.0
1512206794.89 2500.01102271 4500.0
1512206794.99 2500.01047157 4500.0
1512206795.08 2500.00994799 4500.0
1512206795.19 2500.00945059 4500.0
1512206795.29 2500.00897806 4500.0
1512206795.39 2500.00852916 4500.0
1512206795.49 2500.0081027 4500.0
1512206795.59 2500.00769757 4500.0
1512206795.69 2500.00731269 4500.0
1512206795.79 2500.00694706 4500.0
1512206795.89 2500.0065997 4500.0
1512206795.99 2500.00626972 4500.0
1512206796.09 2500.00595623 4500.0
1512206796.19 2500.00565842 4500.0
1512206796.29 2500.0053755 4500.0
1512206796.4 2500.00510672 4500.0
1512206796.49 2500.00485139 4500.0
1512206796.59 2500.00460882 4500.0
1512206796.69 2500.00437838 4500.0
1512206796.79 2500.00415946 4500.0
1512206796.89 2500.00395149 4500.0
1512206796.99 2500.00375391 4500.0
1512206797.09 2500.00356622 4500.0
1512206797.19 2500.00338791 4500.0
1512206797.29 2500.00321851 4500.0
1512206797.39 2500.00305758 4500.0
1512206797.49 2500.00290471 4500.0
1512206797.59 2500.00275947 4500.0
1512206797.69 2500.0026215 4500.0
1512206797.8 2500.00249042 4500.0
1512206797.9 2500.0023659 4500.0
1512206798.0 2500.00224761 4500.0
1512206798.09 2500.00213523 4500.0
1512206798.19 2500.00202846 4500.0
1512206798.3 2500.00192704 4500.0
1512206798.39 2500.00183069 4500.0
1512206798.49 2500.00173915 4500.0
1512206798.6 2500.0016522 4500.0
1512206798.7 2500.00156959 4500.0
1512206798.8 2500.00149111 4500.0
1512206798.9 2500.00141655 4500.0
1512206799.0 2500.00134572 4500.0
1512206799.09 2500.00127844 4500.0
1512206799.19 2500.00121452 4500.0
1512206799.29 2500.00115379 4500.0
1512206799.4 2500.0010961 4500.0
1512206799.5 2500.0010413 4500.0
1512206799.59 2500.00098923 4500.0
1512206799.7 2500.00093977 4500.0
1512206799.8 2500.00089278 4500.0
1512206799.9 2500.00084814 4500.0
1512206800.0 2500.00080573 4500.0
1512206800.1 2500.00076545 4500.0
1512206800.2 2500.00072718 4500.0
1512206800.3 2500.00069082 4500.0
1512206800.4 2500.00065628 4500.0
1512206800.5 2500.00062346 4500.0
1512206800.6 2500.00059229 4500.0
1512206800.7 2500.00056267 4500.0
1512206800.8 2500.00053454 4500.0
1512206800.9 2500.00050781 4500.0
1512206801.0 2500.00048242 4500.0
1512206801.1 2500.0004583 4500.0
1512206801.2 2500.00043539 4500.0
1512206801.3 2500.00041362 4500.0
1512206801.4 2500.00039294 4500.0
1512206801.5 2500.00037329 4500.0
1512206801.6 2500.00035463 4500.0
1512206801.7 2500.00033689 4500.0
1512206801.8 2500.00032005 4500.0
1512206801.9 2500.00030405 4500.0
1512206802.0 2500.00028884 4500.0
1512206802.1 2500.0002744 4500.0
1512206802.2 2500.00026068 4500.0
1512206802.3 2500.00024765 4500.0
1512206802.4 2500.00023527 4500.0
1512206802.5 2500.0002235 4500.0
1512206802.6 2500.00021233 4500.0
1512206802.7 2500.00020171 4500.0
1512206802.8 2500.00019163 4500.0
1512206802.9 2500.00018204 4500.0
1512206803.0 2500.00017294 4500.0
1512206803.1 2500.00016429 4500.0
1512206803.21 2500.00015608 4500.0
1512206803.3 2500.00014828 4500.0
1512206803.4 2500.00014086 4500.0
1512206803.51 2500.00013382 4500.0
1512206803.61 2500.00012713 4500.0
1512206803.71 2500.00012077 4500.0
1512206803.81 2500.00011473 4500.0
1512206803.91 2500.000109 4500.0
1512206804.01 2500.00010355 4500.0
1512206804.11 2500.00009837 4500.0
1512206804.21 2500.00009345 4500.0
1512206804.31 2500.00008878 4500.0
1512206804.41 2500.00008434 4500.0
1512206804.5 2500.00008012 4500.0
1512206804.61 2500.00007612 4500.0
1512206804.7 2500.00007231 4500.0
1512206804.81 2500.0000687 4500.0
1512206804.91 2500.00006526 4500.0
1512206805.01 2500.000062 4500.0
1512206805.11 2500.0000589 4500.0
1512206805.21 2500.00005595 4500.0
1512206805.31 2500.00005315 4500.0
1512206805.41 2500.0000505 4500.0
1512206805.51 2500.00004797 4500.0
1512206805.61 2500.00004557 4500.0
1512206805.71 2500.00004329 4500.0
1512206805.81 2500.00004113 4500.0
1512206805.91 2500.00003907 4500.0
1512206806.01 2500.00003712 4500.0
1512206806.11 2500.00003526 4500.0
1512206806.22 2500.0000335 4500.0
1512206806.31 2500.00003183 4500.0
1512206806.42 2500.00003023 4500.0
1512206806.51 2500.00002872 4500.0
1512206806.65 2500.00002729 4500.0
1512206806.72 2500.00002592 4500.0
1512206806.81 2500.00002463 4500.0
1512206806.91 2500.00002339 4500.0
1512206807.01 2500.00002223 4500.0
1512206807.19 2500.00002111 4500.0
1512206807.26 2500.00002006 4500.0
1512206807.35 2500.00001906 4500.0
1512206807.45 2500.0000181 4500.0
1512206807.56 2500.0000172 4500.0
1512206807.66 2500.00001634 4500.0
1512206807.76 2500.00001552 4500.0
1512206807.87 2500.00001474 4500.0
1512206807.97 2500.00001401 4500.0
1512206808.06 2500.00001331 4500.0
1512206808.17 2500.00001264 4500.0
1512206808.27 2500.00001201 4500.0
1512206808.37 2500.00001141 4500.0
1512206808.47 2500.00001084 4500.0
1512206808.57 2500.0000103 4500.0
1512206808.66 2500.00000978 4500.0
1512206808.76 2500.00000929 4500.0
1512206808.87 2500.00000883 4500.0
1512206808.96 2500.00000839 4500.0
1512206809.06 2500.00000797 4500.0
1512206809.24 2500.00000757 4500.0
1512206809.31 2500.00000719 4500.0
1512206809.4 2500.00000683 4500.0
1512206809.5 2500.00000649 4500.0
1512206809.6 2500.00000617 4500.0
1512206809.7 2500.00000586 4500.0
1512206809.87 2500.00000556 4500.0
1512206809.94 2500.00000529 4500.0
1512206810.03 2500.00000502 4500.0
1512206810.14 2500.00000477 4500.0
1512206810.23 2500.00000453 4500.0
1512206810.34 2500.00000431 4500.0
1512206810.43 2500.00000409 4500.0
1512206810.59 2500.00000389 4500.0
1512206810.67 2500.00000369 4500.0
1512206810.76 2500.00000351 4500.0
1512206810.86 2500.00000333 4500.0
1512206810.96 2500.00000316 4500.0
1512206811.06 2500.00000301 4500.0
1512206811.17 2500.00000286 4500.0
1512206811.27 2500.00000271 4500.0
1512206811.37 2500.00000258 4500.0
1512206811.52 2500.00000245 4500.0
1512206811.58 2500.00000233 4500.0
1512206811.67 2500.00000221 4500.0
1512206811.78 2500.0000021 4500.0
1512206811.95 2500.00000199 4500.0
1512206812.02 2500.00000189 4500.0
1512206812.11 2500.0000018 4500.0
1512206812.22 2500.00000171 4500.0
1512206812.32 2500.00000162 4500.0
1512206812.42 2500.00000154 4500.0
1512206812.51 2500.00000147 4500.0
1512206812.62 2500.00000139 4500.0
1512206812.72 2500.00000132 4500.0
1512206812.81 2500.00000126 4500.0
1512206812.92 2500.00000119 4500.0
1512206813.02 2500.00000113 4500.0
1512206813.11 2500.00000108 4500.0
1512206813.22 2500.00000102 4500.0
1512206813.32 2500.00000097 4500.0
1512206813.42 2500.00000092 4500.0
1512206813.52 2500.00000088 4500.0
1512206813.62 2500.00000083 4500.0
1512206813.72 2500.00000079 4500.0
1512206813.82 2500.00000075 4500.0
1512206813.91 2500.00000072 4500.0
1512206814.02 2500.00000068 4500.0
1512206814.12 2500.00000065 4500.0
1512206814.23 2500.00000061 4500.0
1512206814.32 2500.00000058 4500.0
1512206814.42 2500.00000055 4500.0
1512206814.52 2500.00000053 4500.0
1512206814.62 2500.0000005 4500.0
1512206814.72 2500.00000047 4500.0
1512206814.82 2500.00000045 4500.0
1512206814.92 2500.00000043 4500.0
1512206815.02 2500.00000041 4500.0
1512206815.11 2500.00000039 4500.0
1512206815.22 2500.00000037 4500.0
1512206815.39 2500.00000035 4500.0
1512206815.46 2500.00000033 4500.0
1512206815.56 2500.00000031 4500.0
1512206815.65 2500.0000003 4500.0
1512206815.75 2500.00000028 4500.0
1512206815.86 2500.00000027 4500.0
1512206815.95 2500.00000026 4500.0
1512206816.06 2500.00000024 4500.0
1512206816.16 2500.00000023 4500.0
1512206816.26 2500.00000022 4500.0
1512206816.36 2500.00000021 4500.0
1512206816.45 2500.0000002 4500.0
1512206816.56 2500.00000019 4500.0
1512206816.65 2500.00000018 4500.0
1512206816.76 2500.00000017 4500.0
1512206816.85 2500.00000016 4500.0
1512206816.95 2500.00000015 4500.0
1512206817.06 2500.00000015 4500.0
1512206817.16 2500.00000014 4500.0
1512206817.25 2500.00000013 4500.0
1512206817.36 2500.00000013 4500.0
1512206817.45 2500.00000012 4500.0
1512206817.55 2500.00000011 4500.0
1512206817.65 2500.00000011 4500.0
1512206817.76 2500.0000001 4500.0
1512206817.85 2500.0000001 4500.0
1512206817.95 2500.00000009 4500.0
1512206818.06 2500.00000009 4500.0
1512206818.15 2500.00000008 4500.0
1512206818.25 2500.00000008 4500.0
1512206818.35 2500.00000007 4500.0
1512206818.45 2500.00000007 4500.0
1512206818.55 2500.00000007 4500.0
1512206818.65 2500.00000006 4500.0
1512206818.75 2500.00000006 4500.0
1512206818.85 2500.00000006 4500.0
1512206818.95 2500.00000006 4500.0
1512206819.05 2500.00000005 4500.0
1512206819.15 2500.00000005 4500.0
1512206819.25 2500.00000005 4500.0
1512206819.36 2500.00000004 4500.0
1512206819.47 2500.00000004 4500.0
1512206819.55 2500.00000004 4500.0
1512206819.66 2500.00000004 4500.0
1512206819.76 2500.00000004 4500.0
1512206819.85 2500.00000003 4500.0
1512206819.96 2500.00000003 4500.0
1512206820.05 2500.00000003 4500.0
1512206820.15 2500.00000003 4500.0
1512206820.26 2500.00000003 4500.0
1512206820.36 2500.00000003 4500.0
1512206820.48 2500.00000003 4500.0
1512206820.56 2500.00000002 4500.0
1512206820.66 2500.00000002 4500.0
1512206820.76 2500.00000002 4500.0
1512206820.86 2500.00000002 4500.0
1512206820.96 2500.00000002 4500.0
1512206821.06 2500.00000002 4500.0
1512206821.16 2500.00000002 4500.0
1512206821.26 2500.00000002 4500.0
1512206821.36 2500.00000002 4500.0
1512206821.46 2500.00000002 4500.0
1512206821.56 2500.00000001 4500.0
1512206821.66 2500.00000001 4500.0
1512206821.76 2500.00000001 4500.0
1512206821.86 2500.00000001 4500.0
1512206821.96 2500.00000001 4500.0
1512206822.06 2500.00000001 4500.0
1512206822.16 2500.00000001 4500.0
1512206822.26 2500.00000001 4500.0
1512206822.36 2500.00000001 4500.0
1512206822.46 2500.00000001 4500.0
1512206822.56 2500.00000001 4500.0
1512206822.67 2500.00000001 4500.0
1512206822.76 2500.00000001 4500.0
1512206822.86 2500.00000001 4500.0
1512206822.97 2500.00000001 4500.0
1512206823.07 2500.00000001 4500.0
1512206823.16 2500.00000001 4500.0
1512206823.26 2500.00000001 4500.0
1512206823.36 2500.00000001 4500.0
1512206823.47 2500.00000001 4500.0
1512206823.56 2500.00000001 4500.0
1512206823.66 2500.0 4500.0
1512206823.76 2500.0 4500.0
1512206823.86 2500.0 4500.0
1512206823.97 2500.0 4500.0
1512206824.06 2500.0 4500.0
1512206824.17 2500.0 4500.0
1512206824.27 2500.0 4500.0
1512206824.36 2500.0 4500.0
1512206824.46 2500.0 4500.0
1512206824.56 2500.0 4500.0
1512206824.67 2500.0 4500.0
1512206824.76 2500.0 4500.0
1512206824.87 2500.0 4500.0
1512206824.96 2500.0 4500.0
1512206825.06 2500.0 4500.0
1512206825.17 2500.0 4500.0
1512206825.27 2500.0 4500.0
1512206825.36 2500.0 4500.0
1512206825.46 2500.0 4500.0
1512206825.56 2500.0 4500.0
1512206825.66 2500.0 4500.0
1512206825.77 2500.0 4500.0
1512206825.87 2500.0 4500.0
1512206825.97 2500.0 4500.0
1512206826.07 2500.0 4500.0
1512206826.17 2500.0 4500.0
1512206826.27 2500.0 4500.0
1512206826.37 2500.0 4500.0
1512206826.47 2500.0 4500.0
1512206826.57 2500.0 4500.0
1512206826.67 2500.0 4500.0
1512206826.77 2500.0 4500.0
1512206826.87 2500.0 4500.0
1512206826.97 2500.0 4500.0
1512206827.07 2500.0 4500.0
1512206827.17 2500.0 4500.0
1512206827.27 2500.0 4500.0
1512206827.37 2500.0 4500.0
1512206827.47 2500.0 4500.0
1512206827.57 2500.0 4500.0
1512206827.67 2500.0 4500.0
1512206827.77 2500.0 4500.0
1512206827.88 2500.0 4500.0
1512206827.98 2500.0 4500.0
1512206828.07 2500.0 4500.0
1512206828.17 2500.0 4500.0
1512206828.27 2500.0 4500.0
1512206828.37 2500.0 4500.0
1512206828.47 2500.0 4500.0
1512206828.57 2500.0 4500.0
1512206828.67 2500.0 4500.0
1512206828.77 2500.0 4500.0
1512206828.87 2500.0 4500.0
1512206828.98 2500.0 4500.0
1512206829.08 2500.0 4500.0
1512206829.17 2500.0 4500.0
1512206829.28 2500.0 4500.0
1512206829.37 2500.0 4500.0
1512206829.48 2500.0 4500.0
1512206829.58 2500.0 4500.0
1512206829.67 2500.0 4500.0
1512206829.78 2500.0 4500.0
1512206829.88 2500.0 4500.0
1512206829.98 2500.0 4500.0
1512206830.08 2500.0 4500.0
1512206830.17 2500.0 4500.0
1512206830.28 2500.0 4500.0
1512206830.38 2500.0 4500.0
1512206830.48 2500.0 4500.0
1512206830.58 2500.0 4500.0
1512206830.68 2500.0 4500.0
1512206830.78 2500.0 4500.0
1512206830.88 2500.0 4500.0
1512206830.98 2500.0 4500.0
1512206831.08 2500.0 4500.0
1512206831.18 2500.0 4500.0
1512206831.28 2500.0 4500.0
1512206831.38 2500.0 4500.0
1512206831.48 2500.0 4500.0
1512206831.58 2500.0 4500.0
1512206831.68 2500.0 4500.0
1512206831.78 2500.0 4500.0
1512206831.88 2500.0 4500.0
1512206831.99 2500.0 4500.0
1512206832.08 2500.0 4500.0
1512206832.18 2500.0 4500.0
1512206832.28 2500.0 4500.0
1512206832.39 2500.0 4500.0
1512206832.48 2500.0 4500.0
1512206832.58 2500.0 4500.0
1512206832.68 2500.0 4500.0
1512206832.78 2500.0 4500.0
1512206832.89 2500.0 4500.0
1512206832.98 2500.0 4500.0
1512206833.08 2500.0 4500.0
1512206833.18 2500.0 4500.0
1512206833.28 2500.0 4500.0
1512206833.38 2500.0 4500.0
1512206833.49 2500.0 4500.0
1512206833.58 2500.0 4500.0
1512206833.68 2500.0 4500.0
1512206833.79 2500.0 4500.0
1512206833.89 2500.0 4500.0
1512206833.98 2500.0 4500.0
1512206834.09 2500.0 4500.0
1512206834.19 2500.0 4500.0
1512206834.29 2500.0 4500.0
1512206834.39 2500.0 4500.0
1512206834.49 2500.0 4500.0
1512206834.59 2500.0 4500.0
1512206834.69 2500.0 4500.0
1512206834.79 2500.0 4500.0
1512206834.89 2500.0 4500.0
1512206834.99 2500.0 4500.0
1512206835.09 2500.0 4500.0
1512206835.19 2500.0 4500.0
1512206835.29 2500.0 4500.0
1512206835.46 2500.0 4500.0
1512206835.53 2500.0 4500.0
1512206835.63 2500.0 4500.0
1512206835.72 2500.0 4500.0
1512206835.83 2500.0 4500.0
1512206835.93 2500.0 4500.0
1512206836.03 2500.0 4500.0
1512206836.13 2500.0 4500.0
1512206836.23 2500.0 4500.0
1512206836.33 2500.0 4500.0
1512206836.48 2500.0 4500.0
1512206836.55 2500.0 4500.0
1512206836.65 2500.0 4500.0
1512206836.76 2500.0 4500.0
1512206836.86 2500.0 4500.0
1512206836.95 2500.0 4500.0
1512206837.05 2500.0 4500.0
1512206837.15 2500.0 4500.0
1512206837.25 2500.0 4500.0
1512206837.35 2500.0 4500.0
1512206837.45 2500.0 4500.0
1512206837.55 2500.0 4500.0
1512206837.65 2500.0 4500.0
1512206837.75 2500.0 4500.0
1512206837.85 2500.0 4500.0
1512206837.96 2500.0 4500.0
1512206838.05 2500.0 4500.0
1512206838.15 2500.0 4500.0
1512206838.25 2500.0 4500.0
1512206838.35 2500.0 4500.0
1512206838.46 2500.0 4500.0
1512206838.55 2500.0 4500.0
1512206838.66 2500.0 4500.0
1512206838.76 2500.0 4500.0
1512206838.86 2500.0 4500.0
1512206838.96 2500.0 4500.0
1512206839.06 2500.0 4500.0
1512206839.16 2500.0 4500.0
1512206839.26 2500.0 4500.0
1512206839.35 2500.0 4500.0
1512206839.51 2500.0 4500.0
1512206839.56 2500.0 4500.0
1512206839.67 2500.0 4500.0
1512206839.84 2500.0 4500.0
1512206839.92 2500.0 4500.0
1512206840.02 2500.0 4500.0
1512206840.11 2500.0 4500.0
1512206840.22 2500.0 4500.0
1512206840.32 2500.0 4500.0
1512206840.48 2500.0 4500.0
1512206840.55 2500.0 4500.0
1512206840.65 2500.0 4500.0
1512206840.75 2500.0 4500.0
1512206840.85 2500.0 4500.0
1512206840.96 2500.0 4500.0
1512206841.05 2500.0 4500.0
1512206841.15 2500.0 4500.0
1512206841.32 2500.0 4500.0
1512206841.4 2500.0 4500.0
1512206841.49 2500.0 4500.0
1512206841.59 2500.0 4500.0
1512206841.69 2500.0 4500.0
1512206841.8 2500.0 4500.0
1512206841.9 2500.0 4500.0
1512206842.0 2500.0 4500.0
1512206842.1 2500.0 4500.0
1512206842.2 2500.0 4500.0
1512206842.35 2500.0 4500.0
1512206842.42 2500.0 4500.0
1512206842.52 2500.0 4500.0
1512206842.62 2500.0 4500.0
1512206842.72 2500.0 4500.0
1512206842.82 2500.0 4500.0
1512206842.92 2500.0 4500.0
1512206843.02 2500.0 4500.0
1512206843.12 2500.0 4500.0
1512206843.22 2500.0 4500.0
1512206843.31 2500.0 4500.0
1512206843.42 2500.0 4500.0
1512206843.51 2500.0 4500.0
1512206843.62 2500.0 4500.0
1512206843.78 2500.0 4500.0
1512206843.85 2500.0 4500.0
1512206843.95 2500.0 4500.0
1512206844.05 2500.0 4500.0
1512206844.21 2500.0 4500.0
1512206844.29 2500.0 4500.0
1512206844.38 2500.0 4500.0
1512206844.48 2500.0 4500.0
1512206844.58 2500.0 4500.0
1512206844.68 2500.0 4500.0
1512206844.78 2500.0 4500.0
1512206844.89 2500.0 4500.0
1512206844.99 2500.0 4500.0
1512206845.08 2500.0 4500.0
1512206845.24 2500.0 4500.0
1512206845.31 2500.0 4500.0
1512206845.4 2500.0 4500.0
1512206845.5 2500.0 4500.0
1512206845.6 2500.0 4500.0
1512206845.7 2500.0 4500.0
1512206845.81 2500.0 4500.0
1512206845.91 2500.0 4500.0
1512206846.0 2500.0 4500.0
1512206846.1 2500.0 4500.0
1512206846.28 2500.0 4500.0
1512206846.35 2500.0 4500.0
1512206846.44 2500.0 4500.0
1512206846.54 2500.0 4500.0
1512206846.65 2500.0 4500.0
1512206846.75 2500.0 4500.0
1512206846.85 2500.0 4500.0
1512206846.94 2500.0 4500.0
1512206847.05 2500.0 4500.0
1512206847.22 2500.0 4500.0
1512206847.29 2500.0 4500.0
1512206847.39 2500.0 4500.0
1512206847.5 2500.0 4500.0
1512206847.6 2500.0 4500.0
1512206847.7 2500.0 4500.0
1512206847.8 2500.0 4500.0
1512206847.9 2500.0 4500.0
1512206847.99 2500.0 4500.0
1512206848.08 2500.0 4500.0
1512206848.19 2500.0 4500.0
1512206848.29 2500.0 4500.0
1512206848.39 2500.0 4500.0
1512206848.49 2500.0 4500.0
1512206848.59 2500.0 4500.0
1512206848.69 2500.0 4500.0
1512206848.79 2500.0 4500.0
1512206848.89 2500.0 4500.0
1512206848.99 2500.0 4500.0
1512206849.09 2500.0 4500.0
1512206849.19 2500.0 4500.0
1512206849.29 2500.0 4500.0
1512206849.39 2500.0 4500.0
1512206849.49 2500.0 4500.0
1512206849.59 2500.0 4500.0
1512206849.69 2500.0 4500.0
1512206849.79 2500.0 4500.0
1512206849.94 2500.0 4500.0
1512206850.01 2500.0 4500.0
1512206850.1 2500.0 4500.0
1512206850.2 2500.0 4500.0
1512206850.31 2500.0 4500.0
1512206850.41 2500.0 4500.0
1512206850.5 2500.0 4500.0
1512206850.61 2500.0 4500.0
1512206850.7 2500.0 4500.0
1512206850.81 2500.0 4500.0
1512206850.91 2500.0 4500.0
1512206851.01 2500.0 4500.0
1512206851.16 2500.0 4500.0
1512206851.22 2500.0 4500.0
1512206851.32 2500.0 4500.0
1512206851.41 2500.0 4500.0
1512206851.52 2500.0 4500.0
1512206851.62 2500.0 4500.0
1512206851.72 2500.0 4500.0
1512206851.82 2500.0 4500.0
1512206851.92 2500.0 4500.0
1512206852.02 2500.0 4500.0
1512206852.13 2500.0 4500.0
1512206852.22 2500.0 4500.0
1512206852.32 2500.0 4500.0
1512206852.43 2500.0 4500.0
1512206852.53 2500.0 4500.0
1512206852.62 2500.0 4500.0
1512206852.72 2500.0 4500.0
1512206852.83 2500.0 4500.0
1512206852.93 2500.0 4500.0
1512206853.02 2500.0 4500.0
1512206853.13 2500.0 4500.0
1512206853.23 2500.0 4500.0
1512206853.33 2500.0 4500.0
1512206853.43 2500.0 4500.0
1512206853.59 2500.0 4500.0
1512206853.67 2500.0 4500.0
1512206853.82 2500.0 4500.0
1512206853.91 2500.0 4500.0
1512206854.0 2500.0 4500.0
1512206854.1 2500.0 4500.0
1512206854.19 2500.0 4500.0
1512206854.3 2500.0 4500.0
1512206854.4 2500.0 4500.0
1512206854.5 2500.0 4500.0
1512206854.6 2500.0 4500.0
1512206854.7 2500.0 4500.0
1512206854.8 2500.0 4500.0
1512206854.96 2500.0 4500.0
1512206855.03 2500.0 4500.0
1512206855.12 2500.0 4500.0
1512206855.22 2500.0 4500.0
1512206855.32 2500.0 4500.0
1512206855.42 2500.0 4500.0
1512206855.53 2500.0 4500.0
1512206855.62 2500.0 4500.0
1512206855.72 2500.0 4500.0
1512206855.82 2500.0 4500.0
1512206855.92 2500.0 4500.0
1512206856.02 2500.0 4500.0
1512206856.13 2500.0 4500.0
1512206856.22 2500.0 4500.0
1512206856.33 2500.0 4500.0
1512206856.43 2500.0 4500.0
1512206856.6 2500.0 4500.0
1512206856.67 2500.0 4500.0
1512206856.76 2500.0 4500.0
1512206856.86 2500.0 4500.0
1512206856.96 2500.0 4500.0
1512206857.06 2500.0 4500.0
1512206857.16 2500.0 4500.0
1512206857.26 2500.0 4500.0
1512206857.36 2500.0 4500.0
1512206857.46 2500.0 4500.0
1512206857.56 2500.0 4500.0
1512206857.66 2500.0 4500.0
1512206857.76 2500.0 4500.0
1512206857.86 2500.0 4500.0
1512206858.04 2500.0 4500.0
1512206858.11 2500.0 4500.0
1512206858.2 2500.0 4500.0
1512206858.3 2500.0 4500.0
1512206858.47 2500.0 4500.0
1512206858.55 2500.0 4500.0
1512206858.63 2500.0 4500.0
1512206858.74 2500.0 4500.0
1512206858.84 2500.0 4500.0
1512206858.99 2500.0 4500.0
1512206859.05 2500.0 4500.0
1512206859.14 2500.0 4500.0
1512206859.32 2500.0 4500.0
1512206859.41 2500.0 4500.0
1512206859.49 2500.0 4500.0
1512206859.59 2500.0 4500.0
1512206859.69 2500.0 4500.0
1512206859.79 2500.0 4500.0
1512206859.9 2500.0 4500.0
1512206859.99 2500.0 4500.0
1512206860.1 2500.0 4500.0
1512206860.19 2500.0 4500.0
1512206860.35 2500.0 4500.0
1512206860.4 2500.0 4500.0
1512206860.5 2500.0 4500.0
1512206860.6 2500.0 4500.0
1512206860.7 2500.0 4500.0
1512206860.8 2500.0 4500.0
1512206860.9 2500.0 4500.0
1512206861.0 2500.0 4500.0
1512206861.1 2500.0 4500.0
1512206861.2 2500.0 4500.0
1512206861.3 2500.0 4500.0
1512206861.4 2500.0 4500.0
1512206861.5 2500.0 4500.0
1512206861.6 2500.0 4500.0
1512206861.72 2500.0 4500.0
1512206861.82 2500.0 4500.0
1512206861.91 2500.0 4500.0
1512206862.0 2500.0 4500.0
1512206862.11 2500.0 4500.0
1512206862.21 2500.0 4500.0
1512206862.3 2500.0 4500.0
1512206862.41 2500.0 4500.0
1512206862.51 2500.0 4500.0
1512206862.61 2500.0 4500.0
1512206862.71 2500.0 4500.0
1512206862.8 2500.0 4500.0
1512206862.96 2500.0 4500.0
1512206863.03 2500.0 4500.0
1512206863.12 2500.0 4500.0
1512206863.22 2500.0 4500.0
1512206863.33 2500.0 4500.0
1512206863.43 2500.0 4500.0
1512206863.52 2500.0 4500.0
1512206863.62 2500.0 4500.0
1512206863.72 2500.0 4500.0
1512206863.82 2500.0 4500.0
1512206863.92 2500.0 4500.0
1512206864.02 2500.0 4500.0
1512206864.13 2500.0 4500.0
1512206864.22 2500.0 4500.0
1512206864.32 2500.0 4500.0
1512206864.42 2500.0 4500.0
1512206864.52 2500.0 4500.0
1512206864.62 2500.0 4500.0
1512206864.72 2500.0 4500.0
1512206864.82 2500.0 4500.0
1512206864.92 2500.0 4500.0
1512206865.02 2500.0 4500.0
1512206865.12 2500.0 4500.0
1512206865.22 2500.0 4500.0
1512206865.32 2500.0 4500.0
1512206865.42 2500.0 4500.0
1512206865.52 2500.0 4500.0
1512206865.62 2500.0 4500.0
1512206865.72 2500.0 4500.0
1512206865.82 2500.0 4500.0
1512206865.92 2500.0 4500.0
1512206866.02 2500.0 4500.0
1512206866.12 2500.0 4500.0
1512206866.22 2500.0 4500.0
1512206866.32 2500.0 4500.0
1512206866.42 2500.0 4500.0
1512206866.53 2500.0 4500.0
1512206866.62 2500.0 4500.0
1512206866.73 2500.0 4500.0
1512206866.83 2500.0 4500.0
1512206866.93 2500.0 4500.0
1512206867.03 2500.0 4500.0
1512206867.13 2500.0 4500.0
1512206867.22 2500.0 4500.0
1512206867.33 2500.0 4500.0
1512206867.43 2500.0 4500.0
1512206867.53 2500.0 4500.0
1512206867.63 2500.0 4500.0
1512206867.73 2500.0 4500.0
1512206867.82 2500.0 4500.0
1512206867.93 2500.0 4500.0
1512206868.02 2500.0 4500.0
1512206868.12 2500.0 4500.0
1512206868.22 2500.0 4500.0
1512206868.32 2500.0 4500.0
1512206868.43 2500.0 4500.0
1512206868.53 2500.0 4500.0
1512206868.63 2500.0 4500.0
1512206868.73 2500.0 4500.0
1512206868.83 2500.0 4500.0
1512206868.93 2500.0 4500.0
1512206869.03 2500.0 4500.0
1512206869.13 2500.0 4500.0
1512206869.23 2500.0 4500.0
1512206869.33 2500.0 4500.0
1512206869.43 2500.0 4500.0
1512206869.53 2500.0 4500.0
1512206869.63 2500.0 4500.0
1512206869.73 2500.0 4500.0
1512206869.83 2500.0 4500.0
1512206869.93 2500.0 4500.0
1512206870.03 2500.0 4500.0
1512206870.13 2500.0 4500.0
1512206870.23 2500.0 4500.0
1512206870.33 2500.0 4500.0
1512206870.43 2500.0 4500.0
1512206870.53 2500.0 4500.0
1512206870.63 2500.0 4500.0
1512206870.73 2500.0 4500.0
1512206870.83 2500.0 4500.0
1512206870.93 2500.0 4500.0
1512206871.03 2500.0 4500.0
1512206871.13 2500.0 4500.0
1512206871.23 2500.0 4500.0
1512206871.33 2500.0 4500.0
1512206871.43 2500.0 4500.0
1512206871.53 2500.0 4500.0
1512206871.63 2500.0 4500.0
1512206871.73 2500.0 4500.0
1512206871.83 2500.0 4500.0
1512206871.94 2500.0 4500.0
1512206872.03 2500.0 4500.0
1512206872.14 2500.0 4500.0
1512206872.24 2500.0 4500.0
1512206872.34 2500.0 4500.0
1512206872.44 2500.0 4500.0
1512206872.54 2500.0 4500.0
1512206872.64 2500.0 4500.0
1512206872.74 2500.0 4500.0
1512206872.84 2500.0 4500.0
1512206872.94 2500.0 4500.0
1512206873.03 2500.0 4500.0
1512206873.13 2500.0 4500.0
1512206873.24 2500.0 4500.0
1512206873.34 2500.0 4500.0
1512206873.44 2500.0 4500.0
1512206873.54 2500.0 4500.0
1512206873.64 2500.0 4500.0
1512206873.73 2500.0 4500.0
1512206873.84 2500.0 4500.0
1512206873.93 2500.0 4500.0
1512206874.03 2500.0 4500.0
1512206874.14 2500.0 4500.0
1512206874.24 2500.0 4500.0
1512206874.34 2500.0 4500.0
1512206874.44 2500.0 4500.0
1512206874.54 2500.0 4500.0
1512206874.64 2500.0 4500.0
1512206874.74 2500.0 4500.0
1512206874.84 2500.0 4500.0
1512206874.94 2500.0 4500.0
1512206875.04 2500.0 4500.0
1512206875.14 2500.0 4500.0
1512206875.24 2500.0 4500.0
1512206875.34 2500.0 4500.0
1512206875.44 2500.0 4500.0
1512206875.54 2500.0 4500.0
1512206875.64 2500.0 4500.0
1512206875.74 2500.0 4500.0
1512206875.84 2500.0 4500.0
1512206875.94 2500.0 4500.0
1512206876.04 2500.0 4500.0
1512206876.14 2500.0 4500.0
1512206876.24 2500.0 4500.0
1512206876.34 2500.0 4500.0
1512206876.44 2500.0 4500.0
1512206876.54 2500.0 4500.0
1512206876.64 2500.0 4500.0
1512206876.74 2500.0 4500.0
1512206876.84 2500.0 4500.0
1512206876.95 2500.0 4500.0
1512206877.05 2500.0 4500.0
1512206877.14 2500.0 4500.0
1512206877.25 2500.0 4500.0
1512206877.35 2500.0 4500.0
1512206877.45 2500.0 4500.0
1512206877.55 2500.0 4500.0
1512206877.65 2500.0 4500.0
1512206877.75 2500.0 4500.0
1512206877.85 2500.0 4500.0
1512206877.94 2500.0 4500.0
1512206878.05 2500.0 4500.0
1512206878.15 2500.0 4500.0
1512206878.25 2500.0 4500.0
1512206878.35 2500.0 4500.0
1512206878.45 2500.0 4500.0
1512206878.55 2500.0 4500.0
1512206878.65 2500.0 4500.0
1512206878.75 2500.0 4500.0
1512206878.85 2500.0 4500.0
1512206878.95 2500.0 4500.0
1512206879.05 2500.0 4500.0
1512206879.15 2500.0 4500.0
1512206879.25 2500.0 4500.0
1512206879.35 2500.0 4500.0
1512206879.45 2500.0 4500.0
1512206879.55 2500.0 4500.0
1512206879.65 2500.0 4500.0
1512206879.75 2500.0 4500.0
1512206879.85 2500.0 4500.0
1512206879.95 2500.0 4500.0
1512206880.05 2500.0 4500.0
1512206880.17 2500.0 4500.0
1512206880.25 2500.0 4500.0
1512206880.35 2500.0 4500.0
1512206880.45 2500.0 4500.0
1512206880.56 2500.0 4500.0
1512206880.65 2500.0 4500.0
1512206880.75 2500.0 4500.0
1512206880.85 2500.0 4500.0
1512206880.95 2500.0 4500.0
1512206881.05 2500.0 4500.0
1512206881.15 2500.0 4500.0
1512206881.25 2500.0 4500.0
1512206881.36 2500.0 4500.0
1512206881.45 2500.0 4500.0
1512206881.56 2500.0 4500.0
1512206881.66 2500.0 4500.0
1512206881.76 2500.0 4500.0
1512206881.86 2500.0 4500.0
1512206881.96 2500.0 4500.0
1512206882.06 2500.0 4500.0
1512206882.16 2500.0 4500.0
1512206882.25 2500.0 4500.0
1512206882.35 2500.0 4500.0
1512206882.45 2500.0 4500.0
1512206882.56 2500.0 4500.0
1512206882.65 2500.0 4500.0
1512206882.76 2500.0 4500.0
1512206882.86 2500.0 4500.0
1512206882.96 2500.0 4500.0
1512206883.06 2500.0 4500.0
1512206883.16 2500.0 4500.0
1512206883.26 2500.0 4500.0
1512206883.36 2500.0 4500.0
1512206883.46 2500.0 4500.0
1512206883.56 2500.0 4500.0
1512206883.66 2500.0 4500.0
1512206883.76 2500.0 4500.0
1512206883.86 2500.0 4500.0
1512206883.96 2500.0 4500.0
1512206884.06 2500.0 4500.0
1512206884.16 2500.0 4500.0
1512206884.26 2500.0 4500.0
1512206884.36 2500.0 4500.0
1512206884.46 2500.0 4500.0
1512206884.56 2500.0 4500.0
1512206884.67 2500.0 4500.0
1512206884.76 2500.0 4500.0
1512206884.87 2500.0 4500.0
1512206884.96 2500.0 4500.0
1512206885.12 2500.0 4500.0
1512206885.17 2500.0 4500.0
1512206885.28 2500.0 4500.0
1512206885.38 2500.0 4500.0
1512206885.49 2500.0 4500.0
1512206885.58 2500.0 4500.0
1512206885.69 2500.0 4500.0
1512206885.79 2500.0 4500.0
1512206885.89 2500.0 4500.0
1512206885.99 2500.0 4500.0
1512206886.09 2500.0 4500.0
1512206886.19 2500.0 4500.0
1512206886.29 2500.0 4500.0
1512206886.39 2500.0 4500.0
1512206886.49 2500.0 4500.0
1512206886.59 2500.0 4500.0
1512206886.69 2500.0 4500.0
1512206886.79 2500.0 4500.0
1512206886.89 2500.0 4500.0
1512206887.05 2500.0 4500.0
1512206887.12 2500.0 4500.0
1512206887.21 2500.0 4500.0
1512206887.31 2500.0 4500.0
1512206887.41 2500.0 4500.0
1512206887.51 2500.0 4500.0
1512206887.62 2500.0 4500.0
1512206887.72 2500.0 4500.0
1512206887.82 2500.0 4500.0
1512206887.92 2500.0 4500.0
1512206888.02 2500.0 4500.0
1512206888.12 2500.0 4500.0
1512206888.22 2500.0 4500.0
1512206888.32 2500.0 4500.0
1512206888.49 2500.0 4500.0
1512206888.56 2500.0 4500.0
1512206888.66 2500.0 4500.0
1512206888.82 2500.0 4500.0
1512206888.88 2500.0 4500.0
1512206888.97 2500.0 4500.0
1512206889.08 2500.0 4500.0
1512206889.18 2500.0 4500.0
1512206889.28 2500.0 4500.0
1512206889.38 2500.0 4500.0
1512206889.48 2500.0 4500.0
1512206889.63 2500.0 4500.0
1512206889.71 2500.0 4500.0
1512206889.8 2500.0 4500.0
1512206889.9 2500.0 4500.0
1512206890.0 2500.0 4500.0
1512206890.18 2500.0 4500.0
1512206890.25 2500.0 4500.0
1512206890.35 2500.0 4500.0
1512206890.45 2500.0 4500.0
1512206890.55 2500.0 4500.0
1512206890.72 2500.0 4500.0
1512206890.79 2500.0 4500.0
1512206890.89 2500.0 4500.0
1512206891.07 2500.0 4500.0
1512206891.15 2500.0 4500.0
1512206891.24 2500.0 4500.0
1512206891.34 2500.0 4500.0
1512206891.44 2500.0 4500.0
1512206891.54 2500.0 4500.0
1512206891.64 2500.0 4500.0
1512206891.74 2500.0 4500.0
1512206891.84 2500.0 4500.0
1512206891.93 2500.0 4500.0
1512206892.04 2500.0 4500.0
1512206892.14 2500.0 4500.0
1512206892.24 2500.0 4500.0
1512206892.34 2500.0 4500.0
1512206892.44 2500.0 4500.0
1512206892.54 2500.0 4500.0
1512206892.64 2500.0 4500.0
1512206892.74 2500.0 4500.0
1512206892.84 2500.0 4500.0
1512206892.99 2500.0 4500.0
1512206893.05 2500.0 4500.0
1512206893.15 2500.0 4500.0
1512206893.24 2500.0 4500.0
1512206893.35 2500.0 4500.0
1512206893.46 2500.0 4500.0
1512206893.56 2500.0 4500.0
1512206893.65 2500.0 4500.0
1512206893.75 2500.0 4500.0
1512206893.85 2500.0 4500.0
1512206893.95 2500.0 4500.0
1512206894.05 2500.0 4500.0
1512206894.15 2500.0 4500.0
1512206894.25 2500.0 4500.0
1512206894.35 2500.0 4500.0
1512206894.45 2500.0 4500.0
1512206894.55 2500.0 4500.0
1512206894.65 2500.0 4500.0
1512206894.75 2500.0 4500.0
1512206894.85 2500.0 4500.0
1512206894.95 2500.0 4500.0
1512206895.05 2500.0 4500.0
1512206895.15 2500.0 4500.0
1512206895.25 2500.0 4500.0
1512206895.35 2500.0 4500.0
1512206895.46 2500.0 4500.0
1512206895.55 2500.0 4500.0
1512206895.66 2500.0 4500.0
1512206895.76 2500.0 4500.0
1512206895.86 2500.0 4500.0
1512206895.97 2500.0 4500.0
1512206896.06 2500.0 4500.0
1512206896.15 2500.0 4500.0
1512206896.26 2500.0 4500.0
1512206896.35 2500.0 4500.0
1512206896.51 2500.0 4500.0
1512206896.58 2500.0 4500.0
1512206896.67 2500.0 4500.0
1512206896.76 2500.0 4500.0
1512206896.86 2500.0 4500.0
1512206896.98 2500.0 4500.0
1512206897.07 2500.0 4500.0
1512206897.16 2500.0 4500.0
1512206897.26 2500.0 4500.0
1512206897.36 2500.0 4500.0
1512206897.46 2500.0 4500.0
1512206897.56 2500.0 4500.0
1512206897.66 2500.0 4500.0
1512206897.76 2500.0 4500.0
1512206897.86 2500.0 4500.0
1512206897.96 2500.0 4500.0
1512206898.06 2500.0 4500.0
1512206898.16 2500.0 4500.0
1512206898.26 2500.0 4500.0
1512206898.36 2500.0 4500.0
1512206898.47 2500.0 4500.0
1512206898.58 2500.0 4500.0
1512206898.66 2500.0 4500.0
1512206898.76 2500.0 4500.0
1512206898.86 2500.0 4500.0
1512206898.97 2500.0 4500.0
1512206899.06 2500.0 4500.0
1512206899.17 2500.0 4500.0
1512206899.26 2500.0 4500.0
1512206899.37 2500.0 4500.0
1512206899.46 2500.0 4500.0
1512206899.56 2500.0 4500.0
1512206899.66 2500.0 4500.0
1512206899.77 2500.0 4500.0
1512206899.87 2500.0 4500.0
1512206899.97 2500.0 4500.0
1512206900.08 2500.0 4500.0
1512206900.17 2500.0 4500.0
1512206900.28 2500.0 4500.0
1512206900.37 2500.0 4500.0
1512206900.48 2500.0 4500.0
1512206900.57 2500.0 4500.0
1512206900.67 2500.0 4500.0
1512206900.78 2500.0 4500.0
1512206900.88 2500.0 4500.0
1512206900.98 2500.0 4500.0
1512206901.07 2500.0 4500.0
1512206901.17 2500.0 4500.0
1512206901.28 2500.0 4500.0
1512206901.38 2500.0 4500.0
1512206901.4