1512196684.32 0 0
1512196684.42 0 0
1512196684.52 0 0
1512196684.62 0 0
1512196684.72 0 0
1512196684.82 0 0
1512196684.92 0 0
1512196685.02 0 0
1512196685.13 0 0
1512196685.22 0 0
1512196685.32 0 0
1512196685.42 0 0
1512196685.52 0 0
1512196685.62 0 0
1512196685.72 0 0
1512196685.82 0 0
1512196685.92 0 0
1512196686.02 0 0
1512196686.12 0 0
1512196686.22 0 0
1512196686.32 0 0
1512196686.42 0 0
1512196686.52 0 0
1512196686.62 0 0
1512196686.72 0 0
1512196686.82 0 0
1512196686.92 0 0
1512196687.02 0 0
1512196687.12 0 0
1512196687.22 0 0
1512196687.32 0 0
1512196687.42 0 0
1512196687.52 0 0
1512196687.63 0 0
1512196687.75 0 0
1512196687.85 0 0
1512196687.95 0 0
1512196688.05 0 0
1512196688.15 0 0
1512196688.25 0 0
1512196688.35 0 0
1512196688.45 0 0
1512196688.56 0 0
1512196688.69 0 0
1512196688.79 0 0
1512196688.91 0 0
1512196689.04 0 0
1512196689.14 0 0
1512196689.24 0 0
1512196689.34 0 0
1512196689.46 0 0
1512196689.58 0 0
1512196689.68 0 0
1512196689.78 0 0
1512196689.88 0 0
1512196689.98 0 0
1512196690.08 0 0
1512196690.18 0 0
1512196690.28 0 0
1512196690.38 0 0
1512196690.48 0 0
1512196690.58 0 0
1512196690.68 0 0
1512196690.78 0 0
1512196690.89 0 0
1512196691.04 0 0
1512196691.14 0 0
1512196691.24 0 0
1512196691.34 0 0
1512196691.44 0 0
1512196691.54 0 0
1512196691.64 0 0
1512196691.74 0 0
1512196691.84 0 0
1512196691.94 0 0
1512196692.04 0 0
1512196692.14 0 0
1512196692.24 0 0
1512196692.34 0 0
1512196692.44 0 0
1512196692.54 0 0
1512196692.64 0 0
1512196692.74 0 0
1512196692.84 0 0
1512196692.94 0 0
1512196693.04 0 0
1512196693.14 0 0
1512196693.24 0 0
1512196693.34 0 0
1512196693.44 0 0
1512196693.54 0 0
1512196693.64 0 0
1512196693.74 0 0
1512196693.84 0 0
1512196693.94 0 0
1512196694.04 0 0
1512196694.14 0 0
1512196694.24 0 0
1512196694.36 0 0
1512196694.5 0 0
1512196694.6 0 0
1512196694.7 0 0
1512196694.8 0 0
1512196694.9 0 0
1512196695.0 0 0
1512196695.1 0 0
1512196695.2 0 0
1512196695.3 0 0
1512196695.41 0 0
1512196695.55 0 0
1512196695.64 0 0
1512196695.76 0 0
1512196695.87 0 0
1512196695.97 0 0
1512196696.07 0 0
1512196696.17 0 0
1512196696.3 0 0
1512196696.42 0 0
1512196696.51 0 0
1512196696.61 0 0
1512196696.73 0 0
1512196696.84 0 0
1512196696.94 0 0
1512196697.04 0 0
1512196697.14 0 0
1512196697.24 0 0
1512196697.34 0 0
1512196697.44 0 0
1512196697.54 0 0
1512196697.64 0 0
1512196697.74 0 0
1512196697.84 0 0
1512196697.94 0 0
1512196698.04 0 0
1512196698.14 0 0
1512196698.24 0 0
1512196698.34 0 0
1512196698.44 0 0
1512196698.54 0 0
1512196698.64 0 0
1512196698.74 0 0
1512196698.84 0 0
1512196698.94 0 0
1512196699.04 0 0
1512196699.14 0 0
1512196699.24 0 0
1512196699.34 0 0
1512196699.44 0 0
1512196699.54 0 0
1512196699.64 0 0
1512196699.74 0 0
1512196699.84 0 0
1512196699.94 0 0
1512196700.06 0 0
1512196700.17 0 0
1512196700.27 0 0
1512196700.37 0 0
1512196700.47 0 0
1512196700.57 0 0
1512196700.67 0 0
1512196700.77 0 0
1512196700.87 0 0
1512196700.97 0 0
1512196701.07 0 0
1512196701.17 0 0
1512196701.27 0 0
1512196701.37 0 0
1512196701.47 0 0
1512196701.57 0 0
1512196701.67 0 0
1512196701.77 0 0
1512196701.87 0 0
1512196701.97 0 0
1512196702.07 0 0
1512196702.17 0 0
1512196702.28 0 0
1512196702.37 0 0
1512196702.47 0 0
1512196702.57 0 0
1512196702.67 0 0
1512196702.77 0 0
1512196702.87 0 0
1512196702.97 0 0
1512196703.07 0 0
1512196703.17 0 0
1512196703.27 0 0
1512196703.37 0 0
1512196703.47 0 0
1512196703.57 0 0
1512196703.67 0 0
1512196703.77 0 0
1512196703.87 0 0
1512196703.97 0 0
1512196704.08 0 0
1512196704.17 0 0
1512196704.27 0 0
1512196704.38 0 0
1512196704.48 0 0
1512196704.58 0 0
1512196704.68 0 0
1512196704.78 0 0
1512196704.88 0 0
1512196704.98 0 0
1512196705.08 0 0
1512196705.18 0 0
1512196705.28 0 0
1512196705.38 0 0
1512196705.48 0 0
1512196705.58 0 0
1512196705.68 0 0
1512196705.78 0 0
1512196705.88 0 0
1512196705.98 0 0
1512196706.08 0 0
1512196706.18 0 0
1512196706.28 0 0
1512196706.38 0 0
1512196706.48 0 0
1512196706.58 0 0
1512196706.68 0 0
1512196706.78 0 0
1512196706.88 0 0
1512196706.98 0 0
1512196707.08 0 0
1512196707.18 0 0
1512196707.28 0 0
1512196707.38 0 0
1512196707.48 0 0
1512196707.58 0 0
1512196707.68 0 0
1512196707.78 0 0
1512196707.88 0 0
1512196707.98 0 0
1512196708.09 0 0
1512196708.2 0 0
1512196708.29 0 0
1512196708.39 0 0
1512196708.49 0 0
1512196708.61 0 0
1512196708.72 0 0
1512196708.82 0 0
1512196708.92 0 0
1512196709.02 0 0
1512196709.12 0 0
1512196709.22 0 0
1512196709.32 0 0
1512196709.42 0 0
1512196709.52 0 0
1512196709.62 0 0
1512196709.72 0 0
1512196709.82 0 0
1512196709.92 0 0
1512196710.04 0 0
1512196710.17 0 0
1512196710.26 0 0
1512196710.36 0 0
1512196710.46 0 0
1512196710.56 0 0
1512196710.66 0 0
1512196710.76 0 0
1512196710.86 0 0
1512196710.96 0 0
1512196711.06 0 0
1512196711.16 0 0
1512196711.26 0 0
1512196711.36 0 0
1512196711.46 0 0
1512196711.56 0 0
1512196711.66 0 0
1512196711.78 0 0
1512196711.9 0 0
1512196712.0 0 0
1512196712.1 0 0
1512196712.2 0 0
1512196712.3 0 0
1512196712.4 0 0
1512196712.5 0 0
1512196712.6 0 0
1512196712.7 0 0
1512196712.8 0 0
1512196712.9 0 0
1512196713.0 0 0
1512196713.1 0 0
1512196713.2 0 0
1512196713.3 0 0
1512196713.4 0 0
1512196713.5 0 0
1512196713.6 0 0
1512196713.7 0 0
1512196713.8 0 0
1512196713.9 0 0
1512196714.0 0 0
1512196714.1 0 0
1512196714.2 0 0
1512196714.3 0 0
1512196714.4 0 0
1512196714.51 0 0
1512196714.6 0 0
1512196714.7 0 0
1512196714.8 0 0
1512196714.9 0 0
1512196715.0 0 0
1512196715.1 0 0
1512196715.2 0 0
1512196715.32 0 0
1512196715.42 0 0
1512196715.52 0 0
1512196715.62 0 0
1512196715.72 0 0
1512196715.82 0 0
1512196715.92 0 0
1512196716.02 0 0
1512196716.12 0 0
1512196716.22 0 0
1512196716.32 0 0
1512196716.43 0 0
1512196716.52 0 0
1512196716.62 0 0
1512196716.72 0 0
1512196716.82 0 0
1512196716.92 0 0
1512196717.02 0 0
1512196717.14 0 0
1512196717.26 0 0
1512196717.36 0 0
1512196717.47 0 0
1512196717.6 0 0
1512196717.69 0 0
1512196717.79 0 0
1512196717.89 0 0
1512196718.0 0 0
1512196718.1 0 0
1512196718.2 0 0
1512196718.31 0 0
1512196718.43 0 0
1512196718.53 0 0
1512196718.63 0 0
1512196718.73 0 0
1512196718.83 0 0
1512196718.94 0 0
1512196719.05 0 0
1512196719.15 0 0
1512196719.25 0 0
1512196719.35 0 0
1512196719.45 0 0
1512196719.57 0 0
1512196719.68 0 0
1512196719.78 0 0
1512196719.88 0 0
1512196719.98 0 0
1512196720.08 0 0
1512196720.18 0 0
1512196720.28 0 0
1512196720.39 0 0
1512196720.49 0 0
1512196720.59 0 0
1512196720.7 0 0
1512196720.83 0 0
1512196720.92 0 0
1512196721.02 0 0
1512196721.12 0 0
1512196721.23 0 0
1512196721.33 0 0
1512196721.43 0 0
1512196721.53 0 0
1512196721.63 0 0
1512196721.73 0 0
1512196721.83 0 0
1512196721.93 0 0
1512196722.03 0 0
1512196722.13 0 0
1512196722.23 0 0
1512196722.33 0 0
1512196722.43 0 0
1512196722.53 0 0
1512196722.63 0 0
1512196722.73 0 0
1512196722.83 0 0
1512196722.93 0 0
1512196723.03 0 0
1512196723.13 0 0
1512196723.23 0 0
1512196723.33 0 0
1512196723.45 0 0
1512196723.55 0 0
1512196723.65 0 0
1512196723.75 0 0
1512196723.85 0 0
1512196723.95 0 0
1512196724.05 0 0
1512196724.15 0 0
1512196724.25 0 0
1512196724.35 0 0
1512196724.45 0 0
1512196724.55 0 0
1512196724.65 0 0
1512196724.75 0 0
1512196724.87 0 0
1512196724.98 0 0
1512196725.08 0 0
1512196725.18 0 0
1512196725.28 0 0
1512196725.38 0 0
1512196725.48 0 0
1512196725.58 0 0
1512196725.68 0 0
1512196725.78 0 0
1512196725.88 0 0
1512196725.98 0 0
1512196726.08 0 0
1512196726.18 0 0
1512196726.28 0 0
1512196726.39 0 0
1512196726.48 0 0
1512196726.58 0 0
1512196726.69 0 0
1512196726.79 0 0
1512196726.89 0 0
1512196726.99 0 0
1512196727.09 0 0
1512196727.19 0 0
1512196727.29 0 0
1512196727.39 0 0
1512196727.49 0 0
1512196727.59 0 0
1512196727.69 0 0
1512196727.79 0 0
1512196727.89 0 0
1512196727.99 0 0
1512196728.09 0 0
1512196728.19 0 0
1512196728.29 0 0
1512196728.39 0 0
1512196728.49 0 0
1512196728.59 0 0
1512196728.69 0 0
1512196728.79 0 0
1512196728.89 0 0
1512196728.99 0 0
1512196729.09 0 0
1512196729.19 0 0
1512196729.29 0 0
1512196729.39 0 0
1512196729.49 0 0
1512196729.59 0 0
1512196729.69 0 0
1512196729.8 0 0
1512196729.89 0 0
1512196729.99 0 0
1512196730.09 0 0
1512196730.21 0 0
1512196730.33 0 0
1512196730.43 0 0
1512196730.53 0 0
1512196730.63 0 0
1512196730.73 0 0
1512196730.85 0 0
1512196730.96 0 0
1512196731.05 0 0
1512196731.15 0 0
1512196731.25 0 50
1512196731.35 0 0
1512196731.45 0 0
1512196731.56 0 50
1512196731.66 0 50
1512196731.76 0 100
1512196731.86 0 50
1512196731.96 0 300
1512196732.06 0 2050
1512196732.16 0 2100
1512196732.26 0 1450
1512196732.36 0 1700
1512196732.46 0 2100
1512196732.56 0 2150
1512196732.66 0 2100
1512196732.76 0 2100
1512196732.86 0 2150
1512196732.96 0 2050
1512196733.06 0 2150
1512196733.16 0 2100
1512196733.26 0 2000
1512196733.36 0 2150
1512196733.46 0 2100
1512196733.56 0 2150
1512196733.66 0 1950
1512196733.76 0 2150
1512196733.86 0 2100
1512196733.96 0 2150
1512196734.06 0 2100
1512196734.16 0 2100
1512196734.26 0 2150
1512196734.36 0 2150
1512196734.46 0 2100
1512196734.56 0 2050
1512196734.66 0 2100
1512196734.76 0 2150
1512196734.86 0 2100
1512196734.96 0 2050
1512196735.06 0 2150
1512196735.16 0 2100
1512196735.26 0 2150
1512196735.36 0 2050
1512196735.46 0 2150
1512196735.56 0 2100
1512196735.66 0 2100
1512196735.76 0 2150
1512196735.87 0 2150
1512196735.97 0 2100
1512196736.07 0 2100
1512196736.17 0 2100
1512196736.26 0 2100
1512196736.36 0 2150
1512196736.46 0 2100
1512196736.56 0 2100
1512196736.66 0 2100
1512196736.77 0 2150
1512196736.86 0 2050
1512196736.96 0 2150
1512196737.07 0 2150
1512196737.17 0 2100
1512196737.27 0 2150
1512196737.37 0 2100
1512196737.47 0 2150
1512196737.57 0 2050
1512196737.67 0 2100
1512196737.77 0 2100
1512196737.87 0 2200
1512196737.97 0 2050
1512196738.07 0 2150
1512196738.17 0 2100
1512196738.27 0 2100
1512196738.37 0 2100
1512196738.47 0 2150
1512196738.57 0 2050
1512196738.67 0 2150
1512196738.77 0 2100
1512196738.87 0 2050
1512196738.97 0 2150
1512196739.07 0 2100
1512196739.17 0 2100
1512196739.27 0 2000
1512196739.37 0 2100
1512196739.47 0 2150
1512196739.57 0 2100
1512196739.67 0 2100
1512196739.77 0 2100
1512196739.87 0 2100
1512196739.97 0 2150
1512196740.07 0 2100
1512196740.17 0 2100
1512196740.27 0 2150
1512196740.37 0 2100
1512196740.47 0 2100
1512196740.57 0 2100
1512196740.67 0 2100
1512196740.77 0 2150
1512196740.88 0 2150
1512196740.98 0 2150
1512196741.08 0 2150
1512196741.18 0 2050
1512196741.28 0 2100
1512196741.38 0 2100
1512196741.48 0 2150
1512196741.58 0 2100
1512196741.68 0 2100
1512196741.78 0 2100
1512196741.88 0 2150
1512196741.98 0 2100
1512196742.08 0 2100
1512196742.18 0 2150
1512196742.28 0 2100
1512196742.38 0 2100
1512196742.48 0 2150
1512196742.58 0 2100
1512196742.68 0 2150
1512196742.78 0 2050
1512196742.88 0 2150
1512196742.98 0 2100
1512196743.08 0 2100
1512196743.18 0 2100
1512196743.28 0 2150
1512196743.38 0 2150
1512196743.48 0 2050
1512196743.58 0 2150
1512196743.68 0 2100
1512196743.78 0 2100
1512196743.88 0 2100
1512196743.98 0 2100
1512196744.08 0 2100
1512196744.18 0 2150
1512196744.28 0 2100
1512196744.38 0 2150
1512196744.48 0 2100
1512196744.58 0 2100
1512196744.68 0 2100
1512196744.78 0 2150
1512196744.89 0 2150
1512196744.99 0 2100
1512196745.08 0 2100
1512196745.18 0 2100
1512196745.29 0 2150
1512196745.38 0 2000
1512196745.49 0 2200
1512196745.59 0 2050
1512196745.68 0 2150
1512196745.79 0 2100
1512196745.89 0 2150
1512196745.99 0 2100
1512196746.09 0 2100
1512196746.19 0 2100
1512196746.29 0 2150
1512196746.39 0 2100
1512196746.49 0 2100
1512196746.59 0 2150
1512196746.69 0 2100
1512196746.79 0 2150
1512196746.89 0 2100
1512196746.99 0 2100
1512196747.09 0 2100
1512196747.19 0 2100
1512196747.29 0 2150
1512196747.39 0 2100
1512196747.49 0 2100
1512196747.59 0 2100
1512196747.69 0 2150
1512196747.79 0 2100
1512196747.89 0 2100
1512196747.99 0 2100
1512196748.09 0 2200
1512196748.19 0 2100
1512196748.29 0 2100
1512196748.39 0 2100
1512196748.49 0 2150
1512196748.59 0 2100
1512196748.69 0 2100
1512196748.79 0 2100
1512196748.89 0 2100
1512196749.0 0 2200
1512196749.09 0 2050
1512196749.19 0 2100
1512196749.3 0 2200
1512196749.39 0 2050
1512196749.5 0 2150
1512196749.6 0 2100
1512196749.7 0 2100
1512196749.8 0 2150
1512196749.9 0 2100
1512196750.0 0 2100
1512196750.1 0 2100
1512196750.2 0 2150
1512196750.3 0 2100
1512196750.4 0 2100
1512196750.5 0 2150
1512196750.6 0 2100
1512196750.7 0 2050
1512196750.8 0 2100
1512196750.9 0 2100
1512196751.0 0 2150
1512196751.1 0 2100
1512196751.2 0 2100
1512196751.3 0 2200
1512196751.4 0 2100
1512196751.5 0 2200
1512196751.6 0 2100
1512196751.7 0 2150
1512196751.8 0 2200
1512196751.9 0 2200
1512196752.0 0 2150
1512196752.11 0 2250
1512196752.2 0 2100
1512196752.3 0 2150
1512196752.4 0 1150
1512196752.5 0 1800
1512196752.6 0 2150
1512196752.7 0 1500
1512196752.8 0 800
1512196752.9 0 1600
1512196753.0 0 1900
1512196753.1 0 1200
1512196753.2 0 1150
1512196753.3 0 1600
1512196753.41 0 1800
1512196753.5 0 1600
1512196753.6 0 1750
1512196753.7 0 1800
1512196753.8 0 2050
1512196753.9 0 2200
1512196754.0 0 2100
1512196754.1 0 2150
1512196754.21 0 2200
1512196754.3 0 2050
1512196754.41 0 1750
1512196754.5 0 1750
1512196754.6 0 1950
1512196754.7 0 2050
1512196754.81 0 2200
1512196754.91 0 2100
1512196755.01 0 2100
1512196755.11 0 2200
1512196755.21 0 2100
1512196755.31 0 2200
1512196755.41 0 1950
1512196755.51 0 2150
1512196755.61 0 2100
1512196755.71 0 2150
1512196755.81 0 2150
1512196755.91 0 2150
1512196756.01 0 2200
1512196756.11 0 2100
1512196756.21 0 2000
1512196756.31 0 2100
1512196756.41 0 2100
1512196756.51 0 2150
1512196756.61 0 2200
1512196756.71 0 2150
1512196756.81 0 1650
1512196756.91 0 1750
1512196757.01 0 1950
1512196757.11 0 2000
1512196757.21 0 2150
1512196757.31 0 2100
1512196757.41 0 2200
1512196757.51 0 2150
1512196757.61 0 2200
1512196757.71 0 2150
1512196757.81 0 1850
1512196757.91 0 2000
1512196758.01 0 2200
1512196758.11 0 2050
1512196758.21 0 2200
1512196758.31 0 2150
1512196758.41 0 2150
1512196758.52 0 1800
1512196758.61 0 2000
1512196758.71 0 2100
1512196758.81 0 2150
1512196758.91 0 2150
1512196759.01 0 2150
1512196759.11 0 2150
1512196759.21 0 1800
1512196759.31 0 2050
1512196759.41 0 2150
1512196759.51 0 2150
1512196759.62 0 2200
1512196759.71 0 2150
1512196759.82 0 2150
1512196759.91 0 1950
1512196760.02 0 2100
1512196760.12 0 2100
1512196760.22 0 2200
1512196760.32 0 2100
1512196760.42 0 2200
1512196760.52 0 2150
1512196760.62 0 1700
1512196760.71 0 1800
1512196760.82 0 2200
1512196760.92 0 2150
1512196761.02 0 2150
1512196761.12 0 2150
1512196761.22 0 2150
1512196761.32 0 2150
1512196761.42 0 2200
1512196761.52 0 1900
1512196761.62 0 1950
1512196761.72 0 2200
1512196761.82 0 2150
1512196761.92 0 2100
1512196762.02 0 2150
1512196762.12 0 2200
1512196762.22 0 1950
1512196762.32 0 1800
1512196762.42 0 2000
1512196762.52 0 2100
1512196762.62 0 2150
1512196762.72 0 2150
1512196762.82 0 2150
1512196762.92 0 2150
1512196763.02 0 2050
1512196763.12 0 1750
1512196763.22 0 1900
1512196763.32 0 2150
1512196763.42 0 2150
1512196763.53 0 2200
1512196763.62 0 2100
1512196763.72 0 2150
1512196763.82 0 2150
1512196763.92 0 1400
1512196764.02 0 1550
1512196764.12 0 1800
1512196764.22 0 1850
1512196764.32 0 1950
1512196764.43 0 2050
1512196764.52 0 2150
1512196764.63 0 2200
1512196764.72 0 2150
1512196764.83 0 2150
1512196764.93 0 2150
1512196765.03 0 2200
1512196765.13 0 1450
1512196765.23 0 1000
1512196765.33 0 1600
1512196765.43 0 1850
1512196765.53 0 1750
1512196765.63 0 1750
1512196765.73 0 1850
1512196765.83 0 2000
1512196765.93 0 2000
1512196766.03 0 2200
1512196766.13 0 2050
1512196766.23 0 2100
1512196766.33 0 2200
1512196766.43 0 1200
1512196766.53 0 1650
1512196766.63 0 1850
1512196766.73 0 2000
1512196766.83 0 2000
1512196766.93 0 2050
1512196767.03 0 2050
1512196767.13 0 2200
1512196767.23 0 2150
1512196767.33 0 2150
1512196767.43 0 2100
1512196767.53 0 2200
1512196767.63 0 1450
1512196767.73 0 1750
1512196767.83 0 2000
1512196767.93 0 2050
1512196768.04 0 2100
1512196768.14 0 2100
1512196768.24 0 1700
1512196768.34 0 2150
1512196768.44 0 1700
1512196768.53 0 1150
1512196768.63 0 1400
1512196768.73 0 1600
1512196768.83 0 1650
1512196768.94 0 1650
1512196769.04 0 1600
1512196769.14 0 1550
1512196769.24 0 1300
1512196769.34 0 1450
1512196769.44 0 1800
1512196769.54 0 1950
1512196769.64 0 1700
1512196769.74 0 1600
1512196769.84 0 1550
1512196769.94 0 1650
1512196770.04 0 600
1512196770.14 0 1100
1512196770.24 0 1300
1512196770.34 0 1300
1512196770.44 0 1250
1512196770.54 0 1350
1512196770.64 0 1500
1512196770.74 0 1500
1512196770.84 0 1500
1512196770.94 0 1600
1512196771.04 0 1700
1512196771.14 0 1500
1512196771.24 0 1550
1512196771.34 0 1500
1512196771.44 0 1500
1512196771.54 0 1550
1512196771.65 0 700
1512196771.75 0 800
1512196771.85 0 1100
1512196771.95 0 1150
1512196772.05 0 1200
1512196772.15 0 1250
1512196772.25 0 1400
1512196772.35 0 1400
1512196772.45 0 1300
1512196772.55 0 1400
1512196772.65 0 1550
1512196772.75 0 1500
1512196772.85 0 1500
1512196772.95 0 1400
1512196773.05 0 750
1512196773.15 0 750
1512196773.25 0 1200
1512196773.35 0 1200
1512196773.45 0 1200
1512196773.55 0 1350
1512196773.65 0 1400
1512196773.75 0 1450
1512196773.85 0 1400
1512196773.95 0 1500
1512196774.05 0 1450
1512196774.15 0 1550
1512196774.25 0 1500
1512196774.35 0 1500
1512196774.46 0 650
1512196774.55 0 850
1512196774.65 0 1150
1512196774.75 0 1100
1512196774.85 0 1250
1512196774.95 0 1350
1512196775.05 0 1450
1512196775.15 0 1400
1512196775.25 0 1350
1512196775.35 0 1400
1512196775.46 0 1500
1512196775.56 0 1500
1512196775.66 0 1500
1512196775.76 0 1450
1512196775.86 0 700
1512196775.96 0 800
1512196776.06 0 1100
1512196776.16 0 1200
1512196776.26 0 1150
1512196776.36 0 1350
1512196776.46 0 1400
1512196776.56 0 1400
1512196776.66 0 1300
1512196776.76 0 1400
1512196776.86 0 1550
1512196776.96 0 1450
1512196777.06 0 1450
1512196777.16 0 850
1512196777.26 0 900
1512196777.36 0 1100
1512196777.46 0 1300
1512196777.56 0 1200
1512196777.66 0 1200
1512196777.76 0 1450
1512196777.86 0 1450
1512196777.96 0 1650
1512196778.06 0 1550
1512196778.16 0 1500
1512196778.26 0 1450
1512196778.36 0 1650
1512196778.46 0 1400
1512196778.56 0 1000
1512196778.66 0 950
1512196778.77 0 1300
1512196778.86 0 1150
1512196778.96 0 1300
1512196779.06 0 1300
1512196779.17 0 1300
1512196779.26 0 1250
1512196779.36 0 1500
1512196779.47 0 2050
1512196779.56 0 1750
1512196779.66 0 1450
1512196779.76 0 1550
1512196779.86 0 1600
1512196779.96 0 1400
1512196780.07 0 600
1512196780.17 0 950
1512196780.27 0 1250
1512196780.37 0 1300
1512196780.47 0 1000
1512196780.57 0 1000
1512196780.67 0 1150
1512196780.77 0 1450
1512196780.87 0 1500
1512196780.97 0 1500
1512196781.07 0 1600
1512196781.17 0 1400
1512196781.27 0 1500
1512196781.37 0 900
1512196781.47 0 950
1512196781.57 0 1250
1512196781.67 0 1300
1512196781.77 0 1400
1512196781.87 0 1200
1512196781.97 0 1400
1512196782.07 0 1400
1512196782.17 0 1450
1512196782.27 0 2100
1512196782.37 0 1700
1512196782.47 0 1550
1512196782.57 0 1500
1512196782.67 0 1500
1512196782.77 0 1500
1512196782.87 0 900
1512196782.97 0 850
1512196783.08 0 1250
1512196783.18 0 1150
1512196783.27 0 1000
1512196783.37 0 1150
1512196783.47 0 1150
1512196783.57 0 1400
1512196783.67 0 1550
1512196783.77 0 1450
1512196783.87 0 1550
1512196783.98 0 1600
1512196784.08 0 1450
1512196784.18 0 1200
1512196784.28 0 850
1512196784.38 0 1300
1512196784.48 0 1300
1512196784.58 0 1350
1512196784.68 0 1350
1512196784.78 0 1300
1512196784.88 0 1400
1512196784.98 0 1450
1512196785.08 0 1800
1512196785.18 0 1850
1512196785.28 0 1400
1512196785.38 0 1600
1512196785.48 0 1500
1512196785.58 0 1500
1512196785.68 0 1350
1512196785.78 0 850
1512196785.89 0 1250
1512196785.98 0 1250
1512196786.08 0 1350
1512196786.18 0 1350
1512196786.28 0 1300
1512196786.38 0 1250
1512196786.48 0 1600
1512196786.59 0 1900
1512196786.68 0 1800
1512196786.78 0 1450
1512196786.88 0 1500
1512196786.98 0 1550
1512196787.08 0 1500
1512196787.18 0 1200
1512196787.28 0 950
1512196787.39 0 1250
1512196787.48 0 1250
1512196787.59 0 1250
1512196787.69 0 1350
1512196787.79 0 1300
1512196787.88 0 1300
1512196787.98 0 1550
1512196788.09 0 1850
1512196788.18 0 1800
1512196788.28 0 1550
1512196788.38 0 1500
1512196788.49 0 1600
1512196788.59 0 1500
1512196788.68 0 1050
1512196788.78 0 800
1512196788.89 0 1150
1512196788.99 0 1250
1512196789.09 0 1200
1512196789.19 0 1200
1512196789.29 0 1150
1512196789.39 0 1500
1512196789.49 0 1650
1512196789.59 0 1600
1512196789.69 0 1650
1512196789.79 0 1500
1512196789.89 0 1500
1512196789.99 0 1600
1512196790.09 0 950
1512196790.19 0 700
1512196790.29 0 1100
1512196790.39 0 1250
1512196790.49 0 1150
1512196790.59 0 1150
1512196790.69 0 1100
1512196790.79 0 1400
1512196790.89 0 1650
1512196790.99 0 1550
1512196791.09 0 1450
1512196791.2 0 1550
1512196791.3 0 1550
1512196791.4 0 1500
1512196791.5 0 1050
1512196791.6 0 850
1512196791.7 0 1150
1512196791.8 0 1250
1512196791.9 0 1300
1512196792.0 0 1250
1512196792.1 0 1250
1512196792.2 0 1500
1512196792.3 0 1450
1512196792.4 0 2000
1512196792.5 0 1600
1512196792.6 0 1450
1512196792.7 0 1550
1512196792.8 0 1550
1512196792.9 0 1500
1512196793.0 0 1050
1512196793.1 0 500
1512196793.2 0 1000
1512196793.3 0 1100
1512196793.4 0 1050
1512196793.5 0 1000
1512196793.6 0 1250
1512196793.7 0 1400
1512196793.8 0 1300
1512196793.9 0 1300
1512196794.0 0 1550
1512196794.1 0 1450
1512196794.2 0 1500
1512196794.3 0 1500
1512196794.4 0 1000
1512196794.51 0 1250
1512196794.61 0 1350
1512196794.71 0 1350
1512196794.81 0 1450
1512196794.91 0 1450
1512196795.01 0 1400
1512196795.11 0 1500
1512196795.21 0 1800
1512196795.31 0 2000
1512196795.41 0 1300
1512196795.51 0 1450
1512196795.61 0 1500
1512196795.71 0 1550
1512196795.81 0 1500
1512196795.91 0 800
1512196796.01 0 1150
1512196796.11 0 1250
1512196796.21 0 1200
1512196796.31 0 1250
1512196796.41 0 1350
1512196796.51 0 1250
1512196796.61 0 1550
1512196796.71 0 1850
1512196796.81 0 1800
1512196796.91 0 1550
1512196797.01 0 1550
1512196797.11 0 1550
1512196797.21 0 1500
1512196797.31 0 900
1512196797.41 0 850
1512196797.51 0 1100
1512196797.61 0 1250
1512196797.72 0 1150
1512196797.81 0 1100
1512196797.91 0 1200
1512196798.02 0 1400
1512196798.11 0 1500
1512196798.21 0 1600
1512196798.31 0 1500
1512196798.42 0 1550
1512196798.51 0 1500
1512196798.62 0 1550
1512196798.72 0 1200
1512196798.82 0 600
1512196798.92 0 1050
1512196799.02 0 1200
1512196799.12 0 1200
1512196799.22 0 1200
1512196799.32 0 1150
1512196799.42 0 1250
1512196799.52 0 1700
1512196799.62 0 1600
1512196799.72 0 1600
1512196799.82 0 1900
1512196799.92 0 2100
1512196800.02 0 2150
1512196800.12 0 2150
1512196800.23 0 2300
1512196800.32 0 2000
1512196800.42 0 1150
1512196800.52 0 1650
1512196800.62 0 1900
1512196800.72 0 2000
1512196800.82 0 1850
1512196800.92 0 2050
1512196801.02 0 2100
1512196801.12 0 2150
1512196801.22 0 2150
1512196801.32 0 2150
1512196801.42 0 2100
1512196801.52 0 2200
1512196801.62 0 1600
1512196801.72 0 1850
1512196801.82 0 2000
1512196801.92 0 2050
1512196802.02 0 2100
1512196802.13 0 2250
1512196802.22 0 2050
1512196802.33 0 2200
1512196802.42 0 2050
1512196802.53 0 2150
1512196802.63 0 1900
1512196802.73 0 1550
1512196802.83 0 1800
1512196802.93 0 1900
1512196803.03 0 1900
1512196803.13 0 2000
1512196803.23 0 2100
1512196803.33 0 2100
1512196803.43 0 2200
1512196803.53 0 2150
1512196803.63 0 2100
1512196803.73 0 2150
1512196803.83 0 2150
1512196803.93 0 2200
1512196804.03 0 1950
1512196804.13 0 2150
1512196804.23 0 2200
1512196804.33 0 2150
1512196804.43 0 2150
1512196804.53 0 2200
1512196804.63 0 1800
1512196804.73 0 1400
1512196804.83 0 1650
1512196804.93 0 1750
1512196805.03 0 2050
1512196805.13 0 1900
1512196805.23 0 2050
1512196805.33 0 2100
1512196805.44 0 2200
1512196805.54 0 2150
1512196805.64 0 2200
1512196805.74 0 2150
1512196805.84 0 2100
1512196805.94 0 550
1512196806.03 0 1700
1512196806.13 0 1700
1512196806.24 0 1800
1512196806.34 0 1800
1512196806.44 0 1850
1512196806.54 0 2050
1512196806.64 0 2050
1512196806.74 0 2100
1512196806.84 0 2150
1512196806.94 0 2200
1512196807.04 0 1950
1512196807.14 0 2150
1512196807.24 0 2000
1512196807.34 0 2000
1512196807.44 0 2200
1512196807.54 0 2150
1512196807.64 0 2150
1512196807.74 0 2150
1512196807.84 0 2200
1512196807.94 0 1800
1512196808.04 0 2000
1512196808.14 0 2100
1512196808.24 0 2100
1512196808.34 0 2200
1512196808.44 0 2200
1512196808.55 0 2200
1512196808.65 0 2200
1512196808.75 0 1900
1512196808.85 0 1950
1512196808.95 0 2200
1512196809.05 0 2100
1512196809.15 0 2250
1512196809.25 0 2100
1512196809.35 0 2150
1512196809.45 0 1750
1512196809.55 0 1900
1512196809.65 0 2150
1512196809.75 0 2150
1512196809.85 0 2200
1512196809.95 0 2150
1512196810.05 0 2150
1512196810.15 0 1800
1512196810.25 0 2000
1512196810.35 0 2250
1512196810.45 0 2150
1512196810.55 0 2050
1512196810.66 0 2350
1512196810.75 0 1950
1512196810.85 0 1800
1512196810.95 0 1900
1512196811.05 0 2050
1512196811.15 0 2100
1512196811.25 0 2150
1512196811.35 0 2150
1512196811.45 0 2150
1512196811.55 0 2150
1512196811.65 0 2200
1512196811.75 0 2150
1512196811.85 0 2100
1512196811.96 0 2200
1512196812.05 0 2050
1512196812.15 0 2200
1512196812.25 0 1750
1512196812.35 0 1600
1512196812.46 0 2000
1512196812.55 0 1900
1512196812.65 0 2100
1512196812.75 0 2000
1512196812.85 0 2200
1512196812.95 0 2150
1512196813.05 0 2150
1512196813.16 0 2300
1512196813.25 0 2050
1512196813.35 0 1500
1512196813.45 0 1750
1512196813.55 0 1950
1512196813.66 0 2100
1512196813.76 0 2000
1512196813.86 0 2150
1512196813.96 0 2150
1512196814.06 0 2150
1512196814.16 0 2200
1512196814.26 0 2150
1512196814.36 0 1850
1512196814.46 0 1400
1512196814.56 0 1750
1512196814.66 0 2050
1512196814.76 0 2000
1512196814.86 0 2050
1512196814.96 0 1900
1512196815.06 0 2300
1512196815.16 0 2150
1512196815.27 0 2200
1512196815.36 0 2050
1512196815.46 0 2100
1512196815.56 0 1650
1512196815.66 0 1750
1512196815.76 0 1950
1512196815.86 0 2000
1512196815.96 0 2050
1512196816.06 0 2250
1512196816.16 0 2100
1512196816.27 0 2200
1512196816.36 0 2100
1512196816.46 0 2200
1512196816.56 0 1950
1512196816.66 0 1850
1512196816.76 0 2000
1512196816.86 0 2150
1512196816.96 0 2150
1512196817.06 0 2150
1512196817.16 0 2150
1512196817.27 0 2150
1512196817.37 0 2000
1512196817.47 0 1850
1512196817.57 0 2000
1512196817.67 0 2100
1512196817.77 0 2200
1512196817.87 0 2100
1512196817.97 0 2100
1512196818.07 0 2200
1512196818.17 0 2150
1512196818.27 0 1450
1512196818.37 0 1700
1512196818.47 0 1800
1512196818.57 0 2200
1512196818.67 0 2050
1512196818.77 0 2150
1512196818.87 0 2000
1512196818.97 0 2200
1512196819.07 0 2200
1512196819.17 0 2150
1512196819.27 0 2150
1512196819.37 0 1100
1512196819.47 0 1700
1512196819.57 0 1750
1512196819.67 0 1900
1512196819.77 0 2000
1512196819.87 0 2000
1512196819.97 0 2050
1512196820.07 0 2150
1512196820.17 0 2150
1512196820.27 0 2150
1512196820.37 0 2150
1512196820.47 0 2200
1512196820.57 0 1450
1512196820.67 0 1250
1512196820.77 0 1800
1512196820.87 0 1900
1512196820.97 0 1900
1512196821.07 0 2000
1512196821.17 0 2000
1512196821.27 0 2150
1512196821.37 0 2100
1512196821.47 0 2200
1512196821.57 0 2150
1512196821.67 0 2200
1512196821.77 0 2050
1512196821.87 0 850
1512196821.97 0 1600
1512196822.08 0 1700
1512196822.17 0 1900
1512196822.27 0 1800
1512196822.37 0 1850
1512196822.47 0 1950
1512196822.57 0 2000
1512196822.67 0 2150
1512196822.78 0 2250
1512196822.88 0 2050
1512196822.98 0 2300
1512196823.08 0 2000
1512196823.18 0 700
1512196823.28 0 1450
1512196823.38 0 1650
1512196823.48 0 1800
1512196823.58 0 1800
1512196823.68 0 1800
1512196823.78 0 1900
1512196823.88 0 2000
1512196823.98 0 2000
1512196824.08 0 2200
1512196824.18 0 2200
1512196824.28 0 2150
1512196824.38 0 2150
1512196824.48 0 1850
1512196824.58 0 2000
1512196824.68 0 2200
1512196824.78 0 2100
1512196824.89 0 2300
1512196824.98 0 2000
1512196825.08 0 2150
1512196825.18 0 1850
1512196825.28 0 1850
1512196825.38 0 2050
1512196825.48 0 2100
1512196825.58 0 2200
1512196825.68 0 2150
1512196825.78 0 2200
1512196825.88 0 2150
1512196826.0 0 2000
1512196826.08 0 1600
1512196826.19 0 1950
1512196826.29 0 2000
1512196826.39 0 2200
1512196826.49 0 2200
1512196826.6 0 2150
1512196826.7 0 2200
1512196826.8 0 2100
1512196826.89 0 2150
1512196827.0 0 1800
1512196827.09 0 1700
1512196827.2 0 2000
1512196827.3 0 2100
1512196827.4 0 2100
1512196827.5 0 2150
1512196827.6 0 2100
1512196827.7 0 2200
1512196827.8 0 2150
1512196827.9 0 2200
1512196828.0 0 1850
1512196828.1 0 2100
1512196828.2 0 2200
1512196828.3 0 2100
1512196828.41 0 2350
1512196828.5 0 1900
1512196828.6 0 2200
1512196828.7 0 1400
1512196828.8 0 1500
1512196828.9 0 1800
1512196829.0 0 1900
1512196829.1 0 1950
1512196829.2 0 2000
1512196829.3 0 2100
1512196829.4 0 2150
1512196829.51 0 2300
1512196829.6 0 2100
1512196829.7 0 2150
1512196829.8 0 2050
1512196829.9 0 1450
1512196830.0 0 1800
1512196830.1 0 1950
1512196830.2 0 2050
1512196830.3 0 2050
1512196830.4 0 2150
1512196830.5 0 2100
1512196830.6 0 2150
1512196830.7 0 2200
1512196830.8 0 2150
1512196830.9 0 2000
1512196831.01 0 1900
1512196831.1 0 1950
1512196831.2 0 2150
1512196831.31 0 2200
1512196831.41 0 2150
1512196831.51 0 2000
1512196831.61 0 2250
1512196831.71 0 1650
1512196831.81 0 1800
1512196831.91 0 1950
1512196832.01 0 2100
1512196832.11 0 2150
1512196832.21 0 2200
1512196832.31 0 2100
1512196832.41 0 2150
1512196832.51 0 2150
1512196832.61 0 2000
1512196832.71 0 2000
1512196832.81 0 2050
1512196832.91 0 2200
1512196833.02 0 2200
1512196833.11 0 2100
1512196833.22 0 2200
1512196833.31 0 2000
1512196833.41 0 1900
1512196833.51 0 2100
1512196833.61 0 2200
1512196833.71 0 2100
1512196833.81 0 2150
1512196833.91 0 2200
1512196834.02 0 2100
1512196834.11 0 1800
1512196834.22 0 1950
1512196834.32 0 2150
1512196834.42 0 2200
1512196834.52 0 2100
1512196834.62 0 2150
1512196834.72 0 2150
1512196834.82 0 1950
1512196834.92 0 1900
1512196835.01 0 2000
1512196835.12 0 2150
1512196835.22 0 2200
1512196835.32 0 2200
1512196835.42 0 2150
1512196835.52 0 2150
1512196835.62 0 1750
1512196835.72 0 1900
1512196835.82 0 2100
1512196835.92 0 2000
1512196836.02 0 2200
1512196836.12 0 2200
1512196836.23 0 2250
1512196836.33 0 2200
1512196836.42 0 1600
1512196836.52 0 1950
1512196836.62 0 2050
1512196836.72 0 2200
1512196836.83 0 2200
1512196836.92 0 2100
1512196837.03 0 2200
1512196837.12 0 2150
1512196837.23 0 2000
1512196837.33 0 1900
1512196837.43 0 1950
1512196837.53 0 2250
1512196837.63 0 2050
1512196837.73 0 2200
1512196837.83 0 2150
1512196837.93 0 2150
1512196838.03 0 1950
1512196838.13 0 1800
1512196838.23 0 2100
1512196838.33 0 2200
1512196838.43 0 2200
1512196838.53 0 2150
1512196838.63 0 2100
1512196838.73 0 2250
1512196838.83 0 1500
1512196838.93 0 1800
1512196839.03 0 1850
1512196839.13 0 2050
1512196839.23 0 2050
1512196839.33 0 2050
1512196839.43 0 2050
1512196839.54 0 2300
1512196839.64 0 2100
1512196839.74 0 2200
1512196839.84 0 2000
1512196839.93 0 1950
1512196840.03 0 2050
1512196840.14 0 2150
1512196840.24 0 2150
1512196840.33 0 2150
1512196840.44 0 2250
1512196840.53 0 2050
1512196840.64 0 2150
1512196840.74 0 1950
1512196840.83 0 2000
1512196840.93 0 2100
1512196841.03 0 2150
1512196841.13 0 2100
1512196841.24 0 2250
1512196841.33 0 2050
1512196841.44 0 2050
1512196841.53 0 2100
1512196841.63 0 2150
1512196841.74 0 2150
1512196841.84 0 2150
1512196841.94 0 2200
1512196842.04 0 1600
1512196842.14 0 1950
1512196842.24 0 1950
1512196842.34 0 2150
1512196842.44 0 2250
1512196842.54 0 2100
1512196842.64 0 2200
1512196842.74 0 2200
1512196842.84 0 2150
1512196842.94 0 2150
1512196843.04 0 2100
1512196843.14 0 2100
1512196843.24 0 2150
1512196843.34 0 2100
1512196843.44 0 2150
1512196843.54 0 2200
1512196843.64 0 1750
1512196843.74 0 1850
1512196843.84 0 2200
1512196843.95 0 2250
1512196844.04 0 2000
1512196844.14 0 2150
1512196844.24 0 2200
1512196844.34 0 2150
1512196844.44 0 1850
1512196844.54 0 2000
1512196844.64 0 2200
1512196844.74 0 2200
1512196844.84 0 2150
1512196844.94 0 2150
1512196845.04 0 2150
1512196845.14 0 1800
1512196845.24 0 2050
1512196845.34 0 2100
1512196845.44 0 2200
1512196845.54 0 2150
1512196845.64 0 2150
1512196845.74 0 2100
1512196845.84 0 1950
1512196845.94 0 1850
1512196846.04 0 2050
1512196846.15 0 2150
1512196846.25 0 2200
1512196846.35 0 2200
1512196846.45 0 2050
1512196846.55 0 2150
1512196846.65 0 2100
1512196846.75 0 2050
1512196846.85 0 2200
1512196846.95 0 2050
1512196847.05 0 2150
1512196847.15 0 2150
1512196847.24 0 2000
1512196847.34 0 2000
1512196847.44 0 2100
1512196847.54 0 2100
1512196847.64 0 2150
1512196847.74 0 2250
1512196847.84 0 2100
1512196847.94 0 2200
1512196848.04 0 1750
1512196848.14 0 2050
1512196848.24 0 2100
1512196848.34 0 2100
1512196848.44 0 2050
1512196848.54 0 2250
1512196848.64 0 2200
1512196848.74 0 2150
1512196848.84 0 1900
1512196848.94 0 2150
1512196849.04 0 1950
1512196849.15 0 2200
1512196849.24 0 2050
1512196849.34 0 2200
1512196849.44 0 2150
1512196849.54 0 2150
1512196849.64 0 2050
1512196849.74 0 2100
1512196849.84 0 2150
1512196849.95 0 2200
1512196850.05 0 2250
1512196850.15 0 2050
1512196850.24 0 1650
1512196850.34 0 1700
1512196850.45 0 1850
1512196850.55 0 1950
1512196850.65 0 2100
1512196850.75 0 2100
1512196850.85 0 2200
1512196850.95 0 2100
1512196851.05 0 2150
1512196851.15 0 2100
1512196851.25 0 2150
1512196851.35 0 1950
1512196851.45 0 1950
1512196851.55 0 2050
1512196851.65 0 2100
1512196851.75 0 2200
1512196851.85 0 2200
1512196851.95 0 2100
1512196852.05 0 2150
1512196852.15 0 2150
1512196852.25 0 2050
1512196852.35 0 1000
1512196852.45 0 1050
1512196852.55 0 1050
1512196852.65 0 1250
1512196852.75 0 1200
1512196852.85 0 1200
1512196852.95 0 1250
1512196853.05 0 1400
1512196853.15 0 1500
1512196853.25 0 1600
1512196853.35 0 1750
1512196853.45 0 1650
1512196853.55 0 1900
1512196853.65 0 1950
1512196853.75 0 2000
1512196853.85 0 2100
1512196853.96 0 2000
1512196854.06 0 2150
1512196854.16 0 2000
1512196854.26 0 2200
1512196854.36 0 2050
1512196854.46 0 2150
1512196854.56 0 2100
1512196854.66 0 2100
1512196854.76 0 2100
1512196854.86 0 2100
1512196854.95 0 2100
1512196855.06 0 2200
1512196855.16 0 2100
1512196855.26 0 2100
1512196855.36 0 2150
1512196855.46 0 2000
1512196855.56 0 2150
1512196855.66 0 2100
1512196855.76 0 2150
1512196855.86 0 2050
1512196855.96 0 2200
1512196856.06 0 2100
1512196856.16 0 2100
1512196856.26 0 2150
1512196856.36 0 2100
1512196856.46 0 2150
1512196856.56 0 2100
1512196856.66 0 2100
1512196856.76 0 2100
1512196856.86 0 2100
1512196856.96 0 2150
1512196857.06 0 2050
1512196857.16 0 2150
1512196857.26 0 2050
1512196857.36 0 2150
1512196857.46 0 2150
1512196857.56 0 2100
1512196857.67 0 850
1512196857.77 0 0
1512196857.86 0 0
1512196857.97 0 0
1512196858.06 0 0
1512196858.16 0 0
1512196858.26 0 0
1512196858.36 0 0
1512196858.46 0 0
1512196858.56 0 0
1512196858.66 0 0
1512196858.76 0 0
1512196858.86 0 0
1512196858.96 0 0
1512196859.06 0 0
1512196859.16 0 0
1512196859.26 0 0
1512196859.36 0 0
1512196859.46 0 0
1512196859.56 0 0
1512196859.66 0 0
1512196859.76 0 0
1512196859.86 0 0
1512196859.97 0 0
1512196860.06 0 0
1512196860.16 0 0
1512196860.27 0 0
1512196860.37 0 0
1512196860.47 0 0
1512196860.57 0 0
1512196860.67 0 0
1512196860.76 0 0
1512196860.88 0 0
1512196860.97 0 0
1512196861.07 0 0
1512196861.17 0 0
1512196861.27 0 0
1512196861.37 0 0
1512196861.47 0 0
1512196861.57 0 0
1512196861.67 0 0
1512196861.77 0 0
1512196861.87 0 0
1512196861.97 0 0
1512196862.07 0 0
1512196862.17 0 0
1512196862.27 0 0
1512196862.37 0 0
1512196862.47 0 0
1512196862.57 0 0
1512196862.67 0 0
1512196862.79 0 0
1512196862.87 0 0
1512196862.97 0 0
1512196863.07 0 0
1512196863.17 0 0
1512196863.27 0 0
1512196863.37 0 0
1512196863.47 0 0
1512196863.57 0 0
1512196863.69 0 0
1512196863.79 0 0
1512196863.89 0 0
1512196863.99 0 0
1512196864.09 0 0
1512196864.19 0 0
1512196864.29 0 0
1512196864.39 0 0
1512196864.49 0 0
1512196864.59 0 0
1512196864.69 0 0
1512196864.79 0 0
1512196864.89 0 0
1512196865.0 0 0
1512196865.13 0 0
1512196865.23 0 0
1512196865.32 0 0
1512196865.42 0 0
1512196865.53 0 0
1512196865.62 0 0
1512196865.72 0 0
1512196865.83 0 0
1512196865.93 0 0
1512196866.03 0 0
1512196866.14 0 0
1512196866.28 0 0
1512196866.37 0 0
1512196866.47 0 0
1512196866.57 0 0
1512196866.67 0 0
1512196866.77 0 0
1512196866.87 0 0
1512196866.97 0 0
1512196867.07 0 0
1512196867.19 0 0
1512196867.31 0 0
1512196867.41 0 0
1512196867.53 0 0
1512196867.65 0 0
1512196867.77 0 0
1512196867.9 0 0
1512196867.99 0 0
1512196868.1 0 0
1512196868.2 0 0
1512196868.3 0 0
1512196868.41 0 0
1512196868.52 0 0
1512196868.63 0 0
1512196868.76 0 0
1512196868.86 0 0
1512196868.98 0 0
1512196869.1 0 0
1512196869.19 0 0
1512196869.31 0 0
1512196869.44 0 0
1512196869.54 0 0
1512196869.64 0 0
1512196869.74 0 0
1512196869.84 0 0
1512196869.94 0 0
1512196870.05 0 0
1512196870.17 0 0
1512196870.27 0 0
1512196870.37 0 0
1512196870.47 0 0
1512196870.59 0 0
1512196870.71 0 0
1512196870.81 0 0
1512196870.91 0 0
1512196871.01 0 0
1512196871.11 0 0
1512196871.21 0 0
1512196871.31 0 0
1512196871.41 0 0
1512196871.51 0 0
1512196871.61 0 0
1512196871.73 0 0
1512196871.85 0 0
1512196871.95 0 0
1512196872.05 0 0
1512196872.15 0 0
1512196872.25 0 0
1512196872.35 0 0
1512196872.45 0 0
1512196872.55 0 0
1512196872.65 0 0
1512196872.77 0 0
1512196872.88 0 0
1512196872.98 0 0
1512196873.08 0 0
1512196873.21 0 0
1512196873.32 0 0
1512196873.42 0 0
1512196873.54 0 0
1512196873.65 0 0
1512196873.77 0 0
1512196873.88 0 0
1512196873.98 0 0
1512196874.08 0 0
1512196874.18 0 0
1512196874.29 0 0
1512196874.41 0 0
1512196874.52 0 0
1512196874.63 0 0
1512196874.72 0 0
1512196874.82 0 0
1512196874.94 0 0
1512196875.08 0 0
1512196875.17 0 0
1512196875.27 0 0
1512196875.37 0 0
1512196875.47 0 0
1512196875.57 0 0
1512196875.68 0 0
1512196875.78 0 0
1512196875.88 0 0
1512196875.98 0 0
1512196876.08 0 0
1512196876.18 0 0
1512196876.28 0 0
1512196876.38 0 0
1512196876.48 0 0
1512196876.58 0 0
1512196876.68 0 0
1512196876.79 0 0
1512196876.9 0 0
1512196877.0 0 0
1512196877.1 0 0
1512196877.2 0 0
1512196877.3 0 0
1512196877.4 0 0
1512196877.5 0 0
1512196877.6 0 0
1512196877.7 0 0
1512196877.82 0 0
1512196877.94 0 0
1512196878.03 0 0
1512196878.13 0 0
1512196878.23 0 0
1512196878.33 0 0
1512196878.43 0 0
1512196878.55 0 0
1512196878.64 0 0
1512196878.74 0 0
1512196878.84 0 0
1512196878.94 0 0
1512196879.04 0 0
1512196879.14 0 0
1512196879.24 0 0
1512196879.34 0 0
1512196879.44 0 0
1512196879.54 0 0
1512196879.64 0 0
1512196879.74 0 0
1512196879.84 0 0
1512196879.94 0 0
1512196880.04 0 0
1512196880.15 0 0
1512196880.24 0 0
1512196880.35 0 0
1512196880.44 0 0
1512196880.55 0 0
1512196880.64 0 0
1512196880.75 0 0
1512196880.84 0 0
1512196880.95 0 0
1512196881.04 0 0
