1512193603.13 2500.0 3333.33333333
1512193603.22 2500.0 3888.88888889
1512193603.32 2500.0 4259.25925926
1512193603.42 2500.0 4506.17283951
1512193603.52 2500.0 4670.781893
1512193603.63 2500.0 4780.521262
1512193603.72 2500.0 4853.68084134
1512193603.82 2500.0 4902.45389422
1512193603.93 2500.0 4934.96926282
1512193604.03 2500.0 4956.64617521
1512193604.13 2500.0 4971.09745014
1512193604.23 2500.0 4980.73163343
1512193604.33 2500.0 4987.15442228
1512193604.43 2500.0 4991.43628152
1512193604.53 2500.0 4994.29085435
1512193604.63 2500.0 4996.1939029
1512193604.73 2500.0 4997.46260193
1512193604.83 2500.0 4998.30840129
1512193604.93 2500.0 4998.87226753
1512193605.03 2500.0 4999.24817835
1512193605.13 2500.0 4999.49878557
1512193605.23 2500.0 4999.66585704
1512193605.34 2500.0 4999.77723803
1512193605.44 2500.0 4999.85149202
1512193605.53 2500.0 4999.90099468
1512193605.63 2500.0 4999.93399645
1512193605.73 2500.0 4999.95599764
1512193605.83 2500.0 4999.97066509
1512193605.93 2500.0 4999.98044339
1512193606.03 2500.0 4999.98696226
1512193606.13 2500.0 4999.99130817
1512193606.23 2500.0 4999.99420545
1512193606.33 2500.0 4999.99613697
1512193606.43 2500.0 4999.99742464
1512193606.53 2500.0 4999.9982831
1512193606.63 2500.0 4999.9988554
1512193606.73 2500.0 4999.99923693
1512193606.83 2500.0 4999.99949129
1512193606.93 2500.0 4999.99966086
1512193607.03 2500.0 4999.99977391
1512193607.13 2500.0 4999.99984927
1512193607.23 2500.0 4999.99989951
1512193607.33 2500.0 4999.99993301
1512193607.43 2500.0 4999.99995534
1512193607.53 2500.0 4999.99997023
1512193607.63 2500.0 4999.99998015
1512193607.73 2500.0 4999.99998677
1512193607.83 2500.0 4999.99999118
1512193607.93 2500.0 4999.99999412
1512193608.03 2500.0 4999.99999608
1512193608.13 2500.0 4999.99999739
1512193608.24 2500.0 4999.99999826
1512193608.34 2500.0 4999.99999884
1512193608.44 2500.0 4999.99999923
1512193608.53 2500.0 4999.99999948
1512193608.64 2500.0 4999.99999966
1512193608.74 2500.0 4999.99999977
1512193608.84 2500.0 4999.99999985
1512193608.95 2500.0 4999.9999999
1512193609.04 2500.0 4999.99999993
1512193609.15 2500.0 4999.99999995
1512193609.24 2500.0 4999.99999997
1512193609.34 2500.0 4999.99999998
1512193609.44 2500.0 4999.99999999
1512193609.54 2500.0 4999.99999999
1512193609.64 2500.0 4999.99999999
1512193609.74 2500.0 5000.0
1512193609.85 2500.0 5000.0
1512193609.94 2500.0 5000.0
1512193610.04 2500.0 5000.0
1512193610.14 2500.0 5000.0
1512193610.24 2500.0 5000.0
1512193610.34 2500.0 5000.0
1512193610.44 2500.0 5000.0
1512193610.54 2500.0 5000.0
1512193610.65 2500.0 5000.0
1512193610.74 2500.0 5000.0
1512193610.84 2500.0 5000.0
1512193610.94 2500.0 5000.0
1512193611.04 2500.0 5000.0
1512193611.14 2500.0 5000.0
1512193611.24 2500.0 5000.0
1512193611.34 2500.0 5000.0
1512193611.44 2500.0 5000.0
1512193611.54 2500.0 5000.0
1512193611.64 2500.0 5000.0
1512193611.74 2500.0 5000.0
1512193611.84 2500.0 5000.0
1512193611.94 2500.0 5000.0
1512193612.04 2500.0 5000.0
1512193612.14 2500.0 5000.0
1512193612.24 2500.0 5000.0
1512193612.34 2500.0 5000.0
1512193612.44 2500.0 5000.0
1512193612.54 2500.0 5000.0
1512193612.64 2500.0 5000.0
1512193612.74 2500.0 5000.0
1512193612.84 2500.0 5000.0
1512193612.94 2500.0 5000.0
1512193613.04 2500.0 5000.0
1512193613.14 2500.0 5000.0
1512193613.24 2500.0 5000.0
1512193613.34 2500.0 5000.0
1512193613.44 2500.0 5000.0
1512193613.56 2500.0 5000.0
1512193613.64 2500.0 5000.0
1512193613.74 2500.0 5000.0
1512193613.84 2500.0 5000.0
1512193613.95 2500.0 5000.0
1512193614.06 2500.0 5000.0
1512193614.15 2500.0 5000.0
1512193614.24 2500.0 5000.0
1512193614.34 2500.0 5000.0
1512193614.45 2500.0 5000.0
1512193614.56 2500.0 5000.0
1512193614.66 2500.0 5000.0
1512193614.75 2500.0 5000.0
1512193614.87 2500.0 5000.0
1512193614.95 2500.0 5000.0
1512193615.06 2500.0 5000.0
1512193615.15 2500.0 5000.0
1512193615.25 2500.0 5000.0
1512193615.36 2500.0 5000.0
1512193615.46 2500.0 5000.0
1512193615.55 2500.0 5000.0
1512193615.65 2500.0 5000.0
1512193615.75 2500.0 5000.0
1512193615.86 2500.0 5000.0
1512193615.96 2500.0 5000.0
1512193616.06 2500.0 5000.0
1512193616.16 2500.0 5000.0
1512193616.25 2500.0 5000.0
1512193616.36 2500.0 5000.0
1512193616.45 2500.0 5000.0
1512193616.56 2500.0 5000.0
1512193616.66 2500.0 5000.0
1512193616.75 2500.0 5000.0
1512193616.86 2500.0 5000.0
1512193616.96 2500.0 5000.0
1512193617.06 2500.0 5000.0
1512193617.16 2500.0 5000.0
1512193617.26 2500.0 5000.0
1512193617.36 2500.0 5000.0
1512193617.45 2500.0 5000.0
1512193617.56 2500.0 5000.0
1512193617.66 2500.0 5000.0
1512193617.76 2500.0 5000.0
1512193617.85 2500.0 5000.0
1512193617.95 2500.0 5000.0
1512193618.06 2500.0 5000.0
1512193618.15 2500.0 5000.0
1512193618.26 2500.0 5000.0
1512193618.36 2500.0 5000.0
1512193618.46 2500.0 5000.0
1512193618.56 2500.0 5000.0
1512193618.66 2500.0 5000.0
1512193618.76 2500.0 5000.0
1512193618.86 2500.0 5000.0
1512193618.96 2500.0 5000.0
1512193619.06 2500.0 5000.0
1512193619.16 2500.0 5000.0
1512193619.26 2500.0 5000.0
1512193619.36 2500.0 5000.0
1512193619.46 2500.0 5000.0
1512193619.57 2500.0 5000.0
1512193619.66 2500.0 5000.0
1512193619.77 2500.0 5000.0
1512193619.86 2500.0 5000.0
1512193619.96 2500.0 5000.0
1512193620.06 2500.0 5000.0
1512193620.16 2500.0 5000.0
1512193620.27 2500.0 5000.0
1512193620.36 2500.0 5000.0
1512193620.46 2500.0 5000.0
1512193620.57 2500.0 5000.0
1512193620.67 2500.0 5000.0
1512193620.76 2500.0 5000.0
1512193620.87 2500.0 5000.0
1512193620.97 2500.0 5000.0
1512193621.07 2500.0 5000.0
1512193621.16 2500.0 5000.0
1512193621.27 2500.0 5000.0
1512193621.36 2500.0 5000.0
1512193621.46 2500.0 5000.0
1512193621.57 2500.0 5000.0
1512193621.67 2500.0 5000.0
1512193621.77 2500.0 5000.0
1512193621.87 2500.0 5000.0
1512193621.97 2500.0 5000.0
1512193622.06 2500.0 5000.0
1512193622.16 2500.0 5000.0
1512193622.27 2500.0 5000.0
1512193622.37 2500.0 5000.0
1512193622.47 2500.0 5000.0
1512193622.56 2500.0 5000.0
1512193622.66 2500.0 5000.0
1512193622.77 2500.0 5000.0
1512193622.87 2500.0 5000.0
1512193622.96 2500.0 5000.0
1512193623.07 2500.0 5000.0
1512193623.17 2500.0 5000.0
1512193623.27 2500.0 5000.0
1512193623.37 2500.0 5000.0
1512193623.47 2500.0 5000.0
1512193623.57 2500.0 5000.0
1512193623.67 2500.0 5000.0
1512193623.77 2500.0 5000.0
1512193623.87 2500.0 5000.0
1512193623.97 2500.0 5000.0
1512193624.07 2500.0 5000.0
1512193624.17 2500.0 5000.0
1512193624.27 2500.0 5000.0
1512193624.37 2500.0 5000.0
1512193624.47 2500.0 5000.0
1512193624.57 2500.0 5000.0
1512193624.67 2500.0 5000.0
1512193624.77 2500.0 5000.0
1512193624.87 2500.0 5000.0
1512193624.97 2500.0 5000.0
1512193625.07 2500.0 5000.0
1512193625.17 2500.0 5000.0
1512193625.27 2500.0 5000.0
1512193625.37 2500.0 5000.0
1512193625.47 2500.0 5000.0
1512193625.57 2500.0 5000.0
1512193625.67 2500.0 5000.0
1512193625.77 2500.0 5000.0
1512193625.87 2500.0 5000.0
1512193625.97 2500.0 5000.0
1512193626.07 2500.0 5000.0
1512193626.17 2500.0 5000.0
1512193626.27 2500.0 5000.0
1512193626.37 2500.0 5000.0
1512193626.48 2500.0 5000.0
1512193626.58 2500.0 5000.0
1512193626.67 2500.0 5000.0
1512193626.77 2500.0 5000.0
1512193626.87 2500.0 5000.0
1512193626.97 2500.0 5000.0
1512193627.07 2500.0 5000.0
1512193627.17 2500.0 5000.0
1512193627.27 2500.0 5000.0
1512193627.37 2500.0 5000.0
1512193627.48 2500.0 5000.0
1512193627.57 2500.0 5000.0
1512193627.68 2500.0 5000.0
1512193627.77 2500.0 5000.0
1512193627.88 2500.0 5000.0
1512193627.98 2500.0 5000.0
1512193628.07 2500.0 5000.0
1512193628.17 2500.0 5000.0
1512193628.28 2500.0 5000.0
1512193628.38 2500.0 5000.0
1512193628.48 2500.0 5000.0
1512193628.58 2500.0 5000.0
1512193628.68 2500.0 5000.0
1512193628.78 2500.0 5000.0
1512193628.88 2500.0 5000.0
1512193628.97 2500.0 5000.0
1512193629.08 2500.0 5000.0
1512193629.18 2500.0 5000.0
1512193629.28 2500.0 5000.0
1512193629.39 2500.0 5000.0
1512193629.48 2500.0 5000.0
1512193629.58 2500.0 5000.0
1512193629.68 2500.0 5000.0
1512193629.79 2500.0 5000.0
1512193629.88 2500.0 5000.0
1512193629.98 2500.0 5000.0
1512193630.09 2500.0 5000.0
1512193630.19 2500.0 5000.0
1512193630.29 2500.0 5000.0
1512193630.39 2500.0 5000.0
1512193630.48 2500.0 5000.0
1512193630.59 2500.0 5000.0
1512193630.69 2500.0 5000.0
1512193630.79 2500.0 5000.0
1512193630.89 2500.0 5000.0
1512193630.99 2500.0 5000.0
1512193631.09 2500.0 5000.0
1512193631.2 2500.0 5000.0
1512193631.29 2500.0 5000.0
1512193631.4 2500.0 5000.0
1512193631.49 2500.0 5000.0
1512193631.6 2500.0 5000.0
1512193631.69 2500.0 5000.0
1512193631.79 2500.0 5000.0
1512193631.9 2500.0 5000.0
1512193631.99 2500.0 5000.0
1512193632.09 2500.0 5000.0
1512193632.19 2500.0 5000.0
1512193632.29 2500.0 5000.0
1512193632.39 2500.0 5000.0
1512193632.5 2500.0 5000.0
1512193632.61 2500.0 5000.0
1512193632.7 2500.0 5000.0
1512193632.79 2500.0 5000.0
1512193632.89 2500.0 5000.0
1512193632.99 2500.0 5000.0
1512193633.09 2500.0 5000.0
1512193633.19 2500.0 5000.0
1512193633.29 2500.0 5000.0
1512193633.39 2500.0 5000.0
1512193633.49 2500.0 5000.0
1512193633.61 2500.0 5000.0
1512193633.7 2500.0 5000.0
1512193633.79 2500.0 5000.0
1512193633.89 2500.0 5000.0
1512193633.99 2500.0 5000.0
1512193634.09 2500.0 5000.0
1512193634.19 2500.0 5000.0
1512193634.29 2500.0 5000.0
1512193634.39 2500.0 5000.0
1512193634.49 2500.0 5000.0
1512193634.6 2500.0 5000.0
1512193634.69 2500.0 5000.0
1512193634.79 2500.0 5000.0
1512193634.89 2500.0 5000.0
1512193635.01 2500.0 5000.0
1512193635.1 2500.0 5000.0
1512193635.2 2500.0 5000.0
1512193635.3 2500.0 5000.0
1512193635.39 2500.0 5000.0
1512193635.49 2500.0 5000.0
1512193635.6 2500.0 5000.0
1512193635.7 2500.0 5000.0
1512193635.79 2500.0 5000.0
1512193635.89 2500.0 5000.0
1512193635.99 2500.0 5000.0
1512193636.09 2500.0 5000.0
1512193636.2 2500.0 5000.0
1512193636.3 2500.0 5000.0
1512193636.4 2500.0 5000.0
1512193636.49 2500.0 5000.0
1512193636.6 2500.0 5000.0
1512193636.7 2500.0 5000.0
1512193636.8 2500.0 5000.0
1512193636.9 2500.0 5000.0
1512193637.0 2500.0 5000.0
1512193637.1 2500.0 5000.0
1512193637.2 2500.0 5000.0
1512193637.3 2500.0 5000.0
1512193637.4 2500.0 5000.0
1512193637.5 2500.0 5000.0
1512193637.6 2500.0 5000.0
1512193637.7 2500.0 5000.0
1512193637.8 2500.0 5000.0
1512193637.9 2500.0 5000.0
1512193638.0 2500.0 5000.0
1512193638.1 2500.0 5000.0
1512193638.21 2500.0 5000.0
1512193638.3 2500.0 5000.0
1512193638.4 2500.0 5000.0
1512193638.5 2500.0 5000.0
1512193638.61 2500.0 5000.0
1512193638.7 2500.0 5000.0
1512193638.8 2500.0 5000.0
1512193638.9 2500.0 5000.0
1512193639.02 2500.0 5000.0
1512193639.1 2500.0 5000.0
1512193639.2 2500.0 5000.0
1512193639.3 2500.0 5000.0
1512193639.4 2500.0 5000.0
1512193639.51 2500.0 5000.0
1512193639.6 2500.0 5000.0
1512193639.7 2500.0 5000.0
1512193639.81 2500.0 5000.0
1512193639.91 2500.0 5000.0
1512193640.01 2500.0 5000.0
1512193640.1 2500.0 5000.0
1512193640.21 2500.0 5000.0
1512193640.32 2500.0 5000.0
1512193640.41 2500.0 5000.0
1512193640.5 2500.0 5000.0
1512193640.6 2500.0 5000.0
1512193640.71 2500.0 5000.0
1512193640.81 2500.0 5000.0
1512193640.9 2500.0 5000.0
1512193641.0 2500.0 5000.0
1512193641.1 2500.0 5000.0
1512193641.2 2500.0 5000.0
1512193641.31 2500.0 5000.0
1512193641.4 2500.0 5000.0
1512193641.5 2500.0 5000.0
1512193641.61 2500.0 5000.0
1512193641.71 2500.0 5000.0
1512193641.8 2500.0 5000.0
1512193641.91 2500.0 5000.0
1512193642.01 2500.0 5000.0
1512193642.1 2500.0 5000.0
1512193642.21 2500.0 5000.0
1512193642.32 2500.0 5000.0
1512193642.41 2500.0 5000.0
1512193642.51 2500.0 5000.0
1512193642.61 2500.0 5000.0
1512193642.71 2500.0 5000.0
1512193642.81 2500.0 5000.0
1512193642.92 2500.0 5000.0
1512193643.01 2500.0 5000.0
1512193643.11 2500.0 5000.0
1512193643.22 2500.0 5000.0
1512193643.31 2500.0 5000.0
1512193643.41 2500.0 5000.0
1512193643.51 2500.0 5000.0
1512193643.61 2500.0 5000.0
1512193643.71 2500.0 5000.0
1512193643.81 2500.0 5000.0
1512193643.91 2500.0 5000.0
1512193644.01 2500.0 5000.0
1512193644.11 2500.0 5000.0
1512193644.21 2500.0 5000.0
1512193644.31 2500.0 5000.0
1512193644.41 2500.0 5000.0
1512193644.51 2500.0 5000.0
1512193644.61 2500.0 5000.0
1512193644.72 2500.0 5000.0
1512193644.81 2500.0 5000.0
1512193644.91 2500.0 5000.0
1512193645.02 2500.0 5000.0
1512193645.11 2500.0 5000.0
1512193645.22 2500.0 5000.0
1512193645.33 2500.0 5000.0
1512193645.42 2500.0 5000.0
1512193645.51 2500.0 5000.0
1512193645.62 2500.0 5000.0
1512193645.72 2500.0 5000.0
1512193645.81 2500.0 5000.0
1512193645.91 2500.0 5000.0
1512193646.01 2500.0 5000.0
1512193646.11 2500.0 5000.0
1512193646.21 2500.0 5000.0
1512193646.31 2500.0 5000.0
1512193646.41 2500.0 5000.0
1512193646.53 2500.0 5000.0
1512193646.62 2500.0 5000.0
1512193646.72 2500.0 5000.0
1512193646.82 2500.0 5000.0
1512193646.92 2500.0 5000.0
1512193647.02 2500.0 5000.0
1512193647.12 2500.0 5000.0
1512193647.21 2500.0 5000.0
1512193647.32 2500.0 5000.0
1512193647.42 2500.0 5000.0
1512193647.52 2500.0 5000.0
1512193647.62 2500.0 5000.0
1512193647.71 2500.0 5000.0
1512193647.82 2500.0 5000.0
1512193647.92 2500.0 5000.0
1512193648.02 2500.0 5000.0
1512193648.12 2500.0 5000.0
1512193648.23 2500.0 5000.0
1512193648.32 2500.0 5000.0
1512193648.42 2500.0 5000.0
1512193648.52 2500.0 5000.0
1512193648.62 2500.0 5000.0
1512193648.72 2500.0 5000.0
1512193648.82 2500.0 5000.0
1512193648.92 2500.0 5000.0
1512193649.02 2500.0 5000.0
1512193649.12 2500.0 5000.0
1512193649.22 2500.0 5000.0
1512193649.32 2500.0 5000.0
1512193649.43 2500.0 5000.0
1512193649.52 2500.0 5000.0
1512193649.62 2500.0 5000.0
1512193649.72 2500.0 5000.0
1512193649.82 2500.0 5000.0
1512193649.92 2500.0 5000.0
1512193650.03 2500.0 5000.0
1512193650.12 2500.0 5000.0
1512193650.22 2500.0 5000.0
1512193650.32 2500.0 5000.0
1512193650.43 2500.0 5000.0
1512193650.53 2500.0 5000.0
1512193650.63 2500.0 5000.0
1512193650.74 2500.0 5000.0
1512193650.84 2500.0 5000.0
1512193650.94 2500.0 5000.0
1512193651.03 2500.0 5000.0
1512193651.14 2500.0 5000.0
1512193651.25 2500.0 5000.0
1512193651.34 2500.0 5000.0
1512193651.44 2500.0 5000.0
1512193651.55 2500.0 5000.0
1512193651.65 2500.0 5000.0
1512193651.74 2500.0 5000.0
1512193651.84 2500.0 5000.0
1512193651.94 2500.0 5000.0
1512193652.04 2500.0 5000.0
1512193652.15 2500.0 5000.0
1512193652.24 2500.0 5000.0
1512193652.35 2500.0 5000.0
1512193652.44 2500.0 5000.0
1512193652.54 2500.0 5000.0
1512193652.64 2500.0 5000.0
1512193652.74 2500.0 5000.0
1512193652.84 2500.0 5000.0
1512193652.94 2500.0 5000.0
1512193653.05 2500.0 5000.0
1512193653.15 2500.0 5000.0
1512193653.25 2500.0 5000.0
1512193653.34 2500.0 5000.0
1512193653.45 2500.0 5000.0
1512193653.55 2500.0 5000.0
1512193653.65 2500.0 5000.0
1512193653.75 2500.0 5000.0
1512193653.85 2500.0 5000.0
1512193653.94 2500.0 5000.0
1512193654.04 2500.0 5000.0
1512193654.15 2500.0 5000.0
1512193654.25 2500.0 5000.0
1512193654.35 2500.0 5000.0
1512193654.45 2500.0 5000.0
1512193654.55 2500.0 5000.0
1512193654.65 2500.0 5000.0
1512193654.75 2500.0 5000.0
1512193654.85 2500.0 5000.0
1512193654.95 2500.0 5000.0
1512193655.05 2500.0 5000.0
1512193655.15 2500.0 5000.0
1512193655.25 2500.0 5000.0
1512193655.35 2500.0 5000.0
1512193655.45 2500.0 5000.0
1512193655.55 2500.0 5000.0
1512193655.65 2500.0 5000.0
1512193655.75 2500.0 5000.0
1512193655.85 2500.0 5000.0
1512193655.95 2500.0 5000.0
1512193656.05 2500.0 5000.0
1512193656.15 2500.0 5000.0
1512193656.25 2500.0 5000.0
1512193656.36 2500.0 5000.0
1512193656.45 2500.0 5000.0
1512193656.56 2500.0 5000.0
1512193656.65 2500.0 5000.0
1512193656.75 2500.0 5000.0
1512193656.86 2500.0 5000.0
1512193656.95 2500.0 5000.0
1512193657.05 2500.0 5000.0
1512193657.16 2500.0 5000.0
1512193657.26 2500.0 5000.0
1512193657.36 2500.0 5000.0
1512193657.46 2500.0 5000.0
1512193657.56 2500.0 5000.0
1512193657.66 2500.0 5000.0
1512193657.75 2500.0 5000.0
1512193657.86 2500.0 5000.0
1512193657.96 2500.0 5000.0
1512193658.06 2500.0 5000.0
1512193658.16 2500.0 5000.0
1512193658.26 2500.0 5000.0
1512193658.36 2500.0 5000.0
1512193658.45 2500.0 5000.0
1512193658.56 2500.0 5000.0
1512193658.66 2500.0 5000.0
1512193658.76 2500.0 5000.0
1512193658.86 2500.0 5000.0
1512193658.95 2500.0 5000.0
1512193659.06 2500.0 5000.0
1512193659.16 2500.0 5000.0
1512193659.27 2500.0 5000.0
1512193659.36 2500.0 5000.0
1512193659.46 2500.0 5000.0
1512193659.57 2500.0 5000.0
1512193659.66 2500.0 5000.0
1512193659.76 2500.0 5000.0
1512193659.86 2500.0 5000.0
1512193659.96 2500.0 5000.0
1512193660.06 2500.0 5000.0
1512193660.16 2500.0 5000.0
1512193660.26 2500.0 5000.0
1512193660.36 2500.0 5000.0
1512193660.46 2500.0 5000.0
1512193660.56 2500.0 5000.0
1512193660.67 2500.0 5000.0
1512193660.77 2500.0 5000.0
1512193660.87 2500.0 5000.0
1512193660.97 2500.0 5000.0
1512193661.07 2500.0 5000.0
1512193661.17 2500.0 5000.0
1512193661.27 2500.0 5000.0
1512193661.36 2500.0 5000.0
1512193661.46 2500.0 5000.0
1512193661.57 2500.0 5000.0
1512193661.67 2500.0 5000.0
1512193661.77 2500.0 5000.0
1512193661.87 2500.0 5000.0
1512193661.97 2500.0 5000.0
1512193662.07 2500.0 5000.0
1512193662.16 2500.0 5000.0
1512193662.26 2500.0 5000.0
1512193662.37 2500.0 5000.0
1512193662.47 2500.0 5000.0
1512193662.56 2500.0 5000.0
1512193662.68 2500.0 5000.0
1512193662.76 2500.0 5000.0
1512193662.87 2500.0 5000.0
1512193662.97 2500.0 5000.0
1512193663.06 2500.0 5000.0
1512193663.17 2500.0 5000.0
1512193663.27 2500.0 5000.0
1512193663.37 2500.0 5000.0
1512193663.46 2500.0 5000.0
1512193663.57 2500.0 5000.0
1512193663.67 2500.0 5000.0
1512193663.76 2500.0 5000.0
1512193663.87 2500.0 5000.0
1512193663.96 2500.0 5000.0
1512193664.07 2500.0 5000.0
1512193664.17 2500.0 5000.0
1512193664.27 2500.0 5000.0
1512193664.38 2500.0 5000.0
1512193664.47 2500.0 5000.0
1512193664.56 2500.0 5000.0
1512193664.67 2500.0 5000.0
1512193664.77 2500.0 5000.0
1512193664.88 2500.0 5000.0
1512193664.98 2500.0 5000.0
1512193665.07 2500.0 5000.0
1512193665.17 2500.0 5000.0
1512193665.27 2500.0 5000.0
1512193665.38 2500.0 5000.0
1512193665.47 2500.0 5000.0
1512193665.58 2500.0 5000.0
1512193665.67 2500.0 5000.0
1512193665.77 2500.0 5000.0
1512193665.87 2500.0 5000.0
1512193665.97 2500.0 5000.0
1512193666.08 2500.0 5000.0
1512193666.17 2500.0 5000.0
1512193666.27 2500.0 5000.0
1512193666.37 2500.0 5000.0
1512193666.48 2500.0 5000.0
1512193666.57 2500.0 5000.0
1512193666.67 2500.0 5000.0
1512193666.77 2500.0 5000.0
1512193666.87 2500.0 5000.0
1512193666.97 2500.0 5000.0
1512193667.08 2500.0 5000.0
1512193667.17 2500.0 5000.0
1512193667.27 2500.0 5000.0
1512193667.37 2500.0 5000.0
1512193667.48 2500.0 5000.0
1512193667.57 2500.0 5000.0
1512193667.67 2500.0 5000.0
1512193667.77 2500.0 5000.0
1512193667.88 2500.0 5000.0
1512193667.98 2500.0 5000.0
1512193668.08 2500.0 5000.0
1512193668.18 2500.0 5000.0
1512193668.28 2500.0 5000.0
1512193668.38 2500.0 5000.0
1512193668.48 2500.0 5000.0
1512193668.58 2500.0 5000.0
1512193668.67 2500.0 5000.0
1512193668.78 2500.0 5000.0
1512193668.89 2500.0 5000.0
1512193668.98 2500.0 5000.0
1512193669.08 2500.0 5000.0
1512193669.18 2500.0 5000.0
1512193669.28 2500.0 5000.0
1512193669.38 2500.0 5000.0
1512193669.49 2500.0 5000.0
1512193669.59 2500.0 5000.0
1512193669.69 2500.0 5000.0
1512193669.79 2500.0 5000.0
1512193669.88 2500.0 5000.0
1512193669.98 2500.0 5000.0
1512193670.08 2500.0 5000.0
1512193670.18 2500.0 5000.0
1512193670.29 2500.0 5000.0
1512193670.39 2500.0 5000.0
1512193670.49 2500.0 5000.0
1512193670.59 2500.0 5000.0
1512193670.69 2500.0 5000.0
1512193670.79 2500.0 5000.0
1512193670.89 2500.0 5000.0
1512193670.99 2500.0 5000.0
1512193671.08 2500.0 5000.0
1512193671.18 2500.0 5000.0
1512193671.29 2500.0 5000.0
1512193671.38 2500.0 5000.0
1512193671.48 2500.0 5000.0
1512193671.59 2500.0 5000.0
1512193671.69 2500.0 5000.0
1512193671.78 2500.0 5000.0
1512193671.88 2500.0 5000.0
1512193671.99 2500.0 5000.0
1512193672.09 2500.0 5000.0
1512193672.19 2500.0 5000.0
1512193672.29 2500.0 5000.0
1512193672.38 2500.0 5000.0
1512193672.5 2500.0 5000.0
1512193672.59 2500.0 5000.0
1512193672.69 2500.0 5000.0
1512193672.79 2500.0 5000.0
1512193672.9 2500.0 5000.0
1512193672.99 2500.0 5000.0
1512193673.09 2500.0 5000.0
1512193673.2 2500.0 5000.0
1512193673.29 2500.0 5000.0
1512193673.39 2500.0 5000.0
1512193673.49 2500.0 5000.0
1512193673.59 2500.0 5000.0
1512193673.7 2500.0 5000.0
1512193673.8 2500.0 5000.0
1512193673.9 2500.0 5000.0
1512193674.0 2500.0 5000.0
1512193674.09 2500.0 5000.0
1512193674.2 2500.0 5000.0
1512193674.29 2500.0 5000.0
1512193674.4 2500.0 5000.0
1512193674.49 2500.0 5000.0
1512193674.59 2500.0 5000.0
1512193674.69 2500.0 5000.0
1512193674.79 2500.0 5000.0
1512193674.9 2500.0 5000.0
1512193675.0 2500.0 5000.0
1512193675.09 2500.0 5000.0
1512193675.2 2500.0 5000.0
1512193675.29 2500.0 5000.0
1512193675.39 2500.0 5000.0
1512193675.51 2500.0 5000.0
1512193675.6 2500.0 5000.0
1512193675.69 2500.0 5000.0
1512193675.79 2500.0 5000.0
1512193675.89 2500.0 5000.0
1512193675.99 2500.0 5000.0
1512193676.09 2500.0 5000.0
1512193676.2 2500.0 5000.0
1512193676.3 2500.0 5000.0
1512193676.4 2500.0 5000.0
1512193676.49 2500.0 5000.0
1512193676.59 2500.0 5000.0
1512193676.7 2500.0 5000.0
1512193676.79 2500.0 5000.0
1512193676.89 2500.0 5000.0
1512193676.99 2500.0 5000.0
1512193677.1 2500.0 5000.0
1512193677.2 2500.0 5000.0
1512193677.3 2500.0 5000.0
1512193677.39 2500.0 5000.0
1512193677.5 2500.0 5000.0
1512193677.6 2500.0 5000.0
1512193677.7 2500.0 5000.0
1512193677.8 2500.0 5000.0
1512193677.9 2500.0 5000.0
1512193678.0 2500.0 5000.0
1512193678.09 2500.0 5000.0
1512193678.19 2500.0 5000.0
1512193678.3 2500.0 5000.0
1512193678.4 2500.0 5000.0
1512193678.5 2500.0 5000.0
1512193678.6 2500.0 5000.0
1512193678.7 2500.0 5000.0
1512193678.79 2500.0 5000.0
1512193678.89 2500.0 5000.0
1512193679.0 2500.0 5000.0
1512193679.09 2500.0 5000.0
1512193679.19 2500.0 5000.0
1512193679.3 2500.0 5000.0
1512193679.4 2500.0 5000.0
1512193679.51 2500.0 5000.0
1512193679.6 2500.0 5000.0
1512193679.69 2500.0 5000.0
1512193679.8 2500.0 5000.0
1512193679.9 2500.0 5000.0
1512193680.01 2500.0 5000.0
1512193680.11 2500.0 5000.0
1512193680.21 2500.0 5000.0
1512193680.31 2500.0 5000.0
1512193680.41 2500.0 5000.0
1512193680.5 2500.0 5000.0
1512193680.61 2500.0 5000.0
1512193680.71 2500.0 5000.0
1512193680.81 2500.0 5000.0
1512193680.91 2500.0 5000.0
1512193681.01 2500.0 5000.0
1512193681.12 2500.0 5000.0
1512193681.22 2500.0 5000.0
1512193681.31 2500.0 5000.0
1512193681.41 2500.0 5000.0
1512193681.51 2500.0 5000.0
1512193681.61 2500.0 5000.0
1512193681.71 2500.0 5000.0
1512193681.8 2500.0 5000.0
1512193681.91 2500.0 5000.0
1512193682.01 2500.0 5000.0
1512193682.11 2500.0 5000.0
1512193682.21 2500.0 5000.0
1512193682.31 2500.0 5000.0
1512193682.41 2500.0 5000.0
1512193682.5 2500.0 5000.0
1512193682.61 2500.0 5000.0
1512193682.71 2500.0 5000.0
1512193682.8 2500.0 5000.0
1512193682.91 2500.0 5000.0
1512193683.02 2500.0 5000.0
1512193683.11 2500.0 5000.0
1512193683.21 2500.0 5000.0
1512193683.31 2500.0 5000.0
1512193683.41 2500.0 5000.0
1512193683.51 2500.0 5000.0
1512193683.61 2500.0 5000.0
1512193683.72 2500.0 5000.0
1512193683.82 2500.0 5000.0
1512193683.92 2500.0 5000.0
1512193684.02 2500.0 5000.0
1512193684.12 2500.0 5000.0
1512193684.22 2500.0 5000.0
1512193684.32 2500.0 5000.0
1512193684.42 2500.0 5000.0
1512193684.52 2500.0 5000.0
1512193684.62 2500.0 5000.0
1512193684.72 2500.0 5000.0
1512193684.82 2500.0 5000.0
1512193684.92 2500.0 5000.0
1512193685.01 2500.0 5000.0
1512193685.12 2500.0 5000.0
1512193685.22 2500.0 5000.0
1512193685.31 2500.0 5000.0
1512193685.41 2500.0 5000.0
1512193685.52 2500.0 5000.0
1512193685.61 2500.0 5000.0
1512193685.71 2500.0 5000.0
1512193685.82 2500.0 5000.0
1512193685.92 2500.0 5000.0
1512193686.01 2500.0 5000.0
1512193686.12 2500.0 5000.0
1512193686.21 2500.0 5000.0
1512193686.32 2500.0 5000.0
1512193686.41 2500.0 5000.0
1512193686.53 2500.0 5000.0
1512193686.62 2500.0 5000.0
1512193686.72 2500.0 5000.0
1512193686.82 2500.0 5000.0
1512193686.91 2500.0 5000.0
1512193687.02 2500.0 5000.0
1512193687.12 2500.0 5000.0
1512193687.22 2500.0 5000.0
1512193687.33 2500.0 5000.0
1512193687.42 2500.0 5000.0
1512193687.52 2500.0 5000.0
1512193687.62 2500.0 5000.0
1512193687.72 2500.0 5000.0
1512193687.82 2500.0 5000.0
1512193687.93 2500.0 5000.0
1512193688.02 2500.0 5000.0
1512193688.12 2500.0 5000.0
1512193688.23 2500.0 5000.0
1512193688.32 2500.0 5000.0
1512193688.43 2500.0 5000.0
1512193688.53 2500.0 5000.0
1512193688.62 2500.0 5000.0
1512193688.73 2500.0 5000.0
1512193688.82 2500.0 5000.0
1512193688.92 2500.0 5000.0
1512193689.02 2500.0 5000.0
1512193689.13 2500.0 5000.0
1512193689.23 2500.0 5000.0
1512193689.33 2500.0 5000.0
1512193689.43 2500.0 5000.0
1512193689.52 2500.0 5000.0
1512193689.63 2500.0 5000.0
1512193689.73 2500.0 5000.0
1512193689.83 2500.0 5000.0
1512193689.93 2500.0 5000.0
1512193690.03 2500.0 5000.0
1512193690.12 2500.0 5000.0
1512193690.23 2500.0 5000.0
1512193690.32 2500.0 5000.0
1512193690.43 2500.0 5000.0
1512193690.52 2500.0 5000.0
1512193690.63 2500.0 5000.0
1512193690.72 2500.0 5000.0
1512193690.82 2500.0 5000.0
1512193690.94 2500.0 5000.0
1512193691.04 2500.0 5000.0
1512193691.13 2500.0 5000.0
1512193691.23 2500.0 5000.0
1512193691.33 2500.0 5000.0
1512193691.43 2500.0 5000.0
1512193691.53 2500.0 5000.0
1512193691.64 2500.0 5000.0
1512193691.73 2500.0 5000.0
1512193691.83 2500.0 5000.0
1512193691.93 2500.0 5000.0
1512193692.03 2500.0 5000.0
1512193692.14 2500.0 5000.0
1512193692.24 2500.0 5000.0
1512193692.33 2500.0 5000.0
1512193692.43 2500.0 5000.0
1512193692.54 2500.0 5000.0
1512193692.63 2500.0 5000.0
1512193692.74 2500.0 5000.0
1512193692.84 2500.0 5000.0
1512193692.94 2500.0 5000.0
1512193693.03 2500.0 5000.0
1512193693.13 2500.0 5000.0
1512193693.24 2500.0 5000.0
1512193693.33 2500.0 5000.0
1512193693.43 2500.0 5000.0
1512193693.53 2500.0 5000.0
1512193693.63 2500.0 5000.0
1512193693.74 2500.0 5000.0
1512193693.83 2500.0 5000.0
1512193693.94 2500.0 5000.0
1512193694.04 2500.0 5000.0
1512193694.14 2500.0 5000.0
1512193694.24 2500.0 5000.0
1512193694.35 2500.0 5000.0
1512193694.44 2500.0 5000.0
1512193694.54 2500.0 5000.0
1512193694.64 2500.0 5000.0
1512193694.73 2500.0 5000.0
1512193694.85 2500.0 5000.0
1512193694.94 2500.0 5000.0
1512193695.04 2500.0 5000.0
1512193695.13 2500.0 5000.0
1512193695.23 2500.0 5000.0
1512193695.34 2500.0 5000.0
1512193695.44 2500.0 5000.0
1512193695.54 2500.0 5000.0
1512193695.64 2500.0 5000.0
1512193695.74 2500.0 5000.0
1512193695.84 2500.0 5000.0
1512193695.93 2500.0 5000.0
1512193696.04 2500.0 5000.0
1512193696.13 2500.0 5000.0
1512193696.23 2500.0 5000.0
1512193696.34 2500.0 5000.0
1512193696.44 2500.0 5000.0
1512193696.54 2500.0 5000.0
1512193696.65 2500.0 5000.0
1512193696.75 2500.0 5000.0
1512193696.84 2500.0 5000.0
1512193696.95 2500.0 5000.0
1512193697.04 2500.0 5000.0
1512193697.14 2500.0 5000.0
1512193697.24 2500.0 5000.0
1512193697.35 2500.0 5000.0
1512193697.45 2500.0 5000.0
1512193697.55 2500.0 5000.0
1512193697.65 2500.0 5000.0
1512193697.74 2500.0 5000.0
1512193697.85 2500.0 5000.0
1512193697.95 2500.0 5000.0
1512193698.05 2500.0 5000.0
1512193698.15 2500.0 5000.0
1512193698.26 2500.0 5000.0
1512193698.35 2500.0 5000.0
1512193698.45 2500.0 5000.0
1512193698.55 2500.0 5000.0
1512193698.64 2500.0 5000.0
1512193698.74 2500.0 5000.0
1512193698.84 2500.0 5000.0
1512193698.95 2500.0 5000.0
1512193699.06 2500.0 5000.0
1512193699.16 2500.0 5000.0
1512193699.25 2500.0 5000.0
1512193699.35 2500.0 5000.0
1512193699.44 2500.0 5000.0
1512193699.55 2500.0 5000.0
1512193699.66 2500.0 5000.0
1512193699.76 2500.0 5000.0
1512193699.86 2500.0 5000.0
1512193699.95 2500.0 5000.0
1512193700.06 2500.0 5000.0
1512193700.14 2500.0 5000.0
1512193700.25 2500.0 5000.0
1512193700.35 2500.0 5000.0
1512193700.46 2500.0 5000.0
1512193700.55 2500.0 5000.0
1512193700.66 2500.0 5000.0
1512193700.76 2500.0 5000.0
1512193700.86 2500.0 5000.0
1512193700.95 2500.0 5000.0
1512193701.05 2500.0 5000.0
1512193701.15 2500.0 5000.0
1512193701.25 2500.0 5000.0
1512193701.36 2500.0 5000.0
1512193701.46 2500.0 5000.0
1512193701.56 2500.0 5000.0
1512193701.66 2500.0 5000.0
1512193701.76 2500.0 5000.0
1512193701.86 2500.0 5000.0
1512193701.95 2500.0 5000.0
1512193702.05 2500.0 5000.0
1512193702.16 2500.0 5000.0
1512193702.27 2500.0 5000.0
1512193702.37 2500.0 5000.0
1512193702.46 2500.0 5000.0
1512193702.57 2500.0 5000.0
1512193702.66 2500.0 5000.0
1512193702.75 2500.0 5000.0
1512193702.86 2500.0 5000.0
1512193702.95 2500.0 5000.0
1512193703.06 2500.0 5000.0
1512193703.16 2500.0 5000.0
1512193703.25 2500.0 5000.0
1512193703.35 2500.0 5000.0
1512193703.46 2500.0 5000.0
1512193703.56 2500.0 5000.0
1512193703.66 2500.0 5000.0
1512193703.76 2500.0 5000.0
1512193703.86 2500.0 5000.0
1512193703.96 2500.0 5000.0
1512193704.06 2500.0 5000.0
1512193704.17 2500.0 5000.0
1512193704.27 2500.0 5000.0
1512193704.37 2500.0 5000.0
1512193704.46 2500.0 5000.0
1512193704.56 2500.0 5000.0
1512193704.66 2500.0 5000.0
1512193704.78 2500.0 5000.0
1512193704.87 2500.0 5000.0
1512193704.96 2500.0 5000.0
1512193705.06 2500.0 5000.0
1512193705.16 2500.0 5000.0
1512193705.26 2500.0 5000.0
1512193705.37 2500.0 5000.0
1512193705.47 2500.0 5000.0
1512193705.56 2500.0 5000.0
1512193705.67 2500.0 5000.0
1512193705.77 2500.0 5000.0
1512193705.86 2500.0 5000.0
1512193705.98 2500.0 5000.0
1512193706.07 2500.0 5000.0
1512193706.16 2500.0 5000.0
1512193706.26 2500.0 5000.0
1512193706.36 2500.0 5000.0
1512193706.46 2500.0 5000.0
1512193706.58 2500.0 5000.0
1512193706.66 2500.0 5000.0
1512193706.76 2500.0 5000.0
1512193706.86 2500.0 5000.0
1512193706.96 2500.0 5000.0
1512193707.06 2500.0 5000.0
1512193707.17 2500.0 5000.0
1512193707.27 2500.0 5000.0
1512193707.36 2500.0 5000.0
1512193707.47 2500.0 5000.0
1512193707.57 2500.0 5000.0
1512193707.67 2500.0 5000.0
1512193707.78 2500.0 5000.0
1512193707.87 2500.0 5000.0
1512193707.97 2500.0 5000.0
1512193708.06 2500.0 5000.0
1512193708.17 2500.0 5000.0
1512193708.28 2500.0 5000.0
1512193708.38 2500.0 5000.0
1512193708.47 2500.0 5000.0
1512193708.57 2500.0 5000.0
1512193708.67 2500.0 5000.0
1512193708.77 2500.0 5000.0
1512193708.87 2500.0 5000.0
1512193708.97 2500.0 5000.0
1512193709.08 2500.0 5000.0
1512193709.18 2500.0 5000.0
1512193709.28 2500.0 5000.0
1512193709.38 2500.0 5000.0
1512193709.48 2500.0 5000.0
1512193709.58 2500.0 5000.0
1512193709.68 2500.0 5000.0
1512193709.77 2500.0 5000.0
1512193709.88 2500.0 5000.0
1512193709.97 2500.0 5000.0
1512193710.07 2500.0 5000.0
1512193710.17 2500.0 5000.0
1512193710.27 2500.0 5000.0
1512193710.38 2500.0 5000.0
1512193710.47 2500.0 5000.0
1512193710.57 2500.0 5000.0
1512193710.67 2500.0 5000.0
1512193710.77 2500.0 5000.0
1512193710.88 2500.0 5000.0
1512193710.98 2500.0 5000.0
1512193711.08 2500.0 5000.0
1512193711.18 2500.0 5000.0
1512193711.28 2500.0 5000.0
1512193711.38 2500.0 5000.0
1512193711.47 2500.0 5000.0
1512193711.58 2500.0 5000.0
1512193711.68 2500.0 5000.0
1512193711.78 2500.0 5000.0
1512193711.88 2500.0 5000.0
1512193711.98 2500.0 5000.0
1512193712.08 2500.0 5000.0
1512193712.18 2500.0 5000.0
1512193712.28 2500.0 5000.0
1512193712.38 2500.0 5000.0
1512193712.47 2500.0 5000.0
1512193712.58 2500.0 5000.0
1512193712.68 2500.0 5000.0
1512193712.78 2500.0 5000.0
1512193712.89 2500.0 5000.0
1512193712.99 2500.0 5000.0
1512193713.07 2500.0 5000.0
1512193713.18 2500.0 5000.0
1512193713.27 2500.0 5000.0
1512193713.38 2500.0 5000.0
1512193713.47 2500.0 5000.0
1512193713.58 2500.0 5000.0
1512193713.68 2500.0 5000.0
1512193713.78 2500.0 5000.0
1512193713.88 2500.0 5000.0
1512193713.98 2500.0 5000.0
1512193714.08 2500.0 5000.0
1512193714.18 2500.0 5000.0
1512193714.28 2500.0 5000.0
1512193714.39 2500.0 5000.0
1512193714.49 2500.0 5000.0
1512193714.59 2500.0 5000.0
1512193714.68 2500.0 5000.0
1512193714.78 2500.0 5000.0
1512193714.88 2500.0 5000.0
1512193714.97 2500.0 5000.0
1512193715.08 2500.0 5000.0
1512193715.18 2500.0 5000.0
1512193715.28 2500.0 5000.0
1512193715.38 2500.0 5000.0
1512193715.49 2500.0 5000.0
1512193715.59 2500.0 5000.0
1512193715.69 2500.0 5000.0
1512193715.79 2500.0 5000.0
1512193715.89 2500.0 5000.0
1512193715.99 2500.0 5000.0
1512193716.1 2500.0 5000.0
1512193716.2 2500.0 5000.0
1512193716.3 2500.0 5000.0
1512193716.4 2500.0 5000.0
1512193716.5 2500.0 5000.0
1512193716.59 2500.0 5000.0
1512193716.7 2500.0 5000.0
1512193716.8 2500.0 5000.0
1512193716.89 2500.0 5000.0
1512193716.99 2500.0 5000.0
1512193717.09 2500.0 5000.0
1512193717.19 2500.0 5000.0
1512193717.29 2500.0 5000.0
1512193717.38 2500.0 5000.0
1512193717.49 2500.0 5000.0
1512193717.6 2500.0 5000.0
1512193717.7 2500.0 5000.0
1512193717.79 2500.0 5000.0
1512193717.89 2500.0 5000.0
1512193718.01 2500.0 5000.0
1512193718.09 2500.0 5000.0
1512193718.19 2500.0 5000.0
1512193718.29 2500.0 5000.0
1512193718.39 2500.0 5000.0
1512193718.5 2500.0 5000.0
1512193718.6 2500.0 5000.0
1512193718.69 2500.0 5000.0
1512193718.79 2500.0 5000.0
1512193718.9 2500.0 5000.0
1512193719.0 2500.0 5000.0
1512193719.1 2500.0 5000.0
1512193719.19 2500.0 5000.0
1512193719.29 2500.0 5000.0
1512193719.4 2500.0 5000.0
1512193719.5 2500.0 5000.0
1512193719.59 2500.0 5000.0
1512193719.7 2500.0 5000.0
1512193719.8 2500.0 5000.0
1512193719.9 2500.0 5000.0
1512193720.0 2500.0 5000.0
1512193720.1 2500.0 5000.0
1512193720.21 2500.0 5000.0
1512193720.31 2500.0 5000.0
1512193720.4 2500.0 5000.0
1512193720.5 2500.0 5000.0
1512193720.61 2500.0 5000.0
1512193720.7 2500.0 5000.0
1512193720.8 2500.0 5000.0
1512193720.9 2500.0 5000.0
1512193721.0 2500.0 5000.0
1512193721.1 2500.0 5000.0
1512193721.21 2500.0 5000.0
1512193721.31 2500.0 5000.0
1512193721.41 2500.0 5000.0
1512193721.51 2500.0 5000.0
1512193721.61 2500.0 5000.0
1512193721.7 2500.0 5000.0
1512193721.8 2500.0 5000.0
1512193721.9 2500.0 5000.0
1512193722.0 2500.0 5000.0
1512193722.11 2500.0 5000.0
1512193722.21 2500.0 5000.0
1512193722.3 2500.0 5000.0
1512193722.41 2500.0 5000.0
1512193722.5 2500.0 5000.0
1512193722.61 2500.0 5000.0
1512193722.7 2500.0 5000.0
1512193722.8 2500.0 5000.0
1512193722.91 2500.0 5000.0
1512193723.01 2500.0 5000.0
1512193723.11 2500.0 5000.0
1512193723.21 2500.0 5000.0
1512193723.3 2500.0 5000.0
1512193723.4 2500.0 5000.0
1512193723.5 2500.0 5000.0
1512193723.61 2500.0 5000.0
1512193723.71 2500.0 5000.0
1512193723.81 2500.0 5000.0
1512193723.91 2500.0 5000.0
1512193724.01 2500.0 5000.0
1512193724.11 2500.0 5000.0
1512193724.21 2500.0 5000.0
1512193724.32 2500.0 5000.0
1512193724.42 2500.0 5000.0
1512193724.51 2500.0 5000.0
1512193724.61 2500.0 5000.0
1512193724.72 2500.0 5000.0
1512193724.81 2500.0 5000.0
1512193724.91 2500.0 5000.0
1512193725.02 2500.0 5000.0
1512193725.11 2500.0 5000.0
1512193725.22 2500.0 5000.0
1512193725.31 2500.0 5000.0
1512193725.41 2500.0 5000.0
1512193725.51 2500.0 5000.0
1512193725.62 2500.0 5000.0
1512193725.71 2500.0 5000.0
1512193725.82 2500.0 5000.0
1512193725.91 2500.0 5000.0
1512193726.02 2500.0 5000.0
1512193726.11 2500.0 5000.0
1512193726.21 2500.0 5000.0
1512193726.31 2500.0 5000.0
1512193726.41 2500.0 5000.0
1512193726.51 2500.0 5000.0
1512193726.62 2500.0 5000.0
1512193726.72 2500.0 5000.0
1512193726.81 2500.0 5000.0
1512193726.92 2500.0 5000.0
1512193727.02 2500.0 5000.0
1512193727.12 2500.0 5000.0
1512193727.22 2500.0 5000.0
1512193727.31 2500.0 5000.0
1512193727.42 2500.0 5000.0
1512193727.52 2500.0 5000.0
1512193727.62 2500.0 5000.0
1512193727.72 2500.0 5000.0
1512193727.82 2500.0 5000.0
1512193727.92 2500.0 5000.0
1512193728.02 2500.0 5000.0
1512193728.11 2500.0 5000.0
1512193728.22 2500.0 5000.0
1512193728.32 2500.0 5000.0
1512193728.43 2500.0 5000.0
1512193728.52 2500.0 5000.0
1512193728.63 2500.0 5000.0
1512193728.72 2500.0 5000.0
1512193728.82 2500.0 5000.0
1512193728.93 2500.0 5000.0
1512193729.03 2500.0 5000.0
1512193729.12 2500.0 5000.0
1512193729.22 2500.0 5000.0
1512193729.32 2500.0 5000.0
1512193729.43 2500.0 5000.0
1512193729.52 2500.0 5000.0
1512193729.63 2500.0 5000.0
1512193729.72 2500.0 5000.0
1512193729.83 2500.0 5000.0
1512193729.92 2500.0 5000.0
1512193730.02 2500.0 5000.0
1512193730.12 2500.0 5000.0
1512193730.22 2500.0 5000.0
1512193730.33 2500.0 5000.0
1512193730.43 2500.0 5000.0
1512193730.52 2500.0 5000.0
1512193730.62 2500.0 5000.0
1512193730.73 2500.0 5000.0
1512193730.83 2500.0 5000.0
1512193730.93 2500.0 5000.0
1512193731.04 2500.0 5000.0
1512193731.13 2500.0 5000.0
1512193731.23 2500.0 5000.0
1512193731.33 2500.0 5000.0
1512193731.43 2500.0 5000.0
1512193731.54 2500.0 5000.0
1512193731.64 2500.0 5000.0
1512193731.74 2500.0 5000.0
1512193731.83 2500.0 5000.0
1512193731.93 2500.0 5000.0
1512193732.03 2500.0 5000.0
1512193732.13 2500.0 5000.0
1512193732.24 2500.0 5000.0
1512193732.33 2500.0 5000.0
1512193732.43 2500.0 5000.0
1512193732.53 2500.0 5000.0
1512193732.63 2500.0 5000.0
1512193732.72 2500.0 5000.0
1512193732.83 2500.0 5000.0
1512193732.93 2500.0 5000.0
1512193733.03 2500.0 5000.0
1512193733.12 2500.0 5000.0
1512193733.23 2500.0 5000.0
1512193733.32 2500.0 5000.0
1512193733.43 2500.0 5000.0
1512193733.54 2500.0 5000.0
1512193733.64 2500.0 5000.0
1512193733.74 2500.0 5000.0
1512193733.84 2500.0 5000.0
1512193733.93 2500.0 5000.0
1512193734.03 2500.0 5000.0
1512193734.13 2500.0 5000.0
1512193734.23 2500.0 5000.0
1512193734.34 2500.0 5000.0
1512193734.44 2500.0 5000.0
1512193734.54 2500.0 5000.0
1512193734.64 2500.0 5000.0
1512193734.74 2500.0 5000.0
1512193734.84 2500.0 5000.0
1512193734.94 2500.0 5000.0
1512193735.04 2500.0 5000.0
1512193735.15 2500.0 5000.0
1512193735.24 2500.0 5000.0
1512193735.34 2500.0 5000.0
1512193735.44 2500.0 5000.0
1512193735.55 2500.0 5000.0
1512193735.65 2500.0 5000.0
1512193735.75 2500.0 5000.0
1512193735.84 2500.0 5000.0
1512193735.94 2500.0 5000.0
1512193736.05 2500.0 5000.0
1512193736.15 2500.0 5000.0
1512193736.24 2500.0 5000.0
1512193736.35 2500.0 5000.0
1512193736.44 2500.0 5000.0
1512193736.55 2500.0 5000.0
1512193736.66 2500.0 5000.0
1512193736.75 2500.0 5000.0
1512193736.84 2500.0 5000.0
1512193736.95 2500.0 5000.0
1512193737.04 2500.0 5000.0
1512193737.15 2500.0 5000.0
1512193737.24 2500.0 5000.0
1512193737.34 2500.0 5000.0
1512193737.44 2500.0 5000.0
1512193737.54 2500.0 5000.0
1512193737.64 2500.0 5000.0
1512193737.75 2500.0 5000.0
1512193737.85 2500.0 5000.0
1512193737.95 2500.0 5000.0
1512193738.05 2500.0 5000.0
1512193738.15 2500.0 5000.0
1512193738.25 2500.0 5000.0
1512193738.35 2500.0 5000.0
1512193738.45 2500.0 5000.0
1512193738.54 2500.0 5000.0
1512193738.65 2500.0 5000.0
1512193738.75 2500.0 5000.0
1512193738.85 2500.0 5000.0
1512193738.95 2500.0 5000.0
1512193739.05 2500.0 5000.0
1512193739.15 2500.0 5000.0
1512193739.26 2500.0 5000.0
1512193739.36 2500.0 5000.0
1512193739.45 2500.0 5000.0
1512193739.55 2500.0 5000.0
1512193739.65 2500.0 5000.0
1512193739.75 2500.0 5000.0
1512193739.85 2500.0 5000.0
1512193739.94 2500.0 5000.0
1512193740.05 2500.0 5000.0
1512193740.15 2500.0 5000.0
1512193740.25 2500.0 5000.0
1512193740.36 2500.0 5000.0
1512193740.45 2500.0 5000.0
1512193740.55 2500.0 5000.0
1512193740.65 2500.0 5000.0
1512193740.76 2500.0 5000.0
1512193740.86 2500.0 5000.0
1512193740.96 2500.0 5000.0
1512193741.05 2500.0 5000.0
1512193741.15 2500.0 5000.0
1512193741.25 2500.0 5000.0
1512193741.36 2500.0 5000.0
1512193741.45 2500.0 5000.0
1512193741.56 2500.0 5000.0
1512193741.65 2500.0 5000.0
1512193741.76 2500.0 5000.0
1512193741.85 2500.0 5000.0
1512193741.95 2500.0 5000.0
1512193742.06 2500.0 5000.0
1512193742.15 2500.0 5000.0
1512193742.25 2500.0 5000.0
1512193742.36 2500.0 5000.0
1512193742.46 2500.0 5000.0
1512193742.56 2500.0 5000.0
1512193742.66 2500.0 5000.0
1512193742.76 2500.0 5000.0
1512193742.86 2500.0 5000.0
1512193742.95 2500.0 5000.0
1512193743.05 2500.0 5000.0
1512193743.15 2500.0 5000.0
1512193743.26 2500.0 5000.0
1512193743.36 2500.0 5000.0
1512193743.45 2500.0 5000.0
1512193743.55 2500.0 5000.0
1512193743.66 2500.0 5000.0
1512193743.76 2500.0 5000.0
1512193743.86 2500.0 5000.0
1512193743.96 2500.0 5000.0
1512193744.07 2500.0 5000.0
1512193744.15 2500.0 5000.0
1512193744.26 2500.0 5000.0
1512193744.36 2500.0 5000.0
1512193744.46 2500.0 5000.0
1512193744.56 2500.0 5000.0
1512193744.66 2500.0 5000.0
1512193744.76 2500.0 5000.0
1512193744.86 2500.0 5000.0
1512193744.96 2500.0 5000.0
1512193745.06 2500.0 5000.0
1512193745.16 2500.0 5000.0
1512193745.27 2500.0 5000.0
1512193745.36 2500.0 5000.0
1512193745.47 2500.0 5000.0
1512193745.57 2500.0 5000.0
1512193745.67 2500.0 5000.0
1512193745.77 2500.0 5000.0
1512193745.87 2500.0 5000.0
1512193745.97 2500.0 5000.0
1512193746.06 2500.0 5000.0
1512193746.17 2500.0 5000.0
1512193746.27 2500.0 5000.0
1512193746.38 2500.0 5000.0
1512193746.48 2500.0 5000.0
1512193746.57 2500.0 5000.0
1512193746.67 2500.0 5000.0
1512193746.77 2500.0 5000.0
1512193746.87 2500.0 5000.0
1512193746.97 2500.0 5000.0
1512193747.07 2500.0 5000.0
1512193747.16 2500.0 5000.0
1512193747.27 2500.0 5000.0
1512193747.37 2500.0 5000.0
1512193747.47 2500.0 5000.0
1512193747.57 2500.0 5000.0
1512193747.67 2500.0 5000.0
1512193747.77 2500.0 5000.0
1512193747.87 2500.0 5000.0
1512193747.97 2500.0 5000.0
1512193748.07 2500.0 5000.0
1512193748.17 2500.0 5000.0
1512193748.27 2500.0 5000.0
1512193748.37 2500.0 5000.0
1512193748.47 2500.0 5000.0
1512193748.57 2500.0 5000.0
1512193748.67 2500.0 5000.0
1512193748.78 2500.0 5000.0
1512193748.87 2500.0 5000.0
1512193748.98 2500.0 5000.0
1512193749.07 2500.0 5000.0
1512193749.17 2500.0 5000.0
1512193749.27 2500.0 5000.0
1512193749.37 2500.0 5000.0
1512193749.47 2500.0 5000.0
1512193749.58 2500.0 5000.0
1512193749.68 2500.0 5000.0
1512193749.77 2500.0 5000.0
1512193749.87 2500.0 5000.0
1512193749.98 2500.0 5000.0
1512193750.08 2500.0 5000.0
1512193750.18 2500.0 5000.0
1512193750.28 2500.0 5000.0
1512193750.38 2500.0 5000.0
1512193750.49 2500.0 5000.0
1512193750.58 2500.0 5000.0
1512193750.68 2500.0 5000.0
1512193750.78 2500.0 5000.0
1512193750.89 2500.0 5000.0
1512193750.98 2500.0 5000.0
1512193751.07 2500.0 5000.0
1512193751.18 2500.0 5000.0
1512193751.28 2500.0 5000.0
1512193751.38 2500.0 5000.0
1512193751.48 2500.0 5000.0
1512193751.58 2500.0 5000.0
1512193751.68 2500.0 5000.0
1512193751.79 2500.0 5000.0
1512193751.88 2500.0 5000.0
1512193751.98 2500.0 5000.0
1512193752.08 2500.0 5000.0
1512193752.18 2500.0 5000.0
1512193752.28 2500.0 5000.0
1512193752.39 2500.0 5000.0
1512193752.49 2500.0 5000.0
1512193752.59 2500.0 5000.0
1512193752.68 2500.0 5000.0
1512193752.78 2500.0 5000.0
1512193752.88 2500.0 5000.0
1512193752.98 2500.0 5000.0
1512193753.08 2500.0 5000.0
1512193753.19 2500.0 5000.0
1512193753.29 2500.0 5000.0
1512193753.38 2500.0 5000.0
1512193753.48 2500.0 5000.0
1512193753.58 2500.0 5000.0
1512193753.68 2500.0 5000.0
1512193753.79 2500.0 5000.0
1512193753.88 2500.0 5000.0
1512193753.99 2500.0 5000.0
1512193754.08 2500.0 5000.0
1512193754.19 2500.0 5000.0
1512193754.28 2500.0 5000.0
1512193754.39 2500.0 5000.0
1512193754.48 2500.0 5000.0
1512193754.58 2500.0 5000.0
1512193754.69 2500.0 5000.0
1512193754.79 2500.0 5000.0
1512193754.89 2500.0 5000.0
1512193754.99 2500.0 5000.0
1512193755.09 2500.0 5000.0
1512193755.18 2500.0 5000.0
1512193755.29 2500.0 5000.0
1512193755.39 2500.0 5000.0
1512193755.48 2500.0 5000.0
1512193755.59 2500.0 5000.0
1512193755.69 2500.0 5000.0
1512193755.78 2500.0 5000.0
1512193755.88 2500.0 5000.0
1512193755.99 2500.0 5000.0
1512193756.09 2500.0 5000.0
1512193756.19 2500.0 5000.0
1512193756.29 2500.0 5000.0
1512193756.39 2500.0 5000.0
1512193756.49 2500.0 5000.0
1512193756.59 2500.0 5000.0
1512193756.69 2500.0 5000.0
1512193756.79 2500.0 5000.0
1512193756.89 2500.0 5000.0
1512193756.99 2500.0 5000.0
1512193757.1 2500.0 5000.0
1512193757.19 2500.0 5000.0
1512193757.29 2500.0 5000.0
1512193757.4 2500.0 5000.0
1512193757.5 2500.0 5000.0
1512193757.6 2500.0 5000.0
1512193757.7 2500.0 5000.0
1512193757.79 2500.0 5000.0
1512193757.89 2500.0 5000.0
1512193757.99 2500.0 5000.0
1512193758.1 2500.0 5000.0
1512193758.2 2500.0 5000.0
1512193758.29 2500.0 5000.0
1512193758.4 2500.0 5000.0
1512193758.5 2500.0 5000.0
1512193758.59 2500.0 5000.0
1512193758.7 2500.0 5000.0
1512193758.79 2500.0 5000.0
1512193758.89 2500.0 5000.0
1512193758.99 2500.0 5000.0
1512193759.1 2500.0 5000.0
1512193759.2 2500.0 5000.0
1512193759.3 2500.0 5000.0
1512193759.4 2500.0 5000.0
1512193759.49 2500.0 5000.0
1512193759.6 2500.0 5000.0
1512193759.7 2500.0 5000.0
1512193759.79 2500.0 5000.0
1512193759.9 2500.0 5000.0
1512193760.0 2500.0 5000.0
1512193760.1 2500.0 5000.0
1512193760.2 2500.0 5000.0
1512193760.3 2500.0 5000.0
1512193760.4 2500.0 5000.0
1512193760.5 2500.0 5000.0
1512193760.6 2500.0 5000.0
1512193760.71 2500.0 5000.0
1512193760.8 2500.0 5000.0
1512193760.9 2500.0 5000.0
1512193761.0 2500.0 5000.0
1512193761.1 2500.0 5000.0
1512193761.2 2500.0 5000.0
1512193761.31 2500.0 5000.0
1512193761.4 2500.0 5000.0
1512193761.51 2500.0 5000.0
1512193761.6 2500.0 5000.0
1512193761.71 2500.0 5000.0
1512193761.81 2500.0 5000.0
1512193761.9 2500.0 5000.0
1512193762.0 2500.0 5000.0
1512193762.1 2500.0 5000.0
1512193762.21 2500.0 5000.0
1512193762.3 2500.0 5000.0
1512193762.41 2500.0 5000.0
1512193762.5 2500.0 5000.0
1512193762.61 2500.0 5000.0
1512193762.7 2500.0 5000.0
1512193762.8 2500.0 5000.0
1512193762.9 2500.0 5000.0
1512193763.0 2500.0 5000.0
1512193763.1 2500.0 5000.0
1512193763.2 2500.0 5000.0
1512193763.3 2500.0 5000.0
1512193763.41 2500.0 5000.0
1512193763.5 2500.0 5000.0
1512193763.61 2500.0 5000.0
1512193763.71 2500.0 5000.0
1512193763.81 2500.0 5000.0
1512193763.91 2500.0 5000.0
1512193764.02 2500.0 5000.0
1512193764.11 2500.0 5000.0
1512193764.21 2500.0 5000.0
1512193764.31 2500.0 5000.0
1512193764.41 2500.0 5000.0
1512193764.51 2500.0 5000.0
1512193764.61 2500.0 5000.0
1512193764.71 2500.0 5000.0
1512193764.81 2500.0 5000.0
1512193764.91 2500.0 5000.0
1512193765.01 2500.0 5000.0
1512193765.11 2500.0 5000.0
1512193765.22 2500.0 5000.0
1512193765.31 2500.0 5000.0
1512193765.42 2500.0 5000.0
1512193765.51 2500.0 5000.0
1512193765.62 2500.0 5000.0
1512193765.71 2500.0 5000.0
1512193765.81 2500.0 5000.0
1512193765.92 2500.0 5000.0
1512193766.01 2500.0 5000.0
1512193766.11 2500.0 5000.0
1512193766.21 2500.0 5000.0
1512193766.32 2500.0 5000.0
1512193766.42 2500.0 5000.0
1512193766.51 2500.0 5000.0
1512193766.61 2500.0 5000.0
1512193766.72 2500.0 5000.0
1512193766.81 2500.0 5000.0
1512193766.92 2500.0 5000.0
1512193767.01 2500.0 5000.0
1512193767.12 2500.0 5000.0
1512193767.22 2500.0 5000.0
1512193767.32 2500.0 5000.0
1512193767.42 2500.0 5000.0
1512193767.51 2500.0 5000.0
1512193767.62 2500.0 5000.0
1512193767.73 2500.0 5000.0
1512193767.82 2500.0 5000.0
1512193767.92 2500.0 5000.0
1512193768.02 2500.0 5000.0
1512193768.12 2500.0 5000.0
1512193768.22 2500.0 5000.0
1512193768.32 2500.0 5000.0
1512193768.42 2500.0 5000.0
1512193768.52 2500.0 5000.0
1512193768.63 2500.0 5000.0
1512193768.72 2500.0 5000.0
1512193768.82 2500.0 5000.0
1512193768.92 2500.0 5000.0
1512193769.02 2500.0 5000.0
1512193769.12 2500.0 5000.0
1512193769.22 2500.0 5000.0
1512193769.31 2500.0 5000.0
1512193769.42 2500.0 5000.0
1512193769.52 2500.0 5000.0
1512193769.62 2500.0 5000.0
1512193769.72 2500.0 5000.0
1512193769.82 2500.0 5000.0
1512193769.92 2500.0 5000.0
1512193770.02 2500.0 5000.0
1512193770.12 2500.0 5000.0
1512193770.22 2500.0 5000.0
1512193770.33 2500.0 5000.0
1512193770.43 2500.0 5000.0
1512193770.52 2500.0 5000.0
1512193770.62 2500.0 5000.0
1512193770.73 2500.0 5000.0
1512193770.82 2500.0 5000.0
1512193770.92 2500.0 5000.0
1512193771.03 2500.0 5000.0
1512193771.13 2500.0 5000.0
1512193771.23 2500.0 5000.0
1512193771.32 2500.0 5000.0
1512193771.42 2500.0 5000.0
1512193771.53 2500.0 5000.0
1512193771.63 2500.0 5000.0
1512193771.73 2500.0 5000.0
1512193771.83 2500.0 5000.0
1512193771.92 2500.0 5000.0
1512193772.03 2500.0 5000.0
1512193772.13 2500.0 5000.0
1512193772.23 2500.0 5000.0
1512193772.32 2500.0 5000.0
1512193772.42 2500.0 5000.0
1512193772.52 2500.0 5000.0
1512193772.63 2500.0 5000.0
1512193772.73 2500.0 5000.0
1512193772.82 2500.0 5000.0
1512193772.93 2500.0 5000.0
1512193773.03 2500.0 5000.0
1512193773.13 2500.0 5000.0
1512193773.23 2500.0 5000.0
1512193773.33 2500.0 5000.0
1512193773.42 2500.0 5000.0
1512193773.53 2500.0 5000.0
1512193773.63 2500.0 5000.0
1512193773.73 2500.0 5000.0
1512193773.83 2500.0 5000.0
1512193773.93 2500.0 5000.0
1512193774.03 2500.0 5000.0
1512193774.13 2500.0 5000.0
1512193774.23 2500.0 5000.0
1512193774.34 2500.0 5000.0
1512193774.43 2500.0 5000.0
1512193774.53 2500.0 5000.0
1512193774.64 2500.0 5000.0
1512193774.73 2500.0 5000.0
1512193774.83 2500.0 5000.0
1512193774.92 2500.0 5000.0
1512193775.03 2500.0 5000.0
1512193775.13 2500.0 5000.0
1512193775.22 2500.0 5000.0
1512193775.34 2500.0 5000.0
1512193775.43 2500.0 5000.0
1512193775.53 2500.0 5000.0
1512193775.63 2500.0 5000.0
1512193775.73 2500.0 5000.0
1512193775.83 2500.0 5000.0
1512193775.93 2500.0 5000.0
1512193776.03 2500.0 5000.0
1512193776.13 2500.0 5000.0
1512193776.23 2500.0 5000.0
1512193776.33 2500.0 5000.0
1512193776.42 2500.0 5000.0
1512193776.53 2500.0 5000.0
1512193776.63 2500.0 5000.0
1512193776.73 2500.0 5000.0
1512193776.83 2500.0 5000.0
1512193776.92 2500.0 5000.0
1512193777.03 2500.0 5000.0
1512193777.12 2500.0 5000.0
1512193777.23 2500.0 5000.0
1512193777.33 2500.0 5000.0
1512193777.43 2500.0 5000.0
1512193777.53 2500.0 5000.0
1512193777.63 2500.0 5000.0
1512193777.73 2500.0 5000.0
1512193777.83 2500.0 5000.0
1512193777.94 2500.0 5000.0
1512193778.04 2500.0 5000.0
1512193778.14 2500.0 5000.0
1512193778.24 2500.0 5000.0
1512193778.33 2500.0 5000.0
1512193778.43 2500.0 5000.0
1512193778.53 2500.0 5000.0
1512193778.62 2500.0 5000.0
1512193778.73 2500.0 5000.0
1512193778.82 2500.0 5000.0
1512193778.92 2500.0 5000.0
1512193779.02 2500.0 5000.0
1512193779.12 2500.0 5000.0
1512193779.23 2500.0 5000.0
1512193779.32 2500.0 5000.0
1512193779.42 2500.0 5000.0
1512193779.52 2500.0 5000.0
1512193779.62 2500.0 5000.0
1512193779.72 2500.0 5000.0
1512193779.84 2500.0 5000.0
1512193779.92 2500.0 5000.0
1512193780.03 2500.0 5000.0
1512193780.13 2500.0 5000.0
1512193780.23 2500.0 5000.0
1512193780.32 2500.0 5000.0
1512193780.42 2500.0 5000.0
1512193780.52 2500.0 5000.0
1512193780.62 2500.0 5000.0
1512193780.73 2500.0 5000.0
1512193780.82 2500.0 5000.0
1512193780.92 2500.0 5000.0
1512193781.02 2500.0 5000.0
1512193781.12 2500.0 5000.0
1512193781.23 2500.0 5000.0
1512193781.32 2500.0 5000.0
1512193781.43 2500.0 5000.0
1512193781.53 2500.0 5000.0
1512193781.62 2500.0 5000.0
1512193781.77 2500.0 5000.0
1512193781.82 2500.0 5000.0
1512193781.92 2500.0 5000.0
1512193782.11 2500.0 5000.0
1512193782.17 2500.0 5000.0
1512193782.29 2500.0 5000.0
1512193782.36 2500.0 5000.0
1512193782.46 2500.0 5000.0
1512193782.56 2500.0 5000.0
1512193782.66 2500.0 5000.0
1512193782.82 2500.0 5000.0
1512193782.88 2500.0 5000.0
1512193782.97 2500.0 5000.0
1512193783.08 2500.0 5000.0
1512193783.18 2500.0 5000.0
1512193783.36 2500.0 5000.0
1512193783.42 2500.0 5000.0
1512193783.52 2500.0 5000.0
1512193783.61 2500.0 5000.0
1512193783.72 2500.0 5000.0
1512193783.82 2500.0 5000.0
1512193783.92 2500.0 5000.0
1512193784.01 2500.0 5000.0
1512193784.12 2500.0 5000.0
1512193784.22 2500.0 5000.0
1512193784.32 2500.0 5000.0
1512193784.43 2500.0 5000.0
1512193784.52 2500.0 5000.0
1512193784.63 2500.0 5000.0
1512193784.73 2500.0 5000.0
1512193784.83 2500.0 5000.0
1512193785.0 2500.0 5000.0
1512193785.06 2500.0 5000.0
1512193785.15 2500.0 5000.0
1512193785.26 2500.0 5000.0
1512193785.35 2500.0 5000.0
1512193785.46 2500.0 5000.0
1512193785.56 2500.0 5000.0
1512193785.66 2500.0 5000.0
1512193785.77 2500.0 5000.0
1512193785.86 2500.0 5000.0
1512193785.96 2500.0 5000.0
1512193786.06 2500.0 5000.0
1512193786.17 2500.0 5000.0
1512193786.26 2500.0 5000.0
1512193786.36 2500.0 5000.0
1512193786.46 2500.0 5000.0
1512193786.56 2500.0 5000.0
1512193786.65 2500.0 5000.0
1512193786.75 2500.0 5000.0
1512193786.85 2500.0 5000.0
1512193787.02 2500.0 5000.0
1512193787.07 2500.0 5000.0
1512193787.17 2500.0 5000.0
1512193787.27 2500.0 5000.0
1512193787.46 2500.0 5000.0
1512193787.53 2500.0 5000.0
1512193787.62 2500.0 5000.0
1512193787.72 2500.0 5000.0
1512193787.82 2500.0 5000.0
1512193787.91 2500.0 5000.0
1512193788.01 2500.0 5000.0
1512193788.11 2500.0 5000.0
1512193788.21 2500.0 5000.0
1512193788.32 2500.0 5000.0
1512193788.41 2500.0 5000.0
1512193788.51 2500.0 5000.0
1512193788.62 2500.0 5000.0
1512193788.73 2500.0 5000.0
1512193788.81 2500.0 5000.0
1512193788.92 2500.0 5000.0
1512193789.02 2500.0 5000.0
1512193789.12 2500.0 5000.0
1512193789.27 2500.0 5000.0
1512193789.33 2500.0 5000.0
1512193789.43 2500.0 5000.0
1512193789.53 2500.0 5000.0
1512193789.63 2500.0 5000.0
1512193789.72 2500.0 5000.0
1512193789.83 2500.0 5000.0
1512193789.92 2500.0 5000.0
1512193790.03 2500.0 5000.0
1512193790.13 2500.0 5000.0
1512193790.23 2500.0 5000.0
1512193790.33 2500.0 5000.0
1512193790.43 2500.0 5000.0
1512193790.6 2500.0 5000.0
1512193790.66 2500.0 5000.0
1512193790.75 2500.0 5000.0
1512193790.87 2500.0 5000.0
1512193790.97 2500.0 5000.0
1512193791.07 2500.0 5000.0
1512193791.17 2500.0 5000.0
1512193791.27 2500.0 5000.0
1512193791.37 2500.0 5000.0
1512193791.48 2500.0 5000.0
1512193791.57 2500.0 5000.0
1512193791.66 2500.0 5000.0
1512193791.76 2500.0 5000.0
1512193791.87 2500.0 5000.0
1512193791.96 2500.0 5000.0
1512193792.14 2500.0 5000.0
1512193792.21 2500.0 5000.0
1512193792.31 2500.0 5000.0
1512193792.48 2500.0 5000.0
1512193792.54 2500.0 5000.0
1512193792.64 2500.0 5000.0
1512193792.8 2500.0 5000.0
1512193792.87 2500.0 5000.0
1512193792.96 2500.0 5000.0
1512193793.07 2500.0 5000.0
1512193793.17 2500.0 5000.0
1512193793.26 2500.0 5000.0
1512193793.35 2500.0 5000.0
1512193793.46 2500.0 5000.0
1512193793.56 2500.0 5000.0
1512193793.68 2500.0 5000.0
1512193793.78 2500.0 5000.0
1512193793.87 2500.0 5000.0
1512193793.96 2500.0 5000.0
1512193794.06 2500.0 5000.0
1512193794.15 2500.0 5000.0
1512193794.26 2500.0 5000.0
1512193794.37 2500.0 5000.0
1512193794.47 2500.0 5000.0
1512193794.57 2500.0 5000.0
1512193794.67 2500.0 5000.0
1512193794.77 2500.0 5000.0
1512193794.87 2500.0 5000.0
1512193794.97 2500.0 5000.0
1512193795.06 2500.0 5000.0
1512193795.17 2500.0 5000.0
1512193795.26 2500.0 5000.0
1512193795.36 2500.0 5000.0
1512193795.47 2500.0 5000.0
1512193795.65 2500.0 5000.0
1512193795.71 2500.0 5000.0
1512193795.81 2500.0 5000.0
1512193795.91 2500.0 5000.0
1512193796.01 2500.0 5000.0
1512193796.11 2500.0 5000.0
1512193796.21 2500.0 5000.0
1512193796.31 2500.0 5000.0
1512193796.4 2500.0 5000.0
1512193796.51 2500.0 5000.0
1512193796.61 2500.0 5000.0
1512193796.71 2500.0 5000.0
1512193796.89 2500.0 5000.0
1512193796.95 2500.0 5000.0
1512193797.11 2500.0 5000.0
1512193797.18 2500.0 5000.0
1512193797.28 2500.0 5000.0
1512193797.39 2500.0 5000.0
1512193797.49 2500.0 5000.0
1512193797.59 2500.0 5000.0
1512193797.69 2500.0 5000.0
1512193797.79 2500.0 5000.0
1512193797.9 2500.0 5000.0
1512193798.0 2500.0 5000.0
1512193798.09 2500.0 5000.0
1512193798.19 2500.0 5000.0
1512193798.3 2500.0 5000.0
1512193798.39 2500.0 5000.0
1512193798.48 2500.0 5000.0
1512193798.58 2500.0 5000.0
1512193798.68 2500.0 5000.0
1512193798.77 2500.0 5000.0
1512193798.87 2500.0 5000.0
1512193799.02 2500.0 5000.0
1512193799.09 2500.0 5000.0
1512193799.18 2500.0 5000.0
1512193799.28 2500.0 5000.0
1512193799.38 2500.0 5000.0
1512193799.48 2500.0 5000.0
1512193799.59 2500.0 5000.0
1512193799.7 2500.0 5000.0
1512193799.79 2500.0 5000.0
1512193799.89 2500.0 5000.0
1512193800.0 2500.0 5000.0
1512193800.09 2500.0 5000.0
1512193800.19 2500.0 5000.0
1512193800.29 2500.0 5000.0
1512193800.43 2500.0 5000.0
1512193800.49 2500.0 5000.0
1512193800.59 2500.0 5000.0
1512193800.69 2500.0 5000.0
1512193800.79 2500.0 5000.0
1512193800.9 2500.0 5000.0
1512193800.99 2500.0 5000.0
1512193801.09 2500.0 5000.0
1512193801.19 2500.0 5000.0
1512193801.35 2500.0 5000.0
1512193801.42 2500.0 5000.0
1512193801.58 2500.0 5000.0
1512193801.64 2500.0 5000.0
1512193801.74 2500.0 5000.0
1512193801.83 2500.0 5000.0
1512193801.93 2500.0 5000.0
1512193802.04 2500.0 5000.0
1512193802.14 2500.0 5000.0
1512193802.24 2500.0 5000.0
1512193802.43 2500.0 5000.0
1512193802.49 2500.0 5000.0
1512193802.59 2500.0 5000.0
1512193802.69 2500.0 5000.0
1512193802.79 2500.0 5000.0
1512193802.91 2500.0 5000.0
1512193803.01 2500.0 5000.0
1512193803.11 2500.0 5000.0
1512193803.21 2500.0 5000.0
1512193803.31 2500.0 5000.0
1512193803.4 2500.0 5000.0
1512193803.57 2500.0 5000.0
1512193803.63 2500.0 5000.0
1512193803.73 2500.0 5000.0
1512193803.9 2500.0 5000.0
1512193803.97 2500.0 5000.0
1512193804.14 2500.0 5000.0
1512193804.2 2500.0 5000.0
1512193804.3 2500.0 5000.0
1512193804.41 2500.0 5000.0
1512193804.51 2500.0 5000.0
1512193804.6 2500.0 5000.0
1512193804.71 2500.0 5000.0
1512193804.8 2500.0 5000.0
1512193804.91 2500.0 5000.0
1512193805.0 2500.0 5000.0
1512193805.1 2500.0 5000.0
1512193805.2 2500.0 5000.0
1512193805.3 2500.0 5000.0
1512193805.4 2500.0 5000.0
1512193805.51 2500.0 5000.0
1512193805.61 2500.0 5000.0
1512193805.7 2500.0 5000.0
1512193805.81 2500.0 5000.0
1512193805.91 2500.0 5000.0
1512193806.01 2500.0 5000.0
1512193806.11 2500.0 5000.0
1512193806.21 2500.0 5000.0
1512193806.31 2500.0 5000.0
1512193806.41 2500.0 5000.0
1512193806.51 2500.0 5000.0
1512193806.61 2500.0 5000.0
1512193806.71 2500.0 5000.0
1512193806.82 2500.0 5000.0
1512193806.91 2500.0 5000.0
1512193807.01 2500.0 5000.0
1512193807.11 2500.0 5000.0
1512193807.22 2500.0 5000.0
1512193807.32 2500.0 5000.0
1512193807.41 2500.0 5000.0
1512193807.51 2500.0 5000.0
1512193807.61 2500.0 5000.0
1512193807.7 2500.0 5000.0
1512193807.8 2500.0 5000.0
1512193807.9 2500.0 5000.0
1512193808.01 2500.0 5000.0
1512193808.11 2500.0 5000.0
1512193808.21 2500.0 5000.0
1512193808.32 2500.0 5000.0
1512193808.42 2500.0 5000.0
1512193808.51 2500.0 5000.0
1512193808.62 2500.0 5000.0
1512193808.71 2500.0 5000.0
1512193808.82 2500.0 5000.0
1512193808.91 2500.0 5000.0
1512193809.02 2500.0 5000.0
1512193809.12 2500.0 5000.0
1512193809.21 2500.0 5000.0
1512193809.31 2500.0 5000.0
1512193809.4 2500.0 5000.0
1512193809.52 2500.0 5000.0
1512193809.63 2500.0 5000.0
1512193809.73 2500.0 5000.0
1512193809.82 2500.0 5000.0
1512193809.91 2500.0 5000.0
1512193810.01 2500.0 5000.0
1512193810.11 2500.0 5000.0
1512193810.22 2500.0 5000.0
1512193810.33 2500.0 5000.0
1512193810.42 2500.0 5000.0
1512193810.52 2500.0 5000.0
1512193810.62 2500.0 5000.0
1512193810.71 2500.0 5000.0
1512193810.82 2500.0 5000.0
1512193810.92 2500.0 5000.0
1512193811.02 2500.0 5000.0
1512193811.12 2500.0 5000.0
1512193811.22 2500.0 5000.0
1512193811.31 2500.0 5000.0
1512193811.41 2500.0 5000.0
1512193811.52 2500.0 5000.0
1512193811.62 2500.0 5000.0
1512193811.72 2500.0 5000.0
1512193811.81 2500.0 5000.0
1512193811.91 2500.0 5000.0
1512193812.02 2500.0 5000.0
1512193812.13 2500.0 5000.0
1512193812.21 2500.0 5000.0
1512193812.32 2500.0 5000.0
1512193812.43 2500.0 5000.0
1512193812.53 2500.0 5000.0
1512193812.62 2500.0 5000.0
1512193812.72 2500.0 5000.0
1512193812.82 2500.0 5000.0
1512193812.92 2500.0 5000.0
1512193813.02 2500.0 5000.0
1512193813.11 2500.0 5000.0
1512193813.21 2500.0 5000.0
1512193813.32 2500.0 5000.0
1512193813.42 2500.0 5000.0
1512193813.51 2500.0 5000.0
1512193813.62 2500.0 5000.0
1512193813.72 2500.0 5000.0
1512193813.82 2500.0 5000.0
1512193813.93 2500.0 5000.0
1512193814.03 2500.0 5000.0
1512193814.12 2500.0 5000.0
1512193814.22 2500.0 5000.0
1512193814.33 2500.0 5000.0
1512193814.43 2500.0 5000.0
1512193814.53 2500.0 5000.0
1512193814.63 2500.0 5000.0
1512193814.73 2500.0 5000.0
1512193814.83 2500.0 5000.0
1512193814.93 2500.0 5000.0
1512193815.04 2500.0 5000.0
1512193815.14 2500.0 5000.0
1512193815.24 2500.0 5000.0
1512193815.33 2500.0 5000.0
1512193815.44 2500.0 5000.0
1512193815.54 2500.0 5000.0
1512193815.64 2500.0 5000.0
1512193815.73 2500.0 5000.0
1512193815.84 2500.0 5000.0
1512193815.93 2500.0 5000.0
1512193816.03 2500.0 5000.0
1512193816.14 2500.0 5000.0
1512193816.24 2500.0 5000.0
1512193816.33 2500.0 5000.0
1512193816.44 2500.0 5000.0
1512193816.54 2500.0 5000.0
1512193816.64 2500.0 5000.0
1512193816.73 2500.0 5000.0
1512193816.93 2500.0 5000.0
1512193816.99 2500.0 5000.0
1512193817.09 2500.0 5000.0
1512193817.2 2500.0 5000.0
1512193817.3 2500.0 5000.0
1512193817.39 2500.0 5000.0
1512193817.55 2500.0 5000.0
1512193817.6 2500.0 5000.0
1512193817.71 2500.0 5000.0
1512193817.81 2500.0 5000.0
1512193817.91 2500.0 5000.0
1512193818.0 2500.0 5000.0
1512193818.11 2500.0 5000.0
1512193818.2 2500.0 5000.0
1512193818.31 2500.0 5000.0
1512193818.4 2500.0 5000.0
1512193818.57 2500.0 5000.0
1512193818.62 2500.0 5000.0
1512193818.72 2500.0 5000.0
1512193818.82 2500.0 5000.0
1512193818.92 2500.0 5000.0
1512193819.02 2500.0 5000.0
1512193819.21 2500.0 5000.0
1512193819.28 2500.0 5000.0
1512193819.36 2500.0 5000.0
1512193819.46 2500.0 5000.0
1512193819.57 2500.0 5000.0
1512193819.67 2500.0 5000.0
1512193819.76 2500.0 5000.0
1512193819.86 2500.0 5000.0
1512193819.96 2500.0 5000.0
1512193820.06 2500.0 5000.0
1512193820.16 2500.0 5000.0
1512193820.26 2500.0 5000.0
1512193820.36 2500.0 5000.0
1512193820.47 2500.0 5000.0
1512193820.57 2500.0 5000.0
1512193820.67 2500.0 5000.0
1512193820.76 2500.0 5000.0
1512193820.86 2500.0 5000.0
1512193820.96 2500.0 5000.0
1512193821.06 2500.0 5000.0
1512193821.16 2500.0 5000.0
1512193821.31 2500.0 5000.0
1512193821.37 2500.0 5000.0
1512193821.54 2500.0 5000.0
1512193821.61 2500.0 5000.0
1512193821.7 2500.0 5000.0
1512193821.8 2500.0 5000.0
1512193821.95 2500.0 5000.0
1512193822.02 2500.0 5000.0
1512193822.11 2500.0 5000.0
1512193822.2 2500.0 5000.0
1512193822.3 2500.0 5000.0
1512193822.44 2500.0 5000.0
1512193822.52 2500.0 5000.0
1512193822.61 2500.0 5000.0
1512193822.77 2500.0 5000.0
1512193822.83 2500.0 5000.0
1512193822.97 2500.0 5000.0
1512193823.03 2500.0 5000.0
1512193823.12 2500.0 5000.0
1512193823.23 2500.0 5000.0
1512193823.32 2500.0 5000.0
1512193823.42 2500.0 5000.0
1512193823.6 2500.0 5000.0
1512193823.66 2500.0 5000.0
1512193823.76 2500.0 5000.0
1512193823.86 2500.0 5000.0
1512193823.95 2500.0 5000.0
1512193824.07 2500.0 5000.0
1512193824.18 2500.0 5000.0
1512193824.27 2500.0 5000.0
1512193824.36 2500.0 5000.0
1512193824.46 2500.0 5000.0
1512193824.56 2500.0 5000.0
1512193824.66 2500.0 5000.0
1512193824.77 2500.0 5000.0
1512193824.94 2500.0 5000.0
1512193825.0 2500.0 5000.0
1512193825.1 2500.0 5000.0
1512193825.2 2500.0 5000.0
1512193825.29 2500.0 5000.0
1512193825.39 2500.0 5000.0
1512193825.5 2500.0 5000.0
1512193825.6 2500.0 5000.0
1512193825.71 2500.0 5000.0
1512193825.8 2500.0 5000.0
1512193825.9 2500.0 5000.0
1512193826.07 2500.0 5000.0
1512193826.13 2500.0 5000.0
1512193826.21 2500.0 5000.0
1512193826.39 2500.0 5000.0
1512193826.44 2500.0 5000.0
1512193826.54 2500.0 5000.0
1512193826.64 2500.0 5000.0
1512193826.74 2500.0 5000.0
1512193826.84 2500.0 5000.0
1512193826.94 2500.0 5000.0
1512193827.05 2500.0 5000.0
1512193827.14 2500.0 5000.0
1512193827.24 2500.0 5000.0
1512193827.33 2500.0 5000.0
1512193827.43 2500.0 5000.0
1512193827.54 2500.0 5000.0
1512193827.67 2500.0 5000.0
1512193827.74 2500.0 5000.0
1512193827.84 2500.0 5000.0
1512193827.94 2500.0 5000.0
1512193828.14 2500.0 5000.0
1512193828.21 2500.0 5000.0
1512193828.3 2500.0 5000.0
1512193828.48 2500.0 5000.0
1512193828.54 2500.0 5000.0
1512193828.63 2500.0 5000.0
1512193828.73 2500.0 5000.0
1512193828.83 2500.0 5000.0
1512193828.94 2500.0 5000.0
1512193829.05 2500.0 5000.0
1512193829.14 2500.0 5000.0
1512193829.24 2500.0 5000.0
1512193829.34 2500.0 5000.0
1512193829.44 2500.0 5000.0
1512193829.53 2500.0 5000.0
1512193829.64 2500.0 5000.0
1512193829.75 2500.0 5000.0
1512193829.84 2500.0 5000.0
1512193830.0 2500.0 5000.0
1512193830.07 2500.0 5000.0
1512193830.16 2500.0 5000.0
1512193830.34 2500.0 5000.0
1512193830.41 2500.0 5000.0
1512193830.5 2500.0 5000.0
1512193830.6 2500.0 5000.0
1512193830.7 2500.0 5000.0
1512193830.8 2500.0 5000.0
1512193830.9 2500.0 5000.0
1512193831.09 2500.0 5000.0
1512193831.16 2500.0 5000.0
1512193831.25 2500.0 5000.0
1512193831.35 2500.0 5000.0
1512193831.45 2500.0 5000.0
1512193831.61 2500.0 5000.0
1512193831.68 2500.0 5000.0
1512193831.76 2500.0 5000.0
1512193831.88 2500.0 5000.0
1512193831.98 2500.0 5000.0
1512193832.08 2500.0 5000.0
1512193832.17 2500.0 5000.0
1512193832.27 2500.0 5000.0
1512193832.37 2500.0 5000.0
1512193832.47 2500.0 5000.0
1512193832.57 2500.0 5000.0
1512193832.67 2500.0 5000.0
1512193832.76 2500.0 5000.0
1512193832.87 2500.0 5000.0
1512193832.97 2500.0 5000.0
1512193833.07 2500.0 5000.0
1512193833.17 2500.0 5000.0
1512193833.28 2500.0 5000.0
1512193833.46 2500.0 5000.0
1512193833.52 2500.0 5000.0
1512193833.62 2500.0 5000.0
1512193833.71 2500.0 5000.0
1512193833.81 2500.0 5000.0
1512193833.92 2500.0 5000.0
1512193834.01 2500.0 5000.0
1512193834.12 2500.0 5000.0
1512193834.22 2500.0 5000.0
1512193834.33 2500.0 5000.0
1512193834.43 2500.0 5000.0
1512193834.52 2500.0 5000.0
1512193834.62 2500.0 5000.0
1512193834.72 2500.0 5000.0
1512193834.82 2500.0 5000.0
1512193834.93 2500.0 5000.0
1512193835.03 2500.0 5000.0
1512193835.2 2500.0 5000.0
1512193835.26 2500.0 5000.0
1512193835.35 2500.0 5000.0
1512193835.46 2500.0 5000.0
1512193835.56 2500.0 5000.0
1512193835.66 2500.0 5000.0
1512193835.76 2500.0 5000.0
1512193835.87 2500.0 5000.0
1512193835.97 2500.0 5000.0
1512193836.05 2500.0 5000.0
1512193836.15 2500.0 5000.0
1512193836.25 2500.0 5000.0
1512193836.36 2500.0 5000.0
1512193836.46 2500.0 5000.0
1512193836.56 2500.0 5000.0
1512193836.74 2500.0 5000.0
1512193836.8 2500.0 5000.0
1512193836.9 2500.0 5000.0
1512193837.0 2500.0 5000.0
1512193837.1 2500.0 5000.0
1512193837.2 2500.0 5000.0
1512193837.31 2500.0 5000.0
1512193837.4 2500.0 5000.0
1512193837.5 2500.0 5000.0
1512193837.6 2500.0 5000.0
1512193837.7 2500.0 5000.0
1512193837.88 2500.0 5000.0
1512193837.94 2500.0 5000.0
1512193838.04 2500.0 5000.0
1512193838.15 2500.0 5000.0
1512193838.25 2500.0 5000.0
1512193838.34 2500.0 5000.0
1512193838.44 2500.0 5000.0
1512193838.54 2500.0 5000.0
1512193838.64 2500.0 5000.0
1512193838.74 2500.0 5000.0
1512193838.84 2500.0 5000.0
1512193838.94 2500.0 5000.0
1512193839.03 2500.0 5000.0
1512193839.13 2500.0 5000.0
1512193839.23 2500.0 5000.0
1512193839.34 2500.0 5000.0
1512193839.45 2500.0 5000.0
1512193839.53 2500.0 5000.0
1512193839.63 2500.0 5000.0
1512193839.73 2500.0 5000.0
1512193839.84 2500.0 5000.0
1512193839.94 2500.0 5000.0
1512193840.04 2500.0 5000.0
1512193840.14 2500.0 5000.0
1512193840.24 2500.0 5000.0
1512193840.33 2500.0 5000.0
1512193840.43 2500.0 5000.0
1512193840.53 2500.0 5000.0
1512193840.65 2500.0 5000.0
1512193840.74 2500.0 5000.0
1512193840.84 2500.0 5000.0
1512193840.94 2500.0 5000.0
1512193841.03 2500.0 5000.0
1512193841.14 2500.0 5000.0
1512193841.24 2500.0 5000.0
1512193841.34 2500.0 5000.0
1512193841.44 2500.0 5000.0
1512193841.53 2500.0 5000.0
1512193841.64 2500.0 5000.0
1512193841.74 2500.0 5000.0
1512193841.83 2500.0 5000.0
1512193841.94 2500.0 5000.0
1512193842.04 2500.0 5000.0
1512193842.14 2500.0 5000.0
1512193842.25 2500.0 5000.0
1512193842.34 2500.0 5000.0
1512193842.45 2500.0 5000.0
1512193842.56 2500.0 5000.0
1512193842.65 2500.0 5000.0
1512193842.75 2500.0 5000.0
1512193842.89 2500.0 5000.0
1512193842.96 2500.0 5000.0
1512193843.04 2500.0 5000.0
1512193843.14 2500.0 5000.0
1512193843.24 2500.0 5000.0
1512193843.34 2500.0 5000.0
1512193843.43 2500.0 5000.0
1512193843.54 2500.0 5000.0
1512193843.63 2500.0 5000.0
1512193843.74 2500.0 5000.0
1512193843.84 2500.0 5000.0
1512193843.94 2500.0 5000.0
1512193844.04 2500.0 5000.0
1512193844.15 2500.0 5000.0
1512193844.25 2500.0 5000.0
1512193844.34 2500.0 5000.0
1512193844.44 2500.0 5000.0
1512193844.55 2500.0 5000.0
1512193844.64 2500.0 5000.0
1512193844.74 2500.0 5000.0
1512193844.84 2500.0 5000.0
1512193844.94 2500.0 5000.0
1512193845.04 2500.0 5000.0
1512193845.14 2500.0 5000.0
1512193845.24 2500.0 5000.0
1512193845.33 2500.0 5000.0
1512193845.43 2500.0 5000.0
1512193845.53 2500.0 5000.0
1512193845.63 2500.0 5000.0
1512193845.73 2500.0 5000.0
1512193845.85 2500.0 5000.0
1512193845.96 2500.0 5000.0
1512193846.04 2500.0 5000.0
1512193846.14 2500.0 5000.0
1512193846.24 2500.0 5000.0
1512193846.34 2500.0 5000.0
1512193846.45 2500.0 5000.0
1512193846.54 2500.0 5000.0
1512193846.64 2500.0 5000.0
1512193846.74 2500.0 5000.0
1512193846.84 2500.0 5000.0
1512193846.94 2500.0 5000.0
1512193847.04 2500.0 5000.0
1512193847.14 2500.0 5000.0
1512193847.24 2500.0 5000.0
1512193847.34 2500.0 5000.0
1512193847.44 2500.0 5000.0
1512193847.55 2500.0 5000.0
1512193847.64 2500.0 5000.0
1512193847.74 2500.0 5000.0
1512193847.84 2500.0 5000.0
1512193847.94 2500.0 5000.0
1512193848.04 2500.0 5000.0
1512193848.14 2500.0 5000.0
1512193848.24 2500.0 5000.0
1512193848.34 2500.0 5000.0
1512193848.44 2500.0 5000.0
1512193848.54 2500.0 5000.0
1512193848.64 2500.0 5000.0
1512193848.74 2500.0 5000.0
1512193848.84 2500.0 5000.0
1512193848.94 2500.0 5000.0
1512193849.04 2500.0 5000.0
1512193849.16 2500.0 5000.0
1512193849.24 2500.0 5000.0
1512193849.34 2500.0 5000.0
1512193849.44 2500.0 5000.0
1512193849.57 2500.0 5000.0
1512193849.64 2500.0 5000.0
1512193849.75 2500.0 5000.0
1512193849.85 2500.0 5000.0
1512193849.95 2500.0 5000.0
1512193850.04 2500.0 5000.0
1512193850.14 2500.0 5000.0
1512193850.24 2500.0 5000.0
1512193850.34 2500.0 5000.0
1512193850.45 2500.0 5000.0
1512193850.55 2500.0 5000.0
1512193850.64 2500.0 5000.0
1512193850.75 2500.0 5000.0
1512193850.85 2500.0 5000.0
1512193850.95 2500.0 5000.0
1512193851.04 2500.0 5000.0
1512193851.15 2500.0 5000.0
1512193851.25 2500.0 5000.0
1512193851.34 2500.0 5000.0
1512193851.44 2500.0 5000.0
1512193851.55 2500.0 5000.0
1512193851.65 2500.0 5000.0
1512193851.75 2500.0 5000.0
1512193851.85 2500.0 5000.0
1512193851.95 2500.0 5000.0
1512193852.05 2500.0 5000.0
1512193852.15 2500.0 5000.0
1512193852.25 2500.0 5000.0
1512193852.35 2500.0 5000.0
1512193852.45 2500.0 5000.0
1512193852.55 2500.0 5000.0
1512193852.65 2500.0 5000.0
1512193852.75 2500.0 5000.0
1512193852.85 2500.0 5000.0
1512193852.95 2500.0 5000.0
1512193853.05 2500.0 5000.0
1512193853.16 2500.0 5000.0
1512193853.26 2500.0 5000.0
1512193853.35 2500.0 5000.0
1512193853.45 2500.0 5000.0
1512193853.56 2500.0 5000.0
1512193853.66 2500.0 5000.0
1512193853.75 2500.0 5000.0
1512193853.85 2500.0 5000.0
1512193853.95 2500.0 5000.0
1512193854.05 2500.0 5000.0
1512193854.15 2500.0 5000.0
1512193854.25 2500.0 5000.0
1512193854.36 2500.0 5000.0
1512193854.45 2500.0 5000.0
1512193854.55 2500.0 5000.0
1512193854.65 2500.0 5000.0
1512193854.75 2500.0 5000.0
1512193854.86 2500.0 5000.0
1512193854.95 2500.0 5000.0
1512193855.05 2500.0 5000.0
1512193855.15 2500.0 5000.0
1512193855.25 2500.0 5000.0
1512193855.35 2500.0 5000.0
1512193855.46 2500.0 5000.0
1512193855.56 2500.0 5000.0
1512193855.66 2500.0 5000.0
1512193855.75 2500.0 5000.0
1512193855.86 2500.0 5000.0
1512193855.96 2500.0 5000.0
1512193856.06 2500.0 5000.0
1512193856.16 2500.0 5000.0
1512193856.26 2500.0 5000.0
1512193856.36 2500.0 5000.0
1512193856.46 2500.0 5000.0
1512193856.56 2500.0 5000.0
1512193856.66 2500.0 5000.0
1512193856.76 2500.0 5000.0
1512193856.86 2500.0 5000.0
1512193856.96 2500.0 5000.0
1512193857.07 2500.0 5000.0
1512193857.16 2500.0 5000.0
1512193857.27 2500.0 5000.0
1512193857.37 2500.0 5000.0
1512193857.47 2500.0 5000.0
1512193857.56 2500.0 5000.0
1512193857.66 2500.0 5000.0
1512193857.76 2500.0 5000.0
1512193857.87 2500.0 5000.0
1512193857.96 2500.0 5000.0
1512193858.07 2500.0 5000.0
1512193858.17 2500.0 5000.0
1512193858.26 2500.0 5000.0
1512193858.37 2500.0 5000.0
1512193858.47 2500.0 5000.0
1512193858.56 2500.0 5000.0
1512193858.66 2500.0 5000.0
1512193858.77 2500.0 5000.0
1512193858.87 2500.0 5000.0
1512193858.96 2500.0 5000.0
1512193859.06 2500.0 5000.0
1512193859.16 2500.0 5000.0
1512193859.27 2500.0 5000.0
1512193859.36 2500.0 5000.0
1512193859.47 2500.0 5000.0
1512193859.56 2500.0 5000.0
1512193859.66 2500.0 5000.0
1512193859.77 2500.0 5000.0
1512193859.86 2500.0 5000.0
1512193859.97 2500.0 5000.0
1512193860.07 2500.0 5000.0
1512193860.16 2500.0 5000.0
1512193860.27 2500.0 5000.0
1512193860.37 2500.0 5000.0
1512193860.47 2500.0 5000.0
1512193860.57 2500.0 5000.0
1512193860.67 2500.0 5000.0
1512193860.77 2500.0 5000.0
1512193860.87 2500.0 5000.0
1512193860.97 2500.0 5000.0
1512193861.07 2500.0 5000.0
1512193861.17 2500.0 5000.0
1512193861.27 2500.0 5000.0
1512193861.37 2500.0 5000.0
1512193861.47 2500.0 5000.0
1512193861.57 2500.0 5000.0
1512193861.67 2500.0 5000.0
1512193861.77 2500.0 5000.0
1512193861.87 2500.0 5000.0
1512193861.98 2500.0 5000.0
1512193862.07 2500.0 5000.0
1512193862.17 2500.0 5000.0
1512193862.27 2500.0 5000.0
1512193862.37 2500.0 5000.0
1512193862.47 2500.0 5000.0
1512193862.57 2500.0 5000.0
1512193862.68 2500.0 5000.0
1512193862.77 2500.0 5000.0
1512193862.87 2500.0 5000.0
1512193862.98 2500.0 5000.0
1512193863.08 2500.0 5000.0
1512193863.18 2500.0 5000.0
1512193863.27 2500.0 5000.0
1512193863.39 2500.0 5000.0
1512193863.48 2500.0 5000.0
1512193863.58 2500.0 5000.0
1512193863.68 2500.0 5000.0
1512193863.78 2500.0 5000.0
1512193863.87 2500.0 5000.0
1512193863.98 2500.0 5000.0
1512193864.07 2500.0 5000.0
1512193864.17 2500.0 5000.0
1512193864.28 2500.0 5000.0
1512193864.38 2500.0 5000.0
1512193864.48 2500.0 5000.0
1512193864.58 2500.0 5000.0
1512193864.67 2500.0 5000.0
1512193864.79 2500.0 5000.0
1512193864.88 2500.0 5000.0
1512193864.98 2500.0 5000.0
1512193865.08 2500.0 5000.0
1512193865.18 2500.0 5000.0
1512193865.27 2500.0 5000.0
1512193865.37 2500.0 5000.0
1512193865.48 2500.0 5000.0
1512193865.58 2500.0 5000.0
1512193865.68 2500.0 5000.0
1512193865.78 2500.0 5000.0
1512193865.88 2500.0 5000.0
1512193865.98 2500.0 5000.0
1512193866.08 2500.0 5000.0
1512193866.17 2500.0 5000.0
1512193866.28 2500.0 5000.0
1512193866.38 2500.0 5000.0
1512193866.48 2500.0 5000.0
1512193866.58 2500.0 5000.0
1512193866.68 2500.0 5000.0
1512193866.79 2500.0 5000.0
1512193866.88 2500.0 5000.0
1512193866.98 2500.0 5000.0
1512193867.08 2500.0 5000.0
1512193867.25 2500.0 5000.0
1512193867.31 2500.0 5000.0
1512193867.41 2500.0 5000.0
1512193867.51 2500.0 5000.0
1512193867.6 2500.0 5000.0
1512193867.7 2500.0 5000.0
1512193867.8 2500.0 5000.0
1512193867.9 2500.0 5000.0
1512193868.01 2500.0 5000.0
1512193868.11 2500.0 5000.0
1512193868.26 2500.0 5000.0
1512193868.33 2500.0 5000.0
1512193868.5 2500.0 5000.0
1512193868.56 2500.0 5000.0
1512193868.65 2500.0 5000.0
1512193868.76 2500.0 5000.0
1512193868.86 2500.0 5000.0
1512193868.97 2500.0 5000.0
1512193869.08 2500.0 5000.0
1512193869.17 2500.0 5000.0
1512193869.26 2500.0 5000.0
1512193869.42 2500.0 5000.0
1512193869.48 2500.0 5000.0
1512193869.58 2500.0 5000.0
1512193869.69 2500.0 5000.0
1512193869.8 2500.0 5000.0
1512193869.95 2500.0 5000.0
1512193870.01 2500.0 5000.0
1512193870.15 2500.0 5000.0
1512193870.22 2500.0 5000.0
1512193870.32 2500.0 5000.0
1512193870.42 2500.0 5000.0
1512193870.52 2500.0 5000.0
1512193870.62 2500.0 5000.0
1512193870.83 2500.0 5000.0
1512193870.88 2500.0 5000.0
1512193870.99 2500.0 5000.0
1512193871.09 2500.0 5000.0
1512193871.2 2500.0 5000.0
1512193871.29 2500.0 5000.0
1512193871.39 2500.0 5000.0
1512193871.49 2500.0 5000.0
1512193871.59 2500.0 5000.0
1512193871.7 2500.0 5000.0
1512193871.79 2500.0 5000.0
1512193871.97 2500.0 5000.0
1512193872.03 2500.0 5000.0
1512193872.12 2500.0 5000.0
1512193872.23 2500.0 5000.0
1512193872.33 2500.0 5000.0
1512193872.43 2500.0 5000.0
1512193872.53 2500.0 5000.0
1512193872.63 2500.0 5000.0
1512193872.73 2500.0 5000.0
1512193872.92 2500.0 5000.0
1512193872.98 2500.0 5000.0
1512193873.13 2500.0 5000.0
1512193873.19 2500.0 5000.0
1512193873.28 2500.0 5000.0
1512193873.39 2500.0 5000.0
1512193873.5 2500.0 5000.0
1512193873.61 2500.0 5000.0
1512193873.7 2500.0 5000.0
1512193873.8 2500.0 5000.0
1512193873.9 2500.0 5000.0
1512193873.99 2500.0 5000.0
1512193874.09 2500.0 5000.0
1512193874.19 2500.0 5000.0
1512193874.3 2500.0 5000.0
1512193874.4 2500.0 5000.0
1512193874.48 2500.0 5000.0
1512193874.59 2500.0 5000.0
1512193874.68 2500.0 5000.0
1512193874.79 2500.0 5000.0
1512193874.89 2500.0 5000.0
1512193874.99 2500.0 5000.0
1512193875.09 2500.0 5000.0
1512193875.25 2500.0 5000.0
1512193875.3 2500.0 5000.0
1512193875.4 2500.0 5000.0
1512193875.51 2500.0 5000.0
1512193875.61 2500.0 5000.0
1512193875.72 2500.0 5000.0
1512193875.81 2500.0 5000.0
1512193875.92 2500.0 5000.0
1512193876.02 2500.0 5000.0
1512193876.12 2500.0 5000.0
1512193876.22 2500.0 5000.0
1512193876.31 2500.0 5000.0
1512193876.41 2500.0 5000.0
1512193876.57 2500.0 5000.0
1512193876.62 2500.0 5000.0
1512193876.75 2500.0 5000.0
1512193876.83 2500.0 5000.0
1512193876.99 2500.0 5000.0
1512193877.05 2500.0 5000.0
1512193877.15 2500.0 5000.0
1512193877.25 2500.0 5000.0
1512193877.35 2500.0 5000.0
1512193877.45 2500.0 5000.0
1512193877.55 2500.0 5000.0
1512193877.65 2500.0 5000.0
1512193877.83 2500.0 5000.0
1512193877.89 2500.0 5000.0
1512193878.0 2500.0 5000.0
1512193878.1 2500.0 5000.0
1512193878.19 2500.0 5000.0
1512193878.31 2500.0 5000.0
1512193878.47 2500.0 5000.0
1512193878.54 2500.0 5000.0
1512193878.69 2500.0 5000.0
1512193878.75 2500.0 5000.0
1512193878.92 2500.0 5000.0
1512193878.98 2500.0 5000.0
1512193879.08 2500.0 5000.0
1512193879.18 2500.0 5000.0
1512193879.28 2500.0 5000.0
1512193879.38 2500.0 5000.0
1512193879.48 2500.0 5000.0
1512193879.58 2500.0 5000.0
1512193879.68 2500.0 5000.0
1512193879.78 2500.0 5000.0
1512193879.88 2500.0 5000.0
1512193880.07 2500.0 5000.0
1512193880.14 2500.0 5000.0
1512193880.23 2500.0 5000.0
1512193880.34 2500.0 5000.0
1512193880.52 2500.0 5000.0
1512193880.58 2500.0 5000.0
1512193880.67 2500.0 5000.0
1512193880.86 2500.0 5000.0
1512193880.92 2500.0 5000.0
1512193881.02 2500.0 5000.0
1512193881.12 2500.0 5000.0
1512193881.21 2500.0 5000.0
1512193881.32 2500.0 5000.0
1512193881.43 2500.0 5000.0
1512193881.52 2500.0 5000.0
1512193881.63 2500.0 5000.0
1512193881.73 2500.0 5000.0
1512193881.9 2500.0 5000.0
1512193881.97 2500.0 5000.0
1512193882.07 2500.0 5000.0
1512193882.17 2500.0 5000.0
1512193882.28 2500.0 5000.0
1512193882.43 2500.0 5000.0
1512193882.49 2500.0 5000.0
1512193882.59 2500.0 5000.0
1512193882.69 2500.0 5000.0
1512193882.78 2500.0 5000.0
1512193882.89 2500.0 5000.0
1512193882.99 2500.0 5000.0
1512193883.1 2500.0 5000.0
1512193883.19 2500.0 5000.0
1512193883.3 2500.0 5000.0
1512193883.39 2500.0 5000.0
1512193883.5 2500.0 5000.0
1512193883.64 2500.0 5000.0
1512193883.7 2500.0 5000.0
1512193883.8 2500.0 5000.0
1512193883.9 2500.0 5000.0
1512193884.0 2500.0 5000.0
1512193884.11 2500.0 5000.0
1512193884.2 2500.0 5000.0
1512193884.3 2500.0 5000.0
1512193884.39 2500.0 5000.0
1512193884.5 2500.0 5000.0
1512193884.6 2500.0 5000.0
1512193884.71 2500.0 5000.0
1512193884.8 2500.0 5000.0
1512193884.9 2500.0 5000.0
1512193885.0 2500.0 5000.0
1512193885.09 2500.0 5000.0
1512193885.2 2500.0 5000.0
1512193885.3 2500.0 5000.0
1512193885.41 2500.0 5000.0
1512193885.49 2500.0 5000.0
1512193885.6 2500.0 5000.0
1512193885.77 2500.0 5000.0
1512193885.84 2500.0 5000.0
1512193885.93 2500.0 5000.0
1512193886.03 2500.0 5000.0
1512193886.2 2500.0 5000.0
1512193886.26 2500.0 5000.0
1512193886.35 2500.0 5000.0
1512193886.45 2500.0 5000.0
1512193886.55 2500.0 5000.0
1512193886.66 2500.0 5000.0
1512193886.75 2500.0 5000.0
1512193886.86 2500.0 5000.0
1512193886.96 2500.0 5000.0
1512193887.06 2500.0 5000.0
1512193887.15 2500.0 5000.0
1512193887.26 2500.0 5000.0
1512193887.42 2500.0 5000.0
1512193887.49 2500.0 5000.0
1512193887.57 2500.0 5000.0
1512193887.67 2500.0 5000.0
1512193887.77 2500.0 5000.0
1512193887.86 2500.0 5000.0
1512193887.97 2500.0 5000.0
1512193888.07 2500.0 5000.0
1512193888.17 2500.0 5000.0
1512193888.27 2500.0 5000.0
1512193888.37 2500.0 5000.0
1512193888.47 2500.0 5000.0
1512193888.57 2500.0 5000.0
1512193888.67 2500.0 5000.0
1512193888.77 2500.0 5000.0
1512193888.86 2500.0 5000.0
1512193888.98 2500.0 5000.0
1512193889.07 2500.0 5000.0
1512193889.16 2500.0 5000.0
1512193889.27 2500.0 5000.0
1512193889.37 2500.0 5000.0
1512193889.47 2500.0 5000.0
1512193889.57 2500.0 5000.0
1512193889.68 2500.0 5000.0
1512193889.85 2500.0 5000.0
1512193889.91 2500.0 5000.0
1512193889.99 2500.0 5000.0
1512193890.1 2500.0 5000.0
1512193890.2 2500.0 5000.0
1512193890.3 2500.0 5000.0
1512193890.4 2500.0 5000.0
1512193890.51 2500.0 5000.0
1512193890.61 2500.0 5000.0
1512193890.71 2500.0 5000.0
1512193890.8 2500.0 5000.0
1512193890.91 2500.0 5000.0
1512193891.06 2500.0 5000.0
1512193891.12 2500.0 5000.0
1512193891.2 2500.0 5000.0
1512193891.31 2500.0 5000.0
1512193891.41 2500.0 5000.0
1512193891.51 2500.0 5000.0
1512193891.62 2500.0 5000.0
1512193891.71 2500.0 5000.0
1512193891.82 2500.0 5000.0
1512193891.91 2500.0 5000.0
1512193892.01 2500.0 5000.0
1512193892.11 2500.0 5000.0
1512193892.21 2500.0 5000.0
1512193892.31 2500.0 5000.0
1512193892.41 2500.0 5000.0
1512193892.51 2500.0 5000.0
1512193892.62 2500.0 5000.0
1512193892.71 2500.0 5000.0
1512193892.81 2500.0 5000.0
1512193892.91 2500.0 5000.0
1512193893.01 2500.0 5000.0
1512193893.11 2500.0 5000.0
1512193893.21 2500.0 5000.0
1512193893.31 2500.0 5000.0
1512193893.41 2500.0 5000.0
1512193893.51 2500.0 5000.0
1512193893.61 2500.0 5000.0
1512193893.71 2500.0 5000.0
1512193893.83 2500.0 5000.0
1512193893.91 2500.0 5000.0
1512193894.01 2500.0 5000.0
1512193894.13 2500.0 5000.0
1512193894.21 2500.0 5000.0
1512193894.34 2500.0 5000.0
1512193894.41 2500.0 5000.0
1512193894.51 2500.0 5000.0
1512193894.65 2500.0 5000.0
1512193894.72 2500.0 5000.0
1512193894.81 2500.0 5000.0
1512193894.91 2500.0 5000.0
1512193895.01 2500.0 5000.0
1512193895.11 2500.0 5000.0
1512193895.21 2500.0 5000.0
1512193895.31 2500.0 5000.0
1512193895.41 2500.0 5000.0
1512193895.51 2500.0 5000.0
1512193895.61 2500.0 5000.0
1512193895.71 2500.0 5000.0
1512193895.81 2500.0 5000.0
1512193895.92 2500.0 5000.0
1512193896.02 2500.0 5000.0
1512193896.17 2500.0 5000.0
1512193896.24 2500.0 5000.0
1512193896.33 2500.0 5000.0
1512193896.42 2500.0 5000.0
1512193896.52 2500.0 5000.0
1512193896.63 2500.0 5000.0
1512193896.73 2500.0 5000.0
1512193896.82 2500.0 5000.0
1512193896.92 2500.0 5000.0
1512193897.02 2500.0 5000.0
1512193897.12 2500.0 5000.0
1512193897.22 2500.0 5000.0
1512193897.32 2500.0 5000.0
1512193897.42 2500.0 5000.0
1512193897.52 2500.0 5000.0
1512193897.62 2500.0 5000.0
1512193897.72 2500.0 5000.0
1512193897.82 2500.0 5000.0
1512193897.92 2500.0 5000.0
1512193898.04 2500.0 5000.0
1512193898.12 2500.0 5000.0
1512193898.22 2500.0 5000.0
1512193898.32 2500.0 5000.0
1512193898.42 2500.0 5000.0
1512193898.56 2500.0 5000.0
1512193898.63 2500.0 5000.0
1512193898.73 2500.0 5000.0
1512193898.82 2500.0 5000.0
1512193898.92 2500.0 5000.0
1512193899.03 2500.0 5000.0
1512193899.12 2500.0 5000.0
1512193899.22 2500.0 5000.0
1512193899.36 2500.0 5000.0
1512193899.43 2500.0 5000.0
1512193899.52 2500.0 5000.0
1512193899.62 2500.0 5000.0
1512193899.72 2500.0 5000.0
1512193899.83 2500.0 5000.0
1512193900.0 2500.0 5000.0
1512193900.07 2500.0 5000.0
1512193900.17 2500.0 5000.0
1512193900.25 2500.0 5000.0
1512193900.35 2500.0 5000.0
1512193900.45 2500.0 5000.0
1512193900.55 2500.0 5000.0
1512193900.65 2500.0 5000.0
1512193900.75 2500.0 5000.0
1512193900.85 2500.0 5000.0
1512193900.95 2500.0 5000.0
1512193901.06 2500.0 5000.0
1512193901.16 2500.0 5000.0
1512193901.25 2500.0 5000.0
1512193901.35 2500.0 5000.0
1512193901.45 2500.0 5000.0
1512193901.55 2500.0 5000.0
1512193901.65 2500.0 5000.0
1512193901.75 2500.0 5000.0
1512193901.85 2500.0 5000.0
1512193901.96 2500.0 5000.0
1512193902.06 2500.0 5000.0
1512193902.18 2500.0 5000.0
1512193902.26 2500.0 5000.0
1512193902.36 2500.0 5000.0
1512193902.46 2500.0 5000.0
1512193902.56 2500.0 5000.0
1512193902.66 2500.0 5000.0
1512193902.76 2500.0 5000.0
1512193902.86 2500.0 5000.0
1512193902.95 2500.0 5000.0
1512193903.05 2500.0 5000.0
1512193903.16 2500.0 5000.0
1512193903.25 2500.0 5000.0
1512193903.35 2500.0 5000.0
1512193903.45 2500.0 5000.0
1512193903.55 2500.0 5000.0
1512193903.65 2500.0 5000.0
1512193903.75 2500.0 5000.0
1512193903.86 2500.0 5000.0
1512193903.95 2500.0 5000.0
1512193904.05 2500.0 5000.0
1512193904.15 2500.0 5000.0
1512193904.26 2500.0 5000.0
1512193904.35 2500.0 5000.0
1512193904.45 2500.0 5000.0
1512193904.55 2500.0 5000.0
1512193904.65 2500.0 5000.0
1512193904.76 2500.0 5000.0
1512193904.86 2500.0 5000.0
1512193904.96 2500.0 5000.0
1512193905.05 2500.0 5000.0
1512193905.16 2500.0 5000.0
1512193905.26 2500.0 5000.0
1512193905.35 2500.0 5000.0
1512193905.45 2500.0 5000.0
1512193905.55 2500.0 5000.0
1512193905.66 2500.0 5000.0
1512193905.76 2500.0 5000.0
1512193905.85 2500.0 5000.0
1512193905.96 2500.0 5000.0
1512193906.06 2500.0 5000.0
1512193906.15 2500.0 5000.0
1512193906.26 2500.0 5000.0
1512193906.36 2500.0 5000.0
1512193906.46 2500.0 5000.0
1512193906.56 2500.0 5000.0
1512193906.66 2500.0 5000.0
1512193906.76 2500.0 5000.0
1512193906.86 2500.0 5000.0
1512193906.96 2500.0 5000.0
1512193907.06 2500.0 5000.0
1512193907.16 2500.0 5000.0
1512193907.26 2500.0 5000.0
1512193907.37 2500.0 5000.0
1512193907.46 2500.0 5000.0
1512193907.56 2500.0 5000.0
1512193907.66 2500.0 5000.0
1512193907.78 2500.0 5000.0
1512193907.86 2500.0 5000.0
1512193907.96 2500.0 5000.0
1512193908.06 2500.0 5000.0
1512193908.16 2500.0 5000.0
1512193908.25 2500.0 5000.0
1512193908.36 2500.0 5000.0
1512193908.46 2500.0 5000.0
1512193908.58 2500.0 5000.0
1512193908.66 2500.0 5000.0
1512193908.76 2500.0 5000.0
1512193908.86 2500.0 5000.0
1512193908.96 2500.0 5000.0
1512193909.06 2500.0 5000.0
1512193909.16 2500.0 5000.0
1512193909.26 2500.0 5000.0
1512193909.36 2500.0 5000.0
1512193909.46 2500.0 5000.0
1512193909.56 2500.0 5000.0
1512193909.66 2500.0 5000.0
1512193909.76 2500.0 5000.0
1512193909.86 2500.0 5000.0
1512193909.96 2500.0 5000.0
1512193910.06 2500.0 5000.0
1512193910.16 2500.0 5000.0
1512193910.26 2500.0 5000.0
1512193910.36 2500.0 5000.0
1512193910.46 2500.0 5000.0
1512193910.56 2500.0 5000.0
1512193910.66 2500.0 5000.0
1512193910.76 2500.0 5000.0
1512193910.86 2500.0 5000.0
1512193910.96 2500.0 5000.0
1512193911.06 2500.0 5000.0
1512193911.16 2500.0 5000.0
1512193911.26 2500.0 5000.0
1512193911.37 2500.0 5000.0
1512193911.46 2500.0 5000.0
1512193911.57 2500.0 5000.0
1512193911.68 2500.0 5000.0
1512193911.77 2500.0 5000.0
1512193911.87 2500.0 5000.0
1512193911.97 2500.0 5000.0
1512193912.07 2500.0 5000.0
1512193912.17 2500.0 5000.0
1512193912.27 2500.0 5000.0
1512193912.36 2500.0 5000.0
1512193912.47 2500.0 5000.0
1512193912.57 2500.0 5000.0
1512193912.67 2500.0 5000.0
1512193912.77 2500.0 5000.0
1512193912.87 2500.0 5000.0
1512193912.97 2500.0 5000.0
1512193913.07 2500.0 5000.0
1512193913.17 2500.0 5000.0
1512193913.27 2500.0 5000.0
1512193913.37 2500.0 5000.0
1512193913.47 2500.0 5000.0
1512193913.57 2500.0 5000.0
1512193913.67 2500.0 5000.0
1512193913.77 2500.0 5000.0
1512193913.87 2500.0 5000.0
1512193913.97 2500.0 5000.0
1512193914.07 2500.0 5000.0
1512193914.16 2500.0 5000.0
1512193914.27 2500.0 5000.0
1512193914.36 2500.0 5000.0
1512193914.47 2500.0 5000.0
1512193914.57 2500.0 5000.0
1512193914.67 2500.0 5000.0
1512193914.77 2500.0 5000.0
1512193914.87 2500.0 5000.0
1512193914.97 2500.0 5000.0
1512193915.08 2500.0 5000.0
1512193915.18 2500.0 5000.0
1512193915.27 2500.0 5000.0
1512193915.38 2500.0 5000.0
1512193915.48 2500.0 5000.0
1512193915.58 2500.0 5000.0
1512193915.68 2500.0 5000.0
1512193915.78 2500.0 5000.0
1512193915.89 2500.0 5000.0
1512193915.98 2500.0 5000.0
1512193916.09 2500.0 5000.0
1512193916.2 2500.0 5000.0
1512193916.29 2500.0 5000.0
1512193916.38 2500.0 5000.0
1512193916.48 2500.0 5000.0
1512193916.58 2500.0 5000.0
1512193916.7 2500.0 5000.0
1512193916.79 2500.0 5000.0
1512193916.89 2500.0 5000.0
1512193916.98 2500.0 5000.0
1512193917.08 2500.0 5000.0
1512193917.19 2500.0 5000.0
1512193917.29 2500.0 5000.0
1512193917.4 2500.0 5000.0
1512193917.5 2500.0 5000.0
1512193917.6 2500.0 5000.0
1512193917.69 2500.0 5000.0
1512193917.79 2500.0 5000.0
1512193917.89 2500.0 5000.0
1512193917.99 2500.0 5000.0
1512193918.08 2500.0 5000.0
1512193918.19 2500.0 5000.0
1512193918.3 2500.0 5000.0
1512193918.39 2500.0 5000.0
1512193918.48 2500.0 5000.0
1512193918.58 2500.0 5000.0
1512193918.68 2500.0 5000.0
1512193918.78 2500.0 5000.0
1512193918.88 2500.0 5000.0
1512193918.98 2500.0 5000.0
1512193919.08 2500.0 5000.0
1512193919.18 2500.0 5000.0
1512193919.34 2500.0 5000.0
1512193919.41 2500.0 5000.0
1512193919.5 2500.0 5000.0
1512193919.6 2500.0 5000.0
1512193919.7 2500.0 5000.0
1512193919.8 2500.0 5000.0
1512193919.91 2500.0 5000.0
1512193920.08 2500.0 5000.0
1512193920.14 2500.0 5000.0
1512193920.23 2500.0 5000.0
1512193920.34 2500.0 5000.0
1512193920.44 2500.0 5000.0
1512193920.55 2500.0 5000.0
1512193920.65 2500.0 5000.0
1512193920.75 2500.0 5000.0
1512193920.84 2500.0 5000.0
1512193920.95 2500.0 5000.0
1512193921.09 2500.0 5000.0
1512193921.15 2500.0 5000.0
1512193921.25 2500.0 5000.0
1512193921.36 2500.0 5000.0
1512193921.45 2500.0 5000.0
1512193921.55 2500.0 5000.0
1512193921.65 2500.0 5000.0
1512193921.75 2500.0 5000.0
1512193921.86 2500.0 5000.0
1512193921.96 2500.0 5000.0
1512193922.05 2500.0 5000.0
1512193922.15 2500.0 5000.0
1512193922.28 2500.0 5000.0
1512193922.36 2500.0 5000.0
1512193922.44 2500.0 5000.0
1512193922.54 2500.0 5000.0
1512193922.64 2500.0 5000.0
1512193922.74 2500.0 5000.0
1512193922.85 2500.0 5000.0
1512193922.95 2500.0 5000.0
1512193923.04 2500.0 5000.0
1512193923.14 2500.0 5000.0
1512193923.25 2500.0 5000.0
1512193923.45 2500.0 5000.0
1512193923.51 2500.0 5000.0
1512193923.67 2500.0 5000.0
1512193923.73 2500.0 5000.0
1512193923.82 2500.0 5000.0
1512193923.91 2500.0 5000.0
1512193924.02 2500.0 5000.0
1512193924.13 2500.0 5000.0
1512193924.22 2500.0 5000.0
1512193924.32 2500.0 5000.0
1512193924.42 2500.0 5000.0
1512193924.52 2500.0 5000.0
1512193924.62 2500.0 5000.0
1512193924.78 2500.0 5000.0
1512193924.85 2500.0 5000.0
1512193924.94 2500.0 5000.0
1512193925.04 2500.0 5000.0
1512193925.15 2500.0 5000.0
1512193925.25 2500.0 5000.0
1512193925.35 2500.0 5000.0
1512193925.45 2500.0 5000.0
1512193925.55 2500.0 5000.0
1512193925.65 2500.0 5000.0
1512193925.75 2500.0 5000.0
1512193925.85 2500.0 5000.0
1512193925.94 2500.0 5000.0
1512193926.04 2500.0 5000.0
1512193926.14 2500.0 5000.0
1512193926.24 2500.0 5000.0
1512193926.34 2500.0 5000.0
1512193926.52 2500.0 5000.0
1512193926.58 2500.0 5000.0
1512193926.67 2500.0 5000.0
1512193926.78 2500.0 5000.0
1512193926.88 2500.0 5000.0
1512193926.98 2500.0 5000.0
1512193927.08 2500.0 5000.0
1512193927.18 2500.0 5000.0
1512193927.28 2500.0 5000.0
1512193927.38 2500.0 5000.0
1512193927.48 2500.0 5000.0
1512193927.57 2500.0 5000.0
1512193927.68 2500.0 5000.0
1512193927.78 2500.0 5000.0
1512193927.95 2500.0 5000.0
1512193928.01 2500.0 5000.0
1512193928.11 2500.0 5000.0
1512193928.21 2500.0 5000.0
1512193928.31 2500.0 5000.0
1512193928.41 2500.0 5000.0
1512193928.51 2500.0 5000.0
1512193928.61 2500.0 5000.0
1512193928.71 2500.0 5000.0
1512193928.81 2500.0 5000.0
1512193928.92 2500.0 5000.0
1512193929.02 2500.0 5000.0
1512193929.11 2500.0 5000.0
1512193929.29 2500.0 5000.0
1512193929.36 2500.0 5000.0
1512193929.45 2500.0 5000.0
1512193929.59 2500.0 5000.0
1512193929.65 2500.0 5000.0
1512193929.75 2500.0 5000.0
1512193929.86 2500.0 5000.0
1512193929.95 2500.0 5000.0
1512193930.13 2500.0 5000.0
1512193930.19 2500.0 5000.0
1512193930.29 2500.0 5000.0
1512193930.4 2500.0 5000.0
1512193930.5 2500.0 5000.0
1512193930.59 2500.0 5000.0
1512193930.69 2500.0 5000.0
1512193930.79 2500.0 5000.0
1512193930.97 2500.0 5000.0
1512193931.04 2500.0 5000.0
1512193931.12 2500.0 5000.0
1512193931.23 2500.0 5000.0
1512193931.34 2500.0 5000.0
1512193931.43 2500.0 5000.0
1512193931.54 2500.0 5000.0
1512193931.64 2500.0 5000.0
1512193931.73 2500.0 5000.0
1512193931.84 2500.0 5000.0
1512193931.93 2500.0 5000.0
1512193932.03 2500.0 5000.0
1512193932.13 2500.0 5000.0
1512193932.24 2500.0 5000.0
1512193932.33 2500.0 5000.0
1512193932.51 2500.0 5000.0
1512193932.57 2500.0 5000.0
1512193932.67 2500.0 5000.0
1512193932.77 2500.0 5000.0
1512193932.87 2500.0 5000.0
1512193932.97 2500.0 5000.0
1512193933.08 2500.0 5000.0
1512193933.18 2500.0 5000.0
1512193933.28 2500.0 5000.0
1512193933.38 2500.0 5000.0
1512193933.48 2500.0 5000.0
1512193933.58 2500.0 5000.0
1512193933.67 2500.0 5000.0
1512193933.77 2500.0 5000.0
1512193933.88 2500.0 5000.0
1512193933.98 2500.0 5000.0
1512193934.08 2500.0 5000.0
1512193934.18 2500.0 5000.0
1512193934.29 2500.0 5000.0
1512193934.38 2500.0 5000.0
1512193934.48 2500.0 5000.0
1512193934.57 2500.0 5000.0
1512193934.67 2500.0 5000.0
1512193934.78 2500.0 5000.0
1512193934.88 2500.0 5000.0
1512193935.05 2500.0 5000.0
1512193935.11 2500.0 5000.0
1512193935.21 2500.0 5000.0
1512193935.31 2500.0 5000.0
1512193935.4 2500.0 5000.0
1512193935.59 2500.0 5000.0
1512193935.65 2500.0 5000.0
1512193935.75 2500.0 5000.0
1512193935.84 2500.0 5000.0
1512193935.96 2500.0 5000.0
1512193936.06 2500.0 5000.0
1512193936.14 2500.0 5000.0
1512193936.26 2500.0 5000.0
1512193936.36 2500.0 5000.0
1512193936.46 2500.0 5000.0
1512193936.55 2500.0 5000.0
1512193936.64 2500.0 5000.0
1512193936.74 2500.0 5000.0
1512193936.84 2500.0 5000.0
1512193936.94 2500.0 5000.0
1512193937.05 2500.0 5000.0
1512193937.15 2500.0 5000.0
1512193937.33 2500.0 5000.0
1512193937.39 2500.0 5000.0
1512193937.49 2500.0 5000.0
1512193937.66 2500.0 5000.0
1512193937.73 2500.0 5000.0
1512193937.83 2500.0 5000.0
1512193937.92 2500.0 5000.0
1512193938.03 2500.0 5000.0
1512193938.12 2500.0 5000.0
1512193938.22 2500.0 5000.0
1512193938.33 2500.0 5000.0
1512193938.44 2500.0 5000.0
1512193938.53 2500.0 5000.0
1512193938.63 2500.0 5000.0
1512193938.73 2500.0 5000.0
1512193938.91 2500.0 5000.0
1512193938.97 2500.0 5000.0
1512193939.07 2500.0 5000.0
1512193939.17 2500.0 5000.0
1512193939.27 2500.0 5000.0
1512193939.37 2500.0 5000.0
1512193939.53 2500.0 5000.0
1512193939.6 2500.0 5000.0
1512193939.69 2500.0 5000.0
1512193939.88 2500.0 5000.0
1512193939.95 2500.0 5000.0
1512193940.04 2500.0 5000.0
1512193940.14 2500.0 5000.0
1512193940.24 2500.0 5000.0
1512193940.43 2500.0 5000.0
1512193940.49 2500.0 5000.0
1512193940.58 2500.0 5000.0
1512193940.68 2500.0 5000.0
1512193940.78 2500.0 5000.0
1512193940.96 2500.0 5000.0
1512193941.02 2500.0 5000.0
1512193941.15 2500.0 5000.0
1512193941.23 2500.0 5000.0
1512193941.32 2500.0 5000.0
1512193941.42 2500.0 5000.0
1512193941.52 2500.0 5000.0
1512193941.62 2500.0 5000.0
1512193941.72 2500.0 5000.0
1512193941.9 2500.0 5000.0
1512193941.96 2500.0 5000.0
1512193942.06 2500.0 5000.0
1512193942.23 2500.0 5000.0
1512193942.3 2500.0 5000.0
1512193942.46 2500.0 5000.0
1512193942.52 2500.0 5000.0
15