1516102068.87 0 0 0 0
1516102068.95 0 0 0 0
1516102069.07 0 0 0 0
1516102069.17 0 0 0 0
1516102069.25 0 0 0 0
1516102069.36 0 0 0 0
1516102069.46 0 0 0 0
1516102069.57 0 0 0 0
1516102069.66 0 0 0 0
1516102069.77 0 0 0 0
1516102069.86 0 0 0 0
1516102069.96 0 0 0 0
1516102070.06 0 0 0 0
1516102070.16 0 0 0 0
1516102070.26 0 0 0 0
1516102070.36 0 0 0 0
1516102070.46 0 0 0 0
1516102070.56 0 0 0 0
1516102070.66 0 0 0 0
1516102070.76 0 0 0 0
1516102070.86 0 0 0 0
1516102070.96 0 0 0 0
1516102071.06 0 0 0 0
1516102071.16 0 0 0 0
1516102071.26 0 0 0 0
1516102071.36 0 0 0 0
1516102071.46 0 0 0 0
1516102071.57 0 0 0 0
1516102071.66 0 0 0 0
1516102071.76 0 0 0 0
1516102071.86 0 0 0 0
1516102071.96 0 0 0 0
1516102072.06 0 0 0 0
1516102072.16 0 0 0 0
1516102072.26 0 0 0 0
1516102072.36 0 0 0 0
1516102072.46 0 0 0 0
1516102072.56 0 0 0 0
1516102072.66 0 0 0 0
1516102072.76 0 0 0 0
1516102072.86 0 0 0 0
1516102072.96 0 0 0 0
1516102073.06 0 0 0 0
1516102073.16 0 0 0 0
1516102073.26 0 0 0 0
1516102073.36 0 0 0 0
1516102073.46 0 0 0 0
1516102073.57 0 0 0 0
1516102073.66 0 0 0 0
1516102073.77 0 0 0 0
1516102073.87 0 0 0 0
1516102073.97 0 0 0 0
1516102074.07 0 0 0 0
1516102074.17 0 0 0 0
1516102074.27 0 0 0 0
1516102074.37 0 0 0 0
1516102074.47 0 0 0 0
1516102074.57 0 0 0 0
1516102074.69 0 0 0 0
1516102074.79 0 0 0 0
1516102074.89 0 0 0 0
1516102074.99 0 0 0 0
1516102075.09 0 0 0 0
1516102075.19 0 0 0 0
1516102075.29 0 0 0 0
1516102075.39 0 0 0 0
1516102075.51 0 0 0 0
1516102075.59 0 0 0 0
1516102075.69 0 0 0 0
1516102075.78 0 0 0 0
1516102075.89 0 0 0 0
1516102076.0 0 0 0 0
1516102076.11 0 0 0 0
1516102076.21 0 0 0 0
1516102076.31 0 0 0 0
1516102076.41 0 0 0 0
1516102076.53 0 0 0 0
1516102076.66 0 0 0 0
1516102076.77 0 0 0 0
1516102076.89 0 0 0 0
1516102076.99 0 0 0 0
1516102077.1 0 0 0 0
1516102077.19 0 0 0 0
1516102077.29 0 0 0 0
1516102077.39 0 0 0 0
1516102077.5 0 0 0 0
1516102077.6 0 0 0 0
1516102077.7 0 0 0 0
1516102077.81 0 0 0 0
1516102077.93 0 0 0 0
1516102078.03 0 0 0 0
1516102078.13 0 0 0 0
1516102078.23 0 0 0 0
1516102078.33 0 0 0 0
1516102078.43 0 0 0 0
1516102078.53 0 0 0 0
1516102078.63 0 0 0 0
1516102078.73 0 0 0 0
1516102078.83 0 0 0 0
1516102078.93 0 0 0 0
1516102079.03 0 0 0 0
1516102079.13 0 0 0 0
1516102079.23 0 0 0 0
1516102079.33 0 0 0 0
1516102079.43 0 0 0 0
1516102079.53 0 0 0 0
1516102079.63 0 0 0 0
1516102079.73 0 0 0 0
1516102079.83 0 0 0 0
1516102079.93 0 0 0 0
1516102080.06 0 0 0 0
1516102080.16 0 0 0 0
1516102080.27 0 0 0 0
1516102080.37 0 0 0 0
1516102080.47 0 0 0 0
1516102080.58 0 0 0 0
1516102080.69 0 0 0 0
1516102080.79 0 0 0 0
1516102080.89 0 0 0 0
1516102081.0 0 0 0 0
1516102081.12 0 0 0 0
1516102081.22 0 0 0 0
1516102081.33 0 0 0 0
1516102081.44 0 0 0 0
1516102081.53 0 0 0 0
1516102081.64 0 0 0 0
1516102081.74 0 0 0 0
1516102081.84 0 0 0 0
1516102081.94 0 0 0 0
1516102082.05 0 0 0 0
1516102082.16 0 0 0 0
1516102082.26 0 0 0 0
1516102082.36 0 0 0 0
1516102082.46 0 0 0 0
1516102082.56 0 0 0 0
1516102082.66 0 0 0 0
1516102082.76 0 0 0 0
1516102082.86 0 0 0 0
1516102082.96 0 0 0 0
1516102083.06 0 0 0 0
1516102083.16 0 0 0 0
1516102083.26 0 0 0 0
1516102083.36 0 0 0 0
1516102083.46 0 0 0 0
1516102083.56 0 0 0 0
1516102083.66 0 0 0 0
1516102083.76 0 0 0 0
1516102083.86 0 0 0 0
1516102083.96 0 0 0 0
1516102084.06 0 0 0 0
1516102084.16 0 0 0 0
1516102084.26 0 0 0 0
1516102084.36 0 0 0 0
1516102084.46 0 0 0 0
1516102084.56 0 0 0 0
1516102084.66 0 0 0 0
1516102084.79 0 0 0 0
1516102084.89 0 0 0 0
1516102084.99 0 0 0 0
1516102085.09 0 0 0 0
1516102085.19 0 0 0 0
1516102085.29 0 0 0 0
1516102085.39 0 0 0 0
1516102085.5 0 0 0 0
1516102085.64 0 0 0 0
1516102085.74 0 0 0 0
1516102085.84 0 0 0 0
1516102085.95 0 0 0 0
1516102086.08 0 0 0 0
1516102086.19 0 0 0 0
1516102086.3 0 0 0 0
1516102086.41 0 0 0 0
1516102086.52 0 0 0 0
1516102086.62 0 0 0 0
1516102086.72 0 0 0 0
1516102086.82 0 0 0 0
1516102086.92 0 0 0 0
1516102087.02 0 0 0 0
1516102087.12 0 0 0 0
1516102087.23 0 0 0 0
1516102087.35 0 0 0 0
1516102087.45 0 0 0 0
1516102087.55 0 0 0 0
1516102087.65 0 0 0 0
1516102087.76 0 0 0 0
1516102087.86 0 0 0 0
1516102087.95 0 0 0 0
1516102088.05 0 0 0 0
1516102088.16 0 0 0 0
1516102088.26 0 0 0 0
1516102088.36 0 0 0 0
1516102088.46 0 0 0 0
1516102088.55 0 0 0 0
1516102088.65 0 0 0 0
1516102088.75 0 0 0 0
1516102088.86 0 0 0 0
1516102088.96 0 0 0 0
1516102089.06 0 0 0 0
1516102089.16 0 0 0 0
1516102089.26 0 0 0 0
1516102089.37 0 0 0 0
1516102089.48 0 0 0 0
1516102089.58 0 0 0 0
1516102089.68 0 0 0 0
1516102089.78 0 0 0 0
1516102089.88 0 0 0 0
1516102089.98 0 0 0 0
1516102090.08 0 0 0 0
1516102090.18 0 0 0 0
1516102090.28 0 0 0 0
1516102090.38 0 0 0 0
1516102090.5 0 0 0 0
1516102090.6 0 0 0 0
1516102090.7 0 0 0 0
1516102090.8 0 0 0 0
1516102090.9 0 0 0 0
1516102091.0 0 0 0 0
1516102091.1 0 0 0 0
1516102091.2 0 0 0 0
1516102091.3 0 0 0 0
1516102091.4 0 0 0 0
1516102091.52 0 0 0 0
1516102091.61 0 0 0 0
1516102091.71 0 0 0 0
1516102091.81 0 0 0 0
1516102091.91 0 0 0 0
1516102092.01 0 0 0 0
1516102092.12 0 0 0 0
1516102092.21 0 0 0 0
1516102092.31 0 0 0 0
1516102092.41 0 0 0 0
1516102092.51 0 0 0 0
1516102092.61 0 0 0 0
1516102092.71 0 0 0 0
1516102092.81 0 0 0 0
1516102092.91 0 0 0 0
1516102093.03 0 0 0 0
1516102093.14 0 0 0 0
1516102093.25 0 0 0 0
1516102093.35 0 0 0 0
1516102093.44 0 0 0 0
1516102093.55 0 0 0 0
1516102093.64 0 0 0 0
1516102093.75 0 0 0 0
1516102093.84 0 0 0 0
1516102093.94 0 0 0 0
1516102094.05 0 0 0 0
1516102094.16 0 0 0 0
1516102094.26 0 0 0 0
1516102094.36 0 0 0 0
1516102094.46 0 0 0 0
1516102094.56 0 0 0 0
1516102094.67 0 0 0 0
1516102094.8 0 0 0 0
1516102094.91 0 0 0 0
1516102095.01 0 0 0 0
1516102095.11 0 0 0 0
1516102095.21 0 0 0 0
1516102095.31 0 0 0 0
1516102095.42 0 0 0 0
1516102095.57 0 0 0 0
1516102095.67 0 0 0 0
1516102095.77 0 0 0 0
1516102095.87 0 0 0 0
1516102095.97 0 0 0 0
1516102096.07 0 0 0 0
1516102096.17 0 0 0 0
1516102096.29 0 0 0 0
1516102096.41 0 0 0 0
1516102096.51 0 0 0 0
1516102096.61 0 0 0 0
1516102096.71 0 0 0 0
1516102096.81 0 0 0 0
1516102096.91 0 0 0 0
1516102097.01 0 0 0 0
1516102097.13 0 0 0 0
1516102097.24 0 0 0 0
1516102097.34 0 0 0 0
1516102097.46 0 0 0 0
1516102097.58 0 0 0 0
1516102097.68 0 0 0 0
1516102097.78 0 0 0 0
1516102097.88 0 0 0 0
1516102097.98 0 0 0 0
1516102098.08 0 0 0 0
1516102098.18 0 0 0 0
1516102098.28 0 0 0 0
1516102098.38 0 0 0 0
1516102098.48 0 0 0 0
1516102098.58 0 0 0 0
1516102098.68 0 0 0 0
1516102098.8 0 0 0 0
1516102098.91 0 0 0 0
1516102099.03 0 0 0 0
1516102099.13 0 0 0 0
1516102099.24 0 0 0 0
1516102099.37 0 0 0 0
1516102099.47 0 0 0 0
1516102099.6 0 0 0 0
1516102099.7 0 0 0 0
1516102099.79 0 0 0 0
1516102099.89 0 0 0 0
1516102099.99 0 0 0 0
1516102100.09 0 0 0 0
1516102100.19 0 0 0 0
1516102100.3 0 0 0 0
1516102100.39 0 0 0 0
1516102100.49 0 0 0 0
1516102100.59 0 0 0 0
1516102100.69 0 0 0 0
1516102100.79 0 0 0 0
1516102100.9 0 0 0 0
1516102101.01 0 0 0 0
1516102101.11 0 0 0 0
1516102101.21 0 0 0 0
1516102101.31 0 0 0 0
1516102101.41 0 0 0 0
1516102101.51 0 0 0 0
1516102101.61 0 0 0 0
1516102101.71 0 0 0 0
1516102101.81 0 0 0 0
1516102101.91 0 0 0 0
1516102102.0 0 0 0 0
1516102102.11 0 0 0 0
1516102102.21 0 0 0 0
1516102102.31 0 0 0 0
1516102102.41 0 0 0 0
1516102102.51 0 0 0 0
1516102102.61 0 0 0 0
1516102102.71 0 0 0 0
1516102102.81 0 0 0 0
1516102102.91 0 0 0 0
1516102103.01 0 0 0 0
1516102103.11 0 0 0 0
1516102103.21 0 0 0 0
1516102103.31 0 0 0 0
1516102103.41 0 0 0 0
1516102103.51 0 0 0 0
1516102103.61 0 0 0 0
1516102103.71 0 0 0 0
1516102103.81 0 0 0 0
1516102103.91 0 0 0 0
1516102104.01 0 0 0 0
1516102104.11 0 0 0 0
1516102104.21 0 0 0 74
1516102104.31 0 0 0 0
1516102104.42 0 0 0 0
1516102104.51 0 0 0 0
1516102104.61 0 0 0 0
1516102104.71 0 0 0 0
1516102104.81 0 0 0 0
1516102104.91 0 0 0 0
1516102105.01 0 0 0 0
1516102105.11 0 0 0 0
1516102105.21 0 0 0 0
1516102105.31 0 0 0 0
1516102105.41 0 0 0 0
1516102105.51 0 0 0 0
1516102105.61 0 0 0 0
1516102105.71 0 0 0 0
1516102105.81 0 0 0 0
1516102105.91 0 0 0 0
1516102106.01 0 0 0 0
1516102106.11 0 0 0 0
1516102106.21 0 0 0 0
1516102106.31 0 0 0 0
1516102106.41 0 0 0 0
1516102106.51 0 0 0 0
1516102106.61 0 0 0 0
1516102106.71 0 0 0 0
1516102106.81 0 0 0 0
1516102106.91 0 0 0 0
1516102107.02 0 0 0 0
1516102107.11 0 0 0 0
1516102107.21 0 0 0 0
1516102107.31 0 0 0 0
1516102107.42 0 0 0 0
1516102107.52 0 0 0 0
1516102107.62 0 0 0 0
1516102107.72 0 0 0 0
1516102107.82 0 0 0 0
1516102107.92 0 0 0 0
1516102108.02 0 0 0 0
1516102108.12 0 0 0 0
1516102108.22 0 0 0 0
1516102108.32 0 0 0 0
1516102108.42 0 0 0 0
1516102108.52 0 0 0 0
1516102108.62 0 0 0 0
1516102108.72 0 0 0 0
1516102108.82 0 0 0 0
1516102108.92 0 0 0 0
1516102109.02 0 0 0 0
1516102109.12 0 0 0 0
1516102109.22 0 0 0 0
1516102109.32 0 0 0 0
1516102109.42 0 0 0 0
1516102109.52 0 0 0 0
1516102109.62 0 0 0 0
1516102109.72 0 0 0 0
1516102109.82 0 0 0 0
1516102109.92 0 0 0 0
1516102110.02 0 0 0 0
1516102110.12 0 0 0 0
1516102110.22 0 0 0 0
1516102110.32 0 0 0 0
1516102110.42 0 0 0 0
1516102110.52 0 0 0 0
1516102110.62 0 0 0 0
1516102110.72 0 0 0 0
1516102110.82 0 0 0 0
1516102110.92 0 0 0 0
1516102111.02 0 0 0 0
1516102111.12 0 0 0 0
1516102111.22 0 0 0 2507
1516102111.32 0 0 0 1810
1516102111.42 0 0 0 1689
1516102111.52 0 0 0 340
1516102111.62 0 0 0 66
1516102111.72 0 0 0 412
1516102111.82 0 0 0 1755
1516102111.92 0 0 0 176
1516102112.02 0 0 0 118
1516102112.12 0 0 0 912
1516102112.22 0 0 0 160
1516102112.32 0 0 0 110
1516102112.42 0 0 0 380
1516102112.53 0 0 0 544
1516102112.62 0 0 0 0
1516102112.73 0 0 0 0
1516102112.82 0 0 0 66
1516102112.93 0 0 0 0
1516102113.03 0 0 0 0
1516102113.13 0 0 0 176
1516102113.23 0 0 0 0
1516102113.33 0 0 0 0
1516102113.43 0 0 0 118
1516102113.53 0 0 0 0
1516102113.63 0 0 0 0
1516102113.73 0 0 0 646
1516102113.83 0 0 0 0
1516102113.93 0 0 0 0
1516102114.03 0 0 0 94
1516102114.13 0 0 0 0
1516102114.23 0 0 0 0
1516102114.33 0 0 0 110
1516102114.43 0 0 0 0
1516102114.53 0 0 0 0
1516102114.63 0 0 0 0
1516102114.73 0 0 0 380
1516102114.83 0 0 0 0
1516102114.93 0 0 0 0
1516102115.03 0 0 0 198
1516102115.13 0 0 0 0
1516102115.23 0 0 0 0
1516102115.33 0 0 0 0
1516102115.43 0 0 0 0
1516102115.53 0 0 0 0
1516102115.63 0 0 0 0
1516102115.73 0 0 0 0
1516102115.83 0 0 0 0
1516102115.93 0 0 0 0
1516102116.03 0 0 0 0
1516102116.13 0 0 0 0
1516102116.23 0 0 0 42
1516102116.33 0 0 0 120
1516102116.43 0 0 0 0
1516102116.53 0 0 0 0
1516102116.63 0 0 0 0
1516102116.73 0 0 0 0
1516102116.83 0 0 0 0
1516102116.93 0 0 0 0
1516102117.03 0 0 0 0
1516102117.13 0 0 0 0
1516102117.23 0 0 0 0
1516102117.33 0 0 0 0
1516102117.43 0 0 0 0
1516102117.53 0 0 0 0
1516102117.63 0 0 0 0
1516102117.74 0 0 0 0
1516102117.83 0 0 0 0
1516102117.94 0 0 0 0
1516102118.04 0 0 0 0
1516102118.13 0 0 0 0
1516102118.24 0 0 0 0
1516102118.34 0 0 0 0
1516102118.44 0 0 0 0
1516102118.54 0 0 0 0
1516102118.64 0 0 0 0
1516102118.74 0 0 0 0
1516102118.84 0 0 0 0
1516102118.94 0 0 0 0
1516102119.04 0 0 0 0
1516102119.14 0 0 0 0
1516102119.24 0 0 0 0
1516102119.34 0 0 0 0
1516102119.44 0 0 0 0
1516102119.54 0 0 0 0
1516102119.64 0 0 0 0
1516102119.74 0 0 0 0
1516102119.84 0 0 0 0
1516102119.94 0 0 0 0
1516102120.04 0 0 0 0
1516102120.14 0 0 0 0
1516102120.24 0 0 0 0
1516102120.34 0 0 0 0
1516102120.44 0 0 0 0
1516102120.54 0 0 0 0
1516102120.64 0 0 0 0
1516102120.74 0 0 0 0
1516102120.84 0 0 0 0
1516102120.94 0 0 0 0
1516102121.04 0 0 0 0
1516102121.14 0 0 0 0
1516102121.24 0 0 0 0
1516102121.34 0 0 0 0
1516102121.44 0 0 0 0
1516102121.54 0 0 0 0
1516102121.64 0 0 0 0
1516102121.74 0 0 0 0
1516102121.84 0 0 0 0
1516102121.94 0 0 0 0
1516102122.04 0 0 0 0
1516102122.14 0 0 0 0
1516102122.24 0 0 0 0
1516102122.34 0 0 0 0
1516102122.44 0 0 0 0
1516102122.54 0 0 0 0
1516102122.64 0 0 0 0
1516102122.74 0 0 0 0
1516102122.84 0 0 0 0
1516102122.94 0 0 0 0
1516102123.04 0 0 0 0
1516102123.15 0 0 0 0
1516102123.25 0 0 0 0
1516102123.34 0 0 0 0
1516102123.45 0 0 0 0
1516102123.55 0 0 0 0
1516102123.65 0 0 0 0
1516102123.75 0 0 0 0
1516102123.85 0 0 0 0
1516102123.95 0 0 0 0
1516102124.05 0 0 0 0
1516102124.15 0 0 0 0
1516102124.25 0 0 0 0
1516102124.35 0 0 0 0
1516102124.45 0 0 0 0
1516102124.55 0 0 0 0
1516102124.65 0 0 0 0
1516102124.75 0 0 0 0
1516102124.85 0 0 0 0
1516102124.95 0 0 0 0
1516102125.05 0 0 0 0
1516102125.15 0 0 0 0
1516102125.25 0 0 0 0
1516102125.35 0 0 0 0
1516102125.45 0 0 0 0
1516102125.55 0 0 0 0
1516102125.65 0 0 0 0
1516102125.75 0 0 0 0
1516102125.85 0 0 0 0
1516102125.95 0 0 0 0
1516102126.05 0 0 0 0
1516102126.15 0 0 0 0
1516102126.25 0 0 0 0
1516102126.35 0 0 0 0
1516102126.45 0 0 0 0
1516102126.55 0 0 0 0
1516102126.65 0 0 0 0
1516102126.75 0 0 0 0
1516102126.85 0 0 0 0
1516102126.96 0 0 0 0
1516102127.05 0 0 0 0
1516102127.15 0 0 0 0
1516102127.25 0 0 0 0
1516102127.35 0 0 0 0
1516102127.45 0 0 0 0
1516102127.55 0 0 0 0
1516102127.65 0 0 0 0
1516102127.75 0 0 0 0
1516102127.85 0 0 0 0
1516102127.95 0 0 0 0
1516102128.05 0 0 0 0
1516102128.15 0 0 0 0
1516102128.25 0 0 0 0
1516102128.35 0 0 0 0
1516102128.45 0 0 0 0
1516102128.56 0 0 0 0
1516102128.66 0 0 0 0
1516102128.76 0 0 0 0
1516102128.86 0 0 0 0
1516102128.95 0 0 0 0
1516102129.06 0 0 0 0
1516102129.16 0 0 0 0
1516102129.26 0 0 0 0
1516102129.36 0 0 0 0
1516102129.46 0 0 0 0
1516102129.56 0 0 0 0
1516102129.66 0 0 0 0
1516102129.76 0 0 0 0
1516102129.86 0 0 0 0
1516102129.96 0 0 0 0
1516102130.06 0 0 0 0
1516102130.16 0 0 0 0
1516102130.26 0 0 0 0
1516102130.37 0 0 0 0
1516102130.47 0 0 0 0
1516102130.57 0 0 0 0
1516102130.67 0 0 0 0
1516102130.77 0 0 0 0
1516102130.87 0 0 0 0
1516102130.97 0 0 0 0
1516102131.07 0 0 0 0
1516102131.17 0 0 0 0
1516102131.28 0 0 0 0
1516102131.42 0 0 0 0
1516102131.52 0 0 0 0
1516102131.62 0 0 0 0
1516102131.72 0 0 0 0
1516102131.82 0 0 0 0
1516102131.92 0 0 0 0
1516102132.02 0 0 0 0
1516102132.12 0 0 0 0
1516102132.22 0 0 0 0
1516102132.32 0 0 0 0
1516102132.42 0 0 0 0
1516102132.52 0 0 0 0
1516102132.62 0 0 0 0
1516102132.72 0 0 0 0
1516102132.82 0 0 0 0
1516102132.92 0 0 0 0
1516102133.04 0 0 0 0
1516102133.16 0 0 0 0
1516102133.26 0 0 0 0
1516102133.38 0 0 0 0
1516102133.5 0 0 0 0
1516102133.59 0 0 0 0
1516102133.69 0 0 0 0
1516102133.81 0 0 0 0
1516102133.91 0 0 0 0
1516102134.01 0 0 0 0
1516102134.11 0 0 0 0
1516102134.21 0 0 0 0
1516102134.31 0 0 0 0
1516102134.41 0 0 0 0
1516102134.51 0 0 0 0
1516102134.61 0 0 0 0
1516102134.71 0 0 0 0
1516102134.81 0 0 0 0
1516102134.91 0 0 0 0
1516102135.01 0 0 0 0
1516102135.11 0 0 0 0
1516102135.21 0 0 0 0
1516102135.31 0 0 0 0
1516102135.41 0 0 0 0
1516102135.51 0 0 0 0
1516102135.61 0 0 0 0
1516102135.71 0 0 0 0
1516102135.81 0 0 0 0
1516102135.93 0 0 0 0
1516102136.02 0 0 0 0
1516102136.12 0 0 0 0
1516102136.22 0 0 0 0
1516102136.32 0 0 0 0
1516102136.42 0 0 0 0
1516102136.54 0 0 0 0
1516102136.64 0 0 0 0
1516102136.75 0 0 0 0
1516102136.89 0 0 0 0
1516102136.99 0 0 0 0
1516102137.09 0 0 0 0
1516102137.19 0 0 0 0
1516102137.29 0 0 0 0
1516102137.39 0 0 0 0
1516102137.49 0 0 0 0
1516102137.59 0 0 0 0
1516102137.69 0 0 0 0
1516102137.79 0 0 0 0
1516102137.89 0 0 0 0
1516102137.99 0 0 0 0
1516102138.09 0 0 0 0
1516102138.19 0 0 0 0
1516102138.31 0 0 0 0
1516102138.43 0 0 0 0
1516102138.53 0 0 0 0
1516102138.63 0 0 0 0
1516102138.73 0 0 0 0
1516102138.83 0 0 0 0
1516102138.93 0 0 0 0
1516102139.03 0 0 0 0
1516102139.13 0 0 0 0
1516102139.23 0 0 0 0
1516102139.33 0 0 0 0
1516102139.43 0 0 0 0
1516102139.53 0 0 0 0
1516102139.63 0 0 0 0
1516102139.75 0 0 0 0
1516102139.88 0 0 0 0
1516102139.97 0 0 0 0
1516102140.08 0 0 0 0
1516102140.18 0 0 0 0
1516102140.27 0 0 0 0
1516102140.38 0 0 0 0
1516102140.48 0 0 0 0
1516102140.58 0 0 0 0
1516102140.68 0 0 0 0
1516102140.78 0 0 0 0
1516102140.88 0 0 0 0
1516102140.98 0 0 0 0
1516102141.1 0 0 0 0
1516102141.22 0 0 0 0
1516102141.32 0 0 0 0
1516102141.42 0 0 0 0
1516102141.54 0 0 0 0
1516102141.68 0 0 0 0
1516102141.78 0 0 0 0
1516102141.9 0 0 0 0
1516102142.02 0 0 0 0
1516102142.12 0 0 0 0
1516102142.22 0 0 0 0
1516102142.32 0 0 0 0
1516102142.42 0 0 0 0
1516102142.54 0 0 0 0
1516102142.66 0 0 0 0
1516102142.75 0 0 0 0
1516102142.86 0 0 0 0
1516102142.96 0 0 0 0
1516102143.06 0 0 0 0
1516102143.17 0 0 0 0
1516102143.27 0 0 0 0
1516102143.37 0 0 0 0
1516102143.47 0 0 0 0
1516102143.57 0 0 0 0
1516102143.67 0 0 0 0
1516102143.77 0 0 0 0
1516102143.88 0 0 0 0
1516102144.01 0 0 0 0
1516102144.1 0 0 0 0
1516102144.2 0 0 0 0
1516102144.3 0 0 0 0
1516102144.42 0 0 0 0
1516102144.53 0 0 0 0
1516102144.63 0 0 0 0
1516102144.73 0 0 0 0
1516102144.83 0 0 0 0
1516102144.93 0 0 0 0
1516102145.03 0 0 0 0
1516102145.13 0 0 0 0
1516102145.23 0 0 0 0
1516102145.33 0 0 0 0
1516102145.43 0 0 0 0
1516102145.53 0 0 0 0
1516102145.63 0 0 0 0
1516102145.73 0 0 0 0
1516102145.83 0 0 0 0
1516102145.93 0 0 0 0
1516102146.03 0 0 0 0
1516102146.13 0 0 0 0
1516102146.23 0 0 0 0
1516102146.33 0 0 0 0
1516102146.43 0 0 0 0
1516102146.53 0 0 0 0
1516102146.63 0 0 0 0
1516102146.73 0 0 0 0
1516102146.83 0 0 0 0
1516102146.93 0 0 0 0
1516102147.03 0 0 0 0
1516102147.13 0 0 0 0
1516102147.23 0 0 0 0
1516102147.33 0 0 0 0
1516102147.44 0 0 0 0
1516102147.54 0 0 0 0
1516102147.67 0 0 0 0
1516102147.75 0 0 0 0
1516102147.85 0 0 0 0
1516102147.95 0 0 0 0
1516102148.05 0 0 0 0
1516102148.15 0 0 0 0
1516102148.25 0 0 0 0
1516102148.35 0 0 0 0
1516102148.45 0 0 0 0
1516102148.55 0 0 0 0
1516102148.65 0 0 0 0
1516102148.75 0 0 0 0
1516102148.85 0 0 0 0
1516102148.95 0 0 0 0
1516102149.05 0 0 0 0
1516102149.15 0 0 0 0
1516102149.25 0 0 0 0
1516102149.35 0 0 0 0
1516102149.45 0 0 0 0
1516102149.55 0 0 0 0
1516102149.65 0 0 0 0
1516102149.75 0 0 0 0
1516102149.85 0 0 0 0
1516102149.95 0 0 0 0
1516102150.05 0 0 0 0
1516102150.15 0 0 0 0
1516102150.25 0 0 0 0
1516102150.36 0 0 0 0
1516102150.46 0 0 0 0
1516102150.55 0 0 0 0
1516102150.66 0 0 0 0
1516102150.75 0 0 0 0
1516102150.85 0 0 0 0
1516102150.95 0 0 0 0
1516102151.05 0 0 0 0
1516102151.15 0 0 0 0
1516102151.25 0 0 0 0
1516102151.35 0 0 0 0
1516102151.45 0 0 0 0
1516102151.55 0 0 0 0
1516102151.65 0 0 0 0
1516102151.75 0 0 0 0
1516102151.85 0 0 0 0
1516102151.95 0 0 0 0
1516102152.05 0 0 0 0
1516102152.15 0 0 0 0
1516102152.25 0 0 0 0
1516102152.35 0 0 0 0
1516102152.46 0 0 0 0
1516102152.56 0 0 0 0
1516102152.65 0 0 0 0
1516102152.76 0 0 0 0
1516102152.86 0 0 0 0
1516102152.96 0 0 0 0
1516102153.06 0 0 0 0
1516102153.16 0 0 0 0
1516102153.26 0 0 0 0
1516102153.36 0 0 0 0
1516102153.46 0 0 0 0
1516102153.56 0 0 0 0
1516102153.66 0 0 0 0
1516102153.76 0 0 0 0
1516102153.86 0 0 0 0
1516102153.96 0 0 0 0
1516102154.06 0 0 0 0
1516102154.16 0 0 0 0
1516102154.26 0 0 0 0
1516102154.36 0 0 0 0
1516102154.46 0 0 0 0
1516102154.56 0 0 0 0
1516102154.66 0 0 0 0
1516102154.76 0 0 0 0
1516102154.86 0 0 0 0
1516102154.96 0 0 0 0
1516102155.06 0 0 0 0
1516102155.16 0 0 0 0
1516102155.26 0 0 0 0
1516102155.36 0 0 0 0
1516102155.46 0 0 0 0
1516102155.56 0 0 0 0
1516102155.66 0 0 0 0
1516102155.76 0 0 0 0
1516102155.86 0 0 0 0
1516102155.96 0 0 0 0
1516102156.06 0 0 0 0
1516102156.16 0 0 0 0
1516102156.26 0 0 0 0
1516102156.36 0 0 0 0
1516102156.46 0 0 0 0
1516102156.56 0 0 0 0
1516102156.66 0 0 0 0
1516102156.76 0 0 0 0
1516102156.87 0 0 0 0
1516102156.96 0 0 0 0
1516102157.07 0 0 0 0
1516102157.17 0 0 0 0
1516102157.26 0 0 0 0
1516102157.36 0 0 0 0
1516102157.47 0 0 0 0
1516102157.56 0 0 0 0
1516102157.66 0 0 0 0
1516102157.76 0 0 0 0
1516102157.86 0 0 0 0
1516102157.96 0 0 0 0
1516102158.06 0 0 0 0
1516102158.17 0 0 0 0
1516102158.26 0 0 0 0
1516102158.36 0 0 0 0
1516102158.46 0 0 0 0
1516102158.57 0 0 0 0
1516102158.67 0 0 0 0
1516102158.77 0 0 0 0
1516102158.87 0 0 0 0
1516102158.97 0 0 0 0
1516102159.07 0 0 0 0
1516102159.17 0 0 0 0
1516102159.27 0 0 0 0
1516102159.37 0 0 0 0
1516102159.47 0 0 0 0
1516102159.57 0 0 0 0
1516102159.67 0 0 0 0
1516102159.77 0 0 0 0
1516102159.87 0 0 0 0
1516102159.97 0 0 0 0
1516102160.07 0 0 0 0
1516102160.17 0 0 0 0
1516102160.27 0 0 0 0
1516102160.37 0 0 0 0
1516102160.47 0 0 0 0
1516102160.57 0 0 0 0
1516102160.67 0 0 0 0
1516102160.77 0 0 0 0
1516102160.87 0 0 0 0
1516102160.97 0 0 0 0
1516102161.07 0 0 0 0
1516102161.17 0 0 0 0
1516102161.27 0 0 0 0
1516102161.37 0 0 0 0
1516102161.47 0 0 0 0
1516102161.57 0 0 0 0
1516102161.67 0 0 0 0
1516102161.78 0 0 0 0
1516102161.88 0 0 0 0
1516102161.98 0 0 0 0
1516102162.07 0 0 0 0
1516102162.17 0 0 0 0
1516102162.27 0 0 0 0
1516102162.37 0 0 0 0
1516102162.47 0 0 0 0
1516102162.57 0 0 0 0
1516102162.67 0 0 0 0
1516102162.77 0 0 0 0
1516102162.87 0 0 0 0
1516102162.97 0 0 0 0
1516102163.07 0 0 0 0
1516102163.17 0 0 0 0
1516102163.27 0 0 0 0
1516102163.37 0 0 0 0
1516102163.47 0 0 0 0
1516102163.57 0 0 0 0
1516102163.67 0 0 0 0
1516102163.78 0 0 0 0
1516102163.88 0 0 0 0
1516102163.98 0 0 0 0
1516102164.08 0 0 0 0
1516102164.18 0 0 0 0
1516102164.28 0 0 0 0
1516102164.38 0 0 0 0
1516102164.48 0 0 0 0
1516102164.58 0 0 0 0
1516102164.68 0 0 0 0
1516102164.78 0 0 0 0
1516102164.88 0 0 0 0
1516102164.98 0 0 0 0
1516102165.08 0 0 0 0
1516102165.18 0 0 0 0
1516102165.28 0 0 0 0
1516102165.38 0 0 0 0
1516102165.48 0 0 0 0
1516102165.58 0 0 0 0
1516102165.68 0 0 0 0
1516102165.78 0 0 0 0
1516102165.88 0 0 0 0
1516102165.98 0 0 0 0
1516102166.08 0 0 0 0
1516102166.18 0 0 0 0
1516102166.28 0 0 0 0
1516102166.38 0 0 0 0
1516102166.48 0 0 0 0
1516102166.58 0 0 0 0
1516102166.68 0 0 0 0
1516102166.78 0 0 0 0
1516102166.88 0 0 0 0
1516102166.98 0 0 0 0
1516102167.08 0 0 0 0
1516102167.18 0 0 0 0
1516102167.28 0 0 0 0
1516102167.38 0 0 0 0
1516102167.48 0 0 0 0
1516102167.58 0 0 0 0
1516102167.68 0 0 0 0
1516102167.78 0 0 0 0
1516102167.88 0 0 0 0
1516102167.98 0 0 0 0
1516102168.08 0 0 0 0
1516102168.18 0 0 0 0
1516102168.28 0 0 0 0
1516102168.38 0 0 0 0
1516102168.48 0 0 0 0
1516102168.58 0 0 0 0
1516102168.68 0 0 0 0
1516102168.78 0 0 0 0
1516102168.88 0 0 0 0
1516102168.98 0 0 0 0
1516102169.09 0 0 0 0
1516102169.18 0 0 0 0
1516102169.28 0 0 0 0
1516102169.38 0 0 0 0
1516102169.49 0 0 0 0
1516102169.59 0 0 0 0
1516102169.69 0 0 0 0
1516102169.79 0 0 0 0
1516102169.89 0 0 0 0
1516102169.99 0 0 0 0
1516102170.09 0 0 0 0
1516102170.19 0 0 0 0
1516102170.29 0 0 0 0
1516102170.39 0 0 0 0
1516102170.49 0 0 0 0
1516102170.59 0 0 0 0
1516102170.69 0 0 0 0
1516102170.79 0 0 0 0
1516102170.89 0 0 0 0
1516102170.99 0 0 0 0
1516102171.09 0 0 0 0
1516102171.19 0 0 0 0
1516102171.29 0 0 0 0
1516102171.39 0 0 0 0
1516102171.49 0 0 0 0
1516102171.59 0 0 0 0
1516102171.69 0 0 0 0
1516102171.79 0 0 0 0
1516102171.89 0 0 0 0
1516102171.99 0 0 0 0
1516102172.09 0 0 0 0
1516102172.19 0 0 0 0
1516102172.29 0 0 0 0
1516102172.4 0 0 0 0
1516102172.49 0 0 0 0
1516102172.6 0 0 0 0
1516102172.69 0 0 0 0
1516102172.79 0 0 0 0
1516102172.9 0 0 0 0
1516102173.0 0 0 0 0
1516102173.1 0 0 0 0
1516102173.2 0 0 0 0
1516102173.3 0 0 0 0
1516102173.4 0 0 0 0
1516102173.5 0 0 0 0
1516102173.6 0 0 0 0
1516102173.7 0 0 0 0
1516102173.8 0 0 0 0
1516102173.9 0 0 0 0
1516102174.0 0 0 0 0
1516102174.1 0 0 0 0
1516102174.2 0 0 0 0
1516102174.3 0 0 0 0
1516102174.4 0 0 0 0
1516102174.5 0 0 0 0
1516102174.6 0 0 0 0
1516102174.7 0 0 0 0
1516102174.8 0 0 0 0
1516102174.9 0 0 0 0
1516102175.0 0 0 0 0
1516102175.1 0 0 0 0
1516102175.2 0 0 0 0
1516102175.3 0 0 0 0
1516102175.4 0 0 0 0
1516102175.5 0 0 0 0
1516102175.6 0 0 0 0
1516102175.7 0 0 0 0
1516102175.8 0 0 0 0
1516102175.9 0 0 0 0
1516102176.0 0 0 0 0
1516102176.1 0 0 0 0
1516102176.2 0 0 0 0
1516102176.31 0 0 0 0
1516102176.4 0 0 0 0
1516102176.5 0 0 0 0
1516102176.6 0 0 0 0
1516102176.7 0 0 0 0
1516102176.8 0 0 0 0
1516102176.91 0 0 0 0
1516102177.0 0 0 0 0
1516102177.1 0 0 0 0
1516102177.2 0 0 0 0
1516102177.3 0 0 0 0
1516102177.4 0 0 0 0
1516102177.5 0 0 0 0
1516102177.6 0 0 0 0
1516102177.7 0 0 0 0
1516102177.8 0 0 0 0
1516102177.91 0 0 0 0
1516102178.01 0 0 0 0
1516102178.11 0 0 0 0
1516102178.2 0 0 0 0
1516102178.31 0 0 0 0
1516102178.4 0 0 0 0
1516102178.51 0 0 0 0
1516102178.61 0 0 0 0
1516102178.71 0 0 0 0
1516102178.81 0 0 0 0
1516102178.91 0 0 0 0
1516102179.01 0 0 0 0
1516102179.11 0 0 0 0
1516102179.21 0 0 0 0
1516102179.31 0 0 0 0
1516102179.41 0 0 0 0
1516102179.51 0 0 0 0
1516102179.61 0 0 0 0
1516102179.71 0 0 0 0
1516102179.81 0 0 0 0
1516102179.91 0 0 0 0
1516102180.01 0 0 0 0
1516102180.11 0 0 0 0
1516102180.21 0 0 0 0
1516102180.31 0 0 0 0
1516102180.41 0 0 0 0
1516102180.51 0 0 0 0
1516102180.61 0 0 0 0
1516102180.71 0 0 0 0
1516102180.81 0 0 0 0
1516102180.92 0 0 0 0
1516102181.02 0 0 0 0
1516102181.11 0 0 0 0
1516102181.21 0 0 0 0
1516102181.31 0 0 0 0
1516102181.42 0 0 0 0
1516102181.52 0 0 0 0
1516102181.62 0 0 0 0
1516102181.72 0 0 0 0
1516102181.82 0 0 0 0
1516102181.92 0 0 0 0
1516102182.02 0 0 0 0
1516102182.12 0 0 0 0
1516102182.21 0 0 0 0
1516102182.32 0 0 0 0
1516102182.42 0 0 0 0
1516102182.52 0 0 0 0
1516102182.62 0 0 0 0
1516102182.72 0 0 0 0
1516102182.82 0 0 0 0
1516102182.92 0 0 0 0
1516102183.02 0 0 0 0
1516102183.12 0 0 0 0
1516102183.22 0 0 0 0
1516102183.32 0 0 0 0
1516102183.42 0 0 0 0
1516102183.52 0 0 0 0
1516102183.62 0 0 0 0
1516102183.72 0 0 0 0
1516102183.82 0 0 0 0
1516102183.92 0 0 0 0
1516102184.02 0 0 0 0
1516102184.12 0 0 0 0
1516102184.22 0 0 0 0
1516102184.32 0 0 0 0
1516102184.42 0 0 0 0
1516102184.52 0 0 0 0
1516102184.62 0 0 0 0
1516102184.72 0 0 0 0
1516102184.82 0 0 0 0
1516102184.92 0 0 0 0
1516102185.02 0 0 0 0
1516102185.12 0 0 0 0
1516102185.22 0 0 0 0
1516102185.33 0 0 0 0
1516102185.42 0 0 0 0
1516102185.52 0 0 0 0
1516102185.63 0 0 0 0
1516102185.73 0 0 0 0
1516102185.83 0 0 0 0
1516102185.93 0 0 0 0
1516102186.03 0 0 0 0
1516102186.13 0 0 0 0
1516102186.23 0 0 0 0
1516102186.33 0 0 0 0
1516102186.43 0 0 0 0
1516102186.53 0 0 0 0
1516102186.63 0 0 0 0
1516102186.73 0 0 0 0
1516102186.83 0 0 0 0
1516102186.94 0 0 0 0
1516102187.03 0 0 0 0
1516102187.13 0 0 0 0
1516102187.23 0 0 0 0
1516102187.33 0 0 0 0
1516102187.43 0 0 0 0
1516102187.53 0 0 0 0
1516102187.63 0 0 0 0
1516102187.73 0 0 0 0
1516102187.83 0 0 0 0
1516102187.93 0 0 0 0
1516102188.03 0 0 0 0
1516102188.13 0 0 0 0
1516102188.23 0 0 0 0
1516102188.33 0 0 0 0
1516102188.43 0 0 0 0
1516102188.53 0 0 0 0
1516102188.63 0 0 0 0
1516102188.73 0 0 0 0
1516102188.84 0 0 0 0
1516102188.93 0 0 0 0
1516102189.03 0 0 0 0
1516102189.13 0 0 0 0
1516102189.24 0 0 0 0
1516102189.34 0 0 0 0
1516102189.44 0 0 0 0
1516102189.54 0 0 0 0
1516102189.64 0 0 0 0
1516102189.74 0 0 0 0
1516102189.84 0 0 0 0
1516102189.94 0 0 0 0
1516102190.04 0 0 0 0
1516102190.14 0 0 0 0
1516102190.24 0 0 0 0
1516102190.34 0 0 0 0
1516102190.44 0 0 0 0
1516102190.54 0 0 0 0
1516102190.64 0 0 0 0
1516102190.74 0 0 0 0
1516102190.84 0 0 0 0
1516102190.94 0 0 0 0
1516102191.04 0 0 0 0
1516102191.14 0 0 0 0
1516102191.24 0 0 0 0
1516102191.34 0 0 0 0
1516102191.44 0 0 0 0
1516102191.54 0 0 0 0
1516102191.64 0 0 0 0
1516102191.74 0 0 0 0
1516102191.84 0 0 0 0
1516102191.94 0 0 0 0
1516102192.04 0 0 0 0
1516102192.14 0 0 0 0
1516102192.25 0 0 0 0
1516102192.35 0 0 0 0
1516102192.45 0 0 0 0
1516102192.55 0 0 0 0
1516102192.65 0 0 0 0
1516102192.75 0 0 0 0
1516102192.85 0 0 0 0
1516102192.95 0 0 0 0
1516102193.05 0 0 0 0
1516102193.15 0 0 0 0
1516102193.25 0 0 0 0
1516102193.35 0 0 0 0
1516102193.45 0 0 0 0
1516102193.55 0 0 0 0
1516102193.65 0 0 0 0
1516102193.75 0 0 0 0
1516102193.85 0 0 0 0
1516102193.95 0 0 0 0
1516102194.05 0 0 0 0
1516102194.15 0 0 0 0
1516102194.25 0 0 0 0
1516102194.35 0 0 0 0
1516102194.45 0 0 0 0
1516102194.55 0 0 0 0
1516102194.65 0 0 0 0
1516102194.75 0 0 0 0
1516102194.85 0 0 0 0
1516102194.95 0 0 0 0
1516102195.05 0 0 0 0
1516102195.15 0 0 0 0
1516102195.26 0 0 0 0
1516102195.35 0 0 0 0
1516102195.45 0 0 0 0
1516102195.55 0 0 0 0
1516102195.65 0 0 0 0
1516102195.75 0 0 0 0
1516102195.85 0 0 0 0
1516102195.96 0 0 0 0
1516102196.06 0 0 0 0
1516102196.16 0 0 0 0
1516102196.26 0 0 0 0
1516102196.36 0 0 0 0
1516102196.46 0 0 0 0
1516102196.56 0 0 0 0
1516102196.66 0 0 0 0
1516102196.76 0 0 0 0
1516102196.86 0 0 0 0
1516102196.96 0 0 0 0
1516102197.06 0 0 0 0
1516102197.16 0 0 0 0
1516102197.26 0 0 0 0
1516102197.36 0 0 0 0
1516102197.46 0 0 0 0
1516102197.56 0 0 0 0
1516102197.66 0 0 0 0
1516102197.76 0 0 0 0
1516102197.86 0 0 0 0
1516102197.96 0 0 0 0
1516102198.06 0 0 0 0
1516102198.16 0 0 0 0
1516102198.26 0 0 0 0
1516102198.36 0 0 0 0
1516102198.46 0 0 0 0
1516102198.56 0 0 0 0
1516102198.66 0 0 0 0
1516102198.76 0 0 0 0
1516102198.86 0 0 0 0
1516102198.96 0 0 0 0
1516102199.06 0 0 0 0
1516102199.16 0 0 0 0
1516102199.27 0 0 0 0
1516102199.36 0 0 0 0
1516102199.47 0 0 0 0
1516102199.57 0 0 0 0
1516102199.67 0 0 0 0
1516102199.76 0 0 0 0
1516102199.87 0 0 0 0
1516102199.97 0 0 0 0
1516102200.07 0 0 0 0
1516102200.17 0 0 0 0
1516102200.27 0 0 0 0
1516102200.37 0 0 0 0
1516102200.47 0 0 0 0
1516102200.57 0 0 0 0
1516102200.67 0 0 0 0
1516102200.77 0 0 0 0
1516102200.87 0 0 0 0
1516102200.97 0 0 0 0
1516102201.07 0 0 0 0
1516102201.17 0 0 0 0
1516102201.27 0 0 0 0
1516102201.37 0 0 0 0
1516102201.47 0 0 0 0
1516102201.57 0 0 0 0
1516102201.67 0 0 0 0
1516102201.77 0 0 0 0
1516102201.87 0 0 0 0
1516102201.97 0 0 0 0
1516102202.07 0 0 0 0
1516102202.18 0 0 0 0
1516102202.28 0 0 0 0
1516102202.37 0 0 0 0
1516102202.47 0 0 0 0
1516102202.58 0 0 0 0
1516102202.67 0 0 0 0
1516102202.77 0 0 0 0
1516102202.88 0 0 0 0
1516102202.98 0 0 0 0
1516102203.08 0 0 0 0
1516102203.18 0 0 0 0
1516102203.28 0 0 0 0
1516102203.38 0 0 0 0
1516102203.48 0 0 0 0
1516102203.58 0 0 0 0
1516102203.68 0 0 0 0
1516102203.78 0 0 0 0
1516102203.88 0 0 0 0
1516102203.98 0 0 0 0
1516102204.08 0 0 0 0
1516102204.18 0 0 0 0
1516102204.28 0 0 0 0
1516102204.38 0 0 0 0
1516102204.49 0 0 0 0
1516102204.58 0 0 0 0
1516102204.68 0 0 0 0
1516102204.78 0 0 0 0
1516102204.88 0 0 0 0
1516102204.99 0 0 0 0
1516102205.08 0 0 0 0
1516102205.18 0 0 0 0
1516102205.29 0 0 0 0
1516102205.39 0 0 0 0
1516102205.49 0 0 0 0
1516102205.59 0 0 0 0
1516102205.69 0 0 0 0
1516102205.79 0 0 0 0
1516102205.89 0 0 0 0
1516102205.99 0 0 0 0
1516102206.09 0 0 0 0
1516102206.19 0 0 0 0
1516102206.29 0 0 0 0
1516102206.39 0 0 0 0
1516102206.49 0 0 0 0
1516102206.59 0 0 0 0
1516102206.69 0 0 0 0
1516102206.79 0 0 0 0
1516102206.89 0 0 0 0
1516102206.99 0 0 0 0
1516102207.09 0 0 0 0
1516102207.19 0 0 0 0
1516102207.29 0 0 0 0
1516102207.39 0 0 0 0
1516102207.49 0 0 0 0
1516102207.59 0 0 0 0
1516102207.7 0 0 0 0
1516102207.79 0 0 0 0
1516102207.89 0 0 0 0
1516102208.0 0 0 0 0
1516102208.1 0 0 0 0
1516102208.2 0 0 0 0
1516102208.29 0 0 0 0
1516102208.39 0 0 0 0
1516102208.49 0 0 0 0
1516102208.59 0 0 0 0
1516102208.7 0 0 0 0
1516102208.79 0 0 0 0
1516102208.9 0 0 0 0
1516102208.99 0 0 0 0
1516102209.09 0 0 0 0
1516102209.19 0 0 0 0
1516102209.29 0 0 0 0
1516102209.39 0 0 0 0
1516102209.5 0 0 0 0
1516102209.59 0 0 0 0
1516102209.7 0 0 0 0
1516102209.8 0 0 0 0
1516102209.9 0 0 0 0
1516102210.0 0 0 0 0
1516102210.1 0 0 0 0
1516102210.2 0 0 0 0
1516102210.3 0 0 0 0
1516102210.4 0 0 0 0
1516102210.5 0 0 0 0
1516102210.6 0 0 0 0
1516102210.7 0 0 0 0
1516102210.8 0 0 0 0
1516102210.9 0 0 0 0
1516102211.0 0 0 0 0
1516102211.1 0 0 0 0
1516102211.2 0 0 0 0
1516102211.3 0 0 0 0
1516102211.4 0 0 0 0
1516102211.5 0 0 0 0
1516102211.6 0 0 0 0
1516102211.7 0 0 0 0
1516102211.8 0 0 0 0
1516102211.9 0 0 0 0
1516102212.0 0 0 0 0
1516102212.11 0 0 0 0
1516102212.2 0 0 0 0
1516102212.3 0 0 0 0
1516102212.4 0 0 0 0
1516102212.5 0 0 0 0
1516102212.6 0 0 0 0
1516102212.71 0 0 0 0
1516102212.8 0 0 0 0
1516102212.9 0 0 0 0
1516102213.0 0 0 0 0
1516102213.11 0 0 0 0
1516102213.21 0 0 0 0
1516102213.3 0 0 0 0
1516102213.4 0 0 0 0
1516102213.5 0 0 0 0
1516102213.61 0 0 0 0
1516102213.71 0 0 0 0
1516102213.81 0 0 0 0
1516102213.91 0 0 0 0
1516102214.01 0 0 0 0
1516102214.11 0 0 0 0
1516102214.2 0 0 0 0
1516102214.3 0 0 0 0
1516102214.41 0 0 0 0
1516102214.51 0 0 0 0
1516102214.61 0 0 0 0
1516102214.71 0 0 0 0
1516102214.81 0 0 0 0
1516102214.91 0 0 0 0
1516102215.01 0 0 0 0
1516102215.11 0 0 0 0
1516102215.21 0 0 0 0
1516102215.31 0 0 0 0
1516102215.41 0 0 0 0
1516102215.51 0 0 0 0
1516102215.61 0 0 0 0
1516102215.71 0 0 0 0
1516102215.81 0 0 0 0
1516102215.91 0 0 0 0
1516102216.01 0 0 0 0
1516102216.11 0 0 0 0
1516102216.21 0 0 0 0
1516102216.31 0 0 0 0
1516102216.42 0 0 0 0
1516102216.52 0 0 0 0
1516102216.61 0 0 0 0
1516102216.71 0 0 0 0
1516102216.82 0 0 0 0
1516102216.92 0 0 0 0
1516102217.01 0 0 0 0
1516102217.11 0 0 0 0
1516102217.21 0 0 0 0
1516102217.31 0 0 0 0
1516102217.42 0 0 0 0
1516102217.51 0 0 0 0
1516102217.61 0 0 0 0
1516102217.71 0 0 0 0
1516102217.82 0 0 0 0
1516102217.92 0 0 0 0
1516102218.02 0 0 0 0
1516102218.12 0 0 0 0
1516102218.22 0 0 0 0
1516102218.32 0 0 0 0
1516102218.42 0 0 0 0
1516102218.52 0 0 0 0
1516102218.62 0 0 0 0
1516102218.72 0 0 0 0
1516102218.82 0 0 0 0
1516102218.92 0 0 0 0
1516102219.02 0 0 0 0
1516102219.12 0 0 0 0
1516102219.22 0 0 0 0
1516102219.32 0 0 0 0
1516102219.42 0 0 0 0
1516102219.52 0 0 0 0
1516102219.62 0 0 0 0
1516102219.72 0 0 0 0
1516102219.82 0 0 0 0
1516102219.92 0 0 0 0
1516102220.02 0 0 0 0
1516102220.12 0 0 0 0
1516102220.22 0 0 0 0
1516102220.32 0 0 0 0
1516102220.42 0 0 0 0
1516102220.52 0 0 0 0
1516102220.62 0 0 0 0
1516102220.72 0 0 0 0
1516102220.82 0 0 0 0
1516102220.92 0 0 0 0
1516102221.02 0 0 0 0
1516102221.13 0 0 0 0
1516102221.23 0 0 0 0
1516102221.33 0 0 0 0
1516102221.42 0 0 0 0
1516102221.53 0 0 0 0
1516102221.63 0 0 0 0
1516102221.73 0 0 0 0
1516102221.83 0 0 0 0
1516102221.93 0 0 0 0
1516102222.03 0 0 0 0
1516102222.13 0 0 0 0
1516102222.23 0 0 0 0
1516102222.33 0 0 0 0
1516102222.43 0 0 0 0
1516102222.53 0 0 0 0
1516102222.63 0 0 0 0
1516102222.73 0 0 0 0
1516102222.83 0 0 0 0
1516102222.93 0 0 0 0
1516102223.03 0 0 0 0
1516102223.13 0 0 0 0
1516102223.23 0 0 0 0
1516102223.34 0 0 0 0
1516102223.44 0 0 0 0
1516102223.54 0 0 0 0
1516102223.64 0 0 0 0
1516102223.74 0 0 0 0
1516102223.84 0 0 0 0
1516102223.94 0 0 0 0
1516102224.04 0 0 0 0
1516102224.14 0 0 0 0
1516102224.24 0 0 0 0
1516102224.34 0 0 0 0
1516102224.44 0 0 0 0
1516102224.54 0 0 0 0
1516102224.64 0 0 0 0
1516102224.74 0 0 0 0
1516102224.84 0 0 0 0
1516102224.94 0 0 0 0
1516102225.04 0 0 0 0
1516102225.14 0 0 0 0
1516102225.24 0 0 0 0
1516102225.34 0 0 0 0
1516102225.44 0 0 0 0
1516102225.55 0 0 0 0
1516102225.64 0 0 0 0
1516102225.74 0 0 0 0
1516102225.84 0 0 0 0
1516102225.94 0 0 0 0
1516102226.04 0 0 0 0
1516102226.14 0 0 0 0
1516102226.24 0 0 0 0
1516102226.34 0 0 0 0
1516102226.44 0 0 0 0
1516102226.54 0 0 0 0
1516102226.65 0 0 0 0
1516102226.74 0 0 0 0
1516102226.84 0 0 0 0
1516102226.94 0 0 0 0
1516102227.04 0 0 0 0
1516102227.15 0 0 0 0
1516102227.24 0 0 0 0
1516102227.35 0 0 0 0
1516102227.45 0 0 0 0
1516102227.55 0 0 0 0
1516102227.64 0 0 0 0
1516102227.75 0 0 0 0
1516102227.85 0 0 0 0
1516102227.95 0 0 0 0
1516102228.05 0 0 0 0
1516102228.15 0 0 0 0
1516102228.25 0 0 0 0
1516102228.35 0 0 0 0
1516102228.45 0 0 0 0
1516102228.55 0 0 0 0
1516102228.65 0 0 0 0
1516102228.75 0 0 0 0
1516102228.85 0 0 0 0
1516102228.95 0 0 0 0
1516102229.05 0 0 0 0
1516102229.15 0 0 0 0
1516102229.25 0 0 0 0
1516102229.35 0 0 0 0
1516102229.45 0 0 0 0
1516102229.55 0 0 0 0
1516102229.65 0 0 0 0
1516102229.75 0 0 0 0
1516102229.85 0 0 0 0
1516102229.95 0 0 0 0
1516102230.05 0 0 0 0
1516102230.16 0 0 0 0
1516102230.26 0 0 0 0
1516102230.36 0 0 0 0
1516102230.46 0 0 0 0
1516102230.55 0 0 0 0
1516102230.65 0 0 0 0
1516102230.75 0 0 0 0
1516102230.86 0 0 0 0
1516102230.95 0 0 0 0
1516102231.06 0 0 0 0
1516102231.16 0 0 0 0
1516102231.26 0 0 0 0
1516102231.36 0 0 0 0
1516102231.46 0 0 0 0
1516102231.56 0 0 0 0
1516102231.66 0 0 0 0
1516102231.76 0 0 0 0
1516102231.86 0 0 0 0
1516102231.96 0 0 0 0
1516102232.06 0 0 0 0
1516102232.16 0 0 0 0
1516102232.26 0 0 0 0
1516102232.36 0 0 0 0
1516102232.46 0 0 0 0
1516102232.57 0 0 0 0
1516102232.67 0 0 0 0
1516102232.77 0 0 0 0
1516102232.86 0 0 0 0
1516102232.97 0 0 0 0
1516102233.07 0 0 0 0
1516102233.17 0 0 0 0
1516102233.27 0 0 0 0
1516102233.37 0 0 0 0
1516102233.47 0 0 0 0
1516102233.57 0 0 0 0
1516102233.67 0 0 0 0
1516102233.77 0 0 0 0
1516102233.87 0 0 0 0
1516102233.97 0 0 0 0
1516102234.07 0 0 0 0
1516102234.17 0 0 0 0
1516102234.27 0 0 0 0
1516102234.37 0 0 0 0
1516102234.47 0 0 0 0
1516102234.58 0 0 0 0
1516102234.67 0 0 0 0
1516102234.78 0 0 0 0
1516102234.87 0 0 0 0
1516102234.97 0 0 0 0
1516102235.07 0 0 0 0
1516102235.17 0 0 0 0
1516102235.28 0 0 0 0
1516102235.37 0 0 0 0
1516102235.47 0 0 0 0
1516102235.57 0 0 0 0
1516102235.67 0 0 0 0
1516102235.77 0 0 0 0
1516102235.88 0 0 0 0
1516102235.98 0 0 0 0
1516102236.08 0 0 0 0
1516102236.18 0 0 0 0
1516102236.28 0 0 0 0
1516102236.38 0 0 0 0
1516102236.48 0 0 0 0
1516102236.58 0 0 0 0
1516102236.68 0 0 0 0
1516102236.78 0 0 0 0
1516102236.88 0 0 0 0
1516102236.98 0 0 0 0
1516102237.08 0 0 0 0
1516102237.18 0 0 0 0
1516102237.28 0 0 0 0
1516102237.38 0 0 0 0
1516102237.48 0 0 0 0
1516102237.58 0 0 0 0
1516102237.68 0 0 0 0
1516102237.78 0 0 0 0
1516102237.88 0 0 0 0
1516102237.98 0 0 0 0
1516102238.08 0 0 0 0
1516102238.18 0 0 0 0
1516102238.28 0 0 0 0
1516102238.38 0 0 0 0
1516102238.48 0 0 0 0
1516102238.58 0 0 0 0
1516102238.68 0 0 0 0
1516102238.78 0 0 0 0
1516102238.89 0 0 0 0
1516102238.98 0 0 0 0
1516102239.09 0 0 0 0
1516102239.18 0 0 0 0
1516102239.29 0 0 0 0
1516102239.39 0 0 0 0
1516102239.49 0 0 0 0
1516102239.59 0 0 0 0
1516102239.69 0 0 0 0
1516102239.79 0 0 0 0
1516102239.89 0 0 0 0
1516102239.99 0 0 0 0
1516102240.09 0 0 0 0
1516102240.19 0 0 0 0
1516102240.29 0 0 0 0
1516102240.39 0 0 0 0
1516102240.49 0 0 0 0
1516102240.59 0 0 0 0
1516102240.69 0 0 0 0
1516102240.79 0 0 0 0
1516102240.89 0 0 0 0
1516102240.99 0 0 0 0
1516102241.09 0 0 0 0
1516102241.19 0 0 0 0
1516102241.29 0 0 0 0
1516102241.39 0 0 0 0
1516102241.49 0 0 0 0
1516102241.59 0 0 0 0
1516102241.69 0 0 0 0
1516102241.79 0 0 0 0
1516102241.89 0 0 0 0
1516102241.99 0 0 0 0
1516102242.09 0 0 0 0
1516102242.19 0 0 0 0
1516102242.29 0 0 0 0
1516102242.39 0 0 0 0
1516102242.49 0 0 0 0
1516102242.6 0 0 0 0
1516102242.7 0 0 0 0
1516102242.8 0 0 0 0
1516102242.9 0 0 0 0
1516102243.0 0 0 0 0
1516102243.1 0 0 0 0
1516102243.2 0 0 0 0
1516102243.3 0 0 0 0
1516102243.4 0 0 0 0
1516102243.5 0 0 0 0
1516102243.6 0 0 0 0
1516102243.7 0 0 0 0
1516102243.8 0 0 0 0
1516102243.9 0 0 0 0
1516102244.0 0 0 0 0
1516102244.1 0 0 0 0
1516102244.2 0 0 0 0
1516102244.3 0 0 0 0
1516102244.4 0 0 0 0
1516102244.5 0 0 0 0
1516102244.6 0 0 0 0
1516102244.7 0 0 0 0
1516102244.8 0 0 0 0
1516102244.9 0 0 0 0
1516102245.0 0 0 0 0
1516102245.1 0 0 0 0
1516102245.2 0 0 0 0
1516102245.3 0 0 0 0
1516102245.4 0 0 0 0
1516102245.5 0 0 0 0
1516102245.6 0 0 0 0
1516102245.7 0 0 0 0
1516102245.8 0 0 0 0
1516102245.9 0 0 0 0
1516102246.0 0 0 0 0
1516102246.1 0 0 0 0
1516102246.2 0 0 0 0
1516102246.31 0 0 0 0
1516102246.41 0 0 0 0
1516102246.5 0 0 0 0
1516102246.61 0 0 0 0
1516102246.71 0 0 0 0
1516102246.81 0 0 0 0
1516102246.91 0 0 0 0
1516102247.01 0 0 0 0
1516102247.11 0 0 0 0
1516102247.21 0 0 0 0
1516102247.31 0 0 0 0
1516102247.41 0 0 0 0
1516102247.51 0 0 0 0
1516102247.61 0 0 0 0
1516102247.71 0 0 0 0
1516102247.81 0 0 0 0
1516102247.91 0 0 0 0
1516102248.01 0 0 0 0
1516102248.11 0 0 0 0
1516102248.21 0 0 0 0
1516102248.31 0 0 0 0
1516102248.41 0 0 0 0
1516102248.51 0 0 0 0
1516102248.61 0 0 0 0
1516102248.71 0 0 0 0
1516102248.81 0 0 0 0
1516102248.91 0 0 0 0
1516102249.01 0 0 0 0
1516102249.11 0 0 0 0
1516102249.21 0 0 0 0
1516102249.32 0 0 0 0
1516102249.41 0 0 0 0
1516102249.51 0 0 0 0
1516102249.61 0 0 0 0
1516102249.71 0 0 0 0
1516102249.82 0 0 0 0
1516102249.91 0 0 0 0
1516102250.01 0 0 0 0
1516102250.11 0 0 0 0
1516102250.21 0 0 0 0
1516102250.31 0 0 0 0
1516102250.41 0 0 0 0
1516102250.52 0 0 0 0
1516102250.62 0 0 0 0
1516102250.72 0 0 0 0
1516102250.82 0 0 0 0
1516102250.92 0 0 0 0
1516102251.02 0 0 0 0
1516102251.12 0 0 0 0
1516102251.22 0 0 0 0
1516102251.32 0 0 0 0
1516102251.42 0 0 0 0
1516102251.52 0 0 0 0
1516102251.62 0 0 0 0
1516102251.72 0 0 0 0
1516102251.82 0 0 0 0
1516102251.92 0 0 0 0
1516102252.02 0 0 0 0
1516102252.12 0 0 0 0
1516102252.22 0 0 0 0
1516102252.32 0 0 0 0
1516102252.42 0 0 0 0
1516102252.52 0 0 0 0
1516102252.63 0 0 0 0
1516102252.72 0 0 0 0
1516102252.82 0 0 0 0
1516102252.92 0 0 0 0
1516102253.03 0 0 0 0
1516102253.12 0 0 0 0
1516102253.22 0 0 0 0
1516102253.32 0 0 0 0
1516102253.43 0 0 0 0
1516102253.53 0 0 0 0
1516102253.63 0 0 0 0
1516102253.73 0 0 0 0
1516102253.83 0 0 0 0
1516102253.93 0 0 0 0
1516102254.03 0 0 0 0
1516102254.13 0 0 0 0
1516102254.23 0 0 0 0
1516102254.33 0 0 0 0
1516102254.43 0 0 0 0
1516102254.53 0 0 0 0
1516102254.63 0 0 0 0
1516102254.73 0 0 0 0
1516102254.83 0 0 0 0
1516102254.93 0 0 0 0
1516102255.03 0 0 0 0
1516102255.13 0 0 0 0
1516102255.23 0 0 0 0
1516102255.33 0 0 0 0
1516102255.43 0 0 0 0
1516102255.53 0 0 0 0
1516102255.63 0 0 0 0
1516102255.73 0 0 0 0
1516102255.83 0 0 0 0
1516102255.93 0 0 0 0
1516102256.04 0 0 0 0
1516102256.13 0 0 0 0
1516102256.23 0 0 0 0
1516102256.33 0 0 0 0
1516102256.43 0 0 0 0
1516102256.53 0 0 0 0
1516102256.63 0 0 0 0
1516102256.73 0 0 0 0
1516102256.83 0 0 0 0
1516102256.94 0 0 0 0
1516102257.04 0 0 0 0
1516102257.14 0 0 0 0
1516102257.23 0 0 0 0
1516102257.34 0 0 0 0
1516102257.44 0 0 0 0
1516102257.54 0 0 0 0
1516102257.64 0 0 0 0
1516102257.74 0 0 0 0
1516102257.84 0 0 0 0
1516102257.94 0 0 0 0
1516102258.04 0 0 0 0
1516102258.14 0 0 0 0
1516102258.24 0 0 0 0
1516102258.34 0 0 0 0
1516102258.44 0 0 0 0
1516102258.54 0 0 0 0
1516102258.64 0 0 0 0
1516102258.74 0 0 0 0
1516102258.84 0 0 0 0
1516102258.94 0 0 0 0
1516102259.04 0 0 0 0
1516102259.14 0 0 0 0
1516102259.24 0 0 0 0
1516102259.34 0 0 0 0
1516102259.44 0 0 0 0
1516102259.54 0 0 0 0
1516102259.64 0 0 0 0
1516102259.74 0 0 0 0
1516102259.84 0 0 0 0
1516102259.94 0 0 0 0
1516102260.05 0 0 0 0
1516102260.15 0 0 0 0
1516102260.25 0 0 0 0
1516102260.35 0 0 0 0
1516102260.45 0 0 0 0
1516102260.55 0 0 0 0
1516102260.65 0 0 0 0
1516102260.75 0 0 0 0
1516102260.85 0 0 0 0
1516102260.95 0 0 0 0
1516102261.05 0 0 0 0
1516102261.15 0 0 0 0
1516102261.25 0 0 0 0
1516102261.35 0 0 0 0
1516102261.45 0 0 0 0
1516102261.55 0 0 0 0
1516102261.65 0 0 0 0
1516102261.75 0 0 0 0
1516102261.85 0 0 0 0
1516102261.95 0 0 0 0
1516102262.05 0 0 0 0
1516102262.15 0 0 0 0
1516102262.26 0 0 0 0
1516102262.36 0 0 0 0
1516102262.46 0 0 0 0
1516102262.56 0 0 0 0
1516102262.66 0 0 0 0
1516102262.76 0 0 0 0
1516102262.86 0 0 0 0
1516102262.96 0 0 0 0
1516102263.06 0 0 0 0
1516102263.16 0 0 0 0
1516102263.26 0 0 0 0
1516102263.36 0 0 0 0
1516102263.46 0 0 0 0
1516102263.56 0 0 0 0
1516102263.66 0 0 0 0
1516102263.76 0 0 0 0
1516102263.86 0 0 0 0
1516102263.96 0 0 0 0
1516102264.06 0 0 0 0
1516102264.16 0 0 0 0
1516102264.26 0 0 0 0
1516102264.36 0 0 0 0
1516102264.46 0 0 0 0
1516102264.57 0 0 0 0
1516102264.67 0 0 0 0
1516102264.76 0 0 0 0
1516102264.86 0 0 0 0
1516102264.97 0 0 0 0
1516102265.06 0 0 0 0
1516102265.17 0 0 0 0
1516102265.26 0 0 0 0
1516102265.38 0 0 0 0
1516102265.46 0 0 0 0
1516102265.56 0 0 0 0
1516102265.67 0 0 0 0
1516102265.78 0 0 0 0
1516102265.87 0 0 0 0
1516102265.97 0 0 0 0
1516102266.07 0 0 0 0
1516102266.17 0 0 0 0
1516102266.27 0 0 0 0
1516102266.37 0 0 0 0
1516102266.47 0 0 0 0
1516102266.57 0 0 0 0
1516102266.67 0 0 0 0
1516102266.77 0 0 0 0
1516102266.87 0 0 0 0
1516102266.97 0 0 0 0
1516102267.08 0 0 0 0
1516102267.17 0 0 0 0
1516102267.28 0 0 0 0
1516102267.37 0 0 0 0
1516102267.48 0 0 0 0
1516102267.58 0 0 0 0
1516102267.68 0 0 0 0
1516102267.78 0 0 0 0
1516102267.88 0 0 0 0
1516102267.98 0 0 0 0
1516102268.08 0 0 0 0
1516102268.18 0 0 0 0
1516102268.28 0 0 0 0
1516102268.38 0 0 0 0
1516102268.48 0 0 0 0
1516102268.58 0 0 0 0
1516102268.68 0 0 0 0
1516102268.78 0 0 0 0
1516102268.88 0 0 0 0
1516102268.98 0 0 0 0
1516102269.08 0 0 0 0
1516102269.18 0 0 0 0
1516102269.28 0 0 0 0
1516102269.38 0 0 0 0
1516102269.48 0 0 0 0
1516102269.58 0 0 0 0
1516102269.68 0 0 0 0
1516102269.78 0 0 0 0
1516102269.88 0 0 0 0
1516102269.98 0 0 0 0
1516102270.08 0 0 0 0
1516102270.18 0 0 0 0
1516102270.28 0 0 0 0
1516102270.38 0 0 0 0
1516102270.48 0 0 0 0
1516102270.58 0 0 0 0
1516102270.68 0 0 0 0
1516102270.78 0 0 0 0
1516102270.88 0 0 0 0
1516102270.98 0 0 0 0
1516102271.08 0 0 0 0
1516102271.18 0 0 0 0
1516102271.28 0 0 0 0
1516102271.38 0 0 0 0
1516102271.48 0 0 0 0
1516102271.58 0 0 0 0
1516102271.68 0 0 0 0
1516102271.78 0 0 0 0
1516102271.88 0 0 0 0
1516102271.99 0 0 0 0
1516102272.09 0 0 0 0
1516102272.19 0 0 0 0
1516102272.28 0 0 0 0
1516102272.39 0 0 0 0
1516102272.49 0 0 0 0
1516102272.59 0 0 0 0
1516102272.69 0 0 0 0
1516102272.79 0 0 0 0
1516102272.89 0 0 0 0
1516102272.99 0 0 0 0
1516102273.09 0 0 0 0
1516102273.19 0 0 0 0
1516102273.29 0 0 0 0
1516102273.39 0 0 0 0
1516102273.49 0 0 0 0
1516102273.59 0 0 0 0
1516102273.69 0 0 0 0
1516102273.79 0 0 0 0
1516102273.89 0 0 0 0
1516102273.99 0 0 0 0
1516102274.09 0 0 0 0
1516102274.19 0 0 0 0
1516102274.29 0 0 0 0
1516102274.39 0 0 0 0
1516102274.49 0 0 0 0
1516102274.59 0 0 0 0
1516102274.69 0 0 0 0
1516102274.79 0 0 0 0
1516102274.89 0 0 0 0
1516102274.99 0 0 0 0
1516102275.09 0 0 0 0
1516102275.19 0 0 0 0
1516102275.29 0 0 0 0
1516102275.39 0 0 0 0
1516102275.49 0 0 0 0
1516102275.59 0 0 0 0
1516102275.7 0 0 0 0
1516102275.8 0 0 0 0
1516102275.9 0 0 0 0
1516102276.0 0 0 0 0
1516102276.1 0 0 0 0
1516102276.2 0 0 0 0
1516102276.3 0 0 0 0
1516102276.4 0 0 0 0
1516102276.5 0 0 0 0
1516102276.6 0 0 0 0
1516102276.7 0 0 0 0
1516102276.8 0 0 0 0
1516102276.9 0 0 0 0
1516102277.0 0 0 0 0
1516102277.1 0 0 0 0
1516102277.2 0 0 0 0
1516102277.3 0 0 0 0
1516102277.4 0 0 0 0
1516102277.5 0 0 0 0
1516102277.6 0 0 0 0
1516102277.7 0 0 0 0
1516102277.8 0 0 0 0
1516102277.9 0 0 0 0
1516102278.0 0 0 0 0
1516102278.1 0 0 0 0
1516102278.2 0 0 0 0
1516102278.3 0 0 0 0
1516102278.4 0 0 0 0
1516102278.51 0 0 0 0
1516102278.6 0 0 0 0
1516102278.7 0 0 0 0
1516102278.8 0 0 0 0
1516102278.9 0 0 0 0
1516102279.0 0 0 0 0
1516102279.1 0 0 0 0
1516102279.21 0 0 0 0
1516102279.31 0 0 0 0
1516102279.4 0 0 0 0
1516102279.51 0 0 0 0
1516102279.61 0 0 0 0
1516102279.71 0 0 0 0
1516102279.81 0 0 0 0
1516102279.91 0 0 0 0
1516102280.01 0 0 0 0
1516102280.11 0 0 0 0
1516102280.21 0 0 0 0
1516102280.31 0 0 0 0
1516102280.41 0 0 0 0
1516102280.51 0 0 0 0
1516102280.61 0 0 0 0
1516102280.71 0 0 0 0
1516102280.81 0 0 0 0
1516102280.91 0 0 0 0
1516102281.01 0 0 0 0
1516102281.11 0 0 0 0
1516102281.21 0 0 0 0
1516102281.31 0 0 0 0
1516102281.41 0 0 0 0
1516102281.51 0 0 0 0
1516102281.61 0 0 0 0
1516102281.71 0 0 0 0
1516102281.81 0 0 0 0
1516102281.91 0 0 0 0
1516102282.01 0 0 0 0
1516102282.11 0 0 0 0
1516102282.22 0 0 0 0
1516102282.32 0 0 0 0
1516102282.41 0 0 0 0
1516102282.51 0 0 0 0
1516102282.62 0 0 0 0
1516102282.72 0 0 0 0
1516102282.81 0 0 0 0
1516102282.92 0 0 0 0
1516102283.01 0 0 0 0
1516102283.12 0 0 0 0
1516102283.22 0 0 0 0
1516102283.31 0 0 0 0
1516102283.42 0 0 0 0
1516102283.52 0 0 0 0
1516102283.62 0 0 0 0
1516102283.72 0 0 0 0
1516102283.82 0 0 0 0
1516102283.92 0 0 0 0
1516102284.02 0 0 0 0
1516102284.12 0 0 0 0
1516102284.22 0 0 0 0
1516102284.32 0 0 0 0
1516102284.43 0 0 0 0
1516102284.52 0 0 0 0
1516102284.62 0 0 0 0
1516102284.72 0 0 0 0
1516102284.82 0 0 0 0
1516102284.92 0 0 0 0
1516102285.02 0 0 0 0
1516102285.12 0 0 0 0
1516102285.22 0 0 0 0
1516102285.32 0 0 0 0
1516102285.42 0 0 0 0
1516102285.52 0 0 0 0
1516102285.62 0 0 0 0
1516102285.72 0 0 0 0
1516102285.82 0 0 0 0
1516102285.92 0 0 0 0
1516102286.02 0 0 0 0
1516102286.12 0 0 0 0
1516102286.22 0 0 0 0
1516102286.32 0 0 0 0
1516102286.42 0 0 0 0
1516102286.52 0 0 0 0
1516102286.63 0 0 0 0
1516102286.72 0 0 0 0
1516102286.82 0 0 0 0
1516102286.92 0 0 0 0
1516102287.02 0 0 0 0
1516102287.12 0 0 0 0
1516102287.23 0 0 0 0
1516102287.32 0 0 0 0
1516102287.42 0 0 0 0
1516102287.52 0 0 0 0
1516102287.63 0 0 0 0
1516102287.73 0 0 0 0
1516102287.83 0 0 0 0
1516102287.93 0 0 0 0
1516102288.03 0 0 0 0
1516102288.13 0 0 0 0
1516102288.23 0 0 0 0
1516102288.33 0 0 0 0
1516102288.43 0 0 0 0
1516102288.53 0 0 0 0
1516102288.63 0 0 0 0
1516102288.73 0 0 0 0
1516102288.83 0 0 0 0
1516102288.93 0 0 0 0
1516102289.03 0 0 0 0
1516102289.13 0 0 0 0
1516102289.23 0 0 0 0
1516102289.33 0 0 0 0
1516102289.44 0 0 0 0
1516102289.53 0 0 0 0
1516102289.63 0 0 0 0
1516102289.73 0 0 0 0
1516102289.83 0 0 0 0
1516102289.93 0 0 0 0
1516102290.03 0 0 0 0
1516102290.13 0 0 0 0
1516102290.23 0 0 0 0
1516102290.33 0 0 0 0
1516102290.44 0 0 0 0
1516102290.53 0 0 0 3540
1516102290.63 0 0 0 0
1516102290.73 0 0 0 0
1516102290.83 0 0 0 0
1516102290.94 0 0 0 0
1516102291.04 0 0 0 0
1516102291.14 0 0 0 0
1516102291.24 0 0 0 0
1516102291.34 0 0 0 0
1516102291.44 0 0 0 0
1516102291.54 0 0 0 0
1516102291.64 0 0 0 0
1516102291.74 0 0 0 0
1516102291.84 0 0 0 0
1516102291.95 0 0 0 0
1516102292.05 0 0 0 0
1516102292.15 0 0 0 0
1516102292.25 0 0 0 0
1516102292.35 0 0 0 0
1516102292.45 0 0 0 0
1516102292.55 0 0 0 0
1516102292.65 0 0 0 0
1516102292.75 0 0 0 0
1516102292.85 0 0 0 0
1516102292.95 0 0 0 0
1516102293.05 0 0 0 0
1516102293.15 0 0 0 0
1516102293.25 0 0 0 0
1516102293.35 0 0 0 0
1516102293.45 0 0 0 0
1516102293.55 0 0 0 0
1516102293.65 0 0 0 0
1516102293.75 0 0 0 0
1516102293.85 0 0 0 0
1516102293.95 0 0 0 0
1516102294.05 0 0 0 0
1516102294.15 0 0 0 0
1516102294.25 0 0 0 0
1516102294.35 0 0 0 0
1516102294.45 0 0 0 0
1516102294.55 0 0 0 0
1516102294.65 0 0 0 0
1516102294.75 0 0 0 0
1516102294.85 0 0 0 0
1516102294.95 0 0 0 0
1516102295.05 0 0 0 0
1516102295.15 0 0 0 0
1516102295.25 0 0 0 0
1516102295.35 0 0 0 0
1516102295.45 0 0 0 0
1516102295.56 0 0 0 0
1516102295.65 0 0 0 0
1516102295.75 0 0 0 0
1516102295.85 0 0 0 0
1516102295.95 0 0 0 0
1516102296.05 0 0 0 0
1516102296.16 0 0 0 0
1516102296.26 0 0 0 0
1516102296.36 0 0 0 0
1516102296.46 0 0 0 0
1516102296.56 0 0 0 0
1516102296.66 0 0 0 0
1516102296.76 0 0 0 0
1516102296.86 0 0 0 0
1516102296.96 0 0 0 0
1516102297.06 0 0 0 0
1516102297.16 0 0 0 0
1516102297.26 0 0 0 0
1516102297.36 0 0 0 0
1516102297.46 0 0 0 0
1516102297.56 0 0 0 0
1516102297.66 0 0 0 0
1516102297.76 0 0 0 0
1516102297.86 0 0 0 0
