1516083422.95 0 0 0 74
1516083423.02 0 0 0 0
1516083423.13 0 0 0 0
1516083423.23 0 0 0 0
1516083423.35 0 0 0 0
1516083423.44 0 0 0 0
1516083423.53 0 0 0 0
1516083423.64 0 0 0 0
1516083423.73 0 0 0 0
1516083423.83 0 0 0 0
1516083423.94 0 0 0 0
1516083424.04 0 0 0 0
1516083424.13 0 0 0 0
1516083424.23 0 0 0 0
1516083424.33 0 0 0 0
1516083424.43 0 0 0 0
1516083424.54 0 0 0 0
1516083424.63 0 0 0 0
1516083424.73 0 0 0 0
1516083424.83 0 0 0 0
1516083424.93 0 0 0 0
1516083425.03 0 0 0 0
1516083425.13 0 0 0 0
1516083425.23 0 0 0 0
1516083425.35 0 0 0 0
1516083425.43 0 0 0 0
1516083425.53 0 0 0 0
1516083425.63 0 0 0 0
1516083425.73 0 0 0 0
1516083425.83 0 0 0 0
1516083425.94 0 0 0 0
1516083426.03 0 0 0 0
1516083426.13 0 0 0 0
1516083426.24 0 0 0 0
1516083426.34 0 0 0 0
1516083426.44 0 0 0 0
1516083426.53 0 0 0 0
1516083426.64 0 0 0 0
1516083426.74 0 0 0 0
1516083426.84 0 0 0 0
1516083426.94 0 0 0 0
1516083427.04 0 0 0 0
1516083427.14 0 0 0 0
1516083427.24 0 0 0 0
1516083427.34 0 0 0 0
1516083427.44 0 0 0 0
1516083427.54 0 0 0 0
1516083427.65 0 0 0 0
1516083427.74 0 0 0 0
1516083427.84 0 0 0 0
1516083427.94 0 0 0 0
1516083428.04 0 0 0 0
1516083428.14 0 0 0 0
1516083428.24 0 0 0 0
1516083428.34 0 0 0 0
1516083428.44 0 0 0 0
1516083428.54 0 0 0 0
1516083428.64 0 0 0 0
1516083428.74 0 0 0 0
1516083428.84 0 0 0 0
1516083428.94 0 0 0 0
1516083429.05 0 0 0 0
1516083429.15 0 0 0 0
1516083429.24 0 0 0 0
1516083429.34 0 0 0 0
1516083429.45 0 0 0 0
1516083429.54 0 0 0 0
1516083429.65 0 0 0 0
1516083429.75 0 0 0 0
1516083429.84 0 0 0 0
1516083429.94 0 0 0 0
1516083430.04 0 0 0 0
1516083430.14 0 0 0 0
1516083430.24 0 0 0 0
1516083430.35 0 0 0 0
1516083430.44 0 0 0 0
1516083430.54 0 0 0 0
1516083430.64 0 0 0 0
1516083430.74 0 0 0 0
1516083430.85 0 0 0 0
1516083430.94 0 0 0 0
1516083431.06 0 0 0 0
1516083431.15 0 0 0 0
1516083431.25 0 0 0 0
1516083431.35 0 0 0 0
1516083431.45 0 0 0 0
1516083431.55 0 0 0 0
1516083431.65 0 0 0 0
1516083431.75 0 0 0 0
1516083431.85 0 0 0 0
1516083431.95 0 0 0 0
1516083432.05 0 0 0 0
1516083432.16 0 0 0 0
1516083432.25 0 0 0 0
1516083432.35 0 0 0 0
1516083432.46 0 0 0 0
1516083432.55 0 0 0 0
1516083432.65 0 0 0 0
1516083432.75 0 0 0 0
1516083432.85 0 0 0 0
1516083432.95 0 0 0 0
1516083433.05 0 0 0 0
1516083433.15 0 0 0 0
1516083433.25 0 0 0 0
1516083433.35 0 0 0 0
1516083433.45 0 0 0 0
1516083433.56 0 0 0 0
1516083433.65 0 0 0 0
1516083433.75 0 0 0 0
1516083433.86 0 0 0 0
1516083433.95 0 0 0 0
1516083434.05 0 0 0 0
1516083434.15 0 0 0 0
1516083434.26 0 0 0 0
1516083434.35 0 0 0 0
1516083434.45 0 0 0 0
1516083434.55 0 0 0 0
1516083434.66 0 0 0 0
1516083434.75 0 0 0 0
1516083434.85 0 0 0 0
1516083434.95 0 0 0 0
1516083435.05 0 0 0 0
1516083435.15 0 0 0 0
1516083435.25 0 0 0 0
1516083435.35 0 0 0 0
1516083435.45 0 0 0 0
1516083435.55 0 0 0 0
1516083435.65 0 0 0 0
1516083435.75 0 0 0 0
1516083435.87 0 0 0 0
1516083435.95 0 0 0 0
1516083436.05 0 0 0 0
1516083436.15 0 0 0 0
1516083436.26 0 0 0 0
1516083436.36 0 0 0 0
1516083436.46 0 0 0 0
1516083436.56 0 0 0 0
1516083436.66 0 0 0 0
1516083436.76 0 0 0 0
1516083436.86 0 0 0 0
1516083436.96 0 0 0 0
1516083437.06 0 0 0 0
1516083437.16 0 0 0 0
1516083437.26 0 0 0 0
1516083437.36 0 0 0 0
1516083437.46 0 0 0 0
1516083437.56 0 0 0 0
1516083437.66 0 0 0 0
1516083437.76 0 0 0 0
1516083437.86 0 0 0 0
1516083437.96 0 0 0 0
1516083438.06 0 0 0 0
1516083438.16 0 0 0 0
1516083438.26 0 0 0 0
1516083438.36 0 0 0 0
1516083438.46 0 0 0 0
1516083438.56 0 0 0 0
1516083438.66 0 0 0 0
1516083438.76 0 0 0 0
1516083438.86 0 0 0 0
1516083438.96 0 0 0 0
1516083439.06 0 0 0 0
1516083439.16 0 0 0 0
1516083439.26 0 0 0 0
1516083439.36 0 0 0 0
1516083439.46 0 0 0 0
1516083439.56 0 0 0 0
1516083439.66 0 0 0 0
1516083439.76 0 0 0 0
1516083439.86 0 0 0 0
1516083439.96 0 0 0 0
1516083440.06 0 0 0 0
1516083440.16 0 0 0 0
1516083440.26 0 0 0 0
1516083440.36 0 0 0 0
1516083440.46 0 0 0 0
1516083440.56 0 0 0 0
1516083440.66 0 0 0 0
1516083440.76 0 0 0 0
1516083440.86 0 0 0 0
1516083440.96 0 0 0 0
1516083441.06 0 0 0 0
1516083441.17 0 0 0 0
1516083441.27 0 0 0 0
1516083441.37 0 0 0 0
1516083441.47 0 0 0 0
1516083441.57 0 0 0 0
1516083441.67 0 0 0 0
1516083441.77 0 0 0 0
1516083441.87 0 0 0 0
1516083441.97 0 0 0 0
1516083442.07 0 0 0 0
1516083442.17 0 0 0 0
1516083442.27 0 0 0 0
1516083442.37 0 0 0 0
1516083442.47 0 0 0 0
1516083442.57 0 0 0 0
1516083442.67 0 0 0 0
1516083442.77 0 0 0 0
1516083442.87 0 0 0 0
1516083442.97 0 0 0 0
1516083443.07 0 0 0 0
1516083443.17 0 0 0 0
1516083443.27 0 0 0 0
1516083443.37 0 0 0 0
1516083443.47 0 0 0 0
1516083443.57 0 0 0 0
1516083443.67 0 0 0 0
1516083443.77 0 0 0 0
1516083443.87 0 0 0 0
1516083443.97 0 0 0 0
1516083444.07 0 0 0 0
1516083444.17 0 0 0 0
1516083444.27 0 0 0 0
1516083444.37 0 0 0 0
1516083444.47 0 0 0 0
1516083444.57 0 0 0 0
1516083444.67 0 0 0 0
1516083444.77 0 0 0 0
1516083444.87 0 0 0 0
1516083444.97 0 0 0 0
1516083445.07 0 0 0 0
1516083445.17 0 0 0 0
1516083445.27 0 0 0 0
1516083445.37 0 0 0 0
1516083445.47 0 0 0 0
1516083445.57 0 0 0 0
1516083445.67 0 0 0 0
1516083445.77 0 0 0 0
1516083445.88 0 0 0 0
1516083445.97 0 0 0 0
1516083446.07 0 0 0 0
1516083446.17 0 0 0 0
1516083446.27 0 0 0 0
1516083446.38 0 0 0 0
1516083446.47 0 0 0 0
1516083446.57 0 0 0 0
1516083446.67 0 0 0 0
1516083446.77 0 0 0 0
1516083446.87 0 0 0 0
1516083446.97 0 0 0 0
1516083447.08 0 0 0 0
1516083447.18 0 0 0 0
1516083447.28 0 0 0 0
1516083447.38 0 0 0 0
1516083447.47 0 0 0 0
1516083447.57 0 0 0 0
1516083447.67 0 0 0 0
1516083447.77 0 0 0 0
1516083447.87 0 0 0 0
1516083447.97 0 0 0 0
1516083448.07 0 0 0 0
1516083448.17 0 0 0 0
1516083448.27 0 0 0 0
1516083448.37 0 0 0 0
1516083448.47 0 0 0 0
1516083448.57 0 0 0 0
1516083448.67 0 0 0 0
1516083448.77 0 0 0 0
1516083448.88 0 0 0 0
1516083448.97 0 0 0 0
1516083449.08 0 0 0 0
1516083449.17 0 0 0 0
1516083449.27 0 0 0 0
1516083449.37 0 0 0 0
1516083449.49 0 0 0 0
1516083449.59 0 0 0 0
1516083449.69 0 0 0 0
1516083449.79 0 0 0 0
1516083449.89 0 0 0 0
1516083449.99 0 0 0 0
1516083450.11 0 0 0 0
1516083450.23 0 0 0 0
1516083450.33 0 0 0 0
1516083450.42 0 0 0 0
1516083450.53 0 0 0 0
1516083450.62 0 0 0 0
1516083450.73 0 0 0 0
1516083450.83 0 0 0 0
1516083450.93 0 0 0 0
1516083451.03 0 0 0 148
1516083451.13 0 0 0 0
1516083451.23 0 0 0 173
1516083451.33 0 0 0 1534
1516083451.43 0 0 0 353
1516083451.53 0 0 0 148
1516083451.63 0 0 0 110
1516083451.73 0 0 0 1668
1516083451.83 0 0 0 686
1516083451.93 0 0 0 0
1516083452.03 0 0 0 1336
1516083452.13 0 0 0 178
1516083452.23 0 0 0 266
1516083452.33 0 0 0 478
1516083452.45 0 0 0 66
1516083452.56 0 0 0 0
1516083452.67 0 0 0 110
1516083452.78 0 0 0 0
1516083452.88 0 0 0 0
1516083452.98 0 0 0 134
1516083453.08 0 0 0 0
1516083453.18 0 0 0 0
1516083453.28 0 0 0 686
1516083453.38 0 0 0 0
1516083453.48 0 0 0 0
1516083453.58 0 0 0 1222
1516083453.68 0 0 0 0
1516083453.78 0 0 0 0
1516083453.88 0 0 0 178
1516083453.98 0 0 0 0
1516083454.08 0 0 0 0
1516083454.18 0 0 0 266
1516083454.28 0 0 0 0
1516083454.38 0 0 0 0
1516083454.48 0 0 0 0
1516083454.58 0 0 0 396
1516083454.68 0 0 0 0
1516083454.78 0 0 0 0
1516083454.88 0 0 0 66
1516083454.98 0 0 0 0
1516083455.08 0 0 0 0
1516083455.18 0 0 0 0
1516083455.28 0 0 0 0
1516083455.38 0 0 0 0
1516083455.48 0 0 0 0
1516083455.58 0 0 0 0
1516083455.68 0 0 0 0
1516083455.78 0 0 0 0
1516083455.88 0 0 0 0
1516083455.98 0 0 0 0
1516083456.08 0 0 0 42
1516083456.19 0 0 0 0
1516083456.3 0 0 0 0
1516083456.43 0 0 0 0
1516083456.53 0 0 0 0
1516083456.63 0 0 0 0
1516083456.73 0 0 0 0
1516083456.83 0 0 0 0
1516083456.94 0 0 0 0
1516083457.07 0 0 0 0
1516083457.16 0 0 0 0
1516083457.26 0 0 0 0
1516083457.36 0 0 0 0
1516083457.46 0 0 0 0
1516083457.56 0 0 0 0
1516083457.66 0 0 0 0
1516083457.77 0 0 0 0
1516083457.87 0 0 0 0
1516083457.97 0 0 0 0
1516083458.07 0 0 0 0
1516083458.17 0 0 0 0
1516083458.27 0 0 0 0
1516083458.37 0 0 0 0
1516083458.48 0 0 0 0
1516083458.6 0 0 0 0
1516083458.7 0 0 0 0
1516083458.8 0 0 0 0
1516083458.9 0 0 0 0
1516083459.0 0 0 0 0
1516083459.1 0 0 0 0
1516083459.2 0 0 0 0
1516083459.3 0 0 0 0
1516083459.4 0 0 0 0
1516083459.5 0 0 0 0
1516083459.6 0 0 0 0
1516083459.71 0 0 0 0
1516083459.8 0 0 0 0
1516083459.9 0 0 0 0
1516083460.01 0 0 0 0
1516083460.11 0 0 0 0
1516083460.21 0 0 0 0
1516083460.31 0 0 0 0
1516083460.41 0 0 0 0
1516083460.5 0 0 0 0
1516083460.61 0 0 0 0
1516083460.71 0 0 0 0
1516083460.81 0 0 0 0
1516083460.91 0 0 0 0
1516083461.01 0 0 0 0
1516083461.11 0 0 0 0
1516083461.23 0 0 0 0
1516083461.34 0 0 0 0
1516083461.43 0 0 0 0
1516083461.54 0 0 0 0
1516083461.64 0 0 0 0
1516083461.74 0 0 0 0
1516083461.83 0 0 0 0
1516083461.94 0 0 0 0
1516083462.03 0 0 0 0
1516083462.14 0 0 0 0
1516083462.24 0 0 0 0
1516083462.34 0 0 0 0
1516083462.44 0 0 0 0
1516083462.54 0 0 0 0
1516083462.64 0 0 0 0
1516083462.74 0 0 0 0
1516083462.84 0 0 0 0
1516083462.94 0 0 0 0
1516083463.04 0 0 0 0
1516083463.15 0 0 0 0
1516083463.26 0 0 0 0
1516083463.36 0 0 0 0
1516083463.46 0 0 0 0
1516083463.56 0 0 0 0
1516083463.67 0 0 0 0
1516083463.79 0 0 0 0
1516083463.88 0 0 0 0
1516083463.98 0 0 0 0
1516083464.1 0 0 0 0
1516083464.21 0 0 0 0
1516083464.31 0 0 0 0
1516083464.41 0 0 0 0
1516083464.51 0 0 0 0
1516083464.61 0 0 0 0
1516083464.71 0 0 0 0
1516083464.81 0 0 0 0
1516083464.91 0 0 0 0
1516083465.01 0 0 0 0
1516083465.11 0 0 0 0
1516083465.21 0 0 0 0
1516083465.31 0 0 0 0
1516083465.43 0 0 0 0
1516083465.54 0 0 0 0
1516083465.64 0 0 0 0
1516083465.74 0 0 0 0
1516083465.84 0 0 0 0
1516083465.94 0 0 0 0
1516083466.04 0 0 0 0
1516083466.14 0 0 0 0
1516083466.24 0 0 0 0
1516083466.34 0 0 0 0
1516083466.44 0 0 0 0
1516083466.54 0 0 0 0
1516083466.64 0 0 0 0
1516083466.74 0 0 0 0
1516083466.84 0 0 0 0
1516083466.94 0 0 0 0
1516083467.04 0 0 0 0
1516083467.14 0 0 0 0
1516083467.24 0 0 0 0
1516083467.34 0 0 0 0
1516083467.44 0 0 0 0
1516083467.54 0 0 0 0
1516083467.64 0 0 0 0
1516083467.74 0 0 0 0
1516083467.85 0 0 0 0
1516083467.97 0 0 0 0
1516083468.06 0 0 0 0
1516083468.17 0 0 0 0
1516083468.27 0 0 0 0
1516083468.37 0 0 0 0
1516083468.47 0 0 0 0
1516083468.57 0 0 0 0
1516083468.67 0 0 0 0
1516083468.77 0 0 0 0
1516083468.87 0 0 0 0
1516083468.97 0 0 0 0
1516083469.07 0 0 0 0
1516083469.17 0 0 0 0
1516083469.27 0 0 0 0
1516083469.37 0 0 0 0
1516083469.47 0 0 0 0
1516083469.57 0 0 0 0
1516083469.67 0 0 0 0
1516083469.8 0 0 0 0
1516083469.91 0 0 0 0
1516083470.01 0 0 0 0
1516083470.11 0 0 0 0
1516083470.21 0 0 0 0
1516083470.31 0 0 0 0
1516083470.42 0 0 0 0
1516083470.55 0 0 0 0
1516083470.64 0 0 0 0
1516083470.74 0 0 0 0
1516083470.84 0 0 0 0
1516083470.94 0 0 0 0
1516083471.05 0 0 0 0
1516083471.15 0 0 0 0
1516083471.25 0 0 0 0
1516083471.35 0 0 0 0
1516083471.45 0 0 0 0
1516083471.55 0 0 0 0
1516083471.65 0 0 0 0
1516083471.75 0 0 0 0
1516083471.85 0 0 0 0
1516083471.95 0 0 0 0
1516083472.05 0 0 0 0
1516083472.15 0 0 0 0
1516083472.25 0 0 0 0
1516083472.35 0 0 0 0
1516083472.45 0 0 0 0
1516083472.55 0 0 0 0
1516083472.65 0 0 0 0
1516083472.77 0 0 0 0
1516083472.91 0 0 0 0
1516083473.0 0 0 0 0
1516083473.11 0 0 0 0
1516083473.2 0 0 0 0
1516083473.31 0 0 0 0
1516083473.41 0 0 0 0
1516083473.51 0 0 0 0
1516083473.61 0 0 0 0
1516083473.71 0 0 0 0
1516083473.82 0 0 0 0
1516083473.94 0 0 0 0
1516083474.04 0 0 0 0
1516083474.15 0 0 0 0
1516083474.24 0 0 0 0
1516083474.35 0 0 0 0
1516083474.46 0 0 0 0
1516083474.58 0 0 0 0
1516083474.68 0 0 0 0
1516083474.78 0 0 0 0
1516083474.89 0 0 0 0
1516083474.99 0 0 0 0
1516083475.08 0 0 0 0
1516083475.18 0 0 0 0
1516083475.28 0 0 0 0
1516083475.39 0 0 0 0
1516083475.49 0 0 0 0
1516083475.6 0 0 0 0
1516083475.71 0 0 0 0
1516083475.81 0 0 0 0
1516083475.91 0 0 0 0
1516083476.01 0 0 0 0
1516083476.11 0 0 0 0
1516083476.21 0 0 0 0
1516083476.31 0 0 0 0
1516083476.41 0 0 0 0
1516083476.52 0 0 0 0
1516083476.63 0 0 0 0
1516083476.73 0 0 0 0
1516083476.83 0 0 0 0
1516083476.93 0 0 0 0
1516083477.03 0 0 0 0
1516083477.13 0 0 0 0
1516083477.23 0 0 0 0
1516083477.33 0 0 0 0
1516083477.43 0 0 0 0
1516083477.53 0 0 0 0
1516083477.63 0 0 0 0
1516083477.73 0 0 0 0
1516083477.83 0 0 0 0
1516083477.93 0 0 0 0
1516083478.03 0 0 0 0
1516083478.13 0 0 0 0
1516083478.23 0 0 0 0
1516083478.33 0 0 0 0
1516083478.43 0 0 0 0
1516083478.53 0 0 0 0
1516083478.66 0 0 0 0
1516083478.77 0 0 0 0
1516083478.87 0 0 0 0
1516083478.97 0 0 0 0
1516083479.07 0 0 0 0
1516083479.17 0 0 0 0
1516083479.27 0 0 0 0
1516083479.37 0 0 0 0
1516083479.47 0 0 0 0
1516083479.57 0 0 0 0
1516083479.67 0 0 0 0
1516083479.77 0 0 0 0
1516083479.87 0 0 0 0
1516083479.97 0 0 0 0
1516083480.07 0 0 0 0
1516083480.17 0 0 0 0
1516083480.27 0 0 0 0
1516083480.37 0 0 0 0
1516083480.47 0 0 0 0
1516083480.57 0 0 0 0
1516083480.67 0 0 0 0
1516083480.77 0 0 0 0
1516083480.87 0 0 0 0
1516083480.97 0 0 0 0
1516083481.07 0 0 0 0
1516083481.17 0 0 0 0
1516083481.27 0 0 0 0
1516083481.38 0 0 0 0
1516083481.47 0 0 0 0
1516083481.57 0 0 0 0
1516083481.67 0 0 0 0
1516083481.79 0 0 0 0
1516083481.9 0 0 0 0
1516083481.99 0 0 0 0
1516083482.1 0 0 0 0
1516083482.2 0 0 0 0
1516083482.3 0 0 0 0
1516083482.4 0 0 0 0
1516083482.5 0 0 0 0
1516083482.6 0 0 0 0
1516083482.7 0 0 0 0
1516083482.8 0 0 0 0
1516083482.9 0 0 0 0
1516083483.0 0 0 0 0
1516083483.1 0 0 0 0
1516083483.2 0 0 0 0
1516083483.3 0 0 0 0
1516083483.4 0 0 0 0
1516083483.5 0 0 0 0
1516083483.6 0 0 0 0
1516083483.7 0 0 0 0
1516083483.8 0 0 0 0
1516083483.9 0 0 0 0
1516083484.0 0 0 0 0
1516083484.1 0 0 0 0
1516083484.2 0 0 0 0
1516083484.3 0 0 0 0
1516083484.4 0 0 0 0
1516083484.5 0 0 0 0
1516083484.6 0 1514 0 74
1516083484.7 0 0 0 0
1516083484.8 0 0 0 0
1516083484.9 0 48448 0 0
1516083485.0 0 56018 0 0
1516083485.1 0 56018 0 0
1516083485.2 0 57532 0 0
1516083485.3 0 56018 0 0
1516083485.4 0 56018 0 0
1516083485.5 0 56018 0 0
1516083485.6 0 56018 0 0
1516083485.7 0 57532 0 0
1516083485.8 0 56018 0 0
1516083485.9 0 56018 0 0
1516083486.0 0 56018 0 0
1516083486.1 0 56018 0 0
1516083486.2 0 57532 0 0
1516083486.3 0 56018 0 0
1516083486.4 0 56018 0 0
1516083486.5 0 56018 0 0
1516083486.6 0 56018 0 0
1516083486.7 0 57532 0 0
1516083486.81 0 56018 0 0
1516083486.91 0 57532 0 0
1516083487.0 0 54504 0 0
1516083487.11 0 57532 0 0
1516083487.21 0 54504 0 0
1516083487.31 0 56018 0 0
1516083487.41 0 56018 0 0
1516083487.51 0 56018 0 0
1516083487.61 0 54504 0 0
1516083487.71 0 57532 0 0
1516083487.81 0 56018 0 0
1516083487.91 0 56018 0 0
1516083488.01 0 56018 0 0
1516083488.11 0 57532 0 0
1516083488.21 0 56018 0 0
1516083488.31 0 56018 0 0
1516083488.41 0 56018 0 0
1516083488.51 0 56018 0 0
1516083488.61 0 56018 0 0
1516083488.71 0 57532 0 0
1516083488.81 0 56018 0 0
1516083488.91 0 56018 0 0
1516083489.01 0 57532 0 0
1516083489.11 0 56018 0 0
1516083489.21 0 56018 0 0
1516083489.31 0 56018 0 0
1516083489.41 0 56018 0 0
1516083489.51 0 57532 0 0
1516083489.61 0 56018 0 84
1516083489.71 0 56018 0 0
1516083489.81 0 56018 0 0
1516083489.91 0 56018 0 0
1516083490.01 0 54504 0 0
1516083490.11 0 57532 0 0
1516083490.21 0 56018 0 0
1516083490.31 0 56018 0 0
1516083490.41 0 57532 0 0
1516083490.51 0 54504 0 0
1516083490.61 0 57532 0 0
1516083490.71 0 56018 0 0
1516083490.81 0 56018 0 0
1516083490.91 0 56018 0 0
1516083491.02 0 57532 0 0
1516083491.12 0 56018 0 0
1516083491.21 0 56018 0 0
1516083491.32 0 57532 0 0
1516083491.42 0 54504 0 0
1516083491.52 0 57532 0 0
1516083491.62 0 56018 0 0
1516083491.72 0 56018 0 0
1516083491.82 0 54504 0 0
1516083491.92 0 52990 0 0
1516083492.02 0 56018 0 0
1516083492.12 0 57532 0 0
1516083492.22 0 56018 0 0
1516083492.32 0 52990 0 0
1516083492.42 0 56018 0 0
1516083492.52 0 56018 0 0
1516083492.62 0 57532 0 0
1516083492.72 0 52990 0 0
1516083492.82 0 56018 0 0
1516083492.92 0 54504 0 0
1516083493.02 0 56018 0 0
1516083493.12 0 52990 0 0
1516083493.22 0 54504 0 0
1516083493.32 0 57532 0 0
1516083493.42 0 56018 0 0
1516083493.52 0 56018 0 0
1516083493.62 0 52990 0 0
1516083493.72 0 54504 0 0
1516083493.82 0 57532 0 0
1516083493.92 0 56018 0 0
1516083494.02 0 56018 0 0
1516083494.12 0 57532 0 0
1516083494.22 0 56018 0 0
1516083494.32 0 56018 0 0
1516083494.42 0 56018 0 0
1516083494.52 0 52990 0 0
1516083494.62 0 56018 0 0
1516083494.72 0 57532 0 0
1516083494.82 0 56018 0 0
1516083494.92 0 56018 0 0
1516083495.02 0 56018 0 0
1516083495.12 0 56018 0 0
1516083495.22 0 56018 0 0
1516083495.33 0 57532 0 0
1516083495.42 0 54504 0 0
1516083495.52 0 56018 0 0
1516083495.62 0 57532 0 0
1516083495.72 0 56018 0 0
1516083495.82 0 56018 0 0
1516083495.92 0 56018 0 0
1516083496.02 0 57532 0 0
1516083496.12 0 56018 0 0
1516083496.23 0 56018 0 0
1516083496.32 0 56018 0 0
1516083496.42 0 56018 0 0
1516083496.52 0 56018 0 0
1516083496.62 0 56018 0 0
1516083496.72 0 57532 0 0
1516083496.82 0 56018 0 0
1516083496.93 0 57532 0 0
1516083497.03 0 56018 0 0
1516083497.13 0 56018 0 0
1516083497.23 0 56018 0 0
1516083497.33 0 57532 0 0
1516083497.43 0 56018 0 0
1516083497.53 0 56018 0 0
1516083497.63 0 52990 0 0
1516083497.73 0 56018 0 0
1516083497.83 0 57532 0 0
1516083497.93 0 56018 0 0
1516083498.03 0 56018 0 0
1516083498.13 0 57532 0 0
1516083498.23 0 56018 0 0
1516083498.33 0 56018 0 0
1516083498.43 0 56018 0 0
1516083498.53 0 57532 0 0
1516083498.63 0 56018 0 0
1516083498.73 0 56018 0 0
1516083498.83 0 56018 0 0
1516083498.93 0 51476 0 0
1516083499.03 0 56018 0 0
1516083499.13 0 56018 0 0
1516083499.23 0 52990 0 0
1516083499.33 0 57532 0 0
1516083499.43 0 56018 0 0
1516083499.53 0 56018 0 0
1516083499.63 0 56018 0 0
1516083499.74 0 57532 0 0
1516083499.84 0 57532 0 0
1516083499.94 0 56018 0 0
1516083500.04 0 52990 0 0
1516083500.14 0 57532 0 0
1516083500.24 0 56018 0 0
1516083500.34 0 57532 0 0
1516083500.44 0 56018 0 0
1516083500.54 0 56018 0 0
1516083500.64 0 56018 0 0
1516083500.74 0 52990 0 0
1516083500.84 0 56018 0 0
1516083500.94 0 56018 0 0
1516083501.04 0 54504 0 0
1516083501.14 0 57532 0 0
1516083501.24 0 54504 0 0
1516083501.34 0 57532 0 0
1516083501.44 0 56018 0 0
1516083501.54 0 56018 0 0
1516083501.64 0 56018 0 0
1516083501.74 0 57532 0 0
1516083501.84 0 54504 0 0
1516083501.94 0 57532 0 0
1516083502.04 0 56018 0 0
1516083502.14 0 51476 0 0
1516083502.24 0 56018 0 0
1516083502.34 0 57532 0 0
1516083502.44 0 56018 0 0
1516083502.54 0 57532 0 0
1516083502.64 34000 62074 0 0
1516083502.75 65102 63588 0 0
1516083502.85 49962 63588 0 0
1516083502.95 16654 62074 0 0
1516083503.05 0 22710 0 0
1516083503.14 0 10598 0 0
1516083503.24 0 40878 0 0
1516083503.35 0 65102 0 0
1516083503.45 0 56018 0 0
1516083503.54 0 7570 0 0
1516083503.65 0 33308 0 0
1516083503.75 0 52990 0 0
1516083503.85 0 60560 0 0
1516083503.95 0 33308 0 0
1516083504.05 0 39364 0 0
1516083504.15 0 51476 0 0
1516083504.25 0 59046 0 0
1516083504.35 0 54504 0 0
1516083504.45 0 52990 0 0
1516083504.55 0 57532 0 0
1516083504.65 0 63588 0 0
1516083504.75 0 62074 0 0
1516083504.85 4542 62074 0 0
1516083504.95 6056 63588 0 0
1516083505.05 1514 65102 0 0
1516083505.15 0 59046 0 0
1516083505.25 0 60560 0 0
1516083505.35 1514 62074 0 0
1516083505.45 6056 63588 0 0
1516083505.55 6056 62074 0 0
1516083505.65 0 57532 0 0
1516083505.75 0 57532 0 0
1516083505.85 0 62074 0 0
1516083505.95 3028 65102 0 0
1516083506.05 6056 62074 0 0
1516083506.15 4542 63588 0 0
1516083506.25 0 57532 0 0
1516083506.36 0 57532 0 0
1516083506.45 0 63588 0 0
1516083506.56 3028 62074 0 0
1516083506.66 6056 63588 0 0
1516083506.76 3028 63588 0 0
1516083506.86 0 57532 0 0
1516083506.96 0 62074 0 0
1516083507.06 1514 65102 0 0
1516083507.16 6056 60560 0 0
1516083507.26 4542 63588 0 0
1516083507.36 0 62074 0 0
1516083507.46 0 59046 0 0
1516083507.56 0 63588 0 0
1516083507.66 3028 62074 0 0
1516083507.76 9084 62074 0 0
1516083507.86 6056 62074 0 0
1516083507.96 0 54504 0 0
1516083508.06 0 51476 0 0
1516083508.16 0 62074 0 0
1516083508.26 0 59046 0 0
1516083508.36 1514 65102 0 0
1516083508.46 6056 62074 0 0
1516083508.56 3028 63588 0 0
1516083508.66 0 62074 0 0
1516083508.76 0 62074 0 0
1516083508.86 1514 63588 0 0
1516083508.96 9084 62074 0 0
1516083509.06 6056 63588 0 0
1516083509.16 0 51476 0 0
1516083509.26 0 54504 0 0
1516083509.36 0 60560 0 0
1516083509.47 0 65102 0 0
1516083509.56 3028 62074 0 0
1516083509.67 6056 62074 0 0
1516083509.77 3028 63588 0 0
1516083509.87 0 60560 0 0
1516083509.97 0 57532 0 0
1516083510.07 3028 62074 0 0
1516083510.17 6056 63588 0 0
1516083510.27 3028 63588 0 0
1516083510.37 0 59046 0 0
1516083510.47 0 57532 0 0
1516083510.57 0 63588 0 0
1516083510.67 4542 65102 0 0
1516083510.77 7570 62074 0 0
1516083510.87 1514 62074 0 0
1516083510.97 0 54504 0 0
1516083511.07 0 59046 0 0
1516083511.18 0 66616 0 0
1516083511.28 6056 60560 0 0
1516083511.38 1514 65102 0 0
1516083511.48 0 63588 0 0
1516083511.58 4542 62074 0 0
1516083511.68 7570 62074 0 0
1516083511.78 0 60560 0 0
1516083511.88 0 59046 0 0
1516083511.98 0 62074 0 0
1516083512.08 3028 60560 0 0
1516083512.18 6056 62074 0 0
1516083512.28 4542 65102 0 0
1516083512.38 0 59046 0 0
1516083512.48 0 56018 0 0
1516083512.58 0 63588 0 0
1516083512.68 1514 63588 0 0
1516083512.78 6056 63588 0 0
1516083512.88 7570 60560 0 0
1516083512.98 0 62074 0 0
1516083513.09 0 49962 0 0
1516083513.18 0 60560 0 0
1516083513.29 1514 63588 0 0
1516083513.39 3028 63588 0 0
1516083513.49 9084 60560 0 0
1516083513.59 1514 65102 0 0
1516083513.69 0 51476 0 0
1516083513.79 0 60560 0 0
1516083513.89 1514 62074 0 0
1516083513.99 3028 62074 0 0
1516083514.09 6056 62074 0 0
1516083514.19 0 62074 0 0
1516083514.29 0 59046 0 0
1516083514.39 0 62074 0 0
1516083514.48 3028 62074 0 0
1516083514.59 7570 63588 0 0
1516083514.68 4542 62074 0 0
1516083514.79 0 52990 0 0
1516083514.89 0 59046 0 0
1516083514.99 0 62074 0 0
1516083515.09 1514 66616 0 0
1516083515.19 7570 59046 0 0
1516083515.29 3028 65102 0 0
1516083515.39 0 57532 0 0
1516083515.49 0 63588 0 0
1516083515.59 0 63588 0 0
1516083515.69 6056 63588 0 0
1516083515.79 4542 62074 0 0
1516083515.89 0 60560 0 0
1516083515.99 0 59046 0 0
1516083516.09 1514 65102 0 0
1516083516.19 6056 62074 0 0
1516083516.3 6056 63588 0 0
1516083516.4 0 59046 0 42
1516083516.5 0 56018 0 0
1516083516.59 0 62074 0 0
1516083516.7 3028 63588 0 0
1516083516.8 1514 63588 0 0
1516083516.89 4542 62074 0 0
1516083517.0 3028 65102 0 0
1516083517.09 1514 59046 0 0
1516083517.2 1514 63588 0 0
1516083517.3 3028 62074 0 0
1516083517.4 1514 63588 0 0
1516083517.5 3028 62074 0 0
1516083517.6 4542 62074 0 0
1516083517.7 1514 63588 0 0
1516083517.8 0 62074 0 0
1516083517.9 0 63588 0 0
1516083518.0 3028 60560 0 0
1516083518.1 9084 63588 0 0
1516083518.2 3028 62074 0 0
1516083518.3 0 52990 0 0
1516083518.4 0 59046 0 0
1516083518.5 0 62074 0 0
1516083518.6 1514 66616 0 0
1516083518.7 6056 62074 0 0
1516083518.8 3028 62074 0 0
1516083518.9 0 63588 0 0
1516083519.0 0 60560 0 0
1516083519.1 1514 65102 0 0
1516083519.21 9084 62074 0 0
1516083519.3 4542 60560 0 0
1516083519.41 0 54504 0 0
1516083519.51 0 57532 0 0
1516083519.6 0 60560 0 0
1516083519.71 1514 62074 0 0
1516083519.8 4542 63588 0 0
1516083519.9 4542 62074 0 0
1516083520.01 1514 62074 0 0
1516083520.11 0 62074 0 0
1516083520.21 0 63588 0 0
1516083520.31 3028 63588 0 0
1516083520.41 7570 62074 0 0
1516083520.51 3028 63588 0 0
1516083520.61 0 60560 0 0
1516083520.71 0 59046 0 0
1516083520.81 0 62074 0 0
1516083520.91 4542 62074 0 0
1516083521.01 6056 63588 0 0
1516083521.11 3028 60560 0 0
1516083521.21 0 60560 0 0
1516083521.31 0 60560 0 0
1516083521.42 0 63588 0 0
1516083521.52 4542 62074 0 42
1516083521.62 7570 63588 0 0
1516083521.72 1514 62074 0 0
1516083521.82 0 54504 0 0
1516083521.92 0 59046 0 0
1516083522.02 1514 65102 0 0
1516083522.12 4542 62074 0 0
1516083522.22 4542 62074 0 0
1516083522.32 0 60560 0 0
1516083522.42 0 60560 0 0
1516083522.52 0 63588 0 0
1516083522.62 6056 63588 0 0
1516083522.72 4542 62074 0 0
1516083522.82 1514 62074 0 0
1516083522.92 0 63588 0 0
1516083523.02 0 62074 0 0
1516083523.12 4542 62074 0 0
1516083523.22 6056 62074 0 0
1516083523.32 3028 63588 0 0
1516083523.42 0 56018 0 0
1516083523.52 0 63588 0 0
1516083523.62 0 62074 0 0
1516083523.73 4542 66616 0 0
1516083523.82 7570 59046 0 0
1516083523.92 1514 62074 0 0
1516083524.02 0 54504 0 0
1516083524.12 0 63588 0 0
1516083524.22 1514 62074 0 0
1516083524.32 4542 63588 0 0
1516083524.42 6056 62074 0 0
1516083524.52 0 62074 0 0
1516083524.62 0 57532 0 0
1516083524.72 0 63588 0 0
1516083524.82 1514 62074 0 0
1516083524.92 7570 63588 0 0
1516083525.02 6056 62074 0 0
1516083525.12 0 57532 0 0
1516083525.22 0 56018 0 0
1516083525.33 0 63588 0 0
1516083525.42 0 63588 0 0
1516083525.52 6056 62074 0 0
1516083525.62 7570 62074 0 0
1516083525.73 0 63588 0 0
1516083525.83 0 52990 0 0
1516083525.92 0 60560 0 0
1516083526.03 1514 65102 0 0
1516083526.13 7570 63588 0 0
1516083526.23 3028 62074 0 0
1516083526.33 0 57532 0 0
1516083526.43 0 60560 0 0
1516083526.53 0 62074 0 0
1516083526.63 3028 63588 0 0
1516083526.73 7570 63588 0 0
1516083526.83 3028 62074 0 0
1516083526.93 1514 52990 0 0
1516083527.03 0 65102 0 0
1516083527.13 0 60560 0 0
1516083527.23 0 63588 0 0
1516083527.33 7570 62074 0 0
1516083527.43 3028 63588 0 0
1516083527.53 0 57532 0 0
1516083527.63 0 63588 0 0
1516083527.73 1514 62074 0 0
1516083527.83 7570 63588 0 0
1516083527.93 3028 62074 0 0
1516083528.04 0 60560 0 0
1516083528.14 0 63588 0 0
1516083528.24 1514 60560 0 0
1516083528.33 4542 62074 0 0
1516083528.43 6056 62074 0 0
1516083528.53 0 62074 0 0
1516083528.63 0 59046 0 0
1516083528.74 0 63588 0 0
1516083528.84 4542 65102 0 0
1516083528.93 7570 60560 0 0
1516083529.04 0 63588 0 0
1516083529.13 0 51476 0 0
1516083529.23 0 62074 0 0
1516083529.34 0 65102 0 0
1516083529.44 3028 62074 0 0
1516083529.54 9084 62074 0 0
1516083529.64 0 60560 0 0
1516083529.74 0 51476 0 0
1516083529.84 0 63588 0 0
1516083529.94 3028 63588 0 0
1516083530.04 9084 62074 0 0
1516083530.14 1514 63588 0 0
1516083530.24 0 52990 0 0
1516083530.34 3028 59046 0 0
1516083530.44 0 60560 0 0
1516083530.54 0 63588 0 0
1516083530.64 3028 63588 0 0
1516083530.74 7570 62074 0 0
1516083530.84 3028 60560 0 0
1516083530.94 0 57532 0 0
1516083531.04 0 59046 0 0
1516083531.14 0 62074 0 0
1516083531.24 1514 65102 0 0
1516083531.34 6056 62074 0 0
1516083531.44 3028 62074 0 0
1516083531.54 1514 65102 0 0
1516083531.64 0 60560 0 0
1516083531.74 0 63588 0 0
1516083531.85 3028 63588 0 0
1516083531.94 9084 62074 0 0
1516083532.05 6056 63588 0 0
1516083532.15 0 49962 0 0
1516083532.25 0 57532 0 0
1516083532.35 0 60560 0 0
1516083532.45 0 63588 0 0
1516083532.55 4542 63588 0 0
1516083532.65 6056 63588 0 0
1516083532.75 0 57532 0 0
1516083532.85 0 59046 0 0
1516083532.95 0 63588 0 0
1516083533.05 4542 63588 0 0
1516083533.15 7570 62074 0 0
1516083533.25 3028 62074 0 0
1516083533.35 0 56018 0 0
1516083533.45 0 59046 0 0
1516083533.55 0 62074 0 0
1516083533.65 1514 63588 0 0
1516083533.75 7570 62074 0 0
1516083533.85 3028 65102 0 0
1516083533.95 0 62074 0 0
1516083534.05 0 57532 0 0
1516083534.15 0 63588 0 0
1516083534.25 4542 62074 0 0
1516083534.35 9084 62074 0 0
1516083534.45 1514 63588 0 0
1516083534.55 0 52990 0 0
1516083534.65 0 57532 0 0
1516083534.75 0 63588 0 0
1516083534.85 3028 62074 0 0
1516083534.95 7570 65102 0 0
1516083535.05 1514 62074 0 0
1516083535.15 0 60560 0 0
1516083535.26 0 62074 0 0
1516083535.36 0 63588 0 0
1516083535.45 4542 62074 0 0
1516083535.55 7570 62074 0 0
1516083535.65 3028 62074 0 0
1516083535.76 0 56018 0 0
1516083535.86 0 60560 0 0
1516083535.96 0 65102 0 0
1516083536.06 1514 60560 0 0
1516083536.16 7570 63588 0 0
1516083536.26 3028 60560 0 0
1516083536.36 0 59046 0 0
1516083536.46 0 60560 0 0
1516083536.56 0 65102 0 0
1516083536.66 6056 62074 0 0
1516083536.76 6056 62074 0 0
1516083536.86 0 59046 0 0
1516083536.96 0 59046 0 0
1516083537.06 0 63588 0 0
1516083537.16 3028 63588 0 0
1516083537.26 9084 62074 0 0
1516083537.36 1514 65102 0 0
1516083537.46 0 54504 0 0
1516083537.56 0 60560 0 0
1516083537.66 0 62074 0 0
1516083537.76 4542 65102 0 0
1516083537.86 6056 62074 0 0
1516083537.96 0 62074 0 0
1516083538.06 0 59046 0 0
1516083538.16 0 65102 0 0
1516083538.29 7570 80242 0 0
1516083538.38 10598 52990 0 0
1516083538.48 0 45420 0 0
1516083538.58 0 54504 0 0
1516083538.68 0 57532 0 0
1516083538.78 1514 62074 0 0
1516083538.88 1514 63588 0 0
1516083538.98 1514 63588 0 0
1516083539.08 3028 60560 0 0
1516083539.18 6056 62074 0 0
1516083539.28 0 57532 0 0
1516083539.38 0 62074 0 0
1516083539.48 1514 63588 0 0
1516083539.58 3028 62074 0 0
1516083539.68 7570 63588 0 0
1516083539.78 0 57532 0 0
1516083539.88 0 59046 0 0
1516083539.98 0 62074 0 0
1516083540.08 3028 66616 0 0
1516083540.18 7570 60560 0 0
1516083540.28 0 59046 0 0
1516083540.38 0 60560 0 0
1516083540.48 1514 62074 0 0
1516083540.58 4542 63588 0 0
1516083540.7 7570 74186 0 0
1516083540.78 4542 48448 0 0
1516083540.87 0 46934 0 0
1516083540.97 0 54504 0 0
1516083541.07 0 59046 0 0
1516083541.17 0 63588 0 74
1516083541.27 0 62074 0 0
1516083541.37 4542 63588 0 66
1516083541.48 21196 49962 0 13716
1516083541.57 6056 62074 0 0
1516083541.67 0 33308 0 30280
1516083541.77 0 46934 0 0
1516083541.87 4542 45420 40878 16654
1516083541.97 13626 43906 25738 18168
1516083542.07 10598 45420 40878 18168
1516083542.18 0 36336 49962 27252
1516083542.28 0 31794 56018 30280
1516083542.38 0 39364 81756 24224
1516083542.48 0 40878 98410 22710
1516083542.57 0 40878 102952 19682
1516083542.68 0 42392 105980 21196
1516083542.77 1514 43906 107494 19682
1516083542.87 6056 40878 107494 21196
1516083542.98 4542 42392 107494 21196
1516083543.08 3028 40878 110522 19682
1516083543.17 0 39364 107494 22710
1516083543.27 0 40878 109008 21196
1516083543.38 3028 42392 109008 22710
1516083543.51 6056 51476 112036 27252
1516083543.6 9084 39364 112036 21196
1516083543.7 0 31794 109008 25738
1516083543.8 0 39364 102952 27252
1516083543.9 0 39364 110522 22710
1516083544.0 1514 40878 115064 21196
1516083544.1 4542 40878 116578 22710
1516083544.2 4542 39364 115064 22710
1516083544.3 0 39364 118092 22710
1516083544.4 1514 39364 116578 22710
1516083544.5 6056 39364 118092 24224
1516083544.6 6056 39364 119606 22710
1516083544.7 0 37850 121120 22710
1516083544.8 0 37850 121120 25738
1516083544.9 1514 39364 122634 22710
1516083545.0 4542 40878 125662 24224
1516083545.1 6056 39364 127176 24224
1516083545.2 4542 39364 124148 24224
1516083545.3 0 31794 121120 27252
1516083545.4 0 39364 121120 25738
1516083545.5 0 39364 127176 24224
1516083545.6 3028 39364 133232 22710
1516083545.7 7570 37850 130204 24224
1516083545.8 1514 37850 130204 24224
1516083545.9 1514 37850 131718 24224
1516083546.0 1514 39364 134746 24224
1516083546.1 3028 37850 134746 24224
1516083546.23 6056 46934 136260 30280
1516083546.33 4542 40878 137774 25738
1516083546.43 0 34822 136260 24224
1516083546.54 0 39364 140802 25738
1516083546.63 0 37850 140802 24224
1516083546.73 3028 39364 142316 24224
1516083546.83 4542 37850 145344 24224
1516083546.93 7570 39364 146858 24224
1516083547.04 1514 37850 145344 25738
1516083547.13 0 34822 148372 24224
1516083547.23 0 39364 151400 25738
1516083547.34 1514 39364 154428 24224
1516083547.43 6056 36336 155942 24224
1516083547.53 7570 37850 158970 24224
1516083547.64 6056 39364 160484 25738
1516083547.73 0 31794 160484 28766
1516083547.83 0 33308 160484 27252
1516083547.93 0 37850 171082 24224
1516083548.04 0 39364 178652 25738
1516083548.13 3028 37850 183194 24224
1516083548.24 7570 37850 187736 25738
1516083548.33 7570 37850 190764 24224
1516083548.44 0 37850 195306 24224
1516083548.53 0 27252 190764 34822
1516083548.64 0 37850 193792 25738
1516083548.74 1514 39364 213474 25738
1516083548.84 6056 37850 218016 24224
1516083548.94 6056 37850 221044 24224
1516083549.04 1514 36336 230128 25738
1516083549.14 0 36336 233156 27252
1516083549.24 0 37850 236184 25738
1516083549.34 1514 37850 248296 24224
1516083549.43 6056 36336 252838 24224
1516083549.54 7570 39364 257380 25738
1516083549.64 4542 37850 267978 24224
1516083549.74 0 31794 269492 28766
1516083549.84 0 34822 272520 27252
1516083549.94 0 39364 275000 25738
1516083550.04 3028 36336 293716 24224
1516083550.14 6056 37850 304356 24224
1516083550.24 4542 39364 311926 25738
1516083550.33 1514 36336 312000 24224
1516083550.44 0 33308 327066 25738
1516083550.54 0 40878 334636 27252
1516083550.64 4542 37850 346748 24224
1516083550.74 7570 36336 351290 24224
1516083550.84 6056 39364 361888 25738
1516083550.94 0 34822 369458 24224
1516083551.04 0 30280 369458 33308
1516083551.14 0 37850 375556 24224
1516083551.24 1514 37850 375514 24266
1516083551.34 4542 37850 377028 25738
1516083551.44 7570 37850 377028 24224
1516083551.54 4542 37850 375514 25738
1516083551.64 0 33308 375514 25738
1516083551.74 0 33308 374000 30280
1516083551.84 0 39364 374000 24224
1516083551.94 1514 37850 375514 25738
1516083552.04 6056 39364 377028 25738
1516083552.14 10598 34822 377028 24224
1516083552.24 4542 39364 375514 25738
1516083552.34 0 33308 374000 31794
1516083552.45 0 34822 374000 28766
1516083552.54 0 34822 378500 22752
1516083552.65 0 37850 378500 27252
1516083552.74 1514 36336 378500 24224
1516083552.84 6056 37850 370930 25738
1516083552.94 9084 37850 364874 24224
1516083553.04 3028 37850 355790 25738
1516083553.14 0 31794 345192 28766
1516083553.24 0 34822 334594 28766
1516083553.34 0 36336 330052 24224
1516083553.44 3028 37850 323996 25738
1516083553.54 4542 39364 309000 25738
1516083553.64 6056 36336 308856 24224
1516083553.75 4542 37850 302800 24224
1516083553.85 0 37850 289174 27252
1516083553.94 0 31794 271006 27252
1516083554.05 0 39364 252838 25738
1516083554.14 3028 37850 237698 25738
1516083554.24 7570 36336 230128 24224
1516083554.34 7570 37850 219530 24224
1516083554.44 0 37850 205904 25738
1516083554.54 0 28766 180320 31794
1516083554.64 0 37850 156096 25738
1516083554.74 1514 37850 187802 24224
1516083554.84 4542 39364 222624 25738
1516083554.94 6056 36336 271072 24224
1516083555.04 1514 37850 324062 25738
1516083555.14 0 36336 375538 25738
1516083555.24 0 37850 375538 24224
1516083555.34 3028 37850 376898 24378
1516083555.44 7570 37850 375472 25650
1516083555.54 3028 36336 376986 25738
1516083555.64 1514 37850 378500 24224
1516083555.74 0 37850 378500 24224
1516083555.84 1514 37850 378500 25738
1516083555.94 6056 36336 376986 25738
1516083556.04 6056 39364 376986 25738
1516083556.15 0 39364 376986 25738
1516083556.25 0 34822 376986 27252
1516083556.34 0 36336 376986 22710
1516083556.45 3028 39364 378500 25738
1516083556.55 7570 36336 376986 24224
1516083556.65 7570 39364 378500 25738
1516083556.74 0 28766 373958 28766
1516083556.84 0 34822 372444 30280
1516083556.95 0 36336 369416 24224
1516083557.05 1514 39364 364874 25738
1516083557.15 4542 37850 358818 24224
1516083557.25 7570 36336 349734 25738
1516083557.35 0 33308 339136 27252
1516083557.45 0 36336 327024 30280
1516083557.55 0 36336 322482 24224
1516083557.65 3028 37850 309000 25738
1516083557.75 7570 37850 308856 25738
1516083557.85 6056 37850 301286 24224
1516083557.95 0 31794 290688 28766
1516083558.05 0 34822 278576 28766
1516083558.15 0 36336 272520 25738
1516083558.25 3028 37850 275000 24224
1516083558.35 4542 37850 283118 25738
1516083558.45 4542 37850 283118 24224
1516083558.55 1514 37850 283118 25738
1516083558.65 0 34822 275000 27252
1516083558.75 1514 37850 280090 25738
1516083558.85 3028 37850 283118 24224
1516083558.95 4542 37850 283118 25738
1516083559.05 4542 36336 283118 24224
1516083559.15 1514 37850 283118 25738
1516083559.25 0 34822 280090 27252
1516083559.35 1514 37850 275000 24224
1516083559.45 6056 37850 283118 25738
1516083559.55 3028 37850 283118 24224
1516083559.65 1514 36336 284632 25738
1516083559.75 0 37850 283118 25738
1516083559.85 1514 37850 284632 25738
1516083559.95 6056 37850 286146 25738
1516083560.05 0 36336 286146 24224
1516083560.15 0 39364 286146 25738
1516083560.25 4542 36336 292202 24224
1516083560.35 6056 37850 292202 24224
1516083560.45 0 39364 290688 27252
1516083560.55 1514 34822 293716 24224
1516083560.66 4542 39364 296744 25738
1516083560.75 6056 36336 299772 24224
1516083560.85 0 36336 302800 27252
1516083560.95 0 36336 302800 25738
1516083561.05 0 37850 305828 24224
1516083561.15 6056 37850 308856 25738
1516083561.25 6056 36336 308856 24224
1516083561.35 1514 37850 313398 25738
1516083561.46 0 36336 311884 27252
1516083561.55 0 36336 314912 24224
1516083561.65 3028 37850 317940 25738
1516083561.75 7570 37850 317940 24224
1516083561.85 0 36336 322482 25738
1516083561.95 0 37850 322482 25738
1516083562.05 3028 37850 323996 25738
1516083562.15 6056 37850 328538 24224
1516083562.26 6056 37850 327024 25738
1516083562.36 0 34822 327024 27252
1516083562.46 0 33308 327024 28766
1516083562.55 0 36336 327024 24224
1516083562.66 4542 39364 333080 25738
1516083562.76 6056 37850 331566 25738
1516083562.86 3028 37850 337622 24224
1516083562.96 0 33308 336108 27252
1516083563.06 0 37850 334594 25738
1516083563.16 1514 37850 337622 25738
1516083563.26 6056 36336 340650 24224
1516083563.36 3028 37850 339136 25738
1516083563.46 3028 37850 342164 24224
1516083563.56 0 37850 340650 25738
1516083563.66 0 36336 343678 24224
1516083563.76 1514 37850 342164 25738
1516083563.86 7570 37850 346706 25738
1516083563.96 7570 37850 345192 24224
1516083564.06 3028 37850 343678 25738
1516083564.16 0 30280 340650 30280
1516083564.26 0 37850 336108 27252
1516083564.36 0 37850 345192 24224
1516083564.46 3028 37850 348220 25738
1516083564.56 6056 36336 348220 24224
1516083564.66 0 37850 346706 25738
1516083564.76 0 36336 346706 25738
1516083564.86 4542 37850 346706 24224
1516083564.96 7570 37850 348220 25738
1516083565.06 6056 37850 349734 24224
1516083565.16 0 31794 345192 31794
1516083565.26 0 33308 342164 25738
1516083565.36 0 39364 349734 25738
1516083565.46 3028 36336 352762 24224
1516083565.56 6056 37850 349734 25738
1516083565.66 0 37850 349734 24224
1516083565.76 0 36336 351248 27252
1516083565.86 1514 37850 352762 24224
1516083565.96 6056 37850 354276 25738
1516083566.06 6056 36336 354276 24224
1516083566.16 0 37850 352762 25738
1516083566.26 0 34822 349734 27252
1516083566.36 1514 37850 352762 25738
1516083566.46 4542 37850 355790 24224
1516083566.56 4542 37850 352762 25738
1516083566.66 0 37850 352762 24224
1516083566.76 0 36336 354276 25738
1516083566.86 3028 37850 354276 25738
1516083566.96 6056 37850 357304 24224
1516083567.06 0 37850 355790 25738
1516083567.16 0 37850 357304 24224
1516083567.26 4542 36336 358818 25738
1516083567.36 6056 37850 357304 24224
1516083567.46 1514 37850 358818 25738
1516083567.56 1514 36336 360332 25738
1516083567.66 0 37850 360332 25738
1516083567.76 4542 36336 363360 24224
1516083567.86 4542 37850 363360 25738
1516083567.96 3028 37850 363360 24224
1516083568.06 1514 37850 367902 25738
1516083568.16 0 37850 367902 25738
1516083568.26 1514 37850 367902 24224
1516083568.36 4542 36336 366388 25738
1516083568.46 1514 37850 367902 24224
1516083568.56 3028 37850 372444 25738
1516083568.66 3028 37850 373958 24224
1516083568.76 1514 37850 375472 25738
1516083568.87 4542 37850 376986 25738
1516083568.96 3028 36336 376986 24224
1516083569.06 0 36336 376986 24224
1516083569.17 1514 39364 373958 25738
1516083569.26 4542 36336 378500 24224
1516083569.36 6056 37850 376986 25738
1516083569.47 0 37850 375472 25738
1516083569.57 0 36336 373958 25738
1516083569.67 3028 37850 376986 25738
1516083569.77 6056 36336 378500 24224
1516083569.87 0 37850 376986 25738
1516083569.97 1514 36336 375472 25738
1516083570.07 3028 37850 375472 25738
1516083570.17 3028 37850 376986 24224
1516083570.27 3028 37850 375472 25738
1516083570.37 0 37850 378500 24224
1516083570.47 3028 37850 376986 25738
1516083570.57 6056 36336 376986 24224
1516083570.67 0 34822 373958 25738
1516083570.77 1514 39364 366388 25738
1516083570.87 3028 37850 357304 25738
1516083570.97 4542 37850 351248 25738
1516083571.07 0 36336 345192 24224
1516083571.17 0 37850 336108 25738
1516083571.27 4542 37850 328538 24224
1516083571.37 6056 37850 320968 25738
1516083571.47 0 36336 313398 24224
1516083571.57 0 37850 304314 27252
1516083571.67 3028 36336 296744 24224
1516083571.77 6056 37850 290688 25738
1516083571.87 1514 37850 283118 25738
1516083571.97 0 34822 274034 25738
1516083572.07 1514 39364 272520 24224
1516083572.17 4542 37850 280090 25738
1516083572.27 3028 36336 275000 25738
1516083572.37 3028 37850 284632 24224
1516083572.47 4542 37850 284632 25738
1516083572.57 0 36336 286146 24224
1516083572.67 1514 37850 284632 25738
1516083572.77 4542 37850 286146 24224
1516083572.87 3028 37850 284632 25738
1516083572.97 1514 37850 286146 24224
1516083573.07 0 36336 284632 25738
1516083573.17 3028 39364 284632 25738
1516083573.27 6056 36336 286146 24224
1516083573.37 1514 37850 284632 25738
1516083573.47 0 34822 284632 24224
1516083573.57 1514 39364 284632 25738
1516083573.67 4542 37850 286146 24224
1516083573.77 1514 37850 286146 25738
1516083573.87 4542 36336 287660 24224
1516083573.97 1514 39364 289174 25738
1516083574.07 0 36336 292202 24224
1516083574.17 4542 37850 295230 25738
1516083574.28 4542 39364 296744 25738
1516083574.38 1514 36336 296744 25738
1516083574.47 0 36336 298258 25738
1516083574.57 1514 37850 307342 24224
1516083574.68 4542 37850 307342 25738
1516083574.78 4542 37850 313398 24224
1516083574.88 0 36336 309000 25738
1516083574.97 1514 37850 319454 24224
1516083575.08 1514 37850 322482 25738
1516083575.17 7570 36336 325510 24224
1516083575.28 1514 37850 330052 25738
1516083575.38 0 34822 330052 28766
1516083575.48 3028 37850 333080 24224
1516083575.58 4542 37850 339136 25738
1516083575.68 0 37850 342164 24224
1516083575.78 3028 37850 343678 25738
1516083575.88 4542 36336 348220 24224
1516083575.98 0 39364 352762 25738
1516083576.08 0 36336 354276 24224
1516083576.18 3028 37850 355790 25738
1516083576.28 6056 37850 363360 24224
1516083576.38 1514 37850 364874 25738
1516083576.48 0 36336 367902 24224
1516083576.58 3028 39364 367902 25738
1516083576.68 6056 36336 373958 24224
1516083576.78 0 36336 373958 25738
1516083576.88 0 37850 375472 25738
1516083576.98 3028 37850 375472 24224
1516083577.08 4542 39364 376986 25738
1516083577.18 4542 36336 376986 24224
1516083577.28 0 36336 375472 25738
1516083577.38 0 37850 376986 24224
1516083577.48 4542 37850 376986 25738
1516083577.58 6056 36336 376986 24224
1516083577.68 1514 37850 378500 25738
1516083577.78 0 36336 378500 25738
1516083577.88 1514 37850 376986 25738
1516083577.98 3028 39364 376986 25738
1516083578.08 6056 36336 376986 24224
1516083578.18 1514 37850 375472 25738
1516083578.28 0 34822 378500 25738
1516083578.39 3028 40878 375472 27252
1516083578.48 4542 36336 378500 22710
1516083578.58 0 37850 376986 25738
1516083578.68 0 36336 378500 24224
1516083578.78 4542 37850 369416 25738
1516083578.88 6056 37850 361846 25738
1516083578.98 1514 37850 354276 24224
1516083579.08 0 36336 346706 25738
1516083579.18 0 36336 337622 25738
1516083579.28 3028 37850 330052 25738
1516083579.38 6056 37850 325510 24224
1516083579.48 3028 36336 309000 25738
1516083579.58 0 37850 310370 24224
1516083579.68 0 36336 299772 27252
1516083579.78 4542 37850 293716 24224
1516083579.88 7570 37850 286146 25738
1516083579.98 3028 36336 278576 24224
1516083580.08 0 34822 267978 28766
1516083580.18 0 36336 264950 24224
1516083580.28 1514 39364 267978 25738
1516083580.38 4542 37850 269492 25738
1516083580.48 3028 37850 269492 24224
1516083580.59 0 37850 269492 25738
1516083580.69 1514 37850 269492 24224
1516083580.78 7570 36336 269492 25738
1516083580.89 3028 37850 269492 24224
1516083580.99 0 34822 267978 27252
1516083581.09 0 37850 268020 25738
1516083581.19 3028 36336 269534 25738
1516083581.29 4542 37850 271048 24224
1516083581.39 4542 37850 269534 25738
1516083581.49 0 34822 271048 24224
1516083581.59 0 40878 272562 25738
1516083581.69 3028 36336 271048 25738
1516083581.79 6056 37850 271048 24224
1516083581.89 3028 37850 272562 25738
1516083581.99 0 36336 275590 24224
1516083582.09 1514 37850 274076 27294
1516083582.19 3028 37850 277104 24224
1516083582.29 6056 37850 280132 25738
1516083582.39 0 36336 283160 24224
1516083582.49 0 34822 278618 28766
1516083582.59 1514 37850 278618 25738
1516083582.69 4542 37850 287702 24224
1516083582.79 4542 36336 290730 24224
1516083582.89 0 37850 290730 25738
1516083582.99 1514 36336 271850 27252
1516083583.09 3028 37850 247584 24266
1516083583.19 4542 37850 221846 25738
1516083583.29 0 36336 193000 24224
1516083583.39 0 39364 171884 25738
1516083583.49 4542 36336 147660 24224
1516083583.59 6056 37850 121922 25738
1516083583.69 1514 37850 97698 24224
1516083583.79 0 34822 70446 27252
1516083583.89 0 36336 46222 24224
1516083583.99 3028 39364 20000 25738
1516083584.09 4542 39364 0 20484
1516083584.19 0 40878 0 0
1516083584.29 0 39364 0 0
1516083584.39 0 43906 0 66
1516083584.49 0 46934 0 0
1516083584.6 0 59046 0 0
1516083584.69 0 62074 0 0
1516083584.79 6056 62074 0 0
1516083584.89 9084 62074 0 0
1516083584.99 3028 63588 0 0
1516083585.09 0 51476 0 0
1516083585.19 0 59046 0 0
1516083585.29 1514 62074 0 0
1516083585.4 6056 62074 0 0
1516083585.49 3028 62074 0 0
1516083585.6 0 60560 0 0
1516083585.69 0 62074 0 0
1516083585.8 1514 63588 0 0
1516083585.9 7570 62074 0 0
1516083586.0 3028 62074 0 0
1516083586.1 0 60560 0 0
1516083586.2 0 60560 0 0
1516083586.3 0 65102 0 0
1516083586.4 6056 63588 0 0
1516083586.5 6056 60560 0 0
1516083586.6 0 60560 0 0
1516083586.7 0 59046 0 0
1516083586.8 0 63588 0 0
1516083586.9 3028 63588 0 0
1516083587.0 9084 60560 0 0
1516083587.1 1514 63588 0 0
1516083587.2 0 54504 0 0
1516083587.3 0 59046 0 0
1516083587.4 1514 62074 0 0
1516083587.5 4542 63588 0 0
1516083587.6 7570 65102 0 0
1516083587.7 0 60560 0 0
1516083587.8 0 52990 0 0
1516083587.9 0 60560 0 0
1516083588.0 0 63588 0 0
1516083588.1 6056 63588 0 0
1516083588.2 7570 62074 0 0
1516083588.3 0 63588 0 0
1516083588.4 0 51476 0 0
1516083588.5 0 62074 0 0
1516083588.6 1514 63588 0 0
1516083588.7 4542 63588 0 0
1516083588.8 6056 60560 0 0
1516083588.9 0 62074 0 0
1516083589.0 0 59046 0 0
1516083589.1 1514 62074 0 0
1516083589.2 3028 62074 0 0
1516083589.3 6056 62074 0 0
1516083589.4 1514 63588 0 0
1516083589.5 0 60560 0 0
1516083589.6 0 62074 0 0
1516083589.7 3028 63588 0 0
1516083589.81 7570 65102 0 0
1516083589.91 6056 62074 0 0
1516083590.01 0 56018 0 0
1516083590.11 0 54504 0 0
1516083590.21 0 59046 0 0
1516083590.31 1514 63588 0 0
1516083590.41 4542 62074 0 0
1516083590.51 4542 63588 0 0
1516083590.61 1514 63588 0 0
1516083590.71 0 59046 0 0
1516083590.81 0 62074 0 0
1516083590.92 1514 66616 0 0
1516083591.01 7570 62074 0 0
1516083591.11 4542 60560 0 0
1516083591.21 0 59046 0 0
1516083591.31 0 59046 0 0
1516083591.41 0 62074 0 0
1516083591.51 4542 65102 0 0
1516083591.61 7570 62074 0 0
1516083591.71 3028 62074 0 0
1516083591.81 0 54504 0 0
1516083591.91 0 60560 0 0
1516083592.01 1514 62074 0 0
1516083592.11 3028 62074 0 0
1516083592.22 4542 63588 0 0
1516083592.31 3028 62074 0 0
1516083592.42 0 60560 0 0
1516083592.52 0 66616 0 0
1516083592.62 1514 59046 0 0
1516083592.72 6056 63588 0 0
1516083592.82 4542 62074 0 0
1516083592.92 1514 63588 0 0
1516083593.02 0 56018 0 0
1516083593.12 0 60560 0 0
1516083593.22 1514 65102 0 0
1516083593.31 6056 60560 0 0
1516083593.42 4542 63588 0 0
1516083593.52 0 63588 0 0
1516083593.62 0 62074 0 0
1516083593.72 0 60560 0 0
1516083593.82 4542 65102 0 0
1516083593.92 9084 60560 0 0
1516083594.02 3028 63588 0 0
1516083594.12 0 54504 0 0
1516083594.22 0 57532 0 0
1516083594.32 0 63588 0 0
1516083594.42 1514 60560 0 0
1516083594.52 4542 63588 0 0
1516083594.62 7570 62074 0 0
1516083594.72 1514 62074 0 0
1516083594.82 0 52990 0 0
1516083594.92 0 60560 0 0
1516083595.02 0 63588 0 0
1516083595.12 4542 62074 0 0
1516083595.22 9084 63588 0 0
1516083595.32 1514 62074 0 0
1516083595.42 0 51476 0 0
1516083595.52 0 60560 0 0
1516083595.62 0 60560 0 0
1516083595.72 1514 65102 0 0
1516083595.82 7570 62074 0 0
1516083595.93 6056 63588 0 0
1516083596.02 0 59046 0 0
1516083596.12 0 54504 0 0
1516083596.23 0 60560 0 0
1516083596.33 1514 65102 0 0
1516083596.42 4542 62074 0 0
1516083596.53 7570 62074 0 0
1516083596.63 0 63588 0 0
1516083596.73 0 52990 0 0
1516083596.83 0 63588 0 0
1516083596.93 0 62074 0 0
1516083597.03 4542 63588 0 0
1516083597.13 9084 62074 0 0
1516083597.23 0 63588 0 0
1516083597.33 0 52990 0 0
1516083597.44 0 63588 0 0
1516083597.53 0 60560 0 0
1516083597.63 6056 63588 0 0
1516083597.73 6056 62074 0 0
1516083597.83 0 62074 0 0
1516083597.93 0 56018 0 0
1516083598.03 0 63588 0 0
1516083598.13 4542 62074 0 0
1516083598.23 6056 62074 0 0
1516083598.33 1514 63588 0 0
1516083598.43 0 60560 0 0
1516083598.54 0 63588 0 0
1516083598.63 3028 60560 0 0
1516083598.74 7570 63588 0 0
1516083598.83 3028 60560 0 0
1516083598.94 0 60560 0 0
1516083599.04 0 59046 0 0
1516083599.14 0 62074 0 0
1516083599.24 3028 63588 0 0
1516083599.34 7570 62074 0 0
1516083599.44 1514 62074 0 0
1516083599.54 0 59046 0 0
1516083599.64 0 60560 0 0
1516083599.74 1514 62074 0 0
1516083599.84 7570 63588 0 0
1516083599.94 3028 63588 0 0
1516083600.04 0 57532 0 0
1516083600.14 0 60560 0 0
1516083600.24 0 65102 0 0
1516083600.34 4542 62074 0 0
1516083600.44 9084 62074 0 0
1516083600.54 0 65102 0 0
1516083600.64 0 52990 0 0
1516083600.74 0 60560 0 0
1516083600.84 0 66616 0 0
1516083600.94 6056 63588 0 0
1516083601.04 4542 60560 0 0
1516083601.14 1514 62074 0 0
1516083601.24 0 62074 0 0
1516083601.34 0 63588 0 0
1516083601.45 4542 65102 0 0
1516083601.55 7570 62074 0 0
1516083601.64 1514 60560 0 0
1516083601.74 0 52990 0 0
1516083601.84 0 62074 0 0
1516083601.94 0 63588 0 0
1516083602.05 4542 65102 0 0
1516083602.14 6056 59046 0 0
1516083602.25 0 63588 0 0
1516083602.35 0 60560 0 0
1516083602.45 0 63588 0 0
1516083602.55 4542 62074 0 0
1516083602.65 9084 62074 0 0
1516083602.74 3028 62074 0 0
1516083602.85 0 51476 0 0
1516083602.95 0 60560 0 0
1516083603.05 0 62074 0 0
1516083603.15 0 62074 0 0
1516083603.25 4542 63588 0 0
1516083603.35 7570 63588 0 0
1516083603.45 0 63588 0 0
1516083603.55 0 48448 0 0
1516083603.65 0 62074 0 0
1516083603.75 3028 62074 0 0
1516083603.85 9084 63588 0 0
1516083603.95 1514 63588 0 0
1516083604.05 0 51476 0 0
1516083604.15 0 60560 0 0
1516083604.25 1514 62074 0 0
1516083604.35 4542 63588 0 0
1516083604.45 0 60560 0 0
1516083604.55 0 63588 0 0
1516083604.65 4542 62074 0 0
1516083604.75 6056 62074 0 0
1516083604.85 6056 63588 0 0
1516083604.95 0 49962 0 0
1516083605.05 0 60560 0 0
1516083605.15 0 59046 0 0
1516083605.25 0 63588 0 0
1516083605.36 4542 65102 0 0
1516083605.46 6056 65102 0 0
1516083605.55 0 57532 0 0
1516083605.65 0 56018 0 0
1516083605.75 0 63588 0 0
1516083605.86 4542 63588 0 0
1516083605.96 6056 62074 0 0
1516083606.06 1514 63588 0 0
1516083606.16 0 60560 0 0
1516083606.26 0 60560 0 0
1516083606.36 3028 63588 0 0
1516083606.46 6056 62074 0 0
1516083606.56 3028 62074 0 0
1516083606.66 0 60560 0 0
1516083606.76 0 63588 0 0
1516083606.86 3028 60560 0 0
1516083606.96 4542 65102 0 0
1516083607.06 4542 60560 0 0
1516083607.16 0 62074 0 0
1516083607.26 0 59046 0 0
1516083607.36 1514 63588 0 0
1516083607.46 4542 63588 0 0
1516083607.56 7570 62074 0 0
1516083607.66 0 60560 0 0
1516083607.76 0 54504 0 0
1516083607.86 0 62074 0 0
1516083607.96 0 65102 0 0
1516083608.06 6056 60560 0 0
1516083608.16 7570 62074 0 0
1516083608.26 1514 62074 0 0
1516083608.36 0 52990 0 0
1516083608.46 0 62074 0 0
1516083608.57 3028 63588 0 0
1516083608.67 4542 62074 0 0
1516083608.77 1514 62074 0 0
1516083608.87 0 60560 0 0
1516083608.97 0 59046 0 0
1516083609.07 3028 62074 0 0
1516083609.17 9084 63588 0 0
1516083609.27 1514 62074 0 0
1516083609.37 0 56018 0 0
1516083609.47 0 59046 0 0
1516083609.57 0 63588 0 0
1516083609.67 3028 62074 0 0
1516083609.77 7570 65102 0 0
1516083609.87 0 60560 0 0
1516083609.97 0 54504 0 0
1516083610.07 0 63588 0 0
1516083610.17 3028 62074 0 0
1516083610.27 10598 62074 0 0
1516083610.37 3028 63588 0 0
1516083610.47 0 49962 0 0
1516083610.57 0 56018 0 0
1516083610.67 0 63588 0 0
1516083610.77 1514 62074 0 0
1516083610.87 4542 63588 0 0
1516083610.97 7570 62074 0 0
1516083611.07 0 62074 0 42
1516083611.17 0 52990 0 0
1516083611.27 0 63588 0 0
1516083611.37 1514 62074 0 0
1516083611.48 6056 63588 0 0
1516083611.58 3028 62074 0 0
1516083611.68 0 62074 0 0
1516083611.78 0 60560 0 0
1516083611.88 1514 65102 0 0
1516083611.98 6056 63588 0 0
1516083612.08 4542 62074 0 0
1516083612.18 0 62074 0 0
1516083612.28 0 60560 0 0
1516083612.38 0 63588 0 0
1516083612.48 4542 63588 0 0
1516083612.58 7570 63588 0 0
1516083612.68 0 59046 0 0
1516083612.78 0 56018 0 0
1516083612.88 0 63588 0 0
1516083612.98 3028 62074 0 0
1516083613.08 9084 63588 0 0
1516083613.19 0 63588 0 0
1516083613.28 0 51476 0 0
1516083613.38 0 60560 0 0
1516083613.48 1514 62074 0 0
1516083613.58 7570 63588 0 0
1516083613.68 1514 62074 0 0
1516083613.78 0 60560 0 0
1516083613.88 0 62074 0 0
1516083613.98 1514 66616 0 0
1516083614.08 7570 60560 0 0
1516083614.18 1514 63588 0 0
1516083614.28 0 59046 0 0
1516083614.38 0 63588 0 0
1516083614.48 3028 63588 0 0
1516083614.58 7570 62074 0 0
1516083614.68 3028 62074 0 0
1516083614.78 0 59046 0 0
1516083614.88 0 59046 0 0
1516083614.98 0 65102 0 0
1516083615.08 3028 62074 0 0
1516083615.18 9084 65102 0 0
1516083615.29 1514 63588 0 0
1516083615.38 0 52990 0 0
1516083615.48 0 59046 0 0
1516083615.58 0 65102 0 0
1516083615.68 3028 63588 0 0
1516083615.79 7570 63588 0 0
1516083615.89 0 63588 0 0
1516083615.99 0 56018 0 0
1516083616.09 0 63588 0 0
1516083616.19 4542 62074 0 0
1516083616.29 9084 62074 0 0
1516083616.39 0 65102 0 0
1516083616.49 0 51476 0 0
1516083616.59 0 60560 0 0
1516083616.69 1514 63588 0 0
1516083616.79 6056 66616 0 0
1516083616.89 1514 57532 0 0
1516083616.99 0 62074 0 0
1516083617.09 0 66616 0 0
1516083617.19 1514 62074 0 0
1516083617.29 7570 60560 0 0
1516083617.39 3028 63588 0 0
1516083617.49 0 60560 0 0
1516083617.59 0 63588 0 0
1516083617.69 1514 62074 0 0
1516083617.79 6056 62074 0 0
1516083617.89 4542 62074 0 0
1516083617.99 0 63588 0 0
1516083618.09 0 59046 0 0
1516083618.2 0 66616 0 0
1516083618.29 6056 60560 0 0
1516083618.4 7570 63588 0 0
1516083618.5 0 59046 0 0
1516083618.6 0 56018 0 0
1516083618.7 0 62074 0 0
1516083618.8 1514 63588 0 0
1516083618.9 6056 63588 0 0
1516083619.0 1514 62074 0 0
1516083619.1 0 60560 0 0
1516083619.2 0 65102 0 0
1516083619.3 4542 62074 0 0
1516083619.4 6056 62074 0 0
1516083619.5 0 63588 0 0
1516083619.6 0 54504 0 0
1516083619.7 1514 63588 0 0
1516083619.8 6056 63588 0 0
1516083619.9 3028 62074 0 0
1516083620.0 1514 62074 0 0
1516083620.1 0 59046 0 0
1516083620.2 0 62074 0 42
1516083620.3 3028 63588 0 0
1516083620.41 10598 63588 0 0
1516083620.51 0 59046 0 0
1516083620.61 0 48448 0 0
1516083620.71 0 62074 0 0
1516083620.81 0 63588 0 0
1516083620.91 7570 65102 0 0
1516083621.01 0 60560 0 0
1516083621.11 0 57532 0 0
1516083621.21 1514 62074 0 0
1516083621.31 6056 65102 0 0
1516083621.41 3028 62074 0 0
1516083621.51 0 62074 0 0
1516083621.61 0 62074 0 0
1516083621.71 1514 62074 0 0
1516083621.81 6056 65102 0 0
1516083621.91 4542 59046 0 0
1516083622.01 0 62074 0 0
1516083622.11 0 52990 0 0
1516083622.21 1514 62074 0 0
1516083622.31 6056 62074 0 0
1516083622.41 3028 63588 0 0
1516083622.51 0 62074 0 0
1516083622.61 3028 63588 0 0
1516083622.72 4542 63588 0 0
1516083622.81 1514 60560 0 0
1516083622.91 0 60560 0 0
1516083623.02 0 63588 0 0
1516083623.12 1514 65102 0 0
1516083623.22 7570 60560 0 0
1516083623.32 3028 63588 0 0
1516083623.42 0 59046 0 0
1516083623.52 0 60560 0 0
1516083623.62 1514 63588 0 0
1516083623.72 7570 62074 0 0
1516083623.82 0 63588 0 0
1516083623.92 0 62074 0 0
1516083624.02 0 63588 0 0
1516083624.12 3028 63588 0 0
1516083624.22 10598 60560 0 0
1516083624.32 1514 63588 0 0
1516083624.42 0 49962 0 0
1516083624.52 0 60560 0 0
1516083624.62 0 63588 0 0
1516083624.72 3028 63588 0 0
1516083624.82 7570 60560 0 0
1516083624.92 0 62074 0 0
1516083625.03 0 63588 0 0
1516083625.12 1514 57532 0 0
1516083625.22 4542 62074 0 0
1516083625.32 7570 63588 0 0
1516083625.42 0 54504 0 0
1516083625.52 0 59046 0 0
1516083625.62 0 60560 0 0
1516083625.72 1514 65102 0 0
1516083625.82 6056 62074 0 0
1516083625.92 1514 62074 0 0
1516083626.02 3028 62074 0 0
1516083626.12 3028 63588 0 0
1516083626.22 1514 63588 0 0
1516083626.33 0 62074 0 0
1516083626.42 1514 60560 0 0
1516083626.52 4542 63588 0 0
1516083626.62 1514 62074 0 0
1516083626.72 0 63588 0 0
1516083626.83 1514 63588 0 0
1516083626.92 6056 60560 0 0
1516083627.02 1514 63588 0 0
1516083627.12 0 62074 0 0
1516083627.22 3028 60560 0 0
1516083627.32 6056 63588 0 0
1516083627.42 0 62074 0 0
1516083627.52 0 57532 0 0
1516083627.62 1514 65102 0 0
1516083627.72 6056 62074 0 0
1516083627.82 3028 62074 0 0
1516083627.92 1514 62074 0 0
1516083628.02 0 62074 0 0
1516083628.12 1514 63588 0 0
1516083628.22 4542 62074 0 0
1516083628.32 4542 63588 0 0
1516083628.42 0 62074 0 0
1516083628.52 0 62074 0 0
1516083628.62 1514 62074 0 0
1516083628.72 4542 63588 0 0
1516083628.83 6056 63588 0 0
1516083628.92 0 59046 0 0
1516083629.03 0 57532 0 0
1516083629.13 0 65102 0 0
1516083629.23 1514 63588 0 0
1516083629.33 9084 62074 0 0
1516083629.43 0 65102 0 0
1516083629.53 0 52990 0 0
1516083629.63 0 63588 0 0
1516083629.73 3028 62074 0 0
1516083629.83 9084 63588 0 0
1516083629.93 0 63588 0 0
1516083630.03 0 52990 0 0
1516083630.13 0 62074 0 0
1516083630.23 1514 63588 0 0
1516083630.33 7570 62074 0 0
1516083630.43 3028 63588 0 0
1516083630.53 0 59046 0 0
1516083630.63 0 62074 0 0
1516083630.73 0 63588 0 0
1516083630.83 4542 63588 0 0
1516083630.93 7570 62074 0 0
1516083631.03 0 59046 0 0
1516083631.13 0 54504 0 0
1516083631.23 0 65102 0 0
1516083631.33 3028 62074 0 0
1516083631.43 9084 62074 0 0
1516083631.53 1514 63588 0 0
1516083631.63 0 54504 0 0
1516083631.73 0 60560 0 0
1516083631.83 1514 62074 0 0
1516083631.93 6056 62074 0 0
1516083632.03 4542 63588 0 0
1516083632.13 0 59046 0 0
1516083632.23 0 56018 0 0
1516083632.33 0 62074 0 0
1516083632.43 3028 65102 0 0
1516083632.53 9084 62074 0 0
1516083632.63 3028 62074 0 0
1516083632.73 0 52990 0 0
1516083632.83 0 60560 0 0
1516083632.93 0 60560 0 0
1516083633.03 1514 65102 0 0
1516083633.13 6056 62074 0 0
1516083633.23 3028 62074 0 0
1516083633.33 0 62074 0 0
1516083633.44 0 65102 0 0
1516083633.54 1514 63588 0 0
1516083633.64 7570 60560 0 0
1516083633.73 3028 62074 0 0
1516083633.84 0 63588 0 0
1516083633.93 0 60560 0 0
1516083634.04 0 65102 0 0
1516083634.14 4542 62074 0 0
1516083634.24 7570 62074 0 0
1516083634.34 3028 62074 0 0
1516083634.44 0 54504 0 0
1516083634.54 0 60560 0 0
1516083634.64 0 62074 0 0
1516083634.74 4542 63588 0 0
1516083634.84 7570 62074 0 0
1516083634.94 1514 62074 0 0
1516083635.04 0 52990 0 0
1516083635.14 0 60560 0 0
1516083635.24 0 63588 0 0
1516083635.34 4542 62074 0 0
1516083635.44 9084 62074 0 0
1516083635.54 1514 66616 0 0
1516083635.64 0 51476 0 0
1516083635.74 0 57532 0 0
1516083635.84 0 63588 0 0
1516083635.94 1514 63588 0 0
1516083636.04 7570 62074 0 0
1516083636.14 3028 63588 0 0
1516083636.24 0 62074 0 0
1516083636.34 0 59046 0 0
1516083636.44 0 63588 0 0
1516083636.54 6056 63588 0 0
1516083636.64 6056 62074 0 0
1516083636.74 0 62074 0 0
1516083636.84 0 56018 0 0
1516083636.94 0 63588 0 0
1516083637.05 3028 65102 0 0
1516083637.15 10598 60560 0 0
1516083637.24 1514 62074 0 0
1516083637.34 0 48448 0 0
1516083637.45 0 60560 0 0
1516083637.55 0 62074 0 0
1516083637.65 1514 65102 0 0
1516083637.75 7570 63588 0 0
1516083637.85 3028 62074 0 42
1516083637.95 0 62074 0 0
1516083638.05 0 60560 0 0
1516083638.15 0 65102 0 0
1516083638.25 4542 62074 0 0
1516083638.35 7570 63588 0 0
1516083638.45 3028 62074 0 0
1516083638.55 0 54504 0 0
1516083638.65 0 62074 0 0
1516083638.76 0 65102 0 0
1516083638.86 3028 60560 0 0
1516083638.95 7570 63588 0 0
1516083639.05 0 62074 0 0
1516083639.15 0 56018 0 0
1516083639.25 0 63588 0 0
1516083639.35 4542 62074 0 0
1516083639.45 7570 63588 0 0
1516083639.55 1514 62074 0 0
1516083639.65 0 52990 0 0
1516083639.76 0 60560 0 0
1516083639.85 0 63588 0 0
1516083639.95 6056 62074 0 0
1516083640.05 6056 63588 0 0
1516083640.16 0 62074 0 0
1516083640.25 0 56018 0 0
1516083640.35 0 63588 0 0
1516083640.46 1514 65102 0 0
1516083640.56 9084 62074 0 0
1516083640.66 4542 62074 0 0
1516083640.76 0 56018 0 0
1516083640.86 0 60560 0 0
1516083640.96 0 60560 0 0
1516083641.06 1514 66616 0 0
1516083641.16 6056 62074 0 0
1516083641.26 4542 62074 0 0
1516083641.36 0 60560 0 0
1516083641.46 0 59046 0 0
1516083641.56 0 63588 0 0
1516083641.66 4542 63588 0 0
1516083641.76 7570 62074 0 0
1516083641.86 1514 62074 0 0
1516083641.96 0 56018 0 0
1516083642.06 0 60560 0 0
1516083642.16 0 65102 0 0
1516083642.26 4542 62074 0 0
1516083642.36 7570 63588 0 0
1516083642.46 0 62074 0 0
1516083642.56 0 52990 0 0
1516083642.66 0 63588 0 0
1516083642.76 3028 62074 0 0
1516083642.86 9084 63588 0 0
1516083642.96 3028 62074 0 0
1516083643.07 0 54504 0 0
1516083643.17 0 59046 0 0
1516083643.26 0 59046 0 0
1516083643.36 1514 62074 0 0
1516083643.46 7570 63588 0 0
1516083643.56 4542 62074 0 0
1516083643.66 0 59046 0 0
1516083643.76 0 57532 0 0
1516083643.86 0 63588 0 0
1516083643.97 1514 63588 0 0
1516083644.07 7570 62074 0 0
1516083644.16 4542 62074 0 0
1516083644.27 0 60560 0 0
1516083644.36 0 57532 0 0
1516083644.47 0 66616 0 0
1516083644.56 3028 60560 0 0
1516083644.67 7570 62074 0 0
1516083644.77 3028 63588 0 0
1516083644.87 0 59046 0 0
1516083644.97 0 62074 0 0
1516083645.07 0 65102 0 0
1516083645.17 1514 60560 0 0
1516083645.27 7570 63588 0 0
1516083645.37 4542 60560 0 0
1516083645.47 0 59046 0 0
1516083645.57 0 60560 0 0
1516083645.67 0 62074 0 0
1516083645.77 3028 62074 0 0
1516083645.87 7570 65102 0 0
1516083645.97 6056 62074 0 0
1516083646.07 0 54504 0 0
1516083646.17 0 59046 0 0
1516083646.27 0 57532 0 0
1516083646.37 0 63588 0 0
1516083646.47 1514 63588 0 0
1516083646.57 7570 62074 0 0
1516083646.67 4542 62074 0 0
1516083646.77 0 62074 0 0
1516083646.87 0 56018 0 0
1516083646.97 0 63588 0 0
1516083647.07 3028 62074 0 0
1516083647.17 9084 63588 0 0
1516083647.27 4542 62074 0 0
1516083647.37 0 52990 0 0
1516083647.47 0 57532 0 0
1516083647.57 0 57532 0 0
1516083647.68 0 66616 0 0
1516083647.78 4542 62074 0 0
1516083647.87 6056 62074 0 0
1516083647.98 4542 65102 0 0
1516083648.07 0 56018 0 0
1516083648.17 0 52990 0 0
1516083648.28 0 63588 0 0
1516083648.38 1514 65102 0 0
1516083648.48 7570 63588 0 0
1516083648.58 3028 62074 0 0
1516083648.68 0 60560 0 0
1516083648.78 0 60560 0 0
1516083648.88 0 65102 0 0
1516083648.98 4542 62074 0 0
1516083649.08 7570 62074 0 0
1516083649.18 1514 63588 0 0
1516083649.28 0 52990 0 0
1516083649.38 0 60560 0 0
1516083649.48 0 63588 0 0
1516083649.58 4542 62074 0 0
1516083649.68 9084 62074 0 0
1516083649.78 3028 63588 0 0
1516083649.88 0 52990 0 0
1516083649.98 0 59046 0 0
1516083650.08 0 60560 0 0
1516083650.18 0 63588 0 0
1516083650.28 6056 62074 0 0
1516083650.38 7570 63588 0 0
1516083650.48 0 62074 0 0
1516083650.58 0 52990 0 0
1516083650.68 0 63588 0 0
1516083650.78 1514 62074 0 0
1516083650.88 4542 63588 0 0
1516083650.99 10598 63588 0 0
1516083651.08 0 39364 0 0
1516083651.18 0 19682 0 0
1516083651.28 0 28766 0 0
1516083651.38 0 31794 0 0
1516083651.49 0 36336 0 0
1516083651.59 0 36336 0 0
1516083651.69 0 36336 0 0
1516083651.79 0 39364 0 0
1516083651.89 0 43906 0 0
1516083651.99 0 45420 0 0
1516083652.09 0 46934 0 0
1516083652.19 0 46934 0 0
1516083652.29 0 49962 0 0
1516083652.39 0 48448 0 0
1516083652.49 0 51476 0 0
1516083652.59 0 52990 0 0
1516083652.69 0 52990 0 0
1516083652.79 0 52990 0 0
1516083652.89 0 52990 0 0
1516083652.99 0 57532 0 0
1516083653.09 0 56018 0 0
1516083653.2 0 54504 0 0
1516083653.29 0 56018 0 0
1516083653.4 0 57532 0 0
1516083653.5 0 52990 0 0
1516083653.59 0 33308 0 0
1516083653.69 0 0 0 0
1516083653.79 0 0 0 0
1516083653.89 0 0 0 0
1516083653.99 0 0 0 0
1516083654.09 0 0 0 0
1516083654.19 0 0 0 0
1516083654.29 0 0 0 0
1516083654.39 0 1514 0 0
1516083654.49 0 0 0 0
1516083654.59 0 0 0 0
1516083654.69 0 0 0 0
1516083654.79 0 0 0 0
1516083654.89 0 1514 0 0
1516083654.99 0 0 0 0
1516083655.09 0 0 0 0
1516083655.19 0 0 0 0
1516083655.29 0 0 0 0
1516083655.39 0 0 0 0
1516083655.5 0 0 0 0
1516083655.59 0 0 0 0
1516083655.7 0 0 0 0
1516083655.8 0 0 0 0
1516083655.9 0 0 0 0
1516083656.0 0 0 0 0
1516083656.1 0 0 0 0
1516083656.2 0 0 0 0
1516083656.3 0 0 0 0
1516083656.4 0 0 0 0
1516083656.5 0 0 0 0
1516083656.6 0 0 0 0
1516083656.7 0 0 0 0
1516083656.8 0 0 0 0
1516083656.9 0 0 0 0
1516083657.0 0 0 0 0
1516083657.1 0 0 0 0
1516083657.2 0 0 0 0
1516083657.3 0 0 0 0
1516083657.4 0 0 0 42
1516083657.5 0 0 0 0
1516083657.6 0 0 0 0
1516083657.7 0 0 0 0
1516083657.8 0 0 0 0
1516083657.9 0 0 0 0
1516083658.0 0 0 0 0
1516083658.1 0 0 0 0
1516083658.2 0 0 0 0
1516083658.31 0 0 0 0
1516083658.4 0 0 0 0
1516083658.5 0 0 0 0
1516083658.6 0 0 0 0
1516083658.71 0 0 0 0
1516083658.8 0 0 0 0
1516083658.9 0 0 0 0
1516083659.0 0 0 0 0
1516083659.12 0 0 0 0
1516083659.23 0 0 0 0
1516083659.33 0 0 0 0
1516083659.42 0 0 0 0
1516083659.53 0 0 0 0
1516083659.63 0 0 0 0
1516083659.73 0 0 0 0
1516083659.83 0 0 0 0
1516083659.94 0 0 0 0
1516083660.07 0 0 0 0
1516083660.17 0 0 0 0
1516083660.27 0 0 0 0
1516083660.37 0 0 0 0
1516083660.47 0 0 0 0
1516083660.57 0 0 0 0
1516083660.67 0 0 0 0
1516083660.77 0 0 0 0
1516083660.87 0 0 0 0
1516083660.97 0 0 0 0
1516083661.07 0 0 0 0
1516083661.17 0 0 0 0
