1516082007.734101, 0, 0.000000
1516082007.834282, 0, 0.000000
1516082007.934440, 1, 12112.000000
1516082008.035057, 0, 10900.799805
1516082008.135191, 0, 9810.719727
1516082008.235320, 7, 93613.648438
1516082008.335496, 26, 399164.281250
1516082008.435696, 23, 637823.875000
1516082008.535925, 14, 743609.500000
1516082008.636127, 21, 923600.562500
1516082008.736325, 25, 1134040.500000
1516082008.836545, 28, 1359772.500000
1516082008.936788, 27, 1550819.250000
1516082009.036922, 28, 1734873.375000
1516082009.137301, 29, 1912634.000000
1516082009.237442, 30, 2084730.625000
1516082009.337792, 31, 2251729.500000
1516082009.438161, 32, 2414140.500000
1516082009.538374, 31, 2548198.500000
1516082009.638513, 33, 2693074.750000
1516082009.738653, 33, 2823463.250000
1516082009.838826, 33, 2940813.000000
1516082009.939219, 34, 3058539.750000
1516082010.039497, 33, 3152381.750000
1516082010.139990, 35, 3261063.500000
1516082010.240131, 34, 3346765.250000
1516082010.340251, 35, 3436008.750000
1516082010.440464, 34, 3504216.000000
1516082010.540711, 36, 3589826.500000
1516082010.641095, 35, 3654763.750000
1516082010.741441, 35, 3713207.500000
1516082010.841634, 36, 3777918.750000
1516082010.941755, 36, 3836159.000000
1516082011.042180, 35, 3876463.000000
1516082011.142421, 36, 3924848.750000
1516082011.242587, 36, 3968396.000000
1516082011.342688, 36, 4007588.500000
1516082011.442915, 36, 4042861.750000
1516082011.543066, 37, 4086719.500000
1516082011.643583, 36, 4114079.500000
1516082011.744211, 36, 4138703.500000
1516082011.844580, 37, 4172977.250000
1516082011.944757, 37, 4203823.500000
1516082012.045056, 36, 4219473.000000
1516082012.145245, 37, 4245669.500000
1516082012.245364, 36, 4257134.500000
1516082012.345529, 37, 4279565.000000
1516082012.445612, 37, 4299752.500000
1516082012.545780, 36, 4305809.000000
1516082012.646267, 37, 4323372.000000
1516082012.746403, 37, 4339179.000000
1516082012.846555, 37, 4353405.000000
1516082012.946633, 36, 4354096.500000
1516082013.046726, 37, 4366831.000000
1516082013.146807, 37, 4378292.000000
1516082013.247118, 37, 4388607.000000
1516082013.347331, 37, 4397890.500000
1516082013.447649, 37, 4406245.500000
1516082013.547829, 37, 4413765.000000
1516082013.647985, 37, 4420532.500000
1516082013.748152, 37, 4426623.000000
1516082013.848306, 37, 4432104.500000
1516082013.948405, 37, 4437038.000000
1516082014.048502, 36, 4429366.000000
1516082014.148797, 38, 4446685.500000
1516082014.249277, 36, 4438049.000000
1516082014.349458, 38, 4454500.000000
1516082014.449792, 37, 4457194.000000
1516082014.549913, 37, 4459618.500000
1516082014.649996, 37, 4461800.500000
1516082014.750143, 37, 4463764.500000
1516082014.850287, 37, 4465532.000000
1516082014.950446, 37, 4467123.000000
1516082015.050800, 35, 4444330.500000
1516082015.151026, 38, 4460153.500000
1516082015.251151, 38, 4474394.000000
1516082015.351334, 37, 4475098.500000
1516082015.451691, 37, 4475732.500000
1516082015.552581, 37, 4476303.000000
1516082015.652882, 37, 4476816.500000
1516082015.753269, 37, 4477279.000000
1516082015.853369, 36, 4465583.000000
1516082015.953471, 38, 4479280.500000
1516082016.053790, 37, 4479496.500000
1516082016.154134, 37, 4479691.000000
1516082016.254310, 37, 4479866.000000
1516082016.354382, 38, 4492135.500000
1516082016.454477, 36, 4478954.000000
1516082016.558498, 39, 4503426.500000
1516082016.660579, 38, 4513340.000000
1516082016.760835, 37, 4510150.000000
1516082016.861322, 37, 4507279.000000
1516082016.961530, 37, 4504695.000000
1516082017.061612, 37, 4502369.500000
1516082017.161720, 37, 4500276.500000
1516082017.261853, 37, 4498393.000000
1516082017.361952, 37, 4496697.500000
1516082017.462115, 37, 4495172.000000
1516082017.562272, 37, 4493799.000000
1516082017.662417, 37, 4492563.000000
1516082017.762566, 37, 4491450.500000
1516082017.862679, 37, 4490449.500000
1516082017.962830, 37, 4489548.500000
1516082018.062925, 37, 4488737.500000
1516082018.163045, 37, 4488008.000000
1516082018.263226, 37, 4487351.000000
1516082018.363425, 36, 4474648.000000
1516082018.463583, 38, 4487439.000000
1516082018.563784, 37, 4486839.000000
1516082018.663878, 37, 4486299.000000
1516082018.763965, 37, 4485813.000000
1516082018.864674, 37, 4485375.500000
1516082018.964835, 37, 4484982.000000
1516082019.065038, 37, 4484628.000000
1516082019.165316, 38, 4496421.000000
1516082019.265420, 37, 4494923.000000
1516082019.365508, 37, 4493574.500000
1516082019.465600, 37, 4492361.000000
1516082019.565678, 37, 4491269.000000
1516082019.665830, 37, 4490286.000000
1516082019.765922, 37, 4489401.500000
1516082019.866036, 36, 4476493.500000
1516082019.966123, 38, 4489100.000000
1516082020.066210, 37, 4488334.000000
1516082020.166294, 37, 4487644.500000
1516082020.266645, 36, 4474912.000000
1516082020.366906, 37, 4475565.000000
1516082020.467258, 38, 4488264.500000
1516082020.567477, 37, 4487582.000000
1516082020.667642, 37, 4486968.000000
1516082020.767814, 37, 4486415.000000
1516082020.868014, 37, 4485917.500000
1516082020.968234, 37, 4485470.000000
1516082021.068316, 38, 4497179.000000
1516082021.168472, 37, 4495605.000000
1516082021.268623, 37, 4494188.500000
1516082021.368759, 37, 4492913.500000
1516082021.468929, 37, 4491766.000000
1516082021.569066, 36, 4478621.500000
1516082021.669314, 38, 4491015.500000
1516082021.769500, 36, 4477946.000000
1516082021.869675, 38, 4490407.500000
1516082021.969848, 37, 4489511.000000
1516082022.070038, 37, 4488704.000000
1516082022.170233, 37, 4487977.500000
1516082022.270411, 37, 4487324.000000
1516082022.370626, 37, 4486735.500000
1516082022.471012, 37, 4486206.000000
1516082022.571200, 37, 4485729.500000
1516082022.671377, 37, 4485300.500000
1516082022.771774, 37, 4484914.500000
1516082022.872027, 37, 4484567.000000
1516082022.972234, 37, 4484254.500000
1516082023.072640, 37, 4483973.000000
1516082023.172822, 38, 4495831.500000
1516082023.272960, 37, 4494392.500000
1516082023.373102, 37, 4493097.000000
1516082023.473300, 37, 4491931.500000
1516082023.573509, 37, 4490882.500000
1516082023.673692, 37, 4489938.000000
1516082023.773862, 37, 4489088.000000
1516082023.874065, 37, 4488323.000000
1516082023.974536, 37, 4487634.500000
1516082024.074753, 37, 4487015.000000
1516082024.175134, 37, 4486457.500000
1516082024.275424, 38, 4498068.000000
1516082024.375638, 37, 4496405.000000
1516082024.475783, 37, 4494908.500000
1516082024.575895, 37, 4493561.500000
1516082024.676028, 37, 4492349.500000
1516082024.776202, 37, 4491258.500000
1516082024.876388, 37, 4490276.500000
1516082024.976599, 37, 4489393.000000
1516082025.076902, 38, 4500709.500000
1516082025.177069, 37, 4498782.500000
1516082025.277249, 37, 4497048.000000
1516082025.377429, 37, 4495487.000000
1516082025.477633, 35, 4469858.500000
1516082025.577813, 39, 4495240.500000
1516082025.678034, 35, 4469636.500000
1516082025.778216, 39, 4495041.000000
1516082025.878444, 37, 4493681.000000
1516082025.978667, 37, 4492457.000000
1516082026.079082, 38, 4503467.500000
1516082026.179452, 37, 4501265.000000
1516082026.279841, 37, 4499282.500000
1516082026.380036, 37, 4497498.000000
1516082026.480201, 37, 4495892.000000
1516082026.580387, 37, 4494447.000000
1516082026.680574, 37, 4493146.500000
1516082026.780754, 37, 4491976.000000
1516082026.880966, 37, 4490922.500000
1516082026.981117, 31, 4417302.000000
1516082027.081354, 26, 4290484.000000
1516082027.181566, 34, 4273243.500000
1516082027.281708, 36, 4281951.000000
1516082027.381907, 19, 4083884.000000
1516082027.482275, 18, 3893511.500000
1516082027.582450, 28, 3843296.250000
1516082027.682815, 33, 3858662.500000
1516082027.783171, 26, 3787708.250000
1516082027.883511, 19, 3639065.500000
1516082027.983711, 25, 3577959.000000
1516082028.084150, 28, 3559299.000000
1516082028.184600, 28, 3542505.000000
1516082028.284786, 23, 3466830.500000
1516082028.385009, 24, 3410835.500000
1516082028.485608, 25, 3372552.000000
1516082028.585985, 27, 3362320.750000
1516082028.686336, 25, 3328888.750000
1516082028.786607, 25, 3298800.000000
1516082028.886797, 25, 3271720.000000
1516082028.986959, 26, 3259460.000000
1516082029.087115, 25, 3236314.000000
1516082029.187285, 25, 3215482.500000
1516082029.287477, 25, 3196734.250000
1516082029.387654, 25, 3179860.750000
1516082029.487849, 24, 3152562.750000
1516082029.588037, 25, 3140106.500000
1516082029.688475, 23, 3104671.750000
1516082029.788774, 23, 3072780.500000
1516082029.888953, 23, 3044078.500000
1516082029.989422, 22, 3006134.750000
1516082030.089824, 22, 2971985.250000
1516082030.190058, 25, 2977586.750000
1516082030.290271, 22, 2946292.000000
1516082030.390494, 23, 2930238.750000
1516082030.490686, 23, 2915791.000000
1516082030.590836, 23, 2902788.000000
1516082030.691046, 22, 2878973.250000
1516082030.791248, 23, 2869652.000000
1516082030.891500, 22, 2849150.750000
1516082030.991713, 23, 2842811.750000
1516082031.092010, 22, 2824994.500000
1516082031.192435, 22, 2808959.000000
1516082031.292896, 22, 2794527.000000
1516082031.393429, 22, 2781538.250000
1516082031.493696, 21, 2757736.500000
1516082031.594123, 22, 2748426.750000
1516082031.694329, 21, 2727936.000000
1516082031.794774, 22, 2721606.500000
1516082031.894978, 22, 2715909.750000
1516082031.995149, 21, 2698670.750000
1516082032.095649, 22, 2695267.750000
1516082032.196091, 22, 2692205.000000
1516082032.296373, 22, 2689448.500000
1516082032.396727, 18, 2638519.750000
1516082032.496917, 20, 2616907.750000
1516082032.597180, 20, 2597457.000000
1516082032.697374, 21, 2592063.250000
1516082032.797621, 21, 2587209.000000
1516082032.897834, 21, 2582840.000000
1516082032.998317, 22, 2591020.000000
1516082033.098740, 21, 2586270.000000
1516082033.199141, 21, 2581995.000000
1516082033.299580, 21, 2578147.500000
1516082033.400055, 21, 2574684.750000
1516082033.500453, 17, 2523120.250000
1516082033.600576, 21, 2525160.250000
1516082033.701003, 20, 2514884.250000
1516082033.801574, 21, 2517747.750000
1516082033.901767, 21, 2520325.000000
1516082034.002295, 21, 2522644.500000
1516082034.102642, 21, 2524732.000000
1516082034.202886, 21, 2526610.750000
1516082034.303033, 21, 2528301.750000
1516082034.403204, 21, 2529823.500000
1516082034.503373, 21, 2531193.250000
1516082034.603973, 20, 2520314.000000
1516082034.704434, 21, 2522634.500000
1516082034.804774, 21, 2524723.000000
1516082034.904970, 21, 2526602.750000
1516082035.005182, 21, 2528294.500000
1516082035.105342, 20, 2517705.000000
1516082035.205537, 20, 2508174.500000
1516082035.305730, 19, 2487485.000000
1516082035.405921, 20, 2480976.500000
1516082035.506101, 21, 2487230.750000
1516082035.606283, 20, 2480747.750000
1516082035.706466, 21, 2487025.000000
1516082035.806625, 21, 2492674.500000
1516082035.906811, 20, 2485647.000000
1516082036.006907, 22, 2503546.250000
1516082036.106997, 20, 2495431.500000
1516082036.207139, 19, 2476016.250000
1516082036.307272, 18, 2446430.500000
1516082036.407449, 19, 2431915.500000
1516082036.507600, 20, 2430964.000000
1516082036.607859, 20, 2430107.500000
1516082036.708034, 21, 2441448.750000
1516082036.808495, 21, 2451656.000000
1516082036.908872, 20, 2448730.500000
1516082037.009078, 21, 2458209.500000
1516082037.109458, 21, 2466740.500000
1516082037.209790, 21, 2474418.500000
1516082037.310210, 19, 2457104.750000
1516082037.410441, 20, 2453634.250000
1516082037.510580, 21, 2462622.750000
1516082037.610765, 20, 2458600.500000
1516082037.710929, 21, 2467092.500000
1516082037.811344, 20, 2462623.250000
1516082037.911701, 21, 2470713.000000
1516082038.011954, 21, 2477993.750000
1516082038.112141, 21, 2484546.500000
1516082038.212300, 16, 2429883.750000
1516082038.312464, 20, 2429135.500000
1516082038.412606, 20, 2428462.000000
1516082038.512797, 20, 2427855.750000
1516082038.612969, 21, 2439422.250000
1516082038.713175, 20, 2437720.000000
1516082038.813351, 21, 2448300.000000
1516082038.913542, 20, 2445710.000000
1516082039.014027, 22, 2467603.000000
1516082039.114250, 19, 2450970.750000
1516082039.214866, 20, 2448113.750000
1516082039.315233, 21, 2457654.500000
1516082039.415450, 21, 2466241.000000
1516082039.515592, 21, 2473969.000000
1516082039.616035, 20, 2468812.000000
1516082039.716168, 21, 2476282.750000
1516082039.816518, 20, 2470894.500000
1516082039.916913, 19, 2453933.000000
1516082040.017116, 20, 2450779.750000
1516082040.117322, 20, 2447941.750000
1516082040.217528, 21, 2457499.500000
1516082040.317719, 21, 2466101.500000
1516082040.417885, 21, 2473843.250000
1516082040.517976, 20, 2468699.000000
1516082040.618134, 21, 2476181.000000
1516082040.718556, 20, 2470803.000000
1516082040.819020, 19, 2453850.750000
1516082040.919210, 17, 2414369.750000
1516082041.019497, 19, 2403060.750000
1516082041.119944, 20, 2404994.750000
1516082041.220201, 20, 2406735.250000
1516082041.320409, 20, 2408301.750000
1516082041.420797, 20, 2409711.500000
1516082041.521025, 21, 2423092.250000
1516082041.621177, 21, 2435135.000000
1516082041.721386, 20, 2433861.500000
1516082041.821567, 21, 2444827.250000
1516082041.921765, 20, 2442584.500000
1516082042.022157, 20, 2440566.000000
1516082042.122547, 20, 2438749.500000
1516082042.222781, 20, 2437114.500000
1516082042.322973, 21, 2447755.000000
1516082042.423324, 21, 2457331.500000
1516082042.523518, 20, 2453838.250000
1516082042.623760, 21, 2462806.500000
1516082042.723912, 21, 2470877.750000
1516082042.824120, 18, 2441806.000000
1516082042.924320, 20, 2439865.500000
1516082043.024528, 20, 2438119.000000
1516082043.124741, 21, 2448659.000000
1516082043.224893, 21, 2458145.000000
1516082043.325074, 20, 2454570.500000
1516082043.425430, 20, 2451353.500000
1516082043.525584, 21, 2460570.250000
1516082043.625788, 21, 2468865.250000
1516082043.725931, 20, 2464218.750000
1516082043.826113, 20, 2460037.000000
1516082043.926273, 21, 2468385.250000
1516082044.026425, 20, 2463786.750000
1516082044.126626, 21, 2471760.000000
1516082044.226823, 20, 2466824.000000
1516082044.327044, 21, 2474493.500000
1516082044.427396, 21, 2481396.250000
1516082044.527807, 20, 2475496.500000
1516082044.628197, 20, 2470186.750000
1516082044.728611, 21, 2477520.000000
1516082044.828885, 20, 2472008.000000
1516082044.929050, 21, 2479159.250000
1516082045.029295, 20, 2473483.250000
1516082045.129491, 21, 2480487.000000
1516082045.229728, 21, 2486790.250000
1516082045.329907, 21, 2492463.250000
1516082045.430096, 18, 2461233.000000
1516082045.530287, 21, 2469461.750000
1516082045.630478, 20, 2464755.500000
1516082045.730663, 21, 2472632.000000
1516082045.830854, 21, 2479720.750000
1516082045.931013, 21, 2486100.750000
1516082046.031174, 21, 2491842.750000
1516082046.131357, 19, 2472786.500000
1516082046.231534, 19, 2455635.750000
1516082046.331698, 20, 2452312.250000
1516082046.431926, 20, 2449321.000000
1516082046.532243, 21, 2458741.000000
1516082046.632468, 19, 2442995.000000
1516082046.732658, 21, 2453047.500000
1516082046.833015, 21, 2462094.750000
1516082046.933146, 21, 2470237.250000
1516082047.033297, 21, 2477565.500000
1516082047.133524, 17, 2435713.000000
1516082047.233716, 19, 2422269.750000
1516082047.333911, 20, 2422282.750000
1516082047.434054, 21, 2434406.500000
1516082047.534229, 20, 2433205.750000
1516082047.634412, 21, 2444237.250000
1516082047.734499, 21, 2454165.500000
1516082047.834676, 20, 2450989.000000
1516082047.934880, 21, 2460242.000000
1516082048.035274, 21, 2468569.750000
1516082048.135643, 18, 2439728.750000
1516082048.236082, 19, 2425884.000000
1516082048.336411, 21, 2437647.500000
1516082048.436796, 20, 2436122.750000
1516082048.537369, 21, 2446862.500000
1516082048.637852, 21, 2456528.250000
1516082048.738087, 21, 2465227.500000
1516082048.838247, 21, 2473056.750000
1516082048.938466, 20, 2467991.000000
1516082049.038935, 20, 2463432.000000
1516082049.139200, 19, 2447216.750000
1516082049.239454, 20, 2444735.000000
1516082049.339668, 21, 2454613.500000
1516082049.440140, 21, 2463504.250000
1516082049.540386, 21, 2471505.750000
1516082049.640641, 20, 2466595.250000
1516082049.740849, 21, 2474287.750000
1516082049.841288, 20, 2469099.000000
1516082049.941735, 17, 2428093.000000
1516082050.042177, 19, 2415411.750000
1516082050.142676, 20, 2416110.500000
1516082050.242886, 21, 2428851.500000
1516082050.343204, 21, 2440318.250000
1516082050.443390, 20, 2438526.500000
1516082050.543607, 21, 2449025.750000
1516082050.643707, 21, 2458475.250000
1516082050.744230, 20, 2454867.750000
1516082050.844431, 21, 2463733.000000
1516082050.944594, 18, 2435375.750000
1516082051.044796, 19, 2421966.250000
1516082051.145015, 20, 2422009.500000
1516082051.245232, 21, 2434160.500000
1516082051.345376, 21, 2445096.500000
1516082051.445591, 20, 2442826.750000
1516082051.545800, 21, 2452896.000000
1516082051.646222, 21, 2461958.500000
1516082051.746461, 20, 2458002.750000
1516082051.847011, 21, 2466554.500000
1516082051.947413, 20, 2462139.000000
1516082052.047772, 21, 2470277.000000
1516082052.148007, 20, 2465489.250000
1516082052.248214, 21, 2473292.250000
1516082052.348370, 21, 2480315.000000
1516082052.448885, 20, 2474523.500000
1516082052.549351, 21, 2481423.250000
1516082052.649788, 22, 2499745.000000
1516082052.749944, 19, 2479898.500000
1516082052.850081, 20, 2474148.750000
1516082052.950212, 20, 2468974.000000
1516082053.050410, 21, 2476428.500000
1516082053.150579, 21, 2483137.750000
1516082053.251006, 20, 2477064.000000
1516082053.351192, 20, 2471597.500000
1516082053.451391, 21, 2478789.750000
1516082053.551573, 22, 2497374.750000
1516082053.652012, 19, 2477765.250000
1516082053.752186, 21, 2484340.750000
1516082053.852366, 20, 2478146.750000
1516082053.952554, 21, 2484684.000000
1516082054.052740, 21, 2490567.500000
1516082054.152881, 21, 2495862.750000
1516082054.253388, 20, 2488516.500000
1516082054.353704, 21, 2494016.750000
1516082054.453915, 17, 2450519.000000
1516082054.554119, 20, 2447707.000000
1516082054.654341, 20, 2445176.250000
1516082054.754544, 20, 2442898.500000
1516082054.855024, 21, 2452960.750000
1516082054.955268, 21, 2462016.750000
1516082055.055421, 21, 2470167.000000
1516082055.155662, 20, 2465390.250000
1516082055.255867, 21, 2473203.250000
1516082055.356040, 22, 2492347.000000
1516082055.456255, 15, 2424792.250000
1516082055.556395, 20, 2424553.000000
1516082055.656574, 19, 2412225.750000
1516082055.757012, 21, 2425355.250000
1516082055.857230, 20, 2425059.750000
1516082055.957455, 21, 2436905.750000
1516082056.057612, 21, 2447567.250000
1516082056.157808, 20, 2445050.500000
1516082056.258002, 21, 2454897.500000
1516082056.358147, 21, 2463759.750000
1516082056.458308, 20, 2459623.750000
1516082056.558455, 19, 2443789.500000
1516082056.658624, 19, 2429538.500000
1516082056.758908, 21, 2440936.750000
1516082056.859109, 20, 2439083.000000
1516082056.959314, 21, 2449526.750000
1516082057.059492, 21, 2458926.000000
1516082057.159737, 20, 2455273.500000
1516082057.259955, 20, 2451986.250000
1516082057.360119, 21, 2461139.500000
1516082057.460267, 19, 2445153.500000
1516082057.560448, 20, 2442878.250000
1516082057.660634, 21, 2452942.500000
1516082057.760729, 21, 2462000.250000
1516082057.860936, 20, 2458040.250000
1516082057.961138, 21, 2466588.250000
1516082058.061298, 21, 2474281.500000
1516082058.161503, 20, 2469093.250000
1516082058.261732, 21, 2476536.000000
1516082058.361964, 18, 2446898.500000
1516082058.462196, 20, 2444448.750000
1516082058.562415, 20, 2442244.000000
1516082058.662605, 21, 2452371.500000
1516082058.762783, 21, 2461486.250000
1516082058.862979, 20, 2457577.500000
1516082058.963226, 21, 2466171.750000
1516082059.063428, 21, 2473906.500000
1516082059.163827, 21, 2480867.750000
1516082059.264021, 20, 2475021.000000
1516082059.364194, 20, 2469759.000000
1516082059.464348, 21, 2477135.000000
1516082059.564562, 20, 2471661.500000
1516082059.664746, 21, 2478847.250000
1516082059.764938, 21, 2485314.500000
1516082059.865137, 21, 2491135.000000
1516082059.965319, 20, 2484261.500000
1516082060.065492, 21, 2490187.250000
1516082060.165806, 17, 2447072.500000
1516082060.266620, 19, 2432493.250000
1516082060.366764, 20, 2431484.000000
1516082060.466934, 20, 2430575.500000
1516082060.567026, 20, 2429758.000000
1516082060.667210, 21, 2441134.250000
1516082060.767318, 21, 2451372.750000
1516082060.867437, 20, 2448475.500000
1516082060.967634, 21, 2457980.000000
1516082061.067827, 21, 2466534.000000
1516082061.168056, 21, 2474232.500000
1516082061.268218, 19, 2456937.250000
1516082061.368447, 20, 2453483.500000
1516082061.468626, 21, 2462487.250000
1516082061.568725, 21, 2470590.500000
1516082061.668886, 21, 2477883.500000
1516082061.769116, 20, 2472335.250000
1516082061.869349, 21, 2479453.750000
1516082061.969521, 21, 2485860.500000
1516082062.069757, 17, 2443178.500000
1516082062.170011, 19, 2428988.750000
1516082062.270215, 21, 2440442.000000
1516082062.370442, 20, 2438637.750000
1516082062.470651, 21, 2449126.000000
1516082062.570780, 21, 2458565.500000
1516082062.671017, 20, 2454949.000000
1516082062.771204, 21, 2463806.000000
1516082062.871403, 21, 2471777.500000
1516082062.971654, 20, 2466839.750000
1516082063.071971, 20, 2462395.750000
1516082063.172126, 21, 2470508.250000
1516082063.272503, 20, 2465697.500000
1516082063.372755, 21, 2473479.750000
1516082063.472911, 21, 2480483.750000
1516082063.573120, 20, 2474675.500000
1516082063.673229, 21, 2481560.000000
1516082063.773487, 20, 2475644.000000
1516082063.873855, 19, 2458207.500000
1516082063.974266, 19, 2442514.750000
1516082064.074419, 21, 2452615.250000
1516082064.174589, 19, 2437481.750000
1516082064.274783, 20, 2435973.500000
1516082064.375491, 21, 2446728.250000
1516082064.475964, 21, 2456407.500000
1516082064.576491, 20, 2453006.750000
1516082064.676771, 21, 2462058.000000
1516082064.777565, 20, 2458092.250000
1516082064.878001, 20, 2454523.000000
1516082064.978271, 20, 2451310.750000
1516082065.078547, 21, 2460531.750000
1516082065.179104, 21, 2468830.500000
1516082065.279427, 20, 2464187.500000
1516082065.379647, 21, 2472120.750000
1516082065.479834, 21, 2479260.750000
1516082065.580022, 16, 2425126.750000
1516082065.680246, 14, 2352182.000000
1516082065.780458, 16, 2310755.750000
1516082065.880685, 16, 2273472.250000
1516082065.980897, 17, 2252029.000000
1516082066.081002, 15, 2208506.000000
1516082066.181248, 1, 1999767.375000
1516082066.281588, 2, 1824014.625000
1516082066.381792, 5, 1702173.125000
1516082066.482006, 5, 1592515.750000
1516082066.582178, 6, 1505936.125000
1516082066.682366, 5, 1415902.500000
1516082066.782545, 7, 1359096.250000
1516082066.882738, 6, 1295858.625000
1516082066.982917, 7, 1251056.750000
1516082067.083205, 8, 1222847.125000
1516082067.183424, 7, 1185346.375000
1516082067.283624, 9, 1175819.750000
1516082067.384162, 9, 1167245.750000
1516082067.484620, 9, 1159529.125000
1516082067.584822, 10, 1164696.250000
1516082067.685008, 10, 1169346.625000
1516082067.785186, 10, 1173532.000000
1516082067.885385, 11, 1189410.750000
1516082067.985647, 11, 1203701.625000
1516082068.085889, 12, 1228675.500000
1516082068.186128, 12, 1251152.000000
1516082068.286340, 12, 1271380.750000
1516082068.386535, 13, 1301698.625000
1516082068.486983, 13, 1328984.750000
1516082068.587129, 14, 1365654.250000
1516082068.687319, 12, 1374432.875000
1516082068.787492, 14, 1406557.625000
1516082068.887688, 13, 1423357.875000
1516082068.987901, 12, 1426366.125000
1516082069.088101, 14, 1453297.500000
1516082069.188319, 13, 1465423.750000
1516082069.288507, 11, 1452113.375000
1516082069.388740, 8, 1403798.000000
1516082069.488973, 7, 1348202.250000
1516082069.589278, 9, 1322390.000000
1516082069.689494, 8, 1287047.000000
1516082069.789738, 9, 1267350.250000
1516082069.889935, 10, 1261735.250000
1516082069.990148, 11, 1268793.750000
1516082070.090350, 10, 1263034.375000
1516082070.190495, 12, 1282075.000000
1516082070.290713, 11, 1287099.500000
1516082070.390928, 12, 1303733.500000
1516082070.491474, 12, 1318704.125000
1516082070.591801, 13, 1344289.750000
1516082070.691935, 13, 1367316.750000
1516082070.792133, 12, 1375929.125000
1516082070.892417, 13, 1395792.250000
1516082070.992583, 13, 1413669.000000
1516082071.092829, 12, 1417646.125000
1516082071.193284, 13, 1433337.500000
1516082071.293605, 12, 1435347.750000
1516082071.393836, 13, 1449269.000000
1516082071.494231, 11, 1437574.125000
1516082071.594453, 6, 1366488.750000
1516082071.694702, 8, 1326735.875000
1516082071.794870, 9, 1303070.250000
1516082071.895176, 8, 1269659.250000
1516082071.995510, 9, 1251701.375000
1516082072.095870, 10, 1247651.250000
1516082072.196105, 10, 1244006.125000
1516082072.296730, 10, 1240725.500000
1516082072.396975, 11, 1249885.000000
1516082072.497195, 11, 1258128.500000
1516082072.597368, 11, 1265547.625000
1516082072.697857, 12, 1284336.875000
1516082072.798319, 13, 1313359.250000
1516082072.898756, 12, 1327367.375000
1516082072.998977, 13, 1352086.625000
1516082073.099247, 12, 1362222.000000
1516082073.199455, 12, 1371343.750000
1516082073.299602, 13, 1391665.375000
1516082073.399814, 12, 1397842.875000
1516082073.500052, 13, 1415514.625000
1516082073.600269, 13, 1431419.125000
1516082073.700705, 11, 1421509.250000
1516082073.801171, 6, 1352030.375000
1516082073.901338, 7, 1301611.375000
1516082074.001745, 8, 1268346.250000
1516082074.101904, 8, 1238407.625000
1516082074.202064, 9, 1223574.875000
1516082074.302419, 9, 1210225.375000
1516082074.402674, 10, 1210322.875000
1516082074.502875, 10, 1210410.625000
1516082074.603093, 10, 1210489.500000
1516082074.703588, 12, 1234784.500000
1516082074.803808, 11, 1244538.000000
1516082074.904263, 12, 1265428.250000
1516082075.004714, 13, 1296341.375000
1516082075.105199, 12, 1312051.250000
1516082075.205399, 12, 1326190.125000
1516082075.305647, 12, 1338915.125000
1516082075.405843, 13, 1362479.625000
1516082075.506245, 12, 1371575.625000
1516082075.606500, 13, 1391874.000000
1516082075.706671, 12, 1398030.625000
1516082075.806971, 12, 1403571.500000
1516082075.907562, 6, 1335886.375000
1516082076.007822, 11, 1335529.750000
1516082076.108053, 10, 1323096.750000
1516082076.208300, 11, 1324019.125000
1516082076.308521, 11, 1324849.250000
1516082076.408723, 11, 1325596.375000
1516082076.509262, 12, 1338380.750000
1516082076.609892, 12, 1349886.625000
1516082076.710347, 13, 1372354.000000
1516082076.810699, 12, 1380462.625000
1516082076.910976, 12, 1387760.375000
1516082077.011219, 12, 1394328.375000
1516082077.111425, 13, 1412351.500000
1516082077.211651, 13, 1428572.375000
1516082077.311927, 12, 1431059.125000
1516082077.412168, 11, 1421185.250000
1516082077.512362, 7, 1363850.750000
1516082077.612517, 7, 1312249.625000
1516082077.712766, 8, 1277920.625000
1516082077.812997, 9, 1259136.500000
1516082077.913228, 9, 1242230.875000
1516082078.013700, 9, 1227015.750000
1516082078.114138, 11, 1237546.125000
1516082078.214394, 10, 1234911.500000
1516082078.314539, 11, 1244652.375000
1516082078.414732, 10, 1241307.125000
1516082078.515165, 12, 1262520.375000
1516082078.615556, 11, 1269500.375000
1516082078.715985, 13, 1300006.375000
1516082078.816249, 12, 1315349.750000
1516082078.916445, 13, 1341270.750000
1516082079.016670, 12, 1352487.625000
1516082079.116911, 12, 1362582.875000
1516082079.217205, 12, 1371668.625000
1516082079.317669, 13, 1391957.750000
1516082079.418156, 11, 1385994.000000
1516082079.518394, 8, 1344290.625000
1516082079.618584, 7, 1294645.500000
1516082079.718826, 9, 1274189.000000
1516082079.819086, 10, 1267890.125000
1516082079.919264, 11, 1274333.125000
1516082080.019509, 10, 1268019.750000
1516082080.119710, 11, 1274449.750000
1516082080.219955, 11, 1280236.750000
1516082080.320168, 12, 1297557.125000
1516082080.420492, 11, 1301033.375000
1516082080.520683, 13, 1328386.000000
1516082080.621317, 12, 1340891.375000
1516082080.721931, 13, 1364258.250000
1516082080.822468, 12, 1373176.375000
1516082080.922984, 13, 1393314.750000
1516082081.023596, 11, 1387215.250000
1516082081.124241, 14, 1418061.750000
1516082081.224530, 12, 1421599.625000
1516082081.324780, 12, 1424783.625000
1516082081.425028, 7, 1367089.250000
1516082081.525342, 8, 1327276.375000
1516082081.625543, 9, 1303556.750000
1516082081.725726, 8, 1270097.125000
1516082081.825984, 10, 1264207.375000
1516082081.926180, 10, 1258906.625000
1516082082.026594, 10, 1254136.000000
1516082082.127202, 10, 1249842.375000
1516082082.227808, 11, 1258090.125000
1516082082.328336, 11, 1265513.125000
1516082082.428854, 12, 1284305.750000
1516082082.529151, 12, 1301219.125000
1516082082.629337, 13, 1328553.250000
1516082082.729544, 12, 1341041.875000
1516082082.829749, 12, 1352281.750000
1516082082.929940, 12, 1362397.625000
1516082083.030168, 13, 1383613.875000
1516082083.130623, 13, 1402708.500000
1516082083.230845, 13, 1419893.625000
1516082083.331084, 12, 1423248.250000
1516082083.431292, 10, 1402043.375000
1516082083.531504, 9, 1370847.000000
1516082083.631745, 8, 1330658.250000
1516082083.731944, 9, 1306600.375000
1516082083.832156, 10, 1297060.375000
1516082083.932300, 10, 1288474.375000
1516082084.032456, 10, 1280747.000000
1516082084.132638, 10, 1273792.250000
1516082084.232825, 11, 1279645.000000
1516082084.333008, 12, 1297024.500000
1516082084.433200, 12, 1312666.000000
1516082084.533401, 12, 1326743.375000
1516082084.633595, 13, 1351525.000000
1516082084.733809, 12, 1361716.500000
1516082084.833997, 13, 1383000.875000
1516082084.934675, 12, 1390044.750000
1516082085.035209, 13, 1408496.250000
1516082085.135441, 15, 1449326.625000
1516082085.236014, 10, 1425514.000000
1516082085.336607, 4, 1331410.625000
1516082085.436834, 9, 1307277.500000
1516082085.537026, 9, 1285557.750000
1516082085.637291, 9, 1266010.000000
1516082085.737588, 9, 1248417.000000
1516082085.837863, 10, 1244695.250000
1516082085.938099, 10, 1241345.750000
1516082086.038363, 10, 1238331.125000
1516082086.138541, 12, 1259842.000000
1516082086.238699, 11, 1267089.750000
1516082086.338934, 11, 1273612.750000
1516082086.439160, 12, 1291595.500000
1516082086.539420, 12, 1307780.000000
1516082086.639569, 13, 1334458.000000
1516082086.740129, 12, 1346356.250000
1516082086.840361, 13, 1369176.625000
1516082086.940589, 12, 1377603.000000
1516082087.040814, 13, 1397298.750000
1516082087.141087, 13, 1415024.875000
1516082087.241325, 11, 1406754.375000
1516082087.341534, 11, 1399311.000000
1516082087.441991, 8, 1356275.875000
1516082087.542550, 9, 1329656.250000
1516082087.642725, 10, 1317810.625000
1516082087.743150, 10, 1307149.500000
1516082087.843417, 10, 1297554.500000
1516082087.943643, 11, 1301031.000000
1516082088.043863, 11, 1304159.875000
1516082088.144092, 12, 1319087.875000
1516082088.244363, 12, 1332523.125000
1516082088.344597, 12, 1344614.750000
1516082088.444833, 12, 1355497.250000
1516082088.545000, 13, 1377403.500000
1516082088.645175, 12, 1385007.125000
1516082088.745327, 13, 1403962.375000
1516082088.845796, 12, 1408910.125000
1516082088.946232, 13, 1425475.125000
1516082089.046406, 11, 1416159.625000
1516082089.146580, 8, 1371439.625000
1516082089.247084, 11, 1367527.625000
1516082089.347349, 11, 1364006.875000
1516082089.447582, 11, 1360838.250000
1516082089.547825, 12, 1370098.375000
1516082089.647969, 12, 1378432.500000
1516082089.748246, 12, 1385933.250000
1516082089.848431, 13, 1404795.875000
1516082089.948656, 13, 1421772.250000
1516082090.048844, 13, 1437051.000000
1516082090.149054, 12, 1438689.875000
1516082090.249217, 14, 1464388.875000
1516082090.349425, 13, 1475406.000000
1516082090.449611, 13, 1485321.375000
1516082090.550056, 10, 1457909.250000
1516082090.650317, 10, 1433238.375000
1516082090.750467, 11, 1423146.500000
1516082090.850616, 9, 1389839.875000
1516082090.951030, 9, 1359863.875000
1516082091.051264, 11, 1357109.500000
1516082091.151433, 10, 1342518.500000
1516082091.251621, 11, 1341498.625000
1516082091.352030, 12, 1352692.750000
1516082091.452339, 12, 1362767.500000
1516082091.552506, 12, 1371834.750000
1516082091.652988, 12, 1379995.250000
1516082091.753228, 13, 1399451.750000
1516082091.853431, 13, 1416962.625000
1516082091.953653, 12, 1420610.375000
1516082092.053819, 14, 1448117.375000
1516082092.154015, 12, 1448649.625000
1516082092.254193, 13, 1461240.625000
1516082092.354377, 12, 1460460.500000
1516082092.454525, 12, 1459758.500000
1516082092.554699, 8, 1410678.625000
1516082092.654927, 12, 1414954.750000
1516082092.755122, 12, 1418803.250000
1516082092.855333, 12, 1422266.875000
1516082092.955709, 12, 1425384.250000
1516082093.055936, 12, 1428189.875000
1516082093.156133, 13, 1442826.875000
1516082093.256282, 11, 1431776.250000
1516082093.356455, 13, 1446054.625000
1516082093.456632, 13, 1458905.125000
1516082093.556789, 13, 1470470.625000
1516082093.657008, 12, 1468767.500000
1516082093.757175, 7, 1406674.750000
1516082093.857328, 9, 1375015.250000
1516082093.957523, 9, 1346521.750000
1516082094.057713, 10, 1332989.625000
1516082094.157893, 11, 1332922.625000
1516082094.258077, 10, 1320750.375000
1516082094.358275, 10, 1309795.375000
1516082094.458446, 12, 1324159.875000
1516082094.558629, 12, 1337087.875000
1516082094.658853, 11, 1336611.125000
1516082094.759031, 13, 1360406.000000
1516082094.859222, 12, 1369709.375000
1516082094.959409, 12, 1378082.500000
1516082095.059587, 13, 1397730.250000
1516082095.159802, 12, 1403301.250000
1516082095.260026, 13, 1420427.125000
1516082095.360191, 12, 1423728.375000
1516082095.460413, 9, 1390363.500000
1516082095.560577, 8, 1348223.125000
1516082095.660762, 10, 1334520.750000
1516082095.761014, 9, 1310076.625000
1516082095.861283, 10, 1300189.000000
1516082095.961474, 11, 1303402.125000
1516082096.061707, 11, 1306293.875000
1516082096.161880, 10, 1296784.500000
1516082096.262065, 11, 1300338.000000
1516082096.362266, 12, 1315648.250000
1516082096.462433, 12, 1329427.375000
1516082096.562621, 13, 1353940.625000
1516082096.662811, 12, 1363890.500000
1516082096.762960, 13, 1384957.500000
1516082096.863137, 12, 1391805.750000
1516082096.963288, 13, 1410081.125000
1516082097.063484, 12, 1414417.000000
1516082097.163670, 13, 1430431.250000
1516082097.263889, 11, 1420620.125000
1516082097.364101, 12, 1423902.125000
1516082097.464272, 8, 1378407.875000
1516082097.564624, 11, 1373799.125000
1516082097.664869, 10, 1357539.250000
1516082097.765085, 12, 1367129.375000
1516082097.865266, 12, 1375760.500000
1516082097.965468, 11, 1371416.500000
1516082098.065653, 13, 1391730.875000
1516082098.165837, 12, 1397901.750000
1516082098.266170, 13, 1415567.625000
1516082098.366408, 12, 1419354.875000
1516082098.466619, 12, 1422763.375000
1516082098.566763, 13, 1437943.000000
1516082098.667189, 13, 1451604.750000
1516082098.767645, 13, 1463900.250000
1516082098.867880, 11, 1450742.250000
1516082098.968016, 12, 1451012.000000
1516082099.068157, 4, 1354358.750000
1516082099.168340, 4, 1267370.875000
1516082099.268489, 8, 1237529.750000
1516082099.368634, 9, 1222784.750000
1516082099.468786, 9, 1209514.250000
1516082099.568959, 9, 1197570.875000
1516082099.669414, 10, 1198933.750000
1516082099.769826, 10, 1200160.375000
1516082099.870202, 11, 1213376.375000
1516082099.970615, 11, 1225270.750000
1516082100.070883, 11, 1235975.625000
1516082100.171078, 12, 1257722.000000
1516082100.271280, 12, 1277293.750000
1516082100.371490, 13, 1307020.375000
1516082100.471667, 12, 1321662.375000
1516082100.571875, 12, 1334840.125000
1516082100.672277, 14, 1370924.125000
1516082100.772618, 12, 1379175.750000
1516082100.872971, 13, 1398714.125000
1516082100.973342, 13, 1416298.750000
1516082101.073799, 10, 1395788.875000
1516082101.174044, 8, 1353106.000000
1516082101.274202, 11, 1351027.375000
1516082101.374386, 10, 1337044.625000
1516082101.474485, 12, 1348684.125000
1516082101.574957, 11, 1347047.750000
1516082101.675222, 11, 1345575.000000
1516082101.775580, 12, 1356361.500000
1516082101.876005, 13, 1378181.375000
1516082101.976485, 12, 1385707.250000
1516082102.076683, 13, 1404592.500000
1516082102.177095, 13, 1421589.250000
1516082102.277427, 12, 1424774.375000
1516082102.377868, 13, 1439753.000000
1516082102.478264, 13, 1453233.750000
1516082102.578681, 12, 1453254.375000
1516082102.679071, 14, 1477497.000000
1516082102.779291, 9, 1438755.250000
1516082102.879895, 8, 1391775.750000
1516082102.980069, 12, 1397942.125000
1516082103.080258, 10, 1379267.875000
1516082103.180416, 10, 1362461.125000
1516082103.280531, 12, 1371559.000000
1516082103.380715, 13, 1391859.125000
1516082103.480923, 12, 1398017.250000
1516082103.581093, 13, 1415671.500000
1516082103.681494, 12, 1419448.375000
1516082103.781895, 13, 1434959.500000
1516082103.882194, 13, 1448919.500000
1516082103.982410, 13, 1461483.500000
1516082104.082584, 12, 1460679.125000
1516082104.183007, 11, 1447843.250000
1516082104.283434, 10, 1424178.875000
1516082104.383641, 11, 1414993.000000
1516082104.483808, 11, 1406725.750000
1516082104.584175, 13, 1423509.125000
1516082104.684582, 12, 1426502.250000
1516082104.784819, 13, 1441308.000000
1516082104.884979, 13, 1454633.250000
1516082104.985180, 12, 1454513.875000
1516082105.085334, 14, 1478630.500000
1516082105.185543, 12, 1476111.500000
1516082105.285730, 12, 1473844.375000
1516082105.385910, 10, 1447580.000000
1516082105.486124, 10, 1423942.000000
1516082105.586694, 12, 1426891.750000
1516082105.686924, 12, 1429546.625000
1516082105.787182, 13, 1444048.000000
1516082105.887612, 12, 1444987.250000
1516082105.988190, 13, 1457944.500000
1516082106.088587, 13, 1469606.000000
1516082106.188965, 13, 1480101.375000
1516082106.289341, 11, 1465323.250000
1516082106.389554, 13, 1476246.875000
1516082106.489751, 13, 1486078.250000
1516082106.589962, 10, 1458590.375000
1516082106.690058, 14, 1482299.375000
1516082106.790230, 13, 1491525.500000
1516082106.890455, 17, 1548277.000000
1516082106.990665, 14, 1563017.250000
1516082107.090923, 13, 1564171.500000
1516082107.191154, 15, 1589434.375000
1516082107.291312, 15, 1612171.000000
1516082107.391870, 14, 1620521.875000
1516082107.492320, 16, 1652261.750000
1516082107.592696, 18, 1705051.625000
1516082107.692917, 20, 1776786.500000
1516082107.793368, 20, 1841347.875000
1516082107.893606, 21, 1911565.125000
1516082107.993798, 21, 1974760.625000
1516082108.094019, 20, 2019524.500000
1516082108.194239, 20, 2059812.000000
1516082108.294437, 19, 2083958.750000
1516082108.394647, 21, 2129915.000000
1516082108.494841, 20, 2159163.500000
1516082108.594994, 21, 2197599.250000
1516082108.695196, 20, 2220079.250000
1516082108.795406, 21, 2252423.250000
1516082108.895607, 21, 2281533.000000
1516082108.995829, 18, 2271395.750000
1516082109.095927, 19, 2274384.250000
1516082109.196346, 20, 2289185.750000
1516082109.296587, 20, 2302507.250000
1516082109.396783, 20, 2314496.500000
1516082109.496946, 21, 2337398.750000
1516082109.597104, 20, 2345899.000000
1516082109.697260, 21, 2365661.000000
1516082109.797435, 20, 2371335.000000
1516082109.897643, 21, 2388553.500000
1516082109.998001, 19, 2379826.250000
1516082110.098409, 19, 2371971.500000
1516082110.198795, 20, 2377014.250000
1516082110.299029, 21, 2393664.750000
1516082110.400029, 20, 2396538.250000
1516082110.500182, 21, 2411236.500000
1516082110.600394, 20, 2412352.750000
1516082110.700564, 21, 2425469.500000
1516082110.800724, 21, 2437274.500000
1516082110.901191, 20, 2435787.000000
1516082111.001665, 21, 2446560.250000
1516082111.101876, 21, 2456256.250000
1516082111.202100, 20, 2452870.500000
1516082111.302572, 21, 2461935.500000
1516082111.402819, 21, 2470094.000000
1516082111.503014, 20, 2465324.500000
1516082111.603218, 21, 2473144.000000
1516082111.703654, 20, 2468069.500000
1516082111.803868, 21, 2475614.500000
1516082111.904260, 20, 2470293.000000
1516082112.004395, 21, 2477615.750000
1516082112.104584, 20, 2472094.250000
1516082112.204769, 21, 2479236.750000
1516082112.304962, 21, 2485665.000000
1516082112.405343, 20, 2479338.500000
1516082112.505796, 20, 2473644.750000
1516082112.606152, 21, 2480632.250000
1516082112.706393, 21, 2486921.000000
1516082112.806554, 21, 2492581.000000
1516082112.906767, 20, 2485563.000000
1516082113.006976, 21, 2491358.750000
1516082113.107131, 20, 2484463.000000
1516082113.207513, 19, 2466144.750000
1516082113.307714, 20, 2461770.250000
1516082113.407881, 20, 2457833.250000
1516082113.508068, 21, 2466402.000000
1516082113.608209, 21, 2474113.750000
1516082113.708641, 20, 2468942.500000
1516082113.809003, 21, 2476400.250000
1516082113.909541, 21, 2483112.250000
1516082114.009755, 21, 2489153.000000
1516082114.109948, 20, 2482477.750000
1516082114.210142, 20, 2476470.000000
1516082114.310334, 21, 2483175.000000
1516082114.410679, 21, 2489209.500000
1516082114.510876, 20, 2482528.500000
1516082114.611060, 20, 2476515.750000
1516082114.711477, 21, 2483216.250000
1516082114.812014, 21, 2489246.500000
1516082114.912628, 20, 2482561.750000
1516082115.012852, 20, 2476545.500000
1516082115.113031, 19, 2459019.000000
1516082115.213230, 22, 2479581.000000
1516082115.313689, 21, 2485975.000000
1516082115.414141, 21, 2491729.500000
1516082115.514370, 21, 2496908.500000
1516082115.614727, 19, 2477345.750000
1516082115.715164, 20, 2471851.250000
1516082115.815629, 21, 2479018.000000
1516082115.915907, 21, 2485468.250000
1516082116.016130, 21, 2491273.500000
1516082116.116565, 20, 2484386.250000
1516082116.216820, 22, 2502411.500000
1516082116.317017, 18, 2470186.250000
1516082116.417211, 19, 2453295.500000
1516082116.517404, 19, 2438094.000000
1516082116.617554, 21, 2448636.500000
1516082116.718006, 20, 2446012.750000
1516082116.818512, 21, 2455763.500000
1516082116.918900, 21, 2464539.250000
1516082117.019351, 21, 2472437.250000
1516082117.119845, 20, 2467433.500000
1516082117.220336, 21, 2475042.250000
1516082117.320924, 20, 2469778.000000
1516082117.421297, 21, 2477152.250000
1516082117.521781, 20, 2471677.000000
1516082117.622030, 21, 2478861.250000
1516082117.722279, 21, 2485327.000000
1516082117.822459, 21, 2491146.250000
1516082117.922681, 20, 2484271.500000
1516082118.022962, 20, 2478084.250000
1516082118.123143, 18, 2448291.750000
1516082118.223365, 20, 2445702.500000
1516082118.323537, 21, 2455484.250000
1516082118.423767, 20, 2452175.750000
1516082118.524037, 21, 2461310.250000
1516082118.624188, 21, 2469531.250000
1516082118.724699, 20, 2464818.000000
1516082118.825129, 21, 2472688.250000
1516082118.925380, 19, 2455547.500000
1516082119.025706, 20, 2452232.750000
1516082119.125806, 19, 2437137.500000
1516082119.226325, 21, 2447775.750000
1516082119.326677, 21, 2457350.250000
1516082119.427280, 20, 2453855.250000
1516082119.527756, 21, 2462821.750000
1516082119.628138, 21, 2470891.500000
1516082119.728402, 20, 2466042.250000
1516082119.828584, 21, 2473790.000000
1516082119.928776, 19, 2456539.000000
1516082120.029026, 20, 2453125.000000
1516082120.129421, 21, 2462164.500000
1516082120.229597, 21, 2470300.000000
1516082120.330078, 20, 2465510.000000
1516082120.430451, 20, 2461199.000000
1516082120.530977, 19, 2445207.000000
1516082120.631572, 20, 2442926.250000
1516082120.732085, 21, 2452985.500000
1516082120.832514, 20, 2449927.000000
1516082120.932703, 21, 2459286.250000
1516082121.032845, 21, 2467709.500000
1516082121.133280, 20, 2463178.500000
1516082121.233701, 22, 2483324.750000
1516082121.333928, 20, 2477232.250000
1516082121.434099, 18, 2447525.000000
1516082121.534267, 21, 2457124.500000
1516082121.634696, 20, 2453652.000000
1516082121.735089, 21, 2462638.750000
1516082121.835295, 21, 2470727.000000
1516082121.935757, 20, 2465894.250000
1516082122.036090, 21, 2473656.750000
1516082122.136434, 21, 2480643.000000
1516082122.236854, 20, 2474818.750000
1516082122.337056, 20, 2469577.000000
1516082122.437211, 19, 2452747.250000
1516082122.537418, 20, 2449712.500000
1516082122.637607, 21, 2459093.250000
1516082122.737757, 21, 2467536.000000
1516082122.837948, 21, 2475134.500000
1516082122.938142, 21, 2481973.000000
1516082123.038551, 20, 2476015.750000
1516082123.138954, 21, 2482766.250000
1516082123.239206, 20, 2476729.500000
1516082123.339344, 22, 2495520.500000
1516082123.439562, 20, 2488208.500000
1516082123.539766, 21, 2493739.750000
1516082123.639966, 21, 2498717.750000
1516082123.740125, 21, 2503198.000000
1516082123.840561, 21, 2507230.250000
1516082123.940776, 21, 2510859.250000
1516082124.040954, 20, 2502013.250000
1516082124.141189, 20, 2494052.000000
1516082124.241412, 21, 2498998.750000
1516082124.341635, 21, 2503451.000000
1516082124.441807, 21, 2507458.000000
1516082124.542078, 20, 2498952.250000
1516082124.642320, 22, 2515521.000000
1516082124.742561, 20, 2506209.000000
1516082124.842736, 21, 2509940.000000
1516082124.942924, 20, 2501186.000000
1516082125.043114, 21, 2505419.500000
1516082125.143316, 21, 2509229.500000
1516082125.243543, 20, 2500546.500000
1516082125.343781, 20, 2492731.750000
1516082125.443986, 20, 2485698.500000
1516082125.544166, 20, 2479368.750000
1516082125.644359, 20, 2473672.000000
1516082125.744820, 21, 2480656.750000
1516082125.845201, 21, 2486943.000000
1516082125.945398, 21, 2492600.750000
1516082126.045606, 20, 2485580.750000
1516082126.145812, 21, 2491374.750000
1516082126.246357, 17, 2448141.250000
1516082126.346622, 19, 2433455.000000
1516082126.446819, 20, 2432349.500000
1516082126.546989, 20, 2431354.500000
1516082126.647373, 20, 2430459.000000
1516082126.747977, 20, 2429653.000000
1516082126.848320, 20, 2428927.750000
1516082126.948558, 21, 2440387.000000
1516082127.048740, 20, 2438588.250000
1516082127.148952, 21, 2449081.500000
1516082127.249096, 21, 2458525.250000
1516082127.349302, 20, 2454912.750000
1516082127.449477, 21, 2463773.500000
1516082127.549685, 20, 2459636.250000
1516082127.649877, 21, 2468024.500000
1516082127.750040, 21, 2475574.000000
1516082127.850389, 20, 2470256.500000
1516082127.950551, 22, 2489694.750000
1516082128.050692, 19, 2470853.250000
1516082128.150859, 21, 2478120.000000
1516082128.251061, 20, 2472548.000000
1516082128.351309, 20, 2467533.250000
1516082128.451495, 21, 2475132.000000
1516082128.551891, 21, 2481970.750000
1516082128.652501, 20, 2476013.750000
1516082128.752929, 21, 2482764.500000
1516082128.853158, 20, 2476728.000000
1516082128.953341, 19, 2459183.250000
1516082129.053552, 20, 2455505.000000
1516082129.153905, 21, 2464306.500000
1516082129.254421, 20, 2460115.750000
1516082129.354678, 21, 2468456.250000
1516082129.454840, 20, 2463850.500000
1516082129.555019, 20, 2459705.500000
1516082129.655180, 21, 2468087.000000
1516082129.755398, 19, 2451406.250000
1516082129.855578, 20, 2448505.500000
1516082129.955714, 21, 2458007.000000
1516082130.055924, 19, 2442334.250000
1516082130.156090, 21, 2452452.750000
1516082130.256298, 20, 2449447.500000
1516082130.356470, 21, 2458854.750000
1516082130.456651, 21, 2467321.250000
1516082130.556822, 20, 2462829.000000
1516082130.656962, 21, 2470898.000000
1516082130.757110, 21, 2478160.250000
1516082130.857304, 20, 2472584.250000
1516082130.957492, 21, 2479677.750000
1516082131.057646, 21, 2486062.000000
1516082131.157802, 21, 2491807.750000
1516082131.257962, 20, 2484867.000000
1516082131.358161, 21, 2490732.250000
1516082131.458249, 21, 2496011.000000
1516082131.558458, 20, 2488650.000000
1516082131.658608, 21, 2494137.000000
1516082131.758688, 21, 2499075.250000
1516082131.858878, 20, 2491407.750000
1516082131.959192, 21, 2496619.000000
1516082132.059530, 20, 2489197.000000
1516082132.159904, 21, 2494629.250000
1516082132.260256, 21, 2499518.250000
1516082132.360623, 20, 2491806.500000
1516082132.460842, 21, 2496977.750000
1516082132.561264, 19, 2477408.000000
1516082132.661384, 21, 2484019.250000
1516082132.761598, 20, 2477857.250000
1516082132.861787, 21, 2484423.500000
1516082132.961962, 21, 2490333.250000
1516082133.062248, 21, 2495652.000000
1516082133.162708, 19, 2476214.750000
1516082133.263118, 19, 2458721.250000
1516082133.363530, 19, 2442977.000000
1516082133.463765, 19, 2428807.250000
1516082133.563879, 20, 2428166.500000
1516082133.664026, 20, 2427589.750000
1516082133.764553, 19, 2414958.750000
1516082133.864811, 21, 2427815.000000
1516082133.965073, 20, 2427273.500000
1516082134.065459, 20, 2426786.250000
1516082134.165800, 21, 2438459.500000
1516082134.265922, 22, 2461077.500000
1516082134.366115, 19, 2445097.750000
1516082134.466319, 20, 2442828.000000
1516082134.566742, 21, 2452897.250000
1516082134.667151, 20, 2449847.500000
1516082134.767461, 21, 2459214.750000
1516082134.867910, 21, 2467645.250000
1516082134.968311, 20, 2463120.750000
1516082135.068532, 19, 2446936.750000
1516082135.168991, 20, 2444483.000000
1516082135.269351, 20, 2442274.750000
1516082135.369532, 21, 2452399.250000
1516082135.469723, 20, 2449399.250000
1516082135.569875, 21, 2458811.250000
1516082135.670044, 21, 2467282.000000
1516082135.770252, 19, 2450681.750000
1516082135.870370, 20, 2447853.500000
1516082135.970515, 20, 2445308.250000
1516082136.070690, 20, 2443017.500000
1516082136.170843, 21, 2453067.750000
1516082136.271016, 21, 2462113.000000
1516082136.371157, 20, 2458141.750000
1516082136.471331, 20, 2454567.500000
1516082136.571550, 22, 2475574.750000
1516082136.671975, 19, 2458145.250000
1516082136.772193, 20, 2454570.750000
1516082136.872393, 19, 2439241.750000
1516082136.972774, 21, 2449669.500000
1516082137.073145, 20, 2446942.500000
1516082137.173349, 21, 2456600.250000
1516082137.273540, 20, 2453180.250000
1516082137.373698, 21, 2462214.250000
1516082137.474114, 21, 2470344.750000
1516082137.574453, 21, 2477662.250000
1516082137.674862, 19, 2460024.000000
1516082137.775132, 20, 2456261.500000
1516082137.875344, 20, 2452875.250000
1516082137.975441, 20, 2449827.750000
1516082138.075571, 21, 2459197.000000
1516082138.175957, 20, 2455517.250000
1516082138.276314, 21, 2464317.500000
1516082138.376687, 20, 2460125.750000
1516082138.476812, 21, 2468465.250000
1516082138.577024, 19, 2451746.750000
1516082138.677203, 20, 2448812.000000
1516082138.777529, 21, 2458282.750000
1516082138.877725, 20, 2454694.500000
1516082138.978165, 21, 2463577.000000
1516082139.078523, 21, 2471571.250000
1516082139.178748, 20, 2466654.000000
1516082139.278894, 20, 2462228.500000
1516082139.379068, 19, 2446133.750000
1516082139.479471, 20, 2443760.500000
1516082139.579679, 20, 2441624.500000
1516082139.680060, 21, 2451814.000000
1516082139.780417, 21, 2460984.500000
1516082139.880627, 20, 2457126.000000
1516082139.980842, 21, 2465765.500000
1516082140.081279, 21, 2473541.000000
1516082140.181489, 18, 2444203.000000
1516082140.281568, 17, 2405686.750000
1516082140.381973, 21, 2419470.000000
1516082140.482226, 19, 2407651.000000
1516082140.582637, 21, 2421238.000000
1516082140.682835, 20, 2421354.250000
1516082140.783298, 21, 2433570.750000
1516082140.883547, 21, 2444565.750000
1516082140.983742, 20, 2442349.250000
1516082141.083958, 20, 2440354.250000
1516082141.184151, 21, 2450670.750000
1516082141.284300, 20, 2447843.750000
1516082141.384452, 20, 2445299.500000
1516082141.484621, 20, 2443009.500000
1516082141.584758, 21, 2453060.500000
1516082141.684915, 20, 2449994.500000
1516082141.785057, 21, 2459347.000000
1516082141.885206, 21, 2467764.250000
1516082141.985407, 20, 2463227.750000
1516082142.085796, 20, 2459145.000000
1516082142.186026, 19, 2443358.500000
1516082142.286178, 20, 2441262.750000
1516082142.386772, 20, 2439376.500000
1516082142.487135, 21, 2449790.750000
1516082142.587562, 21, 2459163.750000
1516082142.688033, 21, 2467599.500000
1516082142.788198, 20, 2463079.500000
1516082142.888350, 22, 2483235.500000
1516082142.988521, 19, 2465040.000000
1516082143.088673, 20, 2460776.000000
1516082143.188817, 20, 2456938.500000
1516082143.289010, 20, 2453484.750000
1516082143.389373, 21, 2462488.250000
1516082143.489584, 20, 2458479.500000
1516082143.590005, 21, 2466983.500000
1516082143.690217, 20, 2462525.250000
1516082143.790579, 21, 2470624.750000
1516082143.890819, 20, 2465802.250000
1516082143.991091, 21, 2473574.000000
1516082144.091253, 19, 2456344.500000
1516082144.191445, 21, 2465062.000000
1516082144.291645, 20, 2460795.750000
1516082144.391971, 21, 2469068.250000
1516082144.492042, 21, 2476513.500000
1516082144.592235, 19, 2458990.250000
1516082144.692417, 18, 2431107.250000
1516082144.792577, 20, 2430236.500000
1516082144.892734, 20, 2429452.750000
1516082144.992912, 20, 2428747.500000
1516082145.093083, 21, 2440224.750000
1516082145.193420, 21, 2450554.250000
1516082145.293769, 20, 2447738.750000
1516082145.394150, 21, 2457317.000000
1516082145.494393, 21, 2465937.250000
1516082145.594603, 19, 2449471.500000
1516082145.694800, 20, 2446764.250000
1516082145.795294, 20, 2444327.750000
1516082145.895623, 21, 2454247.000000
1516082145.996005, 21, 2463174.250000
1516082146.096410, 21, 2471208.750000
1516082146.196623, 20, 2466328.000000
1516082146.296986, 21, 2474047.250000
1516082146.397155, 20, 2468882.500000
1516082146.497226, 21, 2476346.250000
1516082146.597302, 19, 2458839.500000
1516082146.697375, 21, 2467307.500000
1516082146.797474, 20, 2462816.750000
1516082146.897652, 21, 2470887.000000
1516082146.997861, 20, 2466038.250000
1516082147.098062, 21, 2473786.500000
1516082147.198456, 21, 2480759.750000
1516082147.298649, 20, 2474923.750000
1516082147.398784, 21, 2481783.500000
1516082147.498943, 21, 2487957.250000
1516082147.599162, 20, 2481401.500000
1516082147.699347, 21, 2487613.250000
1516082147.799562, 21, 2493204.000000
1516082147.899779, 20, 2486123.500000
1516082147.999970, 20, 2479751.250000
1516082148.100123, 20, 2474016.000000
1516082148.200348, 20, 2468854.500000
1516082148.300754, 20, 2464209.000000
1516082148.401128, 21, 2472140.000000
1516082148.501537, 21, 2479278.000000
1516082148.601724, 20, 2473590.250000
1516082148.701815, 21, 2480583.250000
1516082148.802020, 20, 2474765.000000
1516082148.902218, 21, 2481640.500000
1516082149.002461, 21, 2487828.500000
1516082149.102722, 20, 2481285.750000
1516082149.203002, 21, 2487509.250000
1516082149.303238, 21, 2493110.250000
1516082149.403384, 21, 2498151.250000
1516082149.503881, 20, 2490576.000000
1516082149.604148, 21, 2495870.500000
1516082149.704337, 21, 2500635.500000
1516082149.804826, 21, 2504924.000000
1516082149.905065, 20, 2496671.500000
1516082150.005283, 21, 2501356.250000
1516082150.105466, 19, 2481348.500000
1516082150.205716, 19, 2463341.750000
1516082150.305945, 20, 2459247.500000
1516082150.406382, 20, 2455562.750000
1516082150.506786, 21, 2464358.500000
1516082150.606963, 21, 2472274.750000
1516082150.707068, 20, 2467287.250000
1516082150.807410, 21, 2474910.500000
1516082150.907580, 21, 2481771.500000
1516082151.007951, 20, 2475834.250000
1516082151.108121, 20, 2470490.750000
1516082151.208302, 20, 2465681.750000
1516082151.308394, 21, 2473465.500000
1516082151.408478, 21, 2480471.000000
1516082151.508818, 20, 2474664.000000
1516082151.609012, 21, 2481549.500000
1516082151.709104, 21, 2487746.500000
1516082151.809199, 20, 2481211.750000
1516082151.909299, 20, 2475330.500000
1516082152.009390, 20, 2470037.500000
1516082152.113737, 20, 2465273.750000
1516082152.214040, 20, 2460986.500000
1516082152.314235, 22, 2481351.750000
1516082152.414423, 21, 2487568.500000
1516082152.514707, 21, 2493163.750000
1516082152.615185, 20, 2486087.500000
1516082152.715364, 20, 2479718.750000
1516082152.815536, 21, 2486099.000000
1516082152.915624, 20, 2479729.000000
1516082153.016105, 21, 2486108.000000
1516082153.116488, 21, 2491849.250000
1516082153.216797, 21, 2497016.250000
1516082153.316987, 20, 2489554.500000
1516082153.417130, 19, 2470727.000000
1516082153.517353, 20, 2465894.250000
1516082153.617606, 20, 2461544.750000
1516082153.717935, 21, 2469742.250000
1516082153.818343, 21, 2477120.000000
1516082153.918623, 20, 2471648.000000
1516082154.018867, 22, 2490947.250000
1516082154.119058, 20, 2484092.500000
1516082154.219344, 19, 2465811.250000
1516082154.319522, 21, 2473582.000000
1516082154.419743, 20, 2468463.750000
1516082154.519930, 20, 2463857.500000
1516082154.620116, 21, 2471823.750000
1516082154.720349, 21, 2478993.500000
1516082154.820504, 21, 2485446.250000
1516082154.920837, 20, 2479141.500000
1516082155.020948, 21, 2485579.250000
1516082155.121021, 21, 2491373.250000
1516082155.221209, 20, 2484476.000000
1516082155.321295, 21, 2490380.500000
1516082155.421381, 20, 2483582.500000
1516082155.521458, 21, 2489576.250000
1516082155.621568, 21, 2494970.500000
1516082155.721645, 19, 2475601.500000
1516082155.821742, 19, 2458169.250000
1516082155.921816, 19, 2442480.250000
1516082156.021893, 20, 2440472.250000
1516082156.121982, 20, 2438665.000000
1516082156.222083, 21, 2449150.500000
1516082156.322169, 20, 2446475.500000
1516082156.422244, 21, 2456180.000000
1516082156.522379, 21, 2464914.000000
1516082156.622511, 20, 2460662.500000
1516082156.722584, 23, 2493172.250000
1516082156.822663, 17, 2449759.000000
1516082156.922828, 17, 2410687.000000
1516082157.023002, 18, 2387634.250000
1516082157.123085, 20, 2391110.750000
1516082157.223167, 19, 2382127.750000
1516082157.323359, 20, 2386155.000000
1516082157.423537, 20, 2389779.500000
1516082157.523651, 21, 2405153.500000
1516082157.623758, 20, 2406878.250000
1516082157.723835, 21, 2420542.500000
1516082157.823978, 21, 2432840.250000
1516082157.924063, 21, 2443908.250000
1516082158.024135, 21, 2453869.500000
1516082158.124557, 17, 2414386.500000
1516082158.224682, 18, 2390963.750000
1516082158.324801, 19, 2381995.500000
1516082158.424891, 19, 2373924.000000
1516082158.524978, 20, 2378771.500000
1516082158.625132, 20, 2383134.250000
1516082158.725266, 21, 2399172.750000
1516082158.825465, 21, 2413607.500000
1516082158.925619, 20, 2414486.750000
1516082159.025964, 21, 2427390.000000
1516082159.126099, 21, 2439003.000000
1516082159.226192, 19, 2425230.750000
1516082159.326467, 17, 2388611.750000
1516082159.426596, 19, 2379878.500000
1516082159.526746, 18, 2359906.750000
1516082159.626893, 19, 2354044.000000
1516082159.726976, 20, 2360879.500000
1516082159.827157, 20, 2367031.500000
1516082159.927233, 21, 2384680.250000
1516082160.027329, 20, 2388452.250000
1516082160.127526, 20, 2391847.000000
1516082160.227739, 21, 2407014.250000
1516082160.327895, 21, 2420664.750000
1516082160.428069, 20, 2420838.250000
1516082160.528268, 20, 2420994.500000
1516082160.628364, 15, 2360575.000000
1516082160.728573, 18, 2342533.500000
1516082160.828764, 19, 2338408.250000
1516082160.928861, 19, 2334695.500000
1516082161.029047, 19, 2331354.000000
1516082161.129307, 20, 2340458.500000
1516082161.229476, 21, 2360764.750000
1516082161.329687, 20, 2366928.250000
1516082161.429856, 21, 2384587.500000
1516082161.530069, 20, 2388368.750000
1516082161.630263, 21, 2403884.000000
1516082161.730511, 20, 2405735.500000
1516082161.830705, 21, 2419514.000000
1516082161.930870, 20, 2419802.500000
1516082162.031076, 21, 2432174.250000
1516082162.131319, 20, 2431196.750000
1516082162.231491, 21, 2442429.000000
1516082162.331694, 20, 2440426.000000
1516082162.431995, 21, 2450735.500000
1516082162.532502, 21, 2460014.000000
1516082162.632762, 19, 2444140.500000
1516082162.732948, 18, 2417742.500000
1516082162.833183, 19, 2406096.250000
1516082162.933388, 20, 2407726.500000
1516082163.033635, 20, 2409193.750000
1516082163.133823, 20, 2410514.500000
1516082163.234061, 20, 2411703.000000
1516082163.334246, 21, 2424884.750000
1516082163.434442, 21, 2436748.250000
1516082163.534671, 20, 2435313.500000
1516082163.634897, 21, 2446134.250000
1516082163.735078, 20, 2443760.750000
1516082163.835280, 20, 2441624.750000
1516082163.935492, 16, 2391254.250000
1516082164.036059, 20, 2394368.750000
1516082164.136445, 20, 2397172.000000
1516082164.236818, 21, 2411806.750000
1516082164.337147, 20, 2412866.000000
1516082164.437562, 21, 2425931.500000
1516082164.537994, 20, 2425578.250000
1516082164.638109, 22, 2449484.500000
1516082164.738192, 20, 2446776.000000
1516082164.838271, 21, 2456450.500000
1516082164.938497, 17, 2416709.500000
1516082165.038585, 18, 2393054.500000
1516082165.138679, 20, 2395989.000000
1516082165.238777, 20, 2398630.000000
1516082165.338866, 20, 2401007.000000
1516082165.438967, 20, 2403146.250000
1516082165.539185, 21, 2417183.500000
1516082165.639377, 19, 2405593.250000
1516082165.739524, 20, 2407274.000000
1516082165.839644, 21, 2420898.500000
1516082165.939903, 21, 2433160.750000
1516082166.039979, 20, 2432084.750000
1516082166.140071, 19, 2419004.250000
1516082166.240155, 21, 2431455.750000
1516082166.340231, 21, 2442662.250000
1516082166.440311, 20, 2440636.000000
1516082166.540560, 21, 2450924.500000
1516082166.640663, 21, 2460184.000000
1516082166.740758, 20, 2456405.500000
1516082166.841185, 20, 2453005.000000
1516082166.941466, 20, 2449944.500000
1516082167.041629, 20, 2447190.000000
1516082167.141708, 21, 2456823.000000
1516082167.242052, 21, 2465492.750000
1516082167.342263, 20, 2461183.500000
1516082167.442359, 21, 2469417.250000
1516082167.542768, 21, 2476827.500000
1516082167.643075, 20, 2471384.750000
1516082167.743405, 20, 2466486.250000
1516082167.843691, 21, 2474189.500000
1516082167.944048, 21, 2481122.500000
1516082168.044179, 20, 2475250.250000
1516082168.144420, 21, 2482077.250000
1516082168.244763, 21, 2488221.500000
1516082168.344922, 20, 2481639.250000
1516082168.444992, 21, 2487827.250000
1516082168.545280, 20, 2481284.500000
1516082168.645697, 20, 2475396.000000
1516082168.745893, 21, 2482208.500000
1516082168.845978, 21, 2488339.750000
1516082168.946065, 20, 2481745.750000
1516082169.046378, 21, 2487923.250000
1516082169.146542, 20, 2481371.000000
1516082169.246627, 21, 2487586.000000
1516082169.346965, 21, 2493179.500000
1516082169.447276, 21, 2498213.500000
1516082169.547433, 20, 2490632.250000
1516082169.647506, 21, 2495921.000000
1516082169.747594, 19, 2476457.000000
1516082169.847739, 19, 2458939.250000
1516082169.947835, 20, 2455285.250000
1516082170.047905, 21, 2464108.750000
1516082170.147983, 21, 2472050.000000
1516082170.248314, 20, 2467085.000000
1516082170.348500, 21, 2474728.500000
1516082170.448672, 21, 2481607.750000
1516082170.548755, 21, 2487799.000000
1516082170.648834, 20, 2481259.000000
1516082170.749040, 20, 2475373.000000
1516082170.849122, 20, 2470075.750000
1516082170.949401, 21, 2477420.250000
1516082171.049507, 21, 2484030.250000
1516082171.149618, 20, 2477867.250000
1516082171.249708, 21, 2484432.500000
1516082171.350066, 21, 2490341.250000
1516082171.450458, 17, 2447211.000000
1516082171.550828, 20, 2444730.000000
1516082171.651147, 20, 2442497.000000
1516082171.751542, 20, 2440487.250000
1516082171.852030, 21, 2450790.500000
1516082171.952343, 21, 2460063.500000
1516082172.052510, 20, 2456297.250000
1516082172.152603, 21, 2465019.500000
1516082172.253027, 21, 2472869.500000
1516082172.353317, 22, 2492046.500000
1516082172.453504, 14, 2412409.750000
1516082172.553801, 18, 2389184.750000
1516082172.654021, 20, 2392506.250000
1516082172.754096, 20, 2395495.500000
1516082172.854288, 20, 2398186.000000
1516082172.954403, 20, 2400607.500000
1516082173.054487, 20, 2402786.750000
1516082173.154735, 21, 2416860.000000
1516082173.254892, 22, 2441638.000000
1516082173.354981, 22, 2463938.250000
1516082173.455153, 23, 2496120.500000
1516082173.555248, 24, 2537196.500000
1516082173.655347, 24, 2574164.750000
1516082173.755773, 24, 2607436.250000
1516082173.856023, 27, 2673716.500000
1516082173.956404, 26, 2721256.750000
1516082174.056568, 28, 2788267.000000
1516082174.156719, 28, 2848576.250000
1516082174.257101, 28, 2902854.500000
1516082174.357359, 29, 2963817.000000
1516082174.457854, 30, 3030795.250000
1516082174.558056, 30, 3091075.750000
1516082174.658413, 31, 3157440.250000
1516082174.758579, 31, 3217168.250000
1516082174.858868, 32, 3283035.500000
1516082174.959329, 32, 3342316.000000
1516082175.059589, 33, 3407780.500000
1516082175.159763, 33, 3466698.500000
1516082175.259867, 33, 3519724.750000
1516082175.360232, 34, 3579560.250000
1516082175.460551, 34, 3633412.250000
1516082175.560883, 34, 3681879.000000
1516082175.661156, 34, 3725499.000000
1516082175.761518, 35, 3776869.000000
1516082175.861895, 35, 3823102.000000
1516082175.962164, 35, 3864711.750000
1516082176.062566, 35, 3902160.500000
