1516081960.05 0 0 0 0
1516081960.15 0 0 0 0
1516081960.25 0 0 0 0
1516081960.35 0 0 0 0
1516081960.45 0 0 0 0
1516081960.55 0 0 0 0
1516081960.65 0 0 0 0
1516081960.75 0 0 0 0
1516081960.85 0 0 0 0
1516081960.96 0 0 0 0
1516081961.05 0 0 0 0
1516081961.16 0 0 0 0
1516081961.25 0 0 0 0
1516081961.35 0 0 0 0
1516081961.45 0 0 0 0
1516081961.55 0 0 0 0
1516081961.66 0 0 0 0
1516081961.76 0 0 0 0
1516081961.86 0 0 0 0
1516081961.96 0 0 0 0
1516081962.06 0 0 0 0
1516081962.16 0 0 0 0
1516081962.26 0 0 0 0
1516081962.36 0 0 0 0
1516081962.46 0 0 0 0
1516081962.56 0 0 0 0
1516081962.66 0 0 0 0
1516081962.76 0 0 0 0
1516081962.86 0 0 0 0
1516081962.96 0 0 0 0
1516081963.06 0 0 0 0
1516081963.16 0 0 0 0
1516081963.26 0 0 0 0
1516081963.36 0 0 0 0
1516081963.46 0 0 0 0
1516081963.56 0 0 0 0
1516081963.67 0 0 0 0
1516081963.75 0 0 0 0
1516081963.85 0 0 0 0
1516081963.95 0 0 0 0
1516081964.05 0 0 0 0
1516081964.15 0 0 0 0
1516081964.25 0 0 0 0
1516081964.35 0 0 0 0
1516081964.45 0 0 0 0
1516081964.55 0 0 0 0
1516081964.66 0 0 0 0
1516081964.75 0 0 0 0
1516081964.85 0 0 0 0
1516081964.95 0 0 0 0
1516081965.05 0 0 0 0
1516081965.16 0 0 0 0
1516081965.25 0 0 0 0
1516081965.37 0 0 0 0
1516081965.49 0 0 0 0
1516081965.59 0 0 0 0
1516081965.69 0 0 0 0
1516081965.79 0 0 0 0
1516081965.9 0 0 0 0
1516081965.99 0 0 0 0
1516081966.09 0 0 0 0
1516081966.19 0 0 0 0
1516081966.29 0 0 0 0
1516081966.39 0 0 0 0
1516081966.49 0 0 0 0
1516081966.59 0 0 0 0
1516081966.7 0 0 0 0
1516081966.82 0 0 0 0
1516081966.95 0 0 0 0
1516081967.06 0 0 0 0
1516081967.16 0 0 0 0
1516081967.26 0 0 0 0
1516081967.36 0 0 0 0
1516081967.48 0 0 0 0
1516081967.63 0 0 0 0
1516081967.72 0 0 0 0
1516081967.82 0 0 0 0
1516081967.93 0 0 0 0
1516081968.03 0 0 0 0
1516081968.13 0 0 0 0
1516081968.23 0 0 0 0
1516081968.35 0 0 0 0
1516081968.48 0 0 0 0
1516081968.58 0 0 0 0
1516081968.69 0 0 0 0
1516081968.8 0 0 0 0
1516081968.9 0 0 0 0
1516081969.0 0 0 0 0
1516081969.1 0 0 0 0
1516081969.21 0 0 0 0
1516081969.33 0 0 0 0
1516081969.44 0 0 0 0
1516081969.54 0 0 0 0
1516081969.64 0 0 0 0
1516081969.75 0 0 0 0
1516081969.88 0 0 0 0
1516081969.98 0 0 0 0
1516081970.08 0 0 0 0
1516081970.18 0 0 0 0
1516081970.28 0 0 0 0
1516081970.38 0 0 0 0
1516081970.48 0 0 0 0
1516081970.58 0 0 0 0
1516081970.68 0 0 0 0
1516081970.8 0 0 0 0
1516081970.92 0 0 0 0
1516081971.01 0 0 0 0
1516081971.13 0 0 0 0
1516081971.26 0 0 0 0
1516081971.35 0 0 0 0
1516081971.45 0 0 0 0
1516081971.55 0 0 0 0
1516081971.65 0 0 0 0
1516081971.76 0 0 0 0
1516081971.86 0 0 0 0
1516081971.97 0 0 0 0
1516081972.08 0 0 0 0
1516081972.18 0 0 0 0
1516081972.28 0 0 0 0
1516081972.38 0 0 0 0
1516081972.48 0 0 0 0
1516081972.6 0 0 0 0
1516081972.73 0 0 0 0
1516081972.84 0 0 0 0
1516081972.97 0 0 0 0
1516081973.07 0 0 0 0
1516081973.17 0 0 0 0
1516081973.27 0 0 0 0
1516081973.37 0 0 0 0
1516081973.47 0 0 0 0
1516081973.59 0 0 0 0
1516081973.69 0 0 0 0
1516081973.79 0 0 0 0
1516081973.89 0 0 0 0
1516081973.99 0 0 0 0
1516081974.09 0 0 0 0
1516081974.19 0 0 0 0
1516081974.29 0 0 0 0
1516081974.39 0 0 0 42
1516081974.5 0 0 0 0
1516081974.6 0 0 0 0
1516081974.71 0 0 0 0
1516081974.82 0 0 0 0
1516081974.94 0 0 0 0
1516081975.03 0 0 0 0
1516081975.12 0 0 0 0
1516081975.22 0 0 0 0
1516081975.32 0 0 0 0
1516081975.42 0 0 0 0
1516081975.52 0 0 0 0
1516081975.62 0 0 0 0
1516081975.72 0 0 0 0
1516081975.82 0 0 0 0
1516081975.92 0 0 0 0
1516081976.02 0 0 0 0
1516081976.12 0 0 0 0
1516081976.23 0 0 0 0
1516081976.33 0 0 0 0
1516081976.44 0 0 0 0
1516081976.53 0 0 0 0
1516081976.63 0 0 0 0
1516081976.73 0 0 0 0
1516081976.83 0 0 0 0
1516081976.93 0 0 0 0
1516081977.03 0 0 0 0
1516081977.13 0 0 0 0
1516081977.23 0 0 0 0
1516081977.33 0 0 0 0
1516081977.43 0 0 0 0
1516081977.53 0 0 0 0
1516081977.63 0 0 0 0
1516081977.73 0 0 0 0
1516081977.83 0 0 0 0
1516081977.93 0 0 0 0
1516081978.03 0 0 0 0
1516081978.13 0 0 0 0
1516081978.23 0 0 0 0
1516081978.33 0 0 0 0
1516081978.43 0 0 0 0
1516081978.55 0 0 0 0
1516081978.65 0 0 0 0
1516081978.75 0 0 0 0
1516081978.85 0 0 0 0
1516081978.95 0 0 0 0
1516081979.05 0 0 0 0
1516081979.15 0 0 0 0
1516081979.25 0 0 0 0
1516081979.35 0 0 0 0
1516081979.45 0 0 0 0
1516081979.55 0 0 0 0
1516081979.65 0 0 0 0
1516081979.75 0 0 0 0
1516081979.85 0 0 0 0
1516081979.95 0 0 0 0
1516081980.05 0 0 0 0
1516081980.15 0 0 0 0
1516081980.25 0 0 0 0
1516081980.35 0 0 0 0
1516081980.45 0 0 0 0
1516081980.55 0 0 0 0
1516081980.65 0 0 0 0
1516081980.75 0 0 0 0
1516081980.87 0 0 0 0
1516081980.99 0 0 0 0
1516081981.08 0 0 0 0
1516081981.18 0 0 0 0
1516081981.29 0 0 0 0
1516081981.39 0 0 0 0
1516081981.49 0 0 0 0
1516081981.59 0 0 0 0
1516081981.69 0 0 0 0
1516081981.79 0 0 0 0
1516081981.89 0 0 0 0
1516081981.99 0 0 0 0
1516081982.1 0 0 0 0
1516081982.22 0 0 0 0
1516081982.32 0 0 0 0
1516081982.42 0 0 0 0
1516081982.52 0 0 0 0
1516081982.62 0 0 0 0
1516081982.72 0 0 0 0
1516081982.82 0 0 0 0
1516081982.92 0 0 0 0
1516081983.02 0 0 0 0
1516081983.12 0 0 0 0
1516081983.23 0 0 0 0
1516081983.33 0 0 0 0
1516081983.43 0 0 0 0
1516081983.53 0 0 0 0
1516081983.63 0 0 0 0
1516081983.73 0 0 0 0
1516081983.83 0 0 0 0
1516081983.93 0 0 0 0
1516081984.03 0 0 0 0
1516081984.13 0 0 0 0
1516081984.23 0 0 0 0
1516081984.33 0 0 0 0
1516081984.43 0 0 0 0
1516081984.53 0 0 0 0
1516081984.63 0 0 0 0
1516081984.73 0 0 0 0
1516081984.83 0 0 0 0
1516081984.93 0 0 0 0
1516081985.03 0 0 0 0
1516081985.13 0 0 0 0
1516081985.23 0 0 0 0
1516081985.33 0 0 0 0
1516081985.43 0 0 0 0
1516081985.53 0 0 0 0
1516081985.65 0 0 0 0
1516081985.75 0 0 0 0
1516081985.85 0 0 0 0
1516081985.95 0 0 0 0
1516081986.05 0 0 0 0
1516081986.15 0 0 0 0
1516081986.27 0 0 0 0
1516081986.38 0 0 0 0
1516081986.48 0 0 0 0
1516081986.58 0 0 0 0
1516081986.68 0 0 0 0
1516081986.78 0 0 0 0
1516081986.88 0 0 0 0
1516081986.98 0 0 0 0
1516081987.08 0 0 0 0
1516081987.18 0 0 0 0
1516081987.28 0 0 0 0
1516081987.38 0 0 0 0
1516081987.48 0 0 0 0
1516081987.58 0 0 0 0
1516081987.68 0 0 0 0
1516081987.78 0 0 0 0
1516081987.88 0 0 0 0
1516081987.98 0 0 0 0
1516081988.08 0 0 0 0
1516081988.18 0 0 0 0
1516081988.28 0 0 0 0
1516081988.38 0 0 0 0
1516081988.48 0 0 0 0
1516081988.58 0 0 0 0
1516081988.68 0 0 0 0
1516081988.78 0 0 0 0
1516081988.88 0 0 0 0
1516081988.98 0 0 0 0
1516081989.09 0 0 0 0
1516081989.18 0 0 0 0
1516081989.3 0 0 0 0
1516081989.43 0 0 0 0
1516081989.54 0 0 0 0
1516081989.66 0 0 0 0
1516081989.76 0 0 0 0
1516081989.86 0 0 0 0
1516081989.96 0 0 0 0
1516081990.06 0 0 0 0
1516081990.16 0 0 0 0
1516081990.26 0 0 0 0
1516081990.36 0 0 0 0
1516081990.46 0 0 0 0
1516081990.56 0 0 0 0
1516081990.66 0 0 0 0
1516081990.76 0 0 0 0
1516081990.86 0 0 0 0
1516081990.96 0 0 0 0
1516081991.06 0 0 0 0
1516081991.16 0 0 0 0
1516081991.26 0 0 0 0
1516081991.36 0 0 0 0
1516081991.46 0 0 0 0
1516081991.57 0 0 0 0
1516081991.7 0 0 0 0
1516081991.82 0 0 0 0
1516081991.95 0 0 0 0
1516081992.04 0 0 0 0
1516081992.14 0 0 0 0
1516081992.24 0 0 0 0
1516081992.34 0 0 0 0
1516081992.44 0 0 0 0
1516081992.55 0 0 0 0
1516081992.65 0 0 0 0
1516081992.75 0 0 0 0
1516081992.84 0 0 0 0
1516081992.96 0 0 0 0
1516081993.07 0 0 0 0
1516081993.16 0 0 0 0
1516081993.26 0 0 0 0
1516081993.36 0 0 0 0
1516081993.46 0 0 0 0
1516081993.57 0 0 0 0
1516081993.67 0 0 0 0
1516081993.77 0 0 0 0
1516081993.86 0 0 0 0
1516081993.96 0 0 0 0
1516081994.06 0 0 0 0
1516081994.18 0 0 0 0
1516081994.31 0 0 0 0
1516081994.41 0 0 0 0
1516081994.52 0 0 0 0
1516081994.65 0 0 0 0
1516081994.74 0 0 0 0
1516081994.86 0 0 0 0
1516081994.96 0 0 0 0
1516081995.06 0 0 0 0
1516081995.15 0 0 0 0
1516081995.26 0 0 0 0
1516081995.38 0 0 0 0
1516081995.5 0 0 0 0
1516081995.59 0 0 0 0
1516081995.69 0 0 0 0
1516081995.81 0 0 0 0
1516081995.94 0 0 0 0
1516081996.04 0 0 0 0
1516081996.14 0 0 0 0
1516081996.24 0 0 0 0
1516081996.34 0 0 0 0
1516081996.44 0 0 0 0
1516081996.56 0 0 0 0
1516081996.64 0 0 0 0
1516081996.75 0 0 0 0
1516081996.86 0 0 0 0
1516081996.96 0 0 0 0
1516081997.06 0 0 0 0
1516081997.16 0 0 0 0
1516081997.26 0 0 0 0
1516081997.36 0 0 0 0
1516081997.48 0 0 0 0
1516081997.57 0 0 0 0
1516081997.67 0 0 0 0
1516081997.77 0 0 0 0
1516081997.87 0 0 0 0
1516081997.97 0 0 0 0
1516081998.07 0 0 0 0
1516081998.17 0 0 0 0
1516081998.27 0 0 0 0
1516081998.37 0 0 0 0
1516081998.47 0 0 0 0
1516081998.57 0 0 0 0
1516081998.67 0 0 0 0
1516081998.77 0 0 0 0
1516081998.89 0 0 0 0
1516081999.0 0 0 0 0
1516081999.1 0 0 0 0
1516081999.2 0 0 0 0
1516081999.31 0 0 0 0
1516081999.4 0 0 0 0
1516081999.51 0 0 0 0
1516081999.61 0 0 0 0
1516081999.71 0 0 0 0
1516081999.81 0 0 0 0
1516081999.91 0 0 0 0
1516082000.01 0 0 0 0
1516082000.11 0 0 0 0
1516082000.21 0 0 0 0
1516082000.31 0 0 0 0
1516082000.41 0 0 0 0
1516082000.51 0 0 0 0
1516082000.61 0 0 0 0
1516082000.71 0 0 0 0
1516082000.81 0 0 0 0
1516082000.91 0 0 0 0
1516082001.01 0 0 0 0
1516082001.11 0 0 0 0
1516082001.21 0 0 0 0
1516082001.31 0 0 0 0
1516082001.41 0 0 0 0
1516082001.51 0 0 0 0
1516082001.61 0 0 0 0
1516082001.71 0 0 0 0
1516082001.81 0 0 0 0
1516082001.91 0 0 0 0
1516082002.01 0 0 0 0
1516082002.11 0 0 0 0
1516082002.21 0 0 0 0
1516082002.31 0 0 0 0
1516082002.41 0 0 0 0
1516082002.51 0 0 0 0
1516082002.61 0 0 0 0
1516082002.71 0 0 0 0
1516082002.81 0 0 0 0
1516082002.91 0 0 0 0
1516082003.01 0 0 0 0
1516082003.11 0 0 0 0
1516082003.22 0 0 0 0
1516082003.32 0 0 0 0
1516082003.42 0 0 0 0
1516082003.52 0 0 0 0
1516082003.62 0 0 0 0
1516082003.72 0 0 0 0
1516082003.82 0 0 0 0
1516082003.92 0 0 0 0
1516082004.02 0 0 0 0
1516082004.12 0 0 0 0
1516082004.22 0 0 0 0
1516082004.32 0 0 0 0
1516082004.42 0 0 0 0
1516082004.52 0 0 0 0
1516082004.62 0 0 0 0
1516082004.72 0 0 0 0
1516082004.82 0 0 0 0
1516082004.92 0 0 0 0
1516082005.02 0 0 0 0
1516082005.12 0 0 0 0
1516082005.22 0 0 0 0
1516082005.32 0 0 0 0
1516082005.43 0 0 0 0
1516082005.52 0 0 0 0
1516082005.62 0 0 0 0
1516082005.72 0 0 0 0
1516082005.82 0 0 0 0
1516082005.92 0 0 0 0
1516082006.02 0 0 0 0
1516082006.12 0 0 0 0
1516082006.22 0 0 0 0
1516082006.33 0 0 0 0
1516082006.43 0 0 0 0
1516082006.53 0 0 0 0
1516082006.63 0 0 0 0
1516082006.73 0 0 0 0
1516082006.83 0 0 0 0
1516082006.93 0 0 0 0
1516082007.03 0 0 0 0
1516082007.13 0 0 0 0
1516082007.23 0 0 0 0
1516082007.33 0 0 0 0
1516082007.43 0 0 0 0
1516082007.53 0 0 0 0
1516082007.63 0 0 0 0
1516082007.73 0 0 0 0
1516082007.83 0 0 0 0
1516082007.93 0 0 0 0
1516082008.03 0 0 0 0
1516082008.13 0 0 0 0
1516082008.23 0 0 0 0
1516082008.33 0 0 0 0
1516082008.43 0 0 0 0
1516082008.53 0 0 0 0
1516082008.63 0 0 0 0
1516082008.73 0 0 0 0
1516082008.83 0 0 0 0
1516082008.93 0 0 0 0
1516082009.03 0 0 0 0
1516082009.13 0 0 0 0
1516082009.23 0 0 0 0
1516082009.33 0 0 0 0
1516082009.43 0 0 0 0
1516082009.53 0 0 0 0
1516082009.63 0 0 0 0
1516082009.73 0 0 0 0
1516082009.83 0 0 0 0
1516082009.93 0 0 0 0
1516082010.03 0 0 0 0
1516082010.13 0 0 0 0
1516082010.23 0 0 0 0
1516082010.34 0 0 0 0
1516082010.44 0 0 0 0
1516082010.54 0 0 0 0
1516082010.64 0 0 0 0
1516082010.73 0 0 0 0
1516082010.84 0 0 0 0
1516082010.93 0 0 0 0
1516082011.04 0 0 0 0
1516082011.14 0 0 0 0
1516082011.24 0 0 0 0
1516082011.34 0 0 0 0
1516082011.44 0 0 0 0
1516082011.54 0 0 0 0
1516082011.64 0 0 0 0
1516082011.74 0 0 0 0
1516082011.84 0 0 0 0
1516082011.94 0 0 0 0
1516082012.04 0 0 0 0
1516082012.14 0 0 0 0
1516082012.24 0 0 0 0
1516082012.34 0 0 0 0
1516082012.44 0 0 0 0
1516082012.54 0 0 0 0
1516082012.64 0 0 0 0
1516082012.74 0 0 0 0
1516082012.84 0 0 0 0
1516082012.94 0 0 0 0
1516082013.04 0 0 0 0
1516082013.14 0 0 0 0
1516082013.24 0 0 0 0
1516082013.34 0 0 0 0
1516082013.44 0 0 0 0
1516082013.54 0 0 0 0
1516082013.64 0 0 0 0
1516082013.74 0 0 0 0
1516082013.84 0 0 0 0
1516082013.94 0 0 0 0
1516082014.04 0 0 0 0
1516082014.15 0 0 0 0
1516082014.24 0 0 0 0
1516082014.34 0 0 0 0
1516082014.44 0 0 0 0
1516082014.54 0 0 0 0
1516082014.64 0 0 0 0
1516082014.74 0 0 0 0
1516082014.84 0 0 0 0
1516082014.94 0 0 0 0
1516082015.05 0 0 0 0
1516082015.14 0 0 0 0
1516082015.24 0 0 0 0
1516082015.35 0 0 0 0
1516082015.45 0 0 0 0
1516082015.54 0 0 0 0
1516082015.65 0 0 0 0
1516082015.75 0 0 0 0
1516082015.85 0 0 0 0
1516082015.95 0 0 0 0
1516082016.05 0 0 0 0
1516082016.15 0 0 0 0
1516082016.25 0 0 0 0
1516082016.35 0 0 0 0
1516082016.45 0 0 0 0
1516082016.55 0 0 0 0
1516082016.65 0 0 0 0
1516082016.75 0 0 0 0
1516082016.85 0 0 0 0
1516082016.95 0 0 0 0
1516082017.05 0 0 0 0
1516082017.15 0 0 0 0
1516082017.25 0 0 0 0
1516082017.35 0 0 0 0
1516082017.45 0 0 0 0
1516082017.55 0 0 0 0
1516082017.65 0 0 0 0
1516082017.75 0 0 0 0
1516082017.85 0 0 0 0
1516082017.95 0 0 0 0
1516082018.05 0 0 0 0
1516082018.15 0 0 0 0
1516082018.27 0 0 0 0
1516082018.35 0 0 0 0
1516082018.45 0 0 0 0
1516082018.55 0 0 0 0
1516082018.65 0 0 0 0
1516082018.75 0 0 0 0
1516082018.85 0 0 0 0
1516082018.95 0 0 0 0
1516082019.05 0 0 0 0
1516082019.15 0 0 0 0
1516082019.25 0 0 0 0
1516082019.35 0 0 0 0
1516082019.45 0 0 0 0
1516082019.55 0 0 0 0
1516082019.65 0 0 0 0
1516082019.75 0 0 0 0
1516082019.85 0 0 0 0
1516082019.95 0 0 0 0
1516082020.05 0 0 0 0
1516082020.16 0 0 0 0
1516082020.28 0 0 0 0
1516082020.38 0 0 0 0
1516082020.48 0 0 0 0
1516082020.58 0 0 0 0
1516082020.68 0 0 0 0
1516082020.78 0 0 0 0
1516082020.88 0 0 0 0
1516082020.98 0 0 0 0
1516082021.08 0 0 0 0
1516082021.18 0 0 0 0
1516082021.28 0 0 0 0
1516082021.38 0 0 0 0
1516082021.48 0 0 0 0
1516082021.6 0 0 0 0
1516082021.7 0 0 0 0
1516082021.8 0 0 0 0
1516082021.9 0 0 0 0
1516082022.0 0 0 0 0
1516082022.1 0 0 0 0
1516082022.2 0 0 0 0
1516082022.3 0 0 0 0
1516082022.4 0 0 0 0
1516082022.5 0 0 0 0
1516082022.6 0 0 0 0
1516082022.7 0 0 0 0
1516082022.8 0 0 0 0
1516082022.9 0 0 0 0
1516082023.0 0 0 0 0
1516082023.1 0 0 0 0
1516082023.2 0 0 0 0
1516082023.3 0 0 0 0
1516082023.4 0 0 0 0
1516082023.5 0 0 0 0
1516082023.6 0 0 0 0
1516082023.7 0 0 0 0
1516082023.8 0 0 0 0
1516082023.9 0 0 0 0
1516082024.0 0 0 0 0
1516082024.1 0 0 0 0
1516082024.2 0 0 0 0
1516082024.3 0 0 0 0
1516082024.4 0 0 0 0
1516082024.5 0 0 0 0
1516082024.6 0 0 0 0
1516082024.7 0 0 0 0
1516082024.8 0 0 0 0
1516082024.9 0 0 0 0
1516082025.0 0 0 0 0
1516082025.1 0 0 0 0
1516082025.2 0 0 0 0
1516082025.3 0 0 0 0
1516082025.4 0 0 0 0
1516082025.5 0 0 0 0
1516082025.6 0 0 0 0
1516082025.7 0 0 0 0
1516082025.8 0 0 0 0
1516082025.9 0 0 0 0
1516082026.0 0 0 0 0
1516082026.1 0 0 0 0
1516082026.2 0 0 0 0
1516082026.3 0 0 0 0
1516082026.4 0 0 0 0
1516082026.5 0 0 0 0
1516082026.61 0 0 0 0
1516082026.7 0 0 0 0
1516082026.8 0 0 0 0
1516082026.9 0 0 0 0
1516082027.01 0 0 0 0
1516082027.11 0 0 0 0
1516082027.21 0 0 0 0
1516082027.31 0 0 0 0
1516082027.41 0 0 0 0
1516082027.51 0 0 0 0
1516082027.61 0 0 0 0
1516082027.71 0 0 0 0
1516082027.81 0 0 0 0
1516082027.91 0 0 0 0
1516082028.01 0 0 0 0
1516082028.11 0 0 0 0
1516082028.21 0 0 0 0
1516082028.31 0 0 0 0
1516082028.41 0 0 0 0
1516082028.51 0 0 0 0
1516082028.61 0 0 0 0
1516082028.71 0 0 0 0
1516082028.81 0 0 0 0
1516082028.91 0 0 0 0
1516082029.01 0 0 0 0
1516082029.11 0 0 0 0
1516082029.21 0 0 0 0
1516082029.31 0 0 0 0
1516082029.41 0 0 0 0
1516082029.51 0 0 0 0
1516082029.61 0 0 0 0
1516082029.71 0 0 0 0
1516082029.81 0 0 0 0
1516082029.91 0 0 0 0
1516082030.01 0 0 0 0
1516082030.11 0 0 0 0
1516082030.21 0 0 0 0
1516082030.31 0 0 0 0
1516082030.41 0 0 0 0
1516082030.51 0 0 0 0
1516082030.61 0 0 0 0
1516082030.71 0 0 0 0
1516082030.81 0 0 0 0
1516082030.91 0 0 0 0
1516082031.01 0 0 0 0
1516082031.11 0 0 0 0
1516082031.21 0 0 0 0
1516082031.31 0 0 0 0
1516082031.41 0 0 0 0
1516082031.51 0 0 0 0
1516082031.61 0 0 0 0
1516082031.71 0 0 0 0
1516082031.81 0 0 0 0
1516082031.91 0 0 0 0
1516082032.01 0 0 0 0
1516082032.12 0 0 0 0
1516082032.22 0 0 0 0
1516082032.32 0 0 0 0
1516082032.42 0 0 0 0
1516082032.52 0 0 0 0
1516082032.62 0 0 0 0
1516082032.72 0 0 0 0
1516082032.82 0 0 0 0
1516082032.92 0 0 0 0
1516082033.02 0 0 0 0
1516082033.12 0 0 0 0
1516082033.22 0 0 0 0
1516082033.32 0 0 0 0
1516082033.42 0 0 0 0
1516082033.52 0 0 0 0
1516082033.62 0 0 0 0
1516082033.72 0 0 0 0
1516082033.82 0 0 0 0
1516082033.92 0 0 0 0
1516082034.02 0 0 0 0
1516082034.12 0 0 0 0
1516082034.22 0 0 0 0
1516082034.32 0 0 0 0
1516082034.42 0 0 0 0
1516082034.52 0 0 0 0
1516082034.62 0 0 0 0
1516082034.72 0 0 0 0
1516082034.82 0 0 0 0
1516082034.92 0 0 0 0
1516082035.02 0 0 0 0
1516082035.12 0 0 0 0
1516082035.22 0 0 0 0
1516082035.32 0 0 0 0
1516082035.42 0 0 0 0
1516082035.52 0 0 0 0
1516082035.62 0 0 0 0
1516082035.72 0 0 0 0
1516082035.82 0 0 0 0
1516082035.92 0 0 0 0
1516082036.02 0 0 0 0
1516082036.12 0 0 0 0
1516082036.22 0 0 0 0
1516082036.32 0 0 0 0
1516082036.42 0 0 0 0
1516082036.53 0 0 0 0
1516082036.63 0 0 0 0
1516082036.73 0 0 0 0
1516082036.83 0 0 0 0
1516082036.93 0 0 0 0
1516082037.03 0 0 0 0
1516082037.13 0 0 0 0
1516082037.23 0 0 0 0
1516082037.33 0 0 0 0
1516082037.43 0 0 0 0
1516082037.53 0 0 0 0
1516082037.63 0 0 0 0
1516082037.73 0 0 0 0
1516082037.83 0 0 0 0
1516082037.93 0 0 0 0
1516082038.03 0 0 0 0
1516082038.13 0 0 0 0
1516082038.23 0 0 0 0
1516082038.33 0 0 0 0
1516082038.43 0 0 0 0
1516082038.53 0 0 0 0
1516082038.63 0 0 0 0
1516082038.73 0 0 0 0
1516082038.83 0 0 0 0
1516082038.93 0 0 0 0
1516082039.03 0 0 0 0
1516082039.13 0 0 0 0
1516082039.23 0 0 0 0
1516082039.33 0 0 0 0
1516082039.43 0 0 0 0
1516082039.53 0 0 0 0
1516082039.63 0 0 0 0
1516082039.73 0 0 0 0
1516082039.83 0 0 0 0
1516082039.93 0 0 0 0
1516082040.03 0 0 0 0
1516082040.13 0 0 0 0
1516082040.23 0 0 0 0
1516082040.33 0 0 0 0
1516082040.43 0 0 0 0
1516082040.53 0 0 0 0
1516082040.63 0 0 0 0
1516082040.73 0 0 0 0
1516082040.83 0 0 0 0
1516082040.93 0 0 0 0
1516082041.04 0 0 0 0
1516082041.14 0 0 0 0
1516082041.24 0 0 0 0
1516082041.34 0 0 0 0
1516082041.44 0 0 0 0
1516082041.54 0 0 0 0
1516082041.64 0 0 0 0
1516082041.74 0 0 0 0
1516082041.84 0 0 0 0
1516082041.94 0 0 0 0
1516082042.04 0 0 0 0
1516082042.14 0 0 0 0
1516082042.24 0 0 0 0
1516082042.34 0 0 0 0
1516082042.44 0 0 0 0
1516082042.54 0 0 0 0
1516082042.64 0 0 0 0
1516082042.74 0 0 0 0
1516082042.84 0 0 0 0
1516082042.94 0 0 0 0
1516082043.04 0 0 0 0
1516082043.14 0 0 0 0
1516082043.24 0 0 0 0
1516082043.34 0 0 0 0
1516082043.44 0 0 0 0
1516082043.54 0 0 0 0
1516082043.64 0 0 0 0
1516082043.74 0 0 0 0
1516082043.85 0 0 0 0
1516082043.94 0 0 0 0
1516082044.05 0 0 0 0
1516082044.14 0 0 0 0
1516082044.25 0 0 0 0
1516082044.35 0 0 0 0
1516082044.45 0 0 0 0
1516082044.55 0 0 0 0
1516082044.65 0 0 0 0
1516082044.75 0 0 0 0
1516082044.85 0 0 0 0
1516082044.95 0 0 0 0
1516082045.05 0 0 0 0
1516082045.15 0 0 0 0
1516082045.25 0 0 0 0
1516082045.35 0 0 0 0
1516082045.45 0 0 0 0
1516082045.55 0 0 0 0
1516082045.65 0 0 0 0
1516082045.75 0 0 0 0
1516082045.85 0 0 0 0
1516082045.95 0 0 0 0
1516082046.05 0 0 0 0
1516082046.15 0 0 0 0
1516082046.25 0 0 0 0
1516082046.35 0 0 0 0
1516082046.45 0 0 0 0
1516082046.55 0 0 0 0
1516082046.65 0 0 0 0
1516082046.75 0 0 0 0
1516082046.85 0 0 0 0
1516082046.95 0 0 0 0
1516082047.05 0 0 0 0
1516082047.15 0 0 0 0
1516082047.25 0 0 0 0
1516082047.35 0 0 0 0
1516082047.45 0 0 0 0
1516082047.55 0 0 0 0
1516082047.65 0 0 0 0
1516082047.75 0 0 0 0
1516082047.85 0 0 0 0
1516082047.95 0 0 0 0
1516082048.05 0 0 0 0
1516082048.15 0 0 0 0
1516082048.25 0 0 0 0
1516082048.35 0 0 0 0
1516082048.45 0 0 0 0
1516082048.55 0 0 0 0
1516082048.65 0 0 0 0
1516082048.75 0 0 0 0
1516082048.86 0 0 0 0
1516082048.96 0 0 0 0
1516082049.06 0 0 0 0
1516082049.16 0 0 0 0
1516082049.26 0 0 0 0
1516082049.36 0 0 0 0
1516082049.46 0 0 0 0
1516082049.56 0 0 0 0
1516082049.66 0 0 0 0
1516082049.76 0 0 0 0
1516082049.86 0 0 0 0
1516082049.96 0 0 0 0
1516082050.06 0 0 0 0
1516082050.16 0 0 0 0
1516082050.26 0 0 0 0
1516082050.36 0 0 0 0
1516082050.46 0 0 0 0
1516082050.56 0 0 0 0
1516082050.66 0 0 0 0
1516082050.76 0 0 0 0
1516082050.86 0 0 0 0
1516082050.96 0 0 0 0
1516082051.06 0 0 0 0
1516082051.16 0 0 0 0
1516082051.26 0 0 0 0
1516082051.36 0 0 0 0
1516082051.46 0 0 0 0
1516082051.56 0 0 0 0
1516082051.66 0 0 0 0
1516082051.76 0 0 0 0
1516082051.86 0 0 0 0
1516082051.96 0 0 0 0
1516082052.06 0 0 0 0
1516082052.16 0 0 0 0
1516082052.26 0 0 0 0
1516082052.36 0 0 0 0
1516082052.46 0 0 0 0
1516082052.56 0 0 0 0
1516082052.67 0 0 0 0
1516082052.76 0 0 0 0
1516082052.87 0 0 0 0
1516082052.97 0 0 0 0
1516082053.07 0 0 0 0
1516082053.16 0 0 0 0
1516082053.27 0 0 0 0
1516082053.37 0 0 0 0
1516082053.47 0 0 0 0
1516082053.57 0 0 0 0
1516082053.67 0 0 0 0
1516082053.77 0 0 0 0
1516082053.87 0 0 0 0
1516082053.97 0 0 0 0
1516082054.07 0 0 0 0
1516082054.17 0 0 0 0
1516082054.27 0 0 0 0
1516082054.37 0 0 0 0
1516082054.47 0 0 0 0
1516082054.57 0 0 0 0
1516082054.67 0 0 0 0
1516082054.77 0 0 0 0
1516082054.87 0 0 0 0
1516082054.97 0 0 0 0
1516082055.07 0 0 0 0
1516082055.17 0 0 0 0
1516082055.27 0 0 0 0
1516082055.37 0 0 0 0
1516082055.47 0 0 0 0
1516082055.57 0 0 0 0
1516082055.67 0 0 0 0
1516082055.77 0 0 0 0
1516082055.87 0 0 0 0
1516082055.97 0 0 0 0
1516082056.07 0 0 0 0
1516082056.17 0 0 0 0
1516082056.27 0 0 0 0
1516082056.37 0 0 0 0
1516082056.47 0 0 0 0
1516082056.57 0 0 0 0
1516082056.67 0 0 0 0
1516082056.77 0 0 0 0
1516082056.87 0 0 0 0
1516082056.97 0 0 0 0
1516082057.07 0 0 0 0
1516082057.17 0 0 0 0
1516082057.28 0 0 0 0
1516082057.37 0 0 0 0
1516082057.48 0 0 0 0
1516082057.58 0 0 0 0
1516082057.68 0 0 0 0
1516082057.78 0 0 0 0
1516082057.88 0 0 0 0
1516082057.98 0 0 0 0
1516082058.08 0 0 0 0
1516082058.18 0 0 0 0
1516082058.28 0 0 0 0
1516082058.38 0 0 0 0
1516082058.48 0 0 0 0
1516082058.58 0 0 0 0
1516082058.68 0 0 0 0
1516082058.78 0 0 0 0
1516082058.88 0 0 0 0
1516082058.98 0 0 0 0
1516082059.08 0 0 0 0
1516082059.18 0 0 0 0
1516082059.28 0 0 0 0
1516082059.38 0 0 0 0
1516082059.48 0 0 0 0
1516082059.58 0 0 0 0
1516082059.68 0 0 0 0
1516082059.78 0 0 0 0
1516082059.88 0 0 0 0
1516082059.98 0 0 0 0
1516082060.08 0 0 0 0
1516082060.18 0 0 0 0
1516082060.28 0 0 0 0
1516082060.38 0 0 0 0
1516082060.48 0 0 0 0
1516082060.58 0 0 0 0
1516082060.68 0 0 0 0
1516082060.78 0 0 0 0
1516082060.88 0 0 0 0
1516082060.98 0 0 0 0
1516082061.08 0 0 0 0
1516082061.18 0 0 0 0
1516082061.28 0 0 0 0
1516082061.38 0 0 0 0
1516082061.48 0 0 0 0
1516082061.58 0 0 0 0
1516082061.68 0 0 0 0
1516082061.78 0 0 0 0
1516082061.89 0 0 0 0
1516082061.99 0 0 0 0
1516082062.09 0 0 0 0
1516082062.19 0 0 0 0
1516082062.29 0 0 0 0
1516082062.39 0 0 0 0
1516082062.49 0 0 0 0
1516082062.59 0 0 0 0
1516082062.69 0 0 0 0
1516082062.79 0 0 0 0
1516082062.89 0 0 0 0
1516082062.99 0 0 0 0
1516082063.09 0 0 0 0
1516082063.19 0 0 0 0
1516082063.29 0 0 0 0
1516082063.39 0 0 0 0
1516082063.49 0 0 0 0
1516082063.59 0 0 0 0
1516082063.69 0 0 0 0
1516082063.79 0 0 0 0
1516082063.89 0 0 0 0
1516082063.99 0 0 0 0
1516082064.09 0 0 0 0
1516082064.19 0 0 0 0
1516082064.29 0 0 0 0
1516082064.39 0 0 0 0
1516082064.49 0 0 0 0
1516082064.59 0 0 0 0
1516082064.69 0 0 0 0
1516082064.79 0 0 0 0
1516082064.89 0 0 0 0
1516082064.99 0 0 0 0
1516082065.09 0 0 0 0
1516082065.19 0 0 0 0
1516082065.29 0 0 0 0
1516082065.39 0 0 0 0
1516082065.49 0 0 0 0
1516082065.59 0 0 0 0
1516082065.69 0 0 0 0
1516082065.79 0 0 0 0
1516082065.89 0 0 0 0
1516082065.99 0 0 0 0
1516082066.09 0 0 0 0
1516082066.19 0 0 0 0
1516082066.3 0 0 0 0
1516082066.4 0 0 0 0
1516082066.5 0 0 0 0
1516082066.6 0 0 0 0
1516082066.7 0 0 0 0
1516082066.8 0 0 0 0
1516082066.9 0 0 0 0
1516082067.0 0 0 0 0
1516082067.1 0 0 0 0
1516082067.2 0 0 0 0
1516082067.3 0 0 0 0
1516082067.4 0 0 0 0
1516082067.5 0 0 0 0
1516082067.6 0 0 0 0
1516082067.7 0 0 0 0
1516082067.8 0 0 0 0
1516082067.9 0 0 0 0
1516082068.0 0 0 0 0
1516082068.1 0 0 0 0
1516082068.2 0 0 0 0
1516082068.3 0 0 0 0
1516082068.4 0 0 0 0
1516082068.5 0 0 0 0
1516082068.6 0 0 0 0
1516082068.7 0 0 0 0
1516082068.8 0 0 0 0
1516082068.9 0 0 0 0
1516082069.0 0 0 0 0
1516082069.1 0 0 0 0
1516082069.2 0 0 0 0
1516082069.3 0 0 0 0
1516082069.4 0 0 0 0
1516082069.5 0 0 0 0
1516082069.6 0 0 0 0
1516082069.7 0 0 0 0
1516082069.8 0 0 0 0
1516082069.9 0 0 0 0
1516082070.0 0 0 0 0
1516082070.1 0 0 0 0
1516082070.21 0 0 0 0
1516082070.31 0 0 0 0
1516082070.4 0 0 0 0
1516082070.5 0 0 0 0
1516082070.61 0 0 0 0
1516082070.71 0 0 0 0
1516082070.81 0 0 0 0
1516082070.91 0 0 0 0
1516082071.01 0 0 0 0
1516082071.11 0 0 0 0
1516082071.21 0 0 0 0
1516082071.32 0 0 0 0
1516082071.42 0 0 0 0
1516082071.52 0 0 0 0
1516082071.62 0 0 0 0
1516082071.72 0 0 0 0
1516082071.82 0 0 0 0
1516082071.92 0 0 0 0
1516082072.02 0 0 0 0
1516082072.12 0 0 0 0
1516082072.22 0 0 0 0
1516082072.32 0 0 0 0
1516082072.42 0 0 0 0
1516082072.52 0 0 0 0
1516082072.62 0 0 0 0
1516082072.72 0 0 0 0
1516082072.82 0 0 0 0
1516082072.92 0 0 0 0
1516082073.02 0 0 0 0
1516082073.12 0 0 0 0
1516082073.22 0 0 0 0
1516082073.32 0 0 0 0
1516082073.42 0 0 0 0
1516082073.52 0 0 0 0
1516082073.62 0 0 0 0
1516082073.72 0 0 0 0
1516082073.82 0 0 0 0
1516082073.92 0 0 0 0
1516082074.02 0 0 0 0
1516082074.12 0 0 0 0
1516082074.22 0 0 0 0
1516082074.32 0 0 0 0
1516082074.42 0 0 0 0
1516082074.52 0 0 0 0
1516082074.63 0 0 0 0
1516082074.72 0 0 0 0
1516082074.82 0 0 0 0
1516082074.92 0 0 0 0
1516082075.03 0 0 0 0
1516082075.12 0 0 0 0
1516082075.23 0 0 0 0
1516082075.32 0 0 0 0
1516082075.43 0 0 0 0
1516082075.52 0 0 0 0
1516082075.63 0 0 0 0
1516082075.72 0 0 0 0
1516082075.83 0 0 0 0
1516082075.93 0 0 0 0
1516082076.03 0 0 0 0
1516082076.13 0 0 0 0
1516082076.23 0 0 0 0
1516082076.34 0 0 0 0
1516082076.44 0 0 0 0
1516082076.53 0 0 0 0
1516082076.63 0 0 0 0
1516082076.73 0 0 0 0
1516082076.83 0 0 0 0
1516082076.93 0 0 0 0
1516082077.03 0 0 0 0
1516082077.13 0 0 0 0
1516082077.24 0 0 0 0
1516082077.34 0 0 0 0
1516082077.43 0 0 0 0
1516082077.53 0 0 0 0
1516082077.63 0 0 0 0
1516082077.73 0 0 0 0
1516082077.83 0 0 0 0
1516082077.94 0 0 0 0
1516082078.04 0 0 0 0
1516082078.14 0 0 0 0
1516082078.24 0 0 0 0
1516082078.34 0 0 0 0
1516082078.44 0 0 0 0
1516082078.54 0 0 0 0
1516082078.64 0 0 0 0
1516082078.74 0 0 0 0
1516082078.84 0 0 0 0
1516082078.94 0 0 0 0
1516082079.04 0 0 0 0
1516082079.14 0 0 0 0
1516082079.24 0 0 0 0
1516082079.34 0 0 0 0
1516082079.44 0 0 0 0
1516082079.54 0 0 0 0
1516082079.64 0 0 0 0
1516082079.74 0 0 0 0
1516082079.84 0 0 0 0
1516082079.94 0 0 0 0
1516082080.04 0 0 0 0
1516082080.14 0 0 0 0
1516082080.24 0 0 0 0
1516082080.34 0 0 0 0
1516082080.44 0 0 0 0
1516082080.54 0 0 0 0
1516082080.64 0 0 0 0
1516082080.74 0 0 0 0
1516082080.84 0 0 0 0
1516082080.94 0 0 0 0
1516082081.05 0 0 0 0
1516082081.15 0 0 0 0
1516082081.25 0 0 0 0
1516082081.35 0 0 0 0
1516082081.45 0 0 0 0
1516082081.55 0 0 0 0
1516082081.65 0 0 0 0
1516082081.75 0 0 0 0
1516082081.85 0 0 0 0
1516082081.95 0 0 0 0
1516082082.05 0 0 0 0
1516082082.15 0 0 0 0
1516082082.25 0 0 0 0
1516082082.35 0 0 0 0
1516082082.45 0 0 0 0
1516082082.55 0 0 0 0
1516082082.65 0 0 0 0
1516082082.75 0 0 0 0
1516082082.85 0 0 0 0
1516082082.95 0 0 0 0
1516082083.05 0 0 0 0
1516082083.15 0 0 0 0
1516082083.25 0 0 0 0
1516082083.35 0 0 0 0
1516082083.45 0 0 0 0
1516082083.55 0 0 0 0
1516082083.65 0 0 0 0
1516082083.75 0 0 0 0
1516082083.85 0 0 0 0
1516082083.95 0 0 0 0
1516082084.05 0 0 0 0
1516082084.15 0 0 0 0
1516082084.25 0 0 0 0
1516082084.35 0 0 0 0
1516082084.45 0 0 0 0
1516082084.55 0 0 0 0
1516082084.65 0 0 0 0
1516082084.75 0 0 0 0
1516082084.85 0 0 0 0
1516082084.95 0 0 0 0
1516082085.05 0 0 0 0
1516082085.15 0 0 0 0
1516082085.26 0 0 0 0
1516082085.35 0 0 0 0
1516082085.45 0 0 0 0
1516082085.56 0 0 0 0
1516082085.65 0 0 0 0
1516082085.75 0 0 0 0
1516082085.85 0 0 0 0
1516082085.95 0 0 0 0
1516082086.06 0 0 0 0
1516082086.16 0 0 0 0
1516082086.25 0 0 0 0
1516082086.36 0 0 0 0
1516082086.46 0 0 0 0
1516082086.56 0 0 0 0
1516082086.66 0 0 0 0
1516082086.76 0 0 0 0
1516082086.86 0 0 0 0
1516082086.96 0 0 0 0
1516082087.06 0 0 0 0
1516082087.16 0 0 0 0
1516082087.26 0 0 0 0
1516082087.36 0 0 0 0
1516082087.46 0 0 0 0
1516082087.56 0 0 0 0
1516082087.66 0 0 0 0
1516082087.76 0 0 0 0
1516082087.86 0 0 0 0
1516082087.96 0 0 0 0
1516082088.06 0 0 0 0
1516082088.16 0 0 0 0
1516082088.26 0 0 0 0
1516082088.36 0 0 0 0
1516082088.46 0 0 0 0
1516082088.56 0 0 0 0
1516082088.66 0 0 0 0
1516082088.76 0 0 0 0
1516082088.86 0 0 0 0
1516082088.96 0 0 0 0
1516082089.06 0 0 0 0
1516082089.16 0 0 0 0
1516082089.26 0 0 0 0
1516082089.36 0 0 0 0
1516082089.46 0 0 0 0
1516082089.56 0 0 0 0
1516082089.66 0 0 0 0
1516082089.76 0 0 0 0
1516082089.86 0 0 0 0
1516082089.97 0 0 0 0
1516082090.07 0 0 0 0
1516082090.17 0 0 0 0
1516082090.27 0 0 0 0
1516082090.36 0 0 0 0
1516082090.47 0 0 0 0
1516082090.56 0 0 0 0
1516082090.67 0 0 0 0
1516082090.77 0 0 0 0
1516082090.87 0 0 0 0
1516082090.97 0 0 0 0
1516082091.07 0 0 0 0
1516082091.17 0 0 0 0
1516082091.27 0 0 0 0
1516082091.37 0 0 0 0
1516082091.47 0 0 0 0
1516082091.57 0 0 0 0
1516082091.67 0 0 0 0
1516082091.77 0 0 0 0
1516082091.87 0 0 0 0
1516082091.97 0 0 0 0
1516082092.07 0 0 0 0
1516082092.17 0 0 0 0
1516082092.27 0 0 0 0
1516082092.37 0 0 0 0
1516082092.47 0 0 0 0
1516082092.57 0 0 0 0
1516082092.68 0 0 0 0
1516082092.78 0 0 0 0
1516082092.88 0 0 0 0
1516082092.98 0 0 0 0
1516082093.08 0 0 0 0
1516082093.18 0 0 0 0
1516082093.28 0 0 0 0
1516082093.38 0 0 0 0
1516082093.48 0 0 0 0
1516082093.58 0 0 0 0
1516082093.68 0 0 0 0
1516082093.78 0 0 0 0
1516082093.88 0 0 0 0
1516082093.98 0 0 0 0
1516082094.08 0 0 0 0
1516082094.18 0 0 0 0
1516082094.28 0 0 0 0
1516082094.38 0 0 0 0
1516082094.48 0 0 0 0
1516082094.58 0 0 0 0
1516082094.68 0 0 0 0
1516082094.78 0 0 0 0
1516082094.88 0 0 0 0
1516082094.98 0 0 0 0
1516082095.08 0 0 0 0
1516082095.18 0 0 0 0
1516082095.28 0 0 0 0
1516082095.38 0 0 0 0
1516082095.48 0 0 0 0
1516082095.58 0 0 0 0
1516082095.68 0 0 0 0
1516082095.79 0 0 0 0
1516082095.88 0 0 0 0
1516082095.98 0 0 0 0
1516082096.08 0 0 0 0
1516082096.18 0 0 0 0
1516082096.28 0 0 0 0
1516082096.39 0 0 0 0
1516082096.49 0 0 0 0
1516082096.59 0 0 0 0
1516082096.69 0 0 0 0
1516082096.79 0 0 0 0
1516082096.89 0 0 0 0
1516082096.99 0 0 0 0
1516082097.09 0 0 0 0
1516082097.19 0 0 0 0
1516082097.29 0 0 0 0
1516082097.39 0 0 0 0
1516082097.49 0 0 0 0
1516082097.59 0 0 0 0
1516082097.69 0 0 0 0
1516082097.79 0 0 0 0
1516082097.89 0 0 0 0
1516082097.99 0 0 0 0
1516082098.09 0 0 0 0
1516082098.19 0 0 0 0
1516082098.29 0 0 0 0
1516082098.39 0 0 0 0
1516082098.49 0 0 0 0
1516082098.59 0 0 0 0
1516082098.69 0 0 0 0
1516082098.79 0 0 0 0
1516082098.89 0 0 0 0
1516082098.99 0 0 0 0
1516082099.09 0 0 0 0
1516082099.19 0 0 0 0
1516082099.29 0 0 0 0
1516082099.39 0 0 0 0
1516082099.49 0 0 0 0
1516082099.59 0 0 0 0
1516082099.69 0 0 0 0
1516082099.79 0 0 0 0
1516082099.89 0 0 0 0
1516082099.99 0 0 0 0
1516082100.09 0 0 0 0
1516082100.19 0 0 0 0
1516082100.29 0 0 0 0
1516082100.39 0 0 0 0
1516082100.49 0 0 0 0
1516082100.59 0 0 0 0
1516082100.69 0 0 0 0
1516082100.79 0 0 0 0
1516082100.89 0 0 0 0
1516082100.99 0 0 0 0
1516082101.09 0 0 0 0
1516082101.19 0 0 0 0
1516082101.29 0 0 0 0
1516082101.39 0 0 0 0
1516082101.49 0 0 0 0
1516082101.59 0 0 0 0
1516082101.69 0 0 0 0
1516082101.79 0 0 0 0
1516082101.89 0 0 0 0
1516082101.99 0 0 0 0
1516082102.09 0 0 0 0
1516082102.2 0 0 0 0
1516082102.29 0 0 0 0
1516082102.39 0 0 0 0
1516082102.5 0 0 0 0
1516082102.6 0 0 0 0
1516082102.7 0 0 0 0
1516082102.82 0 0 0 0
1516082102.91 0 0 0 0
1516082103.0 0 0 0 0
1516082103.1 0 0 0 0
1516082103.2 0 0 0 0
1516082103.3 0 0 0 0
1516082103.4 0 0 0 0
1516082103.5 0 0 0 0
1516082103.6 0 0 0 0
1516082103.7 0 0 0 0
1516082103.8 0 0 0 0
1516082103.9 0 0 0 0
1516082104.0 0 0 0 0
1516082104.1 0 0 0 0
1516082104.2 0 0 0 0
1516082104.3 0 0 0 0
1516082104.4 0 0 0 0
1516082104.5 0 0 0 0
1516082104.6 0 0 0 0
1516082104.7 0 0 0 0
1516082104.81 0 0 0 0
1516082104.9 0 0 0 0
1516082105.01 0 0 0 0
1516082105.11 0 0 0 0
1516082105.21 0 0 0 0
1516082105.31 0 0 0 0
1516082105.41 0 0 0 0
1516082105.51 0 0 0 0
1516082105.61 0 0 0 0
1516082105.71 0 0 0 0
1516082105.81 0 0 0 0
1516082105.92 0 0 0 0
1516082106.03 0 0 0 0
1516082106.13 0 0 0 0
1516082106.22 0 0 0 0
1516082106.33 0 0 0 0
1516082106.43 0 0 0 0
1516082106.53 0 0 0 0
1516082106.63 0 0 0 0
1516082106.73 0 0 0 0
1516082106.83 0 0 0 0
1516082106.93 0 0 0 0
1516082107.03 0 0 0 0
1516082107.13 0 0 0 0
1516082107.23 0 0 0 0
1516082107.33 0 0 0 0
1516082107.43 0 0 0 0
1516082107.53 0 0 0 0
1516082107.63 0 0 0 0
1516082107.73 0 0 0 0
1516082107.83 0 0 0 0
1516082107.93 0 0 0 0
1516082108.03 0 0 0 0
1516082108.13 0 0 0 0
1516082108.23 0 0 0 0
1516082108.33 0 0 0 0
1516082108.44 0 0 0 0
1516082108.53 0 0 0 0
1516082108.64 0 0 0 0
1516082108.73 0 0 0 0
1516082108.83 0 0 0 0
1516082108.93 0 0 0 0
1516082109.04 0 0 0 0
1516082109.13 0 0 0 0
1516082109.24 0 0 0 0
1516082109.34 0 0 0 0
1516082109.44 0 0 0 0
1516082109.54 0 0 0 0
1516082109.64 0 0 0 0
1516082109.74 0 0 0 0
1516082109.84 0 0 0 0
1516082109.94 0 0 0 0
1516082110.04 0 0 0 0
1516082110.14 0 0 0 0
1516082110.24 0 0 0 0
1516082110.34 0 0 0 0
1516082110.43 0 0 0 0
1516082110.53 0 0 0 0
1516082110.63 0 0 0 0
1516082110.73 0 0 0 0
1516082110.84 0 0 0 0
1516082110.94 0 0 0 0
1516082111.04 0 0 0 0
1516082111.14 0 0 0 0
1516082111.24 0 0 0 0
1516082111.34 0 0 0 0
1516082111.44 0 0 0 0
1516082111.54 0 0 0 0
1516082111.64 0 0 0 0
1516082111.74 0 0 0 0
1516082111.84 0 0 0 0
1516082111.94 0 0 0 0
1516082112.05 0 0 0 0
1516082112.15 0 0 0 0
1516082112.25 0 0 0 0
1516082112.34 0 0 0 0
1516082112.44 0 0 0 0
1516082112.54 0 0 0 0
1516082112.64 0 0 0 0
1516082112.74 0 0 0 0
1516082112.85 0 0 0 0
1516082112.94 0 0 0 0
1516082113.04 0 0 0 0
1516082113.15 0 0 0 0
1516082113.24 0 0 0 0
1516082113.34 0 0 0 0
1516082113.44 0 0 0 0
1516082113.54 0 0 0 0
1516082113.64 0 0 0 0
1516082113.74 0 0 0 0
1516082113.84 0 0 0 0
1516082113.94 0 0 0 0
1516082114.04 0 0 0 0
1516082114.15 0 0 0 0
1516082114.25 0 0 0 0
1516082114.35 0 0 0 0
1516082114.44 0 0 0 0
1516082114.54 0 0 0 0
1516082114.65 0 0 0 0
1516082114.74 0 0 0 0
1516082114.85 0 0 0 0
1516082114.94 0 0 0 0
1516082115.04 0 0 0 0
1516082115.14 0 0 0 0
1516082115.24 0 0 0 0
1516082115.34 0 0 0 0
1516082115.45 0 0 0 0
1516082115.54 0 0 0 0
1516082115.64 0 0 0 0
1516082115.74 0 0 0 0
1516082115.84 0 0 0 0
1516082115.95 0 0 0 0
1516082116.05 0 0 0 0
1516082116.15 0 0 0 0
1516082116.25 0 0 0 0
1516082116.35 0 0 0 0
1516082116.45 0 0 0 0
1516082116.55 0 0 0 0
1516082116.65 0 0 0 0
1516082116.75 0 0 0 0
1516082116.85 0 0 0 0
1516082116.95 0 0 0 0
1516082117.05 0 0 0 0
1516082117.15 0 0 0 0
1516082117.25 0 0 0 0
1516082117.35 0 0 0 0
1516082117.45 0 0 0 0
1516082117.55 0 0 0 0
1516082117.65 0 0 0 0
1516082117.75 0 0 0 0
1516082117.85 0 0 0 0
1516082117.95 0 0 0 0
1516082118.05 0 0 0 0
1516082118.15 0 0 0 0
1516082118.25 0 0 0 0
1516082118.35 0 0 0 0
1516082118.45 0 0 0 0
1516082118.55 0 0 0 0
1516082118.65 0 0 0 0
1516082118.75 0 0 0 0
1516082118.85 0 0 0 0
1516082118.95 0 0 0 0
1516082119.05 0 0 0 0
1516082119.15 0 0 0 0
1516082119.25 0 0 0 0
1516082119.35 0 0 0 0
1516082119.45 0 0 0 0
1516082119.55 0 0 0 0
1516082119.65 0 0 0 0
1516082119.75 0 0 0 0
1516082119.85 0 0 0 0
1516082119.95 0 0 0 0
1516082120.05 0 0 0 0
1516082120.15 0 0 0 0
1516082120.25 0 0 0 0
1516082120.36 0 0 0 0
1516082120.46 0 0 0 0
1516082120.56 0 0 0 0
1516082120.66 0 0 0 0
1516082120.76 0 0 0 0
1516082120.86 0 0 0 0
1516082120.96 0 0 0 0
1516082121.06 0 0 0 0
1516082121.16 0 0 0 0
1516082121.26 0 0 0 0
1516082121.36 0 0 0 0
1516082121.46 0 0 0 0
1516082121.56 0 0 0 0
1516082121.66 0 0 0 0
1516082121.76 0 0 0 0
1516082121.86 0 0 0 0
1516082121.96 0 0 0 0
1516082122.06 0 0 0 0
1516082122.16 0 0 0 0
1516082122.26 0 0 0 0
1516082122.36 0 0 0 0
1516082122.46 0 0 0 0
1516082122.56 0 0 0 0
1516082122.66 0 0 0 0
1516082122.76 0 0 0 0
1516082122.86 0 0 0 0
1516082122.96 0 0 0 0
1516082123.06 0 0 0 0
1516082123.16 0 0 0 0
1516082123.26 0 0 0 0
1516082123.36 0 0 0 0
1516082123.46 0 0 0 0
1516082123.56 0 0 0 0
1516082123.66 0 0 0 0
1516082123.76 0 0 0 0
1516082123.86 0 0 0 0
1516082123.96 0 0 0 0
1516082124.06 0 0 0 0
1516082124.16 0 0 0 0
1516082124.26 0 0 0 0
1516082124.36 0 0 0 0
1516082124.46 0 0 0 0
1516082124.56 0 0 0 0
1516082124.67 0 0 0 0
1516082124.77 0 0 0 0
1516082124.87 0 0 0 0
1516082124.96 0 0 0 0
1516082125.07 0 0 0 0
1516082125.17 0 0 0 0
1516082125.27 0 0 0 0
1516082125.37 0 0 0 0
1516082125.47 0 0 0 0
1516082125.57 0 0 0 0
1516082125.67 0 0 0 0
1516082125.77 0 0 0 0
1516082125.87 0 0 0 0
1516082125.97 0 0 0 0
1516082126.07 0 0 0 0
1516082126.17 0 0 0 0
1516082126.27 0 0 0 0
1516082126.37 0 0 0 0
1516082126.47 0 0 0 0
1516082126.57 0 0 0 0
1516082126.67 0 0 0 0
1516082126.77 0 0 0 0
1516082126.87 0 0 0 0
1516082126.97 0 0 0 0
1516082127.07 0 0 0 0
1516082127.17 0 0 0 0
1516082127.27 0 0 0 0
1516082127.37 0 0 0 0
1516082127.47 0 0 0 0
1516082127.57 0 0 0 0
1516082127.67 0 0 0 0
1516082127.77 0 0 0 0
1516082127.87 0 0 0 0
1516082127.97 0 0 0 0
1516082128.07 0 0 0 0
1516082128.17 0 0 0 0
1516082128.27 0 0 0 0
1516082128.37 0 0 0 0
1516082128.47 0 0 0 0
1516082128.57 0 0 0 0
1516082128.67 0 0 0 0
1516082128.77 0 0 0 0
1516082128.88 0 0 0 0
1516082128.98 0 0 0 0
1516082129.07 0 0 0 0
1516082129.18 0 0 0 0
1516082129.27 0 0 0 0
1516082129.37 0 0 0 0
1516082129.47 0 0 0 0
1516082129.58 0 0 0 0
1516082129.68 0 0 0 0
1516082129.77 0 0 0 0
1516082129.87 0 0 0 0
1516082129.97 0 0 0 0
1516082130.08 0 0 0 0
1516082130.17 0 0 0 0
1516082130.27 0 0 0 0
1516082130.37 0 0 0 0
1516082130.47 0 0 0 0
1516082130.57 0 0 0 0
1516082130.68 0 0 0 0
1516082130.78 0 0 0 0
1516082130.88 0 0 0 0
1516082130.98 0 0 0 0
1516082131.08 0 0 0 0
1516082131.18 0 0 0 0
1516082131.28 0 0 0 0
1516082131.38 0 0 0 0
1516082131.48 0 0 0 0
1516082131.58 0 0 0 0
1516082131.68 0 0 0 0
1516082131.78 0 0 0 0
1516082131.88 0 0 0 0
1516082131.98 0 0 0 0
1516082132.08 0 0 0 0
1516082132.18 0 0 0 0
1516082132.28 0 0 0 0
1516082132.38 0 0 0 0
1516082132.48 0 0 0 0
1516082132.58 0 0 0 0
1516082132.68 0 0 0 0
1516082132.78 0 0 0 0
1516082132.88 0 0 0 0
1516082132.98 0 0 0 0
1516082133.08 0 0 0 0
1516082133.18 0 0 0 0
1516082133.28 0 0 0 0
1516082133.38 0 0 0 0
1516082133.48 0 0 0 0
1516082133.58 0 0 0 0
1516082133.68 0 0 0 0
1516082133.78 0 0 0 0
1516082133.88 0 0 0 0
1516082133.98 0 0 0 0
1516082134.08 0 0 0 0
1516082134.18 0 0 0 0
1516082134.28 0 0 0 0
1516082134.38 0 0 0 0
1516082134.48 0 0 0 0
1516082134.58 0 0 0 0
1516082134.68 0 0 0 0
1516082134.78 0 0 0 0
1516082134.88 0 0 0 0
1516082134.98 0 0 0 0
1516082135.08 0 0 0 0
1516082135.18 0 0 0 0
1516082135.28 0 0 0 0
1516082135.38 0 0 0 0
1516082135.48 0 0 0 0
1516082135.58 0 0 0 0
1516082135.68 0 0 0 0
1516082135.78 0 0 0 0
1516082135.89 0 0 0 0
1516082135.98 0 0 0 0
1516082136.08 0 0 0 0
1516082136.18 0 0 0 0
1516082136.28 0 0 0 0
1516082136.39 0 0 0 0
1516082136.49 0 0 0 0
1516082136.58 0 0 0 0
1516082136.69 0 0 0 0
1516082136.79 0 0 0 0
1516082136.89 0 0 0 0
1516082136.99 0 0 0 0
1516082137.09 0 0 0 0
1516082137.19 0 0 0 0
1516082137.29 0 0 0 0
1516082137.39 0 0 0 0
1516082137.49 0 0 0 0
1516082137.59 0 0 0 0
1516082137.69 0 0 0 0
1516082137.79 0 0 0 0
1516082137.89 0 0 0 0
1516082137.99 0 0 0 0
1516082138.09 0 0 0 0
1516082138.19 0 0 0 0
1516082138.29 0 0 0 0
1516082138.39 0 0 0 0
1516082138.49 0 0 0 0
1516082138.59 0 0 0 0
1516082138.69 0 0 0 0
1516082138.79 0 0 0 0
1516082138.89 0 0 0 0
1516082138.99 0 0 0 0
1516082139.09 0 0 0 0
1516082139.19 0 0 0 0
1516082139.29 0 0 0 0
1516082139.39 0 0 0 0
1516082139.49 0 0 0 0
1516082139.59 0 0 0 0
1516082139.69 0 0 0 0
1516082139.79 0 0 0 0
1516082139.89 0 0 0 0
1516082139.99 0 0 0 0
1516082140.09 0 0 0 0
1516082140.19 0 0 0 0
1516082140.29 0 0 0 0
1516082140.39 0 0 0 0
1516082140.49 0 0 0 0
1516082140.6 0 0 0 0
1516082140.69 0 0 0 0
1516082140.8 0 0 0 0
1516082140.9 0 0 0 0
1516082140.99 0 0 0 0
1516082141.1 0 0 0 0
1516082141.2 0 0 0 0
1516082141.3 0 0 0 0
1516082141.4 0 0 0 0
1516082141.5 0 0 0 0
1516082141.6 0 0 0 0
1516082141.7 0 0 0 0
1516082141.8 0 0 0 0
1516082141.9 0 0 0 0
1516082142.0 0 0 0 0
1516082142.1 0 0 0 0
1516082142.2 0 0 0 0
1516082142.3 0 0 0 0
1516082142.4 0 0 0 0
1516082142.5 0 0 0 0
1516082142.6 0 0 0 0
1516082142.7 0 0 0 0
1516082142.8 0 0 0 0
1516082142.9 0 0 0 0
1516082143.0 0 0 0 0
1516082143.1 0 0 0 0
1516082143.2 0 0 0 0
1516082143.3 0 0 0 0
1516082143.4 0 0 0 0
1516082143.5 0 0 0 0
1516082143.6 0 0 0 0
1516082143.7 0 0 0 0
1516082143.8 0 0 0 0
1516082143.9 0 0 0 0
1516082144.0 0 0 0 0
1516082144.1 0 0 0 0
1516082144.2 0 0 0 0
1516082144.3 0 0 0 0
1516082144.4 0 0 0 0
1516082144.51 0 0 0 0
1516082144.6 0 0 0 0
1516082144.71 0 0 0 0
1516082144.8 0 0 0 0
1516082144.9 0 0 0 0
1516082145.0 0 0 0 0
1516082145.11 0 0 0 0
1516082145.2 0 0 0 0
1516082145.31 0 0 0 0
1516082145.4 0 0 0 0
1516082145.5 0 0 0 0
1516082145.6 0 0 0 0
1516082145.7 0 0 0 0
1516082145.81 0 0 0 0
1516082145.91 0 0 0 0
1516082146.0 0 0 0 0
1516082146.11 0 0 0 0
1516082146.21 0 0 0 0
1516082146.3 0 0 0 0
1516082146.41 0 0 0 0
1516082146.5 0 0 0 0
1516082146.6 0 0 0 0
1516082146.71 0 0 0 0
1516082146.81 0 0 0 0
1516082146.91 0 0 0 0
1516082147.01 0 0 0 0
1516082147.11 0 0 0 0
1516082147.21 0 0 0 0
1516082147.31 0 0 0 0
1516082147.41 0 0 0 0
1516082147.51 0 0 0 0
1516082147.61 0 0 0 0
1516082147.71 0 0 0 0
1516082147.81 0 0 0 0
1516082147.91 0 0 0 0
1516082148.01 0 0 0 0
1516082148.11 0 0 0 0
1516082148.21 0 0 0 0
1516082148.31 0 0 0 0
1516082148.41 0 0 0 0
1516082148.51 0 0 0 0
1516082148.61 0 0 0 0
1516082148.71 0 0 0 0
1516082148.81 0 0 0 0
1516082148.91 0 0 0 0
1516082149.01 0 0 0 0
1516082149.11 0 0 0 0
1516082149.21 0 0 0 0
1516082149.31 0 0 0 0
1516082149.41 0 0 0 0
1516082149.52 0 0 0 0
1516082149.62 0 0 0 0
1516082149.72 0 0 0 0
1516082149.81 0 0 0 0
1516082149.92 0 0 0 0
1516082150.02 0 0 0 0
1516082150.11 0 0 0 0
1516082150.22 0 0 0 0
1516082150.32 0 0 0 0
1516082150.41 0 0 0 0
1516082150.51 0 0 0 0
1516082150.62 0 0 0 0
1516082150.72 0 0 0 0
1516082150.82 0 0 0 0
1516082150.92 0 0 0 0
1516082151.02 0 0 0 0
1516082151.12 0 0 0 0
1516082151.22 0 0 0 0
1516082151.32 0 0 0 0
1516082151.42 0 0 0 0
1516082151.52 0 0 0 0
1516082151.62 0 0 0 0
1516082151.72 0 0 0 0
1516082151.82 0 0 0 0
1516082151.92 0 0 0 0
1516082152.02 0 0 0 0
1516082152.12 0 0 0 0
1516082152.23 0 0 0 0
1516082152.32 0 0 0 0
1516082152.42 0 0 0 0
1516082152.52 0 0 0 0
1516082152.63 0 0 0 0
1516082152.72 0 0 0 0
1516082152.83 0 0 0 0
1516082152.93 0 0 0 0
1516082153.02 0 0 0 0
1516082153.12 0 0 0 0
1516082153.23 0 0 0 0
1516082153.33 0 0 0 0
1516082153.43 0 0 0 0
1516082153.53 0 0 0 0
1516082153.63 0 0 0 0
1516082153.73 0 0 0 0
1516082153.83 0 0 0 0
1516082153.93 0 0 0 0
1516082154.03 0 0 0 0
1516082154.13 0 0 0 0
1516082154.23 0 0 0 0
1516082154.33 0 0 0 0
1516082154.43 0 0 0 0
1516082154.53 0 0 0 0
1516082154.63 0 0 0 0
1516082154.73 0 0 0 0
1516082154.83 0 0 0 0
1516082154.94 0 0 0 0
1516082155.02 0 0 0 0
1516082155.12 0 0 0 0
1516082155.22 0 0 0 0
1516082155.32 0 0 0 0
1516082155.42 0 0 0 0
1516082155.52 0 0 0 0
1516082155.62 0 0 0 0
1516082155.72 0 0 0 0
1516082155.82 0 0 0 0
1516082155.92 0 0 0 0
1516082156.02 0 0 0 0
1516082156.12 0 0 0 0
1516082156.22 0 0 0 0
1516082156.32 0 0 0 0
1516082156.42 0 0 0 0
1516082156.52 0 0 0 0
1516082156.62 0 0 0 0
1516082156.73 0 0 0 0
1516082156.82 0 0 0 0
1516082156.93 0 0 0 0
1516082157.03 0 0 0 0
1516082157.13 0 0 0 0
1516082157.23 0 0 0 0
1516082157.33 0 0 0 0
1516082157.43 0 0 0 0
1516082157.53 0 0 0 0
1516082157.63 0 0 0 0
1516082157.73 0 0 0 0
1516082157.83 0 0 0 0
1516082157.93 0 0 0 0
1516082158.03 0 0 0 0
1516082158.13 0 0 0 0
1516082158.23 0 0 0 0
1516082158.33 0 0 0 0
1516082158.43 0 0 0 0
1516082158.53 0 0 0 0
1516082158.63 0 0 0 0
1516082158.73 0 0 0 0
1516082158.83 0 0 0 0
1516082158.93 0 0 0 0
1516082159.03 0 0 0 0
1516082159.13 0 0 0 0
1516082159.23 0 0 0 0
1516082159.33 0 0 0 0
1516082159.43 0 0 0 0
1516082159.53 0 0 0 0
1516082159.63 0 0 0 0
1516082159.73 0 0 0 0
1516082159.83 0 0 0 0
1516082159.93 0 0 0 0
1516082160.03 0 0 0 0
1516082160.13 0 0 0 0
1516082160.23 0 0 0 0
1516082160.33 0 0 0 0
1516082160.43 0 0 0 0
1516082160.53 0 0 0 0
1516082160.63 0 0 0 0
1516082160.73 0 0 0 0
1516082160.83 0 0 0 0
1516082160.94 0 0 0 0
1516082161.04 0 0 0 0
1516082161.13 0 0 0 0
1516082161.24 0 0 0 0
1516082161.33 0 0 0 0
1516082161.44 0 0 0 0
1516082161.54 0 0 0 0
1516082161.64 0 0 0 0
1516082161.74 0 0 0 0
1516082161.84 0 0 0 0
1516082161.94 0 0 0 0
1516082162.04 0 0 0 0
1516082162.14 0 0 0 0
1516082162.24 0 0 0 0
1516082162.34 0 0 0 0
1516082162.44 0 0 0 0
1516082162.54 0 0 0 0
1516082162.64 0 0 0 0
1516082162.74 0 0 0 0
1516082162.84 0 0 0 0
1516082162.94 0 0 0 0
1516082163.04 0 0 0 0
1516082163.14 0 0 0 0
1516082163.24 0 0 0 0
1516082163.34 0 0 0 0
1516082163.44 0 0 0 0
1516082163.54 0 0 0 0
1516082163.64 0 0 0 0
1516082163.74 0 0 0 0
1516082163.84 0 0 0 0
1516082163.94 0 0 0 0
1516082164.04 0 0 0 0
1516082164.14 0 0 0 0
1516082164.24 0 0 0 0
1516082164.34 0 0 0 0
1516082164.44 0 0 0 0
1516082164.54 0 0 0 0
1516082164.64 0 0 0 0
1516082164.74 0 0 0 0
1516082164.84 0 0 0 0
1516082164.94 0 0 0 0
1516082165.04 0 0 0 0
1516082165.14 0 0 0 0
1516082165.24 0 0 0 0
1516082165.34 0 0 0 0
1516082165.44 0 0 0 0
1516082165.54 0 0 0 0
1516082165.64 0 0 0 0
1516082165.74 0 0 0 0
1516082165.84 0 0 0 0
1516082165.94 0 0 0 0
1516082166.04 0 0 0 0
1516082166.14 0 0 0 0
1516082166.24 0 0 0 0
1516082166.34 0 0 0 0
1516082166.44 0 0 0 0
1516082166.54 0 0 0 0
1516082166.64 0 0 0 0
1516082166.74 0 0 0 0
1516082166.84 0 0 0 0
1516082166.94 0 0 0 0
1516082167.04 0 0 0 0
1516082167.14 0 0 0 0
1516082167.25 0 0 0 0
1516082167.34 0 0 0 0
1516082167.45 0 0 0 0
1516082167.55 0 0 0 0
1516082167.65 0 0 0 0
1516082167.75 0 0 0 0
1516082167.85 0 0 0 0
1516082167.95 0 0 0 0
1516082168.05 0 0 0 0
1516082168.15 0 0 0 0
1516082168.25 0 0 0 0
1516082168.35 0 0 0 0
1516082168.45 0 0 0 0
1516082168.55 0 0 0 0
1516082168.65 0 0 0 0
1516082168.75 0 0 0 0
1516082168.85 0 0 0 0
1516082168.95 0 0 0 0
1516082169.05 0 0 0 0
1516082169.15 0 0 0 0
1516082169.25 0 0 0 0
1516082169.35 0 0 0 0
1516082169.45 0 0 0 0
1516082169.55 0 0 0 0
1516082169.65 0 0 0 0
1516082169.75 0 0 0 0
1516082169.85 0 0 0 0
1516082169.95 0 0 0 0
1516082170.05 0 0 0 0
1516082170.15 0 0 0 0
1516082170.25 0 0 0 0
1516082170.35 0 0 0 0
1516082170.45 0 0 0 0
1516082170.55 0 0 0 0
1516082170.65 0 0 0 0
1516082170.75 0 0 0 0
1516082170.85 0 0 0 0
1516082170.95 0 0 0 0
1516082171.05 0 0 0 0
1516082171.15 0 0 0 0
1516082171.25 0 0 0 0
1516082171.35 0 0 0 0
1516082171.45 0 0 0 0
1516082171.55 0 0 0 0
1516082171.65 0 0 0 0
1516082171.75 0 0 0 0
1516082171.85 0 0 0 0
1516082171.95 0 0 0 0
1516082172.05 0 0 0 0
1516082172.16 0 0 0 0
1516082172.25 0 0 0 0
1516082172.35 0 0 0 0
1516082172.45 0 0 0 0
1516082172.55 0 0 0 0
1516082172.65 0 0 0 0
1516082172.76 0 0 0 0
1516082172.86 0 0 0 0
1516082172.96 0 0 0 0
1516082173.06 0 0 0 0
1516082173.15 0 0 0 0
1516082173.26 0 0 0 0
1516082173.36 0 0 0 0
1516082173.46 0 0 0 0
1516082173.56 0 0 0 0
1516082173.66 0 0 0 0
1516082173.76 0 0 0 0
1516082173.86 0 0 0 0
1516082173.96 0 0 0 0
1516082174.06 0 0 0 0
1516082174.16 0 0 0 0
1516082174.26 0 0 0 0
1516082174.36 0 0 0 0
1516082174.46 0 0 0 0
1516082174.56 0 0 0 0
1516082174.66 0 0 0 0
1516082174.76 0 0 0 0
1516082174.86 0 0 0 0
1516082174.96 0 0 0 0
1516082175.06 0 0 0 0
1516082175.16 0 0 0 0
1516082175.26 0 0 0 0
1516082175.36 0 0 0 0
1516082175.46 0 0 0 0
1516082175.56 0 0 0 0
1516082175.66 0 0 0 0
1516082175.76 0 0 0 0
1516082175.86 0 0 0 0
1516082175.96 0 0 0 0
1516082176.06 0 0 0 0
1516082176.16 0 0 0 3540
1516082176.26 0 0 0 0
1516082176.36 0 0 0 0
1516082176.46 0 0 0 0
1516082176.56 0 0 0 0
1516082176.66 0 0 0 0
1516082176.76 0 0 0 0
1516082176.86 0 0 0 0
1516082176.96 0 0 0 0
1516082177.06 0 0 0 0
1516082177.16 0 0 0 0
1516082177.26 0 0 0 0
1516082177.36 0 0 0 0
1516082177.46 0 0 0 0
1516082177.56 0 0 0 0
1516082177.66 0 0 0 0
1516082177.76 0 0 0 0
1516082177.86 0 0 0 0
1516082177.96 0 0 0 0
1516082178.06 0 0 0 0
1516082178.16 0 0 0 0
1516082178.26 0 0 0 0
1516082178.36 0 0 0 0
1516082178.46 0 0 0 0
1516082178.56 0 0 0 0
1516082178.66 0 0 0 0
1516082178.76 0 0 0 0
1516082178.86 0 0 0 0
1516082178.96 0 0 0 0
1516082179.06 0 0 0 0
1516082179.16 0 0 0 0
1516082179.26 0 0 0 0
1516082179.36 0 0 0 0
1516082179.46 0 0 0 0
1516082179.56 0 0 0 0
1516082179.66 0 0 0 0
1516082179.76 0 0 0 0
1516082179.86 0 0 0 0
1516082179.97 0 0 0 0
1516082180.07 0 0 0 0
1516082180.17 0 0 0 0
1516082180.26 0 0 0 0
1516082180.37 0 0 0 0
1516082180.47 0 0 0 0
1516082180.57 0 0 0 0
1516082180.67 0 0 0 0
1516082180.77 0 0 0 0
1516082180.87 0 0 0 0
1516082180.97 0 0 0 0
1516082181.07 0 0 0 0
1516082181.17 0 0 0 0
1516082181.27 0 0 0 0
1516082181.37 0 0 0 0
1516082181.47 0 0 0 0
1516082181.57 0 0 0 0
1516082181.67 0 0 0 0
1516082181.77 0 0 0 0
1516082181.87 0 0 0 0
1516082181.97 0 0 0 0
1516082182.07 0 0 0 0
1516082182.17 0 0 0 0
1516082182.27 0 0 0 0
1516082182.37 0 0 0 0
1516082182.47 0 0 0 0
1516082182.57 0 0 0 0
1516082182.67 0 0 0 0
1516082182.77 0 0 0 0
1516082182.87 0 0 0 0
1516082182.97 0 0 0 0
1516082183.07 0 0 0 0
1516082183.17 0 0 0 0
1516082183.27 0 0 0 0
1516082183.37 0 0 0 0
1516082183.47 0 0 0 0
1516082183.57 0 0 0 0
1516082183.67 0 0 0 0
1516082183.77 0 0 0 0
1516082183.87 0 0 0 0
1516082183.97 0 0 0 0
1516082184.07 0 0 0 0
1516082184.17 0 0 0 0
1516082184.27 0 0 0 0
1516082184.37 0 0 0 0
1516082184.48 0 0 0 0
1516082184.58 0 0 0 0
1516082184.68 0 0 0 0
1516082184.78 0 0 0 0
1516082184.87 0 0 0 0
1516082184.97 0 0 0 0
1516082185.08 0 0 0 0
1516082185.18 0 0 0 0
1516082185.28 0 0 0 0
1516082185.38 0 0 0 0
1516082185.48 0 0 0 0
1516082185.58 0 0 0 0
1516082185.68 0 0 0 0
1516082185.78 0 0 0 0
1516082185.88 0 0 0 0
1516082185.98 0 0 0 0
1516082186.08 0 0 0 0
1516082186.18 0 0 0 0
1516082186.28 0 0 0 0
1516082186.38 0 0 0 0
1516082186.48 0 0 0 0
1516082186.58 0 0 0 0
1516082186.68 0 0 0 0
1516082186.78 0 0 0 0
1516082186.88 0 0 0 0
1516082186.98 0 0 0 0
1516082187.08 0 0 0 0
1516082187.18 0 0 0 0
1516082187.28 0 0 0 0
1516082187.38 0 0 0 0
1516082187.48 0 0 0 0
1516082187.58 0 0 0 0
1516082187.68 0 0 0 0
1516082187.78 0 0 0 0
1516082187.88 0 0 0 0
1516082187.98 0 0 0 0
1516082188.08 0 0 0 0
1516082188.18 0 0 0 0
1516082188.28 0 0 0 0
1516082188.39 0 0 0 0
1516082188.48 0 0 0 0
1516082188.58 0 0 0 0
1516082188.68 0 0 0 0
1516082188.78 0 0 0 0
1516082188.88 0 0 0 0
1516082188.98 0 0 0 0
1516082189.08 0 0 0 0
1516082189.18 0 0 0 0
1516082189.28 0 0 0 0
1516082189.39 0 0 0 0
1516082189.48 0 0 0 0
1516082189.58 0 0 0 0
1516082189.68 0 0 0 0
1516082189.78 0 0 0 0
1516082189.89 0 0 0 0
1516082189.98 0 0 0 0
1516082190.08 0 0 0 0
1516082190.19 0 0 0 0
1516082190.29 0 0 0 0
1516082190.39 0 0 0 0
1516082190.49 0 0 0 0
1516082190.59 0 0 0 0
1516082190.69 0 0 0 0
1516082190.79 0 0 0 0
1516082190.89 0 0 0 0
1516082190.99 0 0 0 0
1516082191.09 0 0 0 0
1516082191.19 0 0 0 0
1516082191.29 0 0 0 0
1516082191.39 0 0 0 0
1516082191.5 0 0 0 0
1516082191.59 0 0 0 0
1516082191.69 0 0 0 0
1516082191.79 0 0 0 0
1516082191.89 0 0 0 0
1516082191.99 0 0 0 0
1516082192.09 0 0 0 0
1516082192.19 0 0 0 0
1516082192.29 0 0 0 0
1516082192.39 0 0 0 0
1516082192.49 0 0 0 0
1516082192.59 0 0 0 0
1516082192.69 0 0 0 0
1516082192.79 0 0 0 0
1516082192.89 0 0 0 0
1516082192.99 0 0 0 0
1516082193.09 0 0 0 0
1516082193.19 0 0 0 0
1516082193.29 0 0 0 0
1516082193.39 0 0 0 0
1516082193.49 0 0 0 0
1516082193.59 0 0 0 0
1516082193.7 0 0 0 0
1516082193.79 0 0 0 0
1516082193.89 0 0 0 0
1516082193.99 0 0 0 0
1516082194.09 0 0 0 0
1516082194.21 0 0 0 0
1516082194.29 0 0 0 0
1516082194.39 0 0 0 0
1516082194.49 0 0 0 0
1516082194.59 0 0 0 0
1516082194.69 0 0 0 0
1516082194.79 0 0 0 0
1516082194.89 0 0 0 0
1516082194.99 0 0 0 0
1516082195.09 0 0 0 0
1516082195.19 0 0 0 0
1516082195.29 0 0 0 0
1516082195.39 0 0 0 0
1516082195.49 0 0 0 0
1516082195.59 0 0 0 0
1516082195.69 0 0 0 0
1516082195.79 0 0 0 0
1516082195.89 0 0 0 0
1516082195.99 0 0 0 0
1516082196.1 0 0 0 0
1516082196.2 0 0 0 0
1516082196.29 0 0 0 0
1516082196.4 0 0 0 0
1516082196.5 0 0 0 0
1516082196.59 0 0 0 0
1516082196.7 0 0 0 0
1516082196.8 0 0 0 0
1516082196.9 0 0 0 0
1516082197.0 0 0 0 0
1516082197.1 0 0 0 0
1516082197.2 0 0 0 0
1516082197.3 0 0 0 0
1516082197.4 0 0 0 0
1516082197.5 0 0 0 0
1516082197.6 0 0 0 0
1516082197.7 0 0 0 0
1516082197.8 0 0 0 0
1516082197.9 0 0 0 0
1516082198.0 0 0 0 0
1516082198.1 0 0 0 0
1516082198.2 0 0 0 0
1516082198.3 0 0 0 0
1516082198.4 0 0 0 0
1516082198.5 0 0 0 0
1516082198.6 0 0 0 0
1516082198.7 0 0 0 0
1516082198.81 0 0 0 0
1516082198.9 0 0 0 0
1516082199.0 0 0 0 0
1516082199.1 0 0 0 0
1516082199.2 0 0 0 0
1516082199.32 0 0 0 0
1516082199.45 0 0 0 0
1516082199.54 0 0 0 0
1516082199.64 0 0 0 0
1516082199.74 0 0 0 0
1516082199.84 0 0 0 0
1516082199.96 0 0 0 0
1516082200.09 0 0 0 0
1516082200.19 0 0 0 0
1516082200.3 0 0 0 0
1516082200.42 0 0 0 0
1516082200.52 0 0 0 0
1516082200.62 0 0 0 0
1516082200.72 0 0 0 0
1516082200.83 0 0 0 0
1516082200.93 0 0 0 0
1516082201.03 0 0 0 0
1516082201.14 0 0 0 0
1516082201.23 0 0 0 0
1516082201.34 0 0 0 0
1516082201.43 0 0 0 0
1516082201.53 0 0 0 0
1516082201.65 0 0 0 0
1516082201.77 0 0 0 0
1516082201.87 0 0 0 0
1516082201.97 0 0 0 0
1516082202.07 0 0 0 0
1516082202.17 0 0 0 0
1516082202.27 0 0 0 0
1516082202.37 0 0 0 0
1516082202.47 0 0 0 0
1516082202.57 0 0 0 0
1516082202.67 0 0 0 0
1516082202.78 0 0 0 0
1516082202.88 0 0 0 0
1516082202.97 0 0 0 0
1516082203.07 0 0 0 0
1516082203.18 0 0 0 0
1516082203.27 0 0 0 0
1516082203.37 0 0 0 0
1516082203.47 0 0 0 0
1516082203.57 0 0 0 0
1516082203.68 0 0 0 0
1516082203.78 0 0 0 0
1516082203.87 0 0 0 0
1516082203.98 0 0 0 0
1516082204.08 0 0 0 0
1516082204.18 0 0 0 0
1516082204.28 0 0 0 0
1516082204.37 0 0 0 0
1516082204.48 0 0 0 0
1516082204.58 0 0 0 0
1516082204.7 0 0 0 0
1516082204.8 0 0 0 0
1516082204.9 0 0 0 0
1516082205.0 0 0 0 0
1516082205.13 0 0 0 0
1516082205.22 0 0 0 0
1516082205.32 0 0 0 0
1516082205.42 0 0 0 0
1516082205.52 0 0 0 0
1516082205.62 0 0 0 0
1516082205.72 0 0 0 0
1516082205.82 0 0 0 0
