1516084184.063069, 0, 0.000000
1516084184.163166, 1, 12112.000000
1516084184.263364, 0, 10900.799805
1516084184.363585, 0, 9810.719727
1516084184.463700, 14, 178397.640625
1516084184.563953, 37, 608701.875000
1516084184.664131, 37, 995975.687500
1516084184.764402, 37, 1344522.125000
1516084184.864617, 38, 1670326.000000
1516084184.964855, 37, 1951437.375000
1516084185.064971, 37, 2204437.500000
1516084185.165191, 37, 2432137.750000
1516084185.265584, 38, 2649180.000000
1516084185.365782, 37, 2832406.000000
1516084185.465910, 37, 2997309.500000
1516084185.566032, 37, 3145722.500000
1516084185.666142, 37, 3279294.250000
1516084185.766217, 38, 3411620.750000
1516084185.866304, 37, 3518602.750000
1516084185.966387, 37, 3614886.500000
1516084186.066464, 37, 3701541.750000
1516084186.166622, 37, 3779531.500000
1516084186.266688, 38, 3861834.250000
1516084186.366756, 37, 3923794.750000
1516084186.467042, 37, 3979559.250000
1516084186.567586, 37, 4029747.250000
1516084186.667763, 37, 4074916.500000
1516084186.767846, 38, 4127680.750000
1516084186.868138, 36, 4150944.750000
1516084186.968475, 37, 4183994.250000
1516084187.068640, 37, 4213739.000000
1516084187.168766, 38, 4252621.000000
1516084187.269028, 37, 4275503.000000
1516084187.369196, 37, 4296096.500000
1516084187.469279, 37, 4314631.000000
1516084187.569356, 37, 4331312.000000
1516084187.669456, 38, 4358437.000000
1516084187.769536, 37, 4370737.500000
1516084187.869864, 37, 4381808.000000
1516084187.969969, 37, 4391771.000000
1516084188.070060, 37, 4400738.000000
1516084188.170161, 38, 4420920.000000
1516084188.270268, 37, 4426972.000000
1516084188.370419, 37, 4432419.000000
1516084188.470544, 37, 4437321.000000
1516084188.570628, 37, 4441733.000000
1516084188.670888, 38, 4457815.500000
1516084188.770984, 36, 4448066.000000
1516084188.871090, 38, 4463515.500000
1516084188.971173, 37, 4465308.000000
1516084189.071251, 37, 4466921.000000
1516084189.171387, 37, 4468373.000000
1516084189.271556, 38, 4481791.500000
1516084189.371645, 37, 4481756.500000
1516084189.471774, 37, 4481725.000000
1516084189.571855, 37, 4481696.500000
1516084189.671958, 37, 4481671.000000
1516084189.772043, 38, 4493760.000000
1516084189.872111, 37, 4492528.000000
1516084189.972180, 37, 4491419.000000
1516084190.072245, 37, 4490421.000000
1516084190.172404, 37, 4489523.000000
1516084190.272623, 38, 4500826.500000
1516084190.372690, 37, 4498888.000000
1516084190.472763, 37, 4497143.000000
1516084190.572843, 37, 4495572.500000
1516084190.672916, 37, 4494159.000000
1516084190.773004, 37, 4492887.000000
1516084190.873217, 38, 4503854.500000
1516084190.973297, 37, 4501613.000000
1516084191.073393, 37, 4499595.500000
1516084191.173490, 36, 4485668.000000
1516084191.273588, 37, 4485245.000000
1516084191.373725, 37, 4484864.500000
1516084191.473935, 38, 4496634.000000
1516084191.574069, 37, 4495114.500000
1516084191.674164, 37, 4493747.000000
1516084191.774334, 37, 4492516.500000
1516084191.874602, 38, 4503521.000000
1516084191.974700, 37, 4501313.000000
1516084192.074787, 37, 4499325.500000
1516084192.174880, 37, 4497537.000000
1516084192.274980, 37, 4495927.500000
1516084192.375062, 37, 4494479.000000
1516084192.475214, 38, 4505287.000000
1516084192.575296, 37, 4502902.500000
1516084192.675608, 37, 4500756.000000
1516084192.775712, 37, 4498824.500000
1516084192.876106, 37, 4497086.000000
1516084192.976263, 38, 4507633.500000
1516084193.076344, 37, 4505014.000000
1516084193.176509, 37, 4502656.500000
1516084193.276816, 37, 4500535.000000
1516084193.376923, 38, 4510737.500000
1516084193.477000, 37, 4507808.000000
1516084193.577165, 37, 4505171.000000
1516084193.677346, 36, 4490686.000000
1516084193.777490, 37, 4489761.500000
1516084193.877639, 38, 4501041.500000
1516084193.977948, 37, 4499081.500000
1516084194.078333, 37, 4497317.500000
1516084194.178803, 37, 4495730.000000
1516084194.279065, 38, 4506413.000000
1516084194.379413, 37, 4503915.500000
1516084194.479620, 36, 4489556.000000
1516084194.579959, 36, 4476632.500000
1516084194.680148, 38, 4489225.000000
1516084194.780341, 37, 4488446.500000
1516084194.880621, 37, 4487746.000000
1516084194.981054, 37, 4487115.500000
1516084195.081419, 38, 4498660.000000
1516084195.181533, 37, 4496938.000000
1516084195.281704, 37, 4495388.000000
1516084195.381912, 37, 4493993.000000
1516084195.482050, 37, 4492737.500000
1516084195.582198, 37, 4491608.000000
1516084195.682298, 38, 4502703.000000
1516084195.782415, 37, 4500576.500000
1516084195.882506, 37, 4498663.000000
1516084195.982634, 37, 4496940.500000
1516084196.082779, 38, 4507502.500000
1516084196.182850, 37, 4504896.000000
1516084196.282938, 37, 4502550.500000
1516084196.383028, 37, 4500439.500000
1516084196.483111, 37, 4498539.500000
1516084196.583236, 38, 4508941.500000
1516084196.683386, 36, 4494079.500000
1516084196.783505, 38, 4504927.500000
1516084196.883594, 37, 4502579.000000
1516084196.983680, 37, 4500465.000000
1516084197.084013, 38, 4510674.500000
1516084197.184086, 37, 4507751.000000
1516084197.284169, 37, 4505120.000000
1516084197.384247, 37, 4502752.000000
1516084197.484322, 37, 4500621.000000
1516084197.584418, 37, 4498703.000000
1516084197.684496, 38, 4509088.500000
1516084197.784575, 37, 4506323.500000
1516084197.884925, 37, 4503835.000000
1516084197.985007, 37, 4501595.500000
1516084198.085092, 37, 4499580.000000
1516084198.185174, 38, 4509878.000000
1516084198.285258, 36, 4494922.000000
1516084198.385396, 38, 4505686.000000
1516084198.485574, 37, 4503261.500000
1516084198.585660, 37, 4501079.500000
1516084198.685900, 38, 4511227.500000
1516084198.785993, 37, 4508249.000000
1516084198.886141, 37, 4505568.000000
1516084198.986222, 37, 4503155.000000
1516084199.086314, 37, 4500983.500000
1516084199.186547, 38, 4511141.000000
1516084199.286642, 37, 4508171.000000
1516084199.386775, 37, 4505498.000000
1516084199.486881, 37, 4503092.000000
1516084199.586973, 37, 4500927.000000
1516084199.687345, 38, 4511090.500000
1516084199.787421, 37, 4508125.500000
1516084199.887581, 37, 4505457.000000
1516084199.987758, 37, 4503055.500000
1516084200.089786, 38, 4513006.000000
1516084200.190170, 37, 4509849.500000
1516084200.290545, 37, 4507008.500000
1516084200.390651, 38, 4516563.500000
1516084200.490731, 37, 4513051.000000
1516084200.591132, 37, 4509890.000000
1516084200.691585, 37, 4507045.000000
1516084200.791692, 38, 4516596.500000
1516084200.891808, 37, 4513081.000000
1516084200.991880, 37, 4509917.000000
1516084201.091959, 37, 4507069.500000
1516084201.192051, 37, 4504506.500000
1516084201.292126, 38, 4514312.000000
1516084201.392233, 37, 4511025.000000
1516084201.492375, 37, 4508066.500000
1516084201.592465, 37, 4505404.000000
1516084201.692547, 37, 4503007.500000
1516084201.792634, 38, 4512963.000000
1516084201.892721, 37, 4509810.500000
1516084201.993173, 37, 4506973.500000
1516084202.093359, 37, 4504420.000000
1516084202.193457, 37, 4502122.000000
1516084202.293798, 38, 4512166.000000
1516084202.394078, 37, 4509093.500000
1516084202.494176, 36, 4494216.000000
1516084202.594429, 38, 4505050.500000
1516084202.694511, 38, 4514801.500000
1516084202.794957, 37, 4511465.500000
1516084202.895126, 37, 4508463.000000
1516084202.995589, 36, 4493648.500000
1516084203.095833, 38, 4504539.500000
1516084203.196120, 37, 4502229.500000
1516084203.296375, 37, 4500150.500000
1516084203.396693, 24, 4340823.500000
1516084203.497075, 21, 4161093.250000
1516084203.597508, 22, 4011448.000000
1516084203.697629, 32, 3997887.250000
1516084203.798113, 34, 4009906.500000
1516084203.898555, 18, 3826931.750000
1516084203.998940, 28, 3783374.500000
1516084204.104229, 30, 3768397.000000
1516084204.204432, 30, 3754917.250000
1516084204.304515, 29, 3730673.500000
1516084204.404601, 29, 3708854.250000
1516084204.504722, 28, 3677104.750000
1516084204.604877, 29, 3660642.250000
1516084204.704957, 29, 3645826.000000
1516084204.805035, 29, 3632491.500000
1516084204.905125, 29, 3620490.250000
1516084205.005198, 29, 3609689.250000
1516084205.105283, 28, 3587856.250000
1516084205.205383, 29, 3580318.500000
1516084205.305731, 28, 3561422.750000
1516084205.406149, 27, 3532304.500000
1516084205.506501, 27, 3506098.000000
1516084205.606957, 28, 3494624.250000
1516084205.707509, 27, 3472185.750000
1516084205.807817, 27, 3451991.250000
1516084205.907890, 28, 3445928.000000
1516084206.007971, 29, 3452583.250000
1516084206.108102, 29, 3458573.000000
1516084206.208476, 29, 3463963.750000
1516084206.308663, 29, 3468815.500000
1516084206.409041, 29, 3473182.000000
1516084206.509179, 28, 3464999.750000
1516084206.609280, 29, 3469747.750000
1516084206.709374, 29, 3474021.000000
1516084206.809470, 28, 3465755.000000
1516084206.909818, 29, 3470427.500000
1516084207.010197, 29, 3474632.750000
1516084207.110526, 29, 3478417.500000
1516084207.210625, 28, 3469711.750000
1516084207.310733, 28, 3461876.500000
1516084207.410901, 29, 3466936.750000
1516084207.511091, 29, 3471491.000000
1516084207.611182, 28, 3463478.000000
1516084207.711270, 29, 3468378.250000
1516084207.811661, 29, 3472788.500000
1516084207.912298, 29, 3476757.750000
1516084208.012795, 28, 3468218.000000
1516084208.112944, 29, 3472644.250000
1516084208.213144, 28, 3464515.750000
1516084208.313330, 27, 3445088.250000
1516084208.415528, 29, 3451827.500000
1516084208.515906, 29, 3457892.750000
1516084208.616241, 28, 3451239.500000
1516084208.716677, 28, 3445251.500000
1516084208.816947, 27, 3427750.250000
1516084208.917129, 28, 3424111.250000
1516084209.017226, 28, 3420836.000000
1516084209.117517, 28, 3417888.500000
1516084209.217890, 28, 3415235.750000
1516084209.318251, 29, 3424960.250000
1516084209.418460, 28, 3421600.250000
1516084209.518586, 28, 3418576.250000
1516084209.618978, 28, 3415854.500000
1516084209.719123, 28, 3413405.000000
1516084209.819291, 28, 3411200.500000
1516084209.919627, 28, 3409216.500000
1516084210.019821, 28, 3407430.750000
1516084210.120147, 28, 3405823.750000
1516084210.220503, 28, 3404377.500000
1516084210.320686, 28, 3403075.750000
1516084210.421079, 27, 3389792.250000
1516084210.521521, 28, 3389949.000000
1516084210.623226, 28, 3390090.000000
1516084210.723557, 28, 3390217.000000
1516084210.823916, 28, 3390331.250000
1516084210.924288, 27, 3378322.000000
1516084211.024468, 28, 3379625.750000
1516084211.124557, 27, 3368687.250000
1516084211.224643, 28, 3370954.500000
1516084211.324746, 27, 3360883.000000
1516084211.424865, 27, 3351818.750000
1516084211.525008, 29, 3367885.000000
1516084211.625095, 27, 3358120.500000
1516084211.725270, 28, 3361444.500000
1516084211.825400, 27, 3352324.000000
1516084211.925494, 28, 3356227.500000
1516084212.025578, 27, 3347628.750000
1516084212.125669, 27, 3339890.000000
1516084212.225754, 28, 3345037.000000
1516084212.325914, 27, 3337557.250000
1516084212.426296, 28, 3342937.500000
1516084212.526478, 27, 3335667.750000
1516084212.626596, 27, 3329125.000000
1516084212.726925, 28, 3335348.500000
1516084212.827280, 27, 3328837.750000
1516084212.927490, 27, 3322978.000000
1516084213.027586, 27, 3317704.250000
1516084213.129836, 27, 3312957.750000
1516084213.230016, 29, 3332910.000000
1516084213.330130, 27, 3326643.000000
1516084213.430495, 27, 3321002.750000
1516084213.530620, 27, 3315926.500000
1516084213.630731, 27, 3311357.750000
1516084213.730816, 27, 3307246.000000
1516084213.830939, 27, 3303545.500000
1516084213.931049, 28, 3312327.000000
1516084214.031139, 26, 3296006.250000
1516084214.131481, 27, 3293429.500000
1516084214.231990, 28, 3303222.500000
1516084214.332111, 27, 3299924.250000
1516084214.432276, 27, 3296955.750000
1516084214.532391, 27, 3294284.250000
1516084214.632642, 27, 3291879.750000
1516084214.732717, 27, 3289715.750000
1516084214.832822, 26, 3275656.250000
1516084214.932992, 27, 3275114.500000
1516084215.033113, 27, 3274627.000000
1516084215.133300, 27, 3274188.250000
1516084215.233480, 26, 3261681.500000
1516084215.333559, 27, 3262537.250000
1516084215.433645, 26, 3251195.500000
1516084215.533734, 27, 3253100.000000
1516084215.634188, 27, 3254814.000000
1516084215.734660, 27, 3256356.500000
1516084215.834860, 26, 3245632.750000
1516084215.934983, 27, 3248093.500000
1516084216.035064, 26, 3238196.250000
1516084216.135161, 26, 3229288.500000
1516084216.235283, 26, 3221271.750000
1516084216.335396, 27, 3226168.500000
1516084216.435497, 27, 3230575.750000
1516084216.535670, 26, 3222430.250000
1516084216.635848, 27, 3227211.250000
1516084216.735985, 27, 3231514.000000
1516084216.836090, 26, 3223274.500000
1516084216.936195, 26, 3215859.000000
1516084217.036289, 27, 3221297.000000
1516084217.136455, 27, 3226191.250000
1516084217.236627, 25, 3206372.000000
1516084217.336770, 27, 3212758.750000
1516084217.437195, 26, 3206395.000000
1516084217.537482, 26, 3200667.500000
1516084217.637583, 27, 3207624.750000
1516084217.737684, 26, 3201774.250000
1516084217.837790, 26, 3196508.750000
1516084217.937973, 27, 3203882.000000
1516084218.038073, 26, 3198405.750000
1516084218.138185, 25, 3181365.250000
1516084218.238653, 27, 3190252.750000
1516084218.338895, 26, 3186139.500000
1516084218.438985, 26, 3182437.500000
1516084218.539070, 25, 3166993.750000
1516084218.639161, 28, 3189430.500000
1516084218.739559, 26, 3185399.500000
1516084218.840012, 25, 3169659.500000
1516084218.940114, 26, 3167605.500000
1516084219.040518, 26, 3165757.000000
1516084219.140623, 26, 3164093.250000
1516084219.240941, 27, 3174708.000000
1516084219.341422, 26, 3172149.250000
1516084219.441619, 26, 3169846.250000
1516084219.541715, 26, 3167773.500000
1516084219.641819, 26, 3165908.250000
1516084219.742310, 26, 3164229.500000
1516084219.842762, 27, 3174830.500000
1516084219.942929, 26, 3172259.500000
1516084220.043030, 26, 3169945.500000
1516084220.143393, 26, 3167863.000000
1516084220.243607, 26, 3165988.750000
1516084220.344079, 26, 3164302.000000
1516084220.444211, 26, 3162783.750000
1516084220.544315, 26, 3161417.500000
1516084220.644768, 26, 3160187.750000
1516084220.745131, 26, 3159081.000000
1516084220.845429, 26, 3158085.000000
1516084220.945591, 26, 3157188.500000
1516084221.045702, 26, 3156381.750000
1516084221.145895, 25, 3143543.500000
1516084221.246065, 26, 3144101.250000
1516084221.346225, 26, 3144603.000000
1516084221.446312, 26, 3145054.750000
1516084221.546398, 26, 3145461.250000
1516084221.646484, 26, 3145827.000000
1516084221.746678, 26, 3146156.250000
1516084221.847028, 26, 3146452.500000
1516084221.947128, 25, 3134607.250000
1516084222.047214, 26, 3136058.500000
1516084222.147438, 26, 3137364.750000
1516084222.247532, 25, 3126428.250000
1516084222.347769, 26, 3128697.500000
1516084222.447895, 26, 3130739.750000
1516084222.548035, 26, 3132577.750000
1516084222.648152, 24, 3110008.000000
1516084222.748308, 25, 3101807.250000
1516084222.848449, 26, 3106538.500000
1516084222.948615, 26, 3110796.750000
1516084223.048705, 26, 3114629.000000
1516084223.148825, 25, 3105966.000000
1516084223.248914, 26, 3110281.500000
1516084223.349078, 25, 3102053.250000
1516084223.449162, 26, 3106760.000000
1516084223.549433, 26, 3110996.000000
1516084223.649842, 24, 3090584.500000
1516084223.750032, 26, 3096438.000000
1516084223.850299, 26, 3101706.250000
1516084223.950491, 26, 3106447.500000
1516084224.050836, 25, 3098602.750000
1516084224.150920, 26, 3103654.500000
1516084224.251095, 25, 3096089.000000
1516084224.351231, 26, 3101392.000000
1516084224.451591, 25, 3094052.750000
1516084224.551750, 25, 3087447.500000
1516084224.651906, 25, 3081502.750000
1516084224.752078, 26, 3088264.500000
1516084224.852242, 23, 3058014.000000
1516084224.952404, 26, 3067124.500000
1516084225.052489, 25, 3063212.000000
1516084225.152676, 24, 3047578.750000
1516084225.252870, 26, 3057733.000000
1516084225.353039, 26, 3066871.750000
1516084225.453245, 25, 3062984.500000
1516084225.553420, 25, 3059486.000000
1516084225.653593, 25, 3056337.500000
1516084225.753695, 26, 3065615.750000
1516084225.853795, 24, 3049742.250000
1516084225.953912, 26, 3059680.000000
1516084226.054126, 25, 3056512.000000
1516084226.154396, 25, 3053660.750000
1516084226.254583, 25, 3051094.750000
1516084226.354826, 25, 3048785.250000
1516084226.455519, 26, 3058818.750000
1516084226.555697, 25, 3055737.000000
1516084226.655843, 25, 3052963.250000
1516084226.755929, 24, 3038355.000000
1516084226.856148, 25, 3037319.500000
1516084226.956310, 26, 3048499.500000
1516084227.056705, 25, 3046449.500000
1516084227.157059, 25, 3044604.500000
1516084227.257601, 24, 3030832.000000
1516084227.358059, 24, 3018436.750000
1516084227.458610, 25, 3019393.000000
1516084227.558877, 25, 3020253.750000
1516084227.659379, 25, 3021028.500000
1516084227.759896, 25, 3021725.750000
1516084227.860259, 25, 3022353.250000
1516084227.960406, 24, 3010806.000000
1516084228.060623, 26, 3024637.500000
1516084228.160717, 25, 3024973.750000
1516084228.260987, 24, 3013164.500000
1516084228.361428, 25, 3014648.000000
1516084228.461800, 25, 3015983.250000
1516084228.562047, 25, 3017185.000000
1516084228.662201, 24, 3006154.500000
1516084228.762772, 24, 2996227.000000
1516084228.862961, 25, 2999404.250000
1516084228.963163, 25, 3002263.750000
1516084229.063637, 24, 2992725.500000
1516084229.163861, 25, 2996253.000000
1516084229.264032, 25, 2999427.750000
1516084229.364191, 25, 3002285.000000
1516084229.464373, 24, 2992744.500000
1516084229.564581, 25, 2996270.000000
1516084229.664805, 25, 2999443.000000
1516084229.764974, 24, 2990186.750000
1516084229.865191, 25, 2993968.000000
1516084229.965277, 25, 2997371.250000
1516084230.065474, 24, 2988322.000000
1516084230.165597, 25, 2992289.750000
1516084230.265826, 24, 2983748.750000
1516084230.366000, 24, 2976062.000000
1516084230.466350, 24, 2969143.750000
1516084230.566555, 25, 2975029.500000
1516084230.666725, 25, 2980326.500000
1516084230.766908, 24, 2972981.750000
1516084230.867090, 25, 2978483.500000
1516084230.967238, 24, 2971323.250000
1516084231.067334, 25, 2976991.000000
1516084231.167513, 24, 2969980.000000
1516084231.267982, 24, 2963670.000000
1516084231.368159, 25, 2970103.000000
1516084231.468565, 24, 2963780.750000
1516084231.568749, 25, 2970202.750000
1516084231.669112, 24, 2963870.500000
1516084231.769693, 24, 2958171.500000
1516084231.870076, 23, 2940930.250000
1516084231.970375, 24, 2937525.250000
1516084232.070491, 24, 2934460.750000
1516084232.170625, 25, 2943814.750000
1516084232.270742, 23, 2928009.250000
1516084232.371115, 24, 2925896.250000
1516084232.472382, 25, 2936106.500000
1516084232.572577, 24, 2933183.750000
1516084232.672727, 24, 2930553.500000
1516084232.773205, 24, 2928186.250000
1516084232.873343, 23, 2913943.500000
1516084232.973764, 25, 2925349.250000
1516084233.074132, 24, 2923502.250000
1516084233.174676, 24, 2921840.000000
1516084233.275028, 24, 2920344.000000
1516084233.375266, 24, 2918997.500000
1516084233.475846, 24, 2917785.750000
1516084233.576098, 24, 2916695.250000
1516084233.676268, 24, 2915713.750000
1516084233.776380, 24, 2914830.500000
1516084233.876535, 23, 2901923.500000
1516084233.976624, 24, 2902419.250000
1516084234.076800, 24, 2902865.250000
1516084234.176886, 24, 2903266.750000
1516084234.276973, 24, 2903628.000000
1516084234.377131, 24, 2903953.250000
1516084234.477231, 24, 2904246.000000
1516084234.577323, 24, 2904509.500000
1516084234.677419, 24, 2904746.500000
1516084234.777603, 24, 2904959.750000
1516084234.877809, 24, 2905151.750000
1516084234.978013, 24, 2905324.500000
1516084235.078134, 24, 2905480.000000
1516084235.178252, 24, 2905620.000000
1516084235.278635, 24, 2905746.000000
1516084235.378802, 24, 2905859.500000
1516084235.479041, 24, 2905961.500000
1516084235.579140, 24, 2906053.250000
1516084235.679318, 24, 2906136.000000
1516084235.779492, 23, 2894098.500000
1516084235.879741, 25, 2907488.750000
1516084235.979992, 24, 2907428.000000
1516084236.080220, 23, 2895261.250000
1516084236.180359, 24, 2896423.000000
1516084236.280481, 24, 2897468.750000
1516084236.380658, 24, 2898410.000000
1516084236.480850, 24, 2899257.000000
1516084236.581023, 24, 2900019.250000
1516084236.681214, 24, 2900705.250000
1516084236.781418, 23, 2889210.750000
1516084236.881644, 24, 2890977.750000
1516084236.981883, 24, 2892568.000000
1516084237.082016, 24, 2893999.250000
1516084237.182230, 24, 2895287.250000
1516084237.282491, 23, 2884334.500000
1516084237.382713, 24, 2886589.000000
1516084237.483157, 24, 2888618.000000
1516084237.583624, 24, 2890444.250000
1516084237.683769, 23, 2879975.750000
1516084237.783956, 23, 2870554.250000
1516084237.884123, 24, 2874186.750000
1516084237.984273, 24, 2877456.000000
1516084238.084428, 23, 2868286.500000
1516084238.184613, 24, 2872145.750000
1516084238.284817, 23, 2863507.250000
1516084238.384999, 24, 2867844.500000
1516084238.485081, 24, 2871748.000000
1516084238.585301, 23, 2863149.250000
1516084238.685458, 24, 2867522.250000
1516084238.785960, 23, 2859346.000000
1516084238.886150, 24, 2864099.500000
1516084238.986566, 23, 2856265.500000
1516084239.086772, 24, 2861327.000000
1516084239.187057, 24, 2865882.250000
1516084239.287429, 23, 2857870.000000
1516084239.387558, 24, 2862771.000000
1516084239.487668, 23, 2855070.000000
1516084239.588122, 23, 2848139.000000
1516084239.688588, 24, 2854013.000000
1516084239.788779, 24, 2859299.750000
1516084239.889339, 23, 2851945.750000
1516084239.989515, 24, 2857439.250000
1516084240.089841, 23, 2850271.250000
1516084240.190191, 24, 2855932.000000
1516084240.290294, 23, 2848914.750000
1516084240.390434, 23, 2842599.250000
1516084240.490758, 24, 2849027.250000
1516084240.590859, 23, 2842700.500000
1516084240.690979, 24, 2849118.500000
1516084240.791238, 23, 2842782.750000
1516084240.891677, 23, 2837080.500000
1516084240.991881, 24, 2844060.500000
1516084241.092009, 24, 2850342.500000
1516084241.192268, 23, 2843884.250000
1516084241.292483, 23, 2838071.750000
1516084241.392596, 24, 2844952.500000
1516084241.492788, 23, 2839033.250000
1516084241.592973, 23, 2833706.000000
1516084241.693128, 24, 2841023.500000
1516084241.793219, 23, 2835497.250000
1516084241.893411, 23, 2830523.500000
1516084241.993629, 20, 2789711.250000
1516084242.093726, 20, 2752980.000000
1516084242.193995, 19, 2707810.000000
1516084242.294094, 19, 2667157.000000
1516084242.394292, 18, 2618457.250000
1516084242.494510, 19, 2586739.500000
1516084242.594681, 15, 2509745.500000
1516084242.694879, 16, 2452563.000000
1516084242.795056, 17, 2413210.750000
1516084242.895530, 15, 2353569.750000
1516084242.996116, 17, 2324116.750000
1516084243.096421, 16, 2285497.000000
1516084243.196533, 15, 2238627.250000
1516084243.296664, 16, 2208556.500000
1516084243.396813, 16, 2181492.750000
1516084243.496985, 15, 2145023.500000
1516084243.597117, 16, 2124313.250000
1516084243.697445, 15, 2093561.875000
1516084243.797853, 16, 2077997.750000
1516084243.898343, 15, 2051878.000000
1516084243.998558, 16, 2040482.250000
1516084244.098632, 16, 2030226.000000
1516084244.198858, 15, 2008883.375000
1516084244.299014, 15, 1989675.000000
1516084244.399093, 16, 1984499.500000
1516084244.499249, 14, 1955617.500000
1516084244.599553, 15, 1941735.750000
1516084244.699639, 16, 1941354.125000
1516084244.799838, 16, 1941010.750000
1516084244.899956, 12, 1892253.625000
1516084245.000104, 14, 1872596.250000
1516084245.100205, 13, 1842792.625000
1516084245.200304, 14, 1828081.375000
1516084245.300452, 14, 1814841.250000
1516084245.400595, 13, 1790813.125000
1516084245.500786, 14, 1781299.750000
1516084245.600986, 14, 1772737.750000
1516084245.701108, 13, 1752920.000000
1516084245.801300, 14, 1747196.000000
1516084245.901489, 14, 1742044.375000
1516084246.001654, 14, 1737408.000000
1516084246.101758, 15, 1745347.250000
1516084246.201928, 14, 1740380.500000
1516084246.302088, 13, 1723798.500000
1516084246.402182, 9, 1660426.625000
1516084246.502274, 12, 1639728.000000
1516084246.602742, 13, 1633211.250000
1516084246.702931, 11, 1603122.125000
1516084246.803035, 11, 1576041.875000
1516084246.903116, 13, 1575893.750000
1516084247.003285, 12, 1563648.375000
1516084247.103861, 13, 1564739.500000
1516084247.204032, 13, 1565721.500000
1516084247.304154, 14, 1578717.375000
1516084247.404390, 13, 1578301.625000
1516084247.504559, 13, 1577927.500000
1516084247.604770, 14, 1589702.750000
1516084247.704970, 13, 1588188.500000
1516084247.805161, 9, 1538377.625000
1516084247.905341, 12, 1529883.875000
1516084248.005777, 12, 1522239.500000
1516084248.105939, 12, 1515359.500000
1516084248.206118, 11, 1497055.500000
1516084248.306544, 12, 1492694.000000
1516084248.406962, 12, 1488768.625000
1516084248.507169, 13, 1497347.750000
1516084248.607259, 13, 1505069.000000
1516084248.707359, 13, 1512018.125000
1516084248.807525, 13, 1518272.250000
1516084248.907958, 13, 1523901.000000
1516084249.008117, 13, 1528966.875000
1516084249.108219, 14, 1545638.250000
1516084249.208440, 13, 1548530.375000
1516084249.308631, 10, 1514797.375000
1516084249.408805, 9, 1472325.625000
1516084249.508988, 11, 1458325.000000
1516084249.609179, 11, 1445724.500000
1516084249.709370, 10, 1422272.000000
1516084249.809589, 11, 1413276.750000
1516084249.909827, 11, 1405181.125000
1516084250.010025, 11, 1397895.000000
1516084250.110507, 11, 1391337.500000
1516084250.210661, 11, 1385435.750000
1516084250.310863, 12, 1392236.125000
1516084250.411103, 13, 1410468.500000
1516084250.511311, 13, 1426877.625000
1516084250.611500, 12, 1429533.875000
1516084250.711675, 13, 1444036.500000
1516084250.811855, 13, 1457088.875000
1516084250.912038, 13, 1468836.000000
1516084251.012243, 14, 1491520.375000
1516084251.112403, 13, 1499824.375000
1516084251.212615, 4, 1398290.000000
1516084251.312807, 10, 1379581.000000
1516084251.412991, 11, 1374854.875000
1516084251.513245, 11, 1370601.375000
1516084251.613679, 10, 1354661.250000
1516084251.713775, 11, 1352427.125000
1516084251.813857, 11, 1350416.375000
1516084251.914051, 10, 1336494.750000
1516084252.014195, 11, 1336077.250000
1516084252.114721, 12, 1347813.500000
1516084252.215026, 12, 1358376.125000
1516084252.315207, 13, 1379994.500000
1516084252.415420, 13, 1399451.000000
1516084252.515607, 13, 1416961.875000
1516084252.615775, 13, 1432721.750000
1516084252.715984, 13, 1446905.625000
1516084252.816187, 12, 1447559.000000
1516084252.916428, 15, 1484483.125000
1516084253.016666, 7, 1420818.750000
1516084253.116912, 8, 1375632.875000
1516084253.217092, 11, 1371301.625000
1516084253.317269, 11, 1367403.500000
1516084253.417861, 10, 1351783.125000
1516084253.518173, 11, 1349836.750000
1516084253.618515, 11, 1348085.125000
1516084253.718992, 11, 1346508.625000
1516084253.819365, 11, 1345089.750000
1516084253.919488, 12, 1355924.750000
1516084254.019691, 12, 1365676.250000
1516084254.119853, 13, 1386564.625000
1516084254.220031, 12, 1393252.125000
1516084254.320232, 12, 1399270.875000
1516084254.420480, 13, 1416799.750000
1516084254.520679, 13, 1432575.750000
1516084254.620893, 12, 1434662.125000
1516084254.721009, 9, 1400203.875000
1516084254.821203, 8, 1357079.500000
1516084254.921408, 11, 1354603.500000
1516084255.021583, 10, 1340263.125000
1516084255.121781, 10, 1327356.750000
1516084255.221989, 11, 1327853.125000
1516084255.322213, 10, 1316187.750000
1516084255.422411, 11, 1317801.000000
1516084255.522653, 11, 1319252.875000
1516084255.623775, 11, 1320559.625000
1516084255.723862, 12, 1333847.625000
1516084255.824204, 11, 1333694.875000
1516084255.924805, 12, 1345669.375000
1516084256.025372, 12, 1356446.500000
1516084256.125776, 8, 1317697.875000
1516084256.225953, 9, 1294936.125000
1516084256.326125, 10, 1286562.500000
1516084256.426239, 9, 1266914.250000
1516084256.526385, 10, 1261342.875000
1516084256.626531, 10, 1256328.625000
1516084256.726627, 11, 1263927.750000
1516084256.826909, 11, 1270767.000000
1516084256.927338, 12, 1289034.250000
1516084257.027696, 12, 1305474.875000
1516084257.127816, 12, 1320271.375000
1516084257.227954, 12, 1333588.250000
1516084257.328133, 12, 1345573.375000
1516084257.428323, 13, 1368472.000000
1516084257.528502, 11, 1364856.750000
1516084257.628722, 10, 1349491.125000
1516084257.729163, 8, 1311438.000000
1516084257.829444, 10, 1301414.250000
1516084257.929739, 9, 1280280.875000
1516084258.030498, 10, 1273372.750000
1516084258.130953, 10, 1267155.500000
1516084258.231076, 10, 1261560.000000
1516084258.331171, 10, 1256524.000000
1516084258.431613, 10, 1251991.625000
1516084258.531972, 11, 1260024.500000
1516084258.632090, 12, 1279366.000000
1516084258.732266, 12, 1296773.375000
1516084258.832438, 13, 1324552.000000
1516084258.932541, 13, 1349552.750000
1516084259.032736, 12, 1359941.500000
1516084259.133262, 13, 1381403.375000
1516084259.233442, 13, 1400719.000000
1516084259.333544, 3, 1296983.125000
1516084259.434053, 10, 1288404.750000
1516084259.534564, 10, 1280684.250000
1516084259.634962, 10, 1273735.875000
1516084259.735415, 10, 1267482.250000
1516084259.835618, 10, 1261854.000000
1516084259.935704, 10, 1256788.625000
1516084260.035830, 10, 1252229.750000
1516084260.135921, 10, 1248126.750000
1516084260.236173, 10, 1244434.125000
1516084260.336374, 11, 1253222.750000
1516084260.436573, 12, 1273244.500000
1516084260.536673, 13, 1303376.000000
1516084260.636864, 12, 1318382.375000
1516084260.737070, 12, 1331888.125000
1516084260.837264, 12, 1344043.250000
1516084260.938664, 13, 1367094.875000
1516084261.038813, 14, 1399953.375000
1516084261.138960, 12, 1405302.000000
1516084261.239161, 9, 1373779.750000
1516084261.339357, 7, 1321185.750000
1516084261.439545, 10, 1310187.125000
1516084261.539692, 10, 1300288.375000
1516084261.639869, 9, 1279267.500000
1516084261.740081, 10, 1272460.750000
1516084261.840269, 10, 1266334.625000
1516084261.940475, 10, 1260821.125000
1516084262.040685, 10, 1255859.000000
1516084262.140887, 11, 1263505.125000
1516084262.241057, 11, 1270386.625000
1516084262.341217, 13, 1300804.000000
1516084262.441406, 12, 1316067.625000
1516084262.541584, 12, 1329804.875000
1516084262.642343, 13, 1354280.375000
1516084262.742535, 12, 1364196.375000
1516084262.842838, 13, 1385232.750000
1516084262.943043, 12, 1392053.500000
1516084263.043807, 4, 1301296.125000
1516084263.143996, 10, 1292286.500000
1516084263.244105, 9, 1272065.875000
1516084263.344208, 11, 1278091.250000
1516084263.444309, 10, 1271402.125000
1516084263.544408, 10, 1265381.875000
1516084263.644601, 10, 1259963.750000
1516084263.745007, 11, 1267199.375000
1516084263.845167, 11, 1273711.500000
1516084263.945335, 12, 1291684.375000
1516084264.045451, 12, 1307860.000000
1516084264.145679, 12, 1322418.000000
1516084264.245920, 12, 1335520.250000
1516084264.346082, 12, 1347312.250000
1516084264.446477, 14, 1382149.000000
1516084264.546562, 12, 1389278.125000
1516084264.646735, 12, 1395694.250000
1516084264.746834, 10, 1377244.875000
1516084264.846937, 5, 1300080.375000
1516084264.947242, 10, 1291192.375000
1516084265.047856, 10, 1283193.125000
1516084265.148153, 10, 1275993.750000
1516084265.248332, 10, 1269514.375000
1516084265.348529, 10, 1263683.000000
1516084265.448735, 10, 1258434.750000
1516084265.548942, 12, 1277935.250000
1516084265.649176, 11, 1283373.750000
1516084265.749677, 12, 1300380.375000
1516084265.850206, 13, 1327798.375000
1516084265.952121, 13, 1352474.500000
1516084266.052277, 12, 1362571.000000
1516084266.152400, 12, 1371657.875000
1516084266.252780, 13, 1391948.125000
1516084266.352996, 13, 1410209.250000
1516084266.453078, 11, 1402420.375000
1516084266.553190, 6, 1334850.375000
1516084266.653415, 10, 1322485.375000
1516084266.753605, 10, 1311356.875000
1516084266.853758, 11, 1313453.250000
1516084266.953929, 11, 1315339.875000
1516084267.054160, 11, 1317037.875000
1516084267.154363, 12, 1330678.125000
1516084267.254478, 13, 1355066.250000
1516084267.354623, 13, 1377015.625000
1516084267.454833, 13, 1396770.000000
1516084267.555056, 13, 1414549.000000
1516084267.655275, 14, 1442662.125000
1516084267.755484, 14, 1467963.875000
1516084267.855698, 12, 1466511.500000
1516084267.955935, 12, 1465204.375000
1516084268.056421, 13, 1476140.000000
1516084268.156652, 8, 1425422.000000
1516084268.256888, 10, 1403999.750000
1516084268.357091, 12, 1408943.750000
1516084268.460070, 12, 1413393.375000
1516084268.560218, 13, 1429510.000000
1516084268.660410, 13, 1444015.000000
1516084268.760601, 14, 1469181.500000
1516084268.860827, 13, 1479719.375000
1516084268.961021, 14, 1501315.500000
1516084269.061234, 13, 1508640.000000
1516084269.161736, 14, 1527344.000000
1516084269.262189, 13, 1532065.625000
1516084269.362606, 10, 1499979.000000
1516084269.462817, 9, 1458989.125000
1516084269.563027, 11, 1446322.250000
1516084269.663240, 11, 1434922.000000
1516084269.763488, 11, 1424661.750000
1516084269.863705, 11, 1415427.625000
1516084269.964231, 11, 1407116.875000
1516084270.064628, 11, 1399637.250000
1516084270.164804, 12, 1405017.500000
1516084270.264927, 11, 1397747.750000
1516084270.365027, 13, 1415429.000000
1516084270.465224, 12, 1419230.125000
1516084270.565396, 13, 1434763.125000
1516084270.667130, 13, 1448742.750000
1516084270.767572, 14, 1473436.500000
1516084270.868022, 12, 1471436.875000
1516084270.968318, 13, 1481749.250000
1516084271.068659, 11, 1466806.375000
1516084271.169160, 7, 1404909.750000
1516084271.269365, 10, 1385538.750000
1516084271.369511, 11, 1380216.875000
1516084271.469596, 12, 1387539.250000
1516084271.569690, 12, 1394129.375000
1516084271.669771, 12, 1400060.500000
1516084271.769844, 13, 1417510.500000
1516084271.869962, 13, 1433215.500000
1516084271.970045, 13, 1447350.000000
1516084272.070405, 13, 1460071.000000
1516084272.170549, 13, 1471519.875000
1516084272.270937, 13, 1481823.875000
1516084272.371281, 15, 1515321.500000
1516084272.471798, 12, 1509133.375000
1516084272.572181, 10, 1479340.000000
1516084272.672628, 7, 1416190.000000
1516084272.773112, 11, 1407803.000000
1516084272.873474, 11, 1400254.750000
1516084272.973572, 11, 1393461.250000
1516084273.073695, 10, 1375235.125000
1516084273.173793, 11, 1370943.625000
1516084273.273906, 11, 1367081.250000
1516084273.374011, 12, 1375717.125000
1516084273.474112, 13, 1395601.375000
1516084273.574287, 13, 1413497.250000
1516084273.674646, 13, 1429603.500000
1516084273.774838, 13, 1444099.125000
1516084273.874937, 13, 1457145.250000
1516084273.975421, 14, 1480998.750000
1516084274.075544, 12, 1478242.875000
1516084274.175636, 11, 1463650.625000
1516084274.276016, 7, 1402069.500000
1516084274.376209, 11, 1395094.500000
1516084274.476573, 11, 1388817.000000
1516084274.576706, 10, 1371055.250000
1516084274.676799, 10, 1355069.750000
1516084274.776891, 11, 1352794.750000
1516084274.876976, 11, 1350747.250000
1516084274.977069, 11, 1348904.500000
1516084275.077166, 12, 1359358.000000
1516084275.177256, 13, 1380878.250000
1516084275.277373, 12, 1388134.375000
1516084275.377751, 14, 1418889.000000
1516084275.478070, 14, 1446568.125000
1516084275.578255, 11, 1435143.250000
1516084275.678380, 5, 1352188.875000
1516084275.778571, 11, 1350202.000000
1516084275.878765, 11, 1348413.750000
1516084275.978959, 11, 1346804.375000
1516084276.079405, 11, 1345356.000000
1516084276.179600, 9, 1319828.375000
1516084276.280050, 11, 1321077.500000
1516084276.380456, 12, 1334313.750000
1516084276.480855, 11, 1334114.375000
1516084276.581079, 12, 1346047.000000
1516084276.681429, 13, 1368898.250000
1516084276.781988, 13, 1389464.375000
1516084276.882277, 13, 1407974.000000
1516084276.982466, 12, 1412520.625000
1516084277.082856, 15, 1452948.500000
1516084277.183015, 12, 1452997.625000
1516084277.283427, 13, 1465153.875000
1516084277.383883, 8, 1415534.500000
1516084277.484384, 10, 1395101.000000
1516084277.584597, 11, 1388822.875000
1516084277.684752, 10, 1371060.625000
1516084277.784941, 10, 1355074.500000
1516084277.885123, 11, 1352799.000000
1516084277.985232, 11, 1350751.125000
1516084278.085703, 11, 1348908.000000
1516084278.185826, 11, 1347249.250000
1516084278.286206, 12, 1357868.375000
1516084278.386377, 13, 1379537.500000
1516084278.486496, 15, 1423263.750000
1516084278.586606, 16, 1474729.375000
1516084278.686997, 15, 1508936.500000
1516084278.787282, 15, 1539722.875000
1516084278.887376, 16, 1579542.625000
1516084278.987540, 17, 1627492.375000
1516084279.087746, 17, 1670647.125000
1516084279.189459, 20, 1745822.375000
1516084279.289656, 21, 1825592.125000
1516084279.389787, 21, 1897384.875000
1516084279.490238, 22, 1974110.375000
1516084279.590472, 10, 1897819.375000
1516084279.690603, 12, 1853381.500000
1516084279.790747, 17, 1873947.375000
1516084279.890872, 18, 1904568.625000
1516084279.990979, 17, 1920015.750000
1516084280.091099, 15, 1909694.125000
1516084280.191195, 18, 1936740.750000
1516084280.291413, 18, 1961082.625000
1516084280.391512, 20, 2007214.375000
1516084280.492068, 20, 2048733.000000
1516084280.592203, 21, 2098211.750000
1516084280.692387, 20, 2130630.500000
1516084280.792802, 21, 2171919.500000
1516084280.893097, 21, 2209079.500000
1516084280.993230, 20, 2230411.500000
1516084281.093409, 21, 2261722.250000
1516084281.193560, 20, 2277790.000000
1516084281.293729, 18, 2268027.000000
1516084281.393831, 20, 2283464.250000
1516084281.494044, 19, 2285245.750000
1516084281.594208, 19, 2286849.250000
1516084281.694309, 19, 2288292.250000
1516084281.794407, 20, 2301703.000000
1516084281.894778, 19, 2301660.750000
1516084281.995147, 18, 2289510.750000
1516084282.095304, 19, 2290687.750000
1516084282.195393, 19, 2291747.000000
1516084282.295491, 20, 2304812.250000
1516084282.395593, 19, 2304459.000000
1516084282.495790, 19, 2304141.000000
1516084282.596287, 19, 2303855.000000
1516084282.696384, 19, 2303597.500000
1516084282.796548, 19, 2303365.750000
1516084282.896654, 20, 2315269.250000
1516084282.996952, 19, 2313870.250000
1516084283.097379, 20, 2324723.250000
1516084283.197489, 19, 2322379.000000
1516084283.297884, 20, 2332381.000000
1516084283.398002, 19, 2329271.000000
1516084283.498215, 19, 2326472.000000
1516084283.598315, 20, 2336064.750000
1516084283.698426, 19, 2332586.250000
1516084283.798542, 20, 2341567.500000
1516084283.898723, 19, 2337538.750000
1516084283.998821, 19, 2333913.000000
1516084284.098914, 20, 2342761.750000
1516084284.199287, 20, 2350725.500000
1516084284.299486, 19, 2345781.000000
1516084284.399660, 19, 2341331.000000
1516084284.500083, 20, 2349438.000000
1516084284.600224, 20, 2356734.250000
1516084284.700300, 19, 2351188.750000
1516084284.800443, 20, 2358310.000000
1516084284.901073, 19, 2352607.000000
1516084285.001210, 20, 2359586.250000
1516084285.101649, 19, 2353755.500000
1516084285.201858, 20, 2360620.000000
1516084285.302182, 20, 2366798.000000
1516084285.402492, 19, 2360246.250000
1516084285.502952, 20, 2366461.500000
1516084285.603323, 20, 2372055.250000
1516084285.703693, 19, 2364977.750000
1516084285.804542, 20, 2370720.000000
1516084285.904716, 20, 2375888.000000
1516084286.004796, 19, 2368427.250000
1516084286.105360, 20, 2373824.500000
1516084286.205546, 19, 2366570.000000
1516084286.305696, 20, 2372153.000000
1516084286.405775, 20, 2377177.750000
1516084286.506243, 19, 2369588.000000
1516084286.606460, 20, 2374869.250000
1516084286.706983, 20, 2379622.250000
1516084286.807156, 20, 2383900.000000
1516084286.907337, 20, 2387750.000000
1516084287.007432, 20, 2391215.000000
1516084287.107615, 19, 2382221.500000
1516084287.208055, 20, 2386239.250000
1516084287.308162, 20, 2389855.250000
1516084287.408967, 20, 2393109.750000
1516084287.509079, 20, 2396038.750000
1516084287.609239, 20, 2398675.000000
1516084287.709463, 20, 2401047.500000
1516084287.809551, 19, 2391070.750000
1516084287.909700, 20, 2394203.750000
1516084288.009813, 20, 2397023.500000
1516084288.110383, 20, 2399561.250000
1516084288.210483, 20, 2401845.000000
1516084288.310640, 19, 2391788.500000
1516084288.410729, 20, 2394849.750000
1516084288.510873, 20, 2397604.750000
1516084288.610968, 20, 2400084.250000
1516084288.711081, 20, 2402315.750000
1516084288.811165, 20, 2404324.250000
1516084288.911371, 20, 2406131.750000
1516084289.011590, 20, 2407758.500000
1516084289.111706, 20, 2409222.750000
1516084289.211807, 20, 2410540.500000
1516084289.312057, 20, 2411726.500000
1516084289.412167, 20, 2412793.750000
1516084289.512289, 20, 2413754.500000
1516084289.612489, 20, 2414619.000000
1516084289.712583, 20, 2415397.000000
1516084289.812987, 20, 2416097.250000
1516084289.913086, 20, 2416727.500000
1516084290.013341, 20, 2417294.750000
1516084290.113443, 20, 2417805.250000
1516084290.213551, 20, 2418264.750000
1516084290.313634, 20, 2418678.250000
1516084290.413727, 20, 2419050.500000
1516084290.513891, 20, 2419385.500000
1516084290.614104, 20, 2419687.000000
1516084290.714247, 21, 2432070.250000
1516084290.814408, 20, 2431103.250000
1516084290.914496, 20, 2430233.000000
1516084291.014731, 20, 2429449.750000
1516084291.114887, 20, 2428744.750000
1516084291.215096, 20, 2428110.250000
1516084291.315201, 20, 2427539.250000
1516084291.415300, 20, 2427025.250000
1516084291.515791, 21, 2438674.750000
1516084291.615926, 20, 2437047.250000
1516084291.716099, 20, 2435582.500000
1516084291.816226, 20, 2434264.250000
1516084291.916326, 20, 2433077.750000
1516084292.016413, 21, 2444122.000000
1516084292.116619, 20, 2441949.750000
1516084292.216808, 20, 2439994.750000
1516084292.316985, 21, 2450347.250000
1516084292.417077, 20, 2447552.500000
1516084292.517248, 20, 2445037.250000
1516084292.617400, 21, 2454885.500000
1516084292.717572, 20, 2451637.000000
1516084292.817783, 20, 2448713.250000
1516084292.917955, 21, 2458194.000000
1516084293.018167, 19, 2442502.500000
1516084293.118582, 22, 2464716.250000
1516084293.219022, 20, 2460484.500000
1516084293.319402, 20, 2456676.000000
1516084293.419584, 20, 2453248.500000
1516084293.519782, 20, 2450163.750000
1516084293.620233, 22, 2471611.500000
1516084293.720684, 20, 2466690.250000
1516084293.820928, 20, 2462261.250000
1516084293.921925, 20, 2458275.000000
1516084294.022245, 21, 2466799.500000
1516084294.123235, 20, 2462359.500000
1516084294.223413, 21, 2470475.500000
1516084294.323800, 21, 2477780.000000
1516084294.423979, 20, 2472242.000000
1516084294.524308, 21, 2479369.750000
1516084294.624455, 20, 2473672.750000
1516084294.724821, 20, 2468545.500000
1516084294.825119, 21, 2476043.000000
1516084294.925303, 20, 2470678.750000
1516084295.025542, 21, 2477963.000000
1516084295.125650, 21, 2484518.750000
1516084295.225741, 20, 2478307.000000
1516084295.325824, 21, 2484828.250000
1516084295.425937, 20, 2478585.500000
1516084295.526111, 21, 2485079.000000
1516084295.626202, 21, 2490923.000000
1516084295.726356, 20, 2484070.750000
1516084295.826543, 21, 2490015.750000
1516084295.926730, 21, 2495366.250000
1516084296.027002, 20, 2488069.500000
1516084296.127186, 21, 2493614.500000
1516084296.227275, 21, 2498605.000000
1516084296.327438, 21, 2503096.500000
1516084296.427758, 20, 2495026.750000
1516084296.527930, 21, 2499876.000000
1516084296.628108, 21, 2504240.500000
1516084296.728359, 21, 2508168.500000
1516084296.828447, 21, 2511703.750000
1516084296.928532, 20, 2502773.500000
1516084297.028619, 21, 2506848.250000
1516084297.128780, 21, 2510515.500000
1516084297.228876, 21, 2513816.000000
1516084297.328969, 20, 2504674.500000
1516084297.429059, 21, 2508559.000000
1516084297.529207, 21, 2512055.000000
1516084297.629563, 21, 2515201.500000
1516084297.729956, 21, 2518033.250000
1516084297.830371, 20, 2508470.000000
1516084297.930604, 21, 2511975.000000
1516084298.030717, 21, 2515129.500000
1516084298.131458, 21, 2517968.500000
1516084298.231796, 21, 2520523.750000
1516084298.331940, 21, 2522823.500000
1516084298.432373, 20, 2512781.250000
1516084298.532796, 21, 2515855.000000
1516084298.634040, 22, 2530733.500000
1516084298.734290, 21, 2532012.250000
1516084298.837982, 21, 2533163.000000
1516084298.938646, 21, 2534198.750000
1516084299.038838, 21, 2535131.000000
1516084299.139257, 21, 2535970.000000
1516084299.239450, 21, 2536725.000000
1516084299.339650, 21, 2537404.500000
1516084299.439745, 21, 2538016.000000
1516084299.539928, 21, 2538566.500000
1516084299.640048, 21, 2539061.750000
1516084299.740154, 21, 2539507.500000
1516084299.840614, 21, 2539908.750000
1516084299.940946, 21, 2540270.000000
1516084300.041242, 21, 2540595.000000
1516084300.141436, 21, 2540887.500000
1516084300.241546, 20, 2529038.750000
1516084300.341654, 21, 2530487.000000
1516084300.441727, 21, 2531790.250000
1516084300.541800, 21, 2532963.250000
1516084300.641901, 20, 2521907.000000
1516084300.741994, 22, 2536180.250000
1516084300.842143, 21, 2536914.250000
1516084300.942284, 20, 2525462.750000
1516084301.042409, 20, 2515156.500000
1516084301.142623, 21, 2517992.750000
1516084301.242766, 21, 2520545.500000
1516084301.342883, 21, 2522843.000000
1516084301.443033, 21, 2524910.750000
1516084301.543457, 21, 2526771.750000
1516084301.643695, 20, 2516334.500000
1516084301.746195, 22, 2531165.000000
1516084301.846595, 21, 2532400.500000
1516084301.946982, 21, 2533512.500000
1516084302.047352, 21, 2534513.250000
1516084302.147832, 20, 2523302.000000
1516084302.248123, 21, 2525323.750000
1516084302.348461, 21, 2527143.500000
1516084302.448588, 21, 2528781.250000
1516084302.548839, 21, 2530255.000000
1516084302.649096, 20, 2519469.500000
1516084302.749475, 21, 2521874.500000
1516084302.849573, 21, 2524039.000000
1516084302.949670, 20, 2513875.000000
1516084303.049795, 21, 2516839.500000
1516084303.150263, 22, 2531619.500000
1516084303.250707, 20, 2520697.500000
1516084303.350812, 21, 2522979.750000
1516084303.451129, 21, 2525033.750000
1516084303.551340, 21, 2526882.500000
1516084303.651782, 21, 2528546.250000
1516084303.751953, 21, 2530043.500000
1516084303.852055, 21, 2531391.250000
1516084303.952480, 21, 2532604.000000
1516084304.052831, 20, 2521583.500000
1516084304.153172, 22, 2535889.250000
1516084304.253510, 21, 2536652.250000
1516084304.353704, 21, 2537339.000000
1516084304.454004, 21, 2537957.000000
1516084304.554476, 20, 2526401.250000
1516084304.654900, 21, 2528113.000000
1516084304.755085, 21, 2529653.750000
1516084304.855175, 21, 2531040.500000
1516084304.955292, 21, 2532288.500000
1516084305.055392, 21, 2533411.750000
1516084305.155789, 21, 2534422.500000
1516084305.256207, 21, 2535332.250000
1516084305.356562, 21, 2536151.000000
1516084305.456734, 22, 2549000.000000
1516084305.557091, 20, 2536340.000000
1516084305.657263, 21, 2537058.000000
1516084305.757361, 21, 2537704.250000
1516084305.857470, 21, 2538285.750000
1516084305.957561, 20, 2526697.250000
1516084306.057669, 21, 2528379.500000
1516084306.158772, 21, 2529893.500000
1516084306.258886, 21, 2531256.250000
1516084306.358999, 22, 2544594.500000
1516084306.459174, 21, 2544487.000000
1516084306.559298, 21, 2544390.250000
1516084306.659429, 21, 2544303.250000
1516084306.759616, 21, 2544225.000000
1516084306.859885, 21, 2544154.500000
1516084306.960279, 21, 2544091.000000
1516084307.060747, 21, 2544034.000000
1516084307.161164, 21, 2543982.500000
1516084307.261349, 22, 2556048.250000
1516084307.361490, 20, 2542683.500000
1516084307.461880, 21, 2542767.250000
1516084307.562021, 21, 2542842.500000
1516084307.662135, 21, 2542910.250000
1516084307.762308, 21, 2542971.250000
1516084307.862427, 21, 2543026.000000
1516084307.962603, 21, 2543075.500000
1516084308.062799, 21, 2543120.000000
1516084308.163000, 21, 2543160.000000
1516084308.263188, 21, 2543196.000000
1516084308.363367, 21, 2543228.500000
1516084308.463635, 22, 2555369.750000
1516084308.564105, 21, 2554184.750000
1516084308.664270, 21, 2553118.250000
1516084308.764453, 21, 2552158.500000
1516084308.864615, 21, 2551294.750000
1516084308.964797, 21, 2550517.250000
1516084309.064914, 21, 2549817.500000
1516084309.165039, 21, 2549187.750000
1516084309.265136, 22, 2560733.000000
1516084309.365299, 21, 2559011.750000
1516084309.465430, 21, 2557462.500000
1516084309.565615, 21, 2556068.250000
1516084309.665772, 21, 2554813.500000
1516084309.765947, 21, 2553684.250000
1516084309.866335, 22, 2564779.750000
1516084309.966510, 21, 2562653.750000
1516084310.066719, 21, 2560740.500000
1516084310.166855, 21, 2559018.500000
1516084310.267101, 21, 2557468.750000
1516084310.367315, 21, 2556074.000000
1516084310.467437, 21, 2554818.500000
1516084310.567654, 21, 2553688.750000
1516084310.668030, 22, 2564784.000000
1516084310.768152, 21, 2562657.500000
1516084310.868304, 21, 2560743.750000
1516084310.968478, 21, 2559021.500000
1516084311.068591, 22, 2569583.250000
1516084311.168801, 21, 2566977.000000
1516084311.269038, 21, 2564631.250000
1516084311.369216, 21, 2562520.000000
1516084311.469463, 22, 2572732.000000
1516084311.569635, 21, 2569810.750000
1516084311.669736, 21, 2567181.750000
1516084311.769841, 21, 2564815.500000
1516084311.870014, 21, 2562686.000000
1516084311.970102, 21, 2560769.500000
1516084312.070229, 21, 2559044.500000
1516084312.170805, 21, 2557492.000000
1516084312.270971, 22, 2568206.750000
1516084312.371154, 21, 2565738.000000
1516084312.471364, 21, 2563516.250000
1516084312.571893, 21, 2561516.500000
1516084312.672189, 21, 2559716.750000
1516084312.772460, 22, 2570209.000000
1516084312.872808, 21, 2567540.000000
1516084312.973080, 21, 2565138.000000
1516084313.073213, 22, 2575088.250000
1516084313.173335, 20, 2559819.500000
1516084313.273704, 22, 2570301.500000
1516084313.373864, 21, 2567623.250000
1516084313.474530, 22, 2577325.000000
1516084313.574905, 20, 2561832.500000
1516084313.675260, 22, 2572113.250000
1516084313.775762, 21, 2569254.000000
1516084313.875902, 22, 2578792.500000
1516084313.976227, 20, 2563153.250000
1516084314.076327, 21, 2561190.000000
1516084314.176485, 22, 2571535.000000
1516084314.276645, 21, 2568733.500000
1516084314.376861, 21, 2566212.250000
1516084314.477042, 22, 2576055.000000
1516084314.577214, 21, 2572801.500000
1516084314.677407, 21, 2569873.250000
1516084314.777583, 21, 2567238.000000
1516084314.877669, 22, 2576978.250000
1516084314.977767, 21, 2573632.500000
1516084315.078009, 21, 2570621.250000
1516084315.178125, 21, 2567911.000000
1516084315.278320, 21, 2565472.000000
1516084315.378407, 22, 2575388.750000
1516084315.478576, 21, 2572202.000000
1516084315.579073, 21, 2569333.750000
1516084315.679290, 21, 2566752.500000
1516084315.779467, 21, 2564429.250000
1516084315.879565, 22, 2574450.250000
1516084315.979695, 21, 2571357.250000
1516084316.079895, 21, 2568573.500000
1516084316.179996, 21, 2566068.250000
1516084316.280107, 21, 2563813.500000
1516084316.380287, 21, 2561784.250000
1516084316.480460, 21, 2559957.750000
1516084316.580631, 22, 2570426.000000
1516084316.680717, 21, 2567735.500000
1516084316.780884, 21, 2565314.000000
1516084316.881105, 21, 2563134.500000
1516084316.981263, 21, 2561173.000000
1516084317.081446, 21, 2559407.750000
1516084317.181669, 21, 2557819.000000
1516084317.281897, 22, 2568501.000000
1516084317.382012, 21, 2566003.000000
1516084317.482378, 20, 2551642.750000
1516084317.585164, 21, 2550830.500000
1516084317.685257, 22, 2562211.500000
1516084317.785423, 21, 2560342.250000
1516084317.885529, 21, 2558660.000000
1516084317.985758, 21, 2557146.000000
1516084318.085906, 21, 2555783.500000
1516084318.186108, 21, 2554557.250000
1516084318.286214, 21, 2553453.500000
1516084318.386390, 21, 2552460.250000
1516084318.486582, 21, 2551566.250000
1516084318.586672, 21, 2550761.500000
1516084318.686780, 21, 2550037.250000
1516084318.787168, 21, 2549385.500000
1516084318.887275, 21, 2548799.000000
1516084318.987437, 21, 2548271.000000
1516084319.087795, 21, 2547796.000000
1516084319.187942, 21, 2547368.500000
1516084319.288042, 21, 2546983.750000
1516084319.388336, 21, 2546637.500000
1516084319.488610, 21, 2546325.750000
1516084319.588715, 21, 2546045.250000
1516084319.688872, 21, 2545792.750000
1516084319.789063, 20, 2533453.500000
1516084319.889160, 22, 2546572.250000
1516084319.989582, 21, 2546267.000000
1516084320.089830, 21, 2545992.250000
1516084320.190025, 21, 2545745.000000
1516084320.290183, 20, 2533410.500000
1516084320.390379, 21, 2534421.500000
1516084320.490464, 21, 2535331.250000
1516084320.590866, 20, 2524038.000000
1516084320.691090, 21, 2525986.250000
1516084320.791179, 21, 2527739.500000
1516084320.891400, 21, 2529317.500000
1516084320.991900, 21, 2530737.750000
1516084321.092334, 21, 2532016.000000
1516084321.192490, 21, 2533166.500000
1516084321.292649, 21, 2534201.750000
1516084321.392802, 21, 2535133.500000
1516084321.493028, 21, 2535972.250000
1516084321.593144, 21, 2536727.000000
1516084321.693330, 21, 2537406.250000
1516084321.793533, 21, 2538017.500000
1516084321.893713, 21, 2538567.750000
1516084321.993889, 21, 2539063.000000
1516084322.094069, 21, 2539508.750000
1516084322.194234, 21, 2539910.000000
1516084322.294463, 21, 2540271.000000
1516084322.394675, 21, 2540596.000000
1516084322.494875, 21, 2540888.500000
1516084322.599603, 21, 2541151.750000
1516084322.699715, 22, 2553500.500000
1516084322.799839, 21, 2552502.500000
1516084322.899930, 21, 2551604.250000
1516084323.000022, 21, 2550795.750000
1516084323.100188, 21, 2550068.250000
1516084323.200277, 21, 2549413.500000
1516084323.300498, 20, 2536712.250000
1516084323.400732, 21, 2537393.000000
1516084323.500827, 21, 2538005.750000
1516084323.600927, 21, 2538557.250000
1516084323.701003, 21, 2539053.500000
1516084323.801082, 21, 2539500.250000
1516084323.901160, 21, 2539902.250000
1516084324.001239, 22, 2552376.000000
1516084324.101358, 28, 2636274.500000
1516084324.201486, 31, 2748119.000000
1516084324.301574, 33, 2873003.000000
