1516099180.72 1 1 2500.0 2500.0 4500.0 3166.66666667
1516099180.81 1 1 2500.0 2500.0 4500.0 3611.11111111
1516099180.92 1 1 2500.0 2500.0 4500.0 3907.40740741
1516099181.01 1 1 2500.0 2500.0 4500.0 4104.9382716
1516099181.11 1 1 2500.0 2500.0 4500.0 4236.6255144
1516099181.21 1 1 2500.0 2500.0 4500.0 4324.4170096
1516099181.32 1 1 2500.0 2500.0 4500.0 4382.94467307
1516099181.41 1 1 2500.0 2500.0 4500.0 4421.96311538
1516099181.5 1 1 2500.0 2500.0 4500.0 4447.97541025
1516099181.61 1 1 2500.0 2500.0 4500.0 4465.31694017
1516099181.71 1 1 2500.0 2500.0 4500.0 4476.87796011
1516099181.81 1 1 2500.0 2500.0 4500.0 4484.58530674
1516099181.92 1 1 2500.0 2500.0 4500.0 4489.72353783
1516099182.01 1 1 2500.0 2500.0 4500.0 4493.14902522
1516099182.11 1 1 2500.0 2500.0 4500.0 4495.43268348
1516099182.21 1 1 2500.0 2500.0 4500.0 4496.95512232
1516099182.31 1 1 2500.0 2500.0 4500.0 4497.97008155
1516099182.41 1 1 2500.0 2500.0 4500.0 4498.64672103
1516099182.51 1 1 2500.0 2500.0 4500.0 4499.09781402
1516099182.61 1 1 2500.0 2500.0 4500.0 4499.39854268
1516099182.71 1 1 2500.0 2500.0 4500.0 4499.59902845
1516099182.81 1 1 2500.0 2500.0 4500.0 4499.73268564
1516099182.91 1 1 2500.0 2500.0 4500.0 4499.82179042
1516099183.01 1 1 2500.0 2500.0 4500.0 4499.88119362
1516099183.11 1 1 2500.0 2500.0 4500.0 4499.92079574
1516099183.21 1 1 2500.0 2500.0 4500.0 4499.94719716
1516099183.31 1 1 2500.0 2500.0 4500.0 4499.96479811
1516099183.41 1 1 2500.0 2500.0 4500.0 4499.97653207
1516099183.51 1 1 2500.0 2500.0 4500.0 4499.98435471
1516099183.61 1 1 2500.0 2500.0 4500.0 4499.98956981
1516099183.75 1 1 2500.0 2500.0 4500.0 4499.99304654
1516099183.81 1 1 2500.0 2500.0 4500.0 4499.99536436
1516099183.92 1 1 2500.0 2500.0 4500.0 4499.99690957
1516099184.01 1 1 2500.0 2500.0 4500.0 4499.99793972
1516099184.12 1 1 2500.0 2500.0 4500.0 4499.99862648
1516099184.25 1 1 2500.0 2500.0 4500.0 4499.99908432
1516099184.31 1 1 2500.0 2500.0 4500.0 4499.99938955
1516099184.41 1 1 2500.0 2500.0 4500.0 4499.99959303
1516099184.52 1 1 2500.0 2500.0 4500.0 4499.99972869
1516099184.61 1 1 2500.0 2500.0 4500.0 4499.99981912
1516099184.71 1 1 2500.0 2500.0 4500.0 4499.99987942
1516099184.81 1 1 2500.0 2500.0 4500.0 4499.99991961
1516099184.92 1 1 2500.0 2500.0 4500.0 4499.99994641
1516099185.01 1 1 2500.0 2500.0 4500.0 4499.99996427
1516099185.11 1 1 2500.0 2500.0 4500.0 4499.99997618
1516099185.22 1 1 2500.0 2500.0 4500.0 4499.99998412
1516099185.32 1 1 2500.0 2500.0 4500.0 4499.99998941
1516099185.42 1 1 2500.0 2500.0 4500.0 4499.99999294
1516099185.51 1 1 2500.0 2500.0 4500.0 4499.9999953
1516099185.62 1 1 2500.0 2500.0 4500.0 4499.99999686
1516099185.71 1 1 2500.0 2500.0 4500.0 4499.99999791
1516099185.82 1 1 2500.0 2500.0 4500.0 4499.99999861
1516099185.92 1 1 2500.0 2500.0 4500.0 4499.99999907
1516099186.02 1 1 2500.0 2500.0 4500.0 4499.99999938
1516099186.12 1 1 2500.0 2500.0 4500.0 4499.99999959
1516099186.22 1 1 2500.0 2500.0 4500.0 4499.99999972
1516099186.33 1 1 2500.0 2500.0 4500.0 4499.99999982
1516099186.42 1 1 2500.0 2500.0 4500.0 4499.99999988
1516099186.52 1 1 2500.0 2500.0 4500.0 4499.99999992
1516099186.62 1 1 2500.0 2500.0 4500.0 4499.99999995
1516099186.72 1 1 2500.0 2500.0 4500.0 4499.99999996
1516099186.83 1 1 2500.0 2500.0 4500.0 4499.99999998
1516099186.92 1 1 2500.0 2500.0 4500.0 4499.99999998
1516099187.02 1 1 2500.0 2500.0 4500.0 4499.99999999
1516099187.13 1 1 2500.0 2500.0 4500.0 4499.99999999
1516099187.23 1 1 2500.0 2500.0 4500.0 4500.0
1516099187.32 1 1 2500.0 2500.0 4500.0 4500.0
1516099187.43 1 1 2500.0 2500.0 4500.0 4500.0
1516099187.52 1 1 2500.0 2500.0 4500.0 4500.0
1516099187.63 1 1 2500.0 2500.0 4500.0 4500.0
1516099187.72 1 1 2500.0 2500.0 4500.0 4500.0
1516099187.82 1 1 2500.0 2500.0 4500.0 4500.0
1516099187.92 1 1 2500.0 2500.0 4500.0 4500.0
1516099188.02 1 1 2500.0 2500.0 4500.0 4500.0
1516099188.12 1 1 2500.0 2500.0 4500.0 4500.0
1516099188.22 1 1 2500.0 2500.0 4500.0 4500.0
1516099188.33 1 1 2500.0 2500.0 4500.0 4500.0
1516099188.42 1 1 2500.0 2500.0 4500.0 4500.0
1516099188.52 1 1 2500.0 2500.0 4500.0 4500.0
1516099188.62 1 1 2500.0 2500.0 4500.0 4500.0
1516099188.72 1 1 2500.0 2500.0 4500.0 4500.0
1516099188.82 1 1 2500.0 2500.0 4500.0 4500.0
1516099188.92 1 1 2500.0 2500.0 4500.0 4500.0
1516099189.02 1 1 2500.0 2500.0 4500.0 4500.0
1516099189.12 1 1 2500.0 2500.0 4500.0 4500.0
1516099189.22 1 1 2500.0 2500.0 4500.0 4500.0
1516099189.32 1 1 2500.0 2500.0 4500.0 4500.0
1516099189.42 1 1 2500.0 2500.0 4500.0 4500.0
1516099189.52 1 1 2500.0 2500.0 4500.0 4500.0
1516099189.62 1 1 2500.0 2500.0 4500.0 4500.0
1516099189.72 1 1 2500.0 2500.0 4500.0 4500.0
1516099189.82 1 1 2500.0 2500.0 4500.0 4500.0
1516099189.92 1 1 2500.0 2500.0 4500.0 4500.0
1516099190.02 1 1 2500.0 2500.0 4500.0 4500.0
1516099190.12 1 1 2500.0 2500.0 4500.0 4500.0
1516099190.22 1 1 2500.0 2500.0 4500.0 4500.0
1516099190.33 1 1 2500.0 2500.0 4500.0 4500.0
1516099190.43 1 1 2500.0 2500.0 4500.0 4500.0
1516099190.53 1 1 2500.0 2500.0 4500.0 4500.0
1516099190.62 1 1 2500.0 2500.0 4500.0 4500.0
1516099190.73 1 1 2500.0 2500.0 4500.0 4500.0
1516099190.83 1 1 2500.0 2500.0 4500.0 4500.0
1516099190.93 1 1 2500.0 2500.0 4500.0 4500.0
1516099191.03 1 1 2500.0 2500.0 4500.0 4500.0
1516099191.13 1 1 2500.0 2500.0 4500.0 4500.0
1516099191.26 1 1 2500.0 2500.0 4500.0 4500.0
1516099191.34 1 1 2500.0 2500.0 4500.0 4500.0
1516099191.44 1 1 2500.0 2500.0 4500.0 4500.0
1516099191.54 1 1 2500.0 2500.0 4500.0 4500.0
1516099191.64 1 1 2500.0 2500.0 4500.0 4500.0
1516099191.74 1 1 2500.0 2500.0 4500.0 4500.0
1516099191.85 1 1 2500.0 2500.0 4500.0 4500.0
1516099191.94 1 1 2500.0 2500.0 4500.0 4500.0
1516099192.04 1 1 2500.0 2500.0 4500.0 4500.0
1516099192.14 1 1 2500.0 2500.0 4500.0 4500.0
1516099192.25 1 1 2500.0 2500.0 4500.0 4500.0
1516099192.33 1 1 2500.0 2500.0 4500.0 4500.0
1516099192.43 1 1 2500.0 2500.0 4500.0 4500.0
1516099192.53 1 1 2500.0 2500.0 4500.0 4500.0
1516099192.63 1 1 2500.0 2500.0 4500.0 4500.0
1516099192.73 1 1 2500.0 2500.0 4500.0 4500.0
1516099192.83 1 1 2500.0 2500.0 4500.0 4500.0
1516099192.93 1 1 2500.0 2500.0 4500.0 4500.0
1516099193.03 1 1 2500.0 2500.0 4500.0 4500.0
1516099193.13 1 1 2500.0 2500.0 4500.0 4500.0
1516099193.23 1 1 2500.0 2500.0 4500.0 4500.0
1516099193.33 1 1 2500.0 2500.0 4500.0 4500.0
1516099193.43 1 1 2500.0 2500.0 4500.0 4500.0
1516099193.53 1 1 2500.0 2500.0 4500.0 4500.0
1516099193.63 1 1 2500.0 2500.0 4500.0 4500.0
1516099193.73 1 1 2500.0 2500.0 4500.0 4500.0
1516099193.83 1 1 2500.0 2500.0 4500.0 4500.0
1516099193.93 1 1 2500.0 2500.0 4500.0 4500.0
1516099194.03 1 1 2500.0 2500.0 4500.0 4500.0
1516099194.13 1 1 2500.0 2500.0 4500.0 4500.0
1516099194.23 1 1 2500.0 2500.0 4500.0 4500.0
1516099194.33 1 1 2500.0 2500.0 4500.0 4500.0
1516099194.43 1 1 2500.0 2500.0 4500.0 4500.0
1516099194.53 1 1 2500.0 2500.0 4500.0 4500.0
1516099194.63 1 1 2500.0 2500.0 4500.0 4500.0
1516099194.73 1 1 2500.0 2500.0 4500.0 4500.0
1516099194.83 1 1 2500.0 2500.0 4500.0 4500.0
1516099194.93 1 1 2500.0 2500.0 4500.0 4500.0
1516099195.03 1 1 2500.0 2500.0 4500.0 4500.0
1516099195.13 1 1 2500.0 2500.0 4500.0 4500.0
1516099195.23 1 1 2500.0 2500.0 4500.0 4500.0
1516099195.33 1 1 2500.0 2500.0 4500.0 4500.0
1516099195.43 1 1 2500.0 2500.0 4500.0 4500.0
1516099195.53 1 1 2500.0 2500.0 4500.0 4500.0
1516099195.63 1 1 2500.0 2500.0 4500.0 4500.0
1516099195.74 1 1 2500.0 2500.0 4500.0 4500.0
1516099195.84 1 1 2500.0 2500.0 4500.0 4500.0
1516099195.95 1 1 2500.0 2500.0 4500.0 4500.0
1516099196.04 1 1 2500.0 2500.0 4500.0 4500.0
1516099196.14 1 1 2500.0 2500.0 4500.0 4500.0
1516099196.24 1 1 2500.0 2500.0 4500.0 4500.0
1516099196.43 1 1 2500.0 2500.0 4500.0 4500.0
1516099196.49 1 1 2500.0 2500.0 4500.0 4500.0
1516099196.58 1 1 2500.0 2500.0 4500.0 4500.0
1516099196.68 1 1 2500.0 2500.0 4500.0 4500.0
1516099196.77 1 1 2500.0 2500.0 4500.0 4500.0
1516099196.88 1 1 2500.0 2500.0 4500.0 4500.0
1516099196.98 1 1 2500.0 2500.0 4500.0 4500.0
1516099197.08 1 1 2500.0 2500.0 4500.0 4500.0
1516099197.18 1 1 2500.0 2500.0 4500.0 4500.0
1516099197.36 1 1 2500.0 2500.0 4500.0 4500.0
1516099197.42 1 1 2500.0 2500.0 4500.0 4500.0
1516099197.52 1 1 2500.0 2500.0 4500.0 4500.0
1516099197.62 1 1 2500.0 2500.0 4500.0 4500.0
1516099197.71 1 1 2500.0 2500.0 4500.0 4500.0
1516099197.82 1 1 2500.0 2500.0 4500.0 4500.0
1516099197.92 1 1 2500.0 2500.0 4500.0 4500.0
1516099198.02 1 1 2500.0 2500.0 4500.0 4500.0
1516099198.2 1 1 2500.0 2500.0 4500.0 4500.0
1516099198.26 1 1 2500.0 2500.0 4500.0 4500.0
1516099198.35 1 1 2500.0 2500.0 4500.0 4500.0
1516099198.46 1 1 2500.0 2500.0 4500.0 4500.0
1516099198.56 1 1 2500.0 2500.0 4500.0 4500.0
1516099198.66 1 1 2500.0 2500.0 4500.0 4500.0
1516099198.76 1 1 2500.0 2500.0 4500.0 4500.0
1516099198.87 1 1 2500.0 2500.0 4500.0 4500.0
1516099198.96 1 1 2500.0 2500.0 4500.0 4500.0
1516099199.06 1 1 2500.0 2500.0 4500.0 4500.0
1516099199.17 1 1 2500.0 2500.0 4500.0 4500.0
1516099199.26 1 1 2500.0 2500.0 4500.0 4500.0
1516099199.37 1 1 2500.0 2500.0 4500.0 4500.0
1516099199.47 1 1 2500.0 2500.0 4500.0 4500.0
1516099199.57 1 1 2500.0 2500.0 4500.0 4500.0
1516099199.67 1 1 2500.0 2500.0 4500.0 4500.0
1516099199.77 1 1 2500.0 2500.0 4500.0 4500.0
1516099199.87 1 1 2500.0 2500.0 4500.0 4500.0
1516099199.97 1 1 2500.0 2500.0 4500.0 4500.0
1516099200.06 1 1 2500.0 2500.0 4500.0 4500.0
1516099200.16 1 1 2500.0 2500.0 4500.0 4500.0
1516099200.31 1 1 2500.0 2500.0 4500.0 4500.0
1516099200.38 1 1 2500.0 2500.0 4500.0 4500.0
1516099200.48 1 1 2500.0 2500.0 4500.0 4500.0
1516099200.64 1 1 2500.0 2500.0 4500.0 4500.0
1516099200.71 1 1 2500.0 2500.0 4500.0 4500.0
1516099200.8 1 1 2500.0 2500.0 4500.0 4500.0
1516099200.9 1 1 2500.0 2500.0 4500.0 4500.0
1516099200.99 1 1 2500.0 2500.0 4500.0 4500.0
1516099201.1 1 1 2500.0 2500.0 4500.0 4500.0
1516099201.19 1 1 2500.0 2500.0 4500.0 4500.0
1516099201.29 1 1 2500.0 2500.0 4500.0 4500.0
1516099201.39 1 1 2500.0 2500.0 4500.0 4500.0
1516099201.49 1 1 2500.0 2500.0 4500.0 4500.0
1516099201.59 1 1 2500.0 2500.0 4500.0 4500.0
1516099201.7 1 1 2500.0 2500.0 4500.0 4500.0
1516099201.8 1 1 2500.0 2500.0 4500.0 4500.0
1516099201.98 1 1 2500.0 2500.0 4500.0 4500.0
1516099202.04 1 1 2500.0 2500.0 4500.0 4500.0
1516099202.15 1 1 2500.0 2500.0 4500.0 4500.0
1516099202.24 1 1 2500.0 2500.0 4500.0 4500.0
1516099202.35 1 1 2500.0 2500.0 4500.0 4500.0
1516099202.44 1 1 2500.0 2500.0 4500.0 4500.0
1516099202.55 1 1 2500.0 2500.0 4500.0 4500.0
1516099202.65 1 1 2500.0 2500.0 4500.0 4500.0
1516099202.75 1 1 2500.0 2500.0 4500.0 4500.0
1516099202.85 1 1 2500.0 2500.0 4500.0 4500.0
1516099202.94 1 1 2500.0 2500.0 4500.0 4500.0
1516099203.09 1 1 2500.0 2500.0 4500.0 4500.0
1516099203.15 1 1 2500.0 2500.0 4500.0 4500.0
1516099203.25 1 1 2500.0 2500.0 4500.0 4500.0
1516099203.36 1 1 2500.0 2500.0 4500.0 4500.0
1516099203.46 1 1 2500.0 2500.0 4500.0 4500.0
1516099203.56 1 1 2500.0 2500.0 4500.0 4500.0
1516099203.65 1 1 2500.0 2500.0 4500.0 4500.0
1516099203.75 1 1 2500.0 2500.0 4500.0 4500.0
1516099203.85 1 1 2500.0 2500.0 4500.0 4500.0
1516099203.95 1 1 2500.0 2500.0 4500.0 4500.0
1516099204.05 1 1 2500.0 2500.0 4500.0 4500.0
1516099204.15 1 1 2500.0 2500.0 4500.0 4500.0
1516099204.25 1 1 2500.0 2500.0 4500.0 4500.0
1516099204.36 1 1 2500.0 2500.0 4500.0 4500.0
1516099204.46 1 1 2500.0 2500.0 4500.0 4500.0
1516099204.55 1 1 2500.0 2500.0 4500.0 4500.0
1516099204.66 1 1 2500.0 2500.0 4500.0 4500.0
1516099204.84 1 1 2500.0 2500.0 4500.0 4500.0
1516099204.91 1 1 2500.0 2500.0 4500.0 4500.0
1516099205.01 1 1 2500.0 2500.0 4500.0 4500.0
1516099205.18 1 1 2500.0 2500.0 4500.0 4500.0
1516099205.25 1 1 2500.0 2500.0 4500.0 4500.0
1516099205.35 1 1 2500.0 2500.0 4500.0 4500.0
1516099205.45 1 1 2500.0 2500.0 4500.0 4500.0
1516099205.56 1 1 2500.0 2500.0 4500.0 4500.0
1516099205.66 1 1 2500.0 2500.0 4500.0 4500.0
1516099205.75 1 1 2500.0 2500.0 4500.0 4500.0
1516099205.85 1 1 2500.0 2500.0 4500.0 4500.0
1516099205.95 1 1 2500.0 2500.0 4500.0 4500.0
1516099206.06 1 1 2500.0 2500.0 4500.0 4500.0
1516099206.16 1 1 2500.0 2500.0 4500.0 4500.0
1516099206.26 1 1 2500.0 2500.0 4500.0 4500.0
1516099206.36 1 1 2500.0 2500.0 4500.0 4500.0
1516099206.46 1 1 2500.0 2500.0 4500.0 4500.0
1516099206.55 1 1 2500.0 2500.0 4500.0 4500.0
1516099206.65 1 1 2500.0 2500.0 4500.0 4500.0
1516099206.76 1 1 2500.0 2500.0 4500.0 4500.0
1516099206.85 1 1 2500.0 2500.0 4500.0 4500.0
1516099206.95 1 1 2500.0 2500.0 4500.0 4500.0
1516099207.05 1 1 2500.0 2500.0 4500.0 4500.0
1516099207.15 1 1 2500.0 2500.0 4500.0 4500.0
1516099207.32 1 1 2500.0 2500.0 4500.0 4500.0
1516099207.38 1 1 2500.0 2500.0 4500.0 4500.0
1516099207.48 1 1 2500.0 2500.0 4500.0 4500.0
1516099207.59 1 1 2500.0 2500.0 4500.0 4500.0
1516099207.68 1 1 2500.0 2500.0 4500.0 4500.0
1516099207.79 1 1 2500.0 2500.0 4500.0 4500.0
1516099207.89 1 1 2500.0 2500.0 4500.0 4500.0
1516099207.99 1 1 2500.0 2500.0 4500.0 4500.0
1516099208.09 1 1 2500.0 2500.0 4500.0 4500.0
1516099208.19 1 1 2500.0 2500.0 4500.0 4500.0
1516099208.28 1 1 2500.0 2500.0 4500.0 4500.0
1516099208.39 1 1 2500.0 2500.0 4500.0 4500.0
1516099208.49 1 1 2500.0 2500.0 4500.0 4500.0
1516099208.59 1 1 2500.0 2500.0 4500.0 4500.0
1516099208.69 1 1 2500.0 2500.0 4500.0 4500.0
1516099208.79 1 1 2500.0 2500.0 4500.0 4500.0
1516099208.88 1 1 2500.0 2500.0 4500.0 4500.0
1516099208.98 1 1 2500.0 2500.0 4500.0 4500.0
1516099209.09 1 1 2500.0 2500.0 4500.0 4500.0
1516099209.19 1 1 2500.0 2500.0 4500.0 4500.0
1516099209.29 1 1 2500.0 2500.0 4500.0 4500.0
1516099209.4 1 1 2500.0 2500.0 4500.0 4500.0
1516099209.49 1 1 2500.0 2500.0 4500.0 4500.0
1516099209.59 1 1 2500.0 2500.0 4500.0 4500.0
1516099209.68 1 1 2500.0 2500.0 4500.0 4500.0
1516099209.79 1 1 2500.0 2500.0 4500.0 4500.0
1516099209.89 1 1 2500.0 2500.0 4500.0 4500.0
1516099210.0 1 1 2500.0 2500.0 4500.0 4500.0
1516099210.1 1 1 2500.0 2500.0 4500.0 4500.0
1516099210.2 1 1 2500.0 2500.0 4500.0 4500.0
1516099210.28 1 1 2500.0 2500.0 4500.0 4500.0
1516099210.4 1 1 2500.0 2500.0 4500.0 4500.0
1516099210.5 1 1 2500.0 2500.0 4500.0 4500.0
1516099210.59 1 1 2500.0 2500.0 4500.0 4500.0
1516099210.7 1 1 2500.0 2500.0 4500.0 4500.0
1516099210.79 1 1 2500.0 2500.0 4500.0 4500.0
1516099210.89 1 1 2500.0 2500.0 4500.0 4500.0
1516099210.99 1 1 2500.0 2500.0 4500.0 4500.0
1516099211.1 1 1 2500.0 2500.0 4500.0 4500.0
1516099211.2 1 1 2500.0 2500.0 4500.0 4500.0
1516099211.3 1 1 2500.0 2500.0 4500.0 4500.0
1516099211.39 1 1 2500.0 2500.0 4500.0 4500.0
1516099211.5 1 1 2500.0 2500.0 4500.0 4500.0
1516099211.6 1 1 2500.0 2500.0 4500.0 4500.0
1516099211.68 1 1 2500.0 2500.0 4500.0 4500.0
1516099211.79 1 1 2500.0 2500.0 4500.0 4500.0
1516099211.89 1 1 2500.0 2500.0 4500.0 4500.0
1516099212.07 1 1 2500.0 2500.0 4500.0 4500.0
1516099212.13 1 1 2500.0 2500.0 4500.0 4500.0
1516099212.22 1 1 2500.0 2500.0 4500.0 4500.0
1516099212.33 1 1 2500.0 2500.0 4500.0 4500.0
1516099212.44 1 1 2500.0 2500.0 4500.0 4500.0
1516099212.54 1 1 2500.0 2500.0 4500.0 4500.0
1516099212.64 1 1 2500.0 2500.0 4500.0 4500.0
1516099212.73 1 1 2500.0 2500.0 4500.0 4500.0
1516099212.91 1 1 2500.0 2500.0 4500.0 4500.0
1516099212.97 1 1 2500.0 2500.0 4500.0 4500.0
1516099213.08 1 1 2500.0 2500.0 4500.0 4500.0
1516099213.18 1 1 2500.0 2500.0 4500.0 4500.0
1516099213.26 1 1 2500.0 2500.0 4500.0 4500.0
1516099213.37 1 1 2500.0 2500.0 4500.0 4500.0
1516099213.47 1 1 2500.0 2500.0 4500.0 4500.0
1516099213.58 1 1 2500.0 2500.0 4500.0 4500.0
1516099213.67 1 1 2500.0 2500.0 4500.0 4500.0
1516099213.86 1 1 2500.0 2500.0 4500.0 4500.0
1516099213.92 1 1 2500.0 2500.0 4500.0 4500.0
1516099214.02 1 1 2500.0 2500.0 4500.0 4500.0
1516099214.12 1 1 2500.0 2500.0 4500.0 4500.0
1516099214.23 1 1 2500.0 2500.0 4500.0 4500.0
1516099214.32 1 1 2500.0 2500.0 4500.0 4500.0
1516099214.42 1 1 2500.0 2500.0 4500.0 4500.0
1516099214.53 1 1 2500.0 2500.0 4500.0 4500.0
1516099214.63 1 1 2500.0 2500.0 4500.0 4500.0
1516099214.73 1 1 2500.0 2500.0 4500.0 4500.0
1516099214.83 1 1 2500.0 2500.0 4500.0 4500.0
1516099215.03 1 1 2500.0 2500.0 4500.0 4500.0
1516099215.1 1 1 2500.0 2500.0 4500.0 4500.0
1516099215.2 1 1 2500.0 2500.0 4500.0 4500.0
1516099215.3 1 1 2500.0 2500.0 4500.0 4500.0
1516099215.39 1 1 2500.0 2500.0 4500.0 4500.0
1516099215.49 1 1 2500.0 2500.0 4500.0 4500.0
1516099215.6 1 1 2500.0 2500.0 4500.0 4500.0
1516099215.71 1 1 2500.0 2500.0 4500.0 4500.0
1516099215.82 1 1 2500.0 2500.0 4500.0 4500.0
1516099215.91 1 1 2500.0 2500.0 4500.0 4500.0
1516099216.0 1 1 2500.0 2500.0 4500.0 4500.0
1516099216.1 1 1 2500.0 2500.0 4500.0 4500.0
1516099216.27 1 1 2500.0 2500.0 4500.0 4500.0
1516099216.33 1 1 2500.0 2500.0 4500.0 4500.0
1516099216.43 1 1 2500.0 2500.0 4500.0 4500.0
1516099216.54 1 1 2500.0 2500.0 4500.0 4500.0
1516099216.64 1 1 2500.0 2500.0 4500.0 4500.0
1516099216.73 1 1 2500.0 2500.0 4500.0 4500.0
1516099216.84 1 1 2500.0 2500.0 4500.0 4500.0
1516099216.97 1 1 2500.0 2500.0 4500.0 4500.0
1516099217.04 1 1 2500.0 2500.0 4500.0 4500.0
1516099217.14 1 1 2500.0 2500.0 4500.0 4500.0
1516099217.24 1 1 2500.0 2500.0 4500.0 4500.0
1516099217.33 1 1 2500.0 2500.0 4500.0 4500.0
1516099217.44 1 1 2500.0 2500.0 4500.0 4500.0
1516099217.54 1 1 2500.0 2500.0 4500.0 4500.0
1516099217.65 1 1 2500.0 2500.0 4500.0 4500.0
1516099217.81 1 1 2500.0 2500.0 4500.0 4500.0
1516099217.88 1 1 2500.0 2500.0 4500.0 4500.0
1516099217.98 1 1 2500.0 2500.0 4500.0 4500.0
1516099218.08 1 1 2500.0 2500.0 4500.0 4500.0
1516099218.19 1 1 2500.0 2500.0 4500.0 4500.0
1516099218.29 1 1 2500.0 2500.0 4500.0 4500.0
1516099218.39 1 1 2500.0 2500.0 4500.0 4500.0
1516099218.48 1 1 2500.0 2500.0 4500.0 4500.0
1516099218.59 1 1 2500.0 2500.0 4500.0 4500.0
1516099218.68 1 1 2500.0 2500.0 4500.0 4500.0
1516099218.85 1 1 2500.0 2500.0 4500.0 4500.0
1516099218.91 1 1 2500.0 2500.0 4500.0 4500.0
1516099219.0 1 1 2500.0 2500.0 4500.0 4500.0
1516099219.12 1 1 2500.0 2500.0 4500.0 4500.0
1516099219.22 1 1 2500.0 2500.0 4500.0 4500.0
1516099219.32 1 1 2500.0 2500.0 4500.0 4500.0
1516099219.41 1 1 2500.0 2500.0 4500.0 4500.0
1516099219.52 1 1 2500.0 2500.0 4500.0 4500.0
1516099219.62 1 1 2500.0 2500.0 4500.0 4500.0
1516099219.72 1 1 2500.0 2500.0 4500.0 4500.0
1516099219.82 1 1 2500.0 2500.0 4500.0 4500.0
1516099219.92 1 1 2500.0 2500.0 4500.0 4500.0
1516099220.02 1 1 2500.0 2500.0 4500.0 4500.0
1516099220.12 1 1 2500.0 2500.0 4500.0 4500.0
1516099220.22 1 1 2500.0 2500.0 4500.0 4500.0
1516099220.32 1 1 2500.0 2500.0 4500.0 4500.0
1516099220.42 1 1 2500.0 2500.0 4500.0 4500.0
1516099220.53 1 1 2500.0 2500.0 4500.0 4500.0
1516099220.63 1 1 2500.0 2500.0 4500.0 4500.0
1516099220.73 1 1 2500.0 2500.0 4500.0 4500.0
1516099220.83 1 1 2500.0 2500.0 4500.0 4500.0
1516099220.92 1 1 2500.0 2500.0 4500.0 4500.0
1516099221.02 1 1 2500.0 2500.0 4500.0 4500.0
1516099221.12 1 1 2500.0 2500.0 4500.0 4500.0
1516099221.22 1 1 2500.0 2500.0 4500.0 4500.0
1516099221.32 1 1 2500.0 2500.0 4500.0 4500.0
1516099221.42 1 1 2500.0 2500.0 4500.0 4500.0
1516099221.52 1 1 2500.0 2500.0 4500.0 4500.0
1516099221.62 1 1 2500.0 2500.0 4500.0 4500.0
1516099221.71 1 1 2500.0 2500.0 4500.0 4500.0
1516099221.82 1 1 2500.0 2500.0 4500.0 4500.0
1516099221.92 1 1 2500.0 2500.0 4500.0 4500.0
1516099222.02 1 1 2500.0 2500.0 4500.0 4500.0
1516099222.12 1 1 2500.0 2500.0 4500.0 4500.0
1516099222.22 1 1 2500.0 2500.0 4500.0 4500.0
1516099222.32 1 1 2500.0 2500.0 4500.0 4500.0
1516099222.43 1 1 2500.0 2500.0 4500.0 4500.0
1516099222.52 1 1 2500.0 2500.0 4500.0 4500.0
1516099222.62 1 1 2500.0 2500.0 4500.0 4500.0
1516099222.73 1 1 2500.0 2500.0 4500.0 4500.0
1516099222.82 1 1 2500.0 2500.0 4500.0 4500.0
1516099222.93 1 1 2500.0 2500.0 4500.0 4500.0
1516099223.02 1 1 2500.0 2500.0 4500.0 4500.0
1516099223.13 1 1 2500.0 2500.0 4500.0 4500.0
1516099223.23 1 1 2500.0 2500.0 4500.0 4500.0
1516099223.33 1 1 2500.0 2500.0 4500.0 4500.0
1516099223.43 1 1 2500.0 2500.0 4500.0 4500.0
1516099223.53 1 1 2500.0 2500.0 4500.0 4500.0
1516099223.62 1 1 2500.0 2500.0 4500.0 4500.0
1516099223.72 1 1 2500.0 2500.0 4500.0 4500.0
1516099223.82 1 1 2500.0 2500.0 4500.0 4500.0
1516099223.93 1 1 2500.0 2500.0 4500.0 4500.0
1516099224.03 1 1 2500.0 2500.0 4500.0 4500.0
1516099224.12 1 1 2500.0 2500.0 4500.0 4500.0
1516099224.22 1 1 2500.0 2500.0 4500.0 4500.0
1516099224.33 1 1 2500.0 2500.0 4500.0 4500.0
1516099224.42 1 1 2500.0 2500.0 4500.0 4500.0
1516099224.53 1 1 2500.0 2500.0 4500.0 4500.0
1516099224.63 1 1 2500.0 2500.0 4500.0 4500.0
1516099224.73 1 1 2500.0 2500.0 4500.0 4500.0
1516099224.83 1 1 2500.0 2500.0 4500.0 4500.0
1516099224.92 1 1 2500.0 2500.0 4500.0 4500.0
1516099225.02 1 1 2500.0 2500.0 4500.0 4500.0
1516099225.12 1 1 2500.0 2500.0 4500.0 4500.0
1516099225.23 1 1 2500.0 2500.0 4500.0 4500.0
1516099225.33 1 1 2500.0 2500.0 4500.0 4500.0
1516099225.42 1 1 2500.0 2500.0 4500.0 4500.0
1516099225.52 1 1 2500.0 2500.0 4500.0 4500.0
1516099225.62 1 1 2500.0 2500.0 4500.0 4500.0
1516099225.72 1 1 2500.0 2500.0 4500.0 4500.0
1516099225.82 1 1 2500.0 2500.0 4500.0 4500.0
1516099225.92 1 1 2500.0 2500.0 4500.0 4500.0
1516099226.03 1 1 2500.0 2500.0 4500.0 4500.0
1516099226.13 1 1 2500.0 2500.0 4500.0 4500.0
1516099226.21 1 1 2500.0 2500.0 4500.0 4500.0
1516099226.33 1 1 2500.0 2500.0 4500.0 4500.0
1516099226.43 1 1 2500.0 2500.0 4500.0 4500.0
1516099226.53 1 1 2500.0 2500.0 4500.0 4500.0
1516099226.63 1 1 2500.0 2500.0 4500.0 4500.0
1516099226.74 1 1 2500.0 2500.0 4500.0 4500.0
1516099226.84 1 1 2500.0 2500.0 4500.0 4500.0
1516099226.94 1 1 2500.0 2500.0 4500.0 4500.0
1516099227.03 1 1 2500.0 2500.0 4500.0 4500.0
1516099227.13 1 1 2500.0 2500.0 4500.0 4500.0
1516099227.23 1 1 2500.0 2500.0 4500.0 4500.0
1516099227.33 1 1 2500.0 2500.0 4500.0 4500.0
1516099227.44 1 1 2500.0 2500.0 4500.0 4500.0
1516099227.54 1 1 2500.0 2500.0 4500.0 4500.0
1516099227.64 1 1 2500.0 2500.0 4500.0 4500.0
1516099227.73 1 1 2500.0 2500.0 4500.0 4500.0
1516099227.84 1 1 2500.0 2500.0 4500.0 4500.0
1516099227.94 1 1 2500.0 2500.0 4500.0 4500.0
1516099228.04 1 1 2500.0 2500.0 4500.0 4500.0
1516099228.14 1 1 2500.0 2500.0 4500.0 4500.0
1516099228.24 1 1 2500.0 2500.0 4500.0 4500.0
1516099228.34 1 1 2500.0 2500.0 4500.0 4500.0
1516099228.44 1 1 2500.0 2500.0 4500.0 4500.0
1516099228.54 1 1 2500.0 2500.0 4500.0 4500.0
1516099228.63 1 1 2500.0 2500.0 4500.0 4500.0
1516099228.73 1 1 2500.0 2500.0 4500.0 4500.0
1516099228.82 1 1 2500.0 2500.0 4500.0 4500.0
1516099228.93 1 1 2500.0 2500.0 4500.0 4500.0
1516099229.03 1 1 2500.0 2500.0 4500.0 4500.0
1516099229.13 1 1 2500.0 2500.0 4500.0 4500.0
1516099229.24 1 1 2500.0 2500.0 4500.0 4500.0
1516099229.33 1 1 2500.0 2500.0 4500.0 4500.0
1516099229.43 1 1 2500.0 2500.0 4500.0 4500.0
1516099229.54 1 1 2500.0 2500.0 4500.0 4500.0
1516099229.64 1 1 2500.0 2500.0 4500.0 4500.0
1516099229.73 1 1 2500.0 2500.0 4500.0 4500.0
1516099229.84 1 1 2500.0 2500.0 4500.0 4500.0
1516099229.94 1 1 2500.0 2500.0 4500.0 4500.0
1516099230.04 1 1 2500.0 2500.0 4500.0 4500.0
1516099230.13 1 1 2500.0 2500.0 4500.0 4500.0
1516099230.24 1 1 2500.0 2500.0 4500.0 4500.0
1516099230.34 1 1 2500.0 2500.0 4500.0 4500.0
1516099230.44 1 1 2500.0 2500.0 4500.0 4500.0
1516099230.54 1 1 2500.0 2500.0 4500.0 4500.0
1516099230.64 1 1 2500.0 2500.0 4500.0 4500.0
1516099230.74 1 1 2500.0 2500.0 4500.0 4500.0
1516099230.84 1 1 2500.0 2500.0 4500.0 4500.0
1516099230.93 1 1 2500.0 2500.0 4500.0 4500.0
1516099231.04 1 1 2500.0 2500.0 4500.0 4500.0
1516099231.14 1 1 2500.0 2500.0 4500.0 4500.0
1516099231.24 1 1 2500.0 2500.0 4500.0 4500.0
1516099231.35 1 1 2500.0 2500.0 4500.0 4500.0
1516099231.44 1 1 2500.0 2500.0 4500.0 4500.0
1516099231.54 1 1 2500.0 2500.0 4500.0 4500.0
1516099231.63 1 1 2500.0 2500.0 4500.0 4500.0
1516099231.74 1 1 2500.0 2500.0 4500.0 4500.0
1516099231.84 1 1 2500.0 2500.0 4500.0 4500.0
1516099231.93 1 1 2500.0 2500.0 4500.0 4500.0
1516099232.03 1 1 2500.0 2500.0 4500.0 4500.0
1516099232.14 1 1 2500.0 2500.0 4500.0 4500.0
1516099232.25 1 1 2500.0 2500.0 4500.0 4500.0
1516099232.34 1 1 2500.0 2500.0 4500.0 4500.0
1516099232.44 1 1 2500.0 2500.0 4500.0 4500.0
1516099232.54 1 1 2500.0 2500.0 4500.0 4500.0
1516099232.64 1 1 2500.0 2500.0 4500.0 4500.0
1516099232.75 1 1 2500.0 2500.0 4500.0 4500.0
1516099232.85 1 1 2500.0 2500.0 4500.0 4500.0
1516099232.94 1 1 2500.0 2500.0 4500.0 4500.0
1516099233.03 1 1 2500.0 2500.0 4500.0 4500.0
1516099233.13 1 1 2500.0 2500.0 4500.0 4500.0
1516099233.24 1 1 2500.0 2500.0 4500.0 4500.0
1516099233.34 1 1 2500.0 2500.0 4500.0 4500.0
1516099233.44 1 1 2500.0 2500.0 4500.0 4500.0
1516099233.54 1 1 2500.0 2500.0 4500.0 4500.0
1516099233.64 1 1 2500.0 2500.0 4500.0 4500.0
1516099233.75 1 1 2500.0 2500.0 4500.0 4500.0
1516099233.84 1 1 2500.0 2500.0 4500.0 4500.0
1516099233.94 1 1 2500.0 2500.0 4500.0 4500.0
1516099234.05 1 1 2500.0 2500.0 4500.0 4500.0
1516099234.14 1 1 2500.0 2500.0 4500.0 4500.0
1516099234.24 1 1 2500.0 2500.0 4500.0 4500.0
1516099234.34 1 1 2500.0 2500.0 4500.0 4500.0
1516099234.44 1 1 2500.0 2500.0 4500.0 4500.0
1516099234.54 1 1 2500.0 2500.0 4500.0 4500.0
1516099234.63 1 1 2500.0 2500.0 4500.0 4500.0
1516099234.74 1 1 2500.0 2500.0 4500.0 4500.0
1516099234.84 1 1 2500.0 2500.0 4500.0 4500.0
1516099234.94 1 1 2500.0 2500.0 4500.0 4500.0
1516099235.04 1 1 2500.0 2500.0 4500.0 4500.0
1516099235.14 1 1 2500.0 2500.0 4500.0 4500.0
1516099235.24 1 1 2500.0 2500.0 4500.0 4500.0
1516099235.34 1 1 2500.0 2500.0 4500.0 4500.0
1516099235.44 1 1 2500.0 2500.0 4500.0 4500.0
1516099235.54 1 1 2500.0 2500.0 4500.0 4500.0
1516099235.65 1 1 2500.0 2500.0 4500.0 4500.0
1516099235.75 1 1 2500.0 2500.0 4500.0 4500.0
1516099235.85 1 1 2500.0 2500.0 4500.0 4500.0
1516099235.95 1 1 2500.0 2500.0 4500.0 4500.0
1516099236.04 1 1 2500.0 2500.0 4500.0 4500.0
1516099236.15 1 1 2500.0 2500.0 4500.0 4500.0
1516099236.25 1 1 2500.0 2500.0 4500.0 4500.0
1516099236.36 1 1 2500.0 2500.0 4500.0 4500.0
1516099236.45 1 1 2500.0 2500.0 4500.0 4500.0
1516099236.54 1 1 2500.0 2500.0 4500.0 4500.0
1516099236.65 1 1 2500.0 2500.0 4500.0 4500.0
1516099236.75 1 1 2500.0 2500.0 4500.0 4500.0
1516099236.85 1 1 2500.0 2500.0 4500.0 4500.0
1516099236.95 1 1 2500.0 2500.0 4500.0 4500.0
1516099237.05 1 1 2500.0 2500.0 4500.0 4500.0
1516099237.16 1 1 2500.0 2500.0 4500.0 4500.0
1516099237.26 1 1 2500.0 2500.0 4500.0 4500.0
1516099237.34 1 1 2500.0 2500.0 4500.0 4500.0
1516099237.45 1 1 2500.0 2500.0 4500.0 4500.0
1516099237.54 1 1 2500.0 2500.0 4500.0 4500.0
1516099237.65 1 1 2500.0 2500.0 4500.0 4500.0
1516099237.75 1 1 2500.0 2500.0 4500.0 4500.0
1516099237.86 1 1 2500.0 2500.0 4500.0 4500.0
1516099237.95 1 1 2500.0 2500.0 4500.0 4500.0
1516099238.05 1 1 2500.0 2500.0 4500.0 4500.0
1516099238.14 1 1 2500.0 2500.0 4500.0 4500.0
1516099238.26 1 1 2500.0 2500.0 4500.0 4500.0
1516099238.35 1 1 2500.0 2500.0 4500.0 4500.0
1516099238.46 1 1 2500.0 2500.0 4500.0 4500.0
1516099238.55 1 1 2500.0 2500.0 4500.0 4500.0
1516099238.65 1 1 2500.0 2500.0 4500.0 4500.0
1516099238.75 1 1 2500.0 2500.0 4500.0 4500.0
1516099238.86 1 1 2500.0 2500.0 4500.0 4500.0
1516099238.95 1 1 2500.0 2500.0 4500.0 4500.0
1516099239.06 1 1 2500.0 2500.0 4500.0 4500.0
1516099239.15 1 1 2500.0 2500.0 4500.0 4500.0
1516099239.26 1 1 2500.0 2500.0 4500.0 4500.0
1516099239.36 1 1 2500.0 2500.0 4500.0 4500.0
1516099239.46 1 1 2500.0 2500.0 4500.0 4500.0
1516099239.55 1 1 2500.0 2500.0 4500.0 4500.0
1516099239.66 1 1 2500.0 2500.0 4500.0 4500.0
1516099239.76 1 1 2500.0 2500.0 4500.0 4500.0
1516099239.87 1 1 2500.0 2500.0 4500.0 4500.0
1516099239.95 1 1 2500.0 2500.0 4500.0 4500.0
1516099240.05 1 1 2500.0 2500.0 4500.0 4500.0
1516099240.15 1 1 2500.0 2500.0 4500.0 4500.0
1516099240.26 1 1 2500.0 2500.0 4500.0 4500.0
1516099240.35 1 1 2500.0 2500.0 4500.0 4500.0
1516099240.45 1 1 2500.0 2500.0 4500.0 4500.0
1516099240.55 1 1 2500.0 2500.0 4500.0 4500.0
1516099240.66 1 1 2500.0 2500.0 4500.0 4500.0
1516099240.76 1 1 2500.0 2500.0 4500.0 4500.0
1516099240.86 1 1 2500.0 2500.0 4500.0 4500.0
1516099240.96 1 1 2500.0 2500.0 4500.0 4500.0
1516099241.07 1 1 2500.0 2500.0 4500.0 4500.0
1516099241.16 1 1 2500.0 2500.0 4500.0 4500.0
1516099241.26 1 1 2500.0 2500.0 4500.0 4500.0
1516099241.35 1 1 2500.0 2500.0 4500.0 4500.0
1516099241.46 1 1 2500.0 2500.0 4500.0 4500.0
1516099241.56 1 1 2500.0 2500.0 4500.0 4500.0
1516099241.65 1 1 2500.0 2500.0 4500.0 4500.0
1516099241.77 1 1 2500.0 2500.0 4500.0 4500.0
1516099241.87 1 1 2500.0 2500.0 4500.0 4500.0
1516099241.96 1 1 2500.0 2500.0 4500.0 4500.0
1516099242.06 1 1 2500.0 2500.0 4500.0 4500.0
1516099242.16 1 1 2500.0 2500.0 4500.0 4500.0
1516099242.27 1 1 2500.0 2500.0 4500.0 4500.0
1516099242.36 1 1 2500.0 2500.0 4500.0 4500.0
1516099242.47 1 1 2500.0 2500.0 4500.0 4500.0
1516099242.56 1 1 2500.0 2500.0 4500.0 4500.0
1516099242.66 1 1 2500.0 2500.0 4500.0 4500.0
1516099242.77 1 1 2500.0 2500.0 4500.0 4500.0
1516099242.86 1 1 2500.0 2500.0 4500.0 4500.0
1516099242.96 1 1 2500.0 2500.0 4500.0 4500.0
1516099243.06 1 1 2500.0 2500.0 4500.0 4500.0
1516099243.17 1 1 2500.0 2500.0 4500.0 4500.0
1516099243.26 1 1 2500.0 2500.0 4500.0 4500.0
1516099243.36 1 1 2500.0 2500.0 4500.0 4500.0
1516099243.46 1 1 2500.0 2500.0 4500.0 4500.0
1516099243.56 1 1 2500.0 2500.0 4500.0 4500.0
1516099243.66 1 1 2500.0 2500.0 4500.0 4500.0
1516099243.76 1 1 2500.0 2500.0 4500.0 4500.0
1516099243.87 1 1 2500.0 2500.0 4500.0 4500.0
1516099243.97 1 1 2500.0 2500.0 4500.0 4500.0
1516099244.08 1 1 2500.0 2500.0 4500.0 4500.0
1516099244.16 1 1 2500.0 2500.0 4500.0 4500.0
1516099244.26 1 1 2500.0 2500.0 4500.0 4500.0
1516099244.36 1 1 2500.0 2500.0 4500.0 4500.0
1516099244.47 1 1 2500.0 2500.0 4500.0 4500.0
1516099244.57 1 1 2500.0 2500.0 4500.0 4500.0
1516099244.66 1 1 2500.0 2500.0 4500.0 4500.0
1516099244.77 1 1 2500.0 2500.0 4500.0 4500.0
1516099244.86 1 1 2500.0 2500.0 4500.0 4500.0
1516099244.98 1 1 2500.0 2500.0 4500.0 4500.0
1516099245.06 1 1 2500.0 2500.0 4500.0 4500.0
1516099245.17 1 1 2500.0 2500.0 4500.0 4500.0
1516099245.26 1 1 2500.0 2500.0 4500.0 4500.0
1516099245.36 1 1 2500.0 2500.0 4500.0 4500.0
1516099245.46 1 1 2500.0 2500.0 4500.0 4500.0
1516099245.57 1 1 2500.0 2500.0 4500.0 4500.0
1516099245.66 1 1 2500.0 2500.0 4500.0 4500.0
1516099245.77 1 1 2500.0 2500.0 4500.0 4500.0
1516099245.86 1 1 2500.0 2500.0 4500.0 4500.0
1516099245.96 1 1 2500.0 2500.0 4500.0 4500.0
1516099246.07 1 1 2500.0 2500.0 4500.0 4500.0
1516099246.17 1 1 2500.0 2500.0 4500.0 4500.0
1516099246.27 1 1 2500.0 2500.0 4500.0 4500.0
1516099246.37 1 1 2500.0 2500.0 4500.0 4500.0
1516099246.47 1 1 2500.0 2500.0 4500.0 4500.0
1516099246.57 1 1 2500.0 2500.0 4500.0 4500.0
1516099246.66 1 1 2500.0 2500.0 4500.0 4500.0
1516099246.77 1 1 2500.0 2500.0 4500.0 4500.0
1516099246.87 1 1 2500.0 2500.0 4500.0 4500.0
1516099246.96 1 1 2500.0 2500.0 4500.0 4500.0
1516099247.08 1 1 2500.0 2500.0 4500.0 4500.0
1516099247.16 1 1 2500.0 2500.0 4500.0 4500.0
1516099247.26 1 1 2500.0 2500.0 4500.0 4500.0
1516099247.37 1 1 2500.0 2500.0 4500.0 4500.0
1516099247.47 1 1 2500.0 2500.0 4500.0 4500.0
1516099247.57 1 1 2500.0 2500.0 4500.0 4500.0
1516099247.67 1 1 2500.0 2500.0 4500.0 4500.0
1516099247.77 1 1 2500.0 2500.0 4500.0 4500.0
1516099247.87 1 1 2500.0 2500.0 4500.0 4500.0
1516099247.97 1 1 2500.0 2500.0 4500.0 4500.0
1516099248.07 1 1 2500.0 2500.0 4500.0 4500.0
1516099248.18 1 1 2500.0 2500.0 4500.0 4500.0
1516099248.27 1 1 2500.0 2500.0 4500.0 4500.0
1516099248.38 1 1 2500.0 2500.0 4500.0 4500.0
1516099248.48 1 1 2500.0 2500.0 4500.0 4500.0
1516099248.58 1 1 2500.0 2500.0 4500.0 4500.0
1516099248.67 1 1 2500.0 2500.0 4500.0 4500.0
1516099248.77 1 1 2500.0 2500.0 4500.0 4500.0
1516099248.87 1 1 2500.0 2500.0 4500.0 4500.0
1516099248.98 1 1 2500.0 2500.0 4500.0 4500.0
1516099249.08 1 1 2500.0 2500.0 4500.0 4500.0
1516099249.18 1 1 2500.0 2500.0 4500.0 4500.0
1516099249.27 1 1 2500.0 2500.0 4500.0 4500.0
1516099249.38 1 1 2500.0 2500.0 4500.0 4500.0
1516099249.48 1 1 2500.0 2500.0 4500.0 4500.0
1516099249.57 1 1 2500.0 2500.0 4500.0 4500.0
1516099249.69 1 1 2500.0 2500.0 4500.0 4500.0
1516099249.78 1 1 2500.0 2500.0 4500.0 4500.0
1516099249.87 1 1 2500.0 2500.0 4500.0 4500.0
1516099249.98 1 1 2500.0 2500.0 4500.0 4500.0
1516099250.08 1 1 2500.0 2500.0 4500.0 4500.0
1516099250.19 1 1 2500.0 2500.0 4500.0 4500.0
1516099250.27 1 1 2500.0 2500.0 4500.0 4500.0
1516099250.38 1 1 2500.0 2500.0 4500.0 4500.0
1516099250.49 1 1 2500.0 2500.0 4500.0 4500.0
1516099250.58 1 1 2500.0 2500.0 4500.0 4500.0
1516099250.69 1 1 2500.0 2500.0 4500.0 4500.0
1516099250.78 1 1 2500.0 2500.0 4500.0 4500.0
1516099250.88 1 1 2500.0 2500.0 4500.0 4500.0
1516099250.98 1 1 2500.0 2500.0 4500.0 4500.0
1516099251.08 1 1 2500.0 2500.0 4500.0 4500.0
1516099251.18 1 1 2500.0 2500.0 4500.0 4500.0
1516099251.28 1 1 2500.0 2500.0 4500.0 4500.0
1516099251.39 1 1 2500.0 2500.0 4500.0 4500.0
1516099251.47 1 1 2500.0 2500.0 4500.0 4500.0
1516099251.59 1 1 2500.0 2500.0 4500.0 4500.0
1516099251.68 1 1 2500.0 2500.0 4500.0 4500.0
1516099251.77 1 1 2500.0 2500.0 4500.0 4500.0
1516099251.88 1 1 2500.0 2500.0 4500.0 4500.0
1516099251.98 1 1 2500.0 2500.0 4500.0 4500.0
1516099252.07 1 1 2500.0 2500.0 4500.0 4500.0
1516099252.18 1 1 2500.0 2500.0 4500.0 4500.0
1516099252.28 1 1 2500.0 2500.0 4500.0 4500.0
1516099252.38 1 1 2500.0 2500.0 4500.0 4500.0
1516099252.47 1 1 2500.0 2500.0 4500.0 4500.0
1516099252.57 1 1 2500.0 2500.0 4500.0 4500.0
1516099252.69 1 1 2500.0 2500.0 4500.0 4500.0
1516099252.78 1 1 2500.0 2500.0 4500.0 4500.0
1516099252.88 1 1 2500.0 2500.0 4500.0 4500.0
1516099252.98 1 1 2500.0 2500.0 4500.0 4500.0
1516099253.08 1 1 2500.0 2500.0 4500.0 4500.0
1516099253.19 1 1 2500.0 2500.0 4500.0 4500.0
1516099253.29 1 1 2500.0 2500.0 4500.0 4500.0
1516099253.38 1 1 2500.0 2500.0 4500.0 4500.0
1516099253.48 1 1 2500.0 2500.0 4500.0 4500.0
1516099253.59 1 1 2500.0 2500.0 4500.0 4500.0
1516099253.7 1 1 2500.0 2500.0 4500.0 4500.0
1516099253.79 1 1 2500.0 2500.0 4500.0 4500.0
1516099253.88 1 1 2500.0 2500.0 4500.0 4500.0
1516099253.99 1 1 2500.0 2500.0 4500.0 4500.0
1516099254.08 1 1 2500.0 2500.0 4500.0 4500.0
1516099254.19 1 1 2500.0 2500.0 4500.0 4500.0
1516099254.29 1 1 2500.0 2500.0 4500.0 4500.0
1516099254.38 1 1 2500.0 2500.0 4500.0 4500.0
1516099254.49 1 1 2500.0 2500.0 4500.0 4500.0
1516099254.58 1 1 2500.0 2500.0 4500.0 4500.0
1516099254.68 1 1 2500.0 2500.0 4500.0 4500.0
1516099254.78 1 1 2500.0 2500.0 4500.0 4500.0
1516099254.88 1 1 2500.0 2500.0 4500.0 4500.0
1516099254.99 1 1 2500.0 2500.0 4500.0 4500.0
1516099255.09 1 1 2500.0 2500.0 4500.0 4500.0
1516099255.18 1 1 2500.0 2500.0 4500.0 4500.0
1516099255.29 1 1 2500.0 2500.0 4500.0 4500.0
1516099255.39 1 1 2500.0 2500.0 4500.0 4500.0
1516099255.49 1 1 2500.0 2500.0 4500.0 4500.0
1516099255.59 1 1 2500.0 2500.0 4500.0 4500.0
1516099255.69 1 1 2500.0 2500.0 4500.0 4500.0
1516099255.79 1 1 2500.0 2500.0 4500.0 4500.0
1516099255.9 1 1 2500.0 2500.0 4500.0 4500.0
1516099255.99 1 1 2500.0 2500.0 4500.0 4500.0
1516099256.09 1 1 2500.0 2500.0 4500.0 4500.0
1516099256.19 1 1 2500.0 2500.0 4500.0 4500.0
1516099256.29 1 1 2500.0 2500.0 4500.0 4500.0
1516099256.39 1 1 2500.0 2500.0 4500.0 4500.0
1516099256.49 1 1 2500.0 2500.0 4500.0 4500.0
1516099256.59 1 1 2500.0 2500.0 4500.0 4500.0
1516099256.69 1 1 2500.0 2500.0 4500.0 4500.0
1516099256.79 1 1 2500.0 2500.0 4500.0 4500.0
1516099256.89 1 1 2500.0 2500.0 4500.0 4500.0
1516099256.99 1 1 2500.0 2500.0 4500.0 4500.0
1516099257.1 1 1 2500.0 2500.0 4500.0 4500.0
1516099257.19 1 1 2500.0 2500.0 4500.0 4500.0
1516099257.3 1 1 2500.0 2500.0 4500.0 4500.0
1516099257.39 1 1 2500.0 2500.0 4500.0 4500.0
1516099257.5 1 1 2500.0 2500.0 4500.0 4500.0
1516099257.6 1 1 2500.0 2500.0 4500.0 4500.0
1516099257.7 1 1 2500.0 2500.0 4500.0 4500.0
1516099257.79 1 1 2500.0 2500.0 4500.0 4500.0
1516099257.9 1 1 2500.0 2500.0 4500.0 4500.0
1516099257.99 1 1 2500.0 2500.0 4500.0 4500.0
1516099258.1 1 1 2500.0 2500.0 4500.0 4500.0
1516099258.19 1 1 2500.0 2500.0 4500.0 4500.0
1516099258.3 1 1 2500.0 2500.0 4500.0 4500.0
1516099258.4 1 1 2500.0 2500.0 4500.0 4500.0
1516099258.49 1 1 2500.0 2500.0 4500.0 4500.0
1516099258.6 1 1 2500.0 2500.0 4500.0 4500.0
1516099258.69 1 1 2500.0 2500.0 4500.0 4500.0
1516099258.79 1 1 2500.0 2500.0 4500.0 4500.0
1516099258.9 1 1 2500.0 2500.0 4500.0 4500.0
1516099259.0 1 1 2500.0 2500.0 4500.0 4500.0
1516099259.09 1 1 2500.0 2500.0 4500.0 4500.0
1516099259.2 1 1 2500.0 2500.0 4500.0 4500.0
1516099259.3 1 1 2500.0 2500.0 4500.0 4500.0
1516099259.4 1 1 2500.0 2500.0 4500.0 4500.0
1516099259.5 1 1 2500.0 2500.0 4500.0 4500.0
1516099259.6 1 1 2500.0 2500.0 4500.0 4500.0
1516099259.7 1 1 2500.0 2500.0 4500.0 4500.0
1516099259.79 1 1 2500.0 2500.0 4500.0 4500.0
1516099259.9 1 1 2500.0 2500.0 4500.0 4500.0
1516099260.01 1 1 2500.0 2500.0 4500.0 4500.0
1516099260.11 1 1 2500.0 2500.0 4500.0 4500.0
1516099260.2 1 1 2500.0 2500.0 4500.0 4500.0
1516099260.3 1 1 2500.0 2500.0 4500.0 4500.0
1516099260.41 1 1 2500.0 2500.0 4500.0 4500.0
1516099260.5 1 1 2500.0 2500.0 4500.0 4500.0
1516099260.59 1 1 2500.0 2500.0 4500.0 4500.0
1516099260.71 1 1 2500.0 2500.0 4500.0 4500.0
1516099260.8 1 1 2500.0 2500.0 4500.0 4500.0
1516099260.9 1 1 2500.0 2500.0 4500.0 4500.0
1516099261.01 1 1 2500.0 2500.0 4500.0 4500.0
1516099261.11 1 1 2500.0 2500.0 4500.0 4500.0
1516099261.2 1 1 2500.0 2500.0 4500.0 4500.0
1516099261.3 1 1 2500.0 2500.0 4500.0 4500.0
1516099261.41 1 1 2500.0 2500.0 4500.0 4500.0
1516099261.51 1 1 2500.0 2500.0 4500.0 4500.0
1516099261.6 1 1 2500.0 2500.0 4500.0 4500.0
1516099261.7 1 1 2500.0 2500.0 4500.0 4500.0
1516099261.8 1 1 2500.0 2500.0 4500.0 4500.0
1516099261.91 1 1 2500.0 2500.0 4500.0 4500.0
1516099262.01 1 1 2500.0 2500.0 4500.0 4500.0
1516099262.1 1 1 2500.0 2500.0 4500.0 4500.0
1516099262.21 1 1 2500.0 2500.0 4500.0 4500.0
1516099262.32 1 1 2500.0 2500.0 4500.0 4500.0
1516099262.41 1 1 2500.0 2500.0 4500.0 4500.0
1516099262.51 1 1 2500.0 2500.0 4500.0 4500.0
1516099262.61 1 1 2500.0 2500.0 4500.0 4500.0
1516099262.71 1 1 2500.0 2500.0 4500.0 4500.0
1516099262.81 1 1 2500.0 2500.0 4500.0 4500.0
1516099262.92 1 1 2500.0 2500.0 4500.0 4500.0
1516099263.0 1 1 2500.0 2500.0 4500.0 4500.0
1516099263.11 1 1 2500.0 2500.0 4500.0 4500.0
1516099263.21 1 1 2500.0 2500.0 4500.0 4500.0
1516099263.32 1 1 2500.0 2500.0 4500.0 4500.0
1516099263.41 1 1 2500.0 2500.0 4500.0 4500.0
1516099263.52 1 1 2500.0 2500.0 4500.0 4500.0
1516099263.61 1 1 2500.0 2500.0 4500.0 4500.0
1516099263.71 1 1 2500.0 2500.0 4500.0 4500.0
1516099263.81 1 1 2500.0 2500.0 4500.0 4500.0
1516099263.91 1 1 2500.0 2500.0 4500.0 4500.0
1516099264.01 1 1 2500.0 2500.0 4500.0 4500.0
1516099264.11 1 1 2500.0 2500.0 4500.0 4500.0
1516099264.21 1 1 2500.0 2500.0 4500.0 4500.0
1516099264.31 1 1 2500.0 2500.0 4500.0 4500.0
1516099264.42 1 1 2500.0 2500.0 4500.0 4500.0
1516099264.51 1 1 2500.0 2500.0 4500.0 4500.0
1516099264.6 1 1 2500.0 2500.0 4500.0 4500.0
1516099264.72 1 1 2500.0 2500.0 4500.0 4500.0
1516099264.81 1 1 2500.0 2500.0 4500.0 4500.0
1516099264.91 1 1 2500.0 2500.0 4500.0 4500.0
1516099265.01 1 1 2500.0 2500.0 4500.0 4500.0
1516099265.11 1 1 2500.0 2500.0 4500.0 4500.0
1516099265.2 1 1 2500.0 2500.0 4500.0 4500.0
1516099265.31 1 1 2500.0 2500.0 4500.0 4500.0
1516099265.41 1 1 2500.0 2500.0 4500.0 4500.0
1516099265.52 1 1 2500.0 2500.0 4500.0 4500.0
1516099265.62 1 1 2500.0 2500.0 4500.0 4500.0
1516099265.73 1 1 2500.0 2500.0 4500.0 4500.0
1516099265.82 1 1 2500.0 2500.0 4500.0 4500.0
1516099265.91 1 1 2500.0 2500.0 4500.0 4500.0
1516099266.01 1 1 2500.0 2500.0 4500.0 4500.0
1516099266.11 1 1 2500.0 2500.0 4500.0 4500.0
1516099266.22 1 1 2500.0 2500.0 4500.0 4500.0
1516099266.31 1 1 2500.0 2500.0 4500.0 4500.0
1516099266.42 1 1 2500.0 2500.0 4500.0 4500.0
1516099266.52 1 1 2500.0 2500.0 4500.0 4500.0
1516099266.62 1 1 2500.0 2500.0 4500.0 4500.0
1516099266.72 1 1 2500.0 2500.0 4500.0 4500.0
1516099266.81 1 1 2500.0 2500.0 4500.0 4500.0
1516099266.92 1 1 2500.0 2500.0 4500.0 4500.0
1516099267.02 1 1 2500.0 2500.0 4500.0 4500.0
1516099267.12 1 1 2500.0 2500.0 4500.0 4500.0
1516099267.22 1 1 2500.0 2500.0 4500.0 4500.0
1516099267.31 1 1 2500.0 2500.0 4500.0 4500.0
1516099267.41 1 1 2500.0 2500.0 4500.0 4500.0
1516099267.52 1 1 2500.0 2500.0 4500.0 4500.0
1516099267.62 1 1 2500.0 2500.0 4500.0 4500.0
1516099267.72 1 1 2500.0 2500.0 4500.0 4500.0
1516099267.82 1 1 2500.0 2500.0 4500.0 4500.0
1516099267.92 1 1 2500.0 2500.0 4500.0 4500.0
1516099268.02 1 1 2500.0 2500.0 4500.0 4500.0
1516099268.12 1 1 2500.0 2500.0 4500.0 4500.0
1516099268.22 1 1 2500.0 2500.0 4500.0 4500.0
1516099268.32 1 1 2500.0 2500.0 4500.0 4500.0
1516099268.42 1 1 2500.0 2500.0 4500.0 4500.0
1516099268.53 1 1 2500.0 2500.0 4500.0 4500.0
1516099268.62 1 1 2500.0 2500.0 4500.0 4500.0
1516099268.73 1 1 2500.0 2500.0 4500.0 4500.0
1516099268.82 1 1 2500.0 2500.0 4500.0 4500.0
1516099268.92 1 1 2500.0 2500.0 4500.0 4500.0
1516099269.02 1 1 2500.0 2500.0 4500.0 4500.0
1516099269.12 1 1 2500.0 2500.0 4500.0 4500.0
1516099269.22 1 1 2500.0 2500.0 4500.0 4500.0
1516099269.32 1 1 2500.0 2500.0 4500.0 4500.0
1516099269.42 1 1 2500.0 2500.0 4500.0 4500.0
1516099269.51 1 1 2500.0 2500.0 4500.0 4500.0
1516099269.62 1 1 2500.0 2500.0 4500.0 4500.0
1516099269.72 1 1 2500.0 2500.0 4500.0 4500.0
1516099269.82 1 1 2500.0 2500.0 4500.0 4500.0
1516099269.92 1 1 2500.0 2500.0 4500.0 4500.0
1516099270.03 1 1 2500.0 2500.0 4500.0 4500.0
1516099270.13 1 1 2500.0 2500.0 4500.0 4500.0
1516099270.22 1 1 2500.0 2500.0 4500.0 4500.0
1516099270.32 1 1 2500.0 2500.0 4500.0 4500.0
1516099270.42 1 1 2500.0 2500.0 4500.0 4500.0
1516099270.53 1 1 2500.0 2500.0 4500.0 4500.0
1516099270.62 1 1 2500.0 2500.0 4500.0 4500.0
1516099270.73 1 1 2500.0 2500.0 4500.0 4500.0
1516099270.83 1 1 2500.0 2500.0 4500.0 4500.0
1516099270.93 1 1 2500.0 2500.0 4500.0 4500.0
1516099271.02 1 1 2500.0 2500.0 4500.0 4500.0
1516099271.13 1 1 2500.0 2500.0 4500.0 4500.0
1516099271.23 1 1 2500.0 2500.0 4500.0 4500.0
1516099271.33 1 1 2500.0 2500.0 4500.0 4500.0
1516099271.44 1 1 2500.0 2500.0 4500.0 4500.0
1516099271.53 1 1 2500.0 2500.0 4500.0 4500.0
1516099271.62 1 1 2500.0 2500.0 4500.0 4500.0
1516099271.73 1 1 2500.0 2500.0 4500.0 4500.0
1516099271.83 1 1 2500.0 2500.0 4500.0 4500.0
1516099271.93 1 1 2500.0 2500.0 4500.0 4500.0
1516099272.02 1 1 2500.0 2500.0 4500.0 4500.0
1516099272.13 1 1 2500.0 2500.0 4500.0 4500.0
1516099272.24 1 1 2500.0 2500.0 4500.0 4500.0
1516099272.33 1 1 2500.0 2500.0 4500.0 4500.0
1516099272.43 1 1 2500.0 2500.0 4500.0 4500.0
1516099272.53 1 1 2500.0 2500.0 4500.0 4500.0
1516099272.63 1 1 2500.0 2500.0 4500.0 4500.0
1516099272.73 1 1 2500.0 2500.0 4500.0 4500.0
1516099272.83 1 1 2500.0 2500.0 4500.0 4500.0
1516099272.93 1 1 2500.0 2500.0 4500.0 4500.0
1516099273.03 1 1 2500.0 2500.0 4500.0 4500.0
1516099273.14 1 1 2500.0 2500.0 4500.0 4500.0
1516099273.23 1 1 2500.0 2500.0 4500.0 4500.0
1516099273.33 1 1 2500.0 2500.0 4500.0 4500.0
1516099273.43 1 1 2500.0 2500.0 4500.0 4500.0
1516099273.53 1 1 2500.0 2500.0 4500.0 4500.0
1516099273.63 1 1 2500.0 2500.0 4500.0 4500.0
1516099273.74 1 1 2500.0 2500.0 4500.0 4500.0
1516099273.83 1 1 2500.0 2500.0 4500.0 4500.0
1516099273.93 1 1 2500.0 2500.0 4500.0 4500.0
1516099274.03 1 1 2500.0 2500.0 4500.0 4500.0
1516099274.13 1 1 2500.0 2500.0 4500.0 4500.0
1516099274.23 1 1 2500.0 2500.0 4500.0 4500.0
1516099274.33 1 1 2500.0 2500.0 4500.0 4500.0
1516099274.43 1 1 2500.0 2500.0 4500.0 4500.0
1516099274.53 1 1 2500.0 2500.0 4500.0 4500.0
1516099274.63 1 1 2500.0 2500.0 4500.0 4500.0
1516099274.73 1 1 2500.0 2500.0 4500.0 4500.0
1516099274.83 1 1 2500.0 2500.0 4500.0 4500.0
1516099274.94 1 1 2500.0 2500.0 4500.0 4500.0
1516099275.04 1 1 2500.0 2500.0 4500.0 4500.0
1516099275.13 1 1 2500.0 2500.0 4500.0 4500.0
1516099275.23 1 1 2500.0 2500.0 4500.0 4500.0
1516099275.33 1 1 2500.0 2500.0 4500.0 4500.0
1516099275.43 1 1 2500.0 2500.0 4500.0 4500.0
1516099275.53 1 1 2500.0 2500.0 4500.0 4500.0
1516099275.64 1 1 2500.0 2500.0 4500.0 4500.0
1516099275.73 1 1 2500.0 2500.0 4500.0 4500.0
1516099275.84 1 1 2500.0 2500.0 4500.0 4500.0
1516099275.94 1 1 2500.0 2500.0 4500.0 4500.0
1516099276.03 1 1 2500.0 2500.0 4500.0 4500.0
1516099276.14 1 1 2500.0 2500.0 4500.0 4500.0
1516099276.23 1 1 2500.0 2500.0 4500.0 4500.0
1516099276.34 1 1 2500.0 2500.0 4500.0 4500.0
1516099276.43 1 1 2500.0 2500.0 4500.0 4500.0
1516099276.54 1 1 2500.0 2500.0 4500.0 4500.0
1516099276.64 1 1 2500.0 2500.0 4500.0 4500.0
1516099276.74 1 1 2500.0 2500.0 4500.0 4500.0
1516099276.84 1 1 2500.0 2500.0 4500.0 4500.0
1516099276.94 1 1 2500.0 2500.0 4500.0 4500.0
1516099277.05 1 1 2500.0 2500.0 4500.0 4500.0
1516099277.14 1 1 2500.0 2500.0 4500.0 4500.0
1516099277.24 1 1 2500.0 2500.0 4500.0 4500.0
1516099277.35 1 1 2500.0 2500.0 4500.0 4500.0
1516099277.43 1 1 2500.0 2500.0 4500.0 4500.0
1516099277.54 1 1 2500.0 2500.0 4500.0 4500.0
1516099277.64 1 1 2500.0 2500.0 4500.0 4500.0
1516099277.73 1 1 2500.0 2500.0 4500.0 4500.0
1516099277.83 1 1 2500.0 2500.0 4500.0 4500.0
1516099277.94 1 1 2500.0 2500.0 4500.0 4500.0
1516099278.04 1 1 2500.0 2500.0 4500.0 4500.0
1516099278.14 1 1 2500.0 2500.0 4500.0 4500.0
1516099278.24 1 1 2500.0 2500.0 4500.0 4500.0
1516099278.34 1 1 2500.0 2500.0 4500.0 4500.0
1516099278.45 1 1 2500.0 2500.0 4500.0 4500.0
1516099278.53 1 1 2500.0 2500.0 4500.0 4500.0
1516099278.64 1 1 2500.0 2500.0 4500.0 4500.0
1516099278.73 1 1 2500.0 2500.0 4500.0 4500.0
1516099278.84 1 1 2500.0 2500.0 4500.0 4500.0
1516099278.93 1 1 2500.0 2500.0 4500.0 4500.0
1516099279.03 1 1 2500.0 2500.0 4500.0 4500.0
1516099279.13 1 1 2500.0 2500.0 4500.0 4500.0
1516099279.24 1 1 2500.0 2500.0 4500.0 4500.0
1516099279.34 1 1 2500.0 2500.0 4500.0 4500.0
1516099279.44 1 1 2500.0 2500.0 4500.0 4500.0
1516099279.55 1 1 2500.0 2500.0 4500.0 4500.0
1516099279.64 1 1 2500.0 2500.0 4500.0 4500.0
1516099279.74 1 1 2500.0 2500.0 4500.0 4500.0
1516099279.84 1 1 2500.0 2500.0 4500.0 4500.0
1516099279.94 1 1 2500.0 2500.0 4500.0 4500.0
1516099280.04 1 1 2500.0 2500.0 4500.0 4500.0
1516099280.15 1 1 2500.0 2500.0 4500.0 4500.0
1516099280.24 1 1 2500.0 2500.0 4500.0 4500.0
1516099280.34 1 1 2500.0 2500.0 4500.0 4500.0
1516099280.44 1 1 2500.0 2500.0 4500.0 4500.0
1516099280.54 1 1 2500.0 2500.0 4500.0 4500.0
1516099280.64 1 1 2500.0 2500.0 4500.0 4500.0
1516099280.74 1 1 2500.0 2500.0 4500.0 4500.0
1516099280.84 1 1 2500.0 2500.0 4500.0 4500.0
1516099280.95 1 1 2500.0 2500.0 4500.0 4500.0
1516099281.04 1 1 2500.0 2500.0 4500.0 4500.0
1516099281.15 1 1 2500.0 2500.0 4500.0 4500.0
1516099281.24 1 1 2500.0 2500.0 4500.0 4500.0
1516099281.35 1 1 2500.0 2500.0 4500.0 4500.0
1516099281.45 1 1 2500.0 2500.0 4500.0 4500.0
1516099281.54 1 1 2500.0 2500.0 4500.0 4500.0
1516099281.65 1 1 2500.0 2500.0 4500.0 4500.0
1516099281.73 1 1 2500.0 2500.0 4500.0 4500.0
1516099281.83 1 1 2500.0 2500.0 4500.0 4500.0
1516099281.96 1 1 2500.0 2500.0 4500.0 4500.0
1516099282.04 1 1 2500.0 2500.0 4500.0 4500.0
1516099282.15 1 1 2500.0 2500.0 4500.0 4500.0
1516099282.24 1 1 2500.0 2500.0 4500.0 4500.0
1516099282.35 1 1 2500.0 2500.0 4500.0 4500.0
1516099282.45 1 1 2500.0 2500.0 4500.0 4500.0
1516099282.54 1 1 2500.0 2500.0 4500.0 4500.0
1516099282.64 1 1 2500.0 2500.0 4500.0 4500.0
1516099282.74 1 1 2500.0 2500.0 4500.0 4500.0
1516099282.84 1 1 2500.0 2500.0 4500.0 4500.0
1516099282.95 1 1 2500.0 2500.0 4500.0 4500.0
1516099283.04 1 1 2500.0 2500.0 4500.0 4500.0
1516099283.15 1 1 2500.0 2500.0 4500.0 4500.0
1516099283.25 1 1 2500.0 2500.0 4500.0 4500.0
1516099283.35 1 1 2500.0 2500.0 4500.0 4500.0
1516099283.45 1 1 2500.0 2500.0 4500.0 4500.0
1516099283.55 1 1 2500.0 2500.0 4500.0 4500.0
1516099283.65 1 1 2500.0 2500.0 4500.0 4500.0
1516099283.74 1 1 2500.0 2500.0 4500.0 4500.0
1516099283.85 1 1 2500.0 2500.0 4500.0 4500.0
1516099283.94 1 1 2500.0 2500.0 4500.0 4500.0
1516099284.06 1 1 2500.0 2500.0 4500.0 4500.0
1516099284.15 1 1 2500.0 2500.0 4500.0 4500.0
1516099284.25 1 1 2500.0 2500.0 4500.0 4500.0
1516099284.35 1 1 2500.0 2500.0 4500.0 4500.0
1516099284.44 1 1 2500.0 2500.0 4500.0 4500.0
1516099284.55 1 1 2500.0 2500.0 4500.0 4500.0
1516099284.64 1 1 2500.0 2500.0 4500.0 4500.0
1516099284.75 1 1 2500.0 2500.0 4500.0 4500.0
1516099284.85 1 1 2500.0 2500.0 4500.0 4500.0
1516099284.94 1 1 2500.0 2500.0 4500.0 4500.0
1516099285.05 1 1 2500.0 2500.0 4500.0 4500.0
1516099285.15 1 1 2500.0 2500.0 4500.0 4500.0
1516099285.25 1 1 2500.0 2500.0 4500.0 4500.0
1516099285.36 1 1 2500.0 2500.0 4500.0 4500.0
1516099285.46 1 1 2500.0 2500.0 4500.0 4500.0
1516099285.55 1 1 2500.0 2500.0 4500.0 4500.0
1516099285.65 1 1 2500.0 2500.0 4500.0 4500.0
1516099285.75 1 1 2500.0 2500.0 4500.0 4500.0
1516099285.85 1 1 2500.0 2500.0 4500.0 4500.0
1516099285.94 1 1 2500.0 2500.0 4500.0 4500.0
1516099286.05 1 1 2500.0 2500.0 4500.0 4500.0
1516099286.15 1 1 2500.0 2500.0 4500.0 4500.0
1516099286.25 1 1 2500.0 2500.0 4500.0 4500.0
1516099286.35 1 1 2500.0 2500.0 4500.0 4500.0
1516099286.46 1 1 2500.0 2500.0 4500.0 4500.0
1516099286.56 1 1 2500.0 2500.0 4500.0 4500.0
1516099286.64 1 1 2500.0 2500.0 4500.0 4500.0
1516099286.75 1 1 2500.0 2500.0 4500.0 4500.0
1516099286.85 1 1 2500.0 2500.0 4500.0 4500.0
1516099286.95 1 1 2500.0 2500.0 4500.0 4500.0
1516099287.05 1 1 2500.0 2500.0 4500.0 4500.0
1516099287.15 1 1 2500.0 2500.0 4500.0 4500.0
1516099287.25 1 1 2500.0 2500.0 4500.0 4500.0
1516099287.35 1 1 2500.0 2500.0 4500.0 4500.0
1516099287.45 1 1 2500.0 2500.0 4500.0 4500.0
1516099287.55 1 1 2500.0 2500.0 4500.0 4500.0
1516099287.65 1 1 2500.0 2500.0 4500.0 4500.0
1516099287.76 1 1 2500.0 2500.0 4500.0 4500.0
1516099287.86 1 1 2500.0 2500.0 4500.0 4500.0
1516099287.96 1 1 2500.0 2500.0 4500.0 4500.0
1516099288.05 1 1 2500.0 2500.0 4500.0 4500.0
1516099288.15 1 1 2500.0 2500.0 4500.0 4500.0
1516099288.26 1 1 2500.0 2500.0 4500.0 4500.0
1516099288.36 1 1 2500.0 2500.0 4500.0 4500.0
1516099288.47 1 1 2500.0 2500.0 4500.0 4500.0
1516099288.56 1 1 2500.0 2500.0 4500.0 4500.0
1516099288.67 1 1 2500.0 2500.0 4500.0 4500.0
1516099288.76 1 1 2500.0 2500.0 4500.0 4500.0
1516099288.87 1 1 2500.0 2500.0 4500.0 4500.0
1516099288.96 1 1 2500.0 2500.0 4500.0 4500.0
1516099289.06 1 1 2500.0 2500.0 4500.0 4500.0
1516099289.16 1 1 2500.0 2500.0 4500.0 4500.0
1516099289.26 1 1 2500.0 2500.0 4500.0 4500.0
1516099289.36 1 1 2500.0 2500.0 4500.0 4500.0
1516099289.46 1 1 2500.0 2500.0 4500.0 4500.0
1516099289.56 1 1 2500.0 2500.0 4500.0 4500.0
1516099289.67 1 1 2500.0 2500.0 4500.0 4500.0
1516099289.76 1 1 2500.0 2500.0 4500.0 4500.0
1516099289.86 1 1 2500.0 2500.0 4500.0 4500.0
1516099289.96 1 1 2500.0 2500.0 4500.0 4500.0
1516099290.07 1 1 2500.0 2500.0 4500.0 4500.0
1516099290.15 1 1 2500.0 2500.0 4500.0 4500.0
1516099290.25 1 1 2500.0 2500.0 4500.0 4500.0
1516099290.36 1 1 2500.0 2500.0 4500.0 4500.0
1516099290.46 1 1 2500.0 2500.0 4500.0 4500.0
1516099290.56 1 1 2500.0 2500.0 4500.0 4500.0
1516099290.66 1 1 2500.0 2500.0 4500.0 4500.0
1516099290.76 1 1 2500.0 2500.0 4500.0 4500.0
1516099290.87 1 1 2500.0 2500.0 4500.0 4500.0
1516099290.96 1 1 2500.0 2500.0 4500.0 4500.0
1516099291.06 1 1 2500.0 2500.0 4500.0 4500.0
1516099291.16 1 1 2500.0 2500.0 4500.0 4500.0
1516099291.26 1 1 2500.0 2500.0 4500.0 4500.0
1516099291.37 1 1 2500.0 2500.0 4500.0 4500.0
1516099291.46 1 1 2500.0 2500.0 4500.0 4500.0
1516099291.55 1 1 2500.0 2500.0 4500.0 4500.0
1516099291.66 1 1 2500.0 2500.0 4500.0 4500.0
1516099291.77 1 1 2500.0 2500.0 4500.0 4500.0
1516099291.87 1 1 2500.0 2500.0 4500.0 4500.0
1516099291.96 1 1 2500.0 2500.0 4500.0 4500.0
1516099292.06 1 1 2500.0 2500.0 4500.0 4500.0
1516099292.17 1 1 2500.0 2500.0 4500.0 4500.0
1516099292.26 1 1 2500.0 2500.0 4500.0 4500.0
1516099292.37 1 1 2500.0 2500.0 4500.0 4500.0
1516099292.47 1 1 2500.0 2500.0 4500.0 4500.0
1516099292.56 1 1 2500.0 2500.0 4500.0 4500.0
1516099292.66 1 1 2500.0 2500.0 4500.0 4500.0
1516099292.77 1 1 2500.0 2500.0 4500.0 4500.0
1516099292.87 1 1 2500.0 2500.0 4500.0 4500.0
1516099292.97 1 1 2500.0 2500.0 4500.0 4500.0
1516099293.06 1 1 2500.0 2500.0 4500.0 4500.0
1516099293.17 1 1 2500.0 2500.0 4500.0 4500.0
1516099293.27 1 1 2500.0 2500.0 4500.0 4500.0
1516099293.37 1 1 2500.0 2500.0 4500.0 4500.0
1516099293.47 1 1 2500.0 2500.0 4500.0 4500.0
1516099293.57 1 1 2500.0 2500.0 4500.0 4500.0
1516099293.67 1 1 2500.0 2500.0 4500.0 4500.0
1516099293.77 1 1 2500.0 2500.0 4500.0 4500.0
1516099293.87 1 1 2500.0 2500.0 4500.0 4500.0
1516099293.98 1 1 2500.0 2500.0 4500.0 4500.0
1516099294.07 1 1 2500.0 2500.0 4500.0 4500.0
1516099294.16 1 1 2500.0 2500.0 4500.0 4500.0
1516099294.26 1 1 2500.0 2500.0 4500.0 4500.0
1516099294.36 1 1 2500.0 2500.0 4500.0 4500.0
1516099294.46 1 1 2500.0 2500.0 4500.0 4500.0
1516099294.56 1 1 2500.0 2500.0 4500.0 4500.0
1516099294.67 1 1 2500.0 2500.0 4500.0 4500.0
1516099294.77 1 1 2500.0 2500.0 4500.0 4500.0
1516099294.86 1 1 2500.0 2500.0 4500.0 4500.0
1516099294.97 1 1 2500.0 2500.0 4500.0 4500.0
1516099295.06 1 1 2500.0 2500.0 4500.0 4500.0
1516099295.16 1 1 2500.0 2500.0 4500.0 4500.0
1516099295.27 1 1 2500.0 2500.0 4500.0 4500.0
1516099295.36 1 1 2500.0 2500.0 4500.0 4500.0
1516099295.46 1 1 2500.0 2500.0 4500.0 4500.0
1516099295.57 1 1 2500.0 2500.0 4500.0 4500.0
1516099295.66 1 1 2500.0 2500.0 4500.0 4500.0
1516099295.77 1 1 2500.0 2500.0 4500.0 4500.0
1516099295.86 1 1 2500.0 2500.0 4500.0 4500.0
1516099295.98 1 1 2500.0 2500.0 4500.0 4500.0
1516099296.07 1 1 2500.0 2500.0 4500.0 4500.0
1516099296.17 1 1 2500.0 2500.0 4500.0 4500.0
1516099296.27 1 1 2500.0 2500.0 4500.0 4500.0
1516099296.36 1 1 2500.0 2500.0 4500.0 4500.0
1516099296.47 1 1 2500.0 2500.0 4500.0 4500.0
1516099296.57 1 1 2500.0 2500.0 4500.0 4500.0
1516099296.67 1 1 2500.0 2500.0 4500.0 4500.0
1516099296.77 1 1 2500.0 2500.0 4500.0 4500.0
1516099296.87 1 1 2500.0 2500.0 4500.0 4500.0
1516099296.97 1 1 2500.0 2500.0 4500.0 4500.0
1516099297.07 1 1 2500.0 2500.0 4500.0 4500.0
1516099297.17 1 1 2500.0 2500.0 4500.0 4500.0
1516099297.27 1 1 2500.0 2500.0 4500.0 4500.0
1516099297.37 1 1 2500.0 2500.0 4500.0 4500.0
1516099297.48 1 1 2500.0 2500.0 4500.0 4500.0
1516099297.57 1 1 2500.0 2500.0 4500.0 4500.0
1516099297.67 1 1 2500.0 2500.0 4500.0 4500.0
1516099297.77 1 1 2500.0 2500.0 4500.0 4500.0
1516099297.88 1 1 2500.0 2500.0 4500.0 4500.0
1516099297.98 1 1 2500.0 2500.0 4500.0 4500.0
1516099298.07 1 1 2500.0 2500.0 4500.0 4500.0
1516099298.17 1 1 2500.0 2500.0 4500.0 4500.0
1516099298.28 1 1 2500.0 2500.0 4500.0 4500.0
1516099298.38 1 1 2500.0 2500.0 4500.0 4500.0
1516099298.47 1 1 2500.0 2500.0 4500.0 4500.0
1516099298.57 1 1 2500.0 2500.0 4500.0 4500.0
1516099298.67 1 1 2500.0 2500.0 4500.0 4500.0
1516099298.78 1 1 2500.0 2500.0 4500.0 4500.0
1516099298.87 1 1 2500.0 2500.0 4500.0 4500.0
1516099298.98 1 1 2500.0 2500.0 4500.0 4500.0
1516099299.07 1 1 2500.0 2500.0 4500.0 4500.0
1516099299.17 1 1 2500.0 2500.0 4500.0 4500.0
1516099299.28 1 1 2500.0 2500.0 4500.0 4500.0
1516099299.37 1 1 2500.0 2500.0 4500.0 4500.0
1516099299.47 1 1 2500.0 2500.0 4500.0 4500.0
1516099299.57 1 1 2500.0 2500.0 4500.0 4500.0
1516099299.67 1 1 2500.0 2500.0 4500.0 4500.0
1516099299.78 1 1 2500.0 2500.0 4500.0 4500.0
1516099299.88 1 1 2500.0 2500.0 4500.0 4500.0
1516099299.98 1 1 2500.0 2500.0 4500.0 4500.0
1516099300.08 1 1 2500.0 2500.0 4500.0 4500.0
1516099300.18 1 1 2500.0 2500.0 4500.0 4500.0
1516099300.28 1 1 2500.0 2500.0 4500.0 4500.0
1516099300.38 1 1 2500.0 2500.0 4500.0 4500.0
1516099300.48 1 1 2500.0 2500.0 4500.0 4500.0
1516099300.58 1 1 2500.0 2500.0 4500.0 4500.0
1516099300.69 1 1 2500.0 2500.0 4500.0 4500.0
1516099300.79 1 1 2500.0 2500.0 4500.0 4500.0
1516099300.88 1 1 2500.0 2500.0 4500.0 4500.0
1516099300.99 1 1 2500.0 2500.0 4500.0 4500.0
1516099301.08 1 1 2500.0 2500.0 4500.0 4500.0
1516099301.19 1 1 2500.0 2500.0 4500.0 4500.0
1516099301.28 1 1 2500.0 2500.0 4500.0 4500.0
1516099301.39 1 1 2500.0 2500.0 4500.0 4500.0
1516099301.48 1 1 2500.0 2500.0 4500.0 4500.0
1516099301.58 1 1 2500.0 2500.0 4500.0 4500.0
1516099301.68 1 1 2500.0 2500.0 4500.0 4500.0
1516099301.78 1 1 2500.0 2500.0 4500.0 4500.0
1516099301.88 1 1 2500.0 2500.0 4500.0 4500.0
1516099301.98 1 1 2500.0 2500.0 4500.0 4500.0
1516099302.08 1 1 2500.0 2500.0 4500.0 4500.0
1516099302.19 1 1 2500.0 2500.0 4500.0 4500.0
1516099302.29 1 1 2500.0 2500.0 4500.0 4500.0
1516099302.39 1 1 2500.0 2500.0 4500.0 4500.0
1516099302.48 1 1 2500.0 2500.0 4500.0 4500.0
1516099302.59 1 1 2500.0 2500.0 4500.0 4500.0
1516099302.69 1 1 2500.0 2500.0 4500.0 4500.0
1516099302.78 1 1 2500.0 2500.0 4500.0 4500.0
1516099302.87 1 1 2500.0 2500.0 4500.0 4500.0
1516099302.98 1 1 2500.0 2500.0 4500.0 4500.0
1516099303.08 1 1 2500.0 2500.0 4500.0 4500.0
1516099303.18 1 1 2500.0 2500.0 4500.0 4500.0
1516099303.27 1 1 2500.0 2500.0 4500.0 4500.0
1516099303.38 1 1 2500.0 2500.0 4500.0 4500.0
1516099303.48 1 1 2500.0 2500.0 4500.0 4500.0
1516099303.58 1 1 2500.0 2500.0 4500.0 4500.0
1516099303.68 1 1 2500.0 2500.0 4500.0 4500.0
1516099303.79 1 1 2500.0 2500.0 4500.0 4500.0
1516099303.89 1 1 2500.0 2500.0 4500.0 4500.0
1516099303.98 1 1 2500.0 2500.0 4500.0 4500.0
1516099304.09 1 1 2500.0 2500.0 4500.0 4500.0
1516099304.19 1 1 2500.0 2500.0 4500.0 4500.0
1516099304.29 1 1 2500.0 2500.0 4500.0 4500.0
1516099304.4 1 1 2500.0 2500.0 4500.0 4500.0
1516099304.49 1 1 2500.0 2500.0 4500.0 4500.0
1516099304.59 1 1 2500.0 2500.0 4500.0 4500.0
1516099304.7 1 1 2500.0 2500.0 4500.0 4500.0
1516099304.8 1 1 2500.0 2500.0 4500.0 4500.0
1516099304.9 1 1 2500.0 2500.0 4500.0 4500.0
1516099305.0 1 1 2500.0 2500.0 4500.0 4500.0
1516099305.11 1 1 2500.0 2500.0 4500.0 4500.0
1516099305.2 1 1 2500.0 2500.0 4500.0 4500.0
1516099305.31 1 1 2500.0 2500.0 4500.0 4500.0
1516099305.41 1 1 2500.0 2500.0 4500.0 4500.0
1516099305.51 1 1 2500.0 2500.0 4500.0 4500.0
1516099305.61 1 1 2500.0 2500.0 4500.0 4500.0
1516099305.71 1 1 2500.0 2500.0 4500.0 4500.0
1516099305.81 1 1 2500.0 2500.0 4500.0 4500.0
1516099305.91 1 1 2500.0 2500.0 4500.0 4500.0
1516099306.01 1 1 2500.0 2500.0 4500.0 4500.0
1516099306.11 1 1 2500.0 2500.0 4500.0 4500.0
1516099306.21 1 1 2500.0 2500.0 4500.0 4500.0
1516099306.32 1 1 2500.0 2500.0 4500.0 4500.0
1516099306.41 1 1 2500.0 2500.0 4500.0 4500.0
1516099306.51 1 1 2500.0 2500.0 4500.0 4500.0
1516099306.61 1 1 2500.0 2500.0 4500.0 4500.0
1516099306.71 1 1 2500.0 2500.0 4500.0 4500.0
1516099306.82 1 1 2500.0 2500.0 4500.0 4500.0
1516099306.9 1 1 2500.0 2500.0 4500.0 4500.0
1516099307.01 1 1 2500.0 2500.0 4500.0 4500.0
1516099307.11 1 1 2500.0 2500.0 4500.0 4500.0
1516099307.21 1 1 2500.0 2500.0 4500.0 4500.0
1516099307.31 1 1 2500.0 2500.0 4500.0 4500.0
1516099307.4 1 1 2500.0 2500.0 4500.0 4500.0
1516099307.51 1 1 2500.0 2500.0 4500.0 4500.0
1516099307.61 1 1 2500.0 2500.0 4500.0 4500.0
1516099307.7 1 1 2500.0 2500.0 4500.0 4500.0
1516099307.81 1 1 2500.0 2500.0 4500.0 4500.0
1516099307.91 1 1 2500.0 2500.0 4500.0 4500.0
1516099308.01 1 1 2500.0 2500.0 4500.0 4500.0
1516099308.11 1 1 2500.0 2500.0 4500.0 4500.0
1516099308.21 1 1 2500.0 2500.0 4500.0 4500.0
1516099308.31 1 1 2500.0 2500.0 4500.0 4500.0
1516099308.41 1 1 2500.0 2500.0 4500.0 4500.0
1516099308.5 1 1 2500.0 2500.0 4500.0 4500.0
1516099308.61 1 1 2500.0 2500.0 4500.0 4500.0
1516099308.72 1 1 2500.0 2500.0 4500.0 4500.0
1516099308.81 1 1 2500.0 2500.0 4500.0 4500.0
1516099308.91 1 1 2500.0 2500.0 4500.0 4500.0
1516099309.02 1 1 2500.0 2500.0 4500.0 4500.0
1516099309.12 1 1 2500.0 2500.0 4500.0 4500.0
1516099309.22 1 1 2500.0 2500.0 4500.0 4500.0
1516099309.33 1 1 2500.0 2500.0 4500.0 4500.0
1516099309.43 1 1 2500.0 2500.0 4500.0 4500.0
1516099309.52 1 1 2500.0 2500.0 4500.0 4500.0
1516099309.63 1 1 2500.0 2500.0 4500.0 4500.0
1516099309.72 1 1 2500.0 2500.0 4500.0 4500.0
1516099309.83 1 1 2500.0 2500.0 4500.0 4500.0
1516099309.94 1 1 2500.0 2500.0 4500.0 4500.0
1516099310.03 1 1 2500.0 2500.0 4500.0 4500.0
1516099310.12 1 1 2500.0 2500.0 4500.0 4500.0
1516099310.23 1 1 2500.0 2500.0 4500.0 4500.0
1516099310.33 1 1 2500.0 2500.0 4500.0 4500.0
1516099310.43 1 1 2500.0 2500.0 4500.0 4500.0
1516099310.53 1 1 2500.0 2500.0 4500.0 4500.0
1516099310.64 1 1 2500.0 2500.0 4500.0 4500.0
1516099310.74 1 1 2500.0 2500.0 4500.0 4500.0
1516099310.84 1 1 2500.0 2500.0 4500.0 4500.0
1516099310.93 1 1 2500.0 2500.0 4500.0 4500.0
1516099311.04 1 1 2500.0 2500.0 4500.0 4500.0
1516099311.13 1 1 2500.0 2500.0 4500.0 4500.0
1516099311.23 1 1 2500.0 2500.0 4500.0 4500.0
1516099311.33 1 1 2500.0 2500.0 4500.0 4500.0
1516099311.43 1 1 2500.0 2500.0 4500.0 4500.0
1516099311.53 1 1 2500.0 2500.0 4500.0 4500.0
1516099311.63 1 1 2500.0 2500.0 4500.0 4500.0
1516099311.74 1 1 2500.0 2500.0 4500.0 4500.0
1516099311.83 1 1 2500.0 2500.0 4500.0 4500.0
1516099311.94 1 1 2500.0 2500.0 4500.0 4500.0
1516099312.03 1 1 2500.0 2500.0 4500.0 4500.0
1516099312.13 1 1 2500.0 2500.0 4500.0 4500.0
1516099312.23 1 1 2500.0 2500.0 4500.0 4500.0
1516099312.33 1 1 2500.0 2500.0 4500.0 4500.0
1516099312.44 1 1 2500.0 2500.0 4500.0 4500.0
1516099312.53 1 1 2500.0 2500.0 4500.0 4500.0
1516099312.64 1 1 2500.0 2500.0 4500.0 4500.0
1516099312.73 1 1 2500.0 2500.0 4500.0 4500.0
1516099312.83 1 1 2500.0 2500.0 4500.0 4500.0
1516099312.93 1 1 2500.0 2500.0 4500.0 4500.0
1516099313.04 1 1 2500.0 2500.0 4500.0 4500.0
1516099313.13 1 1 2500.0 2500.0 4500.0 4500.0
1516099313.23 1 1 2500.0 2500.0 4500.0 4500.0
1516099313.33 1 1 2500.0 2500.0 4500.0 4500.0
1516099313.43 1 1 2500.0 2500.0 4500.0 4500.0
1516099313.53 1 1 2500.0 2500.0 4500.0 4500.0
1516099313.63 1 1 2500.0 2500.0 4500.0 4500.0
1516099313.73 1 1 2500.0 2500.0 4500.0 4500.0
1516099313.83 1 1 2500.0 2500.0 4500.0 4500.0
1516099313.93 1 1 2500.0 2500.0 4500.0 4500.0
1516099314.05 1 1 2500.0 2500.0 4500.0 4500.0
1516099314.13 1 1 2500.0 2500.0 4500.0 4500.0
1516099314.24 1 1 2500.0 2500.0 4500.0 4500.0
1516099314.34 1 1 2500.0 2500.0 4500.0 4500.0
1516099314.44 1 1 2500.0 2500.0 4500.0 4500.0
1516099314.53 1 1 2500.0 2500.0 4500.0 4500.0
1516099314.64 1 1 2500.0 2500.0 4500.0 4500.0
1516099314.74 1 1 2500.0 2500.0 4500.0 4500.0
1516099314.84 1 1 2500.0 2500.0 4500.0 4500.0
1516099314.94 1 1 2500.0 2500.0 4500.0 4500.0
1516099315.04 1 1 2500.0 2500.0 4500.0 4500.0
1516099315.14 1 1 2500.0 2500.0 4500.0 4500.0
1516099315.24 1 1 2500.0 2500.0 4500.0 4500.0
1516099315.34 1 1 2500.0 2500.0 4500.0 4500.0
1516099315.44 1 1 2500.0 2500.0 4500.0 4500.0
1516099315.54 1 1 2500.0 2500.0 4500.0 4500.0
1516099315.64 1 1 2500.0 2500.0 4500.0 4500.0
1516099315.75 1 1 2500.0 2500.0 4500.0 4500.0
1516099315.83 1 1 2500.0 2500.0 4500.0 4500.0
1516099315.94 1 1 2500.0 2500.0 4500.0 4500.0
1516099316.04 1 1 2500.0 2500.0 4500.0 4500.0
1516099316.14 1 1 2500.0 2500.0 4500.0 4500.0
1516099316.24 1 1 2500.0 2500.0 4500.0 4500.0
1516099316.35 1 1 2500.0 2500.0 4500.0 4500.0
1516099316.44 1 1 2500.0 2500.0 4500.0 4500.0
1516099316.54 1 1 2500.0 2500.0 4500.0 4500.0
1516099316.64 1 1 2500.0 2500.0 4500.0 4500.0
1516099316.73 1 1 2500.0 2500.0 4500.0 4500.0
1516099316.83 1 1 2500.0 2500.0 4500.0 4500.0
1516099316.94 1 1 2500.0 2500.0 4500.0 4500.0
1516099317.05 1 1 2500.0 2500.0 4500.0 4500.0
1516099317.14 1 1 2500.0 2500.0 4500.0 4500.0
1516099317.24 1 1 2500.0 2500.0 4500.0 4500.0
1516099317.34 1 1 2500.0 2500.0 4500.0 4500.0
1516099317.45 1 1 2500.0 2500.0 4500.0 4500.0
1516099317.54 1 1 2500.0 2500.0 4500.0 4500.0
1516099317.64 1 1 2500.0 2500.0 4500.0 4500.0
1516099317.74 1 1 2500.0 2500.0 4500.0 4500.0
1516099317.85 1 1 2500.0 2500.0 4500.0 4500.0
1516099317.94 1 1 2500.0 2500.0 4500.0 4500.0
1516099318.04 1 1 2500.0 2500.0 4500.0 4500.0
1516099318.14 1 1 2500.0 2500.0 4500.0 4500.0
1516099318.25 1 1 2500.0 2500.0 4500.0 4500.0
1516099318.35 1 1 2500.0 2500.0 4500.0 4500.0
1516099318.45 1 1 2500.0 2500.0 4500.0 4500.0
1516099318.55 1 1 2500.0 2500.0 4500.0 4500.0
1516099318.65 1 1 2500.0 2500.0 4500.0 4500.0
1516099318.75 1 1 2500.0 2500.0 4500.0 4500.0
1516099318.85 1 1 2500.0 2500.0 4500.0 4500.0
1516099318.95 1 1 2500.0 2500.0 4500.0 4500.0
1516099319.06 1 1 2500.0 2500.0 4500.0 4500.0
1516099319.16 1 1 2500.0 2500.0 4500.0 4500.0
1516099319.26 1 1 2500.0 2500.0 4500.0 4500.0
1516099319.36 1 1 2500.0 2500.0 4500.0 4500.0
1516099319.45 1 1 2500.0 2500.0 4500.0 4500.0
1516099319.56 1 1 2500.0 2500.0 4500.0 4500.0
1516099319.66 1 1 2500.0 2500.0 4500.0 4500.0
1516099319.76 1 1 2500.0 2500.0 4500.0 4500.0
1516099319.87 1 1 2500.0 2500.0 4500.0 4500.0
1516099319.96 1 1 2500.0 2500.0 4500.0 4500.0
1516099320.06 1 1 2500.0 2500.0 4500.0 4500.0
1516099320.15 1 1 2500.0 2500.0 4500.0 4500.0
1516099320.26 1 1 2500.0 2500.0 4500.0 4500.0
1516099320.36 1 1 2500.0 2500.0 4500.0 4500.0
1516099320.45 1 1 2500.0 2500.0 4500.0 4500.0
1516099320.55 1 1 2500.0 2500.0 4500.0 4500.0
1516099320.66 1 1 2500.0 2500.0 4500.0 4500.0
1516099320.76 1 1 2500.0 2500.0 4500.0 4500.0
1516099320.86 1 1 2500.0 2500.0 4500.0 4500.0
1516099320.95 1 1 2500.0 2500.0 4500.0 4500.0
1516099321.06 1 1 2500.0 2500.0 4500.0 4500.0
1516099321.16 1 1 2500.0 2500.0 4500.0 4500.0
1516099321.26 1 1 2500.0 2500.0 4500.0 4500.0
1516099321.35 1 1 2500.0 2500.0 4500.0 4500.0
1516099321.45 1 1 2500.0 2500.0 4500.0 4500.0
1516099321.55 1 1 2500.0 2500.0 4500.0 4500.0
1516099321.66 1 1 2500.0 2500.0 4500.0 4500.0
1516099321.75 1 1 2500.0 2500.0 4500.0 4500.0
1516099321.85 1 1 2500.0 2500.0 4500.0 4500.0
1516099321.96 1 1 2500.0 2500.0 4500.0 4500.0
1516099322.05 1 1 2500.0 2500.0 4500.0 4500.0
1516099322.16 1 1 2500.0 2500.0 4500.0 4500.0
1516099322.26 1 1 2500.0 2500.0 4500.0 4500.0
1516099322.36 1 1 2500.0 2500.0 4500.0 4500.0
1516099322.45 1 1 2500.0 2500.0 4500.0 4500.0
1516099322.56 1 1 2500.0 2500.0 4500.0 4500.0
1516099322.65 1 1 2500.0 2500.0 4500.0 4500.0
1516099322.76 1 1 2500.0 2500.0 4500.0 4500.0
1516099322.86 1 1 2500.0 2500.0 4500.0 4500.0
1516099322.96 1 1 2500.0 2500.0 4500.0 4500.0
1516099323.06 1 1 2500.0 2500.0 4500.0 4500.0
1516099323.16 1 1 2500.0 2500.0 4500.0 4500.0
1516099323.27 1 1 2500.0 2500.0 4500.0 4500.0
1516099323.37 1 1 2500.0 2500.0 4500.0 4500.0
1516099323.46 1 1 2500.0 2500.0 4500.0 4500.0
1516099323.57 1 1 2500.0 2500.0 4500.0 4500.0
1516099323.67 1 1 2500.0 2500.0 4500.0 4500.0
1516099323.77 1 1 2500.0 2500.0 4500.0 4500.0
1516099323.86 1 1 2500.0 2500.0 4500.0 4500.0
1516099323.96 1 1 2500.0 2500.0 4500.0 4500.0
1516099324.07 1 1 2500.0 2500.0 4500.0 4500.0
1516099324.17 1 1 2500.0 2500.0 4500.0 4500.0
1516099324.27 1 1 2500.0 2500.0 4500.0 4500.0
1516099324.37 1 1 2500.0 2500.0 4500.0 4500.0
1516099324.46 1 1 2500.0 2500.0 4500.0 4500.0
1516099324.57 1 1 2500.0 2500.0 4500.0 4500.0
1516099324.67 1 1 2500.0 2500.0 4500.0 4500.0
1516099324.77 1 1 2500.0 2500.0 4500.0 4500.0
1516099324.86 1 1 2500.0 2500.0 4500.0 4500.0
1516099324.97 1 1 2500.0 2500.0 4500.0 4500.0
1516099325.07 1 1 2500.0 2500.0 4500.0 4500.0
1516099325.16 1 1 2500.0 2500.0 4500.0 4500.0
1516099325.27 1 1 2500.0 2500.0 4500.0 4500.0
1516099325.36 1 1 2500.0 2500.0 4500.0 4500.0
1516099325.46 1 1 2500.0 2500.0 4500.0 4500.0
1516099325.57 1 1 2500.0 2500.0 4500.0 4500.0
1516099325.68 1 1 2500.0 2500.0 4500.0 4500.0
1516099325.76 1 1 2500.0 2500.0 4500.0 4500.0
1516099325.86 1 1 2500.0 2500.0 4500.0 4500.0
1516099325.97 1 1 2500.0 2500.0 4500.0 4500.0
1516099326.07 1 1 2500.0 2500.0 4500.0 4500.0
1516099326.17 1 1 2500.0 2500.0 4500.0 4500.0
1516099326.27 1 1 2500.0 2500.0 4500.0 4500.0
1516099326.37 1 1 2500.0 2500.0 4500.0 4500.0
1516099326.47 1 1 2500.0 2500.0 4500.0 4500.0
1516099326.57 1 1 2500.0 2500.0 4500.0 4500.0
1516099326.67 1 1 2500.0 2500.0 4500.0 4500.0
1516099326.77 1 1 2500.0 2500.0 4500.0 4500.0
1516099326.87 1 1 2500.0 2500.0 4500.0 4500.0
1516099326.97 1 1 2500.0 2500.0 4500.0 4500.0
1516099327.08 1 1 2500.0 2500.0 4500.0 4500.0
1516099327.18 1 1 2500.0 2500.0 4500.0 4500.0
1516099327.28 1 1 2500.0 2500.0 4500.0 4500.0
1516099327.37 1 1 2500.0 2500.0 4500.0 4500.0
1516099327.48 1 1 2500.0 2500.0 4500.0 4500.0
1516099327.58 1 1 2500.0 2500.0 4500.0 4500.0
1516099327.68 1 1 2500.0 2500.0 4500.0 4500.0
1516099327.78 1 1 2500.0 2500.0 4500.0 4500.0
1516099327.88 1 1 2500.0 2500.0 4500.0 4500.0
1516099327.97 1 1 2500.0 2500.0 4500.0 4500.0
1516099328.07 1 1 2500.0 2500.0 4500.0 4500.0
1516099328.18 1 1 2500.0 2500.0 4500.0 4500.0
1516099328.28 1 1 2500.0 2500.0 4500.0 4500.0
1516099328.38 1 1 2500.0 2500.0 4500.0 4500.0
1516099328.47 1 1 2500.0 2500.0 4500.0 4500.0
1516099328.58 1 1 2500.0 2500.0 4500.0 4500.0
1516099328.68 1 1 2500.0 2500.0 4500.0 4500.0
1516099328.77 1 1 2500.0 2500.0 4500.0 4500.0
1516099328.88 1 1 2500.0 2500.0 4500.0 4500.0
1516099328.98 1 1 2500.0 2500.0 4500.0 4500.0
1516099329.08 1 1 2500.0 2500.0 4500.0 4500.0
1516099329.18 1 1 2500.0 2500.0 4500.0 4500.0
1516099329.28 1 1 2500.0 2500.0 4500.0 4500.0
1516099329.38 1 1 2500.0 2500.0 4500.0 4500.0
1516099329.48 1 1 2500.0 2500.0 4500.0 4500.0
1516099329.58 1 1 2500.0 2500.0 4500.0 4500.0
1516099329.68 1 1 2500.0 2500.0 4500.0 4500.0
1516099329.78 1 1 2500.0 2500.0 4500.0 4500.0
1516099329.88 1 1 2500.0 2500.0 4500.0 4500.0
1516099329.98 1 1 2500.0 2500.0 4500.0 4500.0
1516099330.07 1 1 2500.0 2500.0 4500.0 4500.0
1516099330.18 1 1 2500.0 2500.0 4500.0 4500.0
1516099330.28 1 1 2500.0 2500.0 4500.0 4500.0
1516099330.37 1 1 2500.0 2500.0 4500.0 4500.0
1516099330.48 1 1 2500.0 2500.0 4500.0 4500.0
1516099330.58 1 1 2500.0 2500.0 4500.0 4500.0
1516099330.68 1 1 2500.0 2500.0 4500.0 4500.0
1516099330.78 1 1 2500.0 2500.0 4500.0 4500.0
1516099330.88 1 1 2500.0 2500.0 4500.0 4500.0
1516099330.98 1 1 2500.0 2500.0 4500.0 4500.0
1516099331.09 1 1 2500.0 2500.0 4500.0 4500.0
1516099331.19 1 1 2500.0 2500.0 4500.0 4500.0
1516099331.28 1 1 2500.0 2500.0 4500.0 4500.0
1516099331.39 1 1 2500.0 2500.0 4500.0 4500.0
1516099331.49 1 1 2500.0 2500.0 4500.0 4500.0
1516099331.58 1 1 2500.0 2500.0 4500.0 4500.0
1516099331.69 1 1 2500.0 2500.0 4500.0 4500.0
1516099331.79 1 1 2500.0 2500.0 4500.0 4500.0
1516099331.89 1 1 2500.0 2500.0 4500.0 4500.0
1516099331.99 1 1 2500.0 2500.0 4500.0 4500.0
1516099332.09 1 1 2500.0 2500.0 4500.0 4500.0
1516099332.19 1 1 2500.0 2500.0 4500.0 4500.0
1516099332.29 1 1 2500.0 2500.0 4500.0 4500.0
1516099332.38 1 1 2500.0 2500.0 4500.0 4500.0
1516099332.49 1 1 2500.0 2500.0 4500.0 4500.0
1516099332.59 1 1 2500.0 2500.0 4500.0 4500.0
1516099332.68 1 1 2500.0 2500.0 4500.0 4500.0
1516099332.79 1 1 2500.0 2500.0 4500.0 4500.0
1516099332.89 1 1 2500.0 2500.0 4500.0 4500.0
1516099332.98 1 1 2500.0 2500.0 4500.0 4500.0
1516099333.09 1 1 2500.0 2500.0 4500.0 4500.0
1516099333.19 1 1 2500.0 2500.0 4500.0 4500.0
1516099333.29 1 1 2500.0 2500.0 4500.0 4500.0
1516099333.39 1 1 2500.0 2500.0 4500.0 4500.0
1516099333.48 1 1 2500.0 2500.0 4500.0 4500.0
1516099333.59 1 1 2500.0 2500.0 4500.0 4500.0
1516099333.69 1 1 2500.0 2500.0 4500.0 4500.0
1516099333.78 1 1 2500.0 2500.0 4500.0 4500.0
1516099333.89 1 1 2500.0 2500.0 4500.0 4500.0
1516099333.99 1 1 2500.0 2500.0 4500.0 4500.0
1516099334.08 1 1 2500.0 2500.0 4500.0 4500.0
1516099334.19 1 1 2500.0 2500.0 4500.0 4500.0
1516099334.29 1 1 2500.0 2500.0 4500.0 4500.0
1516099334.38 1 1 2500.0 2500.0 4500.0 4500.0
1516099334.49 1 1 2500.0 2500.0 4500.0 4500.0
1516099334.58 1 1 2500.0 2500.0 4500.0 4500.0
1516099334.68 1 1 2500.0 2500.0 4500.0 4500.0
1516099334.79 1 1 2500.0 2500.0 4500.0 4500.0
1516099334.9 1 1 2500.0 2500.0 4500.0 4500.0
1516099334.99 1 1 2500.0 2500.0 4500.0 4500.0
1516099335.1 1 1 2500.0 2500.0 4500.0 4500.0
1516099335.2 1 1 2500.0 2500.0 4500.0 4500.0
1516099335.3 1 1 2500.0 2500.0 4500.0 4500.0
1516099335.39 1 1 2500.0 2500.0 4500.0 4500.0
1516099335.5 1 1 2500.0 2500.0 4500.0 4500.0
1516099335.6 1 1 2500.0 2500.0 4500.0 4500.0
1516099335.7 1 1 2500.0 2500.0 4500.0 4500.0
1516099335.8 1 1 2500.0 2500.0 4500.0 4500.0
1516099335.89 1 1 2500.0 2500.0 4500.0 4500.0
1516099336.0 1 1 2500.0 2500.0 4500.0 4500.0
1516099336.1 1 1 2500.0 2500.0 4500.0 4500.0
1516099336.2 1 1 2500.0 2500.0 4500.0 4500.0
1516099336.3 1 1 2500.0 2500.0 4500.0 4500.0
1516099336.4 1 1 2500.0 2500.0 4500.0 4500.0
1516099336.5 1 1 2500.0 2500.0 4500.0 4500.0
1516099336.59 1 1 2500.0 2500.0 4500.0 4500.0
1516099336.7 1 1 2500.0 2500.0 4500.0 4500.0
1516099336.8 1 1 2500.0 2500.0 4500.0 4500.0
1516099336.89 1 1 2500.0 2500.0 4500.0 4500.0
1516099337.0 1 1 2500.0 2500.0 4500.0 4500.0
1516099337.09 1 1 2500.0 2500.0 4500.0 4500.0
1516099337.19 1 1 2500.0 2500.0 4500.0 4500.0
1516099337.3 1 1 2500.0 2500.0 4500.0 4500.0
1516099337.4 1 1 2500.0 2500.0 4500.0 4500.0
1516099337.5 1 1 2500.0 2500.0 4500.0 4500.0
1516099337.6 1 1 2500.0 2500.0 4500.0 4500.0
1516099337.69 1 1 2500.0 2500.0 4500.0 4500.0
1516099337.8 1 1 2500.0 2500.0 4500.0 4500.0
1516099337.9 1 1 2500.0 2500.0 4500.0 4500.0
1516099338.0 1 1 2500.0 2500.0 4500.0 4500.0
1516099338.1 1 1 2500.0 2500.0 4500.0 4500.0
1516099338.19 1 1 2500.0 2500.0 4500.0 4500.0
1516099338.3 1 1 2500.0 2500.0 4500.0 4500.0
1516099338.4 1 1 2500.0 2500.0 4500.0 4500.0
1516099338.5 1 1 2500.0 2500.0 4500.0 4500.0
1516099338.6 1 1 2500.0 2500.0 4500.0 4500.0
1516099338.7 1 1 2500.0 2500.0 4500.0 4500.0
1516099338.8 1 1 2500.0 2500.0 4500.0 4500.0
1516099338.9 1 1 2500.0 2500.0 4500.0 4500.0
1516099339.0 1 1 2500.0 2500.0 4500.0 4500.0
1516099339.11 1 1 2500.0 2500.0 4500.0 4500.0
1516099339.2 1 1 2500.0 2500.0 4500.0 4500.0
1516099339.31 1 1 2500.0 2500.0 4500.0 4500.0
1516099339.4 1 1 2500.0 2500.0 4500.0 4500.0
1516099339.5 1 1 2500.0 2500.0 4500.0 4500.0
1516099339.6 1 1 2500.0 2500.0 4500.0 4500.0
1516099339.7 1 1 2500.0 2500.0 4500.0 4500.0
1516099339.81 1 1 2500.0 2500.0 4500.0 4500.0
1516099339.91 1 1 2500.0 2500.0 4500.0 4500.0
1516099340.0 1 1 2500.0 2500.0 4500.0 4500.0
1516099340.1 1 1 2500.0 2500.0 4500.0 4500.0
1516099340.2 1 1 2500.0 2500.0 4500.0 4500.0
1516099340.31 1 1 2500.0 2500.0 4500.0 4500.0
1516099340.4 1 1 2500.0 2500.0 4500.0 4500.0
1516099340.51 1 1 2500.0 2500.0 4500.0 4500.0
1516099340.6 1 1 2500.0 2500.0 4500.0 4500.0
1516099340.71 1 1 2500.0 2500.0 4500.0 4500.0
1516099340.81 1 1 2500.0 2500.0 4500.0 4500.0
1516099340.91 1 1 2500.0 2500.0 4500.0 4500.0
1516099341.01 1 1 2500.0 2500.0 4500.0 4500.0
1516099341.11 1 1 2500.0 2500.0 4500.0 4500.0
1516099341.22 1 1 2500.0 2500.0 4500.0 4500.0
1516099341.32 1 1 2500.0 2500.0 4500.0 4500.0
1516099341.41 1 1 2500.0 2500.0 4500.0 4500.0
1516099341.51 1 1 2500.0 2500.0 4500.0 4500.0
1516099341.61 1 1 2500.0 2500.0 4500.0 4500.0
1516099341.72 1 1 2500.0 2500.0 4500.0 4500.0
1516099341.81 1 1 2500.0 2500.0 4500.0 4500.0
1516099341.91 1 1 2500.0 2500.0 4500.0 4500.0
1516099342.0 1 1 2500.0 2500.0 4500.0 4500.0
1516099342.12 1 1 2500.0 2500.0 4500.0 4500.0
1516099342.2 1 1 2500.0 2500.0 4500.0 4500.0
1516099342.31 1 1 2500.0 2500.0 4500.0 4500.0
1516099342.41 1 1 2500.0 2500.0 4500.0 4500.0
1516099342.5 1 1 2500.0 2500.0 4500.0 4500.0
1516099342.61 1 1 2500.0 2500.0 4500.0 4500.0
1516099342.72 1 1 2500.0 2500.0 4500.0 4500.0
1516099342.81 1 1 2500.0 2500.0 4500.0 4500.0
1516099342.91 1 1 2500.0 2500.0 4500.0 4500.0
1516099343.0 1 1 2500.0 2500.0 4500.0 4500.0
1516099343.12 1 1 2500.0 2500.0 4500.0 4500.0
1516099343.22 1 1 2500.0 2500.0 4500.0 4500.0
1516099343.31 1 1 2500.0 2500.0 4500.0 4500.0
1516099343.42 1 1 2500.0 2500.0 4500.0 4500.0
1516099343.52 1 1 2500.0 2500.0 4500.0 4500.0
1516099343.62 1 1 2500.0 2500.0 4500.0 4500.0
1516099343.73 1 1 2500.0 2500.0 4500.0 4500.0
1516099343.82 1 1 2500.0 2500.0 4500.0 4500.0
1516099343.93 1 1 2500.0 2500.0 4500.0 4500.0
1516099344.04 1 1 2500.0 2500.0 4500.0 4500.0
1516099344.13 1 1 2500.0 2500.0 4500.0 4500.0
1516099344.23 1 1 2500.0 2500.0 4500.0 4500.0
1516099344.34 1 1 2500.0 2500.0 4500.0 4500.0
1516099344.43 1 1 2500.0 2500.0 4500.0 4500.0
1516099344.53 1 1 2500.0 2500.0 4500.0 4500.0
1516099344.63 1 1 2500.0 2500.0 4500.0 4500.0
1516099344.73 1 1 2500.0 2500.0 4500.0 4500.0
1516099344.83 1 1 2500.0 2500.0 4500.0 4500.0
1516099344.92 1 1 2500.0 2500.0 4500.0 4500.0
1516099345.03 1 1 2500.0 2500.0 4500.0 4500.0
1516099345.13 1 1 2500.0 2500.0 4500.0 4500.0
1516099345.23 1 1 2500.0 2500.0 4500.0 4500.0
1516099345.33 1 1 2500.0 2500.0 4500.0 4500.0
1516099345.42 1 1 2500.0 2500.0 4500.0 4500.0
1516099345.53 1 1 2500.0 2500.0 4500.0 4500.0
1516099345.64 1 1 2500.0 2500.0 4500.0 4500.0
1516099345.73 1 1 2500.0 2500.0 4500.0 4500.0
1516099345.83 1 1 2500.0 2500.0 4500.0 4500.0
1516099345.94 1 1 2500.0 2500.0 4500.0 4500.0
1516099346.03 1 1 2500.0 2500.0 4500.0 4500.0
1516099346.13 1 1 2500.0 2500.0 4500.0 4500.0
1516099346.23 1 1 2500.0 2500.0 4500.0 4500.0
1516099346.33 1 1 2500.0 2500.0 4500.0 4500.0
1516099346.43 1 1 2500.0 2500.0 4500.0 4500.0
1516099346.54 1 1 2500.0 2500.0 4500.0 4500.0
1516099346.63 1 1 2500.0 2500.0 4500.0 4500.0
1516099346.72 1 1 2500.0 2500.0 4500.0 4500.0
1516099346.84 1 1 2500.0 2500.0 4500.0 4500.0
1516099346.93 1 1 2500.0 2500.0 4500.0 4500.0
1516099347.04 1 1 2500.0 2500.0 4500.0 4500.0
1516099347.14 1 1 2500.0 2500.0 4500.0 4500.0
1516099347.23 1 1 2500.0 2500.0 4500.0 4500.0
1516099347.34 1 1 2500.0 2500.0 4500.0 4500.0
1516099347.43 1 1 2500.0 2500.0 4500.0 4500.0
1516099347.54 1 1 2500.0 2500.0 4500.0 4500.0
1516099347.63 1 1 2500.0 2500.0 4500.0 4500.0
1516099347.74 1 1 2500.0 2500.0 4500.0 4500.0
1516099347.84 1 1 2500.0 2500.0 4500.0 4500.0
1516099347.95 1 1 2500.0 2500.0 4500.0 4500.0
1516099348.04 1 1 2500.0 2500.0 4500.0 4500.0
1516099348.14 1 1 2500.0 2500.0 4500.0 4500.0
1516099348.24 1 1 2500.0 2500.0 4500.0 4500.0
1516099348.35 1 1 2500.0 2500.0 4500.0 4500.0
1516099348.44 1 1 2500.0 2500.0 4500.0 4500.0
1516099348.55 1 1 2500.0 2500.0 4500.0 4500.0
1516099348.65 1 1 2500.0 2500.0 4500.0 4500.0
1516099348.75 1 1 2500.0 2500.0 4500.0 4500.0
1516099348.84 1 1 2500.0 2500.0 4500.0 4500.0
1516099348.94 1 1 2500.0 2500.0 4500.0 4500.0
1516099349.05 1 1 2500.0 2500.0 4500.0 4500.0
1516099349.15 1 1 2500.0 2500.0 4500.0 4500.0
1516099349.25 1 1 2500.0 2500.0 4500.0 4500.0
1516099349.35 1 1 2500.0 2500.0 4500.0 4500.0
1516099349.44 1 1 2500.0 2500.0 4500.0 4500.0
1516099349.54 1 1 2500.0 2500.0 4500.0 4500.0
1516099349.65 1 1 2500.0 2500.0 4500.0 4500.0
1516099349.74 1 1 2500.0 2500.0 4500.0 4500.0
1516099349.85 1 1 2500.0 2500.0 4500.0 4500.0
1516099349.95 1 1 2500.0 2500.0 4500.0 4500.0
1516099350.05 1 1 2500.0 2500.0 4500.0 4500.0
1516099350.15 1 1 2500.0 2500.0 4500.0 4500.0
1516099350.25 1 1 2500.0 2500.0 4500.0 4500.0
1516099350.35 1 1 2500.0 2500.0 4500.0 4500.0
1516099350.45 1 1 2500.0 2500.0 4500.0 4500.0
1516099350.55 1 1 2500.0 2500.0 4500.0 4500.0
1516099350.65 1 1 2500.0 2500.0 4500.0 4500.0
1516099350.75 1 1 2500.0 2500.0 4500.0 4500.0
1516099350.84 1 1 2500.0 2500.0 4500.0 4500.0
1516099350.95 1 1 2500.0 2500.0 4500.0 4500.0
1516099351.04 1 1 2500.0 2500.0 4500.0 4500.0
1516099351.14 1 1 2500.0 2500.0 4500.0 4500.0
1516099351.24 1 1 2500.0 2500.0 4500.0 4500.0
1516099351.34 1 1 2500.0 2500.0 4500.0 4500.0
1516099351.45 1 1 2500.0 2500.0 4500.0 4500.0
1516099351.56 1 1 2500.0 2500.0 4500.0 4500.0
1516099351.65 1 1 2500.0 2500.0 4500.0 4500.0
1516099351.75 1 1 2500.0 2500.0 4500.0 4500.0
1516099351.85 1 1 2500.0 2500.0 4500.0 4500.0
1516099351.95 1 1 2500.0 2500.0 4500.0 4500.0
1516099352.04 1 1 2500.0 2500.0 4500.0 4500.0
1516099352.14 1 1 2500.0 2500.0 4500.0 4500.0
1516099352.25 1 1 2500.0 2500.0 4500.0 4500.0
1516099352.34 1 1 2500.0 2500.0 4500.0 4500.0
1516099352.44 1 1 2500.0 2500.0 4500.0 4500.0
1516099352.55 1 1 2500.0 2500.0 4500.0 4500.0
1516099352.65 1 1 2500.0 2500.0 4500.0 4500.0
1516099352.75 1 1 2500.0 2500.0 4500.0 4500.0
1516099352.84 1 1 2500.0 2500.0 4500.0 4500.0
1516099352.95 1 1 2500.0 2500.0 4500.0 4500.0
1516099353.05 1 1 2500.0 2500.0 4500.0 4500.0
1516099353.14 1 1 2500.0 2500.0 4500.0 4500.0
1516099353.25 1 1 2500.0 2500.0 4500.0 4500.0
1516099353.35 1 1 2500.0 2500.0 4500.0 4500.0
1516099353.44 1 1 2500.0 2500.0 4500.0 4500.0
1516099353.54 1 1 2500.0 2500.0 4500.0 4500.0
1516099353.65 1 1 2500.0 2500.0 4500.0 4500.0
1516099353.74 1 1 2500.0 2500.0 4500.0 4500.0
1516099353.86 1 1 2500.0 2500.0 4500.0 4500.0
1516099353.94 1 1 2500.0 2500.0 4500.0 4500.0
1516099354.05 1 1 2500.0 2500.0 4500.0 4500.0
1516099354.15 1 1 2500.0 2500.0 4500.0 4500.0
1516099354.24 1 1 2500.0 2500.0 4500.0 4500.0
1516099354.34 1 1 2500.0 2500.0 4500.0 4500.0
1516099354.45 1 1 2500.0 2500.0 4500.0 4500.0
1516099354.55 1 1 2500.0 2500.0 4500.0 4500.0
1516099354.65 1 1 2500.0 2500.0 4500.0 4500.0
1516099354.74 1 1 2500.0 2500.0 4500.0 4500.0
1516099354.85 1 1 2500.0 2500.0 4500.0 4500.0
1516099354.95 1 1 2500.0 2500.0 4500.0 4500.0
1516099355.05 1 1 2500.0 2500.0 4500.0 4500.0
1516099355.15 1 1 2500.0 2500.0 4500.0 4500.0
1516099355.25 1 1 2500.0 2500.0 4500.0 4500.0
1516099355.36 1 1 2500.0 2500.0 4500.0 4500.0
1516099355.46 1 1 2500.0 2500.0 4500.0 4500.0
1516099355.55 1 1 2500.0 2500.0 4500.0 4500.0
1516099355.66 1 1 2500.0 2500.0 4500.0 4500.0
1516099355.75 1 1 2500.0 2500.0 4500.0 4500.0
1516099355.86 1 1 2500.0 2500.0 4500.0 4500.0
1516099355.95 1 1 2500.0 2500.0 4500.0 4500.0
1516099356.05 1 1 2500.0 2500.0 4500.0 4500.0
1516099356.15 1 1 2500.0 2500.0 4500.0 4500.0
1516099356.26 1 1 2500.0 2500.0 4500.0 4500.0
1516099356.36 1 1 2500.0 2500.0 4500.0 4500.0
1516099356.45 1 1 2500.0 2500.0 4500.0 4500.0
1516099356.54 1 1 2500.0 2500.0 4500.0 4500.0
1516099356.66 1 1 2500.0 2500.0 4500.0 4500.0
1516099356.75 1 1 2500.0 2500.0 4500.0 4500.0
1516099356.86 1 1 2500.0 2500.0 4500.0 4500.0
1516099356.95 1 1 2500.0 2500.0 4500.0 4500.0
1516099357.06 1 1 2500.0 2500.0 4500.0 4500.0
1516099357.15 1 1 2500.0 2500.0 4500.0 4500.0
1516099357.26 1 1 2500.0 2500.0 4500.0 4500.0
1516099357.35 1 1 2500.0 2500.0 4500.0 4500.0
1516099357.45 1 1 2500.0 2500.0 4500.0 4500.0
1516099357.56 1 1 2500.0 2500.0 4500.0 4500.0
1516099357.65 1 1 2500.0 2500.0 4500.0 4500.0
1516099357.76 1 1 2500.0 2500.0 4500.0 4500.0
1516099357.85 1 1 2500.0 2500.0 4500.0 4500.0
1516099357.95 1 1 2500.0 2500.0 4500.0 4500.0
1516099358.05 1 1 2500.0 2500.0 4500.0 4500.0
1516099358.16 1 1 2500.0 2500.0 4500.0 4500.0
1516099358.25 1 1 2500.0 2500.0 4500.0 4500.0
1516099358.35 1 1 2500.0 2500.0 4500.0 4500.0
1516099358.46 1 1 2500.0 2500.0 4500.0 4500.0
1516099358.55 1 1 2500.0 2500.0 4500.0 4500.0
1516099358.65 1 1 2500.0 2500.0 4500.0 4500.0
1516099358.76 1 1 2500.0 2500.0 4500.0 4500.0
1516099358.86 1 1 2500.0 2500.0 4500.0 4500.0
1516099358.96 1 1 2500.0 2500.0 4500.0 4500.0
1516099359.06 1 1 2500.0 2500.0 4500.0 4500.0
1516099359.16 1 1 2500.0 2500.0 4500.0 4500.0
1516099359.27 1 1 2500.0 2500.0 4500.0 4500.0
1516099359.35 1 1 2500.0 2500.0 4500.0 4500.0
1516099359.45 1 1 2500.0 2500.0 4500.0 4500.0
1516099359.57 1 1 2500.0 2500.0 4500.0 4500.0
1516099359.66 1 1 2500.0 2500.0 4500.0 4500.0
1516099359.76 1 1 2500.0 2500.0 4500.0 4500.0
1516099359.85 1 1 2500.0 2500.0 4500.0 4500.0
1516099359.96 1 1 2500.0 2500.0 4500.0 4500.0
1516099360.06 1 1 2500.0 2500.0 4500.0 4500.0
1516099360.16 1 1 2500.0 2500.0 4500.0 4500.0
1516099360.27 1 1 2500.0 2500.0 4500.0 4500.0
1516099360.35 1 1 2500.0 2500.0 4500.0 4500.0
1516099360.47 1 1 2500.0 2500.0 4500.0 4500.0
1516099360.56 1 1 2500.0 2500.0 4500.0 4500.0
1516099360.66 1 1 2500.0 2500.0 4500.0 4500.0
1516099360.77 1 1 2500.0 2500.0 4500.0 4500.0
1516099360.86 1 1 2500.0 2500.0 4500.0 4500.0
1516099360.96 1 1 2500.0 2500.0 4500.0 4500.0
1516099361.07 1 1 2500.0 2500.0 4500.0 4500.0
1516099361.17 1 1 2500.0 2500.0 4500.0 4500.0
1516099361.26 1 1 2500.0 2500.0 4500.0 4500.0
1516099361.36 1 1 2500.0 2500.0 4500.0 4500.0
1516099361.45 1 1 2500.0 2500.0 4500.0 4500.0
1516099361.56 1 1 2500.0 2500.0 4500.0 4500.0
1516099361.66 1 1 2500.0 2500.0 4500.0 4500.0
1516099361.76 1 1 2500.0 2500.0 4500.0 4500.0
1516099361.87 1 1 2500.0 2500.0 4500.0 4500.0
1516099361.97 1 1 2500.0 2500.0 4500.0 4500.0
1516099362.08 1 1 2500.0 2500.0 4500.0 4500.0
1516099362.17 1 1 2500.0 2500.0 4500.0 4500.0
1516099362.26 1 1 2500.0 2500.0 4500.0 4500.0
1516099362.36 1 1 2500.0 2500.0 4500.0 4500.0
1516099362.46 1 1 2500.0 2500.0 4500.0 4500.0
1516099362.57 1 1 2500.0 2500.0 4500.0 4500.0
1516099362.67 1 1 2500.0 2500.0 4500.0 4500.0
1516099362.76 1 1 2500.0 2500.0 4500.0 4500.0
1516099362.86 1 1 2500.0 2500.0 4500.0 4500.0
1516099362.97 1 1 2500.0 2500.0 4500.0 4500.0
1516099363.07 1 1 2500.0 2500.0 4500.0 4500.0
1516099363.16 1 1 2500.0 2500.0 4500.0 4500.0
1516099363.27 1 1 2500.0 2500.0 4500.0 4500.0
1516099363.37 1 1 2500.0 2500.0 4500.0 4500.0
1516099363.46 1 1 2500.0 2500.0 4500.0 4500.0
1516099363.56 1 1 2500.0 2500.0 4500.0 4500.0
1516099363.67 1 1 2500.0 2500.0 4500.0 4500.0
1516099363.76 1 1 2500.0 2500.0 4500.0 4500.0
1516099363.87 1 1 2500.0 2500.0 4500.0 4500.0
1516099363.97 1 1 2500.0 2500.0 4500.0 4500.0
1516099364.08 1 1 2500.0 2500.0 4500.0 4500.0
1516099364.17 1 1 2500.0 2500.0 4500.0 4500.0
1516099364.27 1 1 2500.0 2500.0 4500.0 4500.0
1516099364.36 1 1 2500.0 2500.0 4500.0 4500.0
1516099364.46 1 1 2500.0 2500.0 4500.0 4500.0
1516099364.57 1 1 2500.0 2500.0 4500.0 4500.0
1516099364.67 1 1 2500.0 2500.0 4500.0 4500.0
1516099364.76 1 1 2500.0 2500.0 4500.0 4500.0
1516099364.88 1 1 2500.0 2500.0 4500.0 4500.0
1516099364.97 1 1 2500.0 2500.0 4500.0 4500.0
1516099365.08 1 1 2500.0 2500.0 4500.0 4500.0
1516099365.17 1 1 2500.0 2500.0 4500.0 4500.0
1516099365.26 1 1 2500.0 2500.0 4500.0 4500.0
1516099365.36 1 1 2500.0 2500.0 4500.0 4500.0
1516099365.48 1 1 2500.0 2500.0 4500.0 4500.0
1516099365.57 1 1 2500.0 2500.0 4500.0 4500.0
1516099365.68 1 1 2500.0 2500.0 4500.0 4500.0
1516099365.77 1 1 2500.0 2500.0 4500.0 4500.0
1516099365.87 1 1 2500.0 2500.0 4500.0 4500.0
1516099365.96 1 1 2500.0 2500.0 4500.0 4500.0
1516099366.07 1 1 2500.0 2500.0 4500.0 4500.0
1516099366.17 1 1 2500.0 2500.0 4500.0 4500.0
1516099366.27 1 1 2500.0 2500.0 4500.0 4500.0
1516099366.36 1 1 2500.0 2500.0 4500.0 4500.0
1516099366.46 1 1 2500.0 2500.0 4500.0 4500.0
1516099366.57 1 1 2500.0 2500.0 4500.0 4500.0
1516099366.67 1 1 2500.0 2500.0 4500.0 4500.0
1516099366.77 1 1 2500.0 2500.0 4500.0 4500.0
1516099366.87 1 1 2500.0 2500.0 4500.0 4500.0
1516099366.98 1 1 2500.0 2500.0 4500.0 4500.0
1516099367.08 1 1 2500.0 2500.0 4500.0 4500.0
1516099367.17 1 1 2500.0 2500.0 4500.0 4500.0
1516099367.29 1 1 2500.0 2500.0 4500.0 4500.0
1516099367.39 1 1 2500.0 2500.0 4500.0 4500.0
1516099367.48 1 1 2500.0 2500.0 4500.0 4500.0
1516099367.58 1 1 2500.0 2500.0 4500.0 4500.0
1516099367.69 1 1 2500.0 2500.0 4500.0 4500.0
1516099367.78 1 1 2500.0 2500.0 4500.0 4500.0
1516099367.88 1 1 2500.0 2500.0 4500.0 4500.0
1516099367.98 1 1 2500.0 2500.0 4500.0 4500.0
1516099368.09 1 1 2500.0 2500.0 4500.0 4500.0
1516099368.18 1 1 2500.0 2500.0 4500.0 4500.0
1516099368.28 1 1 2500.0 2500.0 4500.0 4500.0
1516099368.39 1 1 2500.0 2500.0 4500.0 4500.0
1516099368.49 1 1 2500.0 2500.0 4500.0 4500.0
1516099368.59 1 1 2500.0 2500.0 4500.0 4500.0
1516099368.69 1 1 2500.0 2500.0 4500.0 4500.0
1516099368.78 1 1 2500.0 2500.0 4500.0 4500.0
1516099368.89 1 1 2500.0 2500.0 4500.0 4500.0
1516099368.98 1 1 2500.0 2500.0 4500.0 4500.0
1516099369.08 1 1 2500.0 2500.0 4500.0 4500.0
1516099369.19 1 1 2500.0 2500.0 4500.0 4500.0
1516099369.28 1 1 2500.0 2500.0 4500.0 4500.0
1516099369.39 1 1 2500.0 2500.0 4500.0 4500.0
1516099369.48 1 1 2500.0 2500.0 4500.0 4500.0
1516099369.58 1 1 2500.0 2500.0 4500.0 4500.0
1516099369.68 1 1 2500.0 2500.0 4500.0 4500.0
1516099369.78 1 1 2500.0 2500.0 4500.0 4500.0
1516099369.88 1 1 2500.0 2500.0 4500.0 4500.0
1516099369.98 1 1 2500.0 2500.0 4500.0 4500.0
1516099370.08 1 1 2500.0 2500.0 4500.0 4500.0
1516099370.18 1 1 2500.0 2500.0 4500.0 4500.0
1516099370.29 1 1 2500.0 2500.0 4500.0 4500.0
1516099370.38 1 1 2500.0 2500.0 4500.0 4500.0
1516099370.49 1 1 2500.0 2500.0 4500.0 4500.0
1516099370.58 1 1 2500.0 2500.0 4500.0 4500.0
1516099370.69 1 1 2500.0 2500.0 4500.0 4500.0
1516099370.8 1 1 2500.0 2500.0 4500.0 4500.0
1516099370.89 1 1 2500.0 2500.0 4500.0 4500.0
1516099370.99 1 1 2500.0 2500.0 4500.0 4500.0
1516099371.09 1 1 2500.0 2500.0 4500.0 4500.0
1516099371.2 1 1 2500.0 2500.0 4500.0 4500.0
1516099371.29 1 1 2500.0 2500.0 4500.0 4500.0
1516099371.39 1 1 2500.0 2500.0 4500.0 4500.0
1516099371.5 1 1 2500.0 2500.0 4500.0 4500.0
1516099371.6 1 1 2500.0 2500.0 4500.0 4500.0
1516099371.69 1 1 2500.0 2500.0 4500.0 4500.0
1516099371.78 1 1 2500.0 2500.0 4500.0 4500.0
1516099371.89 1 1 2500.0 2500.0 4500.0 4500.0
1516099371.99 1 1 2500.0 2500.0 4500.0 4500.0
1516099372.09 1 1 2500.0 2500.0 4500.0 4500.0
1516099372.2 1 1 2500.0 2500.0 4500.0 4500.0
1516099372.29 1 1 2500.0 2500.0 4500.0 4500.0
1516099372.39 1 1 2500.0 2500.0 4500.0 4500.0
1516099372.5 1 1 2500.0 2500.0 4500.0 4500.0
1516099372.6 1 1 2500.0 2500.0 4500.0 4500.0
1516099372.69 1 1 2500.0 2500.0 4500.0 4500.0
1516099372.79 1 1 2500.0 2500.0 4500.0 4500.0
1516099372.89 1 1 2500.0 2500.0 4500.0 4500.0
1516099372.99 1 1 2500.0 2500.0 4500.0 4500.0
1516099373.09 1 1 2500.0 2500.0 4500.0 4500.0
1516099373.18 1 1 2500.0 2500.0 4500.0 4500.0
1516099373.29 1 1 2500.0 2500.0 4500.0 4500.0
1516099373.39 1 1 2500.0 2500.0 4500.0 4500.0
1516099373.49 1 1 2500.0 2500.0 4500.0 4500.0
1516099373.59 1 1 2500.0 2500.0 4500.0 4500.0
1516099373.69 1 1 2500.0 2500.0 4500.0 4500.0
1516099373.79 1 1 2500.0 2500.0 4500.0 4500.0
1516099373.89 1 1 2500.0 2500.0 4500.0 4500.0
1516099373.99 1 1 2500.0 2500.0 4500.0 4500.0
1516099374.1 1 1 2500.0 2500.0 4500.0 4500.0
1516099374.2 1 1 2500.0 2500.0 4500.0 4500.0
1516099374.29 1 1 2500.0 2500.0 4500.0 4500.0
1516099374.4 1 1 2500.0 2500.0 4500.0 4500.0
1516099374.5 1 1 2500.0 2500.0 4500.0 4500.0
1516099374.59 1 1 2500.0 2500.0 4500.0 4500.0
1516099374.69 1 1 2500.0 2500.0 4500.0 4500.0
1516099374.79 1 1 2500.0 2500.0 4500.0 4500.0
1516099374.9 1 1 2500.0 2500.0 4500.0 4500.0
1516099375.0 1 1 2500.0 2500.0 4500.0 4500.0
1516099375.09 1 1 2500.0 2500.0 4500.0 4500.0
1516099375.19 1 1 2500.0 2500.0 4500.0 4500.0
1516099375.3 1 1 2500.0 2500.0 4500.0 4500.0
1516099375.4 1 1 2500.0 2500.0 4500.0 4500.0
1516099375.5 1 1 2500.0 2500.0 4500.0 4500.0
1516099375.6 1 1 2500.0 2500.0 4500.0 4500.0
1516099375.7 1 1 2500.0 2500.0 4500.0 4500.0
1516099375.8 1 1 2500.0 2500.0 4500.0 4500.0
1516099375.9 1 1 2500.0 2500.0 4500.0 4500.0
1516099375.99 1 1 2500.0 2500.0 4500.0 4500.0
1516099376.09 1 1 2500.0 2500.0 4500.0 4500.0
1516099376.2 1 1 2500.0 2500.0 4500.0 4500.0
1516099376.29 1 1 2500.0 2500.0 4500.0 4500.0
1516099376.4 1 1 2500.0 2500.0 4500.0 4500.0
1516099376.5 1 1 2500.0 2500.0 4500.0 4500.0
1516099376.6 1 1 2500.0 2500.0 4500.0 4500.0
1516099376.7 1 1 2500.0 2500.0 4500.0 4500.0
1516099376.8 1 1 2500.0 2500.0 4500.0 4500.0
1516099376.9 1 1 2500.0 2500.0 4500.0 4500.0
1516099377.0 1 1 2500.0 2500.0 4500.0 4500.0
1516099377.1 1 1 2500.0 2500.0 4500.0 4500.0
1516099377.2 1 1 2500.0 2500.0 4500.0 4500.0
1516099377.29 1 1 2500.0 2500.0 4500.0 4500.0
1516099377.39 1 1 2500.0 2500.0 4500.0 4500.0
1516099377.49 1 1 2500.0 2500.0 4500.0 4500.0
1516099377.6 1 1 2500.0 2500.0 4500.0 4500.0
1516099377.7 1 1 2500.0 2500.0 4500.0 4500.0
1516099377.8 1 1 2500.0 2500.0 4500.0 4500.0
1516099377.9 1 1 2500.0 2500.0 4500.0 4500.0
1516099378.0 1 1 2500.0 2500.0 4500.0 4500.0
1516099378.09 1 1 2500.0 2500.0 4500.0 4500.0
1516099378.19 1 1 2500.0 2500.0 4500.0 4500.0
1516099378.31 1 1 2500.0 2500.0 4500.0 4500.0
1516099378.4 1 1 2500.0 2500.0 4500.0 4500.0
1516099378.5 1 1 2500.0 2500.0 4500.0 4500.0
1516099378.59 1 1 2500.0 2500.0 4500.0 4500.0
1516099378.7 1 1 2500.0 2500.0 4500.0 4500.0
1516099378.8 1 1 2500.0 2500.0 4500.0 4500.0
1516099378.91 1 1 2500.0 2500.0 4500.0 4500.0
1516099379.0 1 1 2500.0 2500.0 4500.0 4500.0
1516099379.1 1 1 2500.0 2500.0 4500.0 4500.0
1516099379.21 1 1 2500.0 2500.0 4500.0 4500.0
1516099379.3 1 1 2500.0 2500.0 4500.0 4500.0
1516099379.4 1 1 2500.0 2500.0 4500.0 4500.0
1516099379.5 1 1 2500.0 2500.0 4500.0 4500.0
1516099379.6 1 1 2500.0 2500.0 4500.0 4500.0
1516099379.7 1 1 2500.0 2500.0 4500.0 4500.0
1516099379.81 1 1 2500.0 2500.0 4500.0 4500.0
1516099379.9 1 1 2500.0 2500.0 4500.0 4500.0
1516099380.01 1 1 2500.0 2500.0 4500.0 4500.0
1516099380.11 1 1 2500.0 2500.0 4500.0 4500.0
1516099380.2 1 1 2500.0 2500.0 4500.0 4500.0
1516099380.31 1 1 2500.0 2500.0 4500.0 4500.0
1516099380.4 1 1 2500.0 2500.0 4500.0 4500.0
1516099380.51 1 1 2500.0 2500.0 4500.0 4500.0
1516099380.6 1 1 2500.0 2500.0 4500.0 4500.0
1516099380.71 1 1 2500.0 2500.0 4500.0 4500.0
1516099380.8 1 1 2500.0 2500.0 4500.0 4500.0
1516099380.91 1 1 2500.0 2500.0 4500.0 4500.0
1516099381.0 1 1 2500.0 2500.0 4500.0 4500.0
1516099381.1 1 1 2500.0 2500.0 4500.0 4500.0
1516099381.21 1 1 2500.0 2500.0 4500.0 4500.0
1516099381.31 1 1 2500.0 2500.0 4500.0 4500.0
1516099381.41 1 1 2500.0 2500.0 4500.0 4500.0
1516099381.5 1 1 2500.0 2500.0 4500.0 4500.0
1516099381.6 1 1 2500.0 2500.0 4500.0 4500.0
1516099381.71 1 1 2500.0 2500.0 4500.0 4500.0
1516099381.81 1 1 2500.0 2500.0 4500.0 4500.0
1516099381.91 1 1 2500.0 2500.0 4500.0 4500.0
1516099382.02 1 1 2500.0 2500.0 4500.0 4500.0
1516099382.11 1 1 2500.0 2500.0 4500.0 4500.0
1516099382.2 1 1 2500.0 2500.0 4500.0 4500.0
1516099382.3 1 1 2500.0 2500.0 4500.0 4500.0
1516099382.4 1 1 2500.0 2500.0 4500.0 4500.0
1516099382.5 1 1 2500.0 2500.0 4500.0 4500.0
1516099382.6 1 1 2500.0 2500.0 4500.0 4500.0
1516099382.7 1 1 2500.0 2500.0 4500.0 4500.0
1516099382.81 1 1 2500.0 2500.0 4500.0 4500.0
1516099382.9 1 1 2500.0 2500.0 4500.0 4500.0
1516099383.01 1 1 2500.0 2500.0 4500.0 4500.0
1516099383.11 1 1 2500.0 2500.0 4500.0 4500.0
1516099383.2 1 1 2500.0 2500.0 4500.0 4500.0
1516099383.31 1 1 2500.0 2500.0 4500.0 4500.0
1516099383.4 1 1 2500.0 2500.0 4500.0 4500.0
1516099383.5 1 1 2500.0 2500.0 4500.0 4500.0
1516099383.61 1 1 2500.0 2500.0 4500.0 4500.0
1516099383.71 1 1 2500.0 2500.0 4500.0 4500.0
1516099383.8 1 1 2500.0 2500.0 4500.0 4500.0
1516099383.9 1 1 2500.0 2500.0 4500.0 4500.0
1516099384.0 1 1 2500.0 2500.0 4500.0 4500.0
1516099384.1 1 1 2500.0 2500.0 4500.0 4500.0
1516099384.2 1 1 2500.0 2500.0 4500.0 4500.0
1516099384.31 1 1 2500.0 2500.0 4500.0 4500.0
1516099384.4 1 1 2500.0 2500.0 4500.0 4500.0
1516099384.5 1 1 2500.0 2500.0 4500.0 4500.0
1516099384.6 1 1 2500.0 2500.0 4500.0 4500.0
1516099384.7 1 1 2500.0 2500.0 4500.0 4500.0
1516099384.8 1 1 2500.0 2500.0 4500.0 4500.0
1516099384.91 1 1 2500.0 2500.0 4500.0 4500.0
1516099385.0 1 1 2500.0 2500.0 4500.0 4500.0
1516099385.1 1 1 2500.0 2500.0 4500.0 4500.0
1516099385.2 1 1 2500.0 2500.0 4500.0 4500.0
1516099385.3 1 1 2500.0 2500.0 4500.0 4500.0
1516099385.4 1 1 2500.0 2500.0 4500.0 4500.0
1516099385.51 1 1 2500.0 2500.0 4500.0 4500.0
1516099385.6 1 1 2500.0 2500.0 4500.0 4500.0
1516099385.7 1 1 2500.0 2500.0 4500.0 4500.0
1516099385.8 1 1 2500.0 2500.0 4500.0 4500.0
1516099385.9 1 1 2500.0 2500.0 4500.0 4500.0
1516099386.0 1 1 2500.0 2500.0 4500.0 4500.0
1516099386.1 1 1 2500.0 2500.0 4500.0 4500.0
1516099386.2 1 1 2500.0 2500.0 4500.0 4500.0
1516099386.3 1 1 2500.0 2500.0 4500.0 4500.0
1516099386.4 1 1 2500.0 2500.0 4500.0 4500.0
1516099386.5 1 1 2500.0 2500.0 4500.0 4500.0
1516099386.6 1 1 2500.0 2500.0 4500.0 4500.0
1516099386.7 1 1 2500.0 2500.0 4500.0 4500.0
1516099386.8 1 1 2500.0 2500.0 4500.0 4500.0
1516099386.9 1 1 2500.0 2500.0 4500.0 4500.0
1516099387.0 1 1 2500.0 2500.0 4500.0 4500.0
1516099387.1 1 1 2500.0 2500.0 4500.0 4500.0
1516099387.2 1 1 2500.0 2500.0 4500.0 4500.0
1516099387.3 1 1 2500.0 2500.0 4500.0 4500.0
1516099387.4 1 1 2500.0 2500.0 4500.0 4500.0
1516099387.5 1 1 2500.0 2500.0 4500.0 4500.0
1516099387.6 1 1 2500.0 2500.0 4500.0 4500.0
1516099387.7 1 1 2500.0 2500.0 4500.0 4500.0
1516099387.8 1 1 2500.0 2500.0 4500.0 4500.0
1516099387.9 1 1 2500.0 2500.0 4500.0 4500.0
1516099388.0 1 1 2500.0 2500.0 4500.0 4500.0
1516099388.1 1 1 2500.0 2500.0 4500.0 4500.0
1516099388.21 1 1 2500.0 2500.0 4500.0 4500.0
1516099388.31 1 1 2500.0 2500.0 4500.0 4500.0
1516099388.41 1 1 2500.0 2500.0 4500.0 4500.0
1516099388.51 1 1 2500.0 2500.0 4500.0 4500.0
1516099388.62 1 1 2500.0 2500.0 4500.0 4500.0
1516099388.71 1 1 2500.0 2500.0 4500.0 4500.0
1516099388.91 1 1 2500.0 2500.0 4500.0 4500.0
1516099388.97 1 1 2500.0 2500.0 4500.0 4500.0
1516099389.06 1 1 2500.0 2500.0 4500.0 4500.0
1516099389.16 1 1 2500.0 2500.0 4500.0 4500.0
1516099389.26 1 1 2500.0 2500.0 4500.0 4500.0
1516099389.36 1 1 2500.0 2500.0 4500.0 4500.0
1516099389.54 1 1 2500.0 2500.0 4500.0 4500.0
1516099389.61 1 1 2500.0 2500.0 4500.0 4500.0
1516099389.71 1 1 2500.0 2500.0 4500.0 4500.0
1516099389.8 1 1 2500.0 2500.0 4500.0 4500.0
1516099389.9 1 1 2500.0 2500.0 4500.0 4500.0
1516099390.01 1 1 2500.0 2500.0 4500.0 4500.0
1516099390.11 1 1 2500.0 2500.0 4500.0 4500.0
1516099390.2 1 1 2500.0 2500.0 4500.0 4500.0
1516099390.3 1 1 2500.0 2500.0 4500.0 4500.0
1516099390.42 1 1 2500.0 2500.0 4500.0 4500.0
1516099390.53 1 1 2500.0 2500.0 4500.0 4500.0
1516099390.6 1 1 2500.0 2500.0 4500.0 4500.0
1516099390.7 1 1 2500.0 2500.0 4500.0 4500.0
1516099390.81 1 1 2500.0 2500.0 4500.0 4500.0
1516099390.91 1 1 2500.0 2500.0 4500.0 4500.0
1516099391.01 1 1 2500.0 2500.0 4500.0 4500.0
1516099391.12 1 1 2500.0 2500.0 4500.0 4500.0
1516099391.21 1 1 2500.0 2500.0 4500.0 4500.0
1516099391.3 1 1 2500.0 2500.0 4500.0 4500.0
1516099391.5 1 1 2500.0 2500.0 4500.0 4500.0
1516099391.57 1 1 2500.0 2500.0 4500.0 4500.0
1516099391.66 1 1 2500.0 2500.0 4500.0 4500.0
1516099391.76 1 1 2500.0 2500.0 4500.0 4500.0
1516099391.86 1 1 2500.0 2500.0 4500.0 4500.0
1516099391.96 1 1 2500.0 2500.0 4500.0 4500.0
1516099392.13 1 1 2500.0 2500.0 4500.0 4500.0
1516099392.19 1 1 2500.0 2500.0 4500.0 4500.0
1516099392.29 1 1 2500.0 2500.0 4500.0 4500.0
1516099392.39 1 1 2500.0 2500.0 4500.0 4500.0
1516099392.49 1 1 2500.0 2500.0 4500.0 4500.0
1516099392.59 1 1 2500.0 2500.0 4500.0 4500.0
1516099392.69 1 1 2500.0 2500.0 4500.0 4500.0
1516099392.79 1 1 2500.0 2500.0 4500.0 4500.0
1516099392.9 1 1 2500.0 2500.0 4500.0 4500.0
1516099392.99 1 1 2500.0 2500.0 4500.0 4500.0
1516099393.1 1 1 2500.0 2500.0 4500.0 4500.0
1516099393.26 1 1 2500.0 2500.0 4500.0 4500.0
1516099393.34 1 1 2500.0 2500.0 4500.0 4500.0
1516099393.43 1 1 2500.0 2500.0 4500.0 4500.0
1516099393.52 1 1 2500.0 2500.0 4500.0 4500.0
1516099393.62 1 1 2500.0 2500.0 4500.0 4500.0
1516099393.73 1 1 2500.0 2500.0 4500.0 4500.0
1516099393.89 1 1 2500.0 2500.0 4500.0 4500.0
1516099393.97 1 1 2500.0 2500.0 4500.0 4500.0
1516099394.05 1 1 2500.0 2500.0 4500.0 4500.0
1516099394.16 1 1 2500.0 2500.0 4500.0 4500.0
1516099394.24 1 1 2500.0 2500.0 4500.0 4500.0
1516099394.34 1 1 2500.0 2500.0 4500.0 4500.0
1516099394.45 1 1 2500.0 2500.0 4500.0 4500.0
1516099394.55 1 1 2500.0 2500.0 4500.0 4500.0
1516099394.65 1 1 2500.0 2500.0 4500.0 4500.0
1516099394.74 1 1 2500.0 2500.0 4500.0 4500.0
1516099394.85 1 1 2500.0 2500.0 4500.0 4500.0
1516099394.95 1 1 2500.0 2500.0 4500.0 4500.0
1516099395.05 1 1 2500.0 2500.0 4500.0 4500.0
1516099395.15 1 1 2500.0 2500.0 4500.0 4500.0
1516099395.25 1