1516099180.67 0 0 0 0
1516099180.77 0 0 0 0
1516099180.87 0 0 0 0
1516099180.97 0 0 0 0
1516099181.07 0 0 0 0
1516099181.17 0 0 0 0
1516099181.27 0 0 0 0
1516099181.37 0 0 0 0
1516099181.47 0 0 0 0
1516099181.57 0 0 0 0
1516099181.67 0 0 0 0
1516099181.77 0 0 0 0
1516099181.87 0 0 0 0
1516099181.97 0 0 0 0
1516099182.07 0 0 0 0
1516099182.17 0 0 0 0
1516099182.27 0 0 0 0
1516099182.37 0 0 0 0
1516099182.47 0 0 0 0
1516099182.57 0 0 0 0
1516099182.67 0 0 0 0
1516099182.77 0 0 0 0
1516099182.87 0 0 0 0
1516099182.97 0 0 0 0
1516099183.07 0 0 0 0
1516099183.17 0 0 0 0
1516099183.27 0 0 0 0
1516099183.37 0 0 0 0
1516099183.47 0 0 0 0
1516099183.57 0 0 0 0
1516099183.69 0 0 0 0
1516099183.77 0 0 0 0
1516099183.87 0 0 0 0
1516099183.97 0 0 0 0
1516099184.07 0 0 0 0
1516099184.18 0 0 0 0
1516099184.28 0 0 0 0
1516099184.37 0 0 0 0
1516099184.48 0 0 0 0
1516099184.58 0 0 0 0
1516099184.68 0 0 0 0
1516099184.78 0 0 0 0
1516099184.88 0 0 0 0
1516099184.98 0 0 0 0
1516099185.08 0 0 0 0
1516099185.18 0 0 0 0
1516099185.28 0 0 0 0
1516099185.38 0 0 0 0
1516099185.48 0 0 0 0
1516099185.58 0 0 0 0
1516099185.68 0 0 0 0
1516099185.78 0 0 0 0
1516099185.88 0 0 0 0
1516099185.98 0 0 0 0
1516099186.08 0 0 0 0
1516099186.18 0 0 0 0
1516099186.28 0 0 0 0
1516099186.38 0 0 0 0
1516099186.48 0 0 0 0
1516099186.58 0 0 0 0
1516099186.68 0 0 0 0
1516099186.78 0 0 0 0
1516099186.88 0 0 0 74
1516099186.98 0 0 0 0
1516099187.08 0 0 0 0
1516099187.18 0 0 0 0
1516099187.28 0 0 0 0
1516099187.38 0 0 0 0
1516099187.48 0 0 0 0
1516099187.58 0 0 0 0
1516099187.68 0 0 0 0
1516099187.78 0 0 0 0
1516099187.88 0 0 0 0
1516099187.98 0 0 0 0
1516099188.08 0 0 0 0
1516099188.18 0 0 0 0
1516099188.28 0 0 0 0
1516099188.38 0 0 0 0
1516099188.48 0 0 0 0
1516099188.58 0 0 0 0
1516099188.68 0 0 0 0
1516099188.78 0 0 0 0
1516099188.88 0 0 0 0
1516099188.98 0 0 0 0
1516099189.08 0 0 0 0
1516099189.18 0 0 0 0
1516099189.28 0 0 0 0
1516099189.38 0 0 0 0
1516099189.49 0 0 0 0
1516099189.58 0 0 0 0
1516099189.69 0 0 0 0
1516099189.79 0 0 0 0
1516099189.89 0 0 0 0
1516099189.99 0 0 0 0
1516099190.09 0 0 0 0
1516099190.19 0 0 0 0
1516099190.29 0 0 0 0
1516099190.39 0 0 0 0
1516099190.49 0 0 0 0
1516099190.59 0 0 0 0
1516099190.69 0 0 0 0
1516099190.79 0 0 0 0
1516099190.89 0 0 0 0
1516099190.99 0 0 0 0
1516099191.09 0 0 0 0
1516099191.2 0 0 0 0
1516099191.29 0 0 0 0
1516099191.39 0 0 0 0
1516099191.49 0 0 0 0
1516099191.59 0 0 0 0
1516099191.69 0 0 0 0
1516099191.79 0 0 0 0
1516099191.89 0 0 0 0
1516099191.99 0 0 0 0
1516099192.09 0 0 0 0
1516099192.19 0 0 0 0
1516099192.29 0 0 0 0
1516099192.39 0 0 0 0
1516099192.49 0 0 0 0
1516099192.59 0 0 0 0
1516099192.69 0 0 0 0
1516099192.79 0 0 0 0
1516099192.89 0 0 0 0
1516099192.99 0 0 0 0
1516099193.09 0 0 0 0
1516099193.19 0 0 0 0
1516099193.29 0 0 0 0
1516099193.39 0 0 0 0
1516099193.49 0 0 0 0
1516099193.59 0 0 0 0
1516099193.69 0 0 0 0
1516099193.79 0 0 0 0
1516099193.89 0 0 0 0
1516099193.99 0 0 0 0
1516099194.09 0 0 0 0
1516099194.19 0 0 0 0
1516099194.29 0 0 0 0
1516099194.39 0 0 0 0
1516099194.49 0 0 0 0
1516099194.59 0 0 0 0
1516099194.69 0 0 0 0
1516099194.79 0 0 0 0
1516099194.89 0 0 0 0
1516099195.0 0 0 0 0
1516099195.1 0 0 0 0
1516099195.2 0 0 0 0
1516099195.3 0 0 0 0
1516099195.4 0 0 0 0
1516099195.5 0 0 0 0
1516099195.6 0 0 0 0
1516099195.7 0 0 0 0
1516099195.8 0 0 0 0
1516099195.9 0 0 0 0
1516099196.0 0 0 0 0
1516099196.1 0 0 0 0
1516099196.2 0 0 0 0
1516099196.31 0 0 0 0
1516099196.44 0 0 0 0
1516099196.54 0 0 0 0
1516099196.64 0 0 0 0
1516099196.73 0 0 0 0
1516099196.84 0 0 0 0
1516099196.94 0 0 0 0
1516099197.04 0 0 0 0
1516099197.14 0 0 0 0
1516099197.25 0 0 0 0
1516099197.37 0 0 0 0
1516099197.47 0 0 0 0
1516099197.57 0 0 0 0
1516099197.67 0 0 0 0
1516099197.77 0 0 0 0
1516099197.87 0 0 0 0
1516099197.97 0 0 0 0
1516099198.09 0 0 0 0
1516099198.21 0 0 0 0
1516099198.31 0 0 0 0
1516099198.41 0 0 0 0
1516099198.51 0 0 0 0
1516099198.61 0 0 0 0
1516099198.71 0 0 0 0
1516099198.81 0 0 0 0
1516099198.91 0 0 0 0
1516099199.01 0 0 0 0
1516099199.11 0 0 0 0
1516099199.21 0 0 0 0
1516099199.31 0 0 0 0
1516099199.41 0 0 0 0
1516099199.51 0 0 0 0
1516099199.61 0 0 0 0
1516099199.71 0 0 0 0
1516099199.81 0 0 0 0
1516099199.91 0 0 0 0
1516099200.01 0 0 0 0
1516099200.11 0 0 0 0
1516099200.23 0 0 0 0
1516099200.33 0 0 0 0
1516099200.42 0 0 0 0
1516099200.54 0 0 0 0
1516099200.65 0 0 0 0
1516099200.75 0 0 0 0
1516099200.84 0 0 0 0
1516099200.95 0 0 0 0
1516099201.05 0 0 0 0
1516099201.15 0 0 0 0
1516099201.25 0 0 0 0
1516099201.35 0 0 0 0
1516099201.45 0 0 0 0
1516099201.55 0 0 0 0
1516099201.65 0 0 0 0
1516099201.75 0 0 0 0
1516099201.87 0 0 0 0
1516099201.99 0 0 0 0
1516099202.09 0 0 0 0
1516099202.19 0 0 0 0
1516099202.29 0 0 0 0
1516099202.39 0 0 0 0
1516099202.49 0 0 0 0
1516099202.59 0 0 0 0
1516099202.69 0 0 0 0
1516099202.79 0 0 0 0
1516099202.89 0 0 0 0
1516099203.0 0 0 0 0
1516099203.1 0 0 0 0
1516099203.2 0 0 0 0
1516099203.3 0 0 0 0
1516099203.4 0 0 0 0
1516099203.5 0 0 0 0
1516099203.6 0 0 0 0
1516099203.7 0 0 0 0
1516099203.8 0 0 0 0
1516099203.9 0 0 0 0
1516099204.0 0 0 0 0
1516099204.1 0 0 0 0
1516099204.2 0 0 0 0
1516099204.3 0 0 0 0
1516099204.4 0 0 0 0
1516099204.5 0 0 0 0
1516099204.6 0 0 0 0
1516099204.72 0 0 0 0
1516099204.85 0 0 0 0
1516099204.95 0 0 0 0
1516099205.07 0 0 0 0
1516099205.2 0 0 0 0
1516099205.29 0 0 0 0
1516099205.39 0 0 0 0
1516099205.5 0 0 0 0
1516099205.6 0 0 0 0
1516099205.7 0 0 0 0
1516099205.8 0 0 0 0
1516099205.9 0 0 0 0
1516099206.0 0 0 0 0
1516099206.1 0 0 0 0
1516099206.2 0 0 0 0
1516099206.3 0 0 0 0
1516099206.4 0 0 0 0
1516099206.5 0 0 0 0
1516099206.6 0 0 0 0
1516099206.7 0 0 0 0
1516099206.8 0 0 0 0
1516099206.9 0 0 0 0
1516099207.0 0 0 0 0
1516099207.1 0 0 0 0
1516099207.22 0 0 0 0
1516099207.33 0 0 0 0
1516099207.43 0 0 0 0
1516099207.53 0 0 0 0
1516099207.63 0 0 0 0
1516099207.73 0 0 0 0
1516099207.83 0 0 0 0
1516099207.93 0 0 0 0
1516099208.03 0 0 0 0
1516099208.13 0 0 0 0
1516099208.23 0 0 0 0
1516099208.33 0 0 0 0
1516099208.43 0 0 0 0
1516099208.53 0 0 0 0
1516099208.63 0 0 0 0
1516099208.73 0 0 0 0
1516099208.83 0 0 0 0
1516099208.93 0 0 0 0
1516099209.03 0 0 0 0
1516099209.13 0 0 0 0
1516099209.23 0 0 0 0
1516099209.33 0 0 0 0
1516099209.43 0 0 0 0
1516099209.53 0 0 0 0
1516099209.63 0 0 0 0
1516099209.73 0 0 0 0
1516099209.84 0 0 0 0
1516099209.93 0 0 0 0
1516099210.03 0 0 0 0
1516099210.13 0 0 0 0
1516099210.23 0 0 0 0
1516099210.33 0 0 0 0
1516099210.44 0 0 0 0
1516099210.54 0 0 0 0
1516099210.64 0 0 0 0
1516099210.74 0 0 0 0
1516099210.84 0 0 0 0
1516099210.94 0 0 0 0
1516099211.04 0 0 0 0
1516099211.14 0 0 0 0
1516099211.24 0 0 0 0
1516099211.34 0 0 0 0
1516099211.44 0 0 0 0
1516099211.54 0 0 0 0
1516099211.64 0 0 0 0
1516099211.74 0 0 0 0
1516099211.84 0 0 0 0
1516099211.96 0 0 0 0
1516099212.08 0 0 0 0
1516099212.17 0 0 0 0
1516099212.27 0 0 0 0
1516099212.38 0 0 0 0
1516099212.48 0 0 0 0
1516099212.58 0 0 0 0
1516099212.68 0 0 0 0
1516099212.79 0 0 0 0
1516099212.92 0 0 0 0
1516099213.02 0 0 0 0
1516099213.12 0 0 0 0
1516099213.22 0 0 0 0
1516099213.32 0 0 0 0
1516099213.42 0 0 0 0
1516099213.52 0 0 0 0
1516099213.62 0 0 0 0
1516099213.74 0 0 0 0
1516099213.87 0 0 0 0
1516099213.98 0 0 0 0
1516099214.08 0 0 0 0
1516099214.18 0 0 0 0
1516099214.28 0 0 0 0
1516099214.38 0 0 0 0
1516099214.48 0 0 0 0
1516099214.57 0 0 0 0
1516099214.67 0 0 0 0
1516099214.77 0 0 0 0
1516099214.89 0 0 0 0
1516099215.04 0 0 0 0
1516099215.14 0 0 0 0
1516099215.25 0 0 0 0
1516099215.34 0 0 0 0
1516099215.45 0 0 0 0
1516099215.55 0 0 0 0
1516099215.65 0 0 0 0
1516099215.75 0 0 0 0
1516099215.85 0 0 0 0
1516099215.94 0 0 0 0
1516099216.04 0 0 0 0
1516099216.16 0 0 0 0
1516099216.28 0 0 0 0
1516099216.38 0 0 0 0
1516099216.48 0 0 0 0
1516099216.58 0 0 0 0
1516099216.68 0 0 0 0
1516099216.78 0 0 0 0
1516099216.89 0 0 0 0
1516099216.98 0 0 0 0
1516099217.08 0 0 0 0
1516099217.18 0 0 0 0
1516099217.28 0 0 0 0
1516099217.38 0 0 0 0
1516099217.48 0 0 0 0
1516099217.58 0 0 0 0
1516099217.7 0 0 0 0
1516099217.83 0 0 0 0
1516099217.92 0 0 0 0
1516099218.03 0 0 0 0
1516099218.13 0 0 0 0
1516099218.23 0 0 0 0
1516099218.33 0 0 0 0
1516099218.43 0 0 0 0
1516099218.53 0 0 0 0
1516099218.63 0 0 0 0
1516099218.74 0 0 0 0
1516099218.86 0 0 0 0
1516099218.96 0 0 0 0
1516099219.06 0 0 0 0
1516099219.16 0 0 0 0
1516099219.26 0 0 0 0
1516099219.36 0 0 0 0
1516099219.46 0 0 0 0
1516099219.56 0 0 0 0
1516099219.66 0 0 0 0
1516099219.76 0 0 0 0
1516099219.86 0 0 0 0
1516099219.96 0 0 0 0
1516099220.06 0 0 0 0
1516099220.16 0 0 0 0
1516099220.26 0 0 0 0
1516099220.36 0 0 0 0
1516099220.46 0 0 0 0
1516099220.56 0 0 0 0
1516099220.66 0 0 0 0
1516099220.76 0 0 0 0
1516099220.86 0 0 0 0
1516099220.96 0 0 0 0
1516099221.07 0 0 0 0
1516099221.16 0 0 0 0
1516099221.26 0 0 0 0
1516099221.36 0 0 0 0
1516099221.46 0 0 0 0
1516099221.56 0 0 0 0
1516099221.66 0 0 0 0
1516099221.76 0 0 0 0
1516099221.87 0 0 0 0
1516099221.96 0 0 0 0
1516099222.06 0 0 0 0
1516099222.17 0 0 0 0
1516099222.26 0 0 0 0
1516099222.36 0 0 0 0
1516099222.46 0 0 0 0
1516099222.57 0 0 0 0
1516099222.66 0 0 0 0
1516099222.77 0 0 0 0
1516099222.87 0 0 0 0
1516099222.97 0 0 0 0
1516099223.07 0 0 0 0
1516099223.17 0 0 0 0
1516099223.27 0 0 0 0
1516099223.37 0 0 0 0
1516099223.47 0 0 0 0
1516099223.57 0 0 0 0
1516099223.67 0 0 0 0
1516099223.77 0 0 0 0
1516099223.87 0 0 0 0
1516099223.97 0 0 0 0
1516099224.07 0 0 0 0
1516099224.17 0 0 0 0
1516099224.27 0 0 0 0
1516099224.37 0 0 0 0
1516099224.47 0 0 0 0
1516099224.57 0 0 0 0
1516099224.67 0 0 0 0
1516099224.77 0 0 0 0
1516099224.87 0 0 0 0
1516099224.97 0 0 0 0
1516099225.07 0 0 0 0
1516099225.17 0 0 0 0
1516099225.27 0 0 0 0
1516099225.37 0 0 0 0
1516099225.47 0 0 0 0
1516099225.57 0 0 0 0
1516099225.67 0 0 0 0
1516099225.77 0 0 0 0
1516099225.87 0 0 0 0
1516099225.97 0 0 0 0
1516099226.07 0 0 0 0
1516099226.17 0 0 0 0
1516099226.27 0 0 0 0
1516099226.37 0 0 0 0
1516099226.47 0 0 0 0
1516099226.57 0 0 0 0
1516099226.68 0 0 0 0
1516099226.78 0 0 0 0
1516099226.88 0 0 0 0
1516099226.98 0 0 0 0
1516099227.08 0 0 0 0
1516099227.18 0 0 0 0
1516099227.28 0 0 0 0
1516099227.38 0 0 0 0
1516099227.48 0 0 0 0
1516099227.58 0 0 0 0
1516099227.68 0 0 0 0
1516099227.78 0 0 0 0
1516099227.88 0 0 0 0
1516099227.98 0 0 0 0
1516099228.08 0 0 0 0
1516099228.18 0 0 0 0
1516099228.28 0 0 0 0
1516099228.38 0 0 0 0
1516099228.48 0 0 0 0
1516099228.58 0 0 0 0
1516099228.68 0 0 0 0
1516099228.78 0 0 0 0
1516099228.88 0 0 0 0
1516099228.98 0 0 0 0
1516099229.08 0 0 0 0
1516099229.18 0 0 0 0
1516099229.28 0 0 0 0
1516099229.38 0 0 0 0
1516099229.48 0 0 0 0
1516099229.58 0 0 0 0
1516099229.68 0 0 0 0
1516099229.78 0 0 0 0
1516099229.88 0 0 0 0
1516099229.98 0 0 0 0
1516099230.08 0 0 0 0
1516099230.18 0 0 0 0
1516099230.28 0 0 0 0
1516099230.38 0 0 0 0
1516099230.48 0 0 0 0
1516099230.58 0 0 0 0
1516099230.69 0 0 0 0
1516099230.78 0 0 0 0
1516099230.88 0 0 0 0
1516099230.99 0 0 0 0
1516099231.09 0 0 0 0
1516099231.19 0 0 0 0
1516099231.29 0 0 0 0
1516099231.39 0 0 0 0
1516099231.49 0 0 0 0
1516099231.59 0 0 0 0
1516099231.69 0 0 0 0
1516099231.79 0 0 0 0
1516099231.89 0 0 0 0
1516099231.99 0 0 0 0
1516099232.09 0 0 0 0
1516099232.19 0 0 0 0
1516099232.29 0 0 0 0
1516099232.39 0 0 0 0
1516099232.49 0 0 0 0
1516099232.59 0 0 0 0
1516099232.69 0 0 0 0
1516099232.79 0 0 0 0
1516099232.89 0 0 0 0
1516099232.99 0 0 0 0
1516099233.09 0 0 0 0
1516099233.19 0 0 0 0
1516099233.29 0 0 0 0
1516099233.39 0 0 0 0
1516099233.49 0 0 0 0
1516099233.59 0 0 0 0
1516099233.69 0 0 0 0
1516099233.79 0 0 0 0
1516099233.89 0 0 0 0
1516099233.99 0 0 0 0
1516099234.09 0 0 0 0
1516099234.19 0 0 0 0
1516099234.29 0 0 0 0
1516099234.39 0 0 0 0
1516099234.49 0 0 0 0
1516099234.59 0 0 0 0
1516099234.69 0 0 0 0
1516099234.79 0 0 0 0
1516099234.89 0 0 0 0
1516099234.99 0 0 0 0
1516099235.09 0 0 0 0
1516099235.19 0 0 0 0
1516099235.29 0 0 0 0
1516099235.39 0 0 0 0
1516099235.49 0 0 0 0
1516099235.59 0 0 0 0
1516099235.69 0 0 0 0
1516099235.8 0 0 0 0
1516099235.9 0 0 0 0
1516099236.0 0 0 0 0
1516099236.1 0 0 0 0
1516099236.2 0 0 0 0
1516099236.3 0 0 0 0
1516099236.4 0 0 0 0
1516099236.5 0 0 0 0
1516099236.6 0 0 0 0
1516099236.7 0 0 0 0
1516099236.8 0 0 0 0
1516099236.9 0 0 0 0
1516099237.0 0 0 0 0
1516099237.1 0 0 0 0
1516099237.2 0 0 0 0
1516099237.3 0 0 0 0
1516099237.4 0 0 0 0
1516099237.5 0 0 0 0
1516099237.6 0 0 0 0
1516099237.7 0 0 0 0
1516099237.8 0 0 0 0
1516099237.9 0 0 0 0
1516099238.0 0 0 0 0
1516099238.1 0 0 0 0
1516099238.2 0 0 0 0
1516099238.3 0 0 0 0
1516099238.4 0 0 0 0
1516099238.5 0 0 0 0
1516099238.6 0 0 0 0
1516099238.7 0 0 0 0
1516099238.8 0 0 0 0
1516099238.9 0 0 0 0
1516099239.0 0 0 0 0
1516099239.1 0 0 0 0
1516099239.2 0 0 0 0
1516099239.3 0 0 0 0
1516099239.4 0 0 0 0
1516099239.5 0 0 0 0
1516099239.6 0 0 0 0
1516099239.7 0 0 0 0
1516099239.81 0 0 0 0
1516099239.9 0 0 0 0
1516099240.0 0 0 0 0
1516099240.11 0 0 0 0
1516099240.21 0 0 0 0
1516099240.3 0 0 0 0
1516099240.41 0 0 0 0
1516099240.51 0 0 0 0
1516099240.61 0 0 0 0
1516099240.71 0 0 0 0
1516099240.81 0 0 0 0
1516099240.91 0 0 0 0
1516099241.01 0 0 0 0
1516099241.11 0 0 0 0
1516099241.21 0 0 0 0
1516099241.31 0 0 0 0
1516099241.41 0 0 0 0
1516099241.51 0 0 0 0
1516099241.61 0 0 0 0
1516099241.71 0 0 0 0
1516099241.81 0 0 0 0
1516099241.91 0 0 0 0
1516099242.01 0 0 0 0
1516099242.11 0 0 0 0
1516099242.21 0 0 0 0
1516099242.31 0 0 0 0
1516099242.41 0 0 0 0
1516099242.51 0 0 0 0
1516099242.61 0 0 0 0
1516099242.71 0 0 0 0
1516099242.81 0 0 0 0
1516099242.91 0 0 0 0
1516099243.01 0 0 0 0
1516099243.11 0 0 0 0
1516099243.21 0 0 0 0
1516099243.31 0 0 0 0
1516099243.41 0 0 0 0
1516099243.51 0 0 0 0
1516099243.61 0 0 0 0
1516099243.71 0 0 0 0
1516099243.81 0 0 0 0
1516099243.91 0 0 0 0
1516099244.02 0 0 0 0
1516099244.11 0 0 0 0
1516099244.21 0 0 0 0
1516099244.31 0 0 0 0
1516099244.41 0 0 0 0
1516099244.51 0 0 0 0
1516099244.62 0 0 0 0
1516099244.72 0 0 0 0
1516099244.82 0 0 0 0
1516099244.92 0 0 0 0
1516099245.02 0 0 0 0
1516099245.12 0 0 0 0
1516099245.21 0 0 0 0
1516099245.31 0 0 0 0
1516099245.42 0 0 0 0
1516099245.52 0 0 0 0
1516099245.62 0 0 0 0
1516099245.72 0 0 0 0
1516099245.82 0 0 0 0
1516099245.92 0 0 0 0
1516099246.02 0 0 0 0
1516099246.12 0 0 0 0
1516099246.22 0 0 0 0
1516099246.32 0 0 0 0
1516099246.42 0 0 0 0
1516099246.52 0 0 0 0
1516099246.62 0 0 0 0
1516099246.72 0 0 0 0
1516099246.82 0 0 0 0
1516099246.92 0 0 0 0
1516099247.02 0 0 0 0
1516099247.12 0 0 0 0
1516099247.22 0 0 0 0
1516099247.32 0 0 0 0
1516099247.42 0 0 0 0
1516099247.52 0 0 0 0
1516099247.62 0 0 0 0
1516099247.72 0 0 0 0
1516099247.82 0 0 0 0
1516099247.92 0 0 0 0
1516099248.02 0 0 0 0
1516099248.12 0 0 0 0
1516099248.22 0 0 0 0
1516099248.32 0 0 0 0
1516099248.42 0 0 0 0
1516099248.52 0 0 0 0
1516099248.62 0 0 0 0
1516099248.72 0 0 0 0
1516099248.83 0 0 0 0
1516099248.92 0 0 0 0
1516099249.03 0 0 0 0
1516099249.13 0 0 0 0
1516099249.23 0 0 0 0
1516099249.33 0 0 0 0
1516099249.43 0 0 0 0
1516099249.53 0 0 0 0
1516099249.63 0 0 0 0
1516099249.73 0 0 0 0
1516099249.83 0 0 0 0
1516099249.93 0 0 0 0
1516099250.03 0 0 0 0
1516099250.13 0 0 0 0
1516099250.23 0 0 0 0
1516099250.33 0 0 0 0
1516099250.43 0 0 0 0
1516099250.53 0 0 0 0
1516099250.63 0 0 0 0
1516099250.73 0 0 0 0
1516099250.83 0 0 0 0
1516099250.93 0 0 0 0
1516099251.03 0 0 0 0
1516099251.13 0 0 0 0
1516099251.23 0 0 0 0
1516099251.33 0 0 0 0
1516099251.43 0 0 0 0
1516099251.53 0 0 0 0
1516099251.63 0 0 0 0
1516099251.73 0 0 0 0
1516099251.83 0 0 0 0
1516099251.93 0 0 0 0
1516099252.03 0 0 0 0
1516099252.13 0 0 0 0
1516099252.23 0 0 0 0
1516099252.33 0 0 0 0
1516099252.43 0 0 0 0
1516099252.53 0 0 0 0
1516099252.63 0 0 0 0
1516099252.73 0 0 0 0
1516099252.83 0 0 0 0
1516099252.93 0 0 0 0
1516099253.03 0 0 0 0
1516099253.13 0 0 0 0
1516099253.23 0 0 0 0
1516099253.33 0 0 0 0
1516099253.43 0 0 0 0
1516099253.54 0 0 0 0
1516099253.63 0 0 0 0
1516099253.74 0 0 0 0
1516099253.83 0 0 0 0
1516099253.93 0 0 0 0
1516099254.04 0 0 0 0
1516099254.14 0 0 0 0
1516099254.24 0 0 0 0
1516099254.34 0 0 0 0
1516099254.44 0 0 0 0
1516099254.53 0 0 0 0
1516099254.63 0 0 0 0
1516099254.74 0 0 0 0
1516099254.84 0 0 0 0
1516099254.94 0 0 0 0
1516099255.04 0 0 0 0
1516099255.14 0 0 0 0
1516099255.24 0 0 0 0
1516099255.34 0 0 0 0
1516099255.44 0 0 0 0
1516099255.54 0 0 0 0
1516099255.64 0 0 0 0
1516099255.74 0 0 0 0
1516099255.84 0 0 0 0
1516099255.94 0 0 0 0
1516099256.04 0 0 0 0
1516099256.14 0 0 0 0
1516099256.24 0 0 0 0
1516099256.34 0 0 0 0
1516099256.44 0 0 0 0
1516099256.54 0 0 0 0
1516099256.64 0 0 0 0
1516099256.74 0 0 0 0
1516099256.84 0 0 0 0
1516099256.94 0 0 0 0
1516099257.04 0 0 0 0
1516099257.14 0 0 0 0
1516099257.24 0 0 0 0
1516099257.34 0 0 0 0
1516099257.44 0 0 0 0
1516099257.54 0 0 0 0
1516099257.64 0 0 0 0
1516099257.75 0 0 0 0
1516099257.84 0 0 0 0
1516099257.94 0 0 0 0
1516099258.04 0 0 0 0
1516099258.14 0 0 0 0
1516099258.24 0 0 0 0
1516099258.34 0 0 0 0
1516099258.44 0 0 0 0
1516099258.54 0 0 0 0
1516099258.64 0 0 0 0
1516099258.75 0 0 0 0
1516099258.85 0 0 0 0
1516099258.95 0 0 0 0
1516099259.04 0 0 0 0
1516099259.15 0 0 0 0
1516099259.25 0 0 0 0
1516099259.35 0 0 0 0
1516099259.45 0 0 0 0
1516099259.55 0 0 0 0
1516099259.65 0 0 0 0
1516099259.75 0 0 0 0
1516099259.85 0 0 0 0
1516099259.95 0 0 0 0
1516099260.05 0 0 0 0
1516099260.15 0 0 0 0
1516099260.25 0 0 0 0
1516099260.35 0 0 0 0
1516099260.45 0 0 0 0
1516099260.55 0 0 0 0
1516099260.65 0 0 0 0
1516099260.75 0 0 0 0
1516099260.85 0 0 0 0
1516099260.95 0 0 0 0
1516099261.05 0 0 0 0
1516099261.15 0 0 0 0
1516099261.25 0 0 0 0
1516099261.35 0 0 0 0
1516099261.45 0 0 0 0
1516099261.55 0 0 0 0
1516099261.65 0 0 0 0
1516099261.75 0 0 0 0
1516099261.85 0 0 0 0
1516099261.95 0 0 0 0
1516099262.05 0 0 0 0
1516099262.15 0 0 0 0
1516099262.26 0 0 0 0
1516099262.36 0 0 0 0
1516099262.46 0 0 0 0
1516099262.55 0 0 0 0
1516099262.65 0 0 0 0
1516099262.76 0 0 0 0
1516099262.85 0 0 0 0
1516099262.96 0 0 0 0
1516099263.06 0 0 0 0
1516099263.16 0 0 0 0
1516099263.26 0 0 0 0
1516099263.36 0 0 0 0
1516099263.46 0 0 0 0
1516099263.56 0 0 0 0
1516099263.66 0 0 0 0
1516099263.76 0 0 0 0
1516099263.86 0 0 0 0
1516099263.96 0 0 0 0
1516099264.06 0 0 0 0
1516099264.16 0 0 0 0
1516099264.26 0 0 0 0
1516099264.36 0 0 0 0
1516099264.46 0 0 0 0
1516099264.56 0 0 0 0
1516099264.66 0 0 0 0
1516099264.76 0 0 0 0
1516099264.86 0 0 0 0
1516099264.96 0 0 0 0
1516099265.06 0 0 0 0
1516099265.16 0 0 0 0
1516099265.26 0 0 0 0
1516099265.36 0 0 0 0
1516099265.46 0 0 0 0
1516099265.56 0 0 0 0
1516099265.66 0 0 0 0
1516099265.76 0 0 0 0
1516099265.86 0 0 0 0
1516099265.96 0 0 0 0
1516099266.06 0 0 0 0
1516099266.16 0 0 0 0
1516099266.26 0 0 0 0
1516099266.36 0 0 0 0
1516099266.46 0 0 0 0
1516099266.56 0 0 0 0
1516099266.67 0 0 0 0
1516099266.76 0 0 0 0
1516099266.86 0 0 0 0
1516099266.97 0 0 0 0
1516099267.07 0 0 0 0
1516099267.17 0 0 0 0
1516099267.27 0 0 0 0
1516099267.37 0 0 0 0
1516099267.47 0 0 0 0
1516099267.57 0 0 0 0
1516099267.66 0 0 0 0
1516099267.77 0 0 0 0
1516099267.87 0 0 0 0
1516099267.97 0 0 0 0
1516099268.07 0 0 0 0
1516099268.17 0 0 0 0
1516099268.27 0 0 0 0
1516099268.37 0 0 0 0
1516099268.47 0 0 0 0
1516099268.57 0 0 0 0
1516099268.67 0 0 0 0
1516099268.77 0 0 0 0
1516099268.87 0 0 0 0
1516099268.97 0 0 0 0
1516099269.07 0 0 0 0
1516099269.17 0 0 0 0
1516099269.27 0 0 0 0
1516099269.37 0 0 0 0
1516099269.47 0 0 0 0
1516099269.57 0 0 0 0
1516099269.67 0 0 0 0
1516099269.77 0 0 0 0
1516099269.87 0 0 0 0
1516099269.97 0 0 0 0
1516099270.07 0 0 0 0
1516099270.17 0 0 0 0
1516099270.27 0 0 0 0
1516099270.37 0 0 0 0
1516099270.47 0 0 0 0
1516099270.57 0 0 0 0
1516099270.67 0 0 0 0
1516099270.77 0 0 0 0
1516099270.87 0 0 0 0
1516099270.97 0 0 0 0
1516099271.07 0 0 0 0
1516099271.17 0 0 0 0
1516099271.27 0 0 0 0
1516099271.37 0 0 0 0
1516099271.47 0 0 0 0
1516099271.57 0 0 0 0
1516099271.67 0 0 0 0
1516099271.77 0 0 0 0
1516099271.87 0 0 0 0
1516099271.97 0 0 0 0
1516099272.08 0 0 0 0
1516099272.18 0 0 0 0
1516099272.28 0 0 0 0
1516099272.37 0 0 0 0
1516099272.48 0 0 0 0
1516099272.58 0 0 0 0
1516099272.67 0 0 0 0
1516099272.78 0 0 0 0
1516099272.87 0 0 0 0
1516099272.98 0 0 0 0
1516099273.08 0 0 0 0
1516099273.18 0 0 0 0
1516099273.28 0 0 0 0
1516099273.37 0 0 0 0
1516099273.48 0 0 0 0
1516099273.57 0 0 0 0
1516099273.68 0 0 0 0
1516099273.78 0 0 0 0
1516099273.88 0 0 0 0
1516099273.98 0 0 0 0
1516099274.08 0 0 0 0
1516099274.18 0 0 0 0
1516099274.28 0 0 0 0
1516099274.38 0 0 0 0
1516099274.48 0 0 0 0
1516099274.58 0 0 0 0
1516099274.68 0 0 0 0
1516099274.78 0 0 0 0
1516099274.88 0 0 0 0
1516099274.98 0 0 0 0
1516099275.08 0 0 0 0
1516099275.18 0 0 0 0
1516099275.28 0 0 0 0
1516099275.38 0 0 0 0
1516099275.48 0 0 0 0
1516099275.58 0 0 0 0
1516099275.68 0 0 0 0
1516099275.78 0 0 0 0
1516099275.88 0 0 0 0
1516099275.98 0 0 0 0
1516099276.08 0 0 0 0
1516099276.18 0 0 0 0
1516099276.28 0 0 0 0
1516099276.38 0 0 0 0
1516099276.48 0 0 0 0
1516099276.58 0 0 0 0
1516099276.68 0 0 0 0
1516099276.78 0 0 0 0
1516099276.88 0 0 0 0
1516099276.98 0 0 0 0
1516099277.08 0 0 0 0
1516099277.18 0 0 0 0
1516099277.28 0 0 0 0
1516099277.38 0 0 0 0
1516099277.48 0 0 0 0
1516099277.58 0 0 0 0
1516099277.68 0 0 0 0
1516099277.78 0 0 0 0
1516099277.88 0 0 0 0
1516099277.98 0 0 0 0
1516099278.08 0 0 0 0
1516099278.18 0 0 0 0
1516099278.28 0 0 0 0
1516099278.38 0 0 0 0
1516099278.48 0 0 0 0
1516099278.58 0 0 0 0
1516099278.68 0 0 0 0
1516099278.78 0 0 0 0
1516099278.88 0 0 0 0
1516099278.98 0 0 0 0
1516099279.08 0 0 0 0
1516099279.18 0 0 0 0
1516099279.29 0 0 0 0
1516099279.39 0 0 0 0
1516099279.49 0 0 0 0
1516099279.59 0 0 0 0
1516099279.69 0 0 0 0
1516099279.79 0 0 0 0
1516099279.89 0 0 0 0
1516099279.99 0 0 0 0
1516099280.09 0 0 0 0
1516099280.19 0 0 0 0
1516099280.29 0 0 0 0
1516099280.39 0 0 0 0
1516099280.49 0 0 0 0
1516099280.59 0 0 0 0
1516099280.69 0 0 0 0
1516099280.79 0 0 0 0
1516099280.89 0 0 0 0
1516099280.99 0 0 0 0
1516099281.09 0 0 0 0
1516099281.19 0 0 0 0
1516099281.29 0 0 0 0
1516099281.39 0 0 0 0
1516099281.49 0 0 0 0
1516099281.59 0 0 0 0
1516099281.69 0 0 0 0
1516099281.79 0 0 0 0
1516099281.89 0 0 0 0
1516099281.99 0 0 0 0
1516099282.09 0 0 0 0
1516099282.19 0 0 0 0
1516099282.29 0 0 0 0
1516099282.39 0 0 0 0
1516099282.49 0 0 0 0
1516099282.59 0 0 0 0
1516099282.69 0 0 0 0
1516099282.79 0 0 0 0
1516099282.89 0 0 0 0
1516099282.99 0 0 0 0
1516099283.09 0 0 0 0
1516099283.19 0 0 0 0
1516099283.29 0 0 0 0
1516099283.39 0 0 0 0
1516099283.49 0 0 0 0
1516099283.59 0 0 0 0
1516099283.69 0 0 0 0
1516099283.8 0 0 0 0
1516099283.9 0 0 0 0
1516099283.99 0 0 0 0
1516099284.09 0 0 0 0
1516099284.2 0 0 0 0
1516099284.3 0 0 0 0
1516099284.4 0 0 0 0
1516099284.5 0 0 0 0
1516099284.59 0 0 0 0
1516099284.7 0 0 0 0
1516099284.8 0 0 0 0
1516099284.9 0 0 0 0
1516099285.0 0 0 0 0
1516099285.1 0 0 0 0
1516099285.2 0 0 0 0
1516099285.3 0 0 0 0
1516099285.4 0 0 0 0
1516099285.5 0 0 0 0
1516099285.6 0 0 0 0
1516099285.7 0 0 0 0
1516099285.8 0 0 0 0
1516099285.9 0 0 0 0
1516099286.0 0 0 0 0
1516099286.1 0 0 0 0
1516099286.2 0 0 0 0
1516099286.3 0 0 0 0
1516099286.4 0 0 0 0
1516099286.5 0 0 0 0
1516099286.6 0 0 0 0
1516099286.7 0 0 0 0
1516099286.8 0 0 0 0
1516099286.9 0 0 0 0
1516099287.0 0 0 0 0
1516099287.1 0 0 0 0
1516099287.2 0 0 0 0
1516099287.3 0 0 0 0
1516099287.4 0 0 0 0
1516099287.5 0 0 0 0
1516099287.6 0 0 0 0
1516099287.71 0 0 0 0
1516099287.8 0 0 0 0
1516099287.9 0 0 0 0
1516099288.0 0 0 0 0
1516099288.1 0 0 0 0
1516099288.2 0 0 0 0
1516099288.3 0 0 0 0
1516099288.4 0 0 0 0
1516099288.5 0 0 0 0
1516099288.6 0 0 0 0
1516099288.7 0 0 0 0
1516099288.81 0 0 0 0
1516099288.91 0 0 0 0
1516099289.0 0 0 0 0
1516099289.11 0 0 0 0
1516099289.21 0 0 0 0
1516099289.3 0 0 0 0
1516099289.41 0 0 0 0
1516099289.51 0 0 0 0
1516099289.61 0 0 0 0
1516099289.71 0 0 0 0
1516099289.8 0 0 0 0
1516099289.91 0 0 0 0
1516099290.01 0 0 0 0
1516099290.11 0 0 0 0
1516099290.21 0 0 0 0
1516099290.31 0 0 0 0
1516099290.41 0 0 0 0
1516099290.51 0 0 0 0
1516099290.61 0 0 0 0
1516099290.71 0 0 0 0
1516099290.81 0 0 0 0
1516099290.91 0 0 0 0
1516099291.01 0 0 0 0
1516099291.11 0 0 0 0
1516099291.21 0 0 0 0
1516099291.31 0 0 0 0
1516099291.41 0 0 0 0
1516099291.51 0 0 0 0
1516099291.61 0 0 0 0
1516099291.71 0 0 0 0
1516099291.82 0 0 0 0
1516099291.91 0 0 0 0
1516099292.02 0 0 0 0
1516099292.11 0 0 0 0
1516099292.21 0 0 0 0
1516099292.31 0 0 0 0
1516099292.41 0 0 0 0
1516099292.51 0 0 0 0
1516099292.61 0 0 0 0
1516099292.71 0 0 0 0
1516099292.81 0 0 0 0
1516099292.91 0 0 0 0
1516099293.01 0 0 0 0
1516099293.11 0 0 0 0
1516099293.21 0 0 0 0
1516099293.31 0 0 0 0
1516099293.41 0 0 0 0
1516099293.52 0 0 0 0
1516099293.62 0 0 0 0
1516099293.71 0 0 0 0
1516099293.81 0 0 0 0
1516099293.92 0 0 0 0
1516099294.02 0 0 0 0
1516099294.11 0 0 0 0
1516099294.22 0 0 0 0
1516099294.32 0 0 0 0
1516099294.41 0 0 0 0
1516099294.52 0 0 0 0
1516099294.62 0 0 0 0
1516099294.72 0 0 0 0
1516099294.82 0 0 0 0
1516099294.92 0 0 0 0
1516099295.02 0 0 0 0
1516099295.12 0 0 0 0
1516099295.22 0 0 0 0
1516099295.32 0 0 0 0
1516099295.42 0 0 0 0
1516099295.52 0 0 0 0
1516099295.62 0 0 0 0
1516099295.72 0 0 0 0
1516099295.82 0 0 0 0
1516099295.92 0 0 0 0
1516099296.02 0 0 0 0
1516099296.12 0 0 0 0
1516099296.22 0 0 0 0
1516099296.32 0 0 0 0
1516099296.42 0 0 0 0
1516099296.52 0 0 0 0
1516099296.62 0 0 0 0
1516099296.72 0 0 0 0
1516099296.82 0 0 0 0
1516099296.92 0 0 0 0
1516099297.02 0 0 0 0
1516099297.12 0 0 0 0
1516099297.22 0 0 0 0
1516099297.32 0 0 0 0
1516099297.42 0 0 0 0
1516099297.52 0 0 0 0
1516099297.62 0 0 0 0
1516099297.72 0 0 0 0
1516099297.82 0 0 0 0
1516099297.92 0 0 0 0
1516099298.02 0 0 0 0
1516099298.12 0 0 0 0
1516099298.22 0 0 0 0
1516099298.32 0 0 0 0
1516099298.42 0 0 0 0
1516099298.52 0 0 0 0
1516099298.62 0 0 0 0
1516099298.73 0 0 0 0
1516099298.82 0 0 0 0
1516099298.92 0 0 0 0
1516099299.03 0 0 0 0
1516099299.12 0 0 0 0
1516099299.22 0 0 0 0
1516099299.33 0 0 0 0
1516099299.43 0 0 0 0
1516099299.52 0 0 0 0
1516099299.62 0 0 0 0
1516099299.73 0 0 0 0
1516099299.83 0 0 0 0
1516099299.93 0 0 0 0
1516099300.03 0 0 0 0
1516099300.13 0 0 0 0
1516099300.23 0 0 0 0
1516099300.33 0 0 0 0
1516099300.43 0 0 0 0
1516099300.53 0 0 0 0
1516099300.63 0 0 0 0
1516099300.73 0 0 0 0
1516099300.83 0 0 0 0
1516099300.93 0 0 0 0
1516099301.03 0 0 0 0
1516099301.13 0 0 0 0
1516099301.23 0 0 0 0
1516099301.33 0 0 0 0
1516099301.43 0 0 0 0
1516099301.53 0 0 0 0
1516099301.63 0 0 0 0
1516099301.73 0 0 0 0
1516099301.83 0 0 0 0
1516099301.93 0 0 0 0
1516099302.03 0 0 0 0
1516099302.13 0 0 0 0
1516099302.23 0 0 0 0
1516099302.33 0 0 0 0
1516099302.43 0 0 0 0
1516099302.53 0 0 0 0
1516099302.63 0 0 0 0
1516099302.73 0 0 0 0
1516099302.83 0 0 0 0
1516099302.93 0 0 0 0
1516099303.03 0 0 0 0
1516099303.13 0 0 0 0
1516099303.23 0 0 0 0
1516099303.33 0 0 0 0
1516099303.43 0 0 0 0
1516099303.53 0 0 0 0
1516099303.63 0 0 0 0
1516099303.73 0 0 0 0
1516099303.84 0 0 0 0
1516099303.94 0 0 0 0
1516099304.04 0 0 0 0
1516099304.14 0 0 0 0
1516099304.25 0 0 0 0
1516099304.35 0 0 0 0
1516099304.45 0 0 0 0
1516099304.55 0 0 0 0
1516099304.65 0 0 0 0
1516099304.75 0 0 0 0
1516099304.86 0 0 0 0
1516099304.96 0 0 0 0
1516099305.06 0 0 0 0
1516099305.16 0 0 0 0
1516099305.26 0 0 0 0
1516099305.36 0 0 0 0
1516099305.46 0 0 0 0
1516099305.56 0 0 0 0
1516099305.66 0 0 0 0
1516099305.76 0 0 0 0
1516099305.86 0 0 0 0
1516099305.96 0 0 0 0
1516099306.06 0 0 0 0
1516099306.16 0 0 0 0
1516099306.26 0 0 0 0
1516099306.36 0 0 0 0
1516099306.46 0 0 0 0
1516099306.56 0 0 0 0
1516099306.66 0 0 0 0
1516099306.76 0 0 0 0
1516099306.86 0 0 0 0
1516099306.96 0 0 0 0
1516099307.06 0 0 0 0
1516099307.16 0 0 0 0
1516099307.26 0 0 0 0
1516099307.36 0 0 0 0
1516099307.46 0 0 0 0
1516099307.56 0 0 0 0
1516099307.66 0 0 0 0
1516099307.76 0 0 0 0
1516099307.86 0 0 0 0
1516099307.96 0 0 0 0
1516099308.06 0 0 0 0
1516099308.16 0 0 0 0
1516099308.26 0 0 0 0
1516099308.37 0 0 0 0
1516099308.46 0 0 0 0
1516099308.57 0 0 0 0
1516099308.66 0 0 0 0
1516099308.77 0 0 0 0
1516099308.86 0 0 0 0
1516099308.97 0 0 0 0
1516099309.07 0 0 0 0
1516099309.17 0 0 0 0
1516099309.27 0 0 0 0
1516099309.37 0 0 0 0
1516099309.48 0 0 0 0
1516099309.58 0 0 0 0
1516099309.68 0 0 0 0
1516099309.78 0 0 0 0
1516099309.88 0 0 0 0
1516099309.98 0 0 0 0
1516099310.08 0 0 0 0
1516099310.18 0 0 0 0
1516099310.28 0 0 0 0
1516099310.38 0 0 0 0
1516099310.48 0 0 0 0
1516099310.58 0 0 0 0
1516099310.68 0 0 0 0
1516099310.78 0 0 0 0
1516099310.88 0 0 0 0
1516099310.98 0 0 0 0
1516099311.08 0 0 0 0
1516099311.18 0 0 0 0
1516099311.28 0 0 0 0
1516099311.38 0 0 0 0
1516099311.48 0 0 0 0
1516099311.58 0 0 0 0
1516099311.68 0 0 0 0
1516099311.78 0 0 0 0
1516099311.88 0 0 0 0
1516099311.98 0 0 0 0
1516099312.08 0 0 0 0
1516099312.18 0 0 0 0
1516099312.28 0 0 0 0
1516099312.38 0 0 0 0
1516099312.48 0 0 0 0
1516099312.58 0 0 0 0
1516099312.68 0 0 0 0
1516099312.78 0 0 0 0
1516099312.88 0 0 0 0
1516099312.98 0 0 0 0
1516099313.08 0 0 0 0
1516099313.18 0 0 0 0
1516099313.28 0 0 0 0
1516099313.39 0 0 0 0
1516099313.48 0 0 0 0
1516099313.58 0 0 0 0
1516099313.69 0 0 0 0
1516099313.78 0 0 0 0
1516099313.88 0 0 0 0
1516099313.99 0 0 0 0
1516099314.09 0 0 0 0
1516099314.19 0 0 0 0
1516099314.29 0 0 0 0
1516099314.39 0 0 0 0
1516099314.49 0 0 0 0
1516099314.59 0 0 0 0
1516099314.69 0 0 0 0
1516099314.79 0 0 0 0
1516099314.89 0 0 0 0
1516099314.99 0 0 0 0
1516099315.09 0 0 0 0
1516099315.19 0 0 0 0
1516099315.29 0 0 0 0
1516099315.39 0 0 0 0
1516099315.49 0 0 0 0
1516099315.59 0 0 0 0
1516099315.69 0 0 0 0
1516099315.79 0 0 0 0
1516099315.89 0 0 0 0
1516099315.99 0 0 0 0
1516099316.09 0 0 0 0
1516099316.19 0 0 0 0
1516099316.29 0 0 0 0
1516099316.39 0 0 0 0
1516099316.49 0 0 0 0
1516099316.59 0 0 0 0
1516099316.69 0 0 0 0
1516099316.79 0 0 0 0
1516099316.89 0 0 0 0
1516099316.99 0 0 0 0
1516099317.09 0 0 0 0
1516099317.19 0 0 0 0
1516099317.29 0 0 0 0
1516099317.39 0 0 0 0
1516099317.49 0 0 0 0
1516099317.59 0 0 0 0
1516099317.69 0 0 0 0
1516099317.79 0 0 0 0
1516099317.89 0 0 0 0
1516099317.99 0 0 0 0
1516099318.09 0 0 0 0
1516099318.2 0 0 0 0
1516099318.3 0 0 0 0
1516099318.4 0 0 0 0
1516099318.5 0 0 0 0
1516099318.6 0 0 0 0
1516099318.7 0 0 0 0
1516099318.8 0 0 0 0
1516099318.9 0 0 0 0
1516099319.0 0 0 0 0
1516099319.1 0 0 0 0
1516099319.2 0 0 0 0
1516099319.3 0 0 0 0
1516099319.4 0 0 0 0
1516099319.5 0 0 0 0
1516099319.6 0 0 0 0
1516099319.7 0 0 0 0
1516099319.8 0 0 0 0
1516099319.9 0 0 0 0
1516099320.01 0 0 0 0
1516099320.1 0 0 0 0
1516099320.21 0 0 0 0
1516099320.3 0 0 0 0
1516099320.4 0 0 0 0
1516099320.5 0 0 0 0
1516099320.6 0 0 0 0
1516099320.71 0 0 0 0
1516099320.81 0 0 0 0
1516099320.91 0 0 0 0
1516099321.01 0 0 0 0
1516099321.11 0 0 0 0
1516099321.2 0 0 0 0
1516099321.31 0 0 0 0
1516099321.41 0 0 0 0
1516099321.51 0 0 0 0
1516099321.61 0 0 0 0
1516099321.71 0 0 0 0
1516099321.81 0 0 0 0
1516099321.91 0 0 0 0
1516099322.01 0 0 0 0
1516099322.11 0 0 0 0
1516099322.21 0 0 0 0
1516099322.31 0 0 0 0
1516099322.41 0 0 0 0
1516099322.51 0 0 0 0
1516099322.61 0 0 0 0
1516099322.71 0 0 0 0
1516099322.81 0 0 0 0
1516099322.91 0 0 0 0
1516099323.01 0 0 0 0
1516099323.11 0 0 0 0
1516099323.21 0 0 0 0
1516099323.31 0 0 0 0
1516099323.41 0 0 0 0
1516099323.51 0 0 0 0
1516099323.61 0 0 0 0
1516099323.71 0 0 0 0
1516099323.81 0 0 0 0
1516099323.91 0 0 0 0
1516099324.01 0 0 0 0
1516099324.11 0 0 0 0
1516099324.22 0 0 0 0
1516099324.31 0 0 0 0
1516099324.41 0 0 0 0
1516099324.52 0 0 0 0
1516099324.61 0 0 0 0
1516099324.72 0 0 0 0
1516099324.81 0 0 0 0
1516099324.91 0 0 0 0
1516099325.02 0 0 0 0
1516099325.11 0 0 0 0
1516099325.22 0 0 0 0
1516099325.31 0 0 0 0
1516099325.41 0 0 0 0
1516099325.52 0 0 0 0
1516099325.61 0 0 0 0
1516099325.72 0 0 0 0
1516099325.82 0 0 0 0
1516099325.92 0 0 0 0
1516099326.02 0 0 0 0
1516099326.12 0 0 0 0
1516099326.22 0 0 0 0
1516099326.32 0 0 0 0
1516099326.42 0 0 0 0
1516099326.52 0 0 0 0
1516099326.62 0 0 0 0
1516099326.72 0 0 0 0
1516099326.82 0 0 0 0
1516099326.92 0 0 0 0
1516099327.02 0 0 0 0
1516099327.12 0 0 0 0
1516099327.22 0 0 0 0
1516099327.32 0 0 0 0
1516099327.42 0 0 0 0
1516099327.52 0 0 0 0
1516099327.62 0 0 0 0
1516099327.72 0 0 0 0
1516099327.82 0 0 0 0
1516099327.92 0 0 0 0
1516099328.02 0 0 0 0
1516099328.12 0 0 0 0
1516099328.22 0 0 0 0
1516099328.32 0 0 0 0
1516099328.42 0 0 0 0
1516099328.52 0 0 0 0
1516099328.62 0 0 0 0
1516099328.72 0 0 0 0
1516099328.82 0 0 0 0
1516099328.93 0 0 0 0
1516099329.03 0 0 0 0
1516099329.12 0 0 0 0
1516099329.23 0 0 0 0
1516099329.33 0 0 0 0
1516099329.43 0 0 0 0
1516099329.53 0 0 0 0
1516099329.63 0 0 0 0
1516099329.73 0 0 0 0
1516099329.83 0 0 0 0
1516099329.93 0 0 0 0
1516099330.03 0 0 0 0
1516099330.13 0 0 0 0
1516099330.23 0 0 0 0
1516099330.33 0 0 0 0
1516099330.43 0 0 0 0
1516099330.53 0 0 0 0
1516099330.63 0 0 0 0
1516099330.73 0 0 0 0
1516099330.83 0 0 0 0
1516099330.93 0 0 0 0
1516099331.03 0 0 0 0
1516099331.13 0 0 0 0
1516099331.23 0 0 0 0
1516099331.33 0 0 0 0
1516099331.43 0 0 0 0
1516099331.53 0 0 0 0
1516099331.63 0 0 0 0
1516099331.73 0 0 0 0
1516099331.83 0 0 0 0
1516099331.93 0 0 0 0
1516099332.03 0 0 0 0
1516099332.13 0 0 0 0
1516099332.23 0 0 0 0
1516099332.33 0 0 0 0
1516099332.43 0 0 0 0
1516099332.53 0 0 0 0
1516099332.63 0 0 0 0
1516099332.73 0 0 0 0
1516099332.83 0 0 0 0
1516099332.93 0 0 0 0
1516099333.03 0 0 0 0
1516099333.14 0 0 0 0
1516099333.23 0 0 0 0
1516099333.33 0 0 0 0
1516099333.43 0 0 0 0
1516099333.53 0 0 0 0
1516099333.63 0 0 0 0
1516099333.73 0 0 0 0
1516099333.83 0 0 0 0
1516099333.93 0 0 0 0
1516099334.03 0 0 0 0
1516099334.13 0 0 0 0
1516099334.24 0 0 0 0
1516099334.34 0 0 0 0
1516099334.44 0 0 0 0
1516099334.54 0 0 0 0
1516099334.63 0 0 0 0
1516099334.74 0 0 0 0
1516099334.84 0 0 0 0
1516099334.94 0 0 0 0
1516099335.04 0 0 0 0
1516099335.14 0 0 0 0
1516099335.24 0 0 0 0
1516099335.34 0 0 0 0
1516099335.44 0 0 0 0
1516099335.54 0 0 0 0
1516099335.64 0 0 0 0
1516099335.74 0 0 0 0
1516099335.84 0 0 0 0
1516099335.94 0 0 0 0
1516099336.04 0 0 0 0
1516099336.14 0 0 0 0
1516099336.24 0 0 0 0
1516099336.34 0 0 0 0
1516099336.44 0 0 0 0
1516099336.54 0 0 0 0
1516099336.64 0 0 0 0
1516099336.74 0 0 0 0
1516099336.84 0 0 0 0
1516099336.94 0 0 0 0
1516099337.04 0 0 0 0
1516099337.14 0 0 0 0
1516099337.24 0 0 0 0
1516099337.34 0 0 0 0
1516099337.44 0 0 0 0
1516099337.54 0 0 0 0
1516099337.64 0 0 0 0
1516099337.75 0 0 0 0
1516099337.85 0 0 0 0
1516099337.95 0 0 0 0
1516099338.05 0 0 0 0
1516099338.15 0 0 0 0
1516099338.24 0 0 0 0
1516099338.35 0 0 0 0
1516099338.45 0 0 0 0
1516099338.55 0 0 0 0
1516099338.65 0 0 0 0
1516099338.75 0 0 0 0
1516099338.85 0 0 0 0
1516099338.95 0 0 0 0
1516099339.05 0 0 0 0
1516099339.15 0 0 0 0
1516099339.25 0 0 0 0
1516099339.35 0 0 0 0
1516099339.45 0 0 0 0
1516099339.55 0 0 0 0
1516099339.65 0 0 0 0
1516099339.75 0 0 0 0
1516099339.85 0 0 0 0
1516099339.95 0 0 0 0
1516099340.05 0 0 0 0
1516099340.15 0 0 0 0
1516099340.25 0 0 0 0
1516099340.35 0 0 0 0
1516099340.45 0 0 0 0
1516099340.55 0 0 0 0
1516099340.65 0 0 0 0
1516099340.75 0 0 0 0
1516099340.85 0 0 0 0
1516099340.95 0 0 0 0
1516099341.05 0 0 0 0
1516099341.15 0 0 0 0
1516099341.25 0 0 0 0
1516099341.35 0 0 0 0
1516099341.45 0 0 0 0
1516099341.55 0 0 0 0
1516099341.65 0 0 0 0
1516099341.75 0 0 0 0
1516099341.85 0 0 0 0
1516099341.95 0 0 0 0
1516099342.05 0 0 0 0
1516099342.15 0 0 0 0
1516099342.25 0 0 0 0
1516099342.36 0 0 0 0
1516099342.45 0 0 0 0
1516099342.55 0 0 0 0
1516099342.65 0 0 0 0
1516099342.76 0 0 0 0
1516099342.85 0 0 0 0
1516099342.96 0 0 0 0
1516099343.06 0 0 0 0
1516099343.16 0 0 0 0
1516099343.26 0 0 0 0
1516099343.36 0 0 0 0
1516099343.47 0 0 0 0
1516099343.57 0 0 0 0
1516099343.67 0 0 0 0
1516099343.77 0 0 0 0
1516099343.88 0 0 0 0
1516099343.98 0 0 0 0
1516099344.07 0 0 0 0
1516099344.17 0 0 0 0
1516099344.27 0 0 0 0
1516099344.37 0 0 0 0
1516099344.47 0 0 0 0
1516099344.57 0 0 0 0
1516099344.67 0 0 0 0
1516099344.77 0 0 0 0
1516099344.87 0 0 0 0
1516099344.97 0 0 0 0
1516099345.07 0 0 0 0
1516099345.17 0 0 0 0
1516099345.27 0 0 0 0
1516099345.37 0 0 0 0
1516099345.48 0 0 0 0
1516099345.57 0 0 0 0
1516099345.68 0 0 0 0
1516099345.78 0 0 0 0
1516099345.88 0 0 0 0
1516099345.98 0 0 0 0
1516099346.08 0 0 0 0
1516099346.18 0 0 0 0
1516099346.28 0 0 0 0
1516099346.38 0 0 0 0
1516099346.48 0 0 0 0
1516099346.58 0 0 0 0
1516099346.68 0 0 0 0
1516099346.78 0 0 0 0
1516099346.88 0 0 0 0
1516099346.98 0 0 0 0
1516099347.08 0 0 0 0
1516099347.18 0 0 0 0
1516099347.28 0 0 0 0
1516099347.38 0 0 0 0
1516099347.48 0 0 0 0
1516099347.58 0 0 0 0
1516099347.68 0 0 0 0
1516099347.78 0 0 0 0
1516099347.88 0 0 0 0
1516099347.98 0 0 0 0
1516099348.08 0 0 0 0
1516099348.18 0 0 0 0
1516099348.28 0 0 0 0
1516099348.38 0 0 0 0
1516099348.48 0 0 0 0
1516099348.58 0 0 0 0
1516099348.68 0 0 0 0
1516099348.78 0 0 0 0
1516099348.88 0 0 0 0
1516099348.98 0 0 0 0
1516099349.08 0 0 0 0
1516099349.18 0 0 0 0
1516099349.28 0 0 0 0
1516099349.38 0 0 0 0
1516099349.48 0 0 0 0
1516099349.58 0 0 0 0
1516099349.68 0 0 0 0
1516099349.79 0 0 0 0
1516099349.89 0 0 0 0
1516099349.99 0 0 0 0
1516099350.09 0 0 0 0
1516099350.19 0 0 0 0
1516099350.29 0 0 0 0
1516099350.39 0 0 0 0
1516099350.49 0 0 0 0
1516099350.59 0 0 0 0
1516099350.69 0 0 0 0
1516099350.79 0 0 0 0
1516099350.89 0 0 0 0
1516099350.99 0 0 0 0
1516099351.09 0 0 0 0
1516099351.19 0 0 0 0
1516099351.29 0 0 0 0
1516099351.39 0 0 0 0
1516099351.49 0 0 0 0
1516099351.59 0 0 0 0
1516099351.69 0 0 0 0
1516099351.79 0 0 0 0
1516099351.89 0 0 0 0
1516099351.99 0 0 0 0
1516099352.09 0 0 0 0
1516099352.19 0 0 0 0
1516099352.29 0 0 0 0
1516099352.39 0 0 0 0
1516099352.49 0 0 0 0
1516099352.59 0 0 0 0
1516099352.69 0 0 0 0
1516099352.79 0 0 0 0
1516099352.89 0 0 0 0
1516099352.99 0 0 0 0
1516099353.09 0 0 0 0
1516099353.19 0 0 0 0
1516099353.29 0 0 0 0
1516099353.39 0 0 0 0
1516099353.49 0 0 0 0
1516099353.59 0 0 0 0
1516099353.69 0 0 0 0
1516099353.79 0 0 0 0
1516099353.89 0 0 0 0
1516099353.99 0 0 0 0
1516099354.09 0 0 0 0
1516099354.19 0 0 0 0
1516099354.29 0 0 0 0
1516099354.39 0 0 0 0
1516099354.49 0 0 0 0
1516099354.59 0 0 0 0
1516099354.7 0 0 0 0
1516099354.79 0 0 0 0
1516099354.9 0 0 0 0
1516099354.99 0 0 0 0
1516099355.09 0 0 0 0
1516099355.2 0 0 0 0
1516099355.3 0 0 0 0
1516099355.4 0 0 0 0
1516099355.5 0 0 0 0
1516099355.6 0 0 0 0
1516099355.7 0 0 0 0
1516099355.8 0 0 0 0
1516099355.9 0 0 0 0
1516099356.0 0 0 0 0
1516099356.1 0 0 0 0
1516099356.2 0 0 0 0
1516099356.31 0 0 0 0
1516099356.4 0 0 0 0
1516099356.5 0 0 0 0
1516099356.6 0 0 0 0
1516099356.7 0 0 0 0
1516099356.8 0 0 0 0
1516099356.9 0 0 0 0
1516099357.0 0 0 0 0
1516099357.1 0 0 0 0
1516099357.2 0 0 0 0
1516099357.3 0 0 0 0
1516099357.4 0 0 0 0
1516099357.51 0 0 0 0
1516099357.6 0 0 0 0
1516099357.7 0 0 0 0
1516099357.8 0 0 0 0
1516099357.9 0 0 0 0
1516099358.0 0 0 0 0
1516099358.11 0 0 0 0
1516099358.2 0 0 0 0
1516099358.31 0 0 0 0
1516099358.4 0 0 0 0
1516099358.5 0 0 0 0
1516099358.6 0 0 0 0
1516099358.71 0 0 0 0
1516099358.8 0 0 0 0
1516099358.91 0 0 0 0
1516099359.01 0 0 0 0
1516099359.1 0 0 0 0
1516099359.2 0 0 0 0
1516099359.31 0 0 0 0
1516099359.4 0 0 0 0
1516099359.51 0 0 0 0
1516099359.6 0 0 0 0
1516099359.71 0 0 0 0
1516099359.81 0 0 0 0
1516099359.91 0 0 0 0
1516099360.0 0 0 0 0
1516099360.11 0 0 0 0
1516099360.21 0 0 0 0
1516099360.31 0 0 0 0
1516099360.41 0 0 0 0
1516099360.51 0 0 0 0
1516099360.61 0 0 0 0
1516099360.71 0 0 0 0
1516099360.81 0 0 0 0
1516099360.91 0 0 0 0
1516099361.01 0 0 0 0
1516099361.11 0 0 0 0
1516099361.21 0 0 0 0
1516099361.31 0 0 0 0
1516099361.41 0 0 0 0
1516099361.51 0 0 0 0
1516099361.61 0 0 0 0
1516099361.71 0 0 0 0
1516099361.81 0 0 0 0
1516099361.91 0 0 0 0
1516099362.01 0 0 0 0
1516099362.11 0 0 0 0
1516099362.21 0 0 0 0
1516099362.31 0 0 0 0
1516099362.41 0 0 0 0
1516099362.52 0 0 0 0
1516099362.61 0 0 0 0
1516099362.71 0 0 0 0
1516099362.81 0 0 0 0
1516099362.92 0 0 0 0
1516099363.01 0 0 0 0
1516099363.11 0 0 0 0
1516099363.21 0 0 0 0
1516099363.32 0 0 0 0
1516099363.41 0 0 0 0
1516099363.52 0 0 0 0
1516099363.61 0 0 0 0
1516099363.72 0 0 0 0
1516099363.81 0 0 0 0
1516099363.92 0 0 0 0
1516099364.01 0 0 0 0
1516099364.12 0 0 0 0
1516099364.21 0 0 0 0
1516099364.31 0 0 0 0
1516099364.42 0 0 0 0
1516099364.51 0 0 0 0
1516099364.61 0 0 0 0
1516099364.71 0 0 0 0
1516099364.81 0 0 0 0
1516099364.92 0 0 0 0
1516099365.01 0 0 0 0
1516099365.12 0 0 0 0
1516099365.21 0 0 0 0
1516099365.32 0 0 0 0
1516099365.42 0 0 0 0
1516099365.52 0 0 0 0
1516099365.61 0 0 0 0
1516099365.72 0 0 0 0
1516099365.82 0 0 0 0
1516099365.92 0 0 0 0
1516099366.02 0 0 0 0
1516099366.12 0 0 0 0
1516099366.22 0 0 0 0
1516099366.32 0 0 0 0
1516099366.42 0 0 0 0
1516099366.52 0 0 0 0
1516099366.62 0 0 0 0
1516099366.73 0 0 0 0
1516099366.83 0 0 0 0
1516099366.93 0 0 0 0
1516099367.03 0 0 0 0
1516099367.13 0 0 0 0
1516099367.23 0 0 0 0
1516099367.33 0 0 0 0
1516099367.43 0 0 0 0
1516099367.53 0 0 0 0
1516099367.63 0 0 0 0
1516099367.73 0 0 0 0
1516099367.83 0 0 0 0
1516099367.93 0 0 0 0
1516099368.03 0 0 0 0
1516099368.13 0 0 0 0
1516099368.23 0 0 0 0
1516099368.33 0 0 0 0
1516099368.43 0 0 0 0
1516099368.53 0 0 0 0
1516099368.63 0 0 0 0
1516099368.73 0 0 0 0
1516099368.83 0 0 0 0
1516099368.93 0 0 0 0
1516099369.03 0 0 0 0
1516099369.13 0 0 0 0
1516099369.23 0 0 0 0
1516099369.33 0 0 0 0
1516099369.43 0 0 0 0
1516099369.53 0 0 0 0
1516099369.63 0 0 0 0
1516099369.73 0 0 0 0
1516099369.83 0 0 0 0
1516099369.93 0 0 0 0
1516099370.03 0 0 0 0
1516099370.13 0 0 0 0
1516099370.23 0 0 0 0
1516099370.33 0 0 0 0
1516099370.44 0 0 0 0
1516099370.53 0 0 0 0
1516099370.64 0 0 0 0
1516099370.74 0 0 0 0
1516099370.84 0 0 0 0
1516099370.94 0 0 0 0
1516099371.04 0 0 0 0
1516099371.14 0 0 0 0
1516099371.24 0 0 0 0
1516099371.34 0 0 0 0
1516099371.44 0 0 0 0
1516099371.54 0 0 0 0
1516099371.64 0 0 0 0
1516099371.74 0 0 0 0
1516099371.84 0 0 0 0
1516099371.94 0 0 0 0
1516099372.04 0 0 0 0
1516099372.14 0 0 0 0
1516099372.24 0 0 0 0
1516099372.34 0 0 0 0
1516099372.44 0 0 0 0
1516099372.54 0 0 0 0
1516099372.64 0 0 0 0
1516099372.74 0 0 0 0
1516099372.84 0 0 0 0
1516099372.94 0 0 0 0
1516099373.04 0 0 0 0
1516099373.14 0 0 0 0
1516099373.24 0 0 0 0
1516099373.34 0 0 0 0
1516099373.44 0 0 0 0
1516099373.54 0 0 0 0
1516099373.64 0 0 0 0
1516099373.74 0 0 0 0
1516099373.84 0 0 0 0
1516099373.94 0 0 0 0
1516099374.04 0 0 0 0
1516099374.14 0 0 0 0
1516099374.24 0 0 0 0
1516099374.34 0 0 0 0
1516099374.44 0 0 0 0
1516099374.54 0 0 0 0
1516099374.64 0 0 0 0
1516099374.74 0 0 0 0
1516099374.84 0 0 0 0
1516099374.95 0 0 0 0
1516099375.04 0 0 0 0
1516099375.14 0 0 0 0
1516099375.24 0 0 0 0
1516099375.34 0 0 0 0
1516099375.44 0 0 0 0
1516099375.55 0 0 0 0
1516099375.65 0 0 0 0
1516099375.75 0 0 0 0
1516099375.85 0 0 0 0
1516099375.95 0 0 0 0
1516099376.05 0 0 0 0
1516099376.15 0 0 0 0
1516099376.25 0 0 0 0
1516099376.35 0 0 0 0
1516099376.45 0 0 0 0
1516099376.55 0 0 0 0
1516099376.65 0 0 0 0
1516099376.75 0 0 0 0
1516099376.85 0 0 0 0
1516099376.95 0 0 0 0
1516099377.05 0 0 0 0
1516099377.15 0 0 0 0
1516099377.25 0 0 0 0
1516099377.35 0 0 0 0
1516099377.45 0 0 0 0
1516099377.55 0 0 0 0
1516099377.65 0 0 0 0
1516099377.75 0 0 0 0
1516099377.85 0 0 0 0
1516099377.95 0 0 0 0
1516099378.05 0 0 0 0
1516099378.15 0 0 0 0
1516099378.25 0 0 0 0
1516099378.35 0 0 0 0
1516099378.45 0 0 0 0
1516099378.55 0 0 0 0
1516099378.65 0 0 0 0
1516099378.75 0 0 0 0
1516099378.85 0 0 0 0
1516099378.95 0 0 0 0
1516099379.05 0 0 0 0
1516099379.15 0 0 0 0
1516099379.25 0 0 0 0
1516099379.35 0 0 0 0
1516099379.45 0 0 0 0
1516099379.55 0 0 0 0
1516099379.65 0 0 0 0
1516099379.75 0 0 0 0
1516099379.85 0 0 0 0
1516099379.95 0 0 0 0
1516099380.05 0 0 0 0
1516099380.15 0 0 0 0
1516099380.26 0 0 0 0
1516099380.35 0 0 0 0
1516099380.46 0 0 0 0
1516099380.55 0 0 0 0
1516099380.66 0 0 0 0
1516099380.76 0 0 0 0
1516099380.85 0 0 0 0
1516099380.95 0 0 0 0
1516099381.06 0 0 0 0
1516099381.15 0 0 0 0
1516099381.25 0 0 0 0
1516099381.36 0 0 0 0
1516099381.46 0 0 0 0
1516099381.56 0 0 0 0
1516099381.65 0 0 0 0
1516099381.76 0 0 0 0
1516099381.86 0 0 0 0
1516099381.96 0 0 0 0
1516099382.06 0 0 0 3540
1516099382.16 0 0 0 0
1516099382.26 0 0 0 0
1516099382.36 0 0 0 0
1516099382.46 0 0 0 0
1516099382.56 0 0 0 0
1516099382.66 0 0 0 0
1516099382.76 0 0 0 0
1516099382.86 0 0 0 0
1516099382.96 0 0 0 0
1516099383.06 0 0 0 590
1516099383.16 0 0 0 0
1516099383.26 0 0 0 0
1516099383.36 0 0 0 0
1516099383.46 0 0 0 0
1516099383.56 0 0 0 0
1516099383.66 0 0 0 0
1516099383.76 0 0 0 0
1516099383.86 0 0 0 0
1516099383.96 0 0 0 590
1516099384.06 0 0 0 0
1516099384.16 0 0 0 0
1516099384.26 0 0 0 0
1516099384.36 0 0 0 0
1516099384.46 0 0 0 0
1516099384.56 0 0 0 0
1516099384.66 0 0 0 0
1516099384.76 0 0 0 0
1516099384.86 0 0 0 0
1516099384.96 0 0 0 0
1516099385.06 0 0 0 0
1516099385.16 0 0 0 0
1516099385.26 0 0 0 0
1516099385.36 0 0 0 0
1516099385.46 0 0 0 0
1516099385.56 0 0 0 0
1516099385.66 0 0 0 0
1516099385.76 0 0 0 0
1516099385.86 0 0 0 0
1516099385.96 0 0 0 0
1516099386.06 0 0 0 0
1516099386.16 0 0 0 0
1516099386.26 0 0 0 0
1516099386.36 0 0 0 0
1516099386.46 0 0 0 0
1516099386.56 0 0 0 0
1516099386.66 0 0 0 0
1516099386.76 0 0 0 0
1516099386.86 0 0 0 0
1516099386.96 0 0 0 0
1516099387.06 0 0 0 0
1516099387.16 0 0 0 0
1516099387.26 0 0 0 0
1516099387.36 0 0 0 0
1516099387.46 0 0 0 0
1516099387.56 0 0 0 0
1516099387.66 0 0 0 0
1516099387.76 0 0 0 0
1516099387.86 0 0 0 0
1516099387.96 0 0 0 0
1516099388.07 0 0 0 0
1516099388.17 0 0 0 0
1516099388.27 0 0 0 0
1516099388.37 0 0 0 0
1516099388.48 0 0 0 0
1516099388.58 0 0 0 0
1516099388.68 0 0 0 0
1516099388.8 0 0 0 0
1516099388.92 0 0 0 0
1516099389.01 0 0 0 0
1516099389.12 0 0 0 0
1516099389.21 0 0 0 0
1516099389.32 0 0 0 0
1516099389.43 0 0 0 0
1516099389.55 0 0 0 0
1516099389.65 0 0 0 0
1516099389.75 0 0 0 0
1516099389.85 0 0 0 0
1516099389.95 0 0 0 0
1516099390.05 0 0 0 0
1516099390.15 0 0 0 0
1516099390.25 0 0 0 0
1516099390.35 0 0 0 0
1516099390.46 0 0 0 0
1516099390.55 0 0 0 0
1516099390.65 0 0 0 0
1516099390.75 0 0 0 0
1516099390.85 0 0 0 0
1516099390.96 0 0 0 0
1516099391.06 0 0 0 0
1516099391.16 0 0 0 0
1516099391.26 0 0 0 0
1516099391.38 0 0 0 0
1516099391.51 0 0 0 0
1516099391.61 0 0 0 0
1516099391.71 0 0 0 0
1516099391.81 0 0 0 0
1516099391.91 0 0 0 0
1516099392.03 0 0 0 0
1516099392.14 0 0 0 0
1516099392.23 0 0 0 0
1516099392.33 0 0 0 0
1516099392.43 0 0 0 0
1516099392.54 0 0 0 0
1516099392.64 0 0 0 0
1516099392.74 0 0 0 0
1516099392.84 0 0 0 0
1516099392.94 0 0 0 0
1516099393.04 0 0 0 0
1516099393.15 0 0 0 0
1516099393.27 0 0 0 0
1516099393.37 0 0 0 0
1516099393.47 0 0 0 0
1516099393.57 0 0 0 0
1516099393.67 0 0 0 0
1516099393.79 0 0 0 0
1516099393.9 0 0 0 0
1516099394.0 0 0 0 0
1516099394.1 0 0 0 0
1516099394.2 0 0 0 0
1516099394.3 0 0 0 0
1516099394.4 0 0 0 0
1516099394.5 0 0 0 0
1516099394.6 0 0 0 0
1516099394.7 0 0 0 0
1516099394.8 0 0 0 0
1516099394.91 0 0 0 0
1516099395.01 0 0 0 0
1516099395.1 0 0 0 0
1516099395.2 0 0 0 0
1516099395.3 0 0 0 0
1516099395.41 0 0 0 0
1516099395.51 0 0 0 0
1516099395.61 0 0 0 0
1516099395.71 0 0 0 0
1516099395.81 0 0 0 0
1516099395.91 0 0 0 0
1516099396.01 0 0 0 0
1516099396.11 0 0 0 0
1516099396.21 0 0 0 0
1516099396.33 0 0 0 0
1516099396.45 0 0 0 0
1516099396.55 0 0 0 0
1516099396.65 0 0 0 0
1516099396.75 0 0 0 0
1516099396.85 0 0 0 0
1516099396.95 0 0 0 0
1516099397.05 0 0 0 0
1516099397.15 0 0 0 0
1516099397.25 0 0 0 0
1516099397.35 0 0 0 0
1516099397.45 0 0 0 0
1516099397.55 0 0 0 0
1516099397.66 0 0 0 0
1516099397.78 0 0 0 0
1516099397.88 0 0 0 0
1516099397.99 0 0 0 0
1516099398.14 0 0 0 0
1516099398.24 0 0 0 0
1516099398.34 0 0 0 0
1516099398.44 0 0 0 0
1516099398.54 0 0 0 0
1516099398.64 0 0 0 0
1516099398.74 0 0 0 0
1516099398.84 0 0 0 0
1516099398.95 0 0 0 0
1516099399.07 0 0 0 0
1516099399.17 0 0 0 0
1516099399.27 0 0 0 0
1516099399.37 0 0 0 0
1516099399.47 0 0 0 0
1516099399.57 0 0 0 0
1516099399.67 0 0 0 0
1516099399.77 0 0 0 0
1516099399.88 0 0 0 0
1516099399.98 0 0 0 0
1516099400.07 0 0 0 0
1516099400.17 0 0 0 0
1516099400.28 0 0 0 0
1516099400.38 0 0 0 0
1516099400.48 0 0 0 0
1516099400.57 0 0 0 0
1516099400.67 0 0 0 0
1516099400.77 0 0 0 0
1516099400.87 0 0 0 0
1516099400.97 0 0 0 0
1516099401.08 0 0 0 0
1516099401.18 0 0 0 0
1516099401.28 0 0 0 0
1516099401.38 0 0 0 0
1516099401.48 0 0 0 0
1516099401.58 0 0 0 0
1516099401.68 0 0 0 0
1516099401.77 0 0 0 0
1516099401.89 0 0 0 0
1516099401.97 0 0 0 0
1516099402.09 0 0 0 0
1516099402.18 0 0 0 0
1516099402.27 0 0 0 0
1516099402.39 0 0 0 0
1516099402.48 0 0 0 0
1516099402.58 0 0 0 0
1516099402.69 0 0 0 0
1516099402.78 0 0 0 0
1516099402.88 0 0 0 0
1516099402.99 0 0 0 0
1516099403.07 0 0 0 0
1516099403.18 0 0 0 0
1516099403.27 0 0 0 0
1516099403.37 0 0 0 0
1516099403.49 0 0 0 0
1516099403.57 0 0 0 0
1516099403.68 0 0 0 0
1516099403.77 0 0 0 0
1516099403.89 0 0 0 0
