1512203915.24 2500.0 2700.0
1512203915.33 2500.0 2880.0
1512203915.44 2500.0 3042.0
1512203915.54 2500.0 3187.8
1512203915.63 2500.0 3319.02
1512203915.74 2500.0 3437.118
1512203915.84 2500.0 3543.4062
1512203915.94 2500.0 3639.06558
1512203916.04 2500.0 3725.159022
1512203916.14 2500.0 3802.6431198
1512203916.24 2500.0 3872.37880782
1512203916.34 2500.0 3935.14092704
1512203916.44 2500.0 3991.62683433
1512203916.54 2500.0 4042.4641509
1512203916.64 2500.0 4088.21773581
1512203916.74 2500.0 4129.39596223
1512203916.84 2500.0 4166.45636601
1512203916.94 2500.0 4199.81072941
1512203917.04 2500.0 4229.82965647
1512203917.14 2500.0 4256.84669082
1512203917.24 2500.0 4281.16202174
1512203917.34 2500.0 4303.04581956
1512203917.44 2500.0 4322.74123761
1512203917.54 2500.0 4340.46711385
1512203917.64 2500.0 4356.42040246
1512203917.74 2500.0 4370.77836222
1512203917.84 2500.0 4383.70052599
1512203917.94 2500.0 4395.33047339
1512203918.04 2500.0 4405.79742606
1512203918.14 2500.0 4415.21768345
1512203918.24 2500.0 4423.6959151
1512203918.34 2500.0 4431.32632359
1512203918.44 2500.0 4438.19369123
1512203918.54 2500.0 4444.37432211
1512203918.64 2500.0 4449.9368899
1512203918.74 2500.0 4454.94320091
1512203918.84 2500.0 4459.44888082
1512203918.94 2500.0 4463.50399274
1512203919.04 2500.0 4467.15359346
1512203919.14 2500.0 4470.43823412
1512203919.24 2500.0 4473.39441071
1512203919.34 2500.0 4476.05496963
1512203919.44 2500.0 4478.44947267
1512203919.55 2500.0 4480.6045254
1512203919.65 2500.0 4482.54407286
1512203919.75 2500.0 4484.28966558
1512203919.84 2500.0 4485.86069902
1512203919.94 2500.0 4487.27462912
1512203920.04 2500.0 4488.54716621
1512203920.15 2500.0 4489.69244959
1512203920.24 2500.0 4490.72320463
1512203920.34 2500.0 4491.65088416
1512203920.45 2500.0 4492.48579575
1512203920.54 2500.0 4493.23721617
1512203920.64 2500.0 4493.91349456
1512203920.75 2500.0 4494.5221451
1512203920.84 2500.0 4495.06993059
1512203920.95 2500.0 4495.56293753
1512203921.05 2500.0 4496.00664378
1512203921.15 2500.0 4496.4059794
1512203921.24 2500.0 4496.76538146
1512203921.35 2500.0 4497.08884331
1512203921.44 2500.0 4497.37995898
1512203921.55 2500.0 4497.64196308
1512203921.65 2500.0 4497.87776678
1512203921.75 2500.0 4498.0899901
1512203921.85 2500.0 4498.28099109
1512203921.95 2500.0 4498.45289198
1512203922.05 2500.0 4498.60760278
1512203922.15 2500.0 4498.7468425
1512203922.25 2500.0 4498.87215825
1512203922.35 2500.0 4498.98494243
1512203922.45 2500.0 4499.08644819
1512203922.55 2500.0 4499.17780337
1512203922.65 2500.0 4499.26002303
1512203922.75 2500.0 4499.33402073
1512203922.85 2500.0 4499.40061865
1512203922.95 2500.0 4499.46055679
1512203923.05 2500.0 4499.51450111
1512203923.15 2500.0 4499.563051
1512203923.25 2500.0 4499.6067459
1512203923.36 2500.0 4499.64607131
1512203923.46 2500.0 4499.68146418
1512203923.55 2500.0 4499.71331776
1512203923.65 2500.0 4499.74198598
1512203923.75 2500.0 4499.76778739
1512203923.85 2500.0 4499.79100865
1512203923.95 2500.0 4499.81190778
1512203924.05 2500.0 4499.830717
1512203924.15 2500.0 4499.8476453
1512203924.25 2500.0 4499.86288077
1512203924.35 2500.0 4499.8765927
1512203924.45 2500.0 4499.88893343
1512203924.56 2500.0 4499.90004008
1512203924.66 2500.0 4499.91003608
1512203924.75 2500.0 4499.91903247
1512203924.86 2500.0 4499.92712922
1512203924.95 2500.0 4499.9344163
1512203925.06 2500.0 4499.94097467
1512203925.16 2500.0 4499.9468772
1512203925.26 2500.0 4499.95218948
1512203925.35 2500.0 4499.95697053
1512203925.45 2500.0 4499.96127348
1512203925.55 2500.0 4499.96514613
1512203925.66 2500.0 4499.96863152
1512203925.76 2500.0 4499.97176837
1512203925.86 2500.0 4499.97459153
1512203925.95 2500.0 4499.97713238
1512203926.06 2500.0 4499.97941914
1512203926.16 2500.0 4499.98147723
1512203926.26 2500.0 4499.9833295
1512203926.36 2500.0 4499.98499655
1512203926.46 2500.0 4499.9864969
1512203926.56 2500.0 4499.98784721
1512203926.66 2500.0 4499.98906249
1512203926.76 2500.0 4499.99015624
1512203926.86 2500.0 4499.99114061
1512203926.96 2500.0 4499.99202655
1512203927.06 2500.0 4499.9928239
1512203927.16 2500.0 4499.99354151
1512203927.26 2500.0 4499.99418736
1512203927.36 2500.0 4499.99476862
1512203927.46 2500.0 4499.99529176
1512203927.56 2500.0 4499.99576258
1512203927.66 2500.0 4499.99618633
1512203927.76 2500.0 4499.99656769
1512203927.86 2500.0 4499.99691092
1512203927.96 2500.0 4499.99721983
1512203928.06 2500.0 4499.99749785
1512203928.16 2500.0 4499.99774806
1512203928.26 2500.0 4499.99797326
1512203928.36 2500.0 4499.99817593
1512203928.46 2500.0 4499.99835834
1512203928.56 2500.0 4499.9985225
1512203928.66 2500.0 4499.99867025
1512203928.76 2500.0 4499.99880323
1512203928.86 2500.0 4499.99892291
1512203928.96 2500.0 4499.99903061
1512203929.06 2500.0 4499.99912755
1512203929.16 2500.0 4499.9992148
1512203929.26 2500.0 4499.99929332
1512203929.36 2500.0 4499.99936399
1512203929.46 2500.0 4499.99942759
1512203929.56 2500.0 4499.99948483
1512203929.67 2500.0 4499.99953635
1512203929.76 2500.0 4499.99958271
1512203929.86 2500.0 4499.99962444
1512203929.96 2500.0 4499.999662
1512203930.06 2500.0 4499.9996958
1512203930.16 2500.0 4499.99972622
1512203930.27 2500.0 4499.9997536
1512203930.36 2500.0 4499.99977824
1512203930.46 2500.0 4499.99980041
1512203930.57 2500.0 4499.99982037
1512203930.67 2500.0 4499.99983833
1512203930.77 2500.0 4499.9998545
1512203930.87 2500.0 4499.99986905
1512203930.97 2500.0 4499.99988215
1512203931.07 2500.0 4499.99989393
1512203931.17 2500.0 4499.99990454
1512203931.27 2500.0 4499.99991408
1512203931.36 2500.0 4499.99992268
1512203931.47 2500.0 4499.99993041
1512203931.57 2500.0 4499.99993737
1512203931.67 2500.0 4499.99994363
1512203931.77 2500.0 4499.99994927
1512203931.87 2500.0 4499.99995434
1512203931.97 2500.0 4499.99995891
1512203932.07 2500.0 4499.99996302
1512203932.17 2500.0 4499.99996671
1512203932.27 2500.0 4499.99997004
1512203932.37 2500.0 4499.99997304
1512203932.47 2500.0 4499.99997573
1512203932.57 2500.0 4499.99997816
1512203932.67 2500.0 4499.99998035
1512203932.77 2500.0 4499.99998231
1512203932.87 2500.0 4499.99998408
1512203932.97 2500.0 4499.99998567
1512203933.07 2500.0 4499.9999871
1512203933.17 2500.0 4499.99998839
1512203933.27 2500.0 4499.99998955
1512203933.37 2500.0 4499.9999906
1512203933.47 2500.0 4499.99999154
1512203933.57 2500.0 4499.99999239
1512203933.67 2500.0 4499.99999315
1512203933.77 2500.0 4499.99999383
1512203933.87 2500.0 4499.99999445
1512203933.97 2500.0 4499.999995
1512203934.07 2500.0 4499.9999955
1512203934.17 2500.0 4499.99999595
1512203934.27 2500.0 4499.99999636
1512203934.37 2500.0 4499.99999672
1512203934.47 2500.0 4499.99999705
1512203934.58 2500.0 4499.99999734
1512203934.68 2500.0 4499.99999761
1512203934.77 2500.0 4499.99999785
1512203934.88 2500.0 4499.99999806
1512203934.98 2500.0 4499.99999826
1512203935.07 2500.0 4499.99999843
1512203935.17 2500.0 4499.99999859
1512203935.28 2500.0 4499.99999873
1512203935.37 2500.0 4499.99999886
1512203935.47 2500.0 4499.99999897
1512203935.57 2500.0 4499.99999907
1512203935.67 2500.0 4499.99999917
1512203935.77 2500.0 4499.99999925
1512203935.87 2500.0 4499.99999933
1512203935.98 2500.0 4499.99999939
1512203936.07 2500.0 4499.99999945
1512203936.17 2500.0 4499.99999951
1512203936.27 2500.0 4499.99999956
1512203936.38 2500.0 4499.9999996
1512203936.48 2500.0 4499.99999964
1512203936.58 2500.0 4499.99999968
1512203936.68 2500.0 4499.99999971
1512203936.78 2500.0 4499.99999974
1512203936.88 2500.0 4499.99999976
1512203936.98 2483.33333333 4499.99999979
1512203937.08 2467.0 4499.99999981
1512203937.18 2450.99333333 4499.99999983
1512203937.28 2451.97346667 4499.99999985
1512203937.38 2436.26733067 4499.99999986
1512203937.48 2420.87531739 4499.99999987
1512203937.58 2392.45781104 4499.99999989
1512203937.68 2377.94198815 4499.9999999
1512203937.78 2363.71648172 4499.99999991
1512203937.88 2336.44215209 4499.99999992
1512203937.98 2314.71330905 4499.99999993
1512203938.08 2318.41904286 4499.99999993
1512203938.18 2322.05066201 4499.99999994
1512203938.28 2300.60964877 4499.99999995
1512203938.38 2304.59745579 4499.99999995
1512203938.48 2308.50550668 4499.99999996
1512203938.58 2287.33539654 4499.99999996
1512203938.68 2291.58868861 4499.99999996
1512203938.78 2295.75691484 4499.99999997
1512203938.88 2274.84177654 4499.99999997
1512203938.99 2279.34494101 4499.99999997
1512203939.08 2283.75804219 4499.99999998
1512203939.19 2263.08288135 4499.99999998
1512203939.28 2267.82122372 4499.99999998
1512203939.38 2272.46479925 4499.99999998
1512203939.48 2252.01550326 4499.99999998
1512203939.58 2256.9751932 4499.99999999
1512203939.69 2261.83568933 4499.99999999
1512203939.78 2241.59897555 4499.99999999
1512203939.88 2246.76699603 4499.99999999
1512203939.98 2251.83165611 4499.99999999
1512203940.08 2231.79502299 4499.99999999
1512203940.18 2237.15912253 4499.99999999
1512203940.29 2242.41594008 4499.99999999
1512203940.38 2247.56762128 4499.99999999
1512203940.48 2252.61626885 4499.99999999
1512203940.58 2257.56394348 4500.0
1512203940.68 2262.41266461 4500.0
1512203940.78 2267.16441132 4500.0
1512203940.89 2271.82112309 4500.0
1512203940.99 2276.38470063 4500.0
1512203941.08 2280.85700661 4500.0
1512203941.19 2285.23986648 4500.0
1512203941.29 2289.53506915 4500.0
1512203941.39 2293.74436777 4500.0
1512203941.48 2297.86948041 4500.0
1512203941.59 2301.91209081 4500.0
1512203941.68 2305.87384899 4500.0
1512203941.79 2309.75637201 4500.0
1512203941.89 2313.56124457 4500.0
1512203941.99 2317.29001968 4500.0
1512203942.09 2320.94421928 4500.0
1512203942.19 2324.5253349 4500.0
1512203942.29 2328.0348282 4500.0
1512203942.39 2331.47413164 4500.0
1512203942.49 2334.844649 4500.0
1512203942.59 2338.14775602 4500.0
1512203942.69 2341.3848009 4500.0
1512203942.79 2344.55710489 4500.0
1512203942.89 2347.66596279 4500.0
1512203942.99 2350.71264353 4500.0
1512203943.09 2353.69839066 4500.0
1512203943.19 2356.62442285 4500.0
1512203943.29 2359.49193439 4500.0
1512203943.39 2362.3020957 4500.0
1512203943.49 2365.05605379 4500.0
1512203943.59 2367.75493271 4500.0
1512203943.69 2370.39983406 4500.0
1512203943.79 2372.99183738 4500.0
1512203943.89 2375.53200063 4500.0
1512203943.99 2378.02136062 4500.0
1512203944.09 2380.46093341 4500.0
1512203944.19 2382.85171474 4500.0
1512203944.29 2385.19468044 4500.0
1512203944.39 2387.49078683 4500.0
1512203944.49 2389.7409711 4500.0
1512203944.59 2391.94615168 4500.0
1512203944.69 2394.10722864 4500.0
1512203944.79 2396.22508407 4500.0
1512203944.9 2398.30058239 4500.0
1512203944.99 2400.33457074 4500.0
1512203945.09 2402.32787933 4500.0
1512203945.19 2404.28132174 4500.0
1512203945.29 2406.1956953 4500.0
1512203945.39 2408.0717814 4500.0
1512203945.49 2409.91034577 4500.0
1512203945.59 2411.71213885 4500.0
1512203945.69 2413.47789608 4500.0
1512203945.79 2415.20833816 4500.0
1512203945.89 2416.90417139 4500.0
1512203945.99 2418.56608796 4500.0
1512203946.09 2420.19476621 4500.0
1512203946.2 2421.79087088 4500.0
1512203946.3 2423.35505346 4500.0
1512203946.4 2424.88795239 4500.0
1512203946.5 2426.39019335 4500.0
1512203946.6 2427.86238948 4500.0
1512203946.7 2429.30514169 4500.0
1512203946.8 2430.71903886 4500.0
1512203946.89 2432.10465808 4500.0
1512203946.99 2433.46256492 4500.0
1512203947.1 2434.79331362 4500.0
1512203947.2 2436.09744735 4500.0
1512203947.3 2437.3754984 4500.0
1512203947.39 2438.62798843 4500.0
1512203947.5 2439.85542866 4500.0
1512203947.59 2441.05832009 4500.0
1512203947.7 2442.23715369 4500.0
1512203947.8 2443.39241061 4500.0
1512203947.89 2444.5245624 4500.0
1512203948.0 2445.63407115 4500.0
1512203948.1 2446.72138973 4500.0
1512203948.2 2447.78696194 4500.0
1512203948.3 2448.8312227 4500.0
1512203948.4 2449.85459824 4500.0
1512203948.5 2450.85750628 4500.0
1512203948.6 2451.84035615 4500.0
1512203948.7 2452.80354903 4500.0
1512203948.8 2453.74747805 4500.0
1512203948.9 2454.67252849 4500.0
1512203949.0 2455.57907792 4500.0
1512203949.1 2456.46749636 4500.0
1512203949.2 2457.33814643 4500.0
1512203949.3 2458.1913835 4500.0
1512203949.4 2459.02755583 4500.0
1512203949.5 2459.84700472 4500.0
1512203949.6 2460.65006462 4500.0
1512203949.7 2461.43706333 4500.0
1512203949.8 2462.20832206 4500.0
1512203949.9 2462.96415562 4500.0
1512203950.0 2463.70487251 4500.0
1512203950.1 2464.43077506 4500.0
1512203950.2 2465.14215956 4500.0
1512203950.3 2465.83931637 4500.0
1512203950.4 2466.52253004 4500.0
1512203950.5 2467.19207944 4500.0
1512203950.6 2467.84823785 4500.0
1512203950.71 2468.49127309 4500.0
1512203950.8 2469.12144763 4500.0
1512203950.9 2469.73901868 4500.0
1512203951.0 2470.34423831 4500.0
1512203951.1 2470.93735354 4500.0
1512203951.21 2471.51860647 4500.0
1512203951.3 2472.08823434 4500.0
1512203951.41 2472.64646965 4500.0
1512203951.5 2473.19354026 4500.0
1512203951.6 2473.72966945 4500.0
1512203951.7 2474.25507607 4500.0
1512203951.8 2474.76997454 4500.0
1512203951.9 2475.27457505 4500.0
1512203952.01 2475.76908355 4500.0
1512203952.11 2476.25370188 4500.0
1512203952.21 2476.72862784 4500.0
1512203952.3 2477.19405529 4500.0
1512203952.41 2477.65017418 4500.0
1512203952.51 2478.0971707 4500.0
1512203952.6 2478.53522728 4500.0
1512203952.71 2478.96452274 4500.0
1512203952.81 2479.38523228 4500.0
1512203952.91 2479.79752764 4500.0
1512203953.01 2480.20157708 4500.0
1512203953.11 2480.59754554 4500.0
1512203953.21 2480.98559463 4500.0
1512203953.31 2481.36588274 4500.0
1512203953.41 2481.73856508 4500.0
1512203953.51 2482.10379378 4500.0
1512203953.61 2482.46171791 4500.0
1512203953.71 2482.81248355 4500.0
1512203953.81 2483.15623388 4500.0
1512203953.91 2483.4931092 4500.0
1512203954.01 2483.82324702 4500.0
1512203954.11 2484.14678208 4500.0
1512203954.21 2484.46384643 4500.0
1512203954.31 2484.77456951 4500.0
1512203954.41 2485.07907812 4500.0
1512203954.51 2485.37749655 4500.0
1512203954.61 2485.66994662 4500.0
1512203954.71 2485.95654769 4500.0
1512203954.81 2486.23741674 4500.0
1512203954.91 2486.5126684 4500.0
1512203955.01 2486.78241503 4500.0
1512203955.12 2487.04676673 4500.0
1512203955.22 2487.3058314 4500.0
1512203955.32 2487.55971477 4500.0
1512203955.41 2487.80852047 4500.0
1512203955.52 2488.05235007 4500.0
1512203955.62 2488.29130306 4500.0
1512203955.72 2488.525477 4500.0
1512203955.82 2488.75496746 4500.0
1512203955.92 2488.97986811 4500.0
1512203956.02 2489.20027075 4500.0
1512203956.12 2489.41626534 4500.0
1512203956.22 2489.62794003 4500.0
1512203956.32 2489.83538123 4500.0
1512203956.43 2490.0386736 4500.0
1512203956.54 2490.23790013 4500.0
1512203956.62 2490.43314213 4500.0
1512203956.73 2490.62447929 4500.0
1512203956.83 2490.8119897 4500.0
1512203956.93 2490.99574991 4500.0
1512203957.03 2491.17583491 4500.0
1512203957.13 2491.35231821 4500.0
1512203957.24 2491.52527185 4500.0
1512203957.32 2491.69476641 4500.0
1512203957.43 2491.86087108 4500.0
1512203957.52 2492.02365366 4500.0
1512203957.63 2492.18318059 4500.0
1512203957.72 2492.33951697 4500.0
1512203957.83 2492.49272664 4500.0
1512203957.93 2492.6428721 4500.0
1512203958.02 2492.79001466 4500.0
1512203958.13 2492.93421437 4500.0
1512203958.23 2493.07553008 4500.0
1512203958.33 2493.21401948 4500.0
1512203958.43 2493.34973909 4500.0
1512203958.53 2493.48274431 4500.0
1512203958.63 2493.61308942 4500.0
1512203958.73 2493.74082763 4500.0
1512203958.83 2493.86601108 4500.0
1512203958.93 2493.98869086 4500.0
1512203959.02 2494.10891704 4500.0
1512203959.13 2494.2267387 4500.0
1512203959.23 2494.34220393 4500.0
1512203959.33 2494.45535985 4500.0
1512203959.43 2494.56625265 4500.0
1512203959.54 2494.6749276 4500.0
1512203959.63 2494.78142905 4500.0
1512203959.73 2494.88580046 4500.0
1512203959.84 2494.98808446 4500.0
1512203959.93 2495.08832277 4500.0
1512203960.03 2495.18655631 4500.0
1512203960.13 2495.28282518 4500.0
1512203960.24 2495.37716868 4500.0
1512203960.34 2495.46962531 4500.0
1512203960.44 2495.5602328 4500.0
1512203960.54 2495.64902815 4500.0
1512203960.63 2495.73604758 4500.0
1512203960.73 2495.82132663 4500.0
1512203960.83 2495.9049001 4500.0
1512203960.94 2495.9868021 4500.0
1512203961.04 2496.06706605 4500.0
1512203961.13 2496.14572473 4500.0
1512203961.24 2496.22281024 4500.0
1512203961.34 2496.29835403 4500.0
1512203961.43 2496.37238695 4500.0
1512203961.53 2496.44493921 4500.0
1512203961.63 2496.51604043 4500.0
1512203961.73 2496.58571962 4500.0
1512203961.84 2496.65400523 4500.0
1512203961.93 2496.72092512 4500.0
1512203962.03 2496.78650662 4500.0
1512203962.14 2496.85077649 4500.0
1512203962.24 2496.91376096 4500.0
1512203962.33 2496.97548574 4500.0
1512203962.44 2497.03597603 4500.0
1512203962.54 2497.09525651 4500.0
1512203962.64 2497.15335137 4500.0
1512203962.73 2497.21028435 4500.0
1512203962.84 2497.26607866 4500.0
1512203962.94 2497.32075709 4500.0
1512203963.04 2497.37434195 4500.0
1512203963.14 2497.42685511 4500.0
1512203963.23 2497.478318 4500.0
1512203963.33 2497.52875164 4500.0
1512203963.43 2497.57817661 4500.0
1512203963.54 2497.62661308 4500.0
1512203963.63 2497.67408082 4500.0
1512203963.74 2497.7205992 4500.0
1512203963.84 2497.76618722 4500.0
1512203963.94 2497.81086347 4500.0
1512203964.04 2497.8546462 4500.0
1512203964.14 2497.89755328 4500.0
1512203964.24 2497.93960221 4500.0
1512203964.34 2497.98081017 4500.0
1512203964.44 2498.02119397 4500.0
1512203964.54 2498.06077009 4500.0
1512203964.64 2498.09955469 4500.0
1512203964.74 2498.13756359 4500.0
1512203964.85 2498.17481232 4500.0
1512203964.94 2498.21131607 4500.0
1512203965.05 2498.24708975 4500.0
1512203965.14 2498.28214796 4500.0
1512203965.25 2498.316505 4500.0
1512203965.35 2498.3501749 4500.0
1512203965.44 2498.3831714 4500.0
1512203965.54 2498.41550797 4500.0
1512203965.66 2498.44719781 4500.0
1512203965.75 2498.47825386 4500.0
1512203965.85 2498.50868878 4500.0
1512203965.95 2498.538515 4500.0
1512203966.05 2498.5677447 4500.0
1512203966.15 2498.59638981 4500.0
1512203966.26 2498.62446201 4500.0
1512203966.35 2498.65197277 4500.0
1512203966.45 2498.67893332 4500.0
1512203966.55 2498.70535465 4500.0
1512203966.65 2498.73124756 4500.0
1512203966.76 2498.75662261 4500.0
1512203966.85 2498.78149015 4500.0
1512203966.95 2498.80586035 4500.0
1512203967.05 2498.82974314 4500.0
1512203967.15 2498.85314828 4500.0
1512203967.25 2498.87608532 4500.0
1512203967.36 2498.89856361 4500.0
1512203967.46 2498.92059234 4500.0
1512203967.55 2498.94218049 4500.0
1512203967.66 2498.96333688 4500.0
1512203967.75 2498.98407014 4500.0
1512203967.86 2499.00438874 4500.0
1512203967.95 2499.02430097 4500.0
1512203968.05 2499.04381495 4500.0
1512203968.15 2499.06293865 4500.0
1512203968.26 2499.08167987 4500.0
1512203968.36 2499.10004628 4500.0
1512203968.47 2499.11804535 4500.0
1512203968.56 2499.13568444 4500.0
1512203968.66 2499.15297076 4500.0
1512203968.75 2499.16991134 4500.0
1512203968.86 2499.18651311 4500.0
1512203968.97 2499.20278285 4500.0
1512203969.06 2499.21872719 4500.0
1512203969.16 2499.23435265 4500.0
1512203969.26 2499.2496656 4500.0
1512203969.36 2499.26467229 4500.0
1512203969.47 2499.27937884 4500.0
1512203969.57 2499.29379126 4500.0
1512203969.67 2499.30791544 4500.0
1512203969.77 2499.32175713 4500.0
1512203969.86 2499.33532199 4500.0
1512203969.96 2499.34861555 4500.0
1512203970.07 2499.36164324 4500.0
1512203970.17 2499.37441037 4500.0
1512203970.26 2499.38692216 4500.0
1512203970.37 2499.39918372 4500.0
1512203970.47 2499.41120005 4500.0
1512203970.57 2499.42297604 4500.0
1512203970.68 2499.43451652 4500.0
1512203970.77 2499.44582619 4500.0
1512203970.87 2499.45690967 4500.0
1512203970.98 2499.46777148 4500.0
1512203971.08 2499.47841605 4500.0
1512203971.18 2499.48884773 4500.0
1512203971.28 2499.49907077 4500.0
1512203971.37 2499.50908936 4500.0
1512203971.47 2499.51890757 4500.0
1512203971.57 2499.52852942 4500.0
1512203971.68 2499.53795883 4500.0
1512203971.77 2499.54719965 4500.0
1512203971.87 2499.55625566 4500.0
1512203971.97 2499.56513055 4500.0
1512203972.07 2499.57382794 4500.0
1512203972.18 2499.58235138 4500.0
1512203972.27 2499.59070435 4500.0
1512203972.38 2499.59889026 4500.0
1512203972.48 2499.60691246 4500.0
1512203972.57 2499.61477421 4500.0
1512203972.68 2499.62247872 4500.0
1512203972.78 2499.63002915 4500.0
1512203972.89 2499.63742857 4500.0
1512203972.98 2499.64467999 4500.0
1512203973.1 2499.65178639 4500.0
1512203973.2 2499.65875067 4500.0
1512203973.29 2499.66557565 4500.0
1512203973.39 2499.67226414 4500.0
1512203973.48 2499.67881886 4500.0
1512203973.59 2499.68524248 4500.0
1512203973.69 2499.69153763 4500.0
1512203973.78 2499.69770688 4500.0
1512203973.89 2499.70375274 4500.0
1512203973.98 2499.70967769 4500.0
1512203974.09 2499.71548413 4500.0
1512203974.19 2499.72117445 4500.0
1512203974.29 2499.72675096 4500.0
1512203974.38 2499.73221594 4500.0
1512203974.48 2499.73757162 4500.0
1512203974.59 2499.74282019 4500.0
1512203974.69 2499.74796379 4500.0
1512203974.8 2499.75300451 4500.0
1512203974.89 2499.75794442 4500.0
1512203974.99 2499.76278553 4500.0
1512203975.1 2499.76752982 4500.0
1512203975.2 2499.77217922 4500.0
1512203975.3 2499.77673564 4500.0
1512203975.4 2499.78120093 4500.0
1512203975.49 2499.78557691 4500.0
1512203975.59 2499.78986537 4500.0
1512203975.69 2499.79406806 4500.0
1512203975.8 2499.7981867 4500.0
1512203975.9 2499.80222297 4500.0
1512203976.0 2499.80617851 4500.0
1512203976.1 2499.81005494 4500.0
1512203976.2 2499.81385384 4500.0
1512203976.3 2499.81757676 4500.0
1512203976.41 2499.82122523 4500.0
1512203976.51 2499.82480072 4500.0
1512203976.6 2499.82830471 4500.0
1512203976.7 2499.83173861 4500.0
1512203976.81 2499.83510384 4500.0
1512203976.9 2499.83840177 4500.0
1512203977.0 2499.84163373 4500.0
1512203977.1 2499.84480106 4500.0
1512203977.2 2499.84790503 4500.0
1512203977.32 2499.85094693 4500.0
1512203977.41 2499.853928 4500.0
1512203977.5 2499.85684944 4500.0
1512203977.61 2499.85971245 4500.0
1512203977.71 2499.8625182 4500.0
1512203977.81 2499.86526783 4500.0
1512203977.9 2499.86796248 4500.0
1512203978.0 2499.87060323 4500.0
1512203978.1 2499.87319116 4500.0
1512203978.21 2499.87572734 4500.0
1512203978.31 2499.87821279 4500.0
1512203978.41 2499.88064854 4500.0
1512203978.51 2499.88303557 4500.0
1512203978.61 2499.88537485 4500.0
1512203978.71 2499.88766736 4500.0
1512203978.81 2499.88991401 4500.0
1512203978.91 2499.89211573 4500.0
1512203979.01 2499.89427342 4500.0
1512203979.12 2499.89638795 4500.0
1512203979.21 2499.89846019 4500.0
1512203979.32 2499.90049098 4500.0
1512203979.42 2499.90248117 4500.0
1512203979.52 2499.90443154 4500.0
1512203979.62 2499.90634291 4500.0
1512203979.72 2499.90821605 4500.0
1512203979.82 2499.91005173 4500.0
1512203979.93 2499.9118507 4500.0
1512203980.02 2499.91361368 4500.0
1512203980.11 2499.91534141 4500.0
1512203980.22 2499.91703458 4500.0
1512203980.31 2499.91869389 4500.0
1512203980.41 2499.92032001 4500.0
1512203980.52 2499.92191361 4500.0
1512203980.62 2499.92347534 4500.0
1512203980.72 2499.92500583 4500.0
1512203980.81 2499.92650572 4500.0
1512203980.92 2499.9279756 4500.0
1512203981.02 2499.92941609 4500.0
1512203981.13 2499.93082777 4500.0
1512203981.23 2499.93221121 4500.0
1512203981.33 2499.93356699 4500.0
1512203981.42 2499.93489565 4500.0
1512203981.52 2499.93619774 4500.0
1512203981.63 2499.93747378 4500.0
1512203981.72 2499.93872431 4500.0
1512203981.83 2499.93994982 4500.0
1512203981.92 2499.94115082 4500.0
1512203982.03 2499.94232781 4500.0
1512203982.13 2499.94348125 4500.0
1512203982.23 2499.94461163 4500.0
1512203982.33 2499.94571939 4500.0
1512203982.43 2499.946805 4500.0
1512203982.53 2499.9478689 4500.0
1512203982.63 2499.94891153 4500.0
1512203982.74 2499.9499333 4500.0
1512203982.83 2499.95093463 4500.0
1512203982.93 2499.95191594 4500.0
1512203983.03 2499.95287762 4500.0
1512203983.14 2499.95382007 4500.0
1512203983.24 2499.95474367 4500.0
1512203983.34 2499.95564879 4500.0
1512203983.44 2499.95653582 4500.0
1512203983.54 2499.9574051 4500.0
1512203983.64 2499.958257 4500.0
1512203983.74 2499.95909186 4500.0
1512203983.83 2499.95991002 4500.0
1512203983.94 2499.96071182 4500.0
1512203984.04 2499.96149758 4500.0
1512203984.14 2499.96226763 4500.0
1512203984.24 2499.96302228 4500.0
1512203984.34 2499.96376183 4500.0
1512203984.43 2499.9644866 4500.0
1512203984.53 2499.96519687 4500.0
1512203984.63 2499.96589293 4500.0
1512203984.73 2499.96657507 4500.0
1512203984.83 2499.96724357 4500.0
1512203984.94 2499.9678987 4500.0
1512203985.05 2499.96854072 4500.0
1512203985.14 2499.96916991 4500.0
1512203985.24 2499.96978651 4500.0
1512203985.34 2499.97039078 4500.0
1512203985.45 2499.97098296 4500.0
1512203985.55 2499.9715633 4500.0
1512203985.64 2499.97213204 4500.0
1512203985.74 2499.9726894 4500.0
1512203985.84 2499.97323561 4500.0
1512203985.94 2499.9737709 4500.0
1512203986.04 2499.97429548 4500.0
1512203986.15 2499.97480957 4500.0
1512203986.25 2499.97531338 4500.0
1512203986.34 2499.97580711 4500.0
1512203986.45 2499.97629097 4500.0
1512203986.55 2499.97676515 4500.0
1512203986.64 2499.97722985 4500.0
1512203986.75 2499.97768525 4500.0
1512203986.85 2499.97813154 4500.0
1512203986.95 2499.97856891 4500.0
1512203987.05 2499.97899754 4500.0
1512203987.15 2499.97941758 4500.0
1512203987.24 2499.97982923 4500.0
1512203987.34 2499.98023265 4500.0
1512203987.45 2499.980628 4500.0
1512203987.55 2499.98101544 4500.0
1512203987.65 2499.98139513 4500.0
1512203987.75 2499.98176722 4500.0
1512203987.86 2499.98213188 4500.0
1512203987.96 2499.98248924 4500.0
1512203988.05 2499.98283946 4500.0
1512203988.16 2499.98318267 4500.0
1512203988.26 2499.98351901 4500.0
1512203988.35 2499.98384863 4500.0
1512203988.45 2499.98417166 4500.0
1512203988.55 2499.98448823 4500.0
1512203988.65 2499.98479846 4500.0
1512203988.75 2499.98510249 4500.0
1512203988.85 2499.98540044 4500.0
1512203988.95 2499.98569244 4500.0
1512203989.05 2499.98597859 4500.0
1512203989.15 2499.98625902 4500.0
1512203989.25 2499.98653384 4500.0
1512203989.35 2499.98680316 4500.0
1512203989.46 2499.9870671 4500.0
1512203989.56 2499.98732575 4500.0
1512203989.65 2499.98757924 4500.0
1512203989.76 2499.98782765 4500.0
1512203989.85 2499.9880711 4500.0
1512203989.96 2499.98830968 4500.0
1512203990.05 2499.98854349 4500.0
1512203990.16 2499.98877262 4500.0
1512203990.26 2499.98899716 4500.0
1512203990.36 2499.98921722 4500.0
1512203990.46 2499.98943288 4500.0
1512203990.55 2499.98964422 4500.0
1512203990.66 2499.98985133 4500.0
1512203990.77 2499.99005431 4500.0
1512203990.86 2499.99025322 4500.0
1512203990.96 2499.99044816 4500.0
1512203991.07 2499.99063919 4500.0
1512203991.17 2499.99082641 4500.0
1512203991.27 2499.99100988 4500.0
1512203991.36 2499.99118968 4500.0
1512203991.46 2499.99136589 4500.0
1512203991.56 2499.99153857 4500.0
1512203991.66 2499.9917078 4500.0
1512203991.76 2499.99187364 4500.0
1512203991.86 2499.99203617 4500.0
1512203991.97 2499.99219545 4500.0
1512203992.06 2499.99235154 4500.0
1512203992.16 2499.99250451 4500.0
1512203992.27 2499.99265442 4500.0
1512203992.36 2499.99280133 4500.0
1512203992.47 2499.9929453 4500.0
1512203992.56 2499.9930864 4500.0
1512203992.67 2499.99322467 4500.0
1512203992.77 2499.99336018 4500.0
1512203992.87 2499.99349297 4500.0
1512203992.97 2499.99362311 4500.0
1512203993.06 2499.99375065 4500.0
1512203993.18 2499.99387564 4500.0
1512203993.27 2499.99399812 4500.0
1512203993.37 2499.99411816 4500.0
1512203993.48 2499.9942358 4500.0
1512203993.57 2499.99435108 4500.0
1512203993.68 2499.99446406 4500.0
1512203993.78 2499.99457478 4500.0
1512203993.87 2499.99468328 4500.0
1512203993.98 2499.99478962 4500.0
1512203994.08 2499.99489383 4500.0
1512203994.17 2499.99499595 4500.0
1512203994.28 2499.99509603 4500.0
1512203994.37 2499.99519411 4500.0
1512203994.47 2499.99529023 4500.0
1512203994.57 2499.99538442 4500.0
1512203994.67 2499.99547674 4500.0
1512203994.78 2499.9955672 4500.0
1512203994.88 2499.99565586 4500.0
1512203994.97 2499.99574274 4500.0
1512203995.07 2499.99582788 4500.0
1512203995.18 2499.99591133 4500.0
1512203995.28 2499.9959931 4500.0
1512203995.38 2499.99607324 4500.0
1512203995.48 2499.99615177 4500.0
1512203995.58 2499.99622874 4500.0
1512203995.68 2499.99630416 4500.0
1512203995.78 2499.99637808 4500.0
1512203995.89 2499.99645052 4500.0
1512203995.99 2499.99652151 4500.0
1512203996.08 2499.99659108 4500.0
1512203996.19 2499.99665926 4500.0
1512203996.28 2499.99672607 4500.0
1512203996.39 2499.99679155 4500.0
1512203996.49 2499.99685572 4500.0
1512203996.58 2499.9969186 4500.0
1512203996.69 2499.99698023 4500.0
1512203996.79 2499.99704063 4500.0
1512203996.88 2499.99709982 4500.0
1512203996.98 2499.99715782 4500.0
1512203997.09 2499.99721466 4500.0
1512203997.18 2499.99727037 4500.0
1512203997.29 2499.99732496 4500.0
1512203997.38 2499.99737846 4500.0
1512203997.49 2499.99743089 4500.0
1512203997.59 2499.99748228 4500.0
1512203997.69 2499.99753263 4500.0
1512203997.79 2499.99758198 4500.0
1512203997.88 2499.99763034 4500.0
1512203997.98 2499.99767773 4500.0
1512203998.09 2499.99772418 4500.0
1512203998.19 2499.99776969 4500.0
1512203998.28 2499.9978143 4500.0
1512203998.39 2499.99785801 4500.0
1512203998.48 2499.99790085 4500.0
1512203998.58 2499.99794284 4500.0
1512203998.69 2499.99798398 4500.0
1512203998.79 2499.9980243 4500.0
1512203998.89 2499.99806381 4500.0
1512203998.99 2499.99810254 4500.0
1512203999.09 2499.99814049 4500.0
1512203999.18 2499.99817768 4500.0
1512203999.28 2499.99821412 4500.0
1512203999.39 2499.99824984 4500.0
1512203999.49 2499.99828484 4500.0
1512203999.58 2499.99831915 4500.0
1512203999.68 2499.99835276 4500.0
1512203999.79 2499.99838571 4500.0
1512203999.89 2499.99841799 4500.0
1512204000.0 2499.99844963 4500.0
1512204000.1 2499.99848064 4500.0
1512204000.19 2499.99851103 4500.0
1512204000.29 2499.99854081 4500.0
1512204000.39 2499.99856999 4500.0
1512204000.49 2499.99859859 4500.0
1512204000.59 2499.99862662 4500.0
1512204000.69 2499.99865409 4500.0
1512204000.79 2499.99868101 4500.0
1512204000.9 2499.99870739 4500.0
1512204001.0 2499.99873324 4500.0
1512204001.1 2499.99875857 4500.0
1512204001.2 2499.9987834 4500.0
1512204001.29 2499.99880773 4500.0
1512204001.4 2499.99883158 4500.0
1512204001.5 2499.99885495 4500.0
1512204001.6 2499.99887785 4500.0
1512204001.71 2499.99890029 4500.0
1512204001.8 2499.99892229 4500.0
1512204001.9 2499.99894384 4500.0
1512204001.99 2499.99896496 4500.0
1512204002.1 2499.99898566 4500.0
1512204002.2 2499.99900595 4500.0
1512204002.31 2499.99902583 4500.0
1512204002.4 2499.99904532 4500.0
1512204002.51 2499.99906441 4500.0
1512204002.6 2499.99908312 4500.0
1512204002.7 2499.99910146 4500.0
1512204002.8 2499.99911943 4500.0
1512204002.9 2499.99913704 4500.0
1512204003.0 2499.9991543 4500.0
1512204003.1 2499.99917121 4500.0
1512204003.21 2499.99918779 4500.0
1512204003.31 2499.99920403 4500.0
1512204003.4 2499.99921995 4500.0
1512204003.51 2499.99923555 4500.0
1512204003.6 2499.99925084 4500.0
1512204003.71 2499.99926583 4500.0
1512204003.81 2499.99928051 4500.0
1512204003.91 2499.9992949 4500.0
1512204004.01 2499.999309 4500.0
1512204004.11 2499.99932282 4500.0
1512204004.21 2499.99933637 4500.0
1512204004.31 2499.99934964 4500.0
1512204004.41 2499.99936265 4500.0
1512204004.51 2499.99937539 4500.0
1512204004.61 2499.99938788 4500.0
1512204004.72 2499.99940013 4500.0
1512204004.81 2499.99941212 4500.0
1512204004.91 2499.99942388 4500.0
1512204005.01 2499.9994354 4500.0
1512204005.11 2499.9994467 4500.0
1512204005.21 2499.99945776 4500.0
1512204005.31 2499.99946861 4500.0
1512204005.42 2499.99947923 4500.0
1512204005.52 2499.99948965 4500.0
1512204005.62 2499.99949986 4500.0
1512204005.71 2499.99950986 4500.0
1512204005.81 2499.99951966 4500.0
1512204005.91 2499.99952927 4500.0
1512204006.02 2499.99953868 4500.0
1512204006.12 2499.99954791 4500.0
1512204006.22 2499.99955695 4500.0
1512204006.31 2499.99956581 4500.0
1512204006.42 2499.9995745 4500.0
1512204006.52 2499.99958301 4500.0
1512204006.61 2499.99959135 4500.0
1512204006.71 2499.99959952 4500.0
1512204006.81 2499.99960753 4500.0
1512204006.92 2499.99961538 4500.0
1512204007.02 2499.99962307 4500.0
1512204007.12 2499.99963061 4500.0
1512204007.22 2499.999638 4500.0
1512204007.32 2499.99964524 4500.0
1512204007.42 2499.99965233 4500.0
1512204007.53 2499.99965929 4500.0
1512204007.62 2499.9996661 4500.0
1512204007.72 2499.99967278 4500.0
1512204007.82 2499.99967932 4500.0
1512204007.93 2499.99968574 4500.0
1512204008.03 2499.99969202 4500.0
1512204008.12 2499.99969818 4500.0
1512204008.23 2499.99970422 4500.0
1512204008.32 2499.99971013 4500.0
1512204008.42 2499.99971593 4500.0
1512204008.53 2499.99972161 4500.0
1512204008.65 2499.99972718 4500.0
1512204008.73 2499.99973264 4500.0
1512204008.83 2499.99973798 4500.0
1512204008.94 2499.99974322 4500.0
1512204009.04 2499.99974836 4500.0
1512204009.13 2499.99975339 4500.0
1512204009.23 2499.99975832 4500.0
1512204009.32 2499.99976316 4500.0
1512204009.43 2499.99976789 4500.0
1512204009.53 2499.99977254 4500.0
1512204009.63 2499.99977709 4500.0
1512204009.73 2499.99978154 4500.0
1512204009.84 2499.99978591 4500.0
1512204009.94 2499.9997902 4500.0
1512204010.03 2499.99979439 4500.0
1512204010.13 2499.9997985 4500.0
1512204010.23 2499.99980253 4500.0
1512204010.33 2499.99980648 4500.0
1512204010.44 2499.99981035 4500.0
1512204010.53 2499.99981415 4500.0
1512204010.63 2499.99981786 4500.0
1512204010.73 2499.99982151 4500.0
1512204010.83 2499.99982508 4500.0
1512204010.94 2499.99982857 4500.0
1512204011.04 2499.999832 4500.0
1512204011.14 2499.99983536 4500.0
1512204011.24 2499.99983866 4500.0
1512204011.34 2499.99984188 4500.0
1512204011.43 2499.99984504 4500.0
1512204011.54 2499.99984814 4500.0
1512204011.63 2499.99985118 4500.0
1512204011.73 2499.99985416 4500.0
1512204011.84 2499.99985707 4500.0
1512204011.94 2499.99985993 4500.0
1512204012.04 2499.99986273 4500.0
1512204012.13 2499.99986548 4500.0
1512204012.25 2499.99986817 4500.0
1512204012.35 2499.99987081 4500.0
1512204012.44 2499.99987339 4500.0
1512204012.55 2499.99987592 4500.0
1512204012.63 2499.9998784 4500.0
1512204012.74 2499.99988084 4500.0
1512204012.84 2499.99988322 4500.0
1512204012.93 2499.99988555 4500.0
1512204013.04 2499.99988784 4500.0
1512204013.14 2499.99989009 4500.0
1512204013.25 2499.99989229 4500.0
1512204013.34 2499.99989444 4500.0
1512204013.44 2499.99989655 4500.0
1512204013.55 2499.99989862 4500.0
1512204013.64 2499.99990065 4500.0
1512204013.75 2499.99990263 4500.0
1512204013.84 2499.99990458 4500.0
1512204013.94 2499.99990649 4500.0
1512204014.05 2499.99990836 4500.0
1512204014.14 2499.99991019 4500.0
1512204014.24 2499.99991199 4500.0
1512204014.35 2499.99991375 4500.0
1512204014.45 2499.99991547 4500.0
1512204014.56 2499.99991716 4500.0
1512204014.66 2499.99991882 4500.0
1512204014.76 2499.99992045 4500.0
1512204014.85 2499.99992204 4500.0
1512204014.95 2499.9999236 4500.0
1512204015.05 2499.99992512 4500.0
1512204015.15 2499.99992662 4500.0
1512204015.25 2499.99992809 4500.0
1512204015.36 2499.99992953 4500.0
1512204015.46 2499.99993094 4500.0
1512204015.56 2499.99993232 4500.0
1512204015.66 2499.99993367 4500.0
1512204015.76 2499.999935 4500.0
1512204015.85 2499.9999363 4500.0
1512204015.96 2499.99993757 4500.0
1512204016.05 2499.99993882 4500.0
1512204016.16 2499.99994004 4500.0
1512204016.25 2499.99994124 4500.0
1512204016.36 2499.99994242 4500.0
1512204016.46 2499.99994357 4500.0
1512204016.56 2499.9999447 4500.0
1512204016.66 2499.9999458 4500.0
1512204016.76 2499.99994689 4500.0
1512204016.86 2499.99994795 4500.0
1512204016.95 2499.99994899 4500.0
1512204017.06 2499.99995001 4500.0
1512204017.17 2499.99995101 4500.0
1512204017.26 2499.99995199 4500.0
1512204017.36 2499.99995295 4500.0
1512204017.45 2499.99995389 4500.0
1512204017.55 2499.99995481 4500.0
1512204017.68 2499.99995572 4500.0
1512204017.76 2499.9999566 4500.0
1512204017.88 2499.99995747 4500.0
1512204017.98 2499.99995832 4500.0
1512204018.06 2499.99995916 4500.0
1512204018.17 2499.99995997 4500.0
1512204018.27 2499.99996077 4500.0
1512204018.37 2499.99996156 4500.0
1512204018.47 2499.99996233 4500.0
1512204018.57 2499.99996308 4500.0
1512204018.67 2499.99996382 4500.0
1512204018.77 2499.99996454 4500.0
1512204018.87 2499.99996525 4500.0
1512204018.98 2499.99996595 4500.0
1512204019.08 2499.99996663 4500.0
1512204019.18 2499.99996729 4500.0
1512204019.27 2499.99996795 4500.0
1512204019.36 2499.99996859 4500.0
1512204019.47 2499.99996922 4500.0
1512204019.58 2499.99996983 4500.0
1512204019.67 2499.99997044 4500.0
1512204019.77 2499.99997103 4500.0
1512204019.88 2499.99997161 4500.0
1512204019.97 2499.99997218 4500.0
1512204020.06 2499.99997273 4500.0
1512204020.19 2499.99997328 4500.0
1512204020.27 2499.99997381 4500.0
1512204020.37 2499.99997434 4500.0
1512204020.48 2499.99997485 4500.0
1512204020.58 2499.99997535 4500.0
1512204020.68 2499.99997585 4500.0
1512204020.77 2499.99997633 4500.0
1512204020.88 2499.9999768 4500.0
1512204020.97 2499.99997727 4500.0
1512204021.09 2499.99997772 4500.0
1512204021.18 2499.99997817 4500.0
1512204021.28 2499.9999786 4500.0
1512204021.38 2499.99997903 4500.0
1512204021.48 2499.99997945 4500.0
1512204021.59 2499.99997986 4500.0
1512204021.69 2499.99998026 4500.0
1512204021.79 2499.99998066 4500.0
1512204021.9 2499.99998105 4500.0
1512204022.0 2499.99998142 4500.0
1512204022.09 2499.9999818 4500.0
1512204022.19 2499.99998216 4500.0
1512204022.29 2499.99998252 4500.0
1512204022.39 2499.99998287 4500.0
1512204022.5 2499.99998321 4500.0
1512204022.59 2499.99998354 4500.0
1512204022.69 2499.99998387 4500.0
1512204022.79 2499.9999842 4500.0
1512204022.9 2499.99998451 4500.0
1512204023.0 2499.99998482 4500.0
1512204023.1 2499.99998513 4500.0
1512204023.2 2499.99998542 4500.0
1512204023.3 2499.99998571 4500.0
1512204023.39 2499.999986 4500.0
1512204023.5 2499.99998628 4500.0
1512204023.6 2499.99998655 4500.0
1512204023.7 2499.99998682 4500.0
1512204023.8 2499.99998709 4500.0
1512204023.91 2499.99998735 4500.0
1512204023.99 2499.9999876 4500.0
1512204024.1 2499.99998785 4500.0
1512204024.2 2499.99998809 4500.0
1512204024.29 2499.99998833 4500.0
1512204024.4 2499.99998856 4500.0
1512204024.51 2499.99998879 4500.0
1512204024.61 2499.99998901 4500.0
1512204024.7 2499.99998923 4500.0
1512204024.81 2499.99998945 4500.0
1512204024.91 2499.99998966 4500.0
1512204025.0 2499.99998987 4500.0
1512204025.1 2499.99999007 4500.0
1512204025.21 2499.99999027 4500.0
1512204025.31 2499.99999046 4500.0
1512204025.4 2499.99999065 4500.0
1512204025.51 2499.99999084 4500.0
1512204025.6 2499.99999102 4500.0
1512204025.7 2499.9999912 4500.0
1512204025.8 2499.99999138 4500.0
1512204025.9 2499.99999155 4500.0
1512204026.0 2499.99999172 4500.0
1512204026.1 2499.99999189 4500.0
1512204026.2 2499.99999205 4500.0
1512204026.3 2499.99999221 4500.0
1512204026.41 2499.99999236 4500.0
1512204026.51 2499.99999252 4500.0
1512204026.61 2499.99999267 4500.0
1512204026.7 2499.99999281 4500.0
1512204026.81 2499.99999296 4500.0
1512204026.9 2499.9999931 4500.0
1512204027.0 2499.99999324 4500.0
1512204027.11 2499.99999337 4500.0
1512204027.2 2499.9999935 4500.0
1512204027.3 2499.99999363 4500.0
1512204027.41 2499.99999376 4500.0
1512204027.51 2499.99999389 4500.0
1512204027.61 2499.99999401 4500.0
1512204027.71 2499.99999413 4500.0
1512204027.81 2499.99999424 4500.0
1512204027.91 2499.99999436 4500.0
1512204028.0 2499.99999447 4500.0
1512204028.1 2499.99999458 4500.0
1512204028.21 2499.99999469 4500.0
1512204028.31 2499.9999948 4500.0
1512204028.41 2499.9999949 4500.0
1512204028.51 2499.999995 4500.0
1512204028.61 2499.9999951 4500.0
1512204028.71 2499.9999952 4500.0
1512204028.81 2499.9999953 4500.0
1512204028.91 2499.99999539 4500.0
1512204029.0 2499.99999548 4500.0
1512204029.1 2499.99999557 4500.0
1512204029.21 2499.99999566 4500.0
1512204029.31 2499.99999575 4500.0
1512204029.4 2499.99999583 4500.0
1512204029.51 2499.99999592 4500.0
1512204029.62 2499.999996 4500.0
1512204029.72 2499.99999608 4500.0
1512204029.81 2499.99999616 4500.0
1512204029.92 2499.99999623 4500.0
1512204030.01 2499.99999631 4500.0
1512204030.12 2499.99999638 4500.0
1512204030.22 2499.99999646 4500.0
1512204030.32 2499.99999653 4500.0
1512204030.42 2499.9999966 4500.0
1512204030.51 2499.99999666 4500.0
1512204030.61 2499.99999673 4500.0
1512204030.72 2499.9999968 4500.0
1512204030.82 2499.99999686 4500.0
1512204030.93 2499.99999692 4500.0
1512204031.02 2499.99999698 4500.0
1512204031.13 2499.99999705 4500.0
1512204031.21 2499.9999971 4500.0
1512204031.32 2499.99999716 4500.0
1512204031.42 2499.99999722 4500.0
1512204031.52 2499.99999727 4500.0
1512204031.62 2499.99999733 4500.0
1512204031.72 2499.99999738 4500.0
1512204031.82 2499.99999743 4500.0
1512204031.92 2499.99999749 4500.0
1512204032.02 2499.99999754 4500.0
1512204032.12 2499.99999759 4500.0
1512204032.22 2499.99999763 4500.0
1512204032.32 2499.99999768 4500.0
1512204032.43 2499.99999773 4500.0
1512204032.53 2499.99999777 4500.0
1512204032.62 2499.99999782 4500.0
1512204032.73 2499.99999786 4500.0
1512204032.82 2499.9999979 4500.0
1512204032.92 2499.99999795 4500.0
1512204033.02 2499.99999799 4500.0
1512204033.13 2499.99999803 4500.0
1512204033.23 2499.99999807 4500.0
1512204033.33 2499.99999811 4500.0
1512204033.43 2499.99999814 4500.0
1512204033.53 2499.99999818 4500.0
1512204033.62 2499.99999822 4500.0
1512204033.73 2499.99999825 4500.0
1512204033.82 2499.99999829 4500.0
1512204033.93 2499.99999832 4500.0
1512204034.03 2499.99999836 4500.0
1512204034.12 2499.99999839 4500.0
1512204034.23 2499.99999842 4500.0
1512204034.33 2499.99999845 4500.0
1512204034.43 2499.99999848 4500.0
1512204034.53 2499.99999851 4500.0
1512204034.63 2499.99999854 4500.0
1512204034.74 2499.99999857 4500.0
1512204034.83 2499.9999986 4500.0
1512204034.93 2499.99999863 4500.0
1512204035.02 2499.99999866 4500.0
1512204035.12 2499.99999868 4500.0
1512204035.23 2499.99999871 4500.0
1512204035.33 2499.99999874 4500.0
1512204035.43 2499.99999876 4500.0
1512204035.53 2499.99999879 4500.0
1512204035.62 2499.99999881 4500.0
1512204035.73 2499.99999883 4500.0
1512204035.82 2499.99999886 4500.0
1512204035.93 2499.99999888 4500.0
1512204036.04 2499.9999989 4500.0
1512204036.13 2499.99999892 4500.0
1512204036.23 2499.99999895 4500.0
1512204036.33 2499.99999897 4500.0
1512204036.42 2499.99999899 4500.0
1512204036.53 2499.99999901 4500.0
1512204036.63 2499.99999903 4500.0
1512204036.72 2499.99999905 4500.0
1512204036.82 2499.99999907 4500.0
1512204036.93 2499.99999908 4500.0
1512204037.03 2499.9999991 4500.0
1512204037.13 2499.99999912 4500.0
1512204037.24 2499.99999914 4500.0
1512204037.33 2499.99999916 4500.0
1512204037.43 2499.99999917 4500.0
1512204037.53 2499.99999919 4500.0
1512204037.63 2499.99999921 4500.0
1512204037.73 2499.99999922 4500.0
1512204037.83 2499.99999924 4500.0
1512204037.94 2499.99999925 4500.0
1512204038.04 2499.99999927 4500.0
1512204038.14 2499.99999928 4500.0
1512204038.23 2499.9999993 4500.0
1512204038.33 2499.99999931 4500.0
1512204038.43 2499.99999932 4500.0
1512204038.54 2499.99999934 4500.0
1512204038.63 2499.99999935 4500.0
1512204038.73 2499.99999936 4500.0
1512204038.83 2499.99999938 4500.0
1512204038.93 2499.99999939 4500.0
1512204039.03 2499.9999994 4500.0
1512204039.14 2499.99999941 4500.0
1512204039.23 2499.99999942 4500.0
1512204039.34 2499.99999944 4500.0
1512204039.43 2499.99999945 4500.0
1512204039.53 2499.99999946 4500.0
1512204039.63 2499.99999947 4500.0
1512204039.74 2499.99999948 4500.0
1512204039.84 2499.99999949 4500.0
1512204039.94 2499.9999995 4500.0
1512204040.04 2499.99999951 4500.0
1512204040.13 2499.99999952 4500.0
1512204040.23 2499.99999953 4500.0
1512204040.34 2499.99999954 4500.0
1512204040.43 2499.99999955 4500.0
1512204040.55 2499.99999956 4500.0
1512204040.64 2499.99999957 4500.0
1512204040.74 2499.99999958 4500.0
1512204040.84 2499.99999958 4500.0
1512204040.94 2499.99999959 4500.0
1512204041.04 2499.9999996 4500.0
1512204041.13 2499.99999961 4500.0
1512204041.23 2499.99999962 4500.0
1512204041.34 2499.99999962 4500.0
1512204041.44 2499.99999963 4500.0
1512204041.53 2499.99999964 4500.0
1512204041.63 2499.99999965 4500.0
1512204041.73 2499.99999965 4500.0
1512204041.83 2499.99999966 4500.0
1512204041.94 2499.99999967 4500.0
1512204042.04 2499.99999967 4500.0
1512204042.14 2499.99999968 4500.0
1512204042.23 2499.99999969 4500.0
1512204042.34 2499.99999969 4500.0
1512204042.44 2499.9999997 4500.0
1512204042.53 2499.9999997 4500.0
1512204042.64 2499.99999971 4500.0
1512204042.74 2499.99999972 4500.0
1512204042.84 2499.99999972 4500.0
1512204042.94 2499.99999973 4500.0
1512204043.04 2499.99999973 4500.0
1512204043.14 2499.99999974 4500.0
1512204043.25 2499.99999974 4500.0
1512204043.34 2499.99999975 4500.0
1512204043.44 2499.99999975 4500.0
1512204043.54 2499.99999976 4500.0
1512204043.64 2499.99999976 4500.0
1512204043.73 2499.99999977 4500.0
1512204043.84 2499.99999977 4500.0
1512204043.94 2499.99999978 4500.0
1512204044.04 2499.99999978 4500.0
1512204044.14 2499.99999979 4500.0
1512204044.24 2499.99999979 4500.0
1512204044.34 2499.99999979 4500.0
1512204044.44 2499.9999998 4500.0
1512204044.54 2499.9999998 4500.0
1512204044.64 2499.99999981 4500.0
1512204044.73 2499.99999981 4500.0
1512204044.84 2499.99999981 4500.0
1512204044.94 2499.99999982 4500.0
1512204045.05 2499.99999982 4500.0
1512204045.14 2499.99999983 4500.0
1512204045.25 2499.99999983 4500.0
1512204045.34 2499.99999983 4500.0
1512204045.44 2499.99999984 4500.0
1512204045.54 2499.99999984 4500.0
1512204045.64 2499.99999984 4500.0
1512204045.75 2499.99999985 4500.0
1512204045.84 2499.99999985 4500.0
1512204045.94 2499.99999985 4500.0
1512204046.05 2499.99999985 4500.0
1512204046.14 2499.99999986 4500.0
1512204046.24 2499.99999986 4500.0
1512204046.35 2499.99999986 4500.0
1512204046.44 2499.99999987 4500.0
1512204046.54 2499.99999987 4500.0
1512204046.64 2499.99999987 4500.0
1512204046.75 2499.99999987 4500.0
1512204046.85 2499.99999988 4500.0
1512204046.94 2499.99999988 4500.0
1512204047.04 2499.99999988 4500.0
1512204047.14 2499.99999988 4500.0
1512204047.24 2499.99999989 4500.0
1512204047.34 2499.99999989 4500.0
1512204047.44 2499.99999989 4500.0
1512204047.54 2499.99999989 4500.0
1512204047.64 2499.99999989 4500.0
1512204047.76 2499.9999999 4500.0
1512204047.84 2499.9999999 4500.0
1512204047.94 2499.9999999 4500.0
1512204048.05 2499.9999999 4500.0
1512204048.15 2499.9999999 4500.0
1512204048.25 2499.99999991 4500.0
1512204048.34 2499.99999991 4500.0
1512204048.45 2499.99999991 4500.0
1512204048.55 2499.99999991 4500.0
1512204048.64 2499.99999991 4500.0
1512204048.74 2499.99999992 4500.0
1512204048.84 2499.99999992 4500.0
1512204048.94 2499.99999992 4500.0
1512204049.04 2499.99999992 4500.0
1512204049.14 2499.99999992 4500.0
1512204049.24 2499.99999992 4500.0
1512204049.34 2499.99999993 4500.0
1512204049.44 2499.99999993 4500.0
1512204049.54 2499.99999993 4500.0
1512204049.64 2499.99999993 4500.0
1512204049.74 2499.99999993 4500.0
1512204049.84 2499.99999993 4500.0
1512204049.94 2499.99999993 4500.0
1512204050.04 2499.99999994 4500.0
1512204050.14 2499.99999994 4500.0
1512204050.24 2499.99999994 4500.0
1512204050.34 2499.99999994 4500.0
1512204050.44 2499.99999994 4500.0
1512204050.54 2499.99999994 4500.0
1512204050.64 2499.99999994 4500.0
1512204050.74 2499.99999994 4500.0
1512204050.84 2499.99999994 4500.0
1512204050.94 2499.99999995 4500.0
1512204051.04 2499.99999995 4500.0
1512204051.14 2499.99999995 4500.0
1512204051.24 2499.99999995 4500.0
1512204051.34 2499.99999995 4500.0
1512204051.44 2499.99999995 4500.0
1512204051.54 2499.99999995 4500.0
1512204051.64 2499.99999995 4500.0
1512204051.74 2499.99999995 4500.0
1512204051.84 2499.99999995 4500.0
1512204051.94 2499.99999996 4500.0
1512204052.04 2499.99999996 4500.0
1512204052.14 2499.99999996 4500.0
1512204052.24 2499.99999996 4500.0
1512204052.34 2499.99999996 4500.0
1512204052.44 2499.99999996 4500.0
1512204052.54 2499.99999996 4500.0
1512204052.64 2499.99999996 4500.0
1512204052.74 2499.99999996 4500.0
1512204052.84 2499.99999996 4500.0
1512204052.94 2499.99999996 4500.0
1512204053.04 2499.99999996 4500.0
1512204053.14 2499.99999997 4500.0
1512204053.24 2499.99999997 4500.0
1512204053.35 2499.99999997 4500.0
1512204053.44 2499.99999997 4500.0
1512204053.55 2499.99999997 4500.0
1512204053.64 2499.99999997 4500.0
1512204053.74 2499.99999997 4500.0
1512204053.85 2499.99999997 4500.0
1512204053.94 2499.99999997 4500.0
1512204054.05 2499.99999997 4500.0
1512204054.15 2499.99999997 4500.0
1512204054.24 2499.99999997 4500.0
1512204054.34 2499.99999997 4500.0
1512204054.45 2499.99999997 4500.0
1512204054.55 2499.99999997 4500.0
1512204054.65 2499.99999997 4500.0
1512204054.74 2499.99999997 4500.0
1512204054.84 2499.99999998 4500.0
1512204054.95 2499.99999998 4500.0
1512204055.05 2499.99999998 4500.0
1512204055.14 2499.99999998 4500.0
1512204055.25 2499.99999998 4500.0
1512204055.35 2499.99999998 4500.0
1512204055.46 2499.99999998 4500.0
1512204055.55 2499.99999998 4500.0
1512204055.65 2499.99999998 4500.0
1512204055.75 2499.99999998 4500.0
1512204055.85 2499.99999998 4500.0
1512204055.95 2499.99999998 4500.0
1512204056.05 2499.99999998 4500.0
1512204056.15 2499.99999998 4500.0
1512204056.25 2499.99999998 4500.0
1512204056.35 2499.99999998 4500.0
1512204056.45 2499.99999998 4500.0
1512204056.55 2499.99999998 4500.0
1512204056.65 2499.99999998 4500.0
1512204056.75 2499.99999998 4500.0
1512204056.85 2499.99999998 4500.0
1512204056.95 2499.99999998 4500.0
1512204057.05 2499.99999998 4500.0
1512204057.15 2499.99999998 4500.0
1512204057.25 2499.99999998 4500.0
1512204057.35 2499.99999999 4500.0
1512204057.45 2499.99999999 4500.0
1512204057.55 2499.99999999 4500.0
1512204057.65 2499.99999999 4500.0
1512204057.75 2499.99999999 4500.0
1512204057.85 2499.99999999 4500.0
1512204057.95 2499.99999999 4500.0
1512204058.05 2499.99999999 4500.0
1512204058.15 2499.99999999 4500.0
1512204058.25 2499.99999999 4500.0
1512204058.35 2499.99999999 4500.0
1512204058.46 2499.99999999 4500.0
1512204058.55 2499.99999999 4500.0
1512204058.65 2499.99999999 4500.0
1512204058.75 2499.99999999 4500.0
1512204058.85 2499.99999999 4500.0
1512204058.95 2499.99999999 4500.0
1512204059.05 2499.99999999 4500.0
1512204059.15 2499.99999999 4500.0
1512204059.25 2499.99999999 4500.0
1512204059.35 2499.99999999 4500.0
1512204059.45 2499.99999999 4500.0
1512204059.55 2499.99999999 4500.0
1512204059.65 2499.99999999 4500.0
1512204059.75 2499.99999999 4500.0
1512204059.86 2499.99999999 4500.0
1512204059.95 2499.99999999 4500.0
1512204060.05 2499.99999999 4500.0
1512204060.15 2499.99999999 4500.0
1512204060.25 2499.99999999 4500.0
1512204060.36 2499.99999999 4500.0
1512204060.46 2499.99999999 4500.0
1512204060.56 2499.99999999 4500.0
1512204060.65 2499.99999999 4500.0
1512204060.75 2499.99999999 4500.0
1512204060.85 2499.99999999 4500.0
1512204060.95 2499.99999999 4500.0
1512204061.05 2499.99999999 4500.0
1512204061.16 2499.99999999 4500.0
1512204061.26 2499.99999999 4500.0
1512204061.36 2499.99999999 4500.0
1512204061.46 2499.99999999 4500.0
1512204061.56 2499.99999999 4500.0
1512204061.66 2499.99999999 4500.0
1512204061.76 2499.99999999 4500.0
1512204061.86 2499.99999999 4500.0
1512204061.96 2499.99999999 4500.0
1512204062.06 2499.99999999 4500.0
1512204062.16 2499.99999999 4500.0
1512204062.26 2499.99999999 4500.0
1512204062.36 2499.99999999 4500.0
1512204062.46 2499.99999999 4500.0
1512204062.56 2499.99999999 4500.0
1512204062.67 2499.99999999 4500.0
1512204062.76 2500.0 4500.0
1512204062.86 2500.0 4500.0
1512204062.96 2500.0 4500.0
1512204063.06 2500.0 4500.0
1512204063.16 2500.0 4500.0
1512204063.26 2500.0 4500.0
1512204063.36 2500.0 4500.0
1512204063.46 2500.0 4500.0
1512204063.56 2500.0 4500.0
1512204063.66 2500.0 4500.0
1512204063.76 2500.0 4500.0
1512204063.86 2500.0 4500.0
1512204063.97 2500.0 4500.0
1512204064.06 2500.0 4500.0
1512204064.17 2500.0 4500.0
1512204064.27 2500.0 4500.0
1512204064.37 2500.0 4500.0
1512204064.46 2500.0 4500.0
1512204064.56 2500.0 4500.0
1512204064.66 2500.0 4500.0
1512204064.77 2500.0 4500.0
1512204064.87 2500.0 4500.0
1512204064.96 2500.0 4500.0
1512204065.06 2500.0 4500.0
1512204065.16 2500.0 4500.0
1512204065.26 2500.0 4500.0
1512204065.37 2500.0 4500.0
1512204065.47 2500.0 4500.0
1512204065.57 2500.0 4500.0
1512204065.66 2500.0 4500.0
1512204065.76 2500.0 4500.0
1512204065.87 2500.0 4500.0
1512204065.97 2500.0 4500.0
1512204066.07 2500.0 4500.0
1512204066.17 2500.0 4500.0
1512204066.27 2500.0 4500.0
1512204066.37 2500.0 4500.0
1512204066.47 2500.0 4500.0
1512204066.57 2500.0 4500.0
1512204066.67 2500.0 4500.0
1512204066.78 2500.0 4500.0
1512204066.87 2500.0 4500.0
1512204066.97 2500.0 4500.0
1512204067.07 2500.0 4500.0
1512204067.17 2500.0 4500.0
1512204067.27 2500.0 4500.0
1512204067.37 2500.0 4500.0
1512204067.47 2500.0 4500.0
1512204067.57 2500.0 4500.0
1512204067.67 2500.0 4500.0
1512204067.77 2500.0 4500.0
1512204067.87 2500.0 4500.0
1512204067.97 2500.0 4500.0
1512204068.07 2500.0 4500.0
1512204068.17 2500.0 4500.0
1512204068.27 2500.0 4500.0
1512204068.37 2500.0 4500.0
1512204068.47 2500.0 4500.0
1512204068.57 2500.0 4500.0
1512204068.68 2500.0 4500.0
1512204068.77 2500.0 4500.0
1512204068.88 2500.0 4500.0
1512204068.97 2500.0 4500.0
1512204069.07 2500.0 4500.0
1512204069.18 2500.0 4500.0
1512204069.27 2500.0 4500.0
1512204069.37 2500.0 