1512203915.21 0 0
1512203915.31 0 0
1512203915.41 0 0
1512203915.51 0 0
1512203915.61 0 0
1512203915.71 0 0
1512203915.81 0 0
1512203915.91 0 0
1512203916.01 0 0
1512203916.11 0 0
1512203916.21 0 0
1512203916.31 0 0
1512203916.42 0 0
1512203916.51 0 0
1512203916.61 0 0
1512203916.71 0 0
1512203916.82 0 0
1512203916.92 0 0
1512203917.02 0 0
1512203917.12 0 0
1512203917.22 0 0
1512203917.32 0 0
1512203917.42 0 0
1512203917.52 0 0
1512203917.62 0 0
1512203917.72 0 0
1512203917.82 0 0
1512203917.92 0 0
1512203918.02 0 0
1512203918.12 0 0
1512203918.22 0 0
1512203918.32 0 0
1512203918.42 0 0
1512203918.52 0 0
1512203918.62 0 0
1512203918.72 0 0
1512203918.82 0 0
1512203918.92 0 0
1512203919.02 0 0
1512203919.12 0 0
1512203919.22 0 0
1512203919.32 0 0
1512203919.42 0 0
1512203919.52 0 0
1512203919.62 0 0
1512203919.72 0 0
1512203919.82 0 0
1512203919.92 0 0
1512203920.02 0 0
1512203920.12 0 0
1512203920.22 0 0
1512203920.32 0 0
1512203920.42 0 0
1512203920.52 0 0
1512203920.62 0 0
1512203920.72 0 0
1512203920.82 0 0
1512203920.92 0 0
1512203921.02 0 0
1512203921.12 0 0
1512203921.22 0 0
1512203921.32 0 0
1512203921.42 0 0
1512203921.52 0 0
1512203921.62 0 0
1512203921.72 0 0
1512203921.82 0 0
1512203921.92 0 0
1512203922.02 0 0
1512203922.13 0 0
1512203922.23 0 0
1512203922.33 0 0
1512203922.43 0 0
1512203922.53 0 0
1512203922.63 0 0
1512203922.73 0 0
1512203922.83 0 0
1512203922.93 0 0
1512203923.03 0 0
1512203923.13 0 0
1512203923.23 0 0
1512203923.33 0 0
1512203923.43 0 0
1512203923.53 0 0
1512203923.63 0 0
1512203923.73 0 0
1512203923.83 0 0
1512203923.93 0 0
1512203924.03 0 0
1512203924.13 0 0
1512203924.23 0 0
1512203924.33 0 0
1512203924.43 0 0
1512203924.53 0 0
1512203924.63 0 0
1512203924.73 0 0
1512203924.83 0 0
1512203924.93 0 0
1512203925.03 0 0
1512203925.13 0 0
1512203925.23 0 0
1512203925.33 0 0
1512203925.43 0 0
1512203925.53 0 0
1512203925.63 0 0
1512203925.73 0 0
1512203925.83 0 0
1512203925.93 0 0
1512203926.03 0 0
1512203926.14 0 0
1512203926.23 0 0
1512203926.33 0 0
1512203926.43 0 0
1512203926.54 0 0
1512203926.64 0 0
1512203926.74 0 0
1512203926.84 0 0
1512203926.94 0 0
1512203927.04 0 0
1512203927.14 0 0
1512203927.24 0 0
1512203927.34 0 0
1512203927.44 0 0
1512203927.54 0 0
1512203927.64 0 0
1512203927.74 0 0
1512203927.84 0 0
1512203927.94 0 0
1512203928.04 0 0
1512203928.14 0 0
1512203928.24 0 0
1512203928.34 0 0
1512203928.44 0 0
1512203928.54 0 0
1512203928.64 0 0
1512203928.74 0 0
1512203928.84 0 0
1512203928.94 0 0
1512203929.04 0 0
1512203929.14 0 0
1512203929.24 0 0
1512203929.34 0 0
1512203929.44 0 0
1512203929.54 0 0
1512203929.64 0 0
1512203929.74 0 0
1512203929.84 0 0
1512203929.94 0 0
1512203930.04 0 0
1512203930.14 0 0
1512203930.24 0 0
1512203930.34 0 0
1512203930.44 0 0
1512203930.54 0 0
1512203930.64 0 0
1512203930.74 0 0
1512203930.84 0 0
1512203930.94 0 0
1512203931.04 0 0
1512203931.14 0 0
1512203931.24 0 0
1512203931.34 0 0
1512203931.45 0 0
1512203931.55 0 0
1512203931.65 0 0
1512203931.75 0 0
1512203931.85 0 0
1512203931.95 0 0
1512203932.05 0 0
1512203932.15 0 0
1512203932.25 0 0
1512203932.35 0 0
1512203932.45 0 0
1512203932.55 0 0
1512203932.65 0 0
1512203932.75 0 0
1512203932.85 0 0
1512203932.95 0 0
1512203933.05 0 0
1512203933.15 0 0
1512203933.25 0 0
1512203933.35 0 0
1512203933.45 0 0
1512203933.55 0 0
1512203933.65 0 0
1512203933.75 0 0
1512203933.85 0 0
1512203933.95 0 0
1512203934.05 0 0
1512203934.15 0 0
1512203934.25 0 0
1512203934.35 0 0
1512203934.45 0 0
1512203934.55 0 0
1512203934.65 0 0
1512203934.75 0 0
1512203934.85 0 0
1512203934.95 0 0
1512203935.05 0 0
1512203935.15 0 0
1512203935.25 0 0
1512203935.35 0 0
1512203935.45 0 0
1512203935.55 0 0
1512203935.65 0 0
1512203935.75 0 0
1512203935.85 0 0
1512203935.96 0 0
1512203936.05 0 0
1512203936.15 0 0
1512203936.25 0 0
1512203936.35 0 0
1512203936.45 0 0
1512203936.55 0 0
1512203936.65 0 0
1512203936.76 0 0
1512203936.86 0 0
1512203936.96 0 0
1512203937.06 0 0
1512203937.15 0 0
1512203937.26 0 0
1512203937.36 0 0
1512203937.46 0 0
1512203937.56 0 0
1512203937.66 0 0
1512203937.76 0 0
1512203937.86 0 0
1512203937.96 0 0
1512203938.06 0 0
1512203938.16 0 0
1512203938.26 0 0
1512203938.36 0 0
1512203938.46 0 0
1512203938.56 0 0
1512203938.66 0 0
1512203938.76 0 0
1512203938.86 0 0
1512203938.96 0 0
1512203939.06 0 0
1512203939.16 0 0
1512203939.26 0 0
1512203939.36 0 0
1512203939.46 0 0
1512203939.56 0 0
1512203939.66 0 0
1512203939.76 0 0
1512203939.86 0 0
1512203939.96 0 0
1512203940.06 0 0
1512203940.16 0 0
1512203940.26 0 0
1512203940.36 0 0
1512203940.46 0 0
1512203940.56 0 0
1512203940.66 0 0
1512203940.76 0 0
1512203940.86 0 0
1512203940.96 0 0
1512203941.06 0 0
1512203941.16 0 0
1512203941.26 0 0
1512203941.36 0 0
1512203941.46 0 0
1512203941.56 0 0
1512203941.66 0 0
1512203941.77 0 0
1512203941.86 0 0
1512203941.96 0 0
1512203942.06 0 0
1512203942.16 0 0
1512203942.26 0 0
1512203942.36 0 0
1512203942.46 0 0
1512203942.56 0 0
1512203942.66 0 0
1512203942.76 0 0
1512203942.87 0 0
1512203942.97 0 0
1512203943.07 0 0
1512203943.17 0 0
1512203943.27 0 0
1512203943.37 0 0
1512203943.47 0 0
1512203943.57 0 0
1512203943.67 0 0
1512203943.77 0 0
1512203943.87 0 0
1512203943.97 0 0
1512203944.07 0 0
1512203944.17 0 0
1512203944.27 0 0
1512203944.37 0 0
1512203944.47 0 0
1512203944.57 0 0
1512203944.67 0 0
1512203944.77 0 0
1512203944.87 0 0
1512203944.97 0 0
1512203945.07 0 0
1512203945.17 0 0
1512203945.27 0 0
1512203945.37 0 0
1512203945.47 0 0
1512203945.57 0 0
1512203945.67 0 0
1512203945.77 0 0
1512203945.87 0 0
1512203945.97 0 0
1512203946.07 0 0
1512203946.17 0 0
1512203946.27 0 0
1512203946.37 0 0
1512203946.47 0 0
1512203946.57 0 0
1512203946.67 0 0
1512203946.77 0 0
1512203946.87 0 0
1512203946.97 0 0
1512203947.07 0 0
1512203947.17 0 0
1512203947.27 0 0
1512203947.37 0 0
1512203947.47 0 0
1512203947.57 0 0
1512203947.67 0 0
1512203947.77 0 0
1512203947.87 0 0
1512203947.97 0 0
1512203948.07 0 0
1512203948.18 0 0
1512203948.27 0 0
1512203948.37 0 0
1512203948.48 0 0
1512203948.58 0 0
1512203948.68 0 0
1512203948.78 0 0
1512203948.88 0 0
1512203948.98 0 0
1512203949.08 0 0
1512203949.18 0 0
1512203949.28 0 0
1512203949.38 0 0
1512203949.48 0 0
1512203949.58 0 0
1512203949.68 0 0
1512203949.78 0 0
1512203949.88 0 0
1512203949.98 0 0
1512203950.08 0 0
1512203950.18 0 0
1512203950.28 0 0
1512203950.38 0 0
1512203950.48 0 0
1512203950.58 0 0
1512203950.68 0 0
1512203950.78 0 0
1512203950.88 0 0
1512203950.98 0 0
1512203951.08 0 0
1512203951.18 0 0
1512203951.28 0 0
1512203951.38 0 0
1512203951.48 0 0
1512203951.58 0 0
1512203951.68 0 0
1512203951.78 0 0
1512203951.88 0 0
1512203951.98 0 0
1512203952.08 0 0
1512203952.18 0 0
1512203952.28 0 0
1512203952.38 0 0
1512203952.48 0 0
1512203952.58 0 0
1512203952.69 0 0
1512203952.78 0 0
1512203952.88 0 0
1512203952.98 0 0
1512203953.08 0 0
1512203953.19 0 0
1512203953.29 0 0
1512203953.39 0 0
1512203953.49 0 0
1512203953.59 0 0
1512203953.69 0 0
1512203953.79 0 0
1512203953.89 0 0
1512203953.99 0 0
1512203954.09 0 0
1512203954.19 0 0
1512203954.29 0 0
1512203954.39 0 0
1512203954.49 0 0
1512203954.59 0 0
1512203954.69 0 0
1512203954.79 0 0
1512203954.89 0 0
1512203954.99 0 0
1512203955.09 0 0
1512203955.19 0 0
1512203955.29 0 0
1512203955.39 0 0
1512203955.49 0 1514
1512203955.59 0 0
1512203955.69 0 0
1512203955.79 0 16654
1512203955.89 0 62074
1512203955.99 0 60560
1512203956.09 0 60560
1512203956.19 0 62074
1512203956.29 0 60560
1512203956.39 0 60560
1512203956.49 0 62074
1512203956.59 0 59046
1512203956.69 0 62074
1512203956.79 0 60560
1512203956.9 0 62074
1512203956.99 0 59046
1512203957.09 0 60560
1512203957.2 0 62074
1512203957.29 0 60560
1512203957.39 0 60560
1512203957.49 1514 59046
1512203957.6 0 62074
1512203957.69 0 60560
1512203957.8 1514 60560
1512203957.9 0 62074
1512203958.0 0 60560
1512203958.1 0 60560
1512203958.2 0 60560
1512203958.3 0 62074
1512203958.4 0 60560
1512203958.5 0 60560
1512203958.6 0 60560
1512203958.7 0 60560
1512203958.8 0 60560
1512203958.9 0 60560
1512203959.0 0 62074
1512203959.1 0 60560
1512203959.2 0 62074
1512203959.3 0 59046
1512203959.4 0 62074
1512203959.5 0 59046
1512203959.6 0 62074
1512203959.7 0 60560
1512203959.8 0 62074
1512203959.9 0 60560
1512203960.0 0 60560
1512203960.1 0 60560
1512203960.2 0 60560
1512203960.3 0 60560
1512203960.4 0 62074
1512203960.5 0 59046
1512203960.6 0 62074
1512203960.7 0 60560
1512203960.8 0 60560
1512203960.9 0 60560
1512203961.0 1514 60560
1512203961.1 0 63588
1512203961.2 0 59046
1512203961.3 0 60560
1512203961.4 0 62074
1512203961.5 0 60560
1512203961.6 0 59046
1512203961.7 0 62074
1512203961.8 0 60560
1512203961.9 0 60560
1512203962.0 0 62074
1512203962.1 0 60560
1512203962.2 0 60560
1512203962.3 0 60560
1512203962.4 0 60560
1512203962.5 0 60560
1512203962.6 0 60560
1512203962.7 0 60560
1512203962.8 0 62074
1512203962.9 0 60560
1512203963.0 0 60560
1512203963.1 0 60560
1512203963.2 0 60560
1512203963.3 0 62074
1512203963.41 0 60560
1512203963.51 0 62074
1512203963.61 0 60560
1512203963.71 0 60560
1512203963.81 0 60560
1512203963.91 0 60560
1512203964.01 0 62074
1512203964.11 0 60560
1512203964.21 0 60560
1512203964.31 1514 59046
1512203964.41 1514 62074
1512203964.51 0 62074
1512203964.61 0 60560
1512203964.71 0 60560
1512203964.81 0 63588
1512203964.91 0 57532
1512203965.01 0 62074
1512203965.11 0 59046
1512203965.21 0 63588
1512203965.31 0 59046
1512203965.41 1514 60560
1512203965.51 0 63588
1512203965.62 1514 65102
1512203965.71 28766 57532
1512203965.82 77214 65102
1512203965.92 80242 60560
1512203966.02 52990 63588
1512203966.12 0 54504
1512203966.22 0 1514
1512203966.32 0 6056
1512203966.42 0 25738
1512203966.52 0 31794
1512203966.62 0 18168
1512203966.72 0 19682
1512203966.82 0 21196
1512203966.92 0 22710
1512203967.02 0 21196
1512203967.12 0 24224
1512203967.22 0 30280
1512203967.32 0 31794
1512203967.42 0 33308
1512203967.52 0 36336
1512203967.62 0 42392
1512203967.72 0 40878
1512203967.82 0 49962
1512203967.92 0 52990
1512203968.02 0 59046
1512203968.12 0 62074
1512203968.23 3028 68130
1512203968.33 10598 62074
1512203968.42 18168 60560
1512203968.53 24224 62074
1512203968.63 0 56018
1512203968.73 0 24224
1512203968.83 0 49962
1512203968.93 0 56018
1512203969.03 0 54504
1512203969.13 0 51476
1512203969.23 0 54504
1512203969.33 0 56018
1512203969.43 0 60560
1512203969.53 0 62074
1512203969.63 3028 63588
1512203969.73 10598 63588
1512203969.83 16654 60560
1512203969.93 18168 62074
1512203970.03 0 24224
1512203970.14 0 45420
1512203970.23 0 45420
1512203970.34 0 54504
1512203970.43 0 51476
1512203970.53 0 51476
1512203970.64 0 54504
1512203970.74 0 57532
1512203970.84 0 57532
1512203970.94 1514 62074
1512203971.04 6056 65102
1512203971.14 13626 62074
1512203971.24 16654 63588
1512203971.34 0 57532
1512203971.44 0 31794
1512203971.54 0 51476
1512203971.64 0 59046
1512203971.74 0 57532
1512203971.84 0 59046
1512203971.94 1514 59046
1512203972.04 1514 63588
1512203972.14 3028 62074
1512203972.24 6056 63588
1512203972.34 12112 62074
1512203972.44 12112 63588
1512203972.54 0 56018
1512203972.64 0 40878
1512203972.75 0 56018
1512203972.85 0 57532
1512203972.95 0 59046
1512203973.05 0 60560
1512203973.16 3028 66616
1512203973.25 4542 59046
1512203973.35 6056 62074
1512203973.45 7570 62074
1512203973.55 0 43906
1512203973.65 0 1514
1512203973.75 0 10598
1512203973.85 0 1514
1512203973.95 0 22710
1512203974.05 0 25738
1512203974.15 0 24224
1512203974.25 0 24224
1512203974.35 0 27252
1512203974.46 0 27252
1512203974.56 0 27252
1512203974.66 0 31794
1512203974.76 0 33308
1512203974.86 0 34822
1512203974.96 0 37850
1512203975.06 0 43906
1512203975.16 0 43906
1512203975.27 0 52990
1512203975.36 0 51476
1512203975.46 0 52990
1512203975.56 0 45420
1512203975.66 0 12112
1512203975.77 0 40878
1512203975.87 0 19682
1512203975.96 0 30280
1512203976.06 0 36336
1512203976.17 0 36336
1512203976.27 0 39364
1512203976.37 0 39364
1512203976.46 0 39364
1512203976.57 0 42392
1512203976.66 0 42392
1512203976.77 0 51476
1512203976.87 0 51476
1512203976.97 0 45420
1512203977.07 0 31794
1512203977.17 0 9084
1512203977.27 0 19682
1512203977.37 0 27252
1512203977.47 0 33308
1512203977.57 0 33308
1512203977.68 0 36336
1512203977.77 0 33308
1512203977.87 0 33308
1512203977.97 0 39364
1512203978.07 0 39364
1512203978.17 0 46934
1512203978.27 0 46934
1512203978.37 0 48448
1512203978.47 0 43906
1512203978.57 0 24224
1512203978.67 0 12112
1512203978.78 0 21196
1512203978.88 0 30280
1512203978.98 0 30280
1512203979.08 0 33308
1512203979.18 0 31794
1512203979.28 0 34822
1512203979.38 0 34822
1512203979.48 0 36336
1512203979.58 0 40878
1512203979.68 0 43906
1512203979.78 0 45420
1512203979.89 0 49962
1512203979.98 0 36336
1512203980.08 0 30280
1512203980.18 0 13626
1512203980.28 0 28766
1512203980.38 0 30280
1512203980.49 0 33308
1512203980.59 0 34822
1512203980.68 0 33308
1512203980.78 0 34822
1512203980.88 0 37850
1512203980.98 0 39364
1512203981.09 0 43906
1512203981.19 1514 45420
1512203981.28 0 45420
1512203981.38 0 49962
1512203981.48 0 36336
1512203981.58 0 10598
1512203981.69 0 7570
1512203981.79 0 22710
1512203981.89 0 25738
1512203981.99 0 28766
1512203982.09 0 30280
1512203982.19 0 28766
1512203982.29 0 28766
1512203982.39 0 31794
1512203982.49 0 31794
1512203982.59 0 37850
1512203982.69 0 39364
1512203982.79 0 42392
1512203982.89 0 45420
1512203982.99 0 48448
1512203983.1 0 48448
1512203983.2 0 45420
1512203983.3 0 43906
1512203983.4 0 54504
1512203983.5 0 57532
1512203983.6 0 63588
1512203983.7 3028 60560
1512203983.79 10598 62074
1512203983.9 19682 63588
1512203984.0 30280 62074
1512203984.1 19682 65102
1512203984.2 0 22710
1512203984.3 0 36336
1512203984.4 0 45420
1512203984.5 0 51476
1512203984.6 0 51476
1512203984.7 0 45420
1512203984.8 0 49962
1512203984.9 0 52990
1512203985.0 0 51476
1512203985.1 0 60560
1512203985.2 1514 62074
1512203985.31 3028 65102
1512203985.4 7570 62074
1512203985.51 10598 63588
1512203985.61 3028 62074
1512203985.71 0 56018
1512203985.81 0 59046
1512203985.91 1514 59046
1512203986.01 3028 65102
1512203986.11 6056 60560
1512203986.21 7570 65102
1512203986.31 6056 62074
1512203986.41 0 60560
1512203986.51 0 54504
1512203986.61 0 56018
1512203986.71 0 62074
1512203986.81 1514 65102
1512203986.91 6056 62074
1512203987.01 9084 63588
1512203987.11 6056 62074
1512203987.21 3028 60560
1512203987.31 0 57532
1512203987.41 0 54504
1512203987.51 0 60560
1512203987.61 0 63588
1512203987.71 3028 63588
1512203987.81 7570 62074
1512203987.92 10598 66616
1512203988.01 3028 59046
1512203988.11 0 51476
1512203988.22 0 56018
1512203988.31 0 59046
1512203988.41 1514 62074
1512203988.52 1514 63588
1512203988.61 6056 62074
1512203988.71 7570 62074
1512203988.81 7570 63588
1512203988.91 0 60560
1512203989.02 0 51476
1512203989.12 0 57532
1512203989.22 1514 62074
1512203989.32 1514 63588
1512203989.42 4542 62074
1512203989.52 7570 63588
1512203989.62 7570 63588
1512203989.72 0 57532
1512203989.82 0 52990
1512203989.92 0 59046
1512203990.02 3028 60560
1512203990.12 4542 62074
1512203990.22 7570 62074
1512203990.32 6056 63588
1512203990.42 0 57532
1512203990.52 0 54504
1512203990.62 0 60560
1512203990.73 1514 62074
1512203990.82 4542 60560
1512203990.93 7570 65102
1512203991.02 9084 60560
1512203991.12 0 59046
1512203991.22 0 51476
1512203991.32 1514 56018
1512203991.43 1514 63588
1512203991.52 0 62074
1512203991.62 0 62074
1512203991.73 4542 65102
1512203991.83 10598 59046
1512203991.93 6056 65102
1512203992.03 1514 62074
1512203992.13 0 56018
1512203992.23 0 60560
1512203992.33 0 60560
1512203992.43 3028 63588
1512203992.53 9084 60560
1512203992.63 12112 66616
1512203992.73 6056 60560
1512203992.83 0 40878
1512203992.93 0 51476
1512203993.03 0 52990
1512203993.14 1514 60560
1512203993.23 0 57532
1512203993.33 0 62074
1512203993.44 0 63588
1512203993.54 3028 62074
1512203993.64 9084 63588
1512203993.74 13626 62074
1512203993.84 6056 62074
1512203993.94 0 48448
1512203994.04 0 49962
1512203994.14 0 54504
1512203994.24 0 60560
1512203994.34 0 60560
1512203994.44 0 63588
1512203994.54 3028 62074
1512203994.64 9084 62074
1512203994.74 12112 65102
1512203994.84 3028 60560
1512203994.94 0 48448
1512203995.04 0 56018
1512203995.14 1514 57532
1512203995.24 0 62074
1512203995.34 0 63588
1512203995.44 1514 62074
1512203995.54 6056 62074
1512203995.64 10598 63588
1512203995.74 4542 62074
1512203995.84 0 60560
1512203995.95 0 57532
1512203996.04 0 59046
1512203996.14 0 63588
1512203996.24 3028 63588
1512203996.35 9084 63588
1512203996.45 13626 62074
1512203996.55 3028 62074
1512203996.65 0 39364
1512203996.75 0 54504
1512203996.85 0 54504
1512203996.95 0 60560
1512203997.05 0 63588
1512203997.15 1514 62074
1512203997.25 4542 63588
1512203997.35 9084 60560
1512203997.45 7570 63588
1512203997.55 0 60560
1512203997.65 0 56018
1512203997.75 0 59046
1512203997.85 0 62074
1512203997.95 4542 63588
1512203998.05 9084 63588
1512203998.15 13626 62074
1512203998.25 1514 63588
1512203998.35 0 39364
1512203998.45 0 51476
1512203998.55 0 56018
1512203998.65 0 59046
1512203998.75 0 66616
1512203998.85 1514 60560
1512203998.95 4542 62074
1512203999.05 7570 63588
1512203999.15 9084 62074
1512203999.25 0 63588
1512203999.35 0 52990
1512203999.45 0 60560
1512203999.55 0 63588
1512203999.65 3028 62074
1512203999.75 9084 63588
1512203999.85 13626 62074
1512203999.96 3028 65102
1512204000.06 0 39364
1512204000.16 0 51476
1512204000.26 0 57532
1512204000.36 0 57532
1512204000.46 0 63588
1512204000.56 1514 62074
1512204000.66 6056 62074
1512204000.76 9084 63588
1512204000.86 9084 62074
1512204000.96 0 60560
1512204001.06 0 48448
1512204001.16 0 57532
1512204001.26 0 62074
1512204001.36 1514 63588
1512204001.46 4542 63588
1512204001.56 12112 56018
1512204001.67 4542 69644
1512204001.76 0 54504
1512204001.86 0 52990
1512204001.96 0 59046
1512204002.06 1514 60560
1512204002.16 6056 62074
1512204002.27 6056 63588
1512204002.36 4542 62074
1512204002.47 1514 63588
1512204002.56 0 56018
1512204002.67 0 60560
1512204002.77 3028 60560
1512204002.87 6056 63588
1512204002.97 7570 62074
1512204003.07 6056 62074
1512204003.17 0 60560
1512204003.27 0 54504
1512204003.37 0 60560
1512204003.47 0 62074
1512204003.57 3028 62074
1512204003.67 6056 63588
1512204003.77 12112 63588
1512204003.87 3028 62074
1512204003.97 0 52990
1512204004.07 0 51476
1512204004.17 0 57532
1512204004.27 0 65102
1512204004.37 1514 62074
1512204004.48 6056 63588
1512204004.57 10598 62074
1512204004.67 4542 63588
1512204004.77 0 59046
1512204004.87 0 54504
1512204004.98 0 60560
1512204005.08 0 63588
1512204005.18 3028 63588
1512204005.28 9084 63588
1512204005.38 12112 60560
1512204005.48 3028 63588
1512204005.58 0 45420
1512204005.68 0 54504
1512204005.78 0 54504
1512204005.88 0 60560
1512204005.98 0 63588
1512204006.08 3028 63588
1512204006.18 7570 62074
1512204006.28 12112 62074
1512204006.38 3028 63588
1512204006.48 0 46934
1512204006.58 0 54504
1512204006.68 0 60560
1512204006.78 0 60560
1512204006.88 0 66616
1512204006.98 4542 62074
1512204007.08 10598 63588
1512204007.19 10598 62074
1512204007.28 1514 60560
1512204007.38 0 45420
1512204007.49 0 56018
1512204007.58 0 59046
1512204007.69 0 62074
1512204007.79 0 65102
1512204007.89 4542 62074
1512204007.99 12112 62074
1512204008.09 7570 62074
1512204008.19 0 57532
1512204008.29 0 51476
1512204008.39 0 60560
1512204008.49 0 63588
1512204008.59 0 63588
1512204008.69 4542 60560
1512204008.79 10598 62074
1512204008.9 7570 66616
1512204008.99 0 56018
1512204009.09 0 54504
1512204009.19 0 57532
1512204009.29 0 60560
1512204009.39 1514 65102
1512204009.49 6056 62074
1512204009.59 12112 62074
1512204009.69 6056 62074
1512204009.8 0 52990
1512204009.9 0 52990
1512204009.99 0 56018
1512204010.09 0 62074
1512204010.19 1514 60560
1512204010.29 4542 62074
1512204010.39 7570 62074
1512204010.5 9084 63588
1512204010.6 0 60560
1512204010.7 0 52990
1512204010.8 0 56018
1512204010.9 0 62074
1512204011.0 1514 65102
1512204011.1 6056 63588
1512204011.2 10598 60560
1512204011.3 6056 62074
1512204011.4 0 56018
1512204011.5 0 54504
1512204011.6 0 57532
1512204011.7 3028 60560
1512204011.8 3028 63588
1512204011.9 3028 63588
1512204012.0 4542 62074
1512204012.1 3028 59046
1512204012.2 0 68130
1512204012.3 0 60560
1512204012.4 1514 62074
1512204012.51 7570 66616
1512204012.6 12112 59046
1512204012.7 4542 62074
1512204012.8 0 49962
1512204012.9 0 54504
1512204013.0 0 57532
1512204013.11 0 60560
1512204013.21 0 63588
1512204013.31 3028 63588
1512204013.41 7570 62074
1512204013.51 12112 62074
1512204013.61 7570 62074
1512204013.71 0 49962
1512204013.81 0 49962
1512204013.91 3028 52990
1512204014.01 0 62074
1512204014.11 0 59046
1512204014.21 0 60560
1512204014.31 0 63588
1512204014.41 3028 63588
1512204014.51 10598 62074
1512204014.61 16654 60560
1512204014.71 7570 63588
1512204014.81 0 39364
1512204014.91 0 48448
1512204015.01 0 51476
1512204015.12 0 54504
1512204015.21 0 54504
1512204015.32 0 60560
1512204015.42 0 62074
1512204015.52 0 65102
1512204015.62 4542 60560
1512204015.72 12112 62074
1512204015.82 15140 60560
1512204015.92 1514 65102
1512204016.02 0 34822
1512204016.12 0 51476
1512204016.22 0 57532
1512204016.32 0 60560
1512204016.42 0 60560
1512204016.52 0 63588
1512204016.62 1514 62074
1512204016.72 9084 62074
1512204016.82 15140 63588
1512204016.92 9084 62074
1512204017.03 0 43906
1512204017.13 0 48448
1512204017.23 0 54504
1512204017.32 0 54504
1512204017.42 0 59046
1512204017.53 0 62074
1512204017.63 0 63588
1512204017.73 3028 63588
1512204017.83 9084 65102
1512204017.93 15140 62074
1512204018.03 12112 60560
1512204018.14 0 45420
1512204018.23 0 39364
1512204018.33 0 51476
1512204018.43 0 54504
1512204018.53 0 54504
1512204018.63 0 60560
1512204018.73 0 60560
1512204018.83 0 60560
1512204018.94 3028 66616
1512204019.03 10598 57532
1512204019.13 18168 62074
1512204019.24 13626 63588
1512204019.33 0 31794
1512204019.44 0 39364
1512204019.54 0 48448
1512204019.64 0 51476
1512204019.73 0 51476
1512204019.84 0 57532
1512204019.94 0 54504
1512204020.03 0 57532
1512204020.14 0 60560
1512204020.24 3028 63588
1512204020.34 12112 63588
1512204020.44 18168 60560
1512204020.54 6056 66616
1512204020.64 0 31794
1512204020.74 0 46934
1512204020.85 0 56018
1512204020.94 0 54504
1512204021.05 0 59046
1512204021.15 0 60560
1512204021.24 0 54504
1512204021.35 0 66616
1512204021.45 4542 62074
1512204021.55 13626 63588
1512204021.64 16654 60560
1512204021.75 0 63588
1512204021.85 0 34822
1512204021.95 0 48448
1512204022.06 0 60560
1512204022.15 0 57532
1512204022.25 0 59046
1512204022.35 0 62074
1512204022.46 1514 65102
1512204022.56 4542 63588
1512204022.66 9084 62074
1512204022.76 15140 62074
1512204022.86 6056 62074
1512204022.96 0 42392
1512204023.06 0 51476
1512204023.16 0 54504
1512204023.26 0 57532
1512204023.36 0 60560
1512204023.46 0 60560
1512204023.56 3028 63588
1512204023.66 6056 60560
1512204023.76 7570 62074
1512204023.86 6056 65102
1512204023.96 3028 60560
1512204024.06 0 60560
1512204024.16 0 57532
1512204024.26 0 57532
1512204024.37 0 66616
1512204024.46 4542 62074
1512204024.56 13626 60560
1512204024.66 13626 63588
1512204024.77 0 56018
1512204024.86 0 36336
1512204024.96 0 51476
1512204025.06 0 54504
1512204025.17 0 63588
1512204025.26 0 56018
1512204025.36 0 62074
1512204025.47 1514 62074
1512204025.57 9084 62074
1512204025.67 12112 63588
1512204025.77 9084 63588
1512204025.87 0 49962
1512204025.97 0 51476
1512204026.07 0 54504
1512204026.17 0 57532
1512204026.27 0 62074
1512204026.37 0 65102
1512204026.47 4542 59046
1512204026.57 9084 62074
1512204026.67 10598 62074
1512204026.77 7570 60560
1512204026.87 0 49962
1512204026.97 0 48448
1512204027.07 0 56018
1512204027.17 0 57532
1512204027.27 1514 57532
1512204027.37 1514 63588
1512204027.47 3028 62074
1512204027.57 3028 63588
1512204027.67 3028 63588
1512204027.77 6056 60560
1512204027.87 7570 62074
1512204027.97 6056 63588
1512204028.07 0 62074
1512204028.17 0 54504
1512204028.27 0 57532
1512204028.37 0 62074
1512204028.47 1514 62074
1512204028.57 6056 63588
1512204028.67 12112 60560
1512204028.77 12112 63588
1512204028.87 0 56018
1512204028.97 0 37850
1512204029.07 0 52990
1512204029.17 0 56018
1512204029.28 1514 62074
1512204029.37 0 59046
1512204029.48 0 63588
1512204029.58 0 63588
1512204029.68 4542 63588
1512204029.78 12112 60560
1512204029.88 15140 63588
1512204029.98 7570 62074
1512204030.08 0 36336
1512204030.18 0 48448
1512204030.28 0 51476
1512204030.38 0 56018
1512204030.48 0 54504
1512204030.58 0 60560
1512204030.68 0 60560
1512204030.78 0 63588
1512204030.88 4542 62074
1512204030.98 12112 63588
1512204031.09 18168 63588
1512204031.18 7570 59046
1512204031.28 0 30280
1512204031.38 0 48448
1512204031.48 0 51476
1512204031.58 0 52990
1512204031.68 0 54504
1512204031.78 0 56018
1512204031.88 0 59046
1512204031.98 0 62074
1512204032.08 0 63588
1512204032.18 6056 62074
1512204032.28 16654 62074
1512204032.39 16654 66616
1512204032.48 0 48448
1512204032.59 0 31794
1512204032.69 0 51476
1512204032.79 0 54504
1512204032.89 0 56018
1512204032.99 0 59046
1512204033.09 0 57532
1512204033.19 0 63588
1512204033.29 1514 62074
1512204033.39 7570 66616
1512204033.49 13626 60560
1512204033.59 12112 62074
1512204033.69 0 52990
1512204033.79 0 42392
1512204033.89 0 52990
1512204033.99 0 57532
1512204034.09 0 59046
1512204034.19 0 60560
1512204034.29 0 62074
1512204034.39 1514 62074
1512204034.49 7570 63588
1512204034.59 15140 62074
1512204034.69 13626 65102
1512204034.79 0 46934
1512204034.9 0 40878
1512204034.99 0 48448
1512204035.09 0 52990
1512204035.2 0 63588
1512204035.3 0 56018
1512204035.39 0 60560
1512204035.49 0 62074
1512204035.59 1514 62074
1512204035.69 9084 63588
1512204035.79 18168 60560
1512204035.89 16654 65102
1512204036.0 0 40878
1512204036.09 0 31794
1512204036.19 0 45420
1512204036.3 0 54504
1512204036.39 0 51476
1512204036.49 0 57532
1512204036.59 0 54504
1512204036.69 0 56018
1512204036.79 0 62074
1512204036.89 1514 62074
1512204036.99 9084 63588
1512204037.1 18168 63588
1512204037.19 18168 62074
1512204037.3 0 40878
1512204037.39 0 30280
1512204037.5 0 48448
1512204037.6 0 52990
1512204037.7 0 54504
1512204037.8 0 51476
1512204037.9 0 57532
1512204038.0 0 57532
1512204038.1 0 54504
1512204038.2 3028 63588
1512204038.3 9084 63588
1512204038.4 16654 62074
1512204038.5 15140 62074
1512204038.6 0 39364
1512204038.7 0 34822
1512204038.8 0 51476
1512204038.9 0 54504
1512204039.0 0 52990
1512204039.1 0 54504
1512204039.2 0 59046
1512204039.3 0 59046
1512204039.4 1514 59046
1512204039.5 4542 60560
1512204039.6 12112 63588
1512204039.7 13626 66616
1512204039.81 1514 62074
1512204039.9 0 33308
1512204040.0 0 54504
1512204040.1 0 54504
1512204040.2 0 60560
1512204040.3 1514 62074
1512204040.4 3028 62074
1512204040.51 1514 65102
1512204040.6 3028 62074
1512204040.7 6056 60560
1512204040.8 9084 62074
1512204040.9 7570 63588
1512204041.0 0 54504
1512204041.1 0 24224
1512204041.2 0 30280
1512204041.3 0 33308
1512204041.4 0 33308
1512204041.5 0 37850
1512204041.6 0 37850
1512204041.7 0 40878
1512204041.8 0 43906
1512204041.9 0 49962
1512204042.0 0 56018
1512204042.1 0 49962
1512204042.2 0 63588
1512204042.3 1514 60560
1512204042.4 0 57532
1512204042.5 0 59046
1512204042.6 3028 62074
1512204042.7 0 63588
1512204042.8 0 59046
1512204042.9 0 62074
1512204043.0 0 62074
1512204043.1 1514 63588
1512204043.2 4542 62074
1512204043.3 1514 63588
1512204043.4 0 62074
1512204043.5 0 62074
1512204043.6 0 59046
1512204043.7 0 62074
1512204043.8 0 60560
1512204043.9 0 60560
1512204044.0 0 60560
1512204044.1 0 60560
1512204044.21 0 62074
1512204044.31 0 62074
1512204044.41 0 59046
1512204044.5 0 59046
1512204044.61 0 63588
1512204044.7 0 59046
1512204044.81 0 62074
1512204044.91 0 54504
1512204045.01 6056 59046
1512204045.11 4542 63588
1512204045.21 1514 65102
1512204045.31 0 60560
1512204045.41 0 60560
1512204045.51 0 59046
1512204045.61 0 62074
1512204045.71 0 60560
1512204045.81 0 60560
1512204045.91 0 60560
1512204046.01 0 60560
1512204046.11 0 60560
1512204046.21 0 60560
1512204046.31 0 62074
1512204046.41 0 60560
1512204046.51 0 60560
1512204046.61 0 59046
1512204046.71 0 62074
1512204046.81 0 62074
1512204046.91 0 59046
1512204047.01 0 60560
1512204047.11 0 60560
1512204047.21 0 60560
1512204047.31 0 60560
1512204047.41 0 62074
1512204047.51 0 60560
1512204047.61 0 62074
1512204047.72 0 62074
1512204047.81 0 59046
1512204047.91 0 60560
1512204048.01 0 60560
1512204048.11 0 60560
1512204048.21 0 60560
1512204048.31 0 62074
1512204048.41 0 60560
1512204048.51 0 60560
1512204048.61 0 19682
1512204048.71 0 0
1512204048.81 0 0
1512204048.91 0 0
1512204049.01 0 0
1512204049.11 0 0
1512204049.21 0 0
1512204049.31 0 0
1512204049.41 0 0
1512204049.51 0 0
1512204049.61 0 0
1512204049.71 0 0
1512204049.81 0 0
1512204049.91 0 0
1512204050.01 0 0
1512204050.11 0 0
1512204050.21 0 0
1512204050.31 0 0
1512204050.41 0 0
1512204050.51 0 0
1512204050.61 0 0
1512204050.71 0 0
1512204050.81 0 0
1512204050.91 0 0
1512204051.01 0 0
1512204051.11 0 0
1512204051.21 0 0
1512204051.32 0 0
1512204051.42 0 0
1512204051.51 0 0
1512204051.62 0 0
1512204051.71 0 0
1512204051.81 0 0
1512204051.92 0 0
1512204052.01 0 0
1512204052.12 0 0
1512204052.22 0 0
1512204052.32 0 0
1512204052.42 0 0
1512204052.52 0 0
1512204052.62 0 0
1512204052.72 0 0
1512204052.82 0 0
1512204052.92 0 0
1512204053.02 0 0
1512204053.12 0 0
1512204053.22 0 0
1512204053.32 0 0
1512204053.42 0 0
1512204053.52 0 0
1512204053.62 0 0
1512204053.72 0 0
1512204053.82 0 0
1512204053.92 0 0
1512204054.02 0 0
1512204054.12 0 0
1512204054.22 0 0
1512204054.32 0 0
1512204054.42 0 0
1512204054.52 0 0
1512204054.62 0 0
1512204054.72 0 0
1512204054.82 0 0
1512204054.92 0 0
1512204055.02 0 0
1512204055.12 0 0
1512204055.22 0 0
1512204055.32 0 0
1512204055.43 0 0
1512204055.52 0 0
1512204055.62 0 0
1512204055.72 0 0
1512204055.82 0 0
1512204055.92 0 0
1512204056.02 0 0
1512204056.12 0 0
1512204056.22 0 0
1512204056.32 0 0
1512204056.42 0 0
1512204056.52 0 0
1512204056.62 0 0
1512204056.72 0 0
1512204056.82 0 0
1512204056.92 0 0
1512204057.02 0 0
1512204057.12 0 0
1512204057.23 0 0
1512204057.33 0 0
1512204057.43 0 0
1512204057.53 0 0
1512204057.63 0 0
1512204057.73 0 0
1512204057.83 0 0
1512204057.93 0 0
1512204058.03 0 0
1512204058.13 0 0
1512204058.23 0 0
1512204058.33 0 0
1512204058.43 0 0
1512204058.53 0 0
1512204058.63 0 0
1512204058.73 0 0
1512204058.83 0 0
1512204058.93 0 0
1512204059.03 0 0
1512204059.13 0 0
1512204059.23 0 0
1512204059.33 0 0
1512204059.43 0 0
1512204059.53 0 0
1512204059.63 0 0
1512204059.73 0 0
1512204059.83 0 0
1512204059.93 0 0
1512204060.03 0 0
1512204060.13 0 0
1512204060.23 0 0
1512204060.33 0 0
1512204060.43 0 0
1512204060.53 0 0
1512204060.63 0 0
1512204060.73 0 0
1512204060.83 0 0
1512204060.93 0 0
1512204061.03 0 0
1512204061.13 0 0
1512204061.23 0 0
1512204061.33 0 0
1512204061.43 0 0
1512204061.53 0 0
1512204061.63 0 0
1512204061.73 0 0
1512204061.83 0 0
1512204061.93 0 0
1512204062.03 0 0
1512204062.13 0 0
1512204062.23 0 0
1512204062.33 0 0
1512204062.43 0 0
1512204062.53 0 0
1512204062.63 0 0
1512204062.74 0 0
1512204062.83 0 0
1512204062.93 0 0
1512204063.04 0 0
1512204063.14 0 0
1512204063.24 0 0
1512204063.34 0 0
1512204063.44 0 0
1512204063.54 0 0
1512204063.64 0 0
1512204063.74 0 0
1512204063.84 0 0
1512204063.94 0 0
1512204064.04 0 0
1512204064.14 0 0
1512204064.24 0 0
1512204064.34 0 0
1512204064.44 0 0
1512204064.54 0 0
1512204064.64 0 0
1512204064.74 0 0
1512204064.84 0 0
1512204064.94 0 0
1512204065.04 0 0
1512204065.14 0 0
1512204065.24 0 0
1512204065.34 0 0
1512204065.44 0 0
1512204065.54 0 0
1512204065.64 0 0
1512204065.74 0 0
1512204065.84 0 0
1512204065.94 0 0
1512204066.04 0 0
1512204066.15 0 0
1512204066.24 0 0
1512204066.34 0 0
1512204066.44 0 0
1512204066.54 0 0
1512204066.64 0 0
1512204066.75 0 0
1512204066.85 0 0
1512204066.95 0 0
1512204067.05 0 0
1512204067.15 0 0
1512204067.25 0 0
1512204067.35 0 0
1512204067.45 0 0
1512204067.55 0 0
1512204067.65 0 0
1512204067.75 0 0
1512204067.85 0 0
1512204067.95 0 0
1512204068.05 0 0
1512204068.15 0 0
1512204068.25 0 0
1512204068.35 0 0
1512204068.45 0 0
1512204068.55 0 0
1512204068.65 0 0
1512204068.75 0 0
1512204068.85 0 0
1512204068.95 0 0
1512204069.05 0 0
1512204069.15 0 0
1512204069.25 0 0
1512204069.35 0 0
1512204069.45 0 0
1512204069.55 0 0
1512204069.65 0 0
1512204069.75 0 0
1512204069.85 0 0
1512204069.95 0 0
1512204070.05 0 0
1512204070.15 0 0
1512204070.25 0 0
1512204070.35 0 0
1512204070.45 0 0
1512204070.55 0 0
1512204070.65 0 0
1512204070.75 0 0
1512204070.85 0 0
1512204070.95 0 0
1512204071.05 0 0
1512204071.15 0 0
1512204071.25 0 0
1512204071.35 0 0
1512204071.45 0 0
1512204071.55 0 0
1512204071.65 0 0
1512204071.75 0 0
1512204071.85 0 0
1512204071.95 0 0
1512204072.05 0 0
1512204072.15 0 0
1512204072.25 0 0
1512204072.35 0 0
1512204072.45 0 0
1512204072.55 0 0
1512204