1512203915.25 2500.0 2700.0
1512203915.35 2500.0 2880.0
1512203915.45 2500.0 3042.0
1512203915.55 2500.0 3187.8
1512203915.65 2500.0 3319.02
1512203915.75 2500.0 3437.118
1512203915.85 2500.0 3543.4062
1512203915.95 2500.0 3639.06558
1512203916.05 2500.0 3725.159022
1512203916.15 2500.0 3802.6431198
1512203916.25 2500.0 3872.37880782
1512203916.36 2500.0 3935.14092704
1512203916.45 2500.0 3991.62683433
1512203916.55 2500.0 4042.4641509
1512203916.65 2500.0 4088.21773581
1512203916.75 2500.0 4129.39596223
1512203916.86 2500.0 4166.45636601
1512203916.96 2500.0 4199.81072941
1512203917.05 2500.0 4229.82965647
1512203917.15 2500.0 4256.84669082
1512203917.25 2500.0 4281.16202174
1512203917.35 2500.0 4303.04581956
1512203917.46 2500.0 4322.74123761
1512203917.55 2500.0 4340.46711385
1512203917.65 2500.0 4356.42040246
1512203917.75 2500.0 4370.77836222
1512203917.85 2500.0 4383.70052599
1512203917.95 2500.0 4395.33047339
1512203918.06 2500.0 4405.79742606
1512203918.15 2500.0 4415.21768345
1512203918.26 2500.0 4423.6959151
1512203918.35 2500.0 4431.32632359
1512203918.45 2500.0 4438.19369123
1512203918.56 2500.0 4444.37432211
1512203918.65 2500.0 4449.9368899
1512203918.75 2500.0 4454.94320091
1512203918.85 2500.0 4459.44888082
1512203918.96 2500.0 4463.50399274
1512203919.05 2500.0 4467.15359346
1512203919.15 2500.0 4470.43823412
1512203919.25 2500.0 4473.39441071
1512203919.35 2500.0 4476.05496963
1512203919.46 2500.0 4478.44947267
1512203919.56 2500.0 4480.6045254
1512203919.66 2500.0 4482.54407286
1512203919.76 2500.0 4484.28966558
1512203919.85 2500.0 4485.86069902
1512203919.95 2500.0 4487.27462912
1512203920.06 2500.0 4488.54716621
1512203920.16 2500.0 4489.69244959
1512203920.26 2500.0 4490.72320463
1512203920.36 2500.0 4491.65088416
1512203920.46 2500.0 4492.48579575
1512203920.56 2500.0 4493.23721617
1512203920.66 2500.0 4493.91349456
1512203920.76 2500.0 4494.5221451
1512203920.86 2500.0 4495.06993059
1512203920.96 2500.0 4495.56293753
1512203921.06 2500.0 4496.00664378
1512203921.16 2500.0 4496.4059794
1512203921.26 2500.0 4496.76538146
1512203921.37 2500.0 4497.08884331
1512203921.46 2500.0 4497.37995898
1512203921.56 2500.0 4497.64196308
1512203921.66 2500.0 4497.87776678
1512203921.76 2500.0 4498.0899901
1512203921.86 2500.0 4498.28099109
1512203921.96 2500.0 4498.45289198
1512203922.06 2500.0 4498.60760278
1512203922.16 2500.0 4498.7468425
1512203922.26 2500.0 4498.87215825
1512203922.37 2500.0 4498.98494243
1512203922.46 2500.0 4499.08644819
1512203922.56 2500.0 4499.17780337
1512203922.66 2500.0 4499.26002303
1512203922.76 2500.0 4499.33402073
1512203922.86 2500.0 4499.40061865
1512203922.97 2500.0 4499.46055679
1512203923.06 2500.0 4499.51450111
1512203923.16 2500.0 4499.563051
1512203923.27 2500.0 4499.6067459
1512203923.37 2500.0 4499.64607131
1512203923.47 2500.0 4499.68146418
1512203923.56 2500.0 4499.71331776
1512203923.66 2500.0 4499.74198598
1512203923.77 2500.0 4499.76778739
1512203923.87 2500.0 4499.79100865
1512203923.96 2500.0 4499.81190778
1512203924.06 2500.0 4499.830717
1512203924.17 2500.0 4499.8476453
1512203924.27 2500.0 4499.86288077
1512203924.36 2500.0 4499.8765927
1512203924.47 2500.0 4499.88893343
1512203924.57 2500.0 4499.90004008
1512203924.67 2500.0 4499.91003608
1512203924.77 2500.0 4499.91903247
1512203924.87 2500.0 4499.92712922
1512203924.97 2500.0 4499.9344163
1512203925.07 2500.0 4499.94097467
1512203925.17 2500.0 4499.9468772
1512203925.27 2500.0 4499.95218948
1512203925.37 2500.0 4499.95697053
1512203925.47 2500.0 4499.96127348
1512203925.57 2500.0 4499.96514613
1512203925.67 2500.0 4499.96863152
1512203925.77 2500.0 4499.97176837
1512203925.87 2500.0 4499.97459153
1512203925.97 2500.0 4499.97713238
1512203926.07 2500.0 4499.97941914
1512203926.17 2500.0 4499.98147723
1512203926.27 2500.0 4499.9833295
1512203926.37 2500.0 4499.98499655
1512203926.47 2500.0 4499.9864969
1512203926.57 2500.0 4499.98784721
1512203926.67 2500.0 4499.98906249
1512203926.78 2500.0 4499.99015624
1512203926.88 2500.0 4499.99114061
1512203926.97 2500.0 4499.99202655
1512203927.08 2500.0 4499.9928239
1512203927.18 2500.0 4499.99354151
1512203927.28 2500.0 4499.99418736
1512203927.37 2500.0 4499.99476862
1512203927.47 2500.0 4499.99529176
1512203927.58 2500.0 4499.99576258
1512203927.68 2500.0 4499.99618633
1512203927.77 2500.0 4499.99656769
1512203927.88 2500.0 4499.99691092
1512203927.97 2500.0 4499.99721983
1512203928.08 2500.0 4499.99749785
1512203928.17 2500.0 4499.99774806
1512203928.27 2500.0 4499.99797326
1512203928.38 2500.0 4499.99817593
1512203928.47 2500.0 4499.99835834
1512203928.58 2500.0 4499.9985225
1512203928.67 2500.0 4499.99867025
1512203928.78 2500.0 4499.99880323
1512203928.87 2500.0 4499.99892291
1512203928.97 2500.0 4499.99903061
1512203929.07 2500.0 4499.99912755
1512203929.18 2500.0 4499.9992148
1512203929.27 2500.0 4499.99929332
1512203929.37 2500.0 4499.99936399
1512203929.48 2500.0 4499.99942759
1512203929.58 2500.0 4499.99948483
1512203929.68 2500.0 4499.99953635
1512203929.78 2500.0 4499.99958271
1512203929.88 2500.0 4499.99962444
1512203929.98 2500.0 4499.999662
1512203930.08 2500.0 4499.9996958
1512203930.18 2500.0 4499.99972622
1512203930.28 2500.0 4499.9997536
1512203930.38 2500.0 4499.99977824
1512203930.48 2500.0 4499.99980041
1512203930.58 2500.0 4499.99982037
1512203930.68 2500.0 4499.99983833
1512203930.78 2500.0 4499.9998545
1512203930.88 2500.0 4499.99986905
1512203930.98 2500.0 4499.99988215
1512203931.08 2500.0 4499.99989393
1512203931.18 2500.0 4499.99990454
1512203931.28 2500.0 4499.99991408
1512203931.38 2500.0 4499.99992268
1512203931.48 2500.0 4499.99993041
1512203931.58 2500.0 4499.99993737
1512203931.68 2500.0 4499.99994363
1512203931.78 2500.0 4499.99994927
1512203931.88 2500.0 4499.99995434
1512203931.98 2500.0 4499.99995891
1512203932.08 2500.0 4499.99996302
1512203932.18 2500.0 4499.99996671
1512203932.29 2500.0 4499.99997004
1512203932.38 2500.0 4499.99997304
1512203932.48 2500.0 4499.99997573
1512203932.58 2500.0 4499.99997816
1512203932.68 2500.0 4499.99998035
1512203932.78 2500.0 4499.99998231
1512203932.89 2500.0 4499.99998408
1512203932.98 2500.0 4499.99998567
1512203933.09 2500.0 4499.9999871
1512203933.19 2500.0 4499.99998839
1512203933.28 2500.0 4499.99998955
1512203933.39 2500.0 4499.9999906
1512203933.49 2500.0 4499.99999154
1512203933.59 2500.0 4499.99999239
1512203933.69 2500.0 4499.99999315
1512203933.79 2500.0 4499.99999383
1512203933.89 2500.0 4499.99999445
1512203933.99 2500.0 4499.999995
1512203934.09 2500.0 4499.9999955
1512203934.18 2500.0 4499.99999595
1512203934.29 2500.0 4499.99999636
1512203934.39 2500.0 4499.99999672
1512203934.49 2500.0 4499.99999705
1512203934.59 2500.0 4499.99999734
1512203934.69 2500.0 4499.99999761
1512203934.79 2500.0 4499.99999785
1512203934.89 2500.0 4499.99999806
1512203934.99 2500.0 4499.99999826
1512203935.08 2500.0 4499.99999843
1512203935.18 2500.0 4499.99999859
1512203935.29 2500.0 4499.99999873
1512203935.39 2500.0 4499.99999886
1512203935.49 2500.0 4499.99999897
1512203935.59 2500.0 4499.99999907
1512203935.68 2500.0 4499.99999917
1512203935.79 2500.0 4499.99999925
1512203935.89 2500.0 4499.99999933
1512203936.0 2500.0 4499.99999939
1512203936.09 2500.0 4499.99999945
1512203936.19 2500.0 4499.99999951
1512203936.29 2500.0 4499.99999956
1512203936.39 2500.0 4499.9999996
1512203936.49 2500.0 4499.99999964
1512203936.59 2500.0 4499.99999968
1512203936.69 2500.0 4499.99999971
1512203936.8 2500.0 4499.99999974
1512203936.89 2500.0 4499.99999976
1512203936.99 2483.33333333 4499.99999979
1512203937.1 2467.0 4499.99999981
1512203937.19 2450.99333333 4499.99999983
1512203937.3 2435.3068 4499.99999985
1512203937.39 2419.93399733 4499.99999986
1512203937.5 2404.86865072 4499.99999987
1512203937.59 2376.77127771 4499.99999989
1512203937.69 2349.23585215 4499.9999999
1512203937.79 2335.58446844 4499.99999991
1512203937.89 2313.87277907 4499.99999992
1512203937.99 2292.59532349 4499.99999993
1512203938.09 2296.74341702 4499.99999993
1512203938.2 2300.80854868 4499.99999994
1512203938.3 2279.79237771 4499.99999995
1512203938.4 2284.19653015 4499.99999995
1512203938.49 2288.51259955 4499.99999996
1512203938.59 2267.74234756 4499.99999996
1512203938.69 2272.38750061 4499.99999996
1512203938.8 2276.9397506 4499.99999997
1512203938.89 2256.40095558 4499.99999997
1512203939.0 2261.27293647 4499.99999997
1512203939.09 2266.04747774 4499.99999998
1512203939.2 2245.72652819 4499.99999998
1512203939.3 2250.81199762 4499.99999998
1512203939.4 2255.79575767 4499.99999998
1512203939.5 2235.67984252 4499.99999998
1512203939.6 2240.96624567 4499.99999999
1512203939.7 2246.14692075 4499.99999999
1512203939.8 2226.22398234 4499.99999999
1512203939.9 2231.69950269 4499.99999999
1512203939.99 2237.06551264 4499.99999999
1512203940.1 2242.32420239 4499.99999999
1512203940.2 2247.47771834 4499.99999999
1512203940.3 2252.52816397 4499.99999999
1512203940.4 2257.47760069 4499.99999999
1512203940.49 2262.32804868 4499.99999999
1512203940.6 2267.0814877 4500.0
1512203940.7 2271.73985795 4500.0
1512203940.8 2276.30506079 4500.0
1512203940.9 2280.77895958 4500.0
1512203941.0 2285.16338038 4500.0
1512203941.1 2289.46011278 4500.0
1512203941.2 2293.67091052 4500.0
1512203941.3 2297.79749231 4500.0
1512203941.4 2301.84154246 4500.0
1512203941.5 2305.80471162 4500.0
1512203941.6 2309.68861738 4500.0
1512203941.7 2313.49484504 4500.0
1512203941.81 2317.22494813 4500.0
1512203941.9 2320.88044917 4500.0
1512203942.0 2324.46284019 4500.0
1512203942.1 2327.97358338 4500.0
1512203942.2 2331.41411172 4500.0
1512203942.3 2334.78582948 4500.0
1512203942.4 2338.09011289 4500.0
1512203942.5 2341.32831064 4500.0
1512203942.6 2344.50174442 4500.0
1512203942.7 2347.61170953 4500.0
1512203942.8 2350.65947534 4500.0
1512203942.9 2353.64628584 4500.0
1512203943.0 2356.57336012 4500.0
1512203943.1 2359.44189292 4500.0
1512203943.21 2362.25305506 4500.0
1512203943.3 2365.00799396 4500.0
1512203943.4 2367.70783408 4500.0
1512203943.5 2370.3536774 4500.0
1512203943.61 2372.94660385 4500.0
1512203943.7 2375.48767177 4500.0
1512203943.8 2377.97791834 4500.0
1512203943.9 2380.41835997 4500.0
1512203944.0 2382.80999277 4500.0
1512203944.11 2385.15379292 4500.0
1512203944.2 2387.45071706 4500.0
1512203944.3 2389.70170272 4500.0
1512203944.4 2391.90766866 4500.0
1512203944.5 2394.06951529 4500.0
1512203944.61 2396.18812498 4500.0
1512203944.7 2398.26436248 4500.0
1512203944.8 2400.29907523 4500.0
1512203944.91 2402.29309373 4500.0
1512203945.0 2404.24723185 4500.0
1512203945.11 2406.16228722 4500.0
1512203945.2 2408.03904147 4500.0
1512203945.3 2409.87826064 4500.0
1512203945.4 2411.68069543 4500.0
1512203945.51 2413.44708152 4500.0
1512203945.61 2415.17813989 4500.0
1512203945.71 2416.87457709 4500.0
1512203945.81 2418.53708555 4500.0
1512203945.9 2420.16634384 4500.0
1512203946.01 2421.76301696 4500.0
1512203946.11 2423.32775662 4500.0
1512203946.21 2424.86120149 4500.0
1512203946.31 2426.36397746 4500.0
1512203946.41 2427.83669791 4500.0
1512203946.51 2429.27996395 4500.0
1512203946.61 2430.69436468 4500.0
1512203946.71 2432.08047738 4500.0
1512203946.81 2433.43886783 4500.0
1512203946.91 2434.77009048 4500.0
1512203947.01 2436.07468867 4500.0
1512203947.11 2437.35319489 4500.0
1512203947.21 2438.606131 4500.0
1512203947.31 2439.83400838 4500.0
1512203947.41 2441.03732821 4500.0
1512203947.51 2442.21658165 4500.0
1512203947.61 2443.37225001 4500.0
1512203947.71 2444.50480501 4500.0
1512203947.81 2445.61470891 4500.0
1512203947.91 2446.70241473 4500.0
1512203948.01 2447.76836644 4500.0
1512203948.11 2448.81299911 4500.0
1512203948.21 2449.83673913 4500.0
1512203948.31 2450.84000435 4500.0
1512203948.41 2451.82320426 4500.0
1512203948.51 2452.78674017 4500.0
1512203948.61 2453.73100537 4500.0
1512203948.71 2454.65638526 4500.0
1512203948.81 2455.56325756 4500.0
1512203948.91 2456.45199241 4500.0
1512203949.01 2457.32295256 4500.0
1512203949.11 2458.17649351 4500.0
1512203949.21 2459.01296364 4500.0
1512203949.31 2459.83270436 4500.0
1512203949.41 2460.63605028 4500.0
1512203949.51 2461.42332927 4500.0
1512203949.61 2462.19486269 4500.0
1512203949.71 2462.95096543 4500.0
1512203949.81 2463.69194612 4500.0
1512203949.92 2464.4181072 4500.0
1512203950.01 2465.12974506 4500.0
1512203950.11 2465.82715016 4500.0
1512203950.22 2466.51060715 4500.0
1512203950.31 2467.18039501 4500.0
1512203950.41 2467.83678711 4500.0
1512203950.51 2468.48005137 4500.0
1512203950.62 2469.11045034 4500.0
1512203950.72 2469.72824133 4500.0
1512203950.82 2470.33367651 4500.0
1512203950.92 2470.92700298 4500.0
1512203951.02 2471.50846292 4500.0
1512203951.12 2472.07829366 4500.0
1512203951.22 2472.63672779 4500.0
1512203951.31 2473.18399323 4500.0
1512203951.42 2473.72031336 4500.0
1512203951.52 2474.2459071 4500.0
1512203951.62 2474.76098896 4500.0
1512203951.71 2475.26576918 4500.0
1512203951.82 2475.76045379 4500.0
1512203951.92 2476.24524472 4500.0
1512203952.02 2476.72033982 4500.0
1512203952.12 2477.18593303 4500.0
1512203952.22 2477.64221437 4500.0
1512203952.32 2478.08937008 4500.0
1512203952.42 2478.52758268 4500.0
1512203952.52 2478.95703102 4500.0
1512203952.62 2479.3778904 4500.0
1512203952.72 2479.79033259 4500.0
1512203952.82 2480.19452594 4500.0
1512203952.92 2480.59063542 4500.0
1512203953.02 2480.97882272 4500.0
1512203953.12 2481.35924626 4500.0
1512203953.22 2481.73206134 4500.0
1512203953.32 2482.09742011 4500.0
1512203953.42 2482.45547171 4500.0
1512203953.52 2482.80636227 4500.0
1512203953.62 2483.15023503 4500.0
1512203953.72 2483.48723033 4500.0
1512203953.82 2483.81748572 4500.0
1512203953.92 2484.14113601 4500.0
1512203954.02 2484.45831329 4500.0
1512203954.12 2484.76914702 4500.0
1512203954.22 2485.07376408 4500.0
1512203954.32 2485.3722888 4500.0
1512203954.42 2485.66484302 4500.0
1512203954.52 2485.95154616 4500.0
1512203954.63 2486.23251524 4500.0
1512203954.73 2486.50786493 4500.0
1512203954.83 2486.77770764 4500.0
1512203954.93 2487.04215348 4500.0
1512203955.03 2487.30131041 4500.0
1512203955.13 2487.5552842 4500.0
1512203955.23 2487.80417852 4500.0
1512203955.33 2488.04809495 4500.0
1512203955.43 2488.28713305 4500.0
1512203955.54 2488.52139039 4500.0
1512203955.64 2488.75096258 4500.0
1512203955.73 2488.97594333 4500.0
1512203955.84 2505.86309113 4500.0
1512203955.93 2522.41249597 4500.0
1512203956.04 2538.63091272 4500.0
1512203956.14 2554.52496113 4500.0
1512203956.25 2570.10112858 4500.0
1512203956.35 2585.36577267 4500.0
1512203956.45 2600.32512389 4500.0
1512203956.56 2614.98528808 4500.0
1512203956.64 2629.35224898 4500.0
1512203956.75 2643.43187067 4500.0
1512203956.85 2657.22989992 4500.0
1512203956.95 2670.75196859 4500.0
1512203957.05 2684.00359588 4500.0
1512203957.15 2696.99019063 4500.0
1512203957.26 2709.71705349 4500.0
1512203957.35 2722.18937908 4500.0
1512203957.45 2734.41225817 4500.0
1512203957.54 2746.39067967 4500.0
1512203957.65 2758.12953275 4500.0
1512203957.74 2769.63360876 4500.0
1512203957.85 2780.90760325 4500.0
1512203957.95 2791.95611785 4500.0
1512203958.05 2802.78366216 4500.0
1512203958.15 2813.39465558 4500.0
1512203958.25 2823.79342914 4500.0
1512203958.35 2833.98422722 4500.0
1512203958.45 2843.97120934 4500.0
1512203958.55 2853.75845182 4500.0
1512203958.65 2863.34994945 4500.0
1512203958.75 2872.74961713 4500.0
1512203958.85 2881.96129146 4500.0
1512203958.95 2890.98873229 4500.0
1512203959.04 2899.83562431 4500.0
1512203959.15 2908.50557849 4500.0
1512203959.25 2917.00213359 4500.0
1512203959.35 2925.32875759 4500.0
1512203959.45 2933.4888491 4500.0
1512203959.56 2941.48573879 4500.0
1512203959.65 2949.32269068 4500.0
1512203959.75 2957.00290353 4500.0
1512203959.86 2964.52951213 4500.0
1512203959.95 2971.90558855 4500.0
1512203960.05 2979.13414345 4500.0
1512203960.15 2986.21812724 4500.0
1512203960.26 2993.16043137 4500.0
1512203960.36 2999.9638894 4500.0
1512203960.45 3006.63127828 4500.0
1512203960.56 3013.16531938 4500.0
1512203960.66 3019.56867966 4500.0
1512203960.75 3025.84397274 4500.0
1512203960.85 3031.99375995 4500.0
1512203960.96 3038.02055142 4500.0
1512203961.06 3043.92680705 4500.0
1512203961.16 3049.71493758 4500.0
1512203961.26 3055.3873055 4500.0
1512203961.36 3060.94622605 4500.0
1512203961.46 3066.3939682 4500.0
1512203961.55 3071.7327555 4500.0
1512203961.65 3076.96476706 4500.0
1512203961.75 3082.09213838 4500.0
1512203961.86 3087.11696228 4500.0
1512203961.95 3092.0412897 4500.0
1512203962.05 3096.86713058 4500.0
1512203962.16 3101.59645463 4500.0
1512203962.26 3106.2311922 4500.0
1512203962.36 3110.77323503 4500.0
1512203962.46 3115.22443699 4500.0
1512203962.56 3119.58661492 4500.0
1512203962.66 3123.86154929 4500.0
1512203962.75 3128.05098497 4500.0
1512203962.86 3132.15663194 4500.0
1512203962.96 3136.18016596 4500.0
1512203963.06 3140.12322931 4500.0
1512203963.16 3143.98743139 4500.0
1512203963.26 3147.77434943 4500.0
1512203963.36 3151.48552911 4500.0
1512203963.46 3155.12248519 4500.0
1512203963.57 3158.68670216 4500.0
1512203963.66 3162.17963478 4500.0
1512203963.76 3165.60270875 4500.0
1512203963.87 3168.95732124 4500.0
1512203963.97 3172.24484148 4500.0
1512203964.06 3175.46661132 4500.0
1512203964.17 3178.62394576 4500.0
1512203964.27 3181.71813351 4500.0
1512203964.36 3184.75043751 4500.0
1512203964.46 3187.72209543 4500.0
1512203964.56 3190.63432018 4500.0
1512203964.66 3193.48830045 4500.0
1512203964.76 3196.2852011 4500.0
1512203964.87 3199.02616375 4500.0
1512203964.96 3201.71230714 4500.0
1512203965.07 3204.34472766 4500.0
1512203965.17 3206.92449978 4500.0
1512203965.27 3209.45267645 4500.0
1512203965.37 3211.93028959 4500.0
1512203965.46 3214.35835046 4500.0
1512203965.57 3216.73785012 4500.0
1512203965.68 3219.06975978 4500.0
1512203965.78 3229.68836459 4500.0
1512203965.88 3240.0945973 4500.0
1512203965.98 3250.29270535 4500.0
1512203966.09 3251.95351791 4500.0
1512203966.19 3236.91444755 4500.0
1512203966.28 3238.84282527 4500.0
1512203966.37 3249.06596876 4500.0
1512203966.47 3259.08464939 4500.0
1512203966.57 3268.9029564 4500.0
1512203966.67 3278.52489727 4500.0
1512203966.78 3287.95439933 4500.0
1512203966.87 3297.19531134 4500.0
1512203966.97 3306.25140511 4500.0
1512203967.07 3315.12637701 4500.0
1512203967.17 3323.82384947 4500.0
1512203967.27 3332.34737248 4500.0
1512203967.38 3340.70042503 4500.0
1512203967.48 3348.88641653 4500.0
1512203967.58 3356.9086882 4500.0
1512203967.69 3364.77051444 4500.0
1512203967.78 3372.47510415 4500.0
1512203967.88 3380.02560206 4500.0
1512203967.98 3387.42509002 4500.0
1512203968.08 3394.67658822 4500.0
1512203968.18 3401.78305646 4500.0
1512203968.28 3408.74739533 4500.0
1512203968.39 3415.57244742 4500.0
1512203968.5 3422.26099847 4500.0
1512203968.59 3428.8157785 4500.0
1512203968.68 3435.23946293 4500.0
1512203968.78 3441.53467368 4500.0
1512203968.88 3447.7039802 4500.0
1512203968.99 3453.7499006 4500.0
1512203969.08 3459.67490259 4500.0
1512203969.19 3465.48140453 4500.0
1512203969.28 3471.17177644 4500.0
1512203969.38 3476.74834091 4500.0
1512203969.49 3482.2133741 4500.0
1512203969.6 3487.56910661 4500.0
1512203969.7 3492.81772448 4500.0
1512203969.81 3497.96136999 4500.0
1512203969.9 3503.00214259 4500.0
1512203969.99 3507.94209974 4500.0
1512203970.09 3512.78325775 4500.0
1512203970.2 3517.52759259 4500.0
1512203970.29 3522.17704074 4500.0
1512203970.39 3526.73349992 4500.0
1512203970.49 3531.19882993 4500.0
1512203970.59 3535.57485333 4500.0
1512203970.7 3539.86335626 4500.0
1512203970.8 3544.06608914 4500.0
1512203970.9 3548.18476735 4500.0
1512203971.01 3552.22107201 4500.0
1512203971.1 3556.17665057 4500.0
1512203971.21 3560.05311755 4500.0
1512203971.3 3563.8520552 4500.0
1512203971.4 3567.5750141 4500.0
1512203971.49 3571.22351382 4500.0
1512203971.59 3574.79904354 4500.0
1512203971.7 3578.30306267 4500.0
1512203971.8 3581.73700142 4500.0
1512203971.89 3585.10226139 4500.0
1512203972.0 3588.40021616 4500.0
1512203972.1 3591.63221184 4500.0
1512203972.2 3594.7995676 4500.0
1512203972.3 3597.90357625 4500.0
1512203972.4 3600.94550472 4500.0
1512203972.5 3603.92659463 4500.0
1512203972.6 3606.84806274 4500.0
1512203972.7 3609.71110148 4500.0
1512203972.81 3612.51687945 4500.0
1512203972.91 3615.26654186 4500.0
1512203973.01 3617.96121103 4500.0
1512203973.12 3620.60198681 4500.0
1512203973.22 3623.18994707 4500.0
1512203973.32 3625.72614813 4500.0
1512203973.41 3628.21162517 4500.0
1512203973.51 3630.64739266 4500.0
1512203973.61 3633.03444481 4500.0
1512203973.72 3610.37375591 4500.0
1512203973.81 3613.16628079 4500.0
1512203973.92 3615.90295518 4500.0
1512203974.01 3618.58489607 4500.0
1512203974.11 3621.21319815 4500.0
1512203974.21 3623.78893419 4500.0
1512203974.31 3626.31315551 4500.0
1512203974.41 3628.7868924 4500.0
1512203974.51 3631.21115455 4500.0
1512203974.62 3633.58693146 4500.0
1512203974.71 3635.91519283 4500.0
1512203974.82 3638.19688897 4500.0
1512203974.92 3640.43295119 4500.0
1512203975.02 3642.62429217 4500.0
1512203975.12 3644.77180633 4500.0
1512203975.22 3646.8763702 4500.0
1512203975.32 3648.93884279 4500.0
1512203975.43 3650.96006594 4500.0
1512203975.52 3652.94086462 4500.0
1512203975.61 3654.88204733 4500.0
1512203975.72 3656.78440638 4500.0
1512203975.83 3658.64871825 4500.0
1512203975.93 3660.47574389 4500.0
1512203976.03 3662.26622901 4500.0
1512203976.12 3664.02090443 4500.0
1512203976.22 3665.74048634 4500.0
1512203976.33 3667.42567661 4500.0
1512203976.43 3669.07716308 4500.0
1512203976.53 3670.69561982 4500.0
1512203976.63 3672.28170742 4500.0
1512203976.72 3673.83607328 4500.0
1512203976.83 3675.35935181 4500.0
1512203976.93 3676.85216477 4500.0
1512203977.03 3678.31512148 4500.0
1512203977.13 3679.74881905 4500.0
1512203977.22 3681.15384267 4500.0
1512203977.34 3682.53076581 4500.0
1512203977.44 3683.8801505 4500.0
1512203977.53 3685.20254749 4500.0
1512203977.63 3686.49849654 4500.0
1512203977.74 3687.76852661 4500.0
1512203977.84 3689.01315608 4500.0
1512203977.93 3690.23289295 4500.0
1512203978.03 3691.4282351 4500.0
1512203978.13 3692.59967039 4500.0
1512203978.24 3693.74767699 4500.0
1512203978.34 3694.87272345 4500.0
1512203978.44 3695.97526898 4500.0
1512203978.53 3697.0557636 4500.0
1512203978.63 3698.11464833 4500.0
1512203978.74 3699.15235536 4500.0
1512203978.83 3700.16930825 4500.0
1512203978.94 3701.16592209 4500.0
1512203979.03 3702.14260365 4500.0
1512203979.14 3703.09975157 4500.0
1512203979.24 3704.03775654 4500.0
1512203979.34 3704.95700141 4500.0
1512203979.44 3705.85786138 4500.0
1512203979.54 3706.74070415 4500.0
1512203979.64 3707.60589007 4500.0
1512203979.74 3708.45377227 4500.0
1512203979.84 3709.28469682 4500.0
1512203979.96 3710.09900289 4500.0
1512203980.04 3710.89702283 4500.0
1512203980.13 3711.67908237 4500.0
1512203980.24 3712.44550073 4500.0
1512203980.34 3713.19659071 4500.0
1512203980.44 3713.9326589 4500.0
1512203980.55 3714.65400572 4500.0
1512203980.65 3715.3609256 4500.0
1512203980.75 3716.05370709 4500.0
1512203980.83 3716.73263295 4500.0
1512203980.95 3717.39798029 4500.0
1512203981.05 3718.05002069 4500.0
1512203981.15 3718.68902027 4500.0
1512203981.25 3719.31523987 4500.0
1512203981.35 3719.92893507 4500.0
1512203981.45 3720.53035637 4500.0
1512203981.54 3721.11974924 4500.0
1512203981.65 3721.69735426 4500.0
1512203981.74 3722.26340717 4500.0
1512203981.85 3722.81813903 4500.0
1512203981.94 3723.36177625 4500.0
1512203982.05 3723.89454072 4500.0
1512203982.15 3724.41664991 4500.0
1512203982.25 3724.92831691 4500.0
1512203982.35 3725.42975057 4500.0
1512203982.46 3725.92115556 4500.0
1512203982.55 3726.40273245 4500.0
1512203982.65 3726.8746778 4500.0
1512203982.76 3727.33718424 4500.0
1512203982.85 3727.79044056 4500.0
1512203982.96 3728.23463175 4500.0
1512203983.05 3728.66993911 4500.0
1512203983.16 3729.09654033 4500.0
1512203983.26 3729.51460952 4500.0
1512203983.36 3729.92431733 4500.0
1512203983.46 3730.32583099 4500.0
1512203983.56 3730.71931437 4500.0
1512203983.66 3731.10492808 4500.0
1512203983.77 3731.48282952 4500.0
1512203983.86 3731.85317293 4500.0
1512203983.96 3732.21610947 4500.0
1512203984.06 3732.57178728 4500.0
1512203984.16 3732.92035153 4500.0
1512203984.27 3733.2619445 4500.0
1512203984.36 3733.59670561 4500.0
1512203984.45 3733.9247715 4500.0
1512203984.55 3734.24627607 4500.0
1512203984.65 3734.56135055 4500.0
1512203984.75 3734.87012354 4500.0
1512203984.85 3735.17272107 4500.0
1512203984.96 3735.46926665 4500.0
1512203985.07 3735.75988131 4500.0
1512203985.16 3736.04468369 4500.0
1512203985.27 3736.32379001 4500.0
1512203985.36 3736.59731421 4500.0
1512203985.47 3736.86536793 4500.0
1512203985.57 3737.12806057 4500.0
1512203985.68 3737.38549936 4500.0
1512203985.77 3737.63778937 4500.0
1512203985.86 3737.88503358 4500.0
1512203985.96 3738.12733291 4500.0
1512203986.07 3738.36478625 4500.0
1512203986.18 3738.59749053 4500.0
1512203986.28 3738.82554072 4500.0
1512203986.38 3739.0490299 4500.0
1512203986.48 3739.26804931 4500.0
1512203986.57 3739.48268832 4500.0
1512203986.66 3739.69303455 4500.0
1512203986.77 3739.89917386 4500.0
1512203986.87 3740.10119039 4500.0
1512203986.97 3740.29916658 4500.0
1512203987.07 3740.49318325 4500.0
1512203987.17 3740.68331958 4500.0
1512203987.27 3740.86965319 4500.0
1512203987.37 3741.05226013 4500.0
1512203987.47 3741.23121492 4500.0
1512203987.57 3741.40659062 4500.0
1512203987.67 3741.57845881 4500.0
1512203987.77 3741.74688964 4500.0
1512203987.89 3741.91195184 4500.0
1512203987.98 3742.07371281 4500.0
1512203988.08 3742.23223855 4500.0
1512203988.19 3742.38759378 4500.0
1512203988.28 3742.5398419 4500.0
1512203988.37 3742.68904507 4500.0
1512203988.47 3742.83526416 4500.0
1512203988.57 3742.97855888 4500.0
1512203988.67 3743.1189877 4500.0
1512203988.77 3743.25660795 4500.0
1512203988.88 3743.39147579 4500.0
1512203988.97 3743.52364627 4500.0
1512203989.08 3743.65317335 4500.0
1512203989.17 3743.78010988 4500.0
1512203989.27 3743.90450768 4500.0
1512203989.38 3744.02641753 4500.0
1512203989.48 3744.14588918 4500.0
1512203989.59 3744.2629714 4500.0
1512203989.68 3744.37771197 4500.0
1512203989.78 3744.49015773 4500.0
1512203989.87 3744.60035457 4500.0
1512203989.98 3744.70834748 4500.0
1512203990.07 3744.81418053 4500.0
1512203990.18 3744.91789692 4500.0
1512203990.28 3745.01953898 4500.0
1512203990.39 3745.1191482 4500.0
1512203990.49 3745.21676524 4500.0
1512203990.58 3745.31242994 4500.0
1512203990.69 3745.40618134 4500.0
1512203990.79 3745.49805771 4500.0
1512203990.88 3745.58809656 4500.0
1512203990.99 3745.67633463 4500.0
1512203991.1 3745.76280793 4500.0
1512203991.19 3745.84755177 4500.0
1512203991.29 3745.93060074 4500.0
1512203991.39 3746.01198872 4500.0
1512203991.49 3746.09174895 4500.0
1512203991.59 3746.16991397 4500.0
1512203991.69 3746.24651569 4500.0
1512203991.79 3746.32158538 4500.0
1512203991.88 3746.39515367 4500.0
1512203991.99 3746.4672506 4500.0
1512203992.08 3746.53790558 4500.0
1512203992.19 3746.60714747 4500.0
1512203992.29 3746.67500452 4500.0
1512203992.39 3746.74150443 4500.0
1512203992.5 3746.80667434 4500.0
1512203992.59 3746.87054086 4500.0
1512203992.7 3746.93313004 4500.0
1512203992.8 3746.99446744 4500.0
1512203992.89 3747.05457809 4500.0
1512203992.99 3747.11348653 4500.0
1512203993.08 3747.1712168 4500.0
1512203993.2 3747.22779246 4500.0
1512203993.3 3747.28323661 4500.0
1512203993.4 3747.33757188 4500.0
1512203993.5 3747.39082044 4500.0
1512203993.6 3747.44300403 4500.0
1512203993.7 3747.49414395 4500.0
1512203993.81 3747.54426107 4500.0
1512203993.9 3747.59337585 4500.0
1512203994.0 3747.64150834 4500.0
1512203994.1 3747.68867817 4500.0
1512203994.19 3747.73490461 4500.0
1512203994.3 3747.78020651 4500.0
1512203994.39 3747.82460238 4500.0
1512203994.49 3747.86811034 4500.0
1512203994.59 3747.91074813 4500.0
1512203994.69 3747.95253317 4500.0
1512203994.81 3747.9934825 4500.0
1512203994.91 3748.03361285 4500.0
1512203994.99 3748.0729406 4500.0
1512203995.1 3748.11148178 4500.0
1512203995.2 3748.14925215 4500.0
1512203995.3 3748.18626711 4500.0
1512203995.4 3748.22254176 4500.0
1512203995.5 3748.25809093 4500.0
1512203995.61 3748.29292911 4500.0
1512203995.71 3748.32707053 4500.0
1512203995.81 3748.36052912 4500.0
1512203995.92 3748.39331853 4500.0
1512203996.02 3748.42545216 4500.0
1512203996.11 3748.45694312 4500.0
1512203996.21 3748.48780426 4500.0
1512203996.32 3748.51804817 4500.0
1512203996.41 3748.54768721 4500.0
1512203996.51 3748.57673347 4500.0
1512203996.61 3748.6051988 4500.0
1512203996.71 3748.63309482 4500.0
1512203996.81 3748.66043292 4500.0
1512203996.9 3748.68722427 4500.0
1512203997.0 3748.71347978 4500.0
1512203997.11 3748.73921018 4500.0
1512203997.21 3748.76442598 4500.0
1512203997.31 3748.78913746 4500.0
1512203997.4 3748.81335471 4500.0
1512203997.51 3748.83708762 4500.0
1512203997.61 3748.86034587 4500.0
1512203997.71 3748.88313895 4500.0
1512203997.82 3748.90547617 4500.0
1512203997.91 3748.92736665 4500.0
1512203998.0 3748.94881931 4500.0
1512203998.11 3748.96984293 4500.0
1512203998.21 3748.99044607 4500.0
1512203998.31 3749.01063715 4500.0
1512203998.41 3749.0304244 4500.0
1512203998.51 3749.04981592 4500.0
1512203998.6 3749.0688196 4500.0
1512203998.72 3749.08744321 4500.0
1512203998.82 3749.10569434 4500.0
1512203998.92 3749.12358045 4500.0
1512203999.01 3749.14110885 4500.0
1512203999.11 3749.15828667 4500.0
1512203999.21 3749.17512093 4500.0
1512203999.31 3749.19161852 4500.0
1512203999.4 3749.20778615 4500.0
1512203999.51 3749.22363042 4500.0
1512203999.61 3749.23915781 4500.0
1512203999.71 3749.25437466 4500.0
1512203999.81 3749.26928717 4500.0
1512203999.92 3749.28390142 4500.0
1512204000.02 3749.29822339 4500.0
1512204000.12 3749.31225893 4500.0
1512204000.22 3749.32601375 4500.0
1512204000.31 3749.33949347 4500.0
1512204000.41 3749.3527036 4500.0
1512204000.52 3749.36564953 4500.0
1512204000.61 3749.37833654 4500.0
1512204000.71 3749.39076981 4500.0
1512204000.82 3749.40295441 4500.0
1512204000.92 3749.41489532 4500.0
1512204001.02 3749.42659742 4500.0
1512204001.12 3749.43806547 4500.0
1512204001.22 3749.44930416 4500.0
1512204001.32 3749.46031808 4500.0
1512204001.43 3749.47111172 4500.0
1512204001.54 3749.48168948 4500.0
1512204001.61 3749.49205569 4500.0
1512204001.73 3749.50221458 4500.0
1512204001.82 3749.51217029 4500.0
1512204001.92 3749.52192688 4500.0
1512204002.01 3749.53148834 4500.0
1512204002.12 3749.54085858 4500.0
1512204002.23 3749.5500414 4500.0
1512204002.33 3749.55904058 4500.0
1512204002.43 3749.56785976 4500.0
1512204002.53 3749.57650257 4500.0
1512204002.63 3749.58497252 4500.0
1512204002.72 3749.59327307 4500.0
1512204002.82 3749.60140761 4500.0
1512204002.92 3749.60937945 4500.0
1512204003.02 3749.61719187 4500.0
1512204003.13 3749.62484803 4500.0
1512204003.24 3749.63235107 4500.0
1512204003.33 3749.63970405 4500.0
1512204003.42 3749.64690997 4500.0
1512204003.53 3749.65397177 4500.0
1512204003.63 3749.66089233 4500.0
1512204003.73 3749.66767448 4500.0
1512204003.84 3749.67432099 4500.0
1512204003.95 3749.68083457 4500.0
1512204004.04 3749.68721788 4500.0
1512204004.13 3749.69347353 4500.0
1512204004.23 3749.69960405 4500.0
1512204004.34 3749.70561197 4500.0
1512204004.43 3749.71149973 4500.0
1512204004.54 3749.71726974 4500.0
1512204004.64 3749.72292434 4500.0
1512204004.75 3749.72846586 4500.0
1512204004.84 3749.73389654 4500.0
1512204004.94 3749.73921861 4500.0
1512204005.04 3749.74443424 4500.0
1512204005.14 3749.74954555 4500.0
1512204005.24 3749.75455464 4500.0
1512204005.34 3749.75946355 4500.0
1512204005.44 3749.76427428 4500.0
1512204005.54 3749.76898879 4500.0
1512204005.64 3749.77360902 4500.0
1512204005.73 3749.77813684 4500.0
1512204005.84 3749.7825741 4500.0
1512204005.93 3749.78692262 4500.0
1512204006.05 3749.79118417 4500.0
1512204006.15 3749.79536048 4500.0
1512204006.25 3749.79945327 4500.0
1512204006.34 3749.80346421 4500.0
1512204006.44 3749.80739492 4500.0
1512204006.55 3749.81124702 4500.0
1512204006.64 3749.81502208 4500.0
1512204006.75 3749.81872164 4500.0
1512204006.84 3749.82234721 4500.0
1512204006.94 3749.82590027 4500.0
1512204007.05 3749.82938226 4500.0
1512204007.14 3749.83279461 4500.0
1512204007.25 3749.83613872 4500.0
1512204007.34 3749.83941595 4500.0
1512204007.44 3749.84262763 4500.0
1512204007.55 3749.84577508 4500.0
1512204007.65 3749.84885957 4500.0
1512204007.75 3749.85188238 4500.0
1512204007.85 3749.85484474 4500.0
1512204007.96 3749.85774784 4500.0
1512204008.06 3749.86059288 4500.0
1512204008.15 3749.86338103 4500.0
1512204008.25 3749.86611341 4500.0
1512204008.35 3749.86879114 4500.0
1512204008.45 3749.87141531 4500.0
1512204008.56 3749.87398701 4500.0
1512204008.67 3749.87650727 4500.0
1512204008.76 3749.87897712 4500.0
1512204008.85 3749.88139758 4500.0
1512204008.97 3749.88376963 4500.0
1512204009.07 3749.88609424 4500.0
1512204009.15 3749.88837235 4500.0
1512204009.25 3749.8906049 4500.0
1512204009.34 3749.89279281 4500.0
1512204009.45 3749.89493695 4500.0
1512204009.56 3749.89703821 4500.0
1512204009.66 3749.89909745 4500.0
1512204009.76 3749.9011155 4500.0
1512204009.86 3749.90309319 4500.0
1512204009.96 3749.90503132 4500.0
1512204010.06 3749.9069307 4500.0
1512204010.16 3749.90879208 4500.0
1512204010.26 3749.91061624 4500.0
1512204010.36 3749.91240392 4500.0
1512204010.46 3749.91415584 4500.0
1512204010.55 3749.91587272 4500.0
1512204010.66 3749.91755527 4500.0
1512204010.76 3749.91920416 4500.0
1512204010.86 3749.92082008 4500.0
1512204010.96 3749.92240368 4500.0
1512204011.06 3749.9239556 4500.0
1512204011.17 3749.92547649 4500.0
1512204011.26 3749.92696696 4500.0
1512204011.36 3749.92842762 4500.0
1512204011.46 3749.92985907 4500.0
1512204011.56 3749.93126189 4500.0
1512204011.66 3749.93263665 4500.0
1512204011.76 3749.93398392 4500.0
1512204011.87 3749.93530424 4500.0
1512204011.97 3749.93659816 4500.0
1512204012.09 3749.93786619 4500.0
1512204012.16 3749.93910887 4500.0
1512204012.28 3749.94032669 4500.0
1512204012.37 3749.94152016 4500.0
1512204012.47 3749.94268975 4500.0
1512204012.57 3749.94383596 4500.0
1512204012.66 3749.94495924 4500.0
1512204012.77 3749.94606005 4500.0
1512204012.87 3749.94713885 4500.0
1512204012.96 3749.94819608 4500.0
1512204013.07 3749.94923216 4500.0
1512204013.18 3749.95024751 4500.0
1512204013.27 3749.95124256 4500.0
1512204013.37 3749.95221771 4500.0
1512204013.46 3749.95317336 4500.0
1512204013.57 3749.95410989 4500.0
1512204013.67 3749.95502769 4500.0
1512204013.77 3749.95592714 4500.0
1512204013.86 3749.95680859 4500.0
1512204013.97 3749.95767242 4500.0
1512204014.07 3749.95851897 4500.0
1512204014.17 3749.9593486 4500.0
1512204014.26 3749.96016162 4500.0
1512204014.38 3749.96095839 4500.0
1512204014.48 3749.96173922 4500.0
1512204014.58 3749.96250444 4500.0
1512204014.69 3749.96325435 4500.0
1512204014.78 3749.96398926 4500.0
1512204014.88 3749.96470948 4500.0
1512204014.97 3749.96541529 4500.0
1512204015.07 3749.96610698 4500.0
1512204015.18 3749.96678484 4500.0
1512204015.28 3749.96744915 4500.0
1512204015.38 3749.96810016 4500.0
1512204015.48 3749.96873816 4500.0
1512204015.58 3749.9693634 4500.0
1512204015.68 3749.96997613 4500.0
1512204015.79 3749.97057661 4500.0
1512204015.88 3749.97116507 4500.0
1512204015.98 3749.97174177 4500.0
1512204016.07 3749.97230694 4500.0
1512204016.18 3749.9728608 4500.0
1512204016.27 3749.97340358 4500.0
1512204016.39 3749.97393551 4500.0
1512204016.48 3749.9744568 4500.0
1512204016.59 3749.97496766 4500.0
1512204016.69 3749.97546831 4500.0
1512204016.78 3749.97595894 4500.0
1512204016.89 3749.97643977 4500.0
1512204016.98 3749.97691097 4500.0
1512204017.09 3749.97737275 4500.0
1512204017.19 3749.9778253 4500.0
1512204017.28 3749.97826879 4500.0
1512204017.38 3749.97870341 4500.0
1512204017.48 3749.97912935 4500.0
1512204017.58 3749.97954676 4500.0
1512204017.7 3749.97995582 4500.0
1512204017.79 3749.98035671 4500.0
1512204017.9 3749.98074957 4500.0
1512204018.0 3749.98113458 4500.0
1512204018.09 3749.98151189 4500.0
1512204018.2 3749.98188165 4500.0
1512204018.3 3749.98224402 4500.0
1512204018.4 3749.98259914 4500.0
1512204018.5 3749.98294716 4500.0
1512204018.6 3749.98328821 4500.0
1512204018.7 3749.98362245 4500.0
1512204018.8 3749.98395 4500.0
1512204018.9 3749.984271 4500.0
1512204019.0 3749.98458558 4500.0
1512204019.1 3749.98489387 4500.0
1512204019.2 3749.98519599 4500.0
1512204019.3 3749.98549207 4500.0
1512204019.39 3749.98578223 4500.0
1512204019.5 3749.98606659 4500.0
1512204019.6 3749.98634525 4500.0
1512204019.7 3749.98661835 4500.0
1512204019.8 3749.98688598 4500.0
1512204019.9 3749.98714826 4500.0
1512204020.0 3749.9874053 4500.0
1512204020.09 3749.98765719 4500.0
1512204020.21 3749.98790405 4500.0
1512204020.3 3749.98814597 4500.0
1512204020.4 3749.98838305 4500.0
1512204020.5 3749.98861539 4500.0
1512204020.6 3749.98884308 4500.0
1512204020.71 3749.98906622 4500.0
1512204020.81 3749.98928489 4500.0
1512204020.91 3749.98949919 4500.0
1512204021.0 3749.98970921 4500.0
1512204021.11 3749.98991503 4500.0
1512204021.21 3749.99011673 4500.0
1512204021.31 3749.99031439 4500.0
1512204021.4 3749.9905081 4500.0
1512204021.51 3749.99069794 4500.0
1512204021.61 3749.99088398 4500.0
1512204021.71 3749.9910663 4500.0
1512204021.81 3749.99124498 4500.0
1512204021.93 3749.99142008 4500.0
1512204022.02 3749.99159168 4500.0
1512204022.11 3749.99175984 4500.0
1512204022.21 3749.99192465 4500.0
1512204022.32 3749.99208615 4500.0
1512204022.41 3749.99224443 4500.0
1512204022.52 3749.99239954 4500.0
1512204022.62 3749.99255155 4500.0
1512204022.71 3749.99270052 4500.0
1512204022.82 3749.99284651 4500.0
1512204022.92 3749.99298958 4500.0
1512204023.02 3749.99312979 4500.0
1512204023.13 3749.99326719 4500.0
1512204023.22 3749.99340185 4500.0
1512204023.32 3749.99353381 4500.0
1512204023.42 3749.99366313 4500.0
1512204023.52 3749.99378987 4500.0
1512204023.62 3749.99391407 4500.0
1512204023.73 3749.99403579 4500.0
1512204023.83 3749.99415508 4500.0
1512204023.93 3749.99427198 4500.0
1512204024.02 3749.99438654 4500.0
1512204024.12 3749.9944988 4500.0
1512204024.23 3749.99460883 4500.0
1512204024.32 3749.99471665 4500.0
1512204024.43 3749.99482232 4500.0
1512204024.53 3749.99492587 4500.0
1512204024.62 3749.99502736 4500.0
1512204024.72 3749.99512681 4500.0
1512204024.83 3749.99522427 4500.0
1512204024.93 3749.99531979 4500.0
1512204025.02 3749.99541339 4500.0
1512204025.13 3749.99550512 4500.0
1512204025.23 3749.99559502 4500.0
1512204025.33 3749.99568312 4500.0
1512204025.43 3749.99576946 4500.0
1512204025.53 3749.99585407 4500.0
1512204025.62 3749.99593699 4500.0
1512204025.73 3749.99601825 4500.0
1512204025.82 3749.99609788 4500.0
1512204025.93 3749.99617592 4500.0
1512204026.03 3749.99625241 4500.0
1512204026.13 3749.99632736 4500.0
1512204026.23 3749.99640081 4500.0
1512204026.33 3749.99647279 4500.0
1512204026.44 3749.99654334 4500.0
1512204026.54 3749.99661247 4500.0
1512204026.64 3749.99668022 4500.0
1512204026.72 3749.99674662 4500.0
1512204026.84 3749.99681169 4500.0
1512204026.93 3749.99687545 4500.0
1512204027.02 3749.99693794 4500.0
1512204027.14 3749.99699918 4500.0
1512204027.24 3749.9970592 4500.0
1512204027.34 3749.99711802 4500.0
1512204027.44 3749.99717566 4500.0
1512204027.54 3749.99723214 4500.0
1512204027.64 3749.9972875 4500.0
1512204027.74 3749.99734175 4500.0
1512204027.83 3749.99739492 4500.0
1512204027.93 3749.99744702 4500.0
1512204028.03 3749.99749808 4500.0
1512204028.13 3749.99754812 4500.0
1512204028.23 3749.99759715 4500.0
1512204028.33 3749.99764521 4500.0
1512204028.44 3749.99769231 4500.0
1512204028.54 3749.99773846 4500.0
1512204028.63 3749.99778369 4500.0
1512204028.74 3749.99782802 4500.0
1512204028.83 3749.99787146 4500.0
1512204028.93 3749.99791403 4500.0
1512204029.02 3749.99795575 4500.0
1512204029.12 3749.99799663 4500.0
1512204029.24 3749.9980367 4500.0
1512204029.34 3749.99807596 4500.0
1512204029.43 3749.99811445 4500.0
1512204029.54 3749.99815216 4500.0
1512204029.65 3749.99818911 4500.0
1512204029.75 3749.99822533 4500.0
1512204029.84 3749.99826082 4500.0
1512204029.95 3749.99829561 4500.0
1512204030.04 3749.9983297 4500.0
1512204030.14 3749.9983631 4500.0
1512204030.25 3749.99839584 4500.0
1512204030.34 3749.99842792 4500.0
1512204030.45 3749.99845936 4500.0
1512204030.54 3749.99849018 4500.0
1512204030.65 3749.99852037 4500.0
1512204030.75 3749.99854997 4500.0
1512204030.85 3749.99857897 4500.0
1512204030.95 3749.99860739 4500.0
1512204031.05 3749.99863524 4500.0
1512204031.15 3749.99866254 4500.0
1512204031.24 3749.99868928 4500.0
1512204031.34 3749.9987155 4500.0
1512204031.45 3749.99874119 4500.0
1512204031.54 3749.99876637 4500.0
1512204031.64 3749.99879104 4500.0
1512204031.74 3749.99881522 4500.0
1512204031.84 3749.99883891 4500.0
1512204031.95 3749.99886213 4500.0
1512204032.05 3749.99888489 4500.0
1512204032.15 3749.99890719 4500.0
1512204032.26 3749.99892905 4500.0
1512204032.34 3749.99895047 4500.0
1512204032.46 3749.99897146 4500.0
1512204032.55 3749.99899203 4500.0
1512204032.64 3749.99901219 4500.0
1512204032.75 3749.99903195 4500.0
1512204032.85 3749.99905131 4500.0
1512204032.94 3749.99907028 4500.0
1512204033.04 3749.99908888 4500.0
1512204033.15 3749.9991071 4500.0
1512204033.25 3749.99912496 4500.0
1512204033.35 3749.99914246 4500.0
1512204033.46 3749.99915961 4500.0
1512204033.55 3749.99917642 4500.0
1512204033.65 3749.99919289 4500.0
1512204033.75 3749.99920903 4500.0
1512204033.85 3749.99922485 4500.0
1512204033.96 3749.99924035 4500.0
1512204034.05 3749.99925554 4500.0
1512204034.15 3749.99927043 4500.0
1512204034.25 3749.99928503 4500.0
1512204034.36 3749.99929932 4500.0
1512204034.45 3749.99931334 4500.0
1512204034.56 3749.99932707 4500.0
1512204034.65 3749.99934053 4500.0
1512204034.76 3749.99935372 4500.0
1512204034.85 3749.99936665 4500.0
1512204034.96 3749.99937931 4500.0
1512204035.05 3749.99939173 4500.0
1512204035.15 3749.99940389 4500.0
1512204035.26 3749.99941581 4500.0
1512204035.36 3749.9994275 4500.0
1512204035.45 3749.99943895 4500.0
1512204035.56 3749.99945017 4500.0
1512204035.65 3749.99946117 4500.0
1512204035.75 3749.99947194 4500.0
1512204035.84 3749.9994825 4500.0
1512204035.96 3749.99949285 4500.0
1512204036.07 3749.999503 4500.0
1512204036.15 3749.99951294 4500.0
1512204036.26 3749.99952268 4500.0
1512204036.36 3749.99953222 4500.0
1512204036.45 3749.99954158 4500.0
1512204036.55 3749.99955075 4500.0
1512204036.66 3749.99955973 4500.0
1512204036.74 3749.99956854 4500.0
1512204036.84 3749.99957717 4500.0
1512204036.96 3749.99958562 4500.0
1512204037.06 3749.99959391 4500.0
1512204037.16 3749.99960203 4500.0
1512204037.27 3749.99960999 4500.0
1512204037.36 3749.99961779 4500.0
1512204037.46 3749.99962544 4500.0
1512204037.55 3749.99963293 4500.0
1512204037.65 3749.99964027 4500.0
1512204037.76 3749.99964746 4500.0
1512204037.85 3749.99965451 4500.0
1512204037.96 3749.99966142 4500.0
1512204038.06 3749.9996682 4500.0
1512204038.17 3749.99967483 4500.0
1512204038.26 3749.99968134 4500.0
1512204038.36 3749.99968771 4500.0
1512204038.46 3749.99969395 4500.0
1512204038.57 3749.99970008 4500.0
1512204038.66 3749.99970607 4500.0
1512204038.76 3749.99971195 4500.0
1512204038.85 3749.99971771 4500.0
1512204038.96 3749.99972336 4500.0
1512204039.06 3749.99972889 4500.0
1512204039.17 3749.99973431 4500.0
1512204039.26 3749.99973963 4500.0
1512204039.36 3749.99974484 4500.0
1512204039.46 3749.99974994 4500.0
1512204039.55 3749.99975494 4500.0
1512204039.66 3749.99975984 4500.0
1512204039.76 3749.99976464 4500.0
1512204039.86 3749.99976935 4500.0
1512204039.97 3749.99977396 4500.0
1512204040.07 3749.99977849 4500.0
1512204040.16 3749.99978292 4500.0
1512204040.25 3749.99978726 4500.0
1512204040.36 3749.99979151 4500.0
1512204040.45 3749.99979568 4500.0
1512204040.58 3749.99979977 4500.0
1512204040.66 3749.99980377 4500.0
1512204040.76 3749.9998077 4500.0
1512204040.87 3749.99981154 4500.0
1512204040.97 3749.99981531 4500.0
1512204041.06 3749.99981901 4500.0
1512204041.15 3741.66648929 4500.0
1512204041.25 3733.49982617 4500.0
1512204041.36 3725.49649632 4500.0
1512204041.45 3717.65323306 4500.0
1512204041.55 3709.96683506 4500.0
1512204041.65 3702.43416503 4500.0
1512204041.75 3695.05214839 4500.0
1512204041.85 3687.81777209 4500.0
1512204041.95 3689.06141665 4500.0
1512204042.06 3690.28018832 4500.0
1512204042.15 3683.14125122 4500.0
1512204042.25 3684.47842619 4500.0
1512204042.36 3685.78885767 4500.0
1512204042.45 3678.73974718 4500.0
1512204042.55 3680.16495224 4500.0
1512204042.66 3681.56165319 4500.0
1512204042.76 3674.5970868 4500.0
1512204042.86 3667.77181173 4500.0
1512204042.97 3661.08304216 4500.0
1512204043.06 3662.86138132 4500.0
1512204043.16 3664.60415369 4500.0
1512204043.27 3666.31207062 4500.0
1512204043.36 3659.65249587 4500.0
1512204043.46 3653.12611262 4500.0
1512204043.57 3646.73025703 4500.0
1512204043.66 3640.46231856 4500.0
1512204043.76 3634.31973886 4500.0
1512204043.86 3628.30001075 4500.0
1512204043.96 3622.4006772 4500.0
1512204044.06 3616.61933032 4500.0
1512204044.16 3610.95361038 4500.0
1512204044.27 3605.40120484 4500.0
1512204044.36 3599.95984741 4500.0
1512204044.46 3594.62731713 4500.0
1512204044.56 3589.40143745 4500.0
1512204044.66 3584.28007537 4500.0
1512204044.76 3579.26114053 4500.0
1512204044.86 3574.34258439 4500.0
1512204044.97 3569.52239936 4500.0
1512204045.07 3564.79861804 4500.0
1512204045.16 3560.16931235 4500.0
1512204045.27 3555.63259277 4500.0
1512204045.37 3551.18660758 4500.0
1512204045.46 3546.8295421 4500.0
1512204045.56 3542.55961792 4500.0
1512204045.66 3538.37509223 4500.0
1512204045.77 3534.27425705 4500.0
1512204045.86 3530.25543858 4500.0
1512204045.96 3526.31699647 4500.0
1512204046.07 3522.45732321 4500.0
1512204046.17 3518.67484341 4500.0
1512204046.26 3514.96801321 4500.0
1512204046.37 3511.33531961 4500.0
1512204046.46 3507.77527989 4500.0
1512204046.56 3504.28644096 4500.0
1512204046.66 3500.8673788 4500.0
1512204046.77 3497.51669789 4500.0
1512204046.87 3494.2330306 4500.0
1512204046.96 3491.01503666 4500.0
1512204047.06 3487.86140259 4500.0
1512204047.17 3484.77084121 4500.0
1512204047.26 3481.74209105 4500.0
1512204047.37 3478.77391589 4500.0
1512204047.46 3475.86510424 4500.0
1512204047.57 3473.01446882 4500.0
1512204047.66 3470.22084611 4500.0
1512204047.78 3467.48309586 4500.0
1512204047.86 3464.80010061 4500.0
1512204047.97 3462.17076526 4500.0
1512204048.07 3459.59401662 4500.0
1512204048.17 3457.06880296 4500.0
1512204048.28 3454.59409357 4500.0
1512204048.37 3452.16887836 4500.0
1512204048.47 3449.79216746 4500.0
1512204048.57 3447.46299078 4500.0
1512204048.65 3445.18039763 4500.0
1512204048.75 3426.27678968 4500.0
1512204048.86 3407.75125388 4500.0
1512204048.95 3389.59622881 4500.0
1512204049.06 3371.80430423 4500.0
1512204049.15 3354.36821814 4500.0
1512204049.25 3337.28085378 4500.0
1512204049.35 3320.53523671 4500.0
1512204049.45 3304.12453197 4500.0
1512204049.55 3288.04204133 4500.0
1512204049.65 3272.28120051 4500.0
1512204049.75 3256.8355765 4500.0
1512204049.85 3241.69886497 4500.0
1512204049.95 3226.86488767 4500.0
1512204050.05 3212.32758991 4500.0
1512204050.15 3198.08103811 4500.0
1512204050.25 3184.11941735 4500.0
1512204050.36 3170.43702901 4500.0
1512204050.46 3157.02828843 4500.0
1512204050.56 3143.88772266 4500.0
1512204050.65 3131.0099682 4500.0
1512204050.76 3118.38976884 4500.0
1512204050.85 3106.02197346 4500.0
1512204050.96 3093.90153399 4500.0
1512204051.06 3082.02350331 4500.0
1512204051.15 3070.38303325 4500.0
1512204051.25 3058.97537258 4500.0
1512204051.35 3047.79586513 4500.0
1512204051.45 3036.83994783 4500.0
1512204051.56 3026.10314887 4500.0
1512204051.66 3015.58108589 4500.0
1512204051.76 3005.26946418 4500.0
1512204051.85 2995.16407489 4500.0
1512204051.95 2985.2607934 4500.0
1512204052.05 2975.55557753 4500.0
1512204052.16 2966.04446598 4500.0
1512204052.26 2956.72357666 4500.0
1512204052.35 2947.58910512 4500.0
1512204052.46 2938.63732302 4500.0
1512204052.56 2929.86457656 4500.0
1512204052.66 2921.26728503 4500.0
1512204052.76 2912.84193933 4500.0
1512204052.86 2904.58510054 4500.0
1512204052.96 2896.49339853 4500.0
1512204053.05 2888.56353056 4500.0
1512204053.16 2880.79225995 4500.0
1512204053.25 2873.17641475 4500.0
1512204053.36 2865.71288646 4500.0
1512204053.46 2858.39862873 4500.0
1512204053.56 2851.23065615 4500.0
1512204053.66 2844.20604303 4500.0
1512204053.76 2837.32192217 4500.0
1512204053.86 2830.57548373 4500.0
1512204053.96 2823.96397405 4500.0
1512204054.06 2817.48469457 4500.0
1512204054.16 2811.13500068 4500.0
1512204054.26 2804.91230066 4500.0
1512204054.36 2798.81405465 4500.0
1512204054.46 2792.83777356 4500.0
1512204054.56 2786.98101809 4500.0
1512204054.66 2781.24139773 4500.0
1512204054.76 2775.61656977 4500.0
1512204054.86 2770.10423838 4500.0
1512204054.96 2764.70215361 4500.0
1512204055.06 2759.40811054 4500.0
1512204055.16 2754.21994833 4500.0
1512204055.26 2749.13554936 4500.0
1512204055.36 2744.15283837 4500.0
1512204055.48 2739.2697816 4500.0
1512204055.56 2734.48438597 4500.0
1512204055.66 2729.79469825 4500.0
1512204055.76 2725.19880429 4500.0
1512204055.87 2720.6948282 4500.0
1512204055.96 2716.28093164 4500.0
1512204056.06 2711.955313 4500.0
1512204056.16 2707.71620674 4500.0
1512204056.26 2703.56188261 4500.0
1512204056.37 2699.49064496 4500.0
1512204056.46 2695.50083206 4500.0
1512204056.56 2691.59081542 4500.0
1512204056.66 2687.75899911 4500.0
1512204056.76 2684.00381913 4500.0
1512204056.87 2680.32374274 4500.0
1512204056.96 2676.71726789 4500.0
1512204057.06 2673.18292253 4500.0
1512204057.17 2669.71926408 4500.0
1512204057.27 2666.3248788 4500.0
1512204057.37 2662.99838122 4500.0
1512204057.47 2659.7384136 4500.0
1512204057.56 2656.54364533 4500.0
1512204057.67 2653.41277242 4500.0
1512204057.77 2650.34451697 4500.0
1512204057.87 2647.33762663 4500.0
1512204057.96 2644.3908741 4500.0
1512204058.06 2641.50305662 4500.0
1512204058.17 2638.67299549 4500.0
1512204058.26 2635.89953558 4500.0
1512204058.36 2633.18154486 4500.0
1512204058.47 2630.51791397 4500.0
1512204058.57 2627.90755569 4500.0
1512204058.67 2625.34940457 4500.0
1512204058.76 2622.84241648 4500.0
1512204058.87 2620.38556815 4500.0
1512204058.97 2617.97785679 4500.0
1512204059.06 2615.61829965 4500.0
1512204059.17 2613.30593366 4500.0
1512204059.26 2611.03981499 4500.0
1512204059.37 2608.81901869 4500.0
1512204059.47 2606.64263831 4500.0
1512204059.57 2604.50978555 4500.0
1512204059.67 2602.41958984 4500.0
1512204059.76 2600.37119804 4500.0
1512204059.87 2598.36377408 4500.0
1512204059.97 2596.3964986 4500.0
1512204060.07 2594.46856863 4500.0
1512204060.17 2592.57919725 4500.0
1512204060.27 2590.72761331 4500.0
1512204060.37 2588.91306104 4500.0
1512204060.47 2587.13479982 4500.0
1512204060.57 2585.39210382 4500.0
1512204060.67 2583.68426175 4500.0
1512204060.77 2582.01057651 4500.0
1512204060.87 2580.37036498 4500.0
1512204060.97 2578.76295768 4500.0
1512204061.07 2577.18769853 4500.0
1512204061.18 2575.64394456 4500.0
1512204061.27 2574.13106567 4500.0
1512204061.38 2572.64844435 4500.0
1512204061.47 2571.19547547 4500.0
1512204061.57 2569.77156596 4500.0
1512204061.67 2568.37613464 4500.0
1512204061.78 2567.00861195 4500.0
1512204061.88 2565.66843971 4500.0
1512204061.97 2564.35507091 4500.0
1512204062.07 2563.06796949 4500.0
1512204062.17 2561.80661011 4500.0
1512204062.28 2560.5704779 4500.0
1512204062.38 2559.35906834 4500.0
1512204062.47 2558.17188698 4500.0
1512204062.57 2557.00844924 4500.0
1512204062.68 2555.86828025 4500.0
1512204062.77 2554.75091465 4500.0
1512204062.87 2553.65589636 4500.0
1512204062.97 2552.58277843 4500.0
1512204063.08 2551.53112286 4500.0
1512204063.18 2550.5005004 4500.0
1512204063.28 2549.49049039 4500.0
1512204063.37 2548.50068059 4500.0
1512204063.47 2547.53066698 4500.0
1512204063.58 2546.58005364 4500.0
1512204063.68 2545.64845256 4500.0
1512204063.78 2544.73548351 4500.0
1512204063.88 2543.84077384 4500.0
1512204063.98 2542.96395836 4500.0
1512204064.07 2542.1046792 4500.0
1512204064.18 2541.26258561 4500.0
1512204064.28 2540.4373339 4500.0
1512204064.38 2539.62858722 4500.0
1512204064.48 2538.83601548 4500.0
1512204064.58 2538.05929517 4500.0
1512204064.68 2537.29810927 4500.0
1512204064.78 2536.55214708 4500.0
1512204064.89 2535.82110414 4500.0
1512204064.98 2535.10468206 4500.0
1512204065.08 2534.40258841 4500.0
1512204065.18 2533.71453665 4500.0
1512204065.28 2533.04024591 4500.0
1512204065.39 2532.379441 4500.0
1512204065.48 2531.73185218 4500.0
1512204065.58 2531.09721513 4500.0
1512204065.68 2530.47527083 4500.0
1512204065.78 2529.86576541 4500.0
1512204065.88 2529.2684501 4500.0
1512204065.98 2528.6830811 4500.0
1512204066.09 2528.10941948 4500.0
1512204066.18 2527.54723109 4500.0
1512204066.29 2526.99628647 4500.0
1512204066.38 2526.45636074 4500.0
1512204066.48 2525.92723352 4500.0
1512204066.58 2525.40868885 4500.0
1512204066.68 2524.90051508 4500.0
1512204066.79 2524.40250478 4500.0
1512204066.88 2523.91445468 4500.0
1512204066.99 2523.43616559 4500.0
1512204067.08 2522.96744227 4500.0
1512204067.18 2522.50809343 4500.0
1512204067.29 2522.05793156 4500.0
1512204067.39 2521.61677293 4500.0
1512204067.49 2521.18443747 4500.0
1512204067.58 2520.76074872 4500.0
1512204067.69 2520.34553375 4500.0
1512204067.79 2519.93862307 4500.0
1512204067.89 2519.53985061 4500.0
1512204067.99 2519.1490536 4500