1512323231.322654 0.101000 4916752.500000 491675.250000 0 0.000000 
1512323231.322693 0.100000 4844800.000000 926987.750000 0 0.000000 
1512323231.322702 0.103000 4938874.000000 1328176.375000 0 0.000000 
1512323231.322711 0.099000 4771394.000000 1672498.125000 0 0.000000 
1512323231.322717 0.099000 4893737.500000 1994622.125000 0 0.000000 
1512323231.322722 0.099000 4893737.500000 2284533.750000 0 0.000000 
1512323231.322727 0.099000 4893737.500000 2545454.000000 0 0.000000 
1512323231.322731 0.101000 4916752.500000 2782583.750000 0 0.000000 
1512323231.322737 0.096000 4920500.000000 2996375.500000 0 0.000000 
1512323231.322742 0.101000 4916752.500000 3188413.250000 0 0.000000 
1512323231.322747 0.104000 4891384.500000 3358710.500000 0 0.000000 
1512323231.322752 0.098000 4820082.000000 3504847.750000 0 0.000000 
1512323231.322756 0.099000 4893737.500000 3643736.750000 0 0.000000 
1512323231.322761 0.102000 4868549.000000 3766218.000000 0 0.000000 
1512323231.322774 0.099000 4771394.000000 3866735.500000 0 0.000000 
1512323231.422859 0.100000 5087040.000000 3988766.000000 0 0.000000 
1512323231.524915 0.101000 4916752.500000 4081564.750000 0 0.000000 
1512323231.625491 0.098000 4820082.000000 4155416.500000 0 0.000000 
1512323231.727252 0.100000 5087040.000000 4248579.000000 24224 2422.400146 
1512323231.823797 0.105000 5075505.000000 4331271.500000 77214 9901.560547 
1512323231.928869 0.095000 4972295.000000 4395374.000000 74186 16330.003906 
1512323232.025574 0.102000 4987294.000000 4454566.000000 68130 21510.003906 
1512323232.125511 0.100000 5087040.000000 4517813.500000 10598 20418.802734 
1512323232.226162 0.100000 847840.000000 4150816.250000 0 18376.921875 
1512323232.325901 0.100000 484480.000000 3784182.500000 0 16539.230469 
1512323232.425677 0.099000 1712808.125000 3577045.000000 0 14885.307617 
1512323232.526252 0.099000 2324525.250000 3451793.000000 0 13396.777344 
1512323232.626757 0.103000 1881475.750000 3294761.250000 0 12057.099609 
1512323232.726839 0.096000 1387833.375000 3104068.500000 0 10851.389648 
1512323232.827346 0.102000 1781176.500000 2971779.250000 0 9766.250977 
1512323232.928110 0.098000 1730285.750000 2847630.000000 0 8789.625977 
1512323233.028176 0.099000 1468121.250000 2709679.000000 0 7910.663574 
1512323233.128397 0.101000 1798811.875000 2618592.250000 0 7119.597168 
1512323233.228340 0.098000 2224653.000000 2579198.250000 0 6407.637695 
1512323233.329001 0.105000 2537752.500000 2575053.750000 0 5766.874023 
1512323233.428847 0.096000 2523333.250000 2569881.750000 0 5190.186523 
1512323233.529080 0.099000 2813899.000000 2594283.500000 0 4671.167969 
1512323233.629691 0.100000 3270240.000000 2661879.250000 0 4204.051270 
1512323233.730292 0.100000 3512480.000000 2746939.250000 0 3783.646240 
1512323233.830475 0.099000 3792646.500000 2851510.000000 0 3405.281738 
1512323233.930097 0.099000 4404363.500000 3006795.250000 0 3064.753662 
1512323234.031477 0.101000 4556990.000000 3161814.750000 0 2758.278320 
1512323234.131149 0.101000 5156594.000000 3361292.750000 0 2482.450439 
1512323234.232279 0.099000 5016081.000000 3526771.500000 7570 2991.205322 
1512323234.332774 0.099000 5016081.000000 3675702.500000 18168 4508.884766 
1512323234.432663 0.101000 5156594.000000 3823791.750000 13626 5420.596191 
1512323234.533349 0.100000 4723680.000000 3913780.500000 0 4878.536621 
1512323234.633146 0.099000 3914990.000000 3913901.500000 0 4390.683105 
1512323234.733889 0.097000 4495175.000000 3972028.750000 0 3951.614746 
1512323234.834139 0.103000 4468505.000000 4021676.500000 0 3556.453369 
1512323234.934284 0.102000 4868549.000000 4106363.750000 0 3200.808105 
1512323235.034586 0.097000 4994639.000000 4195191.500000 0 2880.727295 
1512323235.135095 0.099000 5016081.000000 4277280.500000 0 2592.654541 
1512323235.238164 0.097000 4994639.000000 4349016.500000 1514 2484.789062 
1512323235.335278 0.100000 5087040.000000 4422819.000000 6056 2841.910156 
1512323235.440904 0.104000 5007846.000000 4481321.500000 13626 3920.319336 
1512323235.535683 0.103000 4938874.000000 4527077.000000 9084 4436.687500 
1512323235.636577 0.097000 4620041.000000 4536373.500000 0 3993.018799 
1512323235.736300 0.099000 4037333.250000 4486469.500000 0 3593.716797 
1512323235.836034 0.101000 4556990.000000 4493521.500000 0 3234.345215 
1512323235.936599 0.102000 4631059.000000 4507275.000000 0 2910.910645 
1512323236.036841 0.097000 4744907.000000 4531038.000000 0 2619.819580 
1512323236.137618 0.102000 5106039.500000 4588538.000000 0 2357.837646 
1512323236.237353 0.100000 5087040.000000 4638388.000000 3028 2424.854004 
1512323236.338023 0.100000 5087040.000000 4683253.000000 7570 2939.368652 
1512323236.437951 0.099000 5016081.000000 4716536.000000 9084 3553.831787 
1512323236.537974 0.101000 5036673.000000 4748549.500000 3028 3501.248535 
1512323236.638898 0.097000 4744907.000000 4748185.000000 0 3151.123779 
1512323236.738427 0.099000 4649050.500000 4738271.500000 0 2836.011475 
1512323236.838774 0.101000 4796831.500000 4744127.500000 1514 2703.810303 
1512323236.939177 0.100000 5087040.000000 4778419.000000 3028 2736.229248 
1512323237.039864 0.097000 4994639.000000 4800041.000000 6056 3068.206299 
1512323237.139789 0.100000 5087040.000000 4828741.000000 7570 3518.385742 
1512323237.240405 0.100000 4965920.000000 4842459.000000 4542 3620.747070 
1512323237.342964 0.100000 4723680.000000 4830581.000000 0 3258.672363 
1512323237.440475 0.098000 4572898.000000 4804812.500000 0 2932.805176 
1512323237.540718 0.101000 4796831.500000 4804014.500000 0 2639.524658 
1512323237.641744 0.100000 4844800.000000 4808093.000000 1514 2526.972168 
1512323237.742129 0.098000 5067265.500000 4834010.000000 4542 2728.474854 
1512323237.841546 0.100000 4965920.000000 4847201.000000 7570 3212.627441 
1512323237.941933 0.100000 5087040.000000 4871185.000000 6056 3496.964600 
1512323238.042633 0.100000 4965920.000000 4880658.500000 1514 3298.668213 
1512323238.142571 0.098000 4696490.000000 4862241.500000 0 2968.801270 
1512323238.243121 0.101000 4796831.500000 4855700.500000 0 2671.921143 
1512323238.343519 0.103000 4938874.000000 4864018.000000 0 2404.729004 
1512323238.443190 0.095000 4972295.000000 4874845.500000 1514 2315.656006 
1512323238.543478 0.102000 4987294.000000 4886090.500000 7570 2841.090332 
1512323238.643680 0.098000 5067265.500000 4904208.000000 12112 3768.181396 
1512323238.743964 0.102000 4987294.000000 4912516.500000 6056 3996.963379 
1512323238.844286 0.101000 4556990.000000 4876964.000000 0 3597.267090 
1512323238.944603 0.099000 4159676.750000 4805235.500000 0 3237.540283 
1512323239.044305 0.100000 4481440.000000 4772856.000000 0 2913.786133 
1512323239.144617 0.100000 4723680.000000 4767938.500000 0 2622.407471 
1512323239.244945 0.099000 5016081.000000 4792753.000000 0 2360.166748 
1512323239.345663 0.099000 5138424.500000 4827320.000000 0 2124.150146 
1512323239.446200 0.100000 4965920.000000 4841180.000000 6056 2517.335205 
1512323239.546327 0.100000 5087040.000000 4865766.000000 12112 3476.801758 
1512323239.647319 0.102000 4987294.000000 4877919.000000 4542 3583.321533 
1512323239.746970 0.099000 4893737.500000 4879501.000000 0 3224.989258 
1512323239.847654 0.100000 4481440.000000 4839695.000000 0 2902.490234 
1512323239.947973 0.100000 4723680.000000 4828093.500000 0 2612.241211 
1512323240.048122 0.101000 5036673.000000 4848951.500000 0 2351.017090 
1512323240.149534 0.102000 5106039.500000 4874660.500000 3028 2418.715332 
1512323240.248289 0.095000 5099789.500000 4897173.500000 7570 2933.843750 
1512323240.348238 0.099000 5016081.000000 4909064.000000 10598 3700.259277 
1512323240.448705 0.102000 5106039.500000 4928761.500000 1514 3481.633301 
1512323240.548809 0.098000 4202122.500000 4856097.500000 0 3133.469971 
1512323240.649619 0.102000 4512314.000000 4821719.000000 0 2820.123047 
1512323240.749785 0.098000 4943673.500000 4833914.500000 0 2538.110840 
1512323240.849873 0.101000 5156594.000000 4866182.500000 0 2284.299805 
1512323240.950017 0.098000 5067265.500000 4886291.000000 3028 2358.669922 
1512323241.050882 0.102000 4987294.000000 4896391.500000 9084 3031.202881 
1512323241.150497 0.100000 4965920.000000 4903344.500000 10598 3787.882568 
1512323241.251216 0.099000 5016081.000000 4914618.000000 4542 3863.294434 
1512323241.351229 0.101000 4077306.750000 4830887.000000 0 3476.965088 
1512323241.451843 0.099000 4282020.000000 4776000.500000 0 3129.268555 
1512323241.551513 0.099000 4649050.500000 4763305.500000 0 2816.341797 
1512323241.653477 0.100000 4844800.000000 4771455.000000 0 2534.707520 
1512323241.751767 0.101000 5036673.000000 4797977.000000 0 2281.236816 
1512323241.852095 0.099000 5138424.500000 4832022.000000 1514 2204.513184 
1512323241.952363 0.100000 4965920.000000 4845412.000000 7570 2741.062012 
1512323242.054006 0.099000 5016081.000000 4862479.000000 12112 3678.155762 
1512323242.153598 0.101000 4916752.500000 4867906.500000 6056 3915.940186 
1512323242.254084 0.099000 4526707.000000 4833786.500000 0 3524.346191 
1512323242.353574 0.099000 4282020.000000 4778610.000000 0 3171.911621 
1512323242.454073 0.100000 4602560.000000 4761005.000000 0 2854.720459 
1512323242.554056 0.100000 4965920.000000 4781496.500000 0 2569.248535 
1512323242.655086 0.100000 4965920.000000 4799939.000000 0 2312.323730 
1512323242.755219 0.098000 5067265.500000 4826671.500000 3028 2383.891357 
1512323242.855140 0.102000 4987294.000000 4842734.000000 7570 2902.502197 
1512323242.957489 0.103000 5056466.000000 4864107.000000 9084 3520.652100 
1512323243.055636 0.097000 4994639.000000 4877160.000000 3028 3471.386963 
1512323243.156707 0.099000 4649050.500000 4854349.000000 0 3124.248291 
1512323243.256802 0.099000 4526707.000000 4821585.000000 0 2811.823486 
1512323243.357468 0.102000 4987294.000000 4838156.000000 0 2530.641113 
1512323243.457079 0.100000 4965920.000000 4850932.500000 0 2277.576904 
1512323243.557277 0.099000 5016081.000000 4867447.500000 4542 2504.019287 
1512323243.658695 0.100000 5087040.000000 4889407.000000 10598 3313.417480 
1512323243.759562 0.101000 5036673.000000 4904133.500000 7570 3739.075684 
1512323243.858974 0.099000 4893737.500000 4903094.000000 1514 3516.568115 
1512323243.959438 0.100000 4360320.000000 4848816.500000 0 3164.911377 
1512323244.063133 0.102000 4512314.000000 4815166.000000 0 2848.420166 
1512323244.158799 0.102000 4749804.000000 4808630.000000 0 2563.578125 
1512323244.269602 0.099000 5138424.500000 4841609.500000 0 2307.220215 
1512323244.359334 0.099000 5016081.000000 4859056.500000 3028 2379.298096 
1512323244.461481 0.100000 4965920.000000 4869743.000000 9084 3049.768311 
1512323244.561306 0.101000 5036673.000000 4886436.000000 9084 3653.191406 
1512323244.662076 0.100000 4965920.000000 4894384.500000 1514 3439.272217 
1512323244.762836 0.100000 4118080.000000 4816754.000000 0 3095.344971 
1512323244.863982 0.098000 4696490.000000 4804727.500000 0 2785.810547 
1512323244.961173 0.103000 4821281.500000 4806383.000000 0 2507.229492 
1512323245.061880 0.097000 5119505.000000 4837695.000000 1514 2407.906494 
1512323245.164070 0.100000 5087040.000000 4862629.500000 4542 2621.315918 
1512323245.264889 0.101000 5036673.000000 4880034.000000 7570 3116.184326 
1512323245.364524 0.100000 4965920.000000 4888622.500000 7570 3561.565918 
1512323245.464685 0.100000 5087040.000000 4908464.000000 1514 3356.809326 
1512323245.565800 0.100000 4602560.000000 4877873.500000 0 3021.128418 
1512323245.665621 0.102000 4749804.000000 4865066.500000 0 2719.015625 
1512323245.765687 0.097000 4869773.000000 4865537.000000 0 2447.114014 
1512323245.866477 0.101000 5036673.000000 4882650.500000 3028 2505.202637 
1512323245.966628 0.102000 5106039.500000 4904989.500000 4542 2708.882324 
1512323246.066479 0.099000 4893737.500000 4903864.500000 10598 3497.794189 
1512323246.166989 0.102000 4987294.000000 4912207.500000 6056 3753.614746 
1512323246.267559 0.097000 4744907.000000 4895477.500000 0 3378.253174 
1512323246.367525 0.102000 4274823.500000 4833412.000000 0 3040.427734 
1512323246.468916 0.100000 4602560.000000 4810327.000000 0 2736.385010 
1512323246.568389 0.101000 5036673.000000 4832961.500000 0 2462.746582 
1512323246.668726 0.098000 5067265.500000 4856392.000000 0 2216.471924 
1512323246.769537 0.099000 5016081.000000 4872361.000000 4542 2449.024658 
1512323246.869229 0.101000 5036673.000000 4888792.000000 12112 3415.322266 
1512323246.969530 0.102000 4987294.000000 4898642.000000 6056 3679.390137 
1512323247.069831 0.105000 4729448.000000 4881722.500000 0 3311.451172 
1512323247.170617 0.103000 4703689.500000 4863919.000000 0 2980.306152 
1512323247.270685 0.092000 4739478.500000 4851475.000000 0 2682.275635 
1512323247.370951 0.102000 4868549.000000 4853182.500000 0 2414.048096 
1512323247.470934 0.101000 5156594.000000 4883523.500000 1514 2324.043213 
1512323247.571568 0.095000 5099789.500000 4905150.000000 7570 2848.638916 
1512323247.671471 0.102000 4868549.000000 4901490.000000 10598 3623.575195 
1512323247.771070 0.099000 5016081.000000 4912949.000000 1514 3412.617676 
1512323247.871730 0.097000 4620041.000000 4883658.000000 0 3071.355957 
1512323247.972665 0.101000 4676910.500000 4862983.000000 0 2764.220459 
1512323248.071706 0.098000 4820082.000000 4858693.000000 0 2487.798340 
1512323248.172803 0.101000 5156594.000000 4888483.000000 0 2239.018555 
1512323248.272905 0.099000 5016081.000000 4901243.000000 3028 2317.916748 
1512323248.372869 0.099000 5016081.000000 4912727.000000 12112 3297.325195 
1512323248.472888 0.098000 5067265.500000 4928181.000000 7570 3724.592773 
1512323248.574552 0.103000 5056466.000000 4941009.500000 0 3352.133545 
1512323248.674590 0.097000 4370309.000000 4883939.500000 0 3016.920166 
1512323248.773898 0.101000 4556990.000000 4851244.500000 0 2715.228027 
1512323248.874889 0.108000 4598074.000000 4825927.500000 0 2443.705322 
1512323248.974547 0.090000 5652266.500000 4908561.500000 1514 2350.734863 
1512323249.074732 0.099000 5016081.000000 4919313.500000 6056 2721.261475 
1512323249.174916 0.100000 4965920.000000 4923974.000000 12112 3660.335449 
1512323249.274782 0.099000 5138424.500000 4945419.000000 0 3294.302002 
1512323249.375257 0.100000 4360320.000000 4886909.000000 0 2964.871826 
1512323249.476354 0.100000 4602560.000000 4858474.000000 0 2668.384766 
1512323249.576512 0.099000 5016081.000000 4874234.500000 1514 2552.946289 
1512323249.676419 0.099000 5138424.500000 4900653.500000 1514 2449.051758 
1512323249.777247 0.101000 5036673.000000 4914255.500000 4542 2658.346680 
1512323249.877084 0.099000 5016081.000000 4924438.000000 9084 3300.912109 
1512323249.977061 0.100000 4965920.000000 4928586.000000 7570 3727.820801 
1512323250.077494 0.100000 4844800.000000 4920207.500000 0 3355.038818 
1512323250.178245 0.100000 4360320.000000 4864219.000000 0 3019.534912 
1512323250.277560 0.099000 4649050.500000 4842702.000000 0 2717.581543 
1512323250.378168 0.100000 4965920.000000 4855024.000000 0 2445.823486 
1512323250.478060 0.098000 4202122.500000 4789734.000000 12112 3412.441162 
1512323250.579676 0.100000 4844800.000000 4795240.500000 13626 4433.796875 
1512323250.679095 0.101000 4197227.500000 4735439.000000 9084 4898.817383 
1512323250.779263 0.099000 3670303.000000 4628925.500000 0 4408.935547 
1512323250.880252 0.099000 3425616.250000 4508594.500000 0 3968.041992 
1512323250.980356 0.101000 3717544.500000 4429489.500000 0 3571.237793 
1512323251.079706 0.099000 3670303.000000 4353571.000000 3028 3516.914062 
1512323251.180935 0.101000 3597623.750000 4277976.500000 10598 4225.022461 
1512323251.281949 0.100000 3633600.000000 4213539.000000 7570 4559.520020 
1512323251.382018 0.098000 3336979.750000 4125883.000000 0 4103.567871 
1512323251.482041 0.101000 2878099.000000 4001104.500000 0 3693.211182 
1512323251.581691 0.100000 3149120.000000 3915906.000000 0 3323.890137 
1512323251.682003 0.100000 3633600.000000 3887675.500000 0 2991.501221 
1512323251.782063 0.099000 4159676.750000 3914875.500000 0 2692.351074 
1512323251.883534 0.098000 3954939.000000 3918881.750000 1514 2574.515869 
1512323251.982459 0.101000 3597623.750000 3886756.000000 12112 3528.264404 
1512323252.082858 0.098000 3584163.250000 3856496.750000 21196 5295.038086 
1512323252.183458 0.101000 3597623.750000 3830609.500000 12112 5976.734375 
1512323252.284311 0.100000 2422400.000000 3689788.500000 0 5379.061035 
1512323252.383459 0.100000 2543520.000000 3575161.750000 0 4841.154785 
1512323252.484425 0.100000 2785760.000000 3496221.500000 0 4357.039062 
1512323252.583990 0.099000 3058586.000000 3452458.000000 0 3921.335205 
1512323252.683989 0.100000 3028000.000000 3410012.250000 0 3529.201660 
1512323252.784481 0.100000 3028000.000000 3371811.000000 0 3176.281494 
1512323252.884723 0.098000 3584163.250000 3393046.250000 0 2858.653320 
1512323252.984992 0.099000 3425616.250000 3396303.250000 7570 3329.788086 
1512323253.084851 0.101000 3477702.750000 3404443.250000 10598 4056.609375 
1512323253.187634 0.100000 3512480.000000 3415247.000000 6056 4256.548340 
1512323253.285849 0.101000 3357782.000000 3409500.500000 0 3830.893555 
1512323253.389066 0.099000 3303272.750000 3398877.750000 0 3447.804199 
1512323253.486565 0.098000 3336979.750000 3392688.000000 0 3103.023682 
1512323253.587352 0.100000 3633600.000000 3416779.250000 4542 3246.921387 
1512323253.686993 0.101000 3477702.750000 3422871.500000 13626 4284.829102 
1512323253.787900 0.101000 3477702.750000 3428354.500000 12112 5067.546387 
1512323253.887424 0.096000 3532666.750000 3438785.750000 4542 5014.991699 
1512323253.987922 0.100000 2664640.000000 3361371.250000 0 4513.492676 
1512323254.088513 0.102000 2968627.500000 3322097.000000 0 4062.143311 
1512323254.188281 0.100000 3149120.000000 3304799.250000 0 3655.928955 
1512323254.288795 0.099000 3180929.250000 3292412.250000 0 3290.335938 
1512323254.388835 0.099000 3425616.250000 3305732.750000 0 2961.302246 
1512323254.489345 0.102000 3562353.000000 3331394.750000 1514 2816.572021 
1512323254.589951 0.098000 3460571.500000 3344312.500000 7570 3291.914795 
1512323254.689301 0.101000 3477702.750000 3357651.500000 18168 4779.523438 
1512323254.789860 0.099000 3425616.250000 3364448.000000 15140 5815.571289 
1512323254.890988 0.102000 2968627.500000 3324866.000000 0 5234.014160 
1512323254.991482 0.098000 2348245.000000 3227204.000000 0 4710.612793 
1512323255.090039 0.100000 2906880.000000 3195171.500000 0 4239.551758 
1512323255.191941 0.100000 3149120.000000 3190566.250000 0 3815.596680 
1512323255.291570 0.099000 3547959.500000 3226305.500000 0 3434.037109 
1512323255.391229 0.099000 3425616.250000 3246236.500000 4542 3544.833496 
1512323255.491920 0.100000 3512480.000000 3272860.750000 6056 3795.950195 
1512323255.592218 0.101000 3357782.000000 3281353.000000 7570 4173.354980 
1512323255.691950 0.100000 3391360.000000 3292353.750000 1514 3907.419434 
1512323255.792810 0.099000 3303272.750000 3293445.750000 0 3516.677490 
1512323255.894288 0.100000 3149120.000000 3279013.250000 0 3165.009766 
1512323255.995438 0.101000 3597623.750000 3310874.250000 0 2848.508789 
1512323256.094295 0.099000 3670303.000000 3346817.000000 0 2563.657959 
1512323256.195521 0.100000 3633600.000000 3375495.250000 3028 2610.092285 
1512323256.296282 0.104000 3493846.000000 3387330.250000 16654 4014.483154 
1512323256.395078 0.094000 3350127.750000 3383610.000000 25738 6186.834961 
1512323256.495743 0.100000 3512480.000000 3396497.000000 13626 6930.751465 
1512323256.596332 0.101000 2038653.375000 3260712.750000 0 6237.676270 
1512323256.697280 0.100000 2180160.000000 3152657.500000 0 5613.908691 
1512323256.796036 0.100000 2664640.000000 3103855.750000 0 5052.517578 
1512323256.896797 0.097000 2996783.500000 3093148.500000 0 4547.265625 
1512323256.996972 0.103000 3174990.250000 3101332.750000 0 4092.539062 
1512323257.096866 0.099000 3180929.250000 3109292.500000 0 3683.285156 
1512323257.197261 0.100000 3270240.000000 3125387.250000 0 3314.956543 
1512323257.298293 0.101000 3357782.000000 3148626.750000 0 2983.460938 
1512323257.398846 0.099000 3425616.250000 3176325.750000 0 2685.114746 
1512323257.498797 0.102000 3443608.000000 3203054.000000 4542 2870.803223 
1512323257.599882 0.098000 3584163.250000 3241165.000000 10598 3643.522949 
1512323257.699785 0.101000 4317148.500000 3348763.250000 0 3279.170654 
1512323257.800122 0.099000 3425616.250000 3356448.500000 0 2951.253662 
1512323257.901329 0.100000 3512480.000000 3372051.750000 6056 3261.728271 
1512323258.000774 0.101000 3477702.750000 3382616.750000 18168 4752.355469 
1512323258.101047 0.096000 3406500.000000 3385005.000000 18168 6093.919922 
1512323258.201482 0.102000 3562353.000000 3402739.750000 0 5484.527832 
1512323258.301603 0.100000 2059040.000000 3268369.750000 0 4936.075195 
1512323258.402302 0.100000 2785760.000000 3220108.750000 0 4442.467773 
1512323258.502263 0.100000 3028000.000000 3200898.000000 0 3998.220947 
1512323258.602707 0.099000 3425616.250000 3223369.750000 0 3598.398926 
1512323258.703055 0.101000 3597623.750000 3260795.250000 1514 3389.958984 
1512323258.803514 0.099000 3547959.500000 3289511.750000 3028 3353.763184 
1512323258.904117 0.099000 3547959.500000 3315356.500000 6056 3623.986816 
1512323259.003340 0.102000 3443608.000000 3328181.750000 7570 4018.588135 
1512323259.103161 0.098000 3460571.500000 3341420.750000 4542 4070.929199 
1512323259.203668 0.100000 3391360.000000 3346414.750000 4542 4118.036133 
1512323259.304467 0.099000 3547959.500000 3366569.250000 1514 3857.632568 
1512323259.404540 0.102000 3443608.000000 3374273.000000 0 3471.869385 
1512323259.505161 0.101000 3357782.000000 3372624.000000 0 3124.682373 
1512323259.605308 0.100000 3633600.000000 3398721.500000 0 2812.214111 
1512323259.705333 0.099000 3547959.500000 3413645.250000 7570 3287.992676 
1512323259.805560 0.100000 3512480.000000 3423528.750000 16654 4624.593750 
1512323259.906159 0.100000 3512480.000000 3432424.000000 15140 5676.134277 
1512323260.005818 0.102000 3087372.500000 3397918.750000 0 5108.520996 
1512323260.105928 0.097000 2497319.500000 3307858.750000 0 4597.668945 
1512323260.206519 0.100000 3149120.000000 3291985.000000 0 4137.901855 
1512323260.306331 0.098000 3336979.750000 3296484.500000 0 3724.111572 
1512323260.406629 0.100000 3633600.000000 3330196.000000 1514 3503.100342 
1512323260.507648 0.102000 3562353.000000 3353411.750000 4542 3606.990234 
1512323260.607362 0.098000 3460571.500000 3364127.750000 6056 3851.891113 
1512323260.707891 0.100000 3512480.000000 3378963.000000 4542 3920.902100 
1512323260.807690 0.103000 3410174.750000 3382084.250000 6056 4134.412109 
1512323260.908041 0.095000 3442358.000000 3388111.500000 3028 4023.770996 
1512323261.008157 0.101000 3477702.750000 3397070.500000 0 3621.393799 
1512323261.108941 0.097000 3371381.250000 3394501.500000 0 3259.254395 
1512323261.209911 0.100000 3391360.000000 3394187.250000 0 2933.328857 
1512323261.308847 0.100000 3633600.000000 3418128.500000 1514 2791.395996 
1512323261.409379 0.100000 3875840.000000 3463899.750000 0 2512.256348 
1512323261.510158 0.100000 3996960.000000 3517205.750000 0 2261.030762 
1512323261.609344 0.099000 3547959.500000 3520281.000000 12112 3246.127686 
1512323261.709997 0.100000 3512480.000000 3519501.000000 24224 5343.915039 
1512323261.810414 0.100000 3512480.000000 3518799.000000 19682 6777.723633 
1512323261.910489 0.099000 2446868.750000 3411606.000000 0 6099.951172 
1512323262.010672 0.100000 2059040.000000 3276349.500000 0 5489.956055 
1512323262.111366 0.100000 2785760.000000 3227290.500000 0 4940.960449 
1512323262.213472 0.102000 3087372.500000 3213298.750000 0 4446.864258 
1512323262.311033 0.096000 2901833.250000 3182152.250000 0 4002.177734 
1512323262.411644 0.100000 3149120.000000 3178849.000000 0 3601.959961 
1512323262.511900 0.099000 3058586.000000 3166822.750000 0 3241.763916 
1512323262.611715 0.100000 3391360.000000 3189276.500000 0 2917.587402 
1512323262.712590 0.100000 3512480.000000 3221596.750000 0 2625.828613 
1512323262.812768 0.102000 3562353.000000 3255672.500000 3028 2666.045654 
1512323262.912724 0.100000 3391360.000000 3269241.250000 9084 3307.841064 
1512323263.013861 0.096000 4542000.000000 3396517.000000 0 2977.056885 
1512323263.114140 0.103000 3645359.250000 3421401.250000 0 2679.351074 
1512323263.215509 0.096000 3532666.750000 3432527.750000 10598 3471.216064 
1512323263.314867 0.102000 3562353.000000 3445510.250000 19682 5092.294434 
1512323263.415979 0.098000 3460571.500000 3447016.500000 18168 6399.865234 
1512323263.514359 0.101000 2998019.750000 3402116.750000 0 5759.878906 
1512323263.614337 0.101000 1918732.625000 3253778.250000 0 5183.891113 
1512323263.715123 0.098000 2842612.250000 3212661.750000 0 4665.501953 
1512323263.815552 0.104000 3260923.000000 3217488.000000 0 4198.951660 
1512323263.915599 0.098000 3213387.750000 3217078.000000 0 3779.056396 
1512323264.015440 0.099000 3180929.250000 3213463.000000 0 3401.150879 
1512323264.116115 0.105000 3229866.750000 3215103.500000 0 3061.035889 
1512323264.216907 0.100000 3512480.000000 3244841.250000 0 2754.932373 
1512323264.317067 0.096000 3532666.750000 3273623.750000 1514 2630.839111 
1512323264.417416 0.102000 3443608.000000 3290622.250000 7570 3124.755127 
1512323264.517239 0.098000 3460571.500000 3307617.250000 10598 3872.079590 
1512323264.618241 0.101000 3837465.250000 3360602.000000 4542 3939.071533 
1512323264.717766 0.098000 3336979.750000 3358239.750000 0 3545.164307 
1512323264.818660 0.100000 3270240.000000 3349439.750000 0 3190.647949 
1512323264.918057 0.099000 3547959.500000 3369291.750000 4542 3325.783203 
1512323265.018949 0.101000 3477702.750000 3380132.750000 15140 4507.205078 
1512323265.118747 0.101000 3837465.250000 3425866.000000 7570 4813.484375 
1512323265.218843 0.099000 3303272.750000 3413606.750000 0 4332.135742 
1512323265.319068 0.100000 2906880.000000 3362934.000000 0 3898.922119 
1512323265.419888 0.098000 3584163.250000 3385057.000000 0 3509.029785 
1512323265.519549 0.102000 3562353.000000 3402786.500000 4542 3612.326904 
1512323265.619600 0.099000 3547959.500000 3417303.750000 9084 4159.494141 
1512323265.719972 0.096000 3406500.000000 3416223.500000 7570 4500.544922 
1512323265.820192 0.101000 3477702.750000 3422371.500000 0 4050.490479 
1512323265.922305 0.098000 3213387.750000 3401473.000000 0 3645.441406 
1512323266.020914 0.101000 3357782.000000 3397104.000000 0 3280.897217 
1512323266.121036 0.100000 3391360.000000 3396529.500000 0 2952.807617 
1512323266.221969 0.098000 3584163.250000 3415293.000000 1514 2808.926758 
1512323266.321513 0.098000 3584163.250000 3432180.000000 6056 3133.634033 
1512323266.421904 0.100000 4118080.000000 3500770.000000 0 2820.270508 
1512323266.522064 0.101000 3717544.500000 3522447.500000 0 2538.243408 
1512323266.622611 0.100000 3633600.000000 3533562.750000 3028 2587.218994 
1512323266.722378 0.098000 3460571.500000 3526263.500000 18168 4145.296875 
1512323266.823166 0.101000 3477702.750000 3521407.500000 24224 6153.166992 
1512323266.922823 0.101000 4437069.000000 3612973.750000 0 5537.850098 
1512323267.023047 0.097000 1498391.750000 3401515.500000 0 4984.064941 
1512323267.123791 0.101000 2758178.000000 3337181.750000 0 4485.658203 
1512323267.224157 0.099000 3303272.750000 3333790.750000 0 4037.092285 
1512323267.324161 0.099000 3670303.000000 3367442.000000 0 3633.383057 
1512323267.423792 0.099000 3547959.500000 3385493.750000 1514 3421.444824 
1512323267.524100 0.102000 3443608.000000 3391305.250000 1514 3230.700439 
1512323267.624721 0.098000 3584163.250000 3410591.000000 3028 3210.430420 
1512323267.724702 0.101000 3357782.000000 3405310.000000 6056 3494.987305 
1512323267.825085 0.100000 3512480.000000 3416027.000000 6056 3751.088623 
1512323267.925139 0.099000 3425616.250000 3416986.000000 6056 3981.579834 
1512323268.025508 0.100000 3512480.000000 3426535.500000 3028 3886.221924 
1512323268.126132 0.102000 3443608.000000 3428242.750000 1514 3648.999756 
1512323268.226197 0.096000 3406500.000000 3426068.500000 0 3284.099854 
1512323268.326357 0.099000 3425616.250000 3426023.250000 0 2955.689941 
1512323268.427117 0.100000 3633600.000000 3446781.000000 6056 3265.720947 
1512323268.527023 0.101000 3477702.750000 3449873.250000 16654 4604.548828 
1512323268.626745 0.100000 3633600.000000 3468246.000000 15140 5658.093750 
1512323268.729154 0.098000 3336979.750000 3455119.500000 0 5092.284180 
1512323268.841009 0.102000 2137411.750000 3323348.750000 0 4583.055664 
1512323268.980824 0.133000 2914165.500000 3282430.500000 0 4124.750000 
1512323269.027866 0.074000 3273513.500000 3281538.750000 0 3712.274902 
1512323269.128109 0.098000 3089796.000000 3262364.500000 0 3341.047363 
1512323269.228538 0.101000 3597623.750000 3295890.500000 0 3006.942627 
1512323269.328986 0.100000 3512480.000000 3317549.500000 3028 3009.048340 
1512323269.429446 0.100000 3633600.000000 3349154.500000 6056 3313.743408 
1512323269.580454 0.100000 4118080.000000 3426047.000000 0 2982.369141 
1512323269.629776 0.094000 3607830.000000 3444225.250000 0 2684.132324 
1512323269.729847 0.099000 3670303.000000 3466833.000000 3028 2718.519043 
1512323269.830230 0.100000 3512480.000000 3471397.750000 16654 4112.067383 
1512323269.930316 0.099000 3547959.500000 3479054.000000 21196 5820.460938 
1512323270.030585 0.100000 3633600.000000 3494508.500000 10598 6298.214844 
1512323270.130938 0.099000 2324525.250000 3377510.250000 0 5668.393555 
1512323270.231122 0.100000 2664640.000000 3306223.250000 0 5101.554199 
1512323270.331494 0.099000 2813899.000000 3256990.750000 0 4591.398926 
1512323270.432109 0.103000 2939805.750000 3225272.250000 0 4132.258789 
1512323270.532344 0.096000 3028000.000000 3205545.000000 0 3719.032959 
1512323270.632774 0.100000 3512480.000000 3236238.500000 0 3347.129639 
1512323270.732820 0.100000 3391360.000000 3251750.750000 0 3012.416748 
1512323270.833238 0.099000 3670303.000000 3293606.000000 0 2711.175049 
1512323270.933448 0.100000 3391360.000000 3303381.500000 4542 2894.257568 
1512323271.033678 0.100000 3512480.000000 3324291.250000 12112 3816.031738 
1512323271.134049 0.100000 3512480.000000 3343110.000000 12112 4645.628418 
1512323271.234424 0.100000 3512480.000000 3360047.000000 4542 4635.265625 
1512323271.335004 0.099000 2936242.500000 3317666.500000 0 4171.739258 
1512323271.435883 0.100000 3149120.000000 3300811.750000 0 3754.565430 
1512323271.535326 0.101000 3117940.500000 3282524.500000 0 3379.108887 
1512323271.635480 0.100000 3512480.000000 3305520.000000 0 3041.197998 
1512323271.735816 0.100000 3633600.000000 3338328.000000 0 2737.078125 
1512323271.836028 0.100000 3512480.000000 3355743.250000 9084 3371.770264 
1512323271.936955 0.100000 3512480.000000 3371417.000000 16654 4699.993164 
1512323272.038385 0.100000 4602560.000000 3494531.250000 1514 4381.394043 
1512323272.137340 0.099000 2446868.750000 3389765.000000 0 3943.254639 
1512323272.237556 0.101000 3237861.250000 3374574.500000 0 3548.929199 
1512323272.338665 0.098000 3584163.250000 3395533.500000 3028 3496.836182 
1512323272.438857 0.101000 3597623.750000 3415742.500000 10598 4206.952637 
1512323272.538418 0.098000 3460571.500000 3420225.500000 13626 5148.857422 
1512323272.638709 0.100000 3512480.000000 3429451.000000 6056 5239.571777 
1512323272.739377 0.100000 2543520.000000 3340858.000000 0 4715.614746 
1512323272.839805 0.099000 2936242.500000 3300396.500000 0 4244.053223 
1512323272.940845 0.104000 3028000.000000 3273156.750000 0 3819.647949 
1512323273.040806 0.098000 3089796.000000 3254820.750000 0 3437.683105 
1512323273.141259 0.103000 3292582.500000 3258597.000000 0 3093.914795 
1512323273.241272 0.096000 3406500.000000 3273387.250000 0 2784.523438 
1512323273.357690 0.102000 3562353.000000 3302283.750000 0 2506.071045 
1512323273.493302 0.126000 3268317.500000 3298887.000000 10598 3315.263916 
1512323273.592958 0.112000 3676857.000000 3336684.000000 24224 5406.137695 
1512323273.693079 0.105000 4729448.000000 3475960.500000 7570 5622.523926 
1512323273.800247 0.097000 1623257.625000 3290690.250000 0 5060.271484 
1512323273.898161 0.093000 2474494.500000 3209070.750000 0 4554.244141 
1512323274.002954 0.096000 3280333.250000 3216197.000000 0 4098.819824 
1512323274.100325 0.098000 3460571.500000 3240634.500000 1514 3840.337891 
1512323274.202304 0.102000 3443608.000000 3260931.750000 4542 3910.504150 
1512323274.300644 0.103000 3410174.750000 3275856.000000 6056 4125.053711 
1512323274.400263 0.098000 3460571.500000 3294327.500000 4542 4166.748535 
1512323274.504345 0.099000 3425616.250000 3307456.500000 0 3750.073730 
1512323274.596437 0.104000 3028000.000000 3279510.750000 0 3375.066406 
1512323274.709194 0.109000 3000220.250000 3251581.750000 0 3037.559814 
1512323274.801755 0.089000 4082696.500000 3334693.250000 0 2733.803711 
1512323274.899860 0.098000 3707755.250000 3371999.500000 0 2460.423340 
1512323275.002089 0.102000 3918588.250000 3426658.500000 0 2214.381104 
1512323275.107442 0.101000 3477702.750000 3431763.000000 13626 3355.542969 
1512323275.207036 0.094000 3478978.750000 3436484.500000 30280 6047.988770 
1512323275.299880 0.102000 3562353.000000 3449071.250000 15140 6957.189941 
1512323275.404026 0.111000 2182342.250000 3322398.250000 0 6261.470703 
1512323275.504140 0.092000 2369739.250000 3227132.250000 0 5635.323730 
1512323275.603030 0.097000 2747051.500000 3179124.250000 0 5071.791504 
1512323275.707977 0.101000 3237861.250000 3184998.000000 0 4564.612305 
1512323275.810673 0.099000 3058586.000000 3172356.750000 0 4108.150879 
1512323275.908803 0.096000 3028000.000000 3157921.000000 0 3697.335693 
1512323276.008864 0.105000 3114514.500000 3153580.250000 0 3327.602051 
1512323276.108725 0.101000 3237861.250000 3162008.250000 0 2994.841797 
1512323276.203089 0.099000 3425616.250000 3188369.000000 0 2695.357666 
1512323276.254133 0.082000 3544975.500000 3224029.750000 1514 2577.221924 
1512323276.354589 0.099000 3425616.250000 3244188.500000 7570 3076.499756 
1512323276.454976 0.100000 4602560.000000 3380025.750000 0 2768.849854 
1512323276.554563 0.100000 3633600.000000 3405383.250000 1514 2643.364746 
1512323276.654071 0.099000 3425616.250000 3407406.500000 15140 3893.028320 
1512323276.754546 0.100000 3512480.000000 3417913.750000 21196 5623.325684 
1512323276.904907 0.100000 3512480.000000 3427370.500000 9084 5969.393066 
1512323276.955629 0.101000 2638257.250000 3348459.250000 0 5372.453613 
1512323277.111227 0.100000 2906880.000000 3304301.250000 0 4835.208008 
1512323277.208102 0.138000 2984116.000000 3272282.750000 0 4351.687012 
1512323277.255673 0.074000 3273513.500000 3272405.750000 0 3916.518311 
1512323277.409198 0.101000 3357782.000000 3280943.500000 0 3524.866455 
1512323277.510947 0.100000 3270240.000000 3279873.250000 0 3172.379883 
1512323277.609498 0.103000 3410174.750000 3292903.500000 0 2855.141846 
1512323277.712030 0.093000 3516387.000000 3315251.750000 3028 2872.427734 
1512323277.807924 0.105000 3460571.500000 3329783.750000 6056 3190.784912 
1512323277.857588 0.095000 3442358.000000 3341041.250000 10598 3931.506348 
1512323278.010222 0.097000 3496247.250000 3356561.750000 4542 3992.555664 
1512323278.109904 0.104000 3493846.000000 3370290.250000 0 3593.300049 
1512323278.210626 0.097000 3371381.250000 3370399.250000 0 3233.969971 
1512323278.309168 0.101000 3477702.750000 3381129.500000 0 2910.572998 
1512323278.358548 0.097000 3621113.250000 3405128.000000 4542 3073.715820 
1512323278.510742 0.106000 3427924.500000 3407407.750000 15140 4280.344238 
1512323278.611676 0.098000 3584163.250000 3425083.250000 19682 5820.509766 
1512323278.713256 0.095000 3824842.250000 3465059.250000 0 5238.458984 
1512323278.811933 0.106000 2171019.000000 3335655.250000 0 4714.613281 
1512323278.912114 0.097000 3121649.500000 3314254.750000 0 4243.151855 
1512323279.012470 0.099000 3547959.500000 3337625.250000 0 3818.836670 
1512323279.114652 0.102000 3562353.000000 3360098.000000 0 3436.953125 
1512323279.211871 0.100000 3270240.000000 3351112.250000 1514 3244.657715 
1512323279.262231 0.084000 3748952.500000 3390896.250000 1514 3071.592041 
1512323279.362584 0.099000 3425616.250000 3394368.250000 4542 3218.632812 
1512323279.463023 0.101000 3477702.750000 3402701.750000 7570 3653.769531 
1512323279.563140 0.100000 3391360.000000 3401567.500000 7570 4045.392578 
1512323279.663198 0.098000 3460571.500000 3407468.000000 4542 4095.053223 
1512323279.763353 0.100000 3512480.000000 3417969.250000 1514 3836.947998 
1512323279.863288 0.101000 3477702.750000 3423942.500000 0 3453.253174 
1512323279.963740 0.098000 3213387.750000 3402887.000000 0 3107.927734 
1512323280.063575 0.100000 3633600.000000 3425958.250000 0 2797.135010 
1512323280.163916 0.099000 3547959.500000 3438158.500000 7570 3274.421631 
1512323280.264274 0.100000 3512480.000000 3445590.750000 16654 4612.379395 
1512323280.364560 0.101000 3957386.000000 3496770.250000 3028 4453.941406 
1512323280.516412 0.132000 2752727.250000 3422366.000000 0 4008.547363 
1512323280.616201 0.097000 3496247.250000 3429754.000000 0 3607.692627 
1512323280.716176 0.100000 3633600.000000 3450138.500000 0 3246.923340 
1512323280.816570 0.099000 3425616.250000 3447686.250000 7570 3679.230957 
1512323280.916404 0.102000 3562353.000000 3459153.000000 15140 4825.308105 
1512323281.017340 0.095000 3569852.750000 3470223.000000 13626 5705.377441 
1512323281.118847 0.103000 2939805.750000 3417181.250000 0 5134.839844 
1512323281.218728 0.102000 2374902.000000 3312953.250000 0 4621.355957 
1512323281.319456 0.097000 2747051.500000 3256363.000000 0 4159.220215 
1512323281.418374 0.103000 3057398.000000 3236466.500000 0 3743.298096 
1512323281.518074 0.099000 3180929.250000 3230912.750000 0 3368.968262 
1512323281.617859 0.097000 3121649.500000 3219986.500000 0 3032.071533 
1512323281.720645 0.097000 3496247.250000 3247612.500000 0 2728.864258 
1512323281.819887 0.102000 3562353.000000 3279086.500000 4542 2910.177734 
1512323281.920103 0.104000 3377384.500000 3288916.250000 13626 3981.760010 
1512323282.023870 0.099000 4649050.500000 3424929.750000 7570 4340.583984 
1512323282.122373 0.096000 3406500.000000 3423086.750000 0 3906.525635 
1512323282.222892 0.104000 2911538.500000 3371932.000000 0 3515.873047 
1512323282.323463 0.099000 3670303.000000 3401769.000000 0 3164.285645 
1512323282.424543 0.104000 4192615.250000 3480853.500000 0 2847.857178 
1512323282.525280 0.095000 4844800.000000 3617248.250000 0 2563.071533 
1512323282.623710 0.100000 4965920.000000 3752115.500000 0 2306.764404 
1512323282.724261 0.100000 5087040.000000 3885608.000000 3028 2378.887939 
1512323282.824782 0.097000 4994639.000000 3996511.000000 10598 3200.799316 
1512323282.927287 0.103000 5056466.000000 4102506.500000 18168 4697.519531 
1512323283.029334 0.096000 5046666.500000 4196922.500000 13626 5590.367676 
1512323283.126700 0.097000 3995711.250000 4176801.500000 0 5031.331055 
1512323283.229999 0.106000 3884981.250000 4147619.500000 0 4528.197754 
1512323283.333090 0.103000 3998136.000000 4132671.250000 0 4075.377930 
1512323283.428450 0.092000 4344521.500000 4153856.250000 0 3667.840088 
1512323283.531200 0.104000 4309077.000000 4169378.250000 0 3301.056152 
1512323283.632362 0.096000 4542000.000000 4206640.500000 0 2970.950439 
1512323283.732714 0.099000 4649050.500000 4250881.500000 0 2673.855469 
1512323283.833773 0.101000 4916752.500000 4317468.500000 0 2406.469971 
1512323283.930442 0.101000 4916752.500000 4377397.000000 1514 2317.222900 
1512323284.034607 0.106000 4799094.500000 4419567.000000 7570 2842.500732 
1512323284.133403 0.092000 5397739.000000 4517384.000000 13626 3920.850586 
1512323284.234441 0.100000 4965920.000000 4562237.500000 15140 5042.765625 
1512323284.334822 0.099000 4526707.000000 4558684.500000 0 4538.489258 
1512323284.434435 0.099000 3547959.500000 4457612.000000 0 4084.640381 
1512323284.535054 0.099000 4159676.750000 4427818.500000 0 3676.176270 
1512323284.634753 0.102000 4274823.500000 4412519.000000 0 3308.558594 
1512323284.735606 0.098000 4572898.000000 4428557.000000 0 2977.702637 
1512323284.835884 0.104000 4425538.500000 4428255.000000 0 2679.932373 
1512323284.936951 0.093000 4948989.000000 4480328.500000 0 2411.939209 
1512323285.039536 0.100000 4965920.000000 4528887.500000 1514 2322.145264 
1512323285.135715 0.101000 5036673.000000 4579666.000000 4542 2544.130859 
1512323285.236994 0.105000 4960152.500000 4617714.500000 9084 3198.117676 
1512323285.337771 0.094000 5154042.500000 4671347.500000 12112 4089.505859 
1512323285.438139 0.102000 4987294.000000 4702942.000000 0 3680.555176 
1512323285.539509 0.099000 3914990.000000 4624147.000000 0 3312.499756 
1512323285.639155 0.098000 4449306.000000 4606663.000000 0 2981.249756 
1512323285.741721 0.100000 4844800.000000 4630476.500000 0 2683.124756 
1512323285.839669 0.100000 4965920.000000 4664021.000000 0 2414.812256 
1512323285.940451 0.100000 5087040.000000 4706323.000000 3028 2476.131104 
1512323286.039475 0.101000 5036673.000000 4739358.000000 6056 2834.117920 
1512323286.140074 0.100000 4965920.000000 4762014.000000 10598 3610.506104 
1512323286.239363 0.096000 5046666.500000 4790479.000000 12112 4460.655273 
1512323286.340029 0.099000 4771394.000000 4788570.500000 0 4014.589844 
1512323286.440938 0.100000 3754720.000000 4685185.500000 0 3613.130859 
1512323286.540980 0.100000 4239200.000000 4640587.000000 0 3251.817871 
1512323286.643302 0.102000 4512314.000000 4627759.500000 0 2926.635986 
1512323286.743704 0.098000 4572898.000000 4622273.500000 0 2633.972412 
1512323286.842696 0.100000 4844800.000000 4644526.000000 0 2370.575195 
1512323286.943128 0.099000 5138424.500000 4693916.000000 0 2133.517578 
1512323287.043129 0.102000 4987294.000000 4723254.000000 3028 2222.965820 
1512323287.142580 0.100000 5087040.000000 4759632.500000 9084 2909.069336 
1512323287.243348 0.099000 5016081.000000 4785277.500000 16654 4283.562500 
1512323287.343276 0.098000 4943673.500000 4801117.000000 13626 5217.806152 
1512323287.442019 0.100000 3996960.000000 4720701.500000 0 4696.025391 
1512323287.491262 0.101000 3237861.250000 4572417.500000 0 4226.422852 
1512323287.593644 0.100000 3996960.000000 4514872.000000 0 3803.780518 
1512323287.695364 0.098000 4202122.500000 4483597.000000 0 3423.402344 
1512323287.845060 0.101000 4437069.000000 4478944.000000 0 3081.062012 
1512323287.946516 0.101000 4317148.500000 4462764.500000 0 2772.955811 
1512323288.048362 0.100000 4602560.000000 4476744.000000 0 2495.660156 
1512323288.148587 0.100000 4844800.000000 4513549.500000 0 2246.094238 
1512323288.194825 0.098000 5067265.500000 4568921.000000 0 2021.484863 
1512323288.295237 0.101000 5036673.000000 4615696.000000 6056 2424.936279 
1512323288.446053 0.099000 5016081.000000 4655734.500000 15140 3696.442627 
1512323288.547154 0.100000 4965920.000000 4686753.000000 19682 5294.998535 
1512323288.648038 0.099000 5016081.000000 4719686.000000 0 4765.498535 
1512323288.751562 0.100000 2664640.000000 4514181.500000 0 4288.948730 
1512323288.849861 0.099000 3792646.500000 4442028.000000 0 3860.053955 
1512323288.949203 0.101000 4077306.750000 4405556.000000 0 3474.048584 
1512323288.996778 0.099000 4404363.500000 4405437.000000 0 3126.643799 
1512323289.100869 0.100000 4360320.000000 4400925.500000 0 2813.979492 
1512323289.201783 0.099000 4649050.500000 4425738.000000 0 2532.581543 
1512323289.301687 0.102000 4987294.000000 4481893.500000 0 2279.323486 
1512323289.401431 0.099000 5016081.000000 4535312.000000 3028 2354.191162 
1512323289.503416 0.099000 5016081.000000 4583389.000000 6056 2724.372070 
1512323289.652146 0.101000 5156594.000000 4640709.500000 9084 3360.334961 
1512323289.753585 0.098000 4943673.500000 4671006.000000 13626 4386.901367 
1512323289.802273 0.099000 5016081.000000 4705513.500000 7570 4705.211426 
1512323289.903834 0.099000 3670303.000000 4601992.500000 0 4234.690430 
1512323290.003734 0.101000 3957386.000000 4537532.000000 0 3811.221436 
1512323290.104423 0.099000 4404363.500000 4524215.000000 0 3430.099365 
1512323290.203320 0.099000 4526707.000000 4524464.000000 0 3087.089355 
1512323290.303795 0.100000 4602560.000000 4532273.500000 0 2778.380371 
1512323290.404263 0.100000 4844800.000000 4563526.000000 0 2500.542236 
1512323290.555373 0.103000 4938874.000000 4601061.000000 0 2250.488037 
1512323290.604953 0.097000 4994639.000000 4640419.000000 4542 2479.639160 
1512323290.755406 0.099000 5016081.000000 4677985.000000 7570 2988.675293 
1512323290.805716 0.101000 5036673.000000 4713854.000000 12112 3901.007812 
1512323290.905231 0.097000 4994639.000000 4741932.500000 0 3510.906982 
1512323291.006042 0.100000 4360320.000000 4703771.000000 0 3159.816406 
1512323291.106104 0.104000 4658461.500000 4699240.000000 0 2843.834717 
1512323291.206638 0.096000 4920500.000000 4721366.000000 0 2559.451172 
1512323291.307009 0.101000 5156594.000000 4764889.000000 1514 2454.906006 
1512323291.460268 0.100000 4965920.000000 4784992.000000 6056 2815.015381 
1512323291.558401 0.100000 5087040.000000 4815197.000000 9084 3441.913818 
1512323291.607880 0.098000 4943673.500000 4828044.500000 12112 4308.922363 
1512323291.708493 0.103000 4115728.250000 4756813.000000 0 3878.030029 
1512323291.808112 0.100000 4118080.000000 4692939.500000 0 3490.227051 
1512323291.959344 0.100000 4481440.000000 4671789.500000 0 3141.204346 
1512323292.008653 0.097000 4620041.000000 4666614.500000 0 2827.083984 
1512323292.109006 0.101000 4796831.500000 4679636.000000 0 2544.375488 
1512323292.259526 0.099000 5016081.000000 4713280.500000 0 2289.937988 
1512323292.310185 0.100000 5087040.000000 4750656.500000 1514 2212.344238 
1512323292.409655 0.099000 5016081.000000 4777199.000000 6056 2596.709717 
1512323292.510042 0.100000 4965920.000000 4796071.000000 12112 3548.238770 
1512323292.610378 0.100000 4965920.000000 4813056.000000 3028 3496.214844 
1512323292.710925 0.101000 4796831.500000 4811433.500000 0 3146.593262 
1512323292.810841 0.098000 4696490.000000 4799939.000000 0 2831.933838 
1512323292.911760 0.100000 4965920.000000 4816537.000000 0 2548.740479 
1512323293.012088 0.099000 5016081.000000 4836491.500000 0 2293.866455 
1512323293.163665 0.101000 5036673.000000 4856509.500000 6056 2670.079834 
1512323293.212387 0.099000 5016081.000000 4872466.500000 12112 3614.271973 
1512323293.312576 0.102000 4987294.000000 4883949.000000 3028 3555.644775 
1512323293.413123 0.099000 4649050.500000 4860459.000000 0 3200.080322 
1512323293.513788 0.102000 4512314.000000 4825644.500000 0 2880.072266 
1512323293.614367 0.097000 4869773.000000 4830057.500000 0 2592.064941 
1512323293.714771 0.100000 5087040.000000 4855756.000000 0 2332.858398 
1512323293.815294 0.100000 4965920.000000 4866772.500000 4542 2553.772461 
1512323293.965502 0.101000 5036673.000000 4883762.500000 10598 3358.195312 
1512323294.015255 0.096000 5046666.500000 4900053.000000 13626 4384.975586 
1512323294.116232 0.102000 4156078.500000 4825655.500000 0 3946.478027 
1512323294.215698 0.096000 3911166.750000 4734206.500000 0 3551.830322 
1512323294.316395 0.101000 4317148.500000 4692500.500000 0 3196.647217 
1512323294.466542 0.101000 4676910.500000 4690941.500000 0 2876.982422 
1512323294.516348 0.098000 4696490.000000 4691496.500000 0 2589.284180 
1512323294.616684 0.100000 4844800.000000 4706827.000000 0 2330.355713 
1512323294.717460 0.100000 5087040.000000 4744848.500000 0 2097.320068 
1512323294.817666 0.100000 5087040.000000 4779067.500000 6056 2493.187988 
1512323294.917519 0.099000 4893737.500000 4790534.500000 13626 3606.469238 
1512323295.018923 0.100000 5087040.000000 4820185.000000 1514 3397.222412 
1512323295.117970 0.100000 4602560.000000 4798422.500000 0 3057.500244 
1512323295.218054 0.100000 4723680.000000 4790948.000000 0 2751.750244 
1512323295.318383 0.099000 5016081.000000 4813461.500000 1514 2627.975098 
1512323295.418509 0.099000 5016081.000000 4833723.500000 3028 2667.977539 
1512323295.518756 0.100000 5087040.000000 4859055.000000 4542 2855.379883 
1512323295.618964 0.100000 4965920.000000 4869741.500000 7570 3326.841797 
1512323295.719305 0.101000 5036673.000000 4886434.500000 3028 3296.957520 
1512323295.819602 0.101000 4796831.500000 4877474.000000 0 2967.261719 
1512323295.919394 0.099000 4893737.500000 4879100.500000 0 2670.535645 
1512323296.019849 0.098000 4943673.500000 4885558.000000 0 2403.482178 
1512323296.121225 0.103000 5056466.000000 4902649.000000 1514 2314.533936 
1512323296.221164 0.097000 4994639.000000 4911848.000000 9084 2991.480469 
1512323296.320472 0.101000 5036673.000000 4924330.500000 10598 3752.132324 
1512323296.420685 0.099000 4771394.000000 4909037.000000 0 3376.919189 
1512323296.522817 0.104000 4192615.250000 4837395.000000 0 3039.227295 
1512323296.623158 0.096000 4668166.500000 4820472.000000 0 2735.304688 
1512323296.726458 0.100000 4844800.000000 4822905.000000 0 2461.774170 
1512323296.823594 0.102000 5224784.500000 4863093.000000 1514 2366.996826 
1512323296.923930 0.100000 4965920.000000 4873375.500000 6056 2735.897217 
1512323297.024803 0.097000 5119505.000000 4897988.500000 9084 3370.707520 
1512323297.124989 0.098000 4943673.500000 4902557.000000 7570 3790.636719 
1512323297.224637 0.101000 4676910.500000 4879992.500000 0 3411.572998 
1512323297.325170 0.100000 4360320.000000 4828025.000000 0 3070.415771 
1512323297.425234 0.101000 4676910.500000 4812913.500000 0 2763.374268 
1512323297.525377 0.097000 4994639.000000 4831086.000000 0 2487.036865 
1512323297.625842 0.099000 5138424.500000 4861820.000000 0 2238.333252 
1512323297.726011 0.104000 4891384.500000 4864776.500000 6056 2620.099854 
1512323297.826642 0.100000 5087040.000000 4887003.000000 9084 3266.489990 
1512323297.926794 0.099000 5016081.000000 4899911.000000 6056 3545.440918 
1512323298.026777 0.099000 5016081.000000 4911528.000000 1514 3342.296875 
1512323298.127228 0.099000 4649050.500000 4885280.000000 0 3008.067139 
1512323298.227484 0.098000 4696490.000000 4866401.000000 0 2707.260498 
1512323298.327401 0.100000 5087040.000000 4888465.000000 0 2436.534424 
1512323298.427608 0.098000 4943673.500000 4893986.000000 3028 2495.680908 
1512323298.527881 0.101000 5036673.000000 4908254.500000 7570 3003.112793 
1512323298.628128 0.099000 5016081.000000 4919037.000000 7570 3459.801514 
1512323298.729062 0.098000 5067265.500000 4933860.000000 3028 3416.621338 
1512323298.828599 0.102000 4868549.000000 4927329.000000 0 3074.959229 
1512323298.929559 0.098000 4572898.000000 4891886.000000 0 2767.463379 
1512323299.029106 0.102000 4868549.000000 4889552.500000 0 2490.717041 
1512323299.129453 0.102000 4987294.000000 4899326.500000 3028 2544.445312 
1512323299.230355 0.099000 5138424.500000 4923236.500000 4542 2744.200684 
1512323299.329940 0.097000 4994639.000000 4930377.000000 7570 3226.780518 
1512323299.430135 0.103000 4938874.000000 4931226.500000 6056 3509.702393 
1512323299.530446 0.098000 5067265.500000 4944830.500000 1514 3310.132080 
1512323299.630702 0.101000 4676910.500000 4918038.500000 0 2979.118896 
1512323299.730847 0.099000 4649050.500000 4891139.500000 0 2681.207031 
1512323299.831191 0.100000 5087040.000000 4910729.500000 0 2413.086426 
1512323299.931490 0.101000 5036673.000000 4923324.000000 3028 2474.577881 
1512323300.031567 0.098000 5067265.500000 4937718.000000 6056 2832.720215 
1512323300.131826 0.104000 5007846.000000 4944731.000000 9084 3457.848145 
1512323300.232348 0.100000 5087040.000000 4958962.000000 3028 3414.863281 
1512323300.332643 0.100000 4844800.000000 4947546.000000 0 3073.376953 
1512323300.432854 0.097000 4495175.000000 4902309.000000 0 2766.039307 
1512323300.533353 0.101000 5036673.000000 4915745.500000 0 2489.435303 
1512323300.633575 0.100000 4965920.000000 4920763.000000 1514 2391.891846 
1512323300.734323 0.099000 5016081.000000 4930295.000000 6056 2758.302734 
1512323300.834093 0.101000 5036673.000000 4940933.000000 10598 3542.272461 
1512323300.934179 0.100000 5087040.000000 4955543.500000 1514 3339.445312 
1512323301.034437 0.098000 4572898.000000 4917279.000000 0 3005.500732 
1512323301.134734 0.101000 4796831.500000 4905234.000000 0 2704.950684 
1512323301.235016 0.101000 4796831.500000 4894394.000000 0 2434.455566 
1512323301.335502 0.099000 5016081.000000 4906562.500000 4542 2645.209961 
1512323301.435354 0.101000 5036673.000000 4919573.500000 7570 3137.688965 
1512323301.535606 0.099000 5016081.000000 4929224.000000 6056 3429.520020 
1512323301.635751 0.100000 4844800.000000 4920781.500000 1514 3237.968018 
1512323301.735964 0.103000 4703689.500000 4899072.500000 0 2914.171143 
1512323301.888179 0.097000 4744907.000000 4883656.000000 1514 2774.154053 
1512323301.936401 0.101000 5036673.000000 4898957.500000 0 2496.738770 
1512323302.036732 0.098000 5067265.500000 4915788.500000 0 2247.064941 
1512323302.137211 0.100000 4965920.000000 4920801.500000 7570 2779.358398 
1512323302.237164 0.102000 5106039.500000 4939325.500000 10598 3561.222656 
1512323302.337577 0.097000 4994639.000000 4944857.000000 1514 3356.500488 
1512323302.438038 0.099000 4526707.000000 4903042.000000 0 3020.850342 
1512323302.538002 0.104000 4658461.500000 4878584.000000 0 2718.765381 
1512323302.689467 0.098000 5067265.500000 4897452.000000 0 2446.888916 
1512323302.738381 0.099000 5016081.000000 4909315.000000 1514 2353.600098 
1512323302.838845 0.097000 4994639.000000 4917847.500000 6056 2723.840088 
1512323302.939448 0.101000 5036673.000000 4929730.000000 9084 3359.856201 
1512323303.039341 0.103000 5056466.000000 4942403.500000 4542 3478.070557 
1512323303.139745 0.099000 5016081.000000 4949771.000000 0 3130.263428 
1512323303.291821 0.098000 4449306.000000 4899724.500000 0 2817.237061 
1512323303.342355 0.097000 4869773.000000 4896729.500000 0 2535.513428 
1512323303.441029 0.100000 5208160.000000 4927872.500000 0 2281.962158 
1512323303.541167 0.103000 4938874.000000 4928972.500000 6056 2659.365967 
1512323303.641657 0.097000 5119505.000000 4948026.000000 10598 3453.229492 
1512323303.741508 0.099000 5016081.000000 4954831.500000 1514 3259.306641 
1512323303.841982 0.099000 4771394.000000 4936488.000000 0 2933.375977 
1512323303.942061 0.099000 4649050.500000 4907744.000000 0 2640.038330 
1512323304.042389 0.101000 5036673.000000 4920637.000000 0 2376.034424 
1512323304.142819 0.098000 5067265.500000 4935300.000000 3028 2441.230957 
1512323304.243020 0.100000 4965920.000000 4938362.000000 10598 3256.907959 
1512323304.344075 0.098000 5067265.500000 4951252.500000 7570 3688.217041 
1512323304.443548 0.102000 4987294.000000 4954856.500000 0 3319.395264 
1512323304.543976 0.099000 4282020.000000 4887573.000000 0 2987.455811 
1512323304.643843 0.099000 4649050.500000 4863721.000000 0 2688.710205 
1512323304.744551 0.099000 5016081.000000 4878957.000000 0 2419.839111 
1512323304.844561 0.099000 5016081.000000 4892669.500000 3028 2480.655273 
1512323304.945613 0.100000 5087040.000000 4912106.500000 6056 2838.189697 
1512323305.045159 0.101000 4916752.500000 4912571.000000 10598 3614.170898 
1512323305.145232 0.100000 5087040.000000 4930018.000000 0 3252.753906 
1512323305.245557 0.099000 4404363.500000 4877452.500000 0 2927.478516 
1512323305.345751 0.099000 4649050.500000 4854612.500000 0 2634.730713 
1512323305.446754 0.101000 5036673.000000 4872818.500000 0 2371.257568 
1512323305.546280 0.100000 4965920.000000 4882128.500000 4542 2588.331787 
1512323305.646997 0.100000 4965920.000000 4890507.500000 10598 3389.298584 
1512323305.747006 0.104000 5007846.000000 4902241.500000 6056 3655.968750 
1512323305.847096 0.095000 4972295.000000 4909247.000000 0 3290.371826 
1512323305.947286 0.101000 4317148.500000 4850037.000000 0 2961.334717 
1512323306.047557 0.098000 4820082.000000 4847041.500000 0 2665.201172 
1512323306.147767 0.101000 5036673.000000 4866004.500000 0 2398.681152 
1512323306.248357 0.099000 5016081.000000 4881012.000000 3028 2461.613037 
1512323306.348590 0.100000 4965920.000000 4889503.000000 9084 3123.851807 
1512323306.448625 0.098000 5067265.500000 4907279.000000 7570 3568.466553 
1512323306.549579 0.100000 4965920.000000 4913143.000000 0 3211.619873 
1512323306.649829 0.098000 4572898.000000 4879118.500000 0 2890.458008 
1512323306.749832 0.102000 4749804.000000 4866187.000000 0 2601.412109 
1512323306.850647 0.098000 4696490.000000 4849217.500000 4542 2795.470947 
1512323306.949940 0.101000 5036673.000000 4867963.000000 7570 3272.923828 
1512323307.050267 0.098000 4943673.500000 4875534.000000 6056 3551.231445 
1512323307.150644 0.101000 4916752.500000 4879656.000000 0 3196.108398 
1512323307.250659 0.098000 4449306.000000 4836621.000000 0 2876.497559 
1512323307.351237 0.100000 4844800.000000 4837439.000000 0 2588.847900 
1512323307.451544 0.101000 5036673.000000 4857362.500000 0 2329.963135 
1512323307.552004 0.098000 5067265.500000 4878353.000000 1514 2248.366699 
1512323307.653445 0.101000 5036673.000000 4894185.000000 7570 2780.530029 
1512323307.752253 0.100000 4965920.000000 4901358.500000 13626 3865.077148 
1512323307.852242 0.099000 5016081.000000 4912831.000000 0 3478.569336 
1512323307.952463 0.099000 4037333.250000 4825281.000000 0 3130.712402 
1512323308.053161 0.099000 4649050.500000 4807658.000000 0 2817.641113 
1512323308.153349 0.102000 4749804.000000 4801872.500000 0 2535.876953 
1512323308.254039 0.099000 5138424.500000 4835527.500000 0 2282.289307 
1512323308.355253 0.100000 5087040.000000 4860679.000000 3028 2356.860352 
1512323308.455785 0.106000 4913358.500000 4865947.000000 10598 3180.974365 
1512323308.556391 0.094000 5025191.500000 4881871.500000 9084 3771.276855 
1512323308.656768 0.100000 4844800.000000 4878164.500000 0 3394.149170 
1512323308.756097 0.098000 4202122.500000 4810560.500000 0 3054.734375 
1512323308.856211 0.101000 4676910.500000 4797195.500000 0 2749.260986 
1512323309.007741 0.103000 4938874.000000 4811363.500000 0 2474.334961 
1512323309.056841 0.098000 4449306.000000 4775158.000000 9084 3135.301514 
1512323309.157166 0.098000 5067265.500000 4804369.000000 9084 3730.171387 
1512323309.258174 0.100000 4723680.000000 4796300.000000 0 3357.154297 
1512323309.358001 0.100000 4360320.000000 4752702.000000 0 3021.438965 
1512323309.458122 0.102000 4512314.000000 4728663.000000 0 2719.295166 
1512323309.558271 0.099000 5016081.000000 4757405.000000 0 2447.365723 
1512323309.658480 0.099000 4893737.500000 4771038.000000 3028 2505.429199 
1512323309.759052 0.100000 5087040.000000 4802638.000000 6056 2860.486328 
1512323309.858881 0.101000 5036673.000000 4826041.500000 9084 3482.837646 
1512323309.959164 0.099000 5016081.000000 4845045.500000 1514 3285.953857 
1512323310.059273 0.099000 4649050.500000 4825446.000000 0 2957.358398 
1512323310.159515 0.100000 4602560.000000 4803157.500000 0 2661.622559 
1512323310.260047 0.100000 5087040.000000 4831546.000000 0 2395.460205 
1512323310.360630 0.103000 4938874.000000 4842279.000000 4542 2610.114258 
1512323310.460390 0.098000 5067265.500000 4864777.500000 9084 3257.502930 
1512323310.560412 0.101000 5036673.000000 4881967.000000 7570 3688.752686 
1512323310.660707 0.097000 4994639.000000 4893234.000000 0 3319.877441 
1512323310.761023 0.100000 4239200.000000 4827830.500000 0 2987.889648 
1512323310.861623 0.101000 4796831.500000 4824730.500000 0 2689.100586 
1512323310.961679 0.101000 4916752.500000 4833932.500000 0 2420.190430 
1512323311.062698 0.100000 4965920.000000 4847131.000000 4542 2632.371338 
1512323311.162283 0.096000 5046666.500000 4867084.500000 7570 3126.134277 
1512323311.262914 0.103000 5056466.000000 4886022.500000 4542 3267.720947 
1512323311.363138 0.101000 4916752.500000 4889095.500000 3028 3243.748779 
1512323311.463572 0.097000 4744907.000000 4874676.500000 0 2919.374023 
1512323311.564238 0.098000 4820082.000000 4869217.000000 0 2627.436523 
1512323311.665056 0.099000 5016081.000000 4883903.500000 0 2364.692871 
1512323311.764764 0.100000 5087040.000000 4904217.000000 3028 2431.023682 
1512323311.865098 0.102000 4868549.000000 4900650.000000 7570 2944.921387 
1512323311.965413 0.096000 5172833.500000 4927868.500000 10598 3710.229248 
1512323312.065670 0.100000 4965920.000000 4931673.500000 3028 3642.006348 
1512323312.165983 0.103000 4586097.000000 4897116.000000 0 3277.805664 
1512323312.266430 0.102000 4393568.500000 4846761.000000 0 2950.025146 
1512323312.366910 0.093000 4818752.500000 4843960.000000 0 2655.022705 
1512323312.469453 0.100000 4965920.000000 4856156.000000 0 2389.520508 
1512323312.569977 0.099000 5138424.500000 4884383.000000 1514 2301.968506 
1512323312.671794 0.104000 4891384.500000 4885083.000000 7570 2828.771729 
1512323312.772845 0.098000 5067265.500000 4903301.000000 10598 3605.694580 
1512323312.874284 0.099000 5016081.000000 4914579.000000 4542 3699.325195 
1512323312.973716 0.102000 4393568.500000 4862478.000000 0 3329.392578 
1512323313.074219 0.098000 4449306.000000 4821161.000000 0 2996.453369 
1512323313.175472 0.106000 4684830.000000 4807528.000000 0 2696.808105 
1512323313.275122 0.097000 4994639.000000 4826239.000000 0 2427.127197 
1512323313.375541 0.100000 5087040.000000 4852319.000000 0 2184.414551 
1512323313.476390 0.096000 4920500.000000 4859137.000000 6056 2571.572998 
1512323313.576820 0.102000 4987294.000000 4871952.500000 12112 3525.615723 
1512323313.676530 0.097000 5119505.000000 4896708.000000 10598 4232.854004 
1512323313.777339 0.098000 4572898.000000 4864327.000000 0 3809.568604 
1512323313.877573 0.101000 3837465.250000 4761641.000000 0 3428.611816 
1512323313.981096 0.099000 4282020.000000 4713679.000000 0 3085.750732 
1512323314.078099 0.100000 4723680.000000 4714679.000000 0 2777.175781 
1512323314.178314 0.101000 4796831.500000 4722894.000000 0 2499.458252 
1512323314.279127 0.100000 5087040.000000 4759308.500000 0 2249.512451 
1512323314.378888 0.104000 5007846.000000 4784162.000000 1514 2175.961182 
1512323314.481483 0.100000 4965920.000000 4802338.000000 7570 2715.365234 
1512323314.588222 0.096000 5046666.500000 4826771.000000 10598 3503.628662 
1512323314.688913 0.099000 5016081.000000 4845702.000000 10598 4213.065918 
1512323314.787728 0.103000 4703689.500000 4831501.000000 0 3791.759277 
1512323314.887747 0.103000 3998136.000000 4748164.500000 0 3412.583252 
1512323314.988155 0.097000 4370309.000000 4710379.000000 0 3071.324951 
1512323315.089060 0.101000 4676910.500000 4707032.000000 0 2764.192383 
1512323315.188842 0.095000 4844800.000000 4720809.000000 0 2487.773193 
1512323315.289136 0.104000 5124307.500000 4761159.000000 0 2238.995850 
1512323315.389115 0.100000 4965920.000000 4781635.000000 3028 2317.896240 
1512323315.491810 0.098000 4820082.000000 4785479.500000 9084 2994.506592 
1512323315.590063 0.105000 5190857.500000 4826017.500000 12112 3906.255859 
1512323315.690856 0.092000 5002782.500000 4843694.000000 9084 4424.030273 
1512323315.791167 0.098000 4202122.500000 4779537.000000 0 3981.627197 
1512323315.890247 0.114000 3824842.000000 4684067.500000 0 3583.464355 
1512323315.990168 0.086000 2253395.250000 4441000.500000 0 3225.117920 
1512323316.090695 0.101000 2158574.250000 4212758.000000 0 2902.606201 
1512323316.191191 0.101000 2398415.750000 4031323.750000 0 2612.345703 
1512323316.238500 0.099000 2569212.250000 3885112.500000 0 2351.111084 
1512323316.391692 0.107000 2829906.500000 3779592.000000 0 2116.000000 
1512323316.491804 0.092000 2896347.750000 3691267.500000 0 1904.400024 
1512323316.592730 0.098000 3213387.750000 3643479.500000 0 1713.959961 
1512323316.691952 0.102000 3799843.250000 3659116.000000 0 1542.563965 
1512323316.793559 0.102000 4274823.500000 3720686.750000 0 1388.307617 
1512323316.892545 0.097000 4744907.000000 3823108.750000 0 1249.476807 
1512323316.992677 0.101000 4916752.500000 3932473.000000 0 1124.529175 
1512323317.093248 0.098000 5067265.500000 4045952.250000 0 1012.076233 
1512323317.192592 0.100000 5087040.000000 4150061.000000 3028 1213.668579 
1512323317.294374 0.098000 5067265.500000 4241781.500000 4542 1546.501709 
1512323317.392969 0.101000 5036673.000000 4321270.500000 3028 1694.651489 
1512323317.493050 0.101000 4916752.500000 4380818.500000 3028 1827.986328 
1512323317.541268 0.097000 4994639.000000 4442200.500000 1514 1796.587646 
1512323317.694716 0.101000 4916752.500000 4489655.500000 0 1616.928833 
1512323317.795187 0.099000 4893737.500000 4530063.500000 0 1455.235962 
1512323317.895189 0.104000 4891384.500000 4566195.500000 0 1309.712402 
1512323317.995055 0.097000 4869773.000000 4596553.000000 0 1178.741211 
1512323318.096608 0.100000 4844800.000000 4621377.500000 0 1060.867065 
1512323318.195113 0.102000 4868549.000000 4646094.500000 0 954.780334 
1512323318.296479 0.097000 4994639.000000 4680949.000000 0 859.302307 
1512323318.395976 0.107000 5093831.500000 4722237.000000 0 773.372070 
1512323318.496935 0.093000 4818752.500000 4731888.500000 0 696.034851 
1512323318.597315 0.101000 4916752.500000 4750375.000000 0 626.431396 
1512323318.696356 0.097000 4869773.000000 4762315.000000 0 563.788269 
1512323318.796597 0.100000 4965920.000000 4782675.500000 0 507.409454 
1512323318.845913 0.099000 4771394.000000 4781547.500000 0 456.668518 
1512323318.997687 0.106000 4799094.500000 4783302.000000 0 411.001678 
1512323319.097860 0.098000 4943673.500000 4799339.000000 0 369.901520 
1512323319.200498 0.098000 4943673.500000 4813772.500000 0 332.911377 
1512323319.297159 0.101000 4796831.500000 4812078.500000 0 299.620239 
1512323319.397437 0.095000 4972295.000000 4828100.000000 0 269.658203 
1512323319.498363 0.100000 4965920.000000 4841882.000000 0 242.692383 
1512323319.598502 0.099000 4893737.500000 4847067.500000 0 218.423141 
1512323319.698581 0.103000 4821281.500000 4844489.000000 0 196.580826 
1512323319.799461 0.099000 4893737.500000 4849414.000000 0 176.922745 
1512323319.846858 0.098000 4943673.500000 4858840.000000 0 159.230469 
1512323319.998954 0.103000 4821281.500000 4855084.000000 0 143.307419 
1512323320.098644 0.098000 4943673.500000 4863943.000000 0 128.976685 
1512323320.198823 0.097000 4869773.000000 4864526.000000 0 116.079018 
1512323320.248063 0.101000 4796831.500000 4857756.500000 0 104.471115 
1512323320.399835 0.100000 4965920.000000 4868573.000000 0 94.024002 
1512323320.499279 0.099000 4893737.500000 4871089.500000 0 84.621605 
1512323320.601269 0.099000 4893737.500000 4873354.500000 0 76.159447 
1512323320.648630 0.097000 4869773.000000 4872996.500000 0 68.543503 
1512323320.800345 0.104000 4891384.500000 4874835.500000 0 61.689152 
1512323320.900203 0.098000 4820082.000000 4869360.000000 0 55.520237 
1512323321.000860 0.099000 4893737.500000 4871798.000000 0 49.968212 
1512323321.101131 0.103000 4938874.000000 4878505.500000 0 44.971390 
1512323321.201482 0.097000 4869773.000000 4877632.000000 0 40.474251 
1512323321.300997 0.103000 4821281.500000 4871997.000000 0 36.426826 
1512323321.350182 0.096000 4920500.000000 4876847.500000 0 32.784145 
1512323321.503304 0.100000 4844800.000000 4873643.000000 0 29.505732 
1512323321.601841 0.102000 4987294.000000 4885008.000000 0 26.555159 
1512323321.702960 0.099000 4771394.000000 4873646.500000 0 23.899643 
1512323321.802237 0.102000 4868549.000000 4873137.000000 0 21.509678 
1512323321.850969 0.097000 4869773.000000 4872800.500000 0 19.358709 
1512323322.002578 0.097000 4869773.000000 4872498.000000 0 17.422838 
1512323322.051483 0.102000 4868549.000000 4872103.000000 0 15.680554 
1512323322.203620 0.101000 4916752.500000 4876568.000000 0 14.112499 
1512323322.305710 0.101000 4916752.500000 4880586.500000 0 12.701249 
1512323322.352164 0.095000 4844800.000000 4877008.000000 0 11.431124 
1512323322.504800 0.101000 4796831.500000 4868990.500000 0 10.288012 
1512323322.603783 0.104000 5007846.000000 4882876.000000 0 9.259211 
1512323322.704300 0.095000 4844800.000000 4879068.500000 0 8.333289 
1512323322.803295 0.101000 4916752.500000 4882837.000000 0 7.499960 
1512323322.906157 0.102000 4868549.000000 4881408.000000 0 6.749964 
1512323323.004975 0.096000 4794333.500000 4872700.500000 0 6.074968 
1512323323.053538 0.102000 4868549.000000 4872285.500000 0 5.467471 
1512323323.207032 0.097000 4869773.000000 4872034.000000 0 4.920724 
1512323323.309439 0.100000 4965920.000000 4881422.500000 0 4.428651 
1512323323.404414 0.099000 4893737.500000 4882654.000000 0 3.985786 
1512323323.454428 0.102000 4868549.000000 4881243.500000 0 3.587208 
1512323323.608310 0.100000 4844800.000000 4877599.000000 0 3.228487 
1512323323.654920 0.097000 4994639.000000 4889303.000000 0 2.905638 
1512323323.805402 0.101000 4796831.500000 4880056.000000 0 2.615074 
1512323323.855240 0.100000 4965920.000000 4888642.500000 0 2.353567 
1512323323.955982 0.100000 4844800.000000 4884258.000000 0 2.118210 
1512323324.107274 0.103000 4821281.500000 4877960.500000 0 1.906389 
1512323324.156116 0.096000 4920500.000000 4882214.500000 0 1.715750 
1512323324.310501 0.100000 4723680.000000 4866361.000000 0 1.544175 
1512323324.406591 0.101000 4916752.500000 4871400.000000 0 1.389758 
1512323324.456646 0.099000 4893737.500000 4873634.000000 0 1.250782 
1512323324.557183 0.099000 5016081.000000 4887878.500000 0 1.125704 
1512323324.708250 0.101000 4916752.500000 4890766.000000 0 1.013133 
1512323324.812070 0.098000 4820082.000000 4883697.500000 0 0.911820 
1512323324.858532 0.097000 4869773.000000 4882305.000000 0 0.820638 
1512323325.011327 0.106000 4913358.500000 4885410.500000 0 0.738574 
1512323325.058283 0.093000 4948989.000000 4891768.500000 0 0.664717 
1512323325.158560 0.103000 4703689.500000 4872960.500000 0 0.598245 
1512323325.258657 0.099000 4893737.500000 4875038.000000 0 0.538421 
1512323325.412378 0.100000 4965920.000000 4884126.000000 0 0.484579 
1512323325.509017 0.099000 4893737.500000 4885087.000000 0 0.436121 
1512323325.609872 0.101000 4916752.500000 4888253.500000 0 0.392509 
1512323325.709445 0.101000 4916752.500000 4891103.500000 0 0.353258 
1512323325.759487 0.096000 4794333.500000 4881426.500000 0 0.317932 
1512323325.859581 0.099000 4893737.500000 4882657.500000 0 0.286139 
1512323325.959887 0.098000 5067265.500000 4901118.500000 0 0.257525 
1512323326.060260 0.098000 4820082.000000 4893015.000000 0 0.231772 
1512323326.211042 0.103000 4821281.500000 4885841.500000 0 0.208595 
1512323326.260530 0.102000 4868549.000000 4884112.000000 0 0.187736 
1512323326.360643 0.096000 4920500.000000 4887751.000000 0 0.168962 
1512323326.515347 0.101000 4796831.500000 4878659.000000 0 0.152066 
1512323326.561011 0.098000 4943673.500000 4885160.500000 0 0.136859 
1512323326.661353 0.100000 4965920.000000 4893236.500000 0 0.123173 
1512323326.815492 0.103000 4703689.500000 4874282.000000 0 0.110856 
1512323326.861736 0.097000 4994639.000000 4886317.500000 0 0.099770 
1512323326.961864 0.100000 4844800.000000 4882166.000000 0 0.089793 
1512323327.115440 0.101000 4916752.500000 4885624.500000 0 0.080814 
1512323327.162382 0.098000 4943673.500000 4891429.500000 0 0.072733 
1512323327.262618 0.104000 4891384.500000 4891425.000000 0 0.065459 
1512323327.362784 0.096000 4794333.500000 4881716.000000 0 0.058913 
1512323327.462827 0.102000 4749804.000000 4868525.000000 0 0.053022 
1512323327.563137 0.098000 5067265.500000 4888399.000000 0 0.047720 
1512323327.714852 0.106000 4799094.500000 4879468.500000 0 0.042948 
1512323327.763746 0.096000 4794333.500000 4870955.000000 0 0.038653 
1512323327.917890 0.100000 4965920.000000 4880451.500000 0 0.034788 
1512323327.963841 0.096000 4920500.000000 4884456.500000 0 0.031309 
1512323328.064052 0.099000 4893737.500000 4885384.500000 0 0.028178 
1512323328.164402 0.101000 4916752.500000 4888521.500000 0 0.025360 
1512323328.264620 0.102000 4749804.000000 4874650.000000 0 0.022824 
1512323328.365038 0.102000 4749804.000000 4862165.500000 0 0.020542 
1512323328.464912 0.095000 5099789.500000 4885928.000000 0 0.018488 
1512323328.564894 0.104000 4891384.500000 4886473.500000 0 0.016639 
1512323328.718120 0.095000 4844800.000000 4882306.000000 0 0.014975 
1512323328.765496 0.100000 4965920.000000 4890667.500000 0 0.013478 
1512323328.865766 0.100000 4844800.000000 4886081.000000 0 0.012130 
1512323329.016496 0.104000 4774923.000000 4874965.000000 0 0.010917 
1512323329.119085 0.099000 4893737.500000 4876842.000000 0 0.009825 
1512323329.166440 0.100000 4965920.000000 4885750.000000 0 0.008843 
1512323329.317570 0.100000 4844800.000000 4881655.000000 0 0.007958 
1512323329.416657 0.102000 4749804.000000 4868470.000000 0 0.007162 
1512323329.516949 0.099000 5016081.000000 4883231.000000 0 0.006446 
1512323329.567163 0.099000 4771394.000000 4872047.500000 0 0.005802 
1512323329.720542 0.097000 4994639.000000 4884306.500000 0 0.005221 
1512323329.768164 0.099000 4771394.000000 4873015.000000 0 0.004699 
1512323329.919157 0.105000 4960152.500000 4881729.000000 0 0.004229 
1512323330.022545 0.101000 4676910.500000 4861247.000000 0 0.003806 
1512323330.068921 0.094000 5025191.500000 4877641.500000 0 0.003426 
1512323330.169770 0.100000 4965920.000000 4886469.500000 0 0.003083 
1512323330.323198 0.106000 4684830.000000 4866305.500000 0 0.002775 
1512323330.369096 0.093000 5079225.500000 4887597.500000 0 0.002497 
1512323330.469326 0.100000 4844800.000000 4883318.000000 0 0.002248 
1512323330.620434 0.100000 4965920.000000 4891578.000000 0 0.002023 
1512323330.722357 0.102000 1899921.625000 4592412.500000 0 0.001821 
1512323330.769976 0.096000 0.000000 4133171.250000 0 0.001639 
1512323330.870193 0.100000 0.000000 3719854.000000 0 0.001475 
1512323330.970860 0.101000 0.000000 3347868.500000 0 0.001327 
1512323331.071124 0.097000 0.000000 3013081.750000 0 0.001195 
1512323331.170756 0.100000 0.000000 2711773.500000 0 0.001075 
1512323331.271006 0.100000 0.000000 2440596.250000 0 0.000968 
1512323331.371175 0.100000 0.000000 2196536.500000 0 0.000871 
1512323331.471487 0.100000 0.000000 1976882.875000 0 0.000784 
1512323331.571769 0.101000 0.000000 1779194.625000 0 0.000705 
1512323331.672059 0.098000 0.000000 1601275.125000 0 0.000635 
1512323331.772255 0.100000 0.000000 1441147.625000 0 0.000571 
1512323331.872607 0.100000 0.000000 1297032.875000 0 0.000514 
1512323331.972810 0.100000 0.000000 1167329.625000 0 0.000463 
1512323332.073039 0.099000 0.000000 1050596.625000 0 0.000416 
1512323332.173255 0.100000 0.000000 945536.937500 0 0.000375 
1512323332.273503 0.100000 0.000000 850983.250000 0 0.000337 
1512323332.373702 0.100000 0.000000 765884.937500 0 0.000304 
1512323332.473919 0.099000 0.000000 689296.437500 0 0.000273 
1512323332.574169 0.101000 0.000000 620366.812500 0 0.000246 
1512323332.674374 0.100000 0.000000 558330.125000 0 0.000221 
1512323332.774623 0.100000 0.000000 502497.125000 0 0.000199 
1512323332.874856 0.100000 0.000000 452247.406250 0 0.000179 
1512323332.975009 0.099000 0.000000 407022.656250 0 0.000161 
1512323333.075245 0.100000 0.000000 366320.375000 0 0.000145 
1512323333.175599 0.102000 0.000000 329688.343750 0 0.000131 
1512323333.275899 0.098000 0.000000 296719.500000 0 0.000118 
1512323333.376106 0.099000 0.000000 267047.562500 0 0.000106 
1512323333.476283 0.101000 0.000000 240342.812500 0 0.000095 
1512323333.576615 0.099000 0.000000 216308.531250 0 0.000086 
1512323333.676835 0.100000 0.000000 194677.671875 0 0.000077 
1512323333.777102 0.105000 0.000000 175209.906250 0 0.000069 
1512323333.877338 0.096000 0.000000 157688.921875 0 0.000063 
1512323333.977643 0.099000 0.000000 141920.031250 0 0.000056 
1512323334.077861 0.100000 0.000000 127728.031250 0 0.000051 
1512323334.178296 0.101000 0.000000 114955.226562 0 0.000046 
