0.101000 0.000000 0.000000 0 0.000000
0.100000 0.000000 0.000000 0 0.000000
0.100000 0.000000 0.000000 0 0.000000
0.099000 0.000000 0.000000 0 0.000000
0.100000 0.000000 0.000000 0 0.000000
0.100000 0.000000 0.000000 0 0.000000
0.103000 0.000000 0.000000 0 0.000000
0.097000 0.000000 0.000000 0 0.000000
0.101000 0.000000 0.000000 0 0.000000
0.099000 0.000000 0.000000 0 0.000000
0.100000 0.000000 0.000000 0 0.000000
0.100000 0.000000 0.000000 0 0.000000
0.100000 0.000000 0.000000 0 0.000000
0.100000 0.000000 0.000000 0 0.000000
0.099000 0.000000 0.000000 0 0.000000
0.099000 122343.437500 12234.343750 0 0.000000
0.101000 0.000000 11010.909180 0 0.000000
0.099000 0.000000 9909.818359 0 0.000000
0.100000 1332320.000000 142150.828125 0 0.000000
0.100000 4965920.000000 624527.750000 0 0.000000
0.100000 4844800.000000 1046555.000000 0 0.000000
0.100000 4844800.000000 1426379.500000 0 0.000000
0.101000 4916752.500000 1775416.750000 0 0.000000
0.100000 4844800.000000 2082355.125000 0 0.000000
0.099000 4893737.500000 2363493.500000 0 0.000000
0.101000 4916752.500000 2618819.500000 0 0.000000
0.097000 4869773.000000 2843914.750000 0 0.000000
0.101000 4916752.500000 3051198.500000 0 0.000000
0.100000 4844800.000000 3230558.750000 0 0.000000
0.101000 4916752.500000 3399178.000000 0 0.000000
0.098000 4820082.000000 3541268.500000 0 0.000000
0.100000 4844800.000000 3671621.750000 0 0.000000
0.101000 4916752.500000 3796134.750000 0 0.000000
0.098000 4943673.500000 3910888.500000 0 0.000000
0.100000 4844800.000000 4004279.750000 0 0.000000
0.099000 4771394.000000 4080991.250000 1514 151.400009
0.101000 4916752.500000 4164567.500000 0 136.260010
0.098000 4943673.500000 4242478.000000 0 122.634010
0.101000 4796831.500000 4297913.500000 1514 261.770599
0.101000 4916752.500000 4359797.500000 0 235.593536
0.098000 4943673.500000 4418185.000000 0 212.034180
0.101000 4796831.500000 4456049.500000 0 190.830765
0.098000 4943673.500000 4504812.000000 0 171.747681
0.100000 4965920.000000 4550923.000000 0 154.572906
0.100000 4844800.000000 4580310.500000 0 139.115616
0.100000 4844800.000000 4606759.500000 0 125.204056
0.098000 4943673.500000 4640451.000000 0 112.683647
0.100000 4844800.000000 4660886.000000 0 101.415283
0.099000 4893737.500000 4684171.000000 0 91.273758
0.100000 4844800.000000 4700234.000000 0 82.146385
0.100000 4965920.000000 4726802.500000 0 73.931747
0.100000 4844800.000000 4738602.000000 0 66.538574
0.101000 4916752.500000 4756417.000000 0 59.884716
0.099000 4771394.000000 4757914.500000 0 53.896244
0.100000 4965920.000000 4778715.000000 0 48.506618
0.099000 4771394.000000 4777983.000000 0 43.655956
0.101000 4916752.500000 4791860.000000 0 39.290359
0.099000 4893737.500000 4802048.000000 0 35.361324
0.100000 4965920.000000 4818435.000000 0 31.825191
0.101000 4796831.500000 4816274.500000 0 28.642672
0.098000 4943673.500000 4829014.500000 0 25.778404
0.098000 4943673.500000 4840480.500000 0 23.200563
0.101000 4796831.500000 4836115.500000 0 20.880507
0.100000 4844800.000000 4836984.000000 0 18.792456
0.100000 4965920.000000 4849877.500000 0 16.913210
0.098000 4820082.000000 4846898.000000 0 15.221889
0.100000 4965920.000000 4858800.000000 0 13.699699
0.099000 4893737.500000 4862294.000000 0 12.329729
0.100000 4844800.000000 4860544.500000 0 11.096756
0.100000 4844800.000000 4858970.000000 0 9.987081
0.099000 4893737.500000 4862447.000000 1514 160.388367
0.102000 4987294.000000 4874931.500000 0 144.349533
0.098000 4820082.000000 4869446.500000 0 129.914581
0.100000 4844800.000000 4866982.000000 0 116.923126
0.101000 4916752.500000 4871959.000000 0 105.230812
0.099000 4893737.500000 4874137.000000 0 94.707733
0.098000 4820082.000000 4868731.500000 0 85.236961
0.100000 4965920.000000 4878450.500000 0 76.713264
0.101000 4796831.500000 4870288.500000 0 69.041939
0.098000 4943673.500000 4877627.000000 0 62.137745
0.100000 4965920.000000 4886456.500000 0 55.923969
0.100000 4844800.000000 4882291.000000 0 50.331573
0.099000 4893737.500000 4883435.500000 0 45.298416
0.099000 4893737.500000 4884465.500000 0 40.768574
0.101000 4796831.500000 4875702.000000 0 36.691715
0.099000 4893737.500000 4877505.500000 0 33.022545
0.099000 4893737.500000 4879128.500000 0 29.720291
0.100000 4844800.000000 4875695.500000 0 26.748262
0.099000 5016081.000000 4889734.000000 0 24.073437
0.101000 4796831.500000 4880444.000000 0 21.666094
0.099000 4893737.500000 4881773.500000 0 19.499485
0.099000 4893737.500000 4882970.000000 0 17.549536
0.100000 4844800.000000 4879153.000000 0 15.794582
0.100000 4965920.000000 4887829.500000 0 14.215124
0.100000 4844800.000000 4883526.500000 0 12.793612
0.102000 4868549.000000 4882029.000000 0 11.514251
0.099000 4893737.500000 4883200.000000 0 10.362825
0.099000 4893737.500000 4884254.000000 0 9.326543
0.100000 4844800.000000 4880308.500000 0 8.393888
0.099000 4893737.500000 4881651.500000 0 7.554500
0.101000 4916752.500000 4885161.500000 0 6.799050
0.100000 4844800.000000 4881125.500000 0 6.119145
0.098000 4943673.500000 4887380.500000 0 5.507230
0.100000 4723680.000000 4871010.500000 1514 156.356522
0.101000 4916752.500000 4875584.500000 1514 292.120850
0.102000 4868549.000000 4874881.000000 0 262.908752
0.098000 4943673.500000 4881760.000000 0 236.617874
0.100000 4844800.000000 4878064.000000 0 212.956085
0.104000 4891384.500000 4879396.000000 0 191.660477
0.095000 4844800.000000 4875936.500000 0 172.494431
0.101000 4916752.500000 4880018.000000 0 155.244995
0.097000 4869773.000000 4878993.500000 0 139.720490
0.103000 4938874.000000 4884981.500000 0 125.748444
0.098000 4820082.000000 4878491.500000 0 113.173599
0.098000 4943673.500000 4885009.500000 1514 253.256241
0.102000 4987294.000000 4895238.000000 0 227.930618
0.109000 4778128.500000 4883527.000000 1514 356.537537
0.092000 5002782.500000 4895452.500000 28766 3197.483887
0.102000 5106039.500000 4916511.000000 77214 10599.135742
0.098000 4943673.500000 4919227.000000 80242 17563.421875
0.101000 5036673.000000 4930971.500000 52990 21106.080078
0.100000 4360320.000000 4873906.500000 0 18995.472656
0.105000 115352.382812 4398051.000000 0 17095.925781
0.094000 515404.281250 4009786.250000 0 15386.333008
0.096000 2144833.250000 3823291.000000 0 13847.699219
0.103000 2469437.000000 3687905.500000 0 12462.929688
0.098000 1483102.125000 3467425.250000 0 11216.636719
0.105000 1499581.000000 3270640.750000 0 10094.972656
0.094000 1803915.000000 3123968.250000 0 9085.475586
0.101000 1798811.875000 2991452.500000 0 8176.928223
0.100000 1695680.000000 2861875.250000 0 7359.235352
0.102000 1899921.625000 2765680.000000 0 6623.312012
0.097000 2497319.500000 2738844.000000 0 5960.980957
0.100000 2543520.000000 2719311.500000 0 5364.882812
0.103000 2587029.000000 2706083.250000 0 4828.394531
0.098000 2966204.250000 2732095.250000 0 4345.555176
0.101000 3357782.000000 2794664.000000 0 3910.999756
0.096000 3406500.000000 2855847.500000 0 3519.899902
0.100000 3996960.000000 2969958.750000 0 3167.909912
0.099000 4282020.000000 3101165.000000 0 2851.118896
0.100000 4723680.000000 3263416.500000 0 2566.007080
0.099000 5016081.000000 3438683.000000 0 2309.406250
0.106000 5141887.000000 3609003.500000 3028 2381.265625
0.100000 4965920.000000 3744695.250000 10598 3202.938965
0.096000 5046666.500000 3874892.500000 18168 4699.445312
0.101000 4916752.500000 3979078.500000 24224 6651.900879
0.100000 4481440.000000 4029314.750000 0 5986.710938
0.098000 1977469.500000 3824130.250000 0 5388.040039
0.103000 3880543.750000 3829771.500000 0 4849.235840
0.099000 4526707.000000 3899465.000000 0 4364.312500
0.098000 4449306.000000 3954449.000000 0 3927.881348
0.099000 4159676.750000 3974971.750000 0 3535.093262
0.101000 4317148.500000 4009189.500000 0 3181.583984
0.100000 4481440.000000 4056414.500000 0 2863.425537
0.102000 4749804.000000 4125753.500000 0 2577.083008
0.099000 5016081.000000 4214786.000000 0 2319.374756
0.101000 5036673.000000 4296974.500000 3028 2390.237305
0.101000 5036673.000000 4370944.500000 10598 3211.013672
0.098000 4943673.500000 4428217.500000 16654 4555.312500
0.100000 4965920.000000 4481988.000000 18168 5916.581055
0.102000 1899921.625000 4223781.500000 0 5324.922852
0.101000 3597623.750000 4161165.750000 0 4792.430664
0.096000 3785000.000000 4123549.250000 0 4313.187500
0.103000 4233320.500000 4134526.500000 0 3881.868652
0.097000 4245443.000000 4145618.250000 0 3493.681885
0.100000 4118080.000000 4142864.500000 0 3144.313721
0.101000 4317148.500000 4160293.000000 0 2829.882324
0.104000 4425538.500000 4186817.500000 0 2546.894043
0.096000 4794333.500000 4247569.000000 0 2292.204590
0.099000 5016081.000000 4324420.000000 1514 2214.384033
0.103000 5056466.000000 4397624.500000 6056 2598.545654
0.099000 5016081.000000 4459470.000000 13626 3701.291016
0.100000 5087040.000000 4522227.000000 16654 4996.562012
0.098000 4696490.000000 4539653.500000 0 4496.905762
0.101000 2518336.500000 4337522.000000 0 4047.215088
0.098000 4202122.500000 4323982.000000 0 3642.493652
0.103000 4586097.000000 4350193.500000 0 3278.244385
0.098000 4696490.000000 4384823.000000 0 2950.419922
0.100000 4723680.000000 4418708.500000 0 2655.377930
0.098000 4820082.000000 4458846.000000 1514 2541.240234
0.101000 5036673.000000 4516628.500000 1514 2438.516113
0.098000 5067265.500000 4571692.000000 3028 2497.464600
0.101000 5036673.000000 4618190.000000 6056 2853.318115
0.101000 4916752.500000 4648046.000000 12112 3779.186279
0.099000 5138424.500000 4697084.000000 12112 4612.467773
0.099000 4526707.000000 4680046.500000 0 4151.221191
0.100000 3270240.000000 4539066.000000 0 3736.099121
0.103000 4350912.500000 4520250.500000 0 3362.489258
0.105000 4383390.500000 4506564.500000 0 3026.240234
0.094000 5025191.500000 4558427.000000 0 2723.616211
0.102000 4749804.000000 4577564.500000 0 2451.254639
0.108000 4934518.500000 4613260.000000 3028 2508.929199
0.095000 4972295.000000 4649163.500000 4542 2712.236328
0.096000 5172833.500000 4701530.500000 6056 3046.612793
0.100000 4965920.000000 4727969.500000 7570 3498.951416
0.103000 3410174.750000 4596190.000000 0 3149.056152
0.096000 126166.664062 4149187.750000 0 2834.150635
0.099000 856404.062500 3819909.500000 0 2550.735596
0.104000 116461.539062 3449564.750000 0 2295.662109
0.100000 1816800.000000 3286288.250000 0 2066.095947
0.100000 2059040.000000 3163563.500000 0 1859.486328
0.099000 1957495.000000 3042956.750000 0 1673.537720
0.100000 1937920.000000 2932453.000000 0 1506.183960
0.099000 2202181.750000 2859426.000000 0 1355.565552
0.101000 2158574.250000 2789340.750000 0 1220.009033
0.100000 2180160.000000 2728422.750000 0 1098.008179
0.103000 2469437.000000 2702524.250000 0 988.207336
0.098000 2719020.500000 2704174.000000 0 889.386597
0.097000 2871917.500000 2720948.250000 0 800.447937
0.100000 3028000.000000 2751653.500000 0 720.403137
0.103000 3410174.750000 2817505.500000 0 648.362793
0.097000 3621113.250000 2897866.250000 0 583.526489
0.107000 3961869.250000 3004266.500000 0 525.173828
0.097000 4245443.000000 3128384.250000 0 472.656433
0.099000 4282020.000000 3243747.750000 0 425.390778
0.097000 3745979.250000 3293971.000000 0 382.851685
0.100000 968960.000000 3061470.000000 0 344.566528
0.104000 3144461.500000 3069769.250000 0 310.109863
0.100000 1574560.000000 2920248.250000 0 279.098877
0.094000 2577021.250000 2885925.500000 0 251.188995
0.102000 2849882.500000 2882321.250000 0 226.070099
0.103000 2822213.500000 2876310.500000 0 203.463089
0.100000 3149120.000000 2903591.500000 0 183.116776
0.101000 3117940.500000 2925026.500000 0 164.805099
0.096000 3280333.250000 2960557.250000 0 148.324585
0.103000 3292582.500000 2993759.750000 0 133.492126
0.094000 3607830.000000 3055166.750000 0 120.142914
0.110000 3743709.000000 3124021.000000 0 108.128624
0.095000 4334821.000000 3245101.000000 0 97.315765
0.098000 3707755.250000 3291366.500000 0 87.584190
0.099000 2569212.250000 3219151.000000 0 78.825775
0.100000 726720.000000 2969908.000000 0 70.943199
0.105000 1499581.000000 2822875.250000 0 63.848881
0.094000 2319319.250000 2772519.750000 0 57.463993
0.101000 2638257.250000 2759093.500000 0 51.717594
0.100000 2664640.000000 2749648.250000 0 46.545834
0.106000 2742339.750000 2748917.500000 0 41.891251
0.097000 2747051.500000 2748731.000000 0 37.702126
0.094000 2834723.500000 2757330.250000 0 33.931911
0.101000 3117940.500000 2793391.250000 0 30.538721
0.099000 3180929.250000 2832145.000000 0 27.484848
0.103000 3645359.250000 2913466.500000 0 24.736362
0.100000 3754720.000000 2997591.750000 0 22.262726
0.099000 3914990.000000 3089331.500000 0 20.036453
0.097000 3621113.250000 3142509.750000 0 18.032808
0.103000 1881475.750000 3016406.250000 0 16.229527
0.097000 998927.812500 2814658.500000 0 14.606574
0.103000 1646291.250000 2697821.750000 0 13.145917
0.099000 2446868.750000 2672726.500000 0 11.831326
0.100000 2422400.000000 2647693.750000 0 10.648193
0.102000 2612392.250000 2644163.500000 0 9.583374
0.098000 2595428.750000 2639290.000000 0 8.625036
0.101000 2758178.000000 2651178.750000 0 7.762533
0.101000 2758178.000000 2661878.750000 0 6.986279
0.099000 2936242.500000 2689315.000000 0 6.287652
0.100000 3270240.000000 2747407.500000 0 5.658886
0.102000 3443608.000000 2817027.500000 0 5.092998
0.098000 3707755.250000 2906100.250000 0 4.583698
0.108000 3700888.750000 2985579.000000 0 4.125328
0.095000 3059873.750000 2993008.500000 0 3.712795
0.095000 2549894.750000 2948697.000000 0 3.341516
0.099000 1101090.875000 2763936.500000 0 3.007364
0.101000 2278495.000000 2715392.250000 0 2.706628
0.099000 2446868.750000 2688540.000000 0 2.435965
0.105000 2537752.500000 2673461.250000 0 2.192369
0.101000 2758178.000000 2681933.000000 0 1.973132
0.095000 2804884.250000 2694228.000000 0 1.775818
0.099000 2813899.000000 2706195.000000 0 1.598237
0.099000 3058586.000000 2741434.000000 0 1.438413
0.100000 3149120.000000 2782202.500000 0 1.294572
0.103000 3410174.750000 2844999.750000 0 1.165115
0.102000 3562353.000000 2916735.000000 1514 152.448608
0.095000 3824842.250000 3007545.750000 0 137.203751
0.100000 3996960.000000 3106487.250000 0 123.483376
0.099000 2936242.500000 3089462.750000 0 111.135040
0.099000 856404.062500 2866157.000000 0 100.021538
0.102000 593725.500000 2638913.750000 0 90.019386
0.101000 1798811.875000 2554903.500000 0 81.017448
0.098000 2101061.250000 2509519.250000 0 72.915703
0.101000 2278495.000000 2486416.750000 0 65.624130
0.105000 2307047.750000 2468479.750000 0 59.061718
0.099000 2324525.250000 2454084.250000 0 53.155548
0.099000 2324525.250000 2441128.250000 0 47.839993
0.101000 2518336.500000 2448849.000000 0 43.055992
0.097000 2622185.500000 2466182.750000 0 38.750393
0.102000 2968627.500000 2516427.250000 0 34.875355
0.101000 3117940.500000 2576578.500000 0 31.387819
0.099000 3425616.250000 2661482.250000 0 28.249037
0.101000 3597623.750000 2755096.500000 0 25.424133
0.100000 3875840.000000 2867170.750000 0 22.881720
0.100000 3875840.000000 2968037.750000 0 20.593548
0.099000 3670303.000000 3038264.250000 0 18.534193
0.099000 3547959.500000 3089233.750000 0 16.680775
0.104000 4192615.250000 3199572.000000 0 15.012697
0.099000 4649050.500000 3344519.750000 0 13.511428
0.098000 5190857.500000 3529153.500000 0 12.160285
0.096000 5046666.500000 3680904.750000 3028 313.744232
0.099000 5016081.000000 3814422.500000 10598 1342.169922
0.102000 4987294.000000 3931709.750000 19682 3176.152832
0.098000 5067265.500000 4045265.250000 30280 5886.537598
0.104000 5007846.000000 4141523.250000 19682 7266.083984
0.098000 1853877.625000 3912758.750000 0 6539.475586
0.100000 2906880.000000 3812171.000000 0 5885.527832
0.099000 3670303.000000 3797984.250000 0 5296.975098
0.099000 4159676.750000 3834153.500000 0 4767.277344
0.101000 4077306.750000 3858468.750000 0 4290.549805
0.097000 3745979.250000 3847219.750000 0 3861.494873
0.100000 3996960.000000 3862193.750000 0 3475.345459
0.101000 4197227.500000 3895697.000000 0 3127.811035
0.099000 4159676.750000 3922095.000000 0 2815.030029
0.101000 4796831.500000 4009568.750000 0 2533.527100
0.100000 4965920.000000 4105204.000000 1514 2431.574463
0.102000 5106039.500000 4205287.500000 3028 2491.217041
0.099000 5016081.000000 4286367.000000 7570 2999.095459
0.102000 4987294.000000 4356459.500000 10598 3758.985840
0.098000 5067265.500000 4427540.000000 3028 3685.887207
0.100000 4481440.000000 4432930.000000 0 3317.298584
0.100000 4723680.000000 4462005.000000 0 2985.568848
0.098000 4820082.000000 4497812.500000 1514 2838.411865
0.102000 5106039.500000 4558635.000000 3028 2857.370605
0.099000 4893737.500000 4592145.000000 6056 3177.233643
0.102000 5106039.500000 4643534.500000 7570 3616.510254
0.099000 5016081.000000 4680789.000000 6056 3860.459229
0.100000 4844800.000000 4697190.000000 0 3474.413330
0.099000 4404363.500000 4667907.500000 0 3126.971924
0.097000 4620041.000000 4663121.000000 0 2814.274658
0.100000 4965920.000000 4693401.000000 0 2532.847168
0.101000 5156594.000000 4739720.500000 1514 2430.962402
0.098000 5067265.500000 4772475.000000 6056 2793.466064
0.102000 4987294.000000 4793957.000000 9084 3422.519531
0.101000 4916752.500000 4806236.500000 6056 3685.867676
0.098000 4943673.500000 4819980.000000 3028 3620.080811
0.100000 4602560.000000 4798238.000000 0 3258.072754
0.099000 4404363.500000 4758850.500000 0 2932.265381
0.099000 4893737.500000 4772339.000000 0 2639.038818
0.099000 5138424.500000 4808947.500000 0 2375.135010
0.102000 4987294.000000 4826782.000000 3028 2440.421387
0.099000 5016081.000000 4845712.000000 7570 2953.379395
0.104000 5124307.500000 4873571.500000 10598 3717.841553
0.095000 4972295.000000 4883444.000000 3028 3648.857422
0.101000 4077306.750000 4802830.500000 0 3283.971680
0.100000 4481440.000000 4770691.500000 0 2955.574463
0.097000 4869773.000000 4780599.500000 0 2660.017090
0.101000 4916752.500000 4794215.000000 1514 2545.415283
0.101000 5036673.000000 4818461.000000 1514 2442.273682
0.097000 5119505.000000 4848565.500000 6056 2803.646240
0.099000 5016081.000000 4865317.000000 7570 3280.281494
0.101000 5036673.000000 4882452.500000 7570 3709.253418
0.100000 4844800.000000 4878687.000000 0 3338.328125
0.101000 4077306.750000 4798549.000000 0 3004.495361
0.099000 4649050.500000 4783599.000000 0 2704.045898
0.100000 4965920.000000 4801831.000000 1514 2585.041260
0.100000 5087040.000000 4830352.000000 1514 2477.937012
0.099000 5016081.000000 4848925.000000 4542 2684.343262
0.101000 5036673.000000 4867700.000000 7570 3172.908936
0.100000 5087040.000000 4889634.000000 7570 3612.617920
0.099000 4649050.500000 4865575.500000 0 3251.356201
0.100000 4239200.000000 4802938.000000 0 2926.220703
0.102000 4631059.000000 4785750.000000 0 2633.598633
0.098000 4943673.500000 4801542.500000 3028 2673.038818
0.098000 5067265.500000 4828115.000000 4542 2859.935059
0.101000 4916752.500000 4836979.000000 7570 3330.941650
0.100000 5087040.000000 4861985.000000 6056 3603.447510
0.101000 4556990.000000 4831485.500000 0 3243.102783
0.100000 4360320.000000 4784369.000000 0 2918.792480
0.103000 4703689.500000 4776301.000000 0 2626.913330
0.101000 4916752.500000 4790346.000000 1514 2515.622070
0.096000 5046666.500000 4815978.000000 4542 2718.259766
0.103000 5056466.000000 4840027.000000 7570 3203.433838
0.098000 4943673.500000 4850391.500000 9084 3791.490479
0.100000 4723680.000000 4837720.500000 0 3412.341309
0.099000 4159676.750000 4769916.000000 0 3071.107178
0.100000 4481440.000000 4741068.500000 1514 2915.396484
0.102000 4987294.000000 4765691.000000 1514 2775.256836
0.098000 5067265.500000 4795848.500000 0 2497.731201
0.099000 5016081.000000 4817872.000000 0 2247.958008
0.104000 5007846.000000 4836869.500000 4542 2477.362305
0.096000 4920500.000000 4845232.500000 10598 3289.426025
0.102000 5106039.500000 4871313.000000 6056 3566.083496
0.101000 4916752.500000 4875857.000000 1514 3360.875244
0.099000 4526707.000000 4840942.000000 0 3024.787598
0.101000 4796831.500000 4836531.000000 0 2722.308838
0.100000 4844800.000000 4837358.000000 0 2450.077881
0.101000 5036673.000000 4857289.500000 3028 2507.870117
0.098000 4943673.500000 4865928.000000 9084 3165.483154
0.105000 5075505.000000 4886885.500000 12112 4060.134766
0.095000 5099789.500000 4908176.000000 6056 4259.721191
0.101000 3237861.250000 4741144.500000 0 3833.749023
0.101000 4077306.750000 4674760.500000 0 3450.374023
0.098000 4325714.500000 4639856.000000 0 3105.336670
0.106000 4570566.000000 4632927.000000 1514 2946.203125
0.094000 4896340.500000 4659268.500000 0 2651.582764
0.100000 4965920.000000 4689933.500000 0 2386.424561
0.103000 4938874.000000 4714827.500000 0 2147.782227
0.097000 5119505.000000 4755295.000000 3028 2235.803955
0.101000 5036673.000000 4783433.000000 9084 2920.623535
0.098000 5067265.500000 4811816.000000 13626 3991.161133
0.101000 4916752.500000 4822309.500000 6056 4197.645020
0.105000 3691276.250000 4709206.000000 0 3777.880615
0.095000 4207326.500000 4659018.000000 0 3400.092529
0.100000 4360320.000000 4629148.000000 0 3060.083252
0.102000 4749804.000000 4641213.500000 0 2754.074951
0.098000 4943673.500000 4671459.500000 0 2478.667480
0.099000 5138424.500000 4718156.000000 0 2230.800781
0.099000 5016081.000000 4747948.500000 3028 2310.520752
0.101000 4916752.500000 4764829.000000 9084 2987.868652
0.101000 5156594.000000 4804005.500000 12112 3900.281738
0.097000 4994639.000000 4823069.000000 3028 3813.053467
0.100000 3875840.000000 4728346.000000 0 3431.748047
0.103000 4350912.500000 4690602.500000 0 3088.573242
0.098000 4696490.000000 4691191.000000 1514 2931.115967
0.100000 4965920.000000 4718664.000000 0 2638.004395
0.102000 4987294.000000 4745527.000000 0 2374.203857
0.098000 5067265.500000 4777701.000000 1514 2288.183594
0.098000 5067265.500000 4806657.500000 6056 2664.965332
0.101000 5036673.000000 4829659.000000 10598 3458.268799
0.100000 4965920.000000 4843285.000000 4542 3566.641846
0.102000 4749804.000000 4833937.000000 0 3209.977539
0.101000 4556990.000000 4806242.500000 0 2888.979736
0.096000 4920500.000000 4817668.000000 0 2600.081787
0.101000 5036673.000000 4839568.500000 0 2340.073730
0.101000 5036673.000000 4859279.000000 3028 2408.866455
0.100000 5087040.000000 4882055.000000 9084 3076.379883
0.100000 4965920.000000 4890441.500000 13626 4131.341797
0.099000 5016081.000000 4903005.500000 3028 4021.007568
0.100000 3149120.000000 4727617.000000 0 3618.906738
0.101000 4317148.500000 4686570.000000 0 3257.016113
0.098000 4449306.000000 4662843.500000 0 2931.314453
0.099000 4893737.500000 4685933.000000 0 2638.183105
0.102000 4987294.000000 4716069.000000 0 2374.364746
0.099000 5016081.000000 4746070.000000 1514 2288.328369
0.101000 5036673.000000 4775130.500000 4542 2513.695557
0.097000 4994639.000000 4797081.500000 9084 3170.726074
0.101000 5036673.000000 4821040.500000 7570 3610.653564
0.099000 4893737.500000 4828310.000000 0 3249.588135
0.100000 4481440.000000 4793623.000000 0 2924.629395
0.101000 4676910.500000 4781952.000000 0 2632.166504
0.098000 5067265.500000 4810483.500000 0 2368.949951
0.101000 5036673.000000 4833102.500000 4542 2586.254883
0.100000 5087040.000000 4858496.000000 9084 3236.029297
0.100000 4965920.000000 4869238.500000 13626 4275.026367
0.100000 5087040.000000 4891018.500000 1514 3998.923828
0.100000 3149120.000000 4716828.500000 0 3599.031494
0.098000 4202122.500000 4665358.000000 0 3239.128418
0.100000 4481440.000000 4646966.000000 0 2915.215576
0.100000 4723680.000000 4654637.500000 0 2623.694092
0.103000 5174058.000000 4706579.500000 0 2361.324707
0.099000 4893737.500000 4725295.500000 1514 2276.592285
0.098000 5067265.500000 4759492.500000 4542 2503.133057
0.101000 5036673.000000 4787210.500000 7570 3009.819824
0.099000 5016081.000000 4810097.500000 9084 3617.237793
0.101000 5036673.000000 4832755.000000 0 3255.513916
0.098000 4325714.500000 4782051.000000 0 2929.962402
0.099000 4893737.500000 4793219.500000 0 2636.966064
0.100000 5087040.000000 4822601.500000 0 2373.269531
0.100000 4965920.000000 4836933.500000 3028 2438.742676
0.101000 5036673.000000 4856907.500000 9084 3103.268555
0.100000 4965920.000000 4867809.000000 13626 4155.541992
0.103000 5056466.000000 4886674.500000 3028 4042.787842
0.098000 3213387.750000 4719346.000000 0 3638.509033
0.099000 4159676.750000 4663379.000000 0 3274.658203
0.100000 4602560.000000 4657297.000000 0 2947.192383
0.100000 4602560.000000 4651823.500000 0 2652.473145
0.101000 5036673.000000 4690308.500000 0 2387.225830
0.099000 5016081.000000 4722886.000000 1514 2299.903320
0.099000 5016081.000000 4752205.500000 6056 2675.512939
0.101000 5036673.000000 4780652.000000 9084 3316.361816
0.100000 4965920.000000 4799179.000000 9084 3893.125732
0.100000 4844800.000000 4803741.000000 0 3503.813232
0.099000 3914990.000000 4714866.000000 0 3153.431885
0.100000 4602560.000000 4703635.500000 0 2838.088623
0.101000 4916752.500000 4724947.000000 0 2554.279785
0.099000 5138424.500000 4766295.000000 1514 2450.251709
0.101000 5036673.000000 4793333.000000 4542 2659.426514
0.097000 4620041.000000 4776004.000000 12112 3604.683838
0.111000 5019387.500000 4800342.500000 4542 3698.415527
0.092000 4739478.500000 4794256.000000 0 3328.573975
0.099000 4282020.000000 4743032.500000 0 2995.716553
0.099000 4771394.000000 4745868.500000 0 2696.145020
0.100000 4844800.000000 4755761.500000 1514 2577.930420
0.100000 4965920.000000 4776777.500000 6056 2925.737305
0.101000 5036673.000000 4802767.000000 6056 3238.763672
0.099000 5016081.000000 4824098.500000 4542 3369.087402
0.101000 5036673.000000 4845356.000000 1514 3183.578613
0.098000 4572898.000000 4818110.000000 0 2865.220703
0.100000 4844800.000000 4820779.000000 0 2578.698730
0.100000 4844800.000000 4823181.000000 3028 2623.628906
0.100000 5087040.000000 4849567.000000 6056 2966.865967
0.099000 5016081.000000 4866218.500000 7570 3427.179443
0.100000 4965920.000000 4876188.500000 6056 3690.061523
0.100000 4844800.000000 4873049.500000 0 3321.055420
0.101000 4317148.500000 4817459.500000 0 2988.949951
0.100000 4844800.000000 4820193.500000 0 2690.054932
0.102000 4868549.000000 4825029.000000 0 2421.049316
0.100000 4965920.000000 4839118.000000 3028 2481.744385
0.100000 5087040.000000 4863910.000000 6056 2839.169922
0.102000 4987294.000000 4876248.500000 12112 3766.452881
0.098000 5067265.500000 4895350.000000 3028 3692.607666
0.102000 4156078.500000 4821423.000000 0 3323.346924
0.097000 4245443.000000 4763825.000000 0 2991.012207
0.099000 4649050.500000 4752347.500000 0 2691.910889
0.103000 5056466.000000 4782759.500000 0 2422.719727
0.098000 5067265.500000 4811210.000000 1514 2331.847656
0.101000 5036673.000000 4833756.500000 6056 2704.262939
0.098000 5067265.500000 4857107.500000 10598 3493.636719
0.101000 5036673.000000 4875064.000000 4542 3598.473145
0.099000 4771394.000000 4864697.000000 0 3238.625732
0.100000 4360320.000000 4814259.500000 0 2914.763184
0.100000 4844800.000000 4817313.500000 0 2623.286865
0.101000 5036673.000000 4839249.500000 0 2360.958252
0.100000 5087040.000000 4864028.500000 3028 2427.662354
0.100000 5087040.000000 4886329.500000 9084 3093.296143
0.099000 4893737.500000 4887070.500000 12112 3995.166504
0.100000 5087040.000000 4907067.500000 3028 3898.449951
0.099000 3670303.000000 4783391.000000 0 3508.604980
0.100000 4360320.000000 4741084.000000 0 3157.744385
0.099000 4404363.500000 4707412.000000 0 2841.969971
0.099000 4893737.500000 4726044.500000 0 2557.772949
0.100000 5087040.000000 4762144.000000 0 2301.995605
0.101000 5036673.000000 4789597.000000 3028 2374.595947
0.098000 5067265.500000 4817364.000000 7570 2894.136475
0.100000 4965920.000000 4832219.500000 12112 3815.922852
0.101000 5036673.000000 4852665.000000 3028 3737.130615
0.099000 3792646.500000 4746663.000000 0 3363.417480
0.100000 4360320.000000 4708028.500000 0 3027.075684
0.099000 4893737.500000 4726599.500000 0 2724.368164
0.098000 4943673.500000 4748307.000000 0 2451.931396
0.104000 5124307.500000 4785907.000000 0 2206.738281
0.098000 5067265.500000 4814043.000000 4542 2440.264404
0.101000 5036673.000000 4836306.000000 10598 3256.038086
0.100000 4965920.000000 4849267.500000 10598 3990.234375
0.098000 4943673.500000 4858708.000000 1514 3742.610840
0.100000 3633600.000000 4736197.000000 0 3368.349854
0.101000 4437069.000000 4706284.000000 0 3031.514893
0.099000 4771394.000000 4712795.000000 0 2728.363281
0.100000 4965920.000000 4738107.500000 0 2455.526855
0.101000 5156594.000000 4779956.000000 0 2209.974121
0.100000 4965920.000000 4798552.500000 4542 2443.176758
0.099000 5016081.000000 4820305.500000 12112 3410.059082
0.100000 4965920.000000 4834867.000000 7570 3826.053223
0.101000 4556990.000000 4807079.500000 0 3443.447998
0.100000 4118080.000000 4738179.500000 0 3099.103271
0.102000 4749804.000000 4739342.000000 0 2789.192871
0.102000 4987294.000000 4764137.000000 0 2510.273682
0.101000 5036673.000000 4791390.500000 0 2259.246338
0.097000 4994639.000000 4811715.500000 4542 2487.521729
0.098000 5067265.500000 4837270.500000 10598 3298.569580
0.106000 5027622.500000 4856305.500000 7570 3725.712646
0.095000 4717305.500000 4842405.500000 0 3353.141357
0.100000 4360320.000000 4794197.000000 0 3017.827148
0.100000 4602560.000000 4775033.500000 0 2716.044434
0.100000 4844800.000000 4782010.000000 0 2444.439941
0.100000 5208160.000000 4824625.000000 1514 2351.395996
0.100000 4965920.000000 4838754.500000 6056 2721.856445
0.099000 5016081.000000 4856487.000000 12112 3660.870850
0.099000 5016081.000000 4872446.500000 6056 3900.383789
0.103000 4115728.250000 4796774.500000 0 3510.345459
0.101000 4197227.500000 4736820.000000 0 3159.311035
0.095000 4717305.500000 4734868.500000 0 2843.379883
0.101000 4916752.500000 4753057.000000 0 2559.041992
0.099000 4893737.500000 4767125.000000 1514 2454.537842
0.099000 5016081.000000 4792020.500000 4542 2663.284180
0.099000 5016081.000000 4814426.500000 7570 3153.955811
0.102000 4987294.000000 4831713.000000 9084 3746.960205
0.101000 4796831.500000 4828225.000000 0 3372.264160
0.100000 4239200.000000 4769322.500000 0 3035.037842
0.097000 4620041.000000 4754394.500000 0 2731.534180
0.100000 4965920.000000 4775547.000000 0 2458.380859
0.101000 5156594.000000 4813651.500000 1514 2363.942871
0.103000 4938874.000000 4826174.000000 6056 2733.148682
0.095000 5099789.500000 4853535.500000 10598 3519.633789
0.100000 4965920.000000 4864774.000000 6056 3773.270508
0.099000 4526707.000000 4830967.500000 0 3395.943359
0.102000 4274823.500000 4775353.000000 0 3056.349121
0.099000 4649050.500000 4762723.000000 0 2750.714111
0.101000 4796831.500000 4766134.000000 3028 2778.442627
0.101000 5036673.000000 4793188.000000 3028 2803.398438
0.100000 5087040.000000 4822573.000000 3028 2825.858643
0.099000 5016081.000000 4841924.000000 4542 2997.472656
0.095000 4972295.000000 4854961.000000 3028 3000.525391
0.107000 5093831.500000 4878848.000000 0 2700.472900
0.100000 4844800.000000 4875443.000000 0 2430.425537
0.097000 5119505.000000 4899849.000000 1514 2338.782959
0.106000 5027622.500000 4912626.500000 7570 2861.904785
0.093000 5079225.500000 4929286.500000 12112 3786.914307
0.101000 4916752.500000 4928033.000000 4542 3862.422852
0.098000 4078530.750000 4843083.000000 0 3476.180664
0.099000 4404363.500000 4799211.000000 0 3128.562500
0.100000 4602560.000000 4779546.000000 0 2815.706299
0.102000 4749804.000000 4776572.000000 0 2534.135742
0.100000 5087040.000000 4807619.000000 0 2280.722168
0.100000 5087040.000000 4835561.000000 3028 2355.449951
0.099000 5016081.000000 4853613.000000 7570 2876.905029
0.099000 5016081.000000 4869860.000000 12112 3800.414551
0.100000 4965920.000000 4879466.000000 7570 4177.373047
0.101000 3957386.000000 4787258.000000 0 3759.635742
0.098000 4078530.750000 4716385.500000 0 3383.672119
0.101000 4197227.500000 4664469.500000 3028 3348.104980
0.100000 4965920.000000 4694614.500000 0 3013.294434
0.099000 4771394.000000 4702292.500000 0 2711.965088
0.100000 4844800.000000 4716543.000000 0 2440.768555
0.103000 4938874.000000 4738776.000000 0 2196.691650
0.100000 5087040.000000 4773602.500000 3028 2279.822510
0.101000 4916752.500000 4787917.500000 10598 3111.640381
0.099000 4893737.500000 4798499.500000 16654 4465.876465
0.102000 4987294.000000 4817379.000000 7570 4776.289062
0.097000 3246515.250000 4660292.500000 0 4298.660156
0.101000 3837465.250000 4578010.000000 0 3868.794189
0.098000 4202122.500000 4540421.000000 0 3481.914795
0.102000 4274823.500000 4513861.000000 0 3133.723389
0.097000 4495175.000000 4511992.500000 0 2820.351074
0.103000 4703689.500000 4531162.000000 0 2538.315918
0.100000 4965920.000000 4574638.000000 0 2284.484375
0.101000 5156594.000000 4632833.500000 0 2056.035889
0.099000 4893737.500000 4658924.000000 4542 2304.632324
0.098000 5067265.500000 4699758.000000 12112 3285.369141
0.098000 4943673.500000 4724149.500000 15140 4470.832031
0.104000 5007846.000000 4752519.000000 1514 4175.148926
0.098000 2842612.250000 4561528.500000 0 3757.634033
0.099000 4159676.750000 4521343.500000 0 3381.870605
0.100000 4602560.000000 4529465.000000 0 3043.683594
0.102000 4749804.000000 4551499.000000 0 2739.315186
0.100000 4844800.000000 4580829.000000 0 2465.383789
0.100000 5087040.000000 4631450.000000 0 2218.845459
0.099000 5016081.000000 4669913.000000 1514 2148.360840
0.100000 4965920.000000 4699513.500000 9084 2841.924805
0.101000 5036673.000000 4733229.500000 15140 4071.732422
0.100000 4965920.000000 4756498.500000 9084 4572.958984
0.102000 3443608.000000 4625209.500000 0 4115.663086
0.100000 3875840.000000 4550272.500000 0 3704.096680
0.100000 4360320.000000 4531277.000000 0 3333.687012
0.098000 4449306.000000 4523080.000000 0 3000.318359
0.099000 4771394.000000 4547911.500000 0 2700.286621
0.102000 4868549.000000 4579975.000000 0 2430.258057
0.100000 5087040.000000 4630681.500000 0 2187.232178
0.102000 4987294.000000 4666343.000000 3028 2271.309082
0.103000 5056466.000000 4705355.500000 9084 2952.578125
0.099000 5016081.000000 4736428.000000 15140 4171.320312
0.097000 4994639.000000 4762249.000000 12112 4965.388184
0.104000 3493846.000000 4635408.500000 0 4468.849609
0.098000 3213387.750000 4493206.500000 0 4021.964600
0.098000 4202122.500000 4464098.000000 0 3619.768066
0.100000 4360320.000000 4453720.000000 0 3257.791260
0.099000 4404363.500000 4448784.500000 0 2932.012207
0.100000 4844800.000000 4488386.000000 0 2638.811035
0.101000 4796831.500000 4519230.500000 0 2374.929932
0.099000 4893737.500000 4556681.000000 0 2137.437012
0.106000 5027622.500000 4603775.000000 3028 2226.493408
0.094000 4896340.500000 4633031.500000 10598 3063.644043
0.100000 4965920.000000 4666320.500000 18168 4574.079590
0.100000 5087040.000000 4708392.500000 13626 5479.271484
0.099000 2569212.250000 4494474.500000 0 4931.344238
0.102000 3087372.500000 4353764.500000 0 4438.209961
0.098000 3954939.000000 4313882.000000 0 3994.388916
0.100000 4118080.000000 4294302.000000 0 3594.949951
0.097000 4245443.000000 4289416.000000 0 3235.455078
0.103000 4468505.000000 4307325.000000 0 2911.909668
0.098000 4449306.000000 4321523.000000 0 2620.718750
0.097000 4744907.000000 4363861.500000 0 2358.646973
0.103000 4703689.500000 4397844.500000 0 2122.782227
0.098000 5190857.500000 4477146.000000 3028 2213.303955
0.102000 4987294.000000 4528161.000000 12112 3203.173584
0.097000 4994639.000000 4574809.000000 18168 4699.656250
0.106000 5027622.500000 4620090.500000 6056 4835.290527
0.099000 2569212.250000 4415002.500000 0 4351.761719
0.099000 3792646.500000 4352767.000000 0 3916.585449
0.103000 4350912.500000 4352581.500000 0 3524.927002
0.098000 4449306.000000 4362254.000000 0 3172.434326
0.103000 4586097.000000 4384638.500000 0 2855.190918
0.101000 4796831.500000 4425858.000000 0 2569.671875
0.093000 4688516.000000 4452124.000000 0 2312.704590
0.104000 5124307.500000 4519342.500000 0 2081.434082
0.098000 5067265.500000 4574135.000000 4542 2327.490723
0.102000 4987294.000000 4615451.000000 13626 3457.341797
0.096000 5046666.500000 4658572.500000 16654 4777.007812
0.103000 4938874.000000 4686602.500000 0 4299.307129
0.105000 2653104.750000 4483252.500000 0 3869.376465
0.098000 3954939.000000 4430421.000000 0 3482.438721
0.102000 4749804.000000 4462359.500000 0 3134.194824
0.097000 4744907.000000 4490614.000000 0 2820.775391
0.100000 4723680.000000 4513920.500000 0 2538.697754
0.099000 5016081.000000 4564136.500000 0 2284.827881
0.103000 5056466.000000 4613369.500000 1514 2207.745117
0.102000 4987294.000000 4650762.000000 4542 2441.170654
0.097000 5119505.000000 4697636.500000 9084 3105.453613
0.101000 4916752.500000 4719548.000000 15140 4308.908203
0.100000 4965920.000000 4744185.000000 6056 4483.617188
0.099000 3425616.250000 4612328.000000 0 4035.255371
0.102000 4037333.500000 4554828.500000 0 3631.729736
0.099000 4404363.500000 4539782.000000 0 3268.556641
0.100000 4602560.000000 4546060.000000 0 2941.700928
0.100000 4844800.000000 4575934.000000 0 2647.530762
0.100000 4844800.000000 4602820.500000 0 2382.777588
0.102000 4987294.000000 4641268.000000 3028 2447.299805
0.096000 5046666.500000 4681808.000000 6056 2808.169922
0.100000 4965920.000000 4710219.000000 7570 3284.353027
0.103000 5056466.000000 4744843.500000 6056 3561.517822
0.096000 5046666.500000 4775026.000000 3028 3508.166016
0.101000 4796831.500000 4777206.500000 0 3157.349365
0.101000 4556990.000000 4755185.000000 0 2841.614502
0.097000 4744907.000000 4754157.000000 0 2557.453125
0.105000 5075505.000000 4786292.000000 0 2301.707764
0.098000 5067265.500000 4814389.500000 4542 2525.737061
0.099000 4893737.500000 4822324.500000 13626 3635.763184
0.100000 5087040.000000 4848796.000000 13626 4634.786621
0.102000 4393568.500000 4803273.000000 0 4171.308105
0.096000 3028000.000000 4625745.500000 0 3754.177246
0.099000 4159676.750000 4579138.500000 0 3378.759521
0.100000 4360320.000000 4557256.500000 0 3040.883545
0.106000 4799094.500000 4581440.500000 0 2736.795166
0.094000 4767489.500000 4600045.500000 0 2463.115723
0.100000 4965920.000000 4636633.000000 0 2216.804199
0.101000 4916752.500000 4664645.000000 1514 2146.523682
0.099000 5016081.000000 4699788.500000 9084 2840.271484
0.101000 5036673.000000 4733477.000000 12112 3767.444336
0.100000 5087040.000000 4768833.500000 9084 4299.100098
0.102000 3918588.250000 4683809.000000 0 3869.190186
0.099000 4159676.750000 4631396.000000 0 3482.271240
0.099000 4404363.500000 4608693.000000 0 3134.044189
0.097000 4744907.000000 4622314.500000 0 2820.639648
0.103000 4821281.500000 4642211.000000 0 2538.575684
0.102000 5106039.500000 4688594.000000 0 2284.718018
0.097000 4869773.000000 4706712.000000 4542 2510.446289
0.098000 5067265.500000 4742767.500000 9084 3167.801758
0.099000 5016081.000000 4770099.000000 10598 3910.821533
0.098000 4943673.500000 4787456.500000 7570 4276.739258
0.102000 3918588.250000 4700569.500000 0 3849.065430
0.099000 3914990.000000 4622011.500000 0 3464.158936
0.101000 4437069.000000 4603517.000000 0 3117.743164
0.099000 4649050.500000 4608070.500000 0 2805.968750
0.097000 4744907.000000 4621754.000000 1514 2676.771973
0.101000 5036673.000000 4663246.000000 1514 2560.494873
0.100000 4965920.000000 4693513.500000 3028 2607.245361
0.100000 5087040.000000 4732866.000000 3028 2649.320801
0.101000 5036673.000000 4763246.500000 3028 2687.188721
0.097000 4994639.000000 4786386.000000 6056 3024.069824
0.099000 5016081.000000 4809355.500000 7570 3478.662842
0.101000 5036673.000000 4832087.000000 6056 3736.396484
0.098000 5067265.500000 4855605.000000 0 3362.756836
0.101000 4317148.500000 4801759.500000 0 3026.481201
0.100000 4602560.000000 4781839.500000 0 2723.833008
0.099000 5016081.000000 4805263.500000 0 2451.449707
0.098000 5067265.500000 4831463.500000 1514 2357.704834
0.102000 4987294.000000 4847046.500000 6056 2727.534424
0.096000 5046666.500000 4867008.500000 12112 3665.980957
0.100000 5087040.000000 4889011.500000 12112 4510.583008
0.106000 4227773.500000 4822887.500000 0 4059.524658
0.097000 3121649.500000 4652763.500000 0 3653.572266
0.100000 4239200.000000 4611407.000000 0 3288.215088
0.098000 4572898.000000 4607556.000000 0 2959.393555
0.106000 4684830.000000 4615283.500000 1514 2814.854248
0.097000 4869773.000000 4640732.500000 0 2533.368896
0.103000 4938874.000000 4670546.500000 0 2280.031982
0.102000 4987294.000000 4702221.000000 0 2052.028809
0.101000 5036673.000000 4735666.000000 4542 2301.025879
0.095000 5099789.500000 4772078.500000 12112 3282.123291
0.101000 5036673.000000 4798538.000000 15140 4467.911133
0.099000 5016081.000000 4820292.500000 7570 4778.120117
0.101000 2878099.000000 4626073.000000 0 4300.308105
0.101000 3837465.250000 4547212.000000 0 3870.277344
0.098000 4202122.500000 4512703.000000 0 3483.249512
0.102000 4393568.500000 4500789.500000 0 3134.924561
0.095000 4589810.500000 4509691.500000 0 2821.432129
0.102000 4749804.000000 4533703.000000 0 2539.288818
0.100000 4844800.000000 4564812.500000 0 2285.359863
0.101000 5036673.000000 4611998.500000 0 2056.823975
0.100000 4965920.000000 4647390.500000 4542 2305.341553
0.100000 5087040.000000 4691355.500000 12112 3286.007324
0.102000 4987294.000000 4720949.500000 18168 4774.206543
0.093000 5079225.500000 4756777.000000 7570 5053.786133
0.099000 2446868.750000 4525786.000000 0 4548.407715
0.103000 3762951.500000 4449502.500000 0 4093.566895
0.099000 4159676.750000 4420520.000000 0 3684.210205
0.099000 4282020.000000 4406670.000000 0 3315.789062
0.099000 4404363.500000 4406439.500000 0 2984.210205
0.099000 4526707.000000 4418466.000000 0 2685.789062
0.100000 4723680.000000 4448987.500000 0 2417.210205
0.099000 5016081.000000 4505697.000000 0 2175.489258
0.100000 5087040.000000 4563831.500000 0 1957.940308
0.099000 5016081.000000 4609056.500000 6056 2367.746338
0.099000 5016081.000000 4649759.000000 16654 3796.371582
0.106000 5027622.500000 4687545.500000 16654 5082.134766
0.095000 4079831.750000 4626774.000000 0 4573.921387
0.102000 2493647.000000 4413461.500000 0 4116.529297
0.100000 4118080.000000 4383923.500000 0 3704.876465
0.099000 4404363.500000 4385967.500000 0 3334.388916
0.098000 4572898.000000 4404660.500000 0 3000.949951
0.102000 4631059.000000 4427300.500000 0 2700.854980
0.098000 4696490.000000 4454219.500000 0 2430.769531
0.102000 4987294.000000 4507527.000000 0 2187.692627
0.097000 5119505.000000 4568725.000000 1514 2120.323242
0.106000 5027622.500000 4614615.000000 7570 2665.291016
0.096000 5046666.500000 4657820.000000 13626 3761.361816
0.097000 5119505.000000 4703988.500000 12112 4596.425781
0.100000 4239200.000000 4657509.500000 0 4136.783203
0.100000 3391360.000000 4530894.500000 0 3723.104980
0.102000 4156078.500000 4493413.000000 0 3350.794434
0.100000 4602560.000000 4504327.500000 0 3015.715088
0.098000 4820082.000000 4535903.000000 0 2714.143555
0.100000 4844800.000000 4566792.500000 0 2442.729248
0.101000 4916752.500000 4601788.500000 0 2198.456299
0.094000 5282894.000000 4669899.000000 1514 2130.010742
0.102000 4987294.000000 4701638.500000 7570 2674.009766
0.100000 4965920.000000 4728066.500000 15140 3920.608887
0.102000 5106039.500000 4765864.000000 13626 4891.147949
0.100000 3754720.000000 4664749.500000 0 4402.033203
0.102000 3206117.750000 4518886.500000 0 3961.829834
0.094000 4123234.250000 4479321.500000 0 3565.646973
0.096000 4415833.500000 4472972.500000 0 3209.082275
0.108000 4710222.000000 4496697.500000 0 2888.174072
0.099000 4526707.000000 4499698.500000 0 2599.356689
0.097000 4994639.000000 4549192.500000 0 2339.420898
0.099000 5016081.000000 4595881.500000 0 2105.478760
0.096000 5172833.500000 4653576.500000 1514 2046.330933
0.102000 4987294.000000 4686948.000000 9084 2750.097900
0.097000 4994639.000000 4717717.000000 18168 4291.888184
0.103000 5056466.000000 4751592.000000 16654 5528.099609
0.104000 3144461.500000 4590879.000000 0 4975.289551
0.097000 2622185.500000 4394009.500000 0 4477.760742
0.095000 3824842.250000 4337093.000000 0 4029.984619
0.104000 4192615.250000 4322645.000000 0 3626.986084
0.096000 4289666.500000 4319347.000000 0 3264.287598
0.103000 4468505.000000 4334263.000000 0 2937.858887
0.099000 4404363.500000 4341273.000000 0 2644.072998
0.095000 4717305.500000 4378876.000000 0 2379.665771
0.101000 4916752.500000 4432663.500000 0 2141.699219
0.099000 5016081.000000 4491005.000000 1514 2078.929199
0.101000 5036673.000000 4545572.000000 9084 2779.436279
0.102000 4987294.000000 4589744.000000 18168 4318.292480
0.098000 5067265.500000 4637496.000000 18168 5703.263184
0.102000 3206117.750000 4494358.000000 0 5132.937012
0.098000 2471836.750000 4292106.000000 0 4619.643555
0.101000 3837465.250000 4246642.000000 0 4157.679199
0.101000 4197227.500000 4241700.500000 0 3741.911377
0.100000 4360320.000000 4253562.500000 0 3367.720215
0.097000 4245443.000000 4252750.500000 0 3030.948242
0.103000 4468505.000000 4274326.000000 0 2727.853516
0.100000 4602560.000000 4307149.500000 0 2455.068115
0.095000 4589810.500000 4335415.500000 0 2209.561279
0.102000 4987294.000000 4400603.500000 3028 2291.405273
0.101000 5036673.000000 4464210.500000 9084 2970.664795
0.099000 5016081.000000 4519397.500000 16654 4338.998047
0.100000 4965920.000000 4564050.000000 15140 5419.098145
0.100000 3149120.000000 4422557.000000 0 4877.188477
0.098000 2842612.250000 4264562.500000 0 4389.469727
0.100000 4118080.000000 4249914.000000 0 3950.522705
0.101000 4317148.500000 4256637.500000 0 3555.470459
0.100000 4239200.000000 4254894.000000 0 3199.923340
0.097000 4495175.000000 4278922.000000 0 2879.930908
0.102000 4631059.000000 4314135.500000 0 2591.937744
0.100000 4723680.000000 4355090.000000 0 2332.743896
0.100000 4723680.000000 4391949.000000 1514 2250.869629
0.094000 5154042.500000 4468158.500000 4542 2479.982666
0.102000 4987294.000000 4520072.000000 12112 3443.184570
0.105000 5075505.000000 4575615.500000 13626 4461.466309
0.100000 4965920.000000 4614646.000000 1514 4166.719727
0.096000 2775666.750000 4430748.000000 0 3750.047852
0.100000 4360320.000000 4423705.000000 0 3375.042969
0.095000 4589810.500000 4440315.500000 0 3037.538574
0.101000 4796831.500000 4475967.000000 0 2733.784668
0.100000 4965920.000000 4524962.500000 1514 2611.806152
0.099000 5016081.000000 4574074.500000 3028 2653.425537
0.108000 4822370.000000 4598904.000000 1514 2539.482910
0.092000 5397739.000000 4678787.500000 3028 2588.334717
0.098000 4943673.500000 4705276.000000 6056 2935.101318
0.100000 4965920.000000 4731340.500000 9084 3549.991211
0.098000 5190857.500000 4777292.000000 7570 3951.992188
0.100000 4360320.000000 4735595.000000 0 3556.792969
0.100000 1937920.000000 4455827.500000 0 3201.113770
0.100000 2422400.000000 4252485.000000 0 2881.002441
0.100000 2664640.000000 4093700.500000 0 2592.902100
0.099000 2691555.500000 3953486.000000 0 2333.611816
0.100000 3028000.000000 3860937.500000 0 2100.250732
0.099000 3058586.000000 3780702.250000 0 1890.225708
0.099000 3303272.750000 3732959.250000 0 1701.203125
0.103000 3410174.750000 3700680.750000 0 1531.082764
0.099000 4037333.250000 3734346.000000 0 1377.974487
0.101000 4437069.000000 3804618.250000 0 1240.177002
0.097000 4120577.250000 3836214.250000 0 1116.159302
0.101000 5036673.000000 3956260.000000 0 1004.543396
0.100000 4844800.000000 4045114.000000 1514 1055.489014
0.100000 4602560.000000 4100858.500000 0 949.940125
0.099000 4771394.000000 4167912.000000 0 854.946106
0.100000 4965920.000000 4247713.000000 3028 1072.251465
0.101000 5036673.000000 4326609.000000 0 965.026306
0.098000 4820082.000000 4375956.500000 0 868.523682
0.102000 4868549.000000 4425216.000000 0 781.671326
0.099000 5016081.000000 4484302.500000 0 703.504211
0.100000 5087040.000000 4544576.000000 1514 784.553772
0.099000 5016081.000000 4591726.500000 4542 1160.298340
0.101000 5036673.000000 4636221.000000 1514 1195.668457
0.099000 5016081.000000 4674207.000000 0 1076.101562
0.100000 4965920.000000 4703378.500000 0 968.491394
0.097000 4869773.000000 4720018.000000 0 871.642273
0.101000 4916752.500000 4739691.500000 0 784.478027
0.100000 4844800.000000 4750202.500000 0 706.030212
0.099000 4893737.500000 4764556.000000 0 635.427185
0.100000 4844800.000000 4772580.500000 0 571.884460
0.099000 4893737.500000 4784696.000000 0 514.696045
0.101000 4916752.500000 4797901.500000 0 463.226440
0.101000 4916752.500000 4809786.500000 0 416.903809
0.098000 4820082.000000 4810816.000000 0 375.213440
0.097000 4869773.000000 4816711.500000 0 337.692108
0.104000 4891384.500000 4824179.000000 0 303.922913
0.096000 4920500.000000 4833811.000000 0 273.530609
0.103000 4821281.500000 4832558.000000 0 246.177551
0.100000 4360320.000000 4785334.000000 0 221.559799
0.096000 4920500.000000 4798850.500000 6056 805.003845
0.100000 5087040.000000 4827669.500000 4542 1178.703491
0.104000 5007846.000000 4845687.000000 1514 1212.233154
0.097000 4994639.000000 4860582.000000 0 1091.009888
0.099000 4893737.500000 4863897.500000 0 981.908875
0.099000 4771394.000000 4854647.000000 0 883.718018
0.101000 4916752.500000 4860857.500000 0 795.346191
0.099000 4893737.500000 4864145.500000 0 715.811584
0.100000 4844800.000000 4862211.000000 0 644.230408
0.100000 4844800.000000 4860470.000000 0 579.807373
0.099000 4893737.500000 4863797.000000 0 521.826660
0.100000 4844800.000000 4861897.500000 0 469.643982
0.099000 4893737.500000 4865081.500000 0 422.679596
0.101000 4916752.500000 4870248.500000 0 380.411621
0.099000 4893737.500000 4872597.500000 0 342.370453
0.100000 4844800.000000 4869818.000000 0 308.133423
0.098000 4820082.000000 4864844.500000 0 277.320068
0.102000 4868549.000000 4865215.000000 0 249.588058
0.100000 4965920.000000 4875285.500000 0 224.629257
0.099000 4771394.000000 4864896.500000 0 202.166336
0.098000 4943673.500000 4872774.000000 0 181.949707
0.100000 4844800.000000 4869976.500000 0 163.754730
0.099000 4893737.500000 4872352.500000 0 147.379257
0.100000 4844800.000000 4869597.000000 0 132.641327
0.100000 4965920.000000 4879229.500000 0 119.377197
0.100000 4844800.000000 4875786.500000 0 107.439476
0.100000 4965920.000000 4884800.000000 0 96.695526
0.104000 4774923.000000 4873812.500000 0 87.025970
0.096000 4920500.000000 4878481.000000 0 78.323372
0.099000 4893737.500000 4880006.500000 0 70.491035
0.099000 4893737.500000 4881379.500000 0 63.441933
0.098000 4943673.500000 4887609.000000 0 57.097740
0.101000 4796831.500000 4878531.000000 0 51.387966
0.101000 4916752.500000 4882353.000000 0 46.249168
0.100000 4844800.000000 4878597.500000 0 41.624252
0.099000 4893737.500000 4880111.500000 0 37.461826
0.097000 1623257.625000 4554426.000000 0 33.715645
0.101000 0.000000 4098983.500000 0 30.344080
0.099000 0.000000 3689085.250000 0 27.309671
0.099000 0.000000 3320176.750000 0 24.578705
0.101000 0.000000 2988159.000000 0 22.120834
0.099000 0.000000 2689343.000000 0 19.908751
0.100000 0.000000 2420408.750000 0 17.917875
0.099000 0.000000 2178368.000000 0 16.126087
0.099000 0.000000 1960531.250000 0 14.513478
0.100000 0.000000 1764478.125000 0 13.062130
0.100000 0.000000 1588030.250000 0 11.755917
0.098000 0.000000 1429227.250000 0 10.580325
0.101000 0.000000 1286304.500000 0 9.522293
0.100000 0.000000 1157674.000000 0 8.570064
0.099000 0.000000 1041906.625000 0 7.713057
0.098000 0.000000 937715.937500 0 6.941751
0.100000 0.000000 843944.375000 0 6.247576
0.100000 0.000000 759549.937500 0 5.622818
0.102000 0.000000 683594.937500 0 5.060536
0.098000 0.000000 615235.437500 0 4.554483
0.099000 0.000000 553711.875000 0 4.099035
0.100000 0.000000 498340.687500 0 3.689131
0.099000 0.000000 448506.625000 0 3.320218
0.100000 0.000000 403655.968750 0 2.988196
0.100000 0.000000 363290.375000 0 2.689377
0.100000 0.000000 326961.343750 0 2.420439
0.100000 0.000000 294265.218750 0 2.178395
0.100000 0.000000 264838.687500 0 1.960556
0.100000 0.000000 238354.812500 0 1.764500
0.099000 0.000000 214519.328125 0 1.588050
0.101000 0.000000 193067.390625 0 1.429245
0.098000 0.000000 173760.656250 0 1.286321
