1512146316.08 2500.0 2700.0
1512146316.16 2500.0 2880.0
1512146316.26 2500.0 3042.0
1512146316.36 2500.0 3187.8
1512146316.46 2500.0 3319.02
1512146316.56 2500.0 3437.118
1512146316.66 2500.0 3543.4062
1512146316.76 2500.0 3639.06558
1512146316.86 2500.0 3725.159022
1512146316.96 2500.0 3802.6431198
1512146317.06 2500.0 3872.37880782
1512146317.15 2500.0 3935.14092704
1512146317.26 2500.0 3991.62683433
1512146317.36 2500.0 4042.4641509
1512146317.46 2500.0 4088.21773581
1512146317.56 2500.0 4129.39596223
1512146317.66 2500.0 4166.45636601
1512146317.76 2500.0 4199.81072941
1512146317.86 2500.0 4229.82965647
1512146317.96 2500.0 4256.84669082
1512146318.06 2500.0 4281.16202174
1512146318.16 2500.0 4303.04581956
1512146318.26 2500.0 4322.74123761
1512146318.36 2500.0 4340.46711385
1512146318.46 2500.0 4356.42040246
1512146318.56 2500.0 4370.77836222
1512146318.66 2500.0 4383.70052599
1512146318.76 2500.0 4395.33047339
1512146318.86 2500.0 4405.79742606
1512146318.96 2500.0 4415.21768345
1512146319.06 2500.0 4423.6959151
1512146319.16 2500.0 4431.32632359
1512146319.26 2500.0 4438.19369123
1512146319.36 2500.0 4444.37432211
1512146319.46 2500.0 4449.9368899
1512146319.56 2500.0 4454.94320091
1512146319.66 2500.0 4459.44888082
1512146319.76 2500.0 4463.50399274
1512146319.86 2500.0 4467.15359346
1512146319.96 2500.0 4470.43823412
1512146320.06 2500.0 4473.39441071
1512146320.16 2500.0 4476.05496963
1512146320.26 2500.0 4478.44947267
1512146320.36 2500.0 4480.6045254
1512146320.46 2500.0 4482.54407286
1512146320.56 2500.0 4484.28966558
1512146320.66 2500.0 4485.86069902
1512146320.76 2500.0 4487.27462912
1512146320.86 2500.0 4488.54716621
1512146320.96 2500.0 4489.69244959
1512146321.06 2500.0 4490.72320463
1512146321.16 2500.0 4491.65088416
1512146321.26 2500.0 4492.48579575
1512146321.36 2500.0 4493.23721617
1512146321.46 2500.0 4493.91349456
1512146321.56 2500.0 4494.5221451
1512146321.66 2500.0 4495.06993059
1512146321.76 2500.0 4495.56293753
1512146321.86 2500.0 4496.00664378
1512146321.96 2500.0 4496.4059794
1512146322.07 2500.0 4496.76538146
1512146322.17 2500.0 4497.08884331
1512146322.27 2500.0 4497.37995898
1512146322.37 2500.0 4497.64196308
1512146322.47 2500.0 4497.87776678
1512146322.57 2500.0 4498.0899901
1512146322.67 2500.0 4498.28099109
1512146322.76 2500.0 4498.45289198
1512146322.87 2500.0 4498.60760278
1512146322.97 2500.0 4498.7468425
1512146323.07 2500.0 4498.87215825
1512146323.17 2500.0 4498.98494243
1512146323.27 2500.0 4499.08644819
1512146323.37 2500.0 4499.17780337
1512146323.47 2500.0 4499.26002303
1512146323.57 2500.0 4499.33402073
1512146323.67 2500.0 4499.40061865
1512146323.77 2500.0 4499.46055679
1512146323.87 2500.0 4499.51450111
1512146323.96 2500.0 4499.563051
1512146324.07 2500.0 4499.6067459
1512146324.17 2500.0 4499.64607131
1512146324.27 2500.0 4499.68146418
1512146324.37 2500.0 4499.71331776
1512146324.47 2500.0 4499.74198598
1512146324.57 2500.0 4499.76778739
1512146324.67 2500.0 4499.79100865
1512146324.77 2500.0 4499.81190778
1512146324.87 2500.0 4499.830717
1512146324.97 2500.0 4499.8476453
1512146325.07 2500.0 4499.86288077
1512146325.17 2500.0 4499.8765927
1512146325.27 2500.0 4499.88893343
1512146325.37 2500.0 4499.90004008
1512146325.47 2500.0 4499.91003608
1512146325.57 2500.0 4499.91903247
1512146325.67 2500.0 4499.92712922
1512146325.77 2500.0 4499.9344163
1512146325.87 2500.0 4499.94097467
1512146325.97 2500.0 4499.9468772
1512146326.07 2500.0 4499.95218948
1512146326.17 2500.0 4499.95697053
1512146326.27 2500.0 4499.96127348
1512146326.37 2500.0 4499.96514613
1512146326.47 2500.0 4499.96863152
1512146326.57 2500.0 4499.97176837
1512146326.67 2500.0 4499.97459153
1512146326.77 2500.0 4499.97713238
1512146326.87 2500.0 4499.97941914
1512146326.97 2500.0 4499.98147723
1512146327.07 2500.0 4499.9833295
1512146327.17 2500.0 4499.98499655
1512146327.27 2500.0 4499.9864969
1512146327.37 2500.0 4499.98784721
1512146327.47 2500.0 4499.98906249
1512146327.58 2500.0 4499.99015624
1512146327.68 2500.0 4499.99114061
1512146327.77 2500.0 4499.99202655
1512146327.87 2500.0 4499.9928239
1512146327.97 2500.0 4499.99354151
1512146328.08 2500.0 4499.99418736
1512146328.18 2500.0 4499.99476862
1512146328.28 2500.0 4499.99529176
1512146328.37 2500.0 4499.99576258
1512146328.48 2500.0 4499.99618633
1512146328.58 2500.0 4499.99656769
1512146328.67 2500.0 4499.99691092
1512146328.77 2500.0 4499.99721983
1512146328.88 2500.0 4499.99749785
1512146328.98 2500.0 4499.99774806
1512146329.08 2500.0 4499.99797326
1512146329.18 2500.0 4499.99817593
1512146329.28 2500.0 4499.99835834
1512146329.38 2500.0 4499.9985225
1512146329.48 2500.0 4499.99867025
1512146329.58 2500.0 4499.99880323
1512146329.68 2500.0 4499.99892291
1512146329.78 2500.0 4499.99903061
1512146329.88 2500.0 4499.99912755
1512146329.98 2500.0 4499.9992148
1512146330.08 2500.0 4499.99929332
1512146330.18 2500.0 4499.99936399
1512146330.28 2500.0 4499.99942759
1512146330.38 2500.0 4499.99948483
1512146330.48 2500.0 4499.99953635
1512146330.58 2500.0 4499.99958271
1512146330.68 2500.0 4499.99962444
1512146330.78 2500.0 4499.999662
1512146330.88 2500.0 4499.9996958
1512146330.98 2500.0 4499.99972622
1512146331.08 2500.0 4499.9997536
1512146331.18 2500.0 4499.99977824
1512146331.28 2500.0 4499.99980041
1512146331.38 2500.0 4499.99982037
1512146331.48 2500.0 4499.99983833
1512146331.58 2500.0 4499.9998545
1512146331.68 2500.0 4499.99986905
1512146331.78 2500.0 4499.99988215
1512146331.88 2500.0 4499.99989393
1512146331.98 2500.0 4499.99990454
1512146332.08 2500.0 4499.99991408
1512146332.18 2500.0 4499.99992268
1512146332.28 2500.0 4499.99993041
1512146332.38 2500.0 4499.99993737
1512146332.48 2500.0 4499.99994363
1512146332.58 2500.0 4499.99994927
1512146332.69 2500.0 4499.99995434
1512146332.78 2500.0 4499.99995891
1512146332.88 2500.0 4499.99996302
1512146332.98 2500.0 4499.99996671
1512146333.08 2500.0 4499.99997004
1512146333.18 2500.0 4499.99997304
1512146333.29 2500.0 4499.99997573
1512146333.39 2500.0 4499.99997816
1512146333.49 2500.0 4499.99998035
1512146333.59 2500.0 4499.99998231
1512146333.69 2500.0 4499.99998408
1512146333.78 2500.0 4499.99998567
1512146333.89 2500.0 4499.9999871
1512146333.99 2500.0 4499.99998839
1512146334.09 2500.0 4499.99998955
1512146334.19 2500.0 4499.9999906
1512146334.29 2500.0 4499.99999154
1512146334.38 2500.0 4499.99999239
1512146334.49 2500.0 4499.99999315
1512146334.59 2500.0 4499.99999383
1512146334.69 2500.0 4499.99999445
1512146334.79 2500.0 4499.999995
1512146334.89 2500.0 4499.9999955
1512146334.99 2500.0 4499.99999595
1512146335.09 2500.0 4499.99999636
1512146335.19 2500.0 4499.99999672
1512146335.29 2500.0 4499.99999705
1512146335.39 2500.0 4499.99999734
1512146335.49 2500.0 4499.99999761
1512146335.59 2500.0 4499.99999785
1512146335.69 2500.0 4499.99999806
1512146335.79 2500.0 4499.99999826
1512146335.89 2500.0 4499.99999843
1512146335.99 2500.0 4499.99999859
1512146336.09 2500.0 4499.99999873
1512146336.19 2500.0 4499.99999886
1512146336.29 2500.0 4499.99999897
1512146336.39 2500.0 4499.99999907
1512146336.49 2500.0 4499.99999917
1512146336.59 2500.0 4499.99999925
1512146336.69 2500.0 4499.99999933
1512146336.79 2500.0 4499.99999939
1512146336.9 2500.0 4499.99999945
1512146336.99 2500.0 4499.99999951
1512146337.09 2500.0 4499.99999956
1512146337.19 2500.0 4499.9999996
1512146337.29 2500.0 4499.99999964
1512146337.39 2500.0 4499.99999968
1512146337.49 2500.0 4499.99999971
1512146337.59 2500.0 4499.99999974
1512146337.7 2500.0 4499.99999976
1512146337.8 2500.0 4499.99999979
1512146337.9 2500.0 4499.99999981
1512146338.0 2500.0 4499.99999983
1512146338.09 2500.0 4499.99999985
1512146338.2 2500.0 4499.99999986
1512146338.3 2475.0 4499.99999987
1512146338.4 2475.5 4499.99999989
1512146338.49 2475.99 4499.9999999
1512146338.59 2451.4702 4499.99999991
1512146338.69 2427.440796 4499.99999992
1512146338.8 2428.89198008 4499.99999993
1512146338.9 2430.31414048 4499.99999993
1512146339.0 2406.70785767 4499.99999994
1512146339.1 2408.57370052 4499.99999995
1512146339.2 2410.40222651 4499.99999995
1512146339.3 2387.19418198 4499.99999996
1512146339.4 2389.45029834 4499.99999996
1512146339.49 2391.66129237 4499.99999996
1512146339.6 2368.82806652 4499.99999997
1512146339.7 2371.45150519 4499.99999997
1512146339.79 2374.02247509 4499.99999997
1512146339.9 2351.54202559 4499.99999998
1512146339.99 2354.51118507 4499.99999998
1512146340.09 2357.42096137 4499.99999998
1512146340.19 2335.27254214 4499.99999998
1512146340.3 2338.5670913 4499.99999998
1512146340.4 2341.79574948 4499.99999999
1512146340.51 2319.95983449 4499.99999999
1512146340.6 2323.5606378 4499.99999999
1512146340.7 2327.08942504 4499.99999999
1512146340.8 2305.54763654 4499.99999999
1512146340.9 2309.43668381 4499.99999999
1512146341.0 2313.24795013 4499.99999999
1512146341.1 2316.98299113 4499.99999999
1512146341.2 2320.64333131 4499.99999999
1512146341.3 2324.23046468 4499.99999999
1512146341.4 2327.74585539 4500.0
1512146341.5 2331.19093828 4500.0
1512146341.6 2334.56711951 4500.0
1512146341.7 2337.87577712 4500.0
1512146341.8 2341.11826158 4500.0
1512146341.9 2344.29589635 4500.0
1512146342.0 2347.40997842 4500.0
1512146342.1 2350.46177885 4500.0
1512146342.2 2353.45254328 4500.0
1512146342.3 2356.38349241 4500.0
1512146342.4 2359.25582256 4500.0
1512146342.5 2362.07070611 4500.0
1512146342.6 2364.82929199 4500.0
1512146342.7 2367.53270615 4500.0
1512146342.8 2370.18205203 4500.0
1512146342.9 2372.77841099 4500.0
1512146343.0 2375.32284277 4500.0
1512146343.1 2377.81638591 4500.0
1512146343.2 2380.26005819 4500.0
1512146343.31 2382.65485703 4500.0
1512146343.4 2385.00175989 4500.0
1512146343.5 2387.30172469 4500.0
1512146343.6 2389.5556902 4500.0
1512146343.71 2391.76457639 4500.0
1512146343.8 2393.92928487 4500.0
1512146343.9 2396.05069917 4500.0
1512146344.0 2398.12968518 4500.0
1512146344.1 2400.16709148 4500.0
1512146344.2 2402.16374965 4500.0
1512146344.3 2404.12047466 4500.0
1512146344.4 2406.03806517 4500.0
1512146344.5 2407.91730386 4500.0
1512146344.6 2409.75895778 4500.0
1512146344.7 2411.56377863 4500.0
1512146344.8 2413.33250306 4500.0
1512146344.9 2415.065853 4500.0
1512146345.0 2416.76453594 4500.0
1512146345.1 2418.42924522 4500.0
1512146345.2 2420.06066031 4500.0
1512146345.3 2421.65944711 4500.0
1512146345.4 2423.22625816 4500.0
1512146345.51 2424.761733 4500.0
1512146345.61 2426.26649834 4500.0
1512146345.71 2427.74116837 4500.0
1512146345.81 2429.18634501 4500.0
1512146345.9 2430.60261811 4500.0
1512146346.01 2431.99056574 4500.0
1512146346.11 2433.35075443 4500.0
1512146346.21 2434.68373934 4500.0
1512146346.3 2435.99006455 4500.0
1512146346.41 2437.27026326 4500.0
1512146346.51 2438.524858 4500.0
1512146346.61 2439.75436084 4500.0
1512146346.71 2440.95927362 4500.0
1512146346.81 2442.14008815 4500.0
1512146346.91 2443.29728639 4500.0
1512146347.01 2444.43134066 4500.0
1512146347.11 2445.54271384 4500.0
1512146347.21 2446.63185957 4500.0
1512146347.31 2447.69922238 4500.0
1512146347.41 2448.74523793 4500.0
1512146347.51 2449.77033317 4500.0
1512146347.61 2450.77492651 4500.0
1512146347.71 2451.75942798 4500.0
1512146347.81 2452.72423942 4500.0
1512146347.91 2453.66975463 4500.0
1512146348.01 2454.59635954 4500.0
1512146348.11 2455.50443235 4500.0
1512146348.21 2456.3943437 4500.0
1512146348.31 2457.26645682 4500.0
1512146348.41 2458.12112769 4500.0
1512146348.51 2458.95870513 4500.0
1512146348.61 2459.77953103 4500.0
1512146348.71 2460.58394041 4500.0
1512146348.81 2461.3722616 4500.0
1512146348.91 2462.14481637 4500.0
1512146349.01 2462.90192004 4500.0
1512146349.11 2463.64388164 4500.0
1512146349.21 2464.37100401 4500.0
1512146349.31 2465.08358393 4500.0
1512146349.41 2465.78191225 4500.0
1512146349.52 2466.46627401 4500.0
1512146349.62 2467.13694853 4500.0
1512146349.71 2467.79420956 4500.0
1512146349.81 2468.43832536 4500.0
1512146349.92 2469.06955886 4500.0
1512146350.02 2469.68816768 4500.0
1512146350.11 2470.29440433 4500.0
1512146350.21 2470.88851624 4500.0
1512146350.31 2471.47074591 4500.0
1512146350.41 2472.041331 4500.0
1512146350.51 2472.60050438 4500.0
1512146350.61 2473.14849429 4500.0
1512146350.71 2473.6855244 4500.0
1512146350.82 2474.21181392 4500.0
1512146350.91 2474.72757764 4500.0
1512146351.02 2475.23302608 4500.0
1512146351.12 2475.72836556 4500.0
1512146351.22 2476.21379825 4500.0
1512146351.32 2476.68952229 4500.0
1512146351.42 2477.15573184 4500.0
1512146351.52 2477.6126172 4500.0
1512146351.61 2478.06036486 4500.0
1512146351.72 2478.49915756 4500.0
1512146351.81 2478.92917441 4500.0
1512146351.92 2479.35059092 4500.0
1512146352.02 2479.7635791 4500.0
1512146352.12 2480.16830752 4500.0
1512146352.22 2480.56494137 4500.0
1512146352.32 2480.95364254 4500.0
1512146352.42 2481.33456969 4500.0
1512146352.52 2481.7078783 4500.0
1512146352.61 2482.07372073 4500.0
1512146352.72 2482.43224632 4500.0
1512146352.82 2482.78360139 4500.0
1512146352.92 2483.12792936 4500.0
1512146353.02 2483.46537078 4500.0
1512146353.12 2483.79606336 4500.0
1512146353.22 2484.12014209 4500.0
1512146353.32 2484.43773925 4500.0
1512146353.42 2484.74898447 4500.0
1512146353.52 2485.05400478 4500.0
1512146353.62 2485.35292468 4500.0
1512146353.72 2485.64586619 4500.0
1512146353.82 2485.93294887 4500.0
1512146353.92 2486.21428989 4500.0
1512146354.02 2486.49000409 4500.0
1512146354.12 2486.76020401 4500.0
1512146354.22 2487.02499993 4500.0
1512146354.32 2487.28449993 4500.0
1512146354.42 2487.53880993 4500.0
1512146354.52 2487.78803373 4500.0
1512146354.62 2488.03227306 4500.0
1512146354.72 2488.2716276 4500.0
1512146354.82 2488.50619504 4500.0
1512146354.92 2488.73607114 4500.0
1512146355.02 2488.96134972 4500.0
1512146355.12 2489.18212273 4500.0
1512146355.22 2489.39848027 4500.0
1512146355.32 2489.61051067 4500.0
1512146355.42 2489.81830045 4500.0
1512146355.53 2490.02193444 4500.0
1512146355.62 2490.22149576 4500.0
1512146355.72 2490.41706584 4500.0
1512146355.82 2490.60872452 4500.0
1512146355.92 2490.79655003 4500.0
1512146356.02 2490.98061903 4500.0
1512146356.13 2491.16100665 4500.0
1512146356.22 2491.33778652 4500.0
1512146356.33 2491.51103079 4500.0
1512146356.43 2508.34747684 4500.0
1512146356.53 2524.84719397 4500.0
1512146356.63 2541.01691676 4500.0
1512146356.73 2556.86324509 4500.0
1512146356.83 2572.39264685 4500.0
1512146356.94 2587.61146058 4500.0
1512146357.04 2602.52589804 4500.0
1512146357.14 2617.14204674 4500.0
1512146357.24 2631.46587248 4500.0
1512146357.34 2645.50322169 4500.0
1512146357.44 2659.25982393 4500.0
1512146357.54 2672.74129411 4500.0
1512146357.64 2685.9531349 4500.0
1512146357.74 2698.90073887 4500.0
1512146357.84 2711.58939076 4500.0
1512146357.94 2724.02426961 4500.0
1512146358.04 2736.21045088 4500.0
1512146358.14 2748.15290853 4500.0
1512146358.24 2759.85651703 4500.0
1512146358.34 2771.32605335 4500.0
1512146358.44 2782.56619895 4500.0
1512146358.54 2793.58154164 4500.0
1512146358.64 2804.37657747 4500.0
1512146358.74 2814.95571259 4500.0
1512146358.84 2825.32326501 4500.0
1512146358.94 2835.48346637 4500.0
1512146359.04 2845.44046371 4500.0
1512146359.14 2855.1983211 4500.0
1512146359.24 2864.76102135 4500.0
1512146359.34 2874.13246759 4500.0
1512146359.44 2883.3164849 4500.0
1512146359.54 2892.31682187 4500.0
1512146359.64 2901.1371521 4500.0
1512146359.74 2909.78107573 4500.0
1512146359.84 2918.25212088 4500.0
1512146359.94 2926.55374513 4500.0
1512146360.04 2934.68933689 4500.0
1512146360.14 2942.66221682 4500.0
1512146360.24 2950.47563915 4500.0
1512146360.34 2958.13279303 4500.0
1512146360.45 2965.63680384 4500.0
1512146360.55 2972.99073443 4500.0
1512146360.64 2980.19758641 4500.0
1512146360.74 2987.26030135 4500.0
1512146360.84 2994.18176199 4500.0
1512146360.94 3000.96479341 4500.0
1512146361.04 3007.61216421 4500.0
1512146361.14 3014.12658759 4500.0
1512146361.24 3020.51072251 4500.0
1512146361.34 3026.76717473 4500.0
1512146361.44 3032.8984979 4500.0
1512146361.55 3038.90719461 4500.0
1512146361.65 3044.79571738 4500.0
1512146361.74 3050.5664697 4500.0
1512146361.85 3056.22180697 4500.0
1512146361.95 3061.7640375 4500.0
1512146362.05 3067.19542342 4500.0
1512146362.15 3072.51818161 4500.0
1512146362.25 3077.73448465 4500.0
1512146362.35 3082.84646162 4500.0
1512146362.45 3087.85619906 4500.0
1512146362.55 3092.76574174 4500.0
1512146362.65 3097.57709357 4500.0
1512146362.75 3102.29221837 4500.0
1512146362.85 3106.91304067 4500.0
1512146362.95 3111.44144652 4500.0
1512146363.05 3115.87928426 4500.0
1512146363.15 3120.22836524 4500.0
1512146363.26 3124.4904646 4500.0
1512146363.36 3128.66732198 4500.0
1512146363.45 3132.7606422 4500.0
1512146363.55 3136.77209603 4500.0
1512146363.65 3140.70332077 4500.0
1512146363.76 3144.55592102 4500.0
1512146363.86 3148.33146927 4500.0
1512146363.95 3152.03150655 4500.0
1512146364.06 3155.65754309 4500.0
1512146364.16 3159.21105889 4500.0
1512146364.26 3162.69350438 4500.0
1512146364.36 3166.10630096 4500.0
1512146364.45 3169.45084161 4500.0
1512146364.56 3172.72849144 4500.0
1512146364.66 3175.94058828 4500.0
1512146364.76 3179.08844318 4500.0
1512146364.86 3182.17334098 4500.0
1512146364.96 3185.19654083 4500.0
1512146365.06 3188.15927668 4500.0
1512146365.16 3191.06275781 4500.0
1512146365.26 3193.90816932 4500.0
1512146365.36 3196.6966726 4500.0
1512146365.46 3199.42940582 4500.0
1512146365.56 3202.10748437 4500.0
1512146365.66 3204.73200135 4500.0
1512146365.76 3207.30402799 4500.0
1512146365.86 3209.82461409 4500.0
1512146365.96 3212.29478848 4500.0
1512146366.06 3214.71555938 4500.0
1512146366.16 3217.08791486 4500.0
1512146366.26 3219.41282323 4500.0
1512146366.36 3230.02456676 4500.0
1512146366.46 3240.42407543 4500.0
1512146366.57 3250.61559392 4500.0
1512146366.67 3260.60328204 4500.0
1512146366.77 3270.3912164 4500.0
1512146366.87 3279.98339207 4500.0
1512146366.97 3289.38372423 4500.0
1512146367.07 3298.59604974 4500.0
1512146367.16 3307.62412875 4500.0
1512146367.26 3316.47164617 4500.0
1512146367.36 3325.14221325 4500.0
1512146367.47 3333.63936899 4500.0
1512146367.56 3341.96658161 4500.0
1512146367.66 3350.12724997 4500.0
1512146367.77 3358.12470497 4500.0
1512146367.86 3365.96221087 4500.0
1512146367.96 3373.64296666 4500.0
1512146368.06 3381.17010732 4500.0
1512146368.16 3388.54670518 4500.0
1512146368.26 3395.77577107 4500.0
1512146368.36 3402.86025565 4500.0
1512146368.47 3409.80305054 4500.0
1512146368.57 3416.60698953 4500.0
1512146368.67 3423.27484974 4500.0
1512146368.76 3429.80935274 4500.0
1512146368.87 3436.21316569 4500.0
1512146368.97 3442.48890237 4500.0
1512146369.07 3448.63912433 4500.0
1512146369.17 3454.66634184 4500.0
1512146369.27 3460.573015 4500.0
1512146369.37 3466.3615547 4500.0
1512146369.47 3472.03432361 4500.0
1512146369.57 3477.59363714 4500.0
1512146369.67 3483.04176439 4500.0
1512146369.77 3488.38092911 4500.0
1512146369.87 3493.61331052 4500.0
1512146369.97 3498.74104431 4500.0
1512146370.07 3503.76622343 4500.0
1512146370.17 3508.69089896 4500.0
1512146370.27 3513.51708098 4500.0
1512146370.37 3518.24673936 4500.0
1512146370.48 3522.88180457 4500.0
1512146370.57 3527.42416848 4500.0
1512146370.68 3531.87568511 4500.0
1512146370.77 3536.23817141 4500.0
1512146370.87 3540.51340798 4500.0
1512146370.97 3544.70313982 4500.0
1512146371.07 3548.80907703 4500.0
1512146371.17 3552.83289549 4500.0
1512146371.27 3556.77623758 4500.0
1512146371.37 3560.64071282 4500.0
1512146371.47 3564.42789857 4500.0
1512146371.57 3568.1393406 4500.0
1512146371.67 3571.77655378 4500.0
1512146371.77 3575.34102271 4500.0
1512146371.88 3578.83420225 4500.0
1512146371.98 3582.25751821 4500.0
1512146372.07 3585.61236785 4500.0
1512146372.18 3588.90012049 4500.0
1512146372.27 3592.12211808 4500.0
1512146372.37 3595.27967572 4500.0
1512146372.47 3598.3740822 4500.0
1512146372.57 3601.40660056 4500.0
1512146372.67 3604.37846855 4500.0
1512146372.77 3607.29089918 4500.0
1512146372.87 3610.14508119 4500.0
1512146372.97 3612.94217957 4500.0
1512146373.07 3615.68333598 4500.0
1512146373.17 3618.36966926 4500.0
1512146373.28 3621.00227587 4500.0
1512146373.38 3623.58223036 4500.0
1512146373.48 3626.11058575 4500.0
1512146373.58 3628.58837403 4500.0
1512146373.68 3631.01660655 4500.0
1512146373.78 3633.39627442 4500.0
1512146373.88 3635.72834893 4500.0
1512146373.98 3638.01378195 4500.0
1512146374.08 3640.25350632 4500.0
1512146374.18 3642.44843619 4500.0
1512146374.28 3644.59946747 4500.0
1512146374.38 3646.70747812 4500.0
1512146374.48 3648.77332855 4500.0
1512146374.58 3650.79786198 4500.0
1512146374.67 3652.78190474 4500.0
1512146374.78 3654.72626665 4500.0
1512146374.88 3656.63174132 4500.0
1512146374.97 3658.49910649 4500.0
1512146375.07 3660.32912436 4500.0
1512146375.18 3662.12254187 4500.0
1512146375.28 3663.88009103 4500.0
1512146375.38 3665.60248921 4500.0
1512146375.48 3667.29043943 4500.0
1512146375.58 3668.94463064 4500.0
1512146375.68 3670.56573803 4500.0
1512146375.78 3672.15442327 4500.0
1512146375.89 3673.7113348 4500.0
1512146375.97 3675.23710811 4500.0
1512146376.08 3676.73236594 4500.0
1512146376.18 3678.19771863 4500.0
1512146376.28 3679.63376425 4500.0
1512146376.38 3681.04108897 4500.0
1512146376.48 3682.42026719 4500.0
1512146376.58 3683.77186184 4500.0
1512146376.68 3685.09642461 4500.0
1512146376.78 3686.39449612 4500.0
1512146376.88 3687.66660619 4500.0
1512146376.99 3688.91327407 4500.0
1512146377.09 3690.13500859 4500.0
1512146377.18 3691.33230842 4500.0
1512146377.28 3692.50566225 4500.0
1512146377.38 3693.655549 4500.0
1512146377.48 3694.78243802 4500.0
1512146377.59 3695.88678926 4500.0
1512146377.68 3696.96905348 4500.0
1512146377.78 3698.02967241 4500.0
1512146377.88 3699.06907896 4500.0
1512146377.98 3700.08769738 4500.0
1512146378.09 3701.08594343 4500.0
1512146378.19 3702.06422456 4500.0
1512146378.28 3703.02294007 4500.0
1512146378.39 3703.96248127 4500.0
1512146378.49 3704.88323165 4500.0
1512146378.59 3705.78556701 4500.0
1512146378.69 3706.66985567 4500.0
1512146378.79 3707.53645856 4500.0
1512146378.88 3708.38572939 4500.0
1512146378.99 3709.2180148 4500.0
1512146379.09 3710.0336545 4500.0
1512146379.19 3710.83298141 4500.0
1512146379.29 3711.61632179 4500.0
1512146379.39 3712.38399535 4500.0
1512146379.48 3713.13631544 4500.0
1512146379.59 3713.87358913 4500.0
1512146379.69 3714.59611735 4500.0
1512146379.78 3715.304195 4500.0
1512146379.89 3715.9981111 4500.0
1512146379.99 3716.67814888 4500.0
1512146380.1 3717.3445859 4500.0
1512146380.19 3717.99769419 4500.0
1512146380.29 3718.6377403 4500.0
1512146380.38 3719.2649855 4500.0
1512146380.49 3719.87968579 4500.0
1512146380.59 3720.48209207 4500.0
1512146380.69 3721.07245023 4500.0
1512146380.79 3721.65100123 4500.0
1512146380.89 3722.2179812 4500.0
1512146380.98 3722.77362158 4500.0
1512146381.09 3723.31814915 4500.0
1512146381.19 3723.85178616 4500.0
1512146381.29 3724.37475044 4500.0
1512146381.39 3724.88725543 4500.0
1512146381.49 3725.38951032 4500.0
1512146381.59 3725.88172012 4500.0
1512146381.69 3726.36408571 4500.0
1512146381.79 3726.836804 4500.0
1512146381.9 3727.30006792 4500.0
1512146381.99 3727.75406656 4500.0
1512146382.09 3728.19898523 4500.0
1512146382.19 3728.63500552 4500.0
1512146382.29 3729.06230541 4500.0
1512146382.39 3729.48105931 4500.0
1512146382.5 3729.89143812 4500.0
1512146382.6 3730.29360936 4500.0
1512146382.69 3730.68773717 4500.0
1512146382.8 3731.07398243 4500.0
1512146382.89 3731.45250278 4500.0
1512146383.0 3731.82345272 4500.0
1512146383.09 3732.18698367 4500.0
1512146383.19 3732.54324399 4500.0
1512146383.29 3732.89237911 4500.0
1512146383.4 3733.23453153 4500.0
1512146383.49 3733.5698409 4500.0
1512146383.6 3733.89844408 4500.0
1512146383.69 3734.2204752 4500.0
1512146383.8 3734.5360657 4500.0
1512146383.9 3734.84534438 4500.0
1512146384.01 3735.1484375 4500.0
1512146384.1 3735.44546875 4500.0
1512146384.2 3735.73655937 4500.0
1512146384.29 3736.02182818 4500.0
1512146384.4 3736.30139162 4500.0
1512146384.49 3736.57536379 4500.0
1512146384.6 3736.84385651 4500.0
1512146384.7 3737.10697938 4500.0
1512146384.81 3737.36483979 4500.0
1512146384.91 3737.617543 4500.0
1512146385.0 3737.86519214 4500.0
1512146385.1 3738.1078883 4500.0
1512146385.19 3738.34573053 4500.0
1512146385.3 3738.57881592 4500.0
1512146385.4 3738.8072396 4500.0
1512146385.5 3739.03109481 4500.0
1512146385.6 3739.25047291 4500.0
1512146385.69 3739.46546345 4500.0
1512146385.8 3739.67615419 4500.0
1512146385.9 3739.8826311 4500.0
1512146386.0 3740.08497848 4500.0
1512146386.11 3740.28327891 4500.0
1512146386.21 3740.47761333 4500.0
1512146386.31 3740.66806107 4500.0
1512146386.4 3740.85469984 4500.0
1512146386.51 3741.03760585 4500.0
1512146386.61 3741.21685373 4500.0
1512146386.7 3741.39251666 4500.0
1512146386.8 3741.56466632 4500.0
1512146386.9 3741.733373 4500.0
1512146387.0 3741.89870554 4500.0
1512146387.1 3742.06073143 4500.0
1512146387.21 3742.2195168 4500.0
1512146387.31 3742.37512646 4500.0
1512146387.4 3742.52762393 4500.0
1512146387.5 3742.67707145 4500.0
1512146387.6 3742.82353002 4500.0
1512146387.7 3742.96705942 4500.0
1512146387.8 3743.10771823 4500.0
1512146387.9 3743.24556387 4500.0
1512146388.0 3743.38065259 4500.0
1512146388.11 3743.51303954 4500.0
1512146388.21 3743.64277875 4500.0
1512146388.31 3743.76992318 4500.0
1512146388.4 3743.89452471 4500.0
1512146388.51 3744.01663422 4500.0
1512146388.6 3744.13630153 4500.0
1512146388.71 3744.2535755 4500.0
1512146388.81 3744.36850399 4500.0
1512146388.91 3744.48113391 4500.0
1512146389.01 3744.59151123 4500.0
1512146389.11 3744.69968101 4500.0
1512146389.21 3744.80568739 4500.0
1512146389.3 3744.90957364 4500.0
1512146389.41 3745.01138217 4500.0
1512146389.51 3745.11115453 4500.0
1512146389.61 3745.20893143 4500.0
1512146389.71 3745.30475281 4500.0
1512146389.81 3745.39865775 4500.0
1512146389.91 3745.4906846 4500.0
1512146390.01 3745.5808709 4500.0
1512146390.11 3745.66925349 4500.0
1512146390.21 3745.75586842 4500.0
1512146390.31 3745.84075105 4500.0
1512146390.41 3745.92393603 4500.0
1512146390.5 3746.00545731 4500.0
1512146390.61 3746.08534816 4500.0
1512146390.71 3746.1636412 4500.0
1512146390.81 3746.24036837 4500.0
1512146390.9 3746.315561 4500.0
1512146391.01 3746.38924978 4500.0
1512146391.11 3746.46146479 4500.0
1512146391.21 3746.53223549 4500.0
1512146391.31 3746.60159078 4500.0
1512146391.41 3746.66955897 4500.0
1512146391.51 3746.73616779 4500.0
1512146391.61 3746.80144443 4500.0
1512146391.71 3746.86541554 4500.0
1512146391.81 3746.92810723 4500.0
1512146391.92 3746.98954509 4500.0
1512146392.01 3747.04975419 4500.0
1512146392.11 3747.1087591 4500.0
1512146392.21 3747.16658392 4500.0
1512146392.31 3747.22325224 4500.0
1512146392.41 3747.2787872 4500.0
1512146392.51 3747.33321145 4500.0
1512146392.61 3747.38654722 4500.0
1512146392.72 3747.43881628 4500.0
1512146392.81 3747.49003995 4500.0
1512146392.91 3747.54023916 4500.0
1512146393.01 3747.58943437 4500.0
1512146393.11 3747.63764568 4500.0
1512146393.22 3747.68489277 4500.0
1512146393.31 3747.73119492 4500.0
1512146393.41 3747.77657102 4500.0
1512146393.52 3747.8210396 4500.0
1512146393.61 3747.86461881 4500.0
1512146393.71 3747.90732643 4500.0
1512146393.81 3747.9491799 4500.0
1512146393.91 3747.9901963 4500.0
1512146394.01 3748.03039238 4500.0
1512146394.11 3748.06978453 4500.0
1512146394.22 3748.10838884 4500.0
1512146394.31 3748.14622106 4500.0
1512146394.41 3748.18329664 4500.0
1512146394.52 3748.21963071 4500.0
1512146394.62 3748.25523809 4500.0
1512146394.72 3748.29013333 4500.0
1512146394.81 3748.32433066 4500.0
1512146394.91 3748.35784405 4500.0
1512146395.02 3748.39068717 4500.0
1512146395.12 3748.42287343 4500.0
1512146395.21 3748.45441596 4500.0
1512146395.32 3748.48532764 4500.0
1512146395.42 3748.51562109 4500.0
1512146395.52 3748.54530866 4500.0
1512146395.62 3748.57440249 4500.0
1512146395.72 3748.60291444 4500.0
1512146395.82 3748.63085615 4500.0
1512146395.92 3748.65823903 4500.0
1512146396.01 3748.68507425 4500.0
1512146396.12 3748.71137276 4500.0
1512146396.22 3748.73714531 4500.0
1512146396.32 3748.7624024 4500.0
1512146396.43 3748.78715435 4500.0
1512146396.52 3748.81141127 4500.0
1512146396.62 3748.83518304 4500.0
1512146396.73 3748.85847938 4500.0
1512146396.82 3748.88130979 4500.0
1512146396.92 3748.9036836 4500.0
1512146397.03 3748.92560993 4500.0
1512146397.12 3748.94709773 4500.0
1512146397.22 3748.96815577 4500.0
1512146397.32 3748.98879266 4500.0
1512146397.43 3749.0090168 4500.0
1512146397.53 3749.02883647 4500.0
1512146397.62 3749.04825974 4500.0
1512146397.72 3749.06729454 4500.0
1512146397.83 3749.08594865 4500.0
1512146397.93 3749.10422968 4500.0
1512146398.02 3749.12214509 4500.0
1512146398.12 3749.13970218 4500.0
1512146398.23 3749.15690814 4500.0
1512146398.33 3749.17376998 4500.0
1512146398.43 3749.19029458 4500.0
1512146398.52 3749.20648869 4500.0
1512146398.62 3749.22235891 4500.0
1512146398.72 3749.23791174 4500.0
1512146398.82 3749.2531535 4500.0
1512146398.93 3749.26809043 4500.0
1512146399.03 3749.28272862 4500.0
1512146399.12 3749.29707405 4500.0
1512146399.23 3749.31113257 4500.0
1512146399.33 3749.32490992 4500.0
1512146399.43 3749.33841172 4500.0
1512146399.53 3749.35164348 4500.0
1512146399.63 3749.36461061 4500.0
1512146399.73 3749.3773184 4500.0
1512146399.83 3749.38977203 4500.0
1512146399.93 3749.40197659 4500.0
1512146400.03 3749.41393706 4500.0
1512146400.13 3749.42565832 4500.0
1512146400.23 3749.43714515 4500.0
1512146400.33 3749.44840225 4500.0
1512146400.43 3749.45943421 4500.0
1512146400.53 3749.47024552 4500.0
1512146400.63 3749.48084061 4500.0
1512146400.73 3749.4912238 4500.0
1512146400.83 3749.50139932 4500.0
1512146400.94 3749.51137134 4500.0
1512146401.03 3749.52114391 4500.0
1512146401.14 3749.53072103 4500.0
1512146401.24 3749.54010661 4500.0
1512146401.33 3749.54930448 4500.0
1512146401.44 3749.55831839 4500.0
1512146401.53 3749.56715202 4500.0
1512146401.64 3749.57580898 4500.0
1512146401.74 3749.5842928 4500.0
1512146401.84 3749.59260695 4500.0
1512146401.94 3749.60075481 4500.0
1512146402.04 3749.60873971 4500.0
1512146402.14 3749.61656492 4500.0
1512146402.24 3749.62423362 4500.0
1512146402.34 3749.63174895 4500.0
1512146402.44 3749.63911397 4500.0
1512146402.53 3749.64633169 4500.0
1512146402.65 3749.65340505 4500.0
1512146402.74 3749.66033695 4500.0
1512146402.85 3749.66713021 4500.0
1512146402.94 3749.67378761 4500.0
1512146403.04 3749.68031186 4500.0
1512146403.14 3749.68670562 4500.0
1512146403.24 3749.69297151 4500.0
1512146403.35 3749.69911208 4500.0
1512146403.45 3749.70512984 4500.0
1512146403.54 3749.71102724 4500.0
1512146403.64 3749.71680669 4500.0
1512146403.74 3749.72247056 4500.0
1512146403.84 3749.72802115 4500.0
1512146403.95 3749.73346073 4500.0
1512146404.05 3749.73879151 4500.0
1512146404.15 3749.74401568 4500.0
1512146404.24 3749.74913537 4500.0
1512146404.34 3749.75415266 4500.0
1512146404.44 3749.75906961 4500.0
1512146404.55 3749.76388822 4500.0
1512146404.65 3749.76861045 4500.0
1512146404.75 3749.77323824 4500.0
1512146404.84 3749.77777348 4500.0
1512146404.94 3749.78221801 4500.0
1512146405.05 3749.78657365 4500.0
1512146405.15 3749.79084217 4500.0
1512146405.25 3749.79502533 4500.0
1512146405.34 3749.79912482 4500.0
1512146405.45 3749.80314233 4500.0
1512146405.54 3749.80707948 4500.0
1512146405.65 3749.81093789 4500.0
1512146405.75 3749.81471913 4500.0
1512146405.84 3749.81842475 4500.0
1512146405.95 3749.82205626 4500.0
1512146406.05 3749.82561513 4500.0
1512146406.14 3749.82910283 4500.0
1512146406.25 3749.83252077 4500.0
1512146406.35 3749.83587036 4500.0
1512146406.45 3749.83915295 4500.0
1512146406.55 3749.84236989 4500.0
1512146406.65 3749.84552249 4500.0
1512146406.75 3749.84861204 4500.0
1512146406.85 3749.8516398 4500.0
1512146406.95 3749.85460701 4500.0
1512146407.05 3749.85751487 4500.0
1512146407.15 3749.86036457 4500.0
1512146407.26 3749.86315728 4500.0
1512146407.36 3749.86589413 4500.0
1512146407.45 3749.86857625 4500.0
1512146407.55 3749.87120472 4500.0
1512146407.66 3749.87378063 4500.0
1512146407.75 3749.87630502 4500.0
1512146407.85 3749.87877892 4500.0
1512146407.95 3749.88120334 4500.0
1512146408.06 3749.88357927 4500.0
1512146408.15 3749.88590769 4500.0
1512146408.26 3749.88818953 4500.0
1512146408.35 3749.89042574 4500.0
1512146408.45 3749.89261723 4500.0
1512146408.55 3749.89476488 4500.0
1512146408.66 3749.89686958 4500.0
1512146408.76 3749.89893219 4500.0
1512146408.85 3749.90095355 4500.0
1512146408.96 3749.90293448 4500.0
1512146409.06 3749.90487579 4500.0
1512146409.15 3749.90677827 4500.0
1512146409.25 3749.90864271 4500.0
1512146409.36 3749.91046985 4500.0
1512146409.46 3749.91226046 4500.0
1512146409.56 3749.91401525 4500.0
1512146409.66 3749.91573494 4500.0
1512146409.76 3749.91742024 4500.0
1512146409.86 3749.91907184 4500.0
1512146409.96 3749.9206904 4500.0
1512146410.06 3749.92227659 4500.0
1512146410.15 3749.92383106 4500.0
1512146410.25 3749.92535444 4500.0
1512146410.36 3749.92684735 4500.0
1512146410.46 3749.9283104 4500.0
1512146410.56 3749.9297442 4500.0
1512146410.65 3749.93114931 4500.0
1512146410.76 3749.93252633 4500.0
1512146410.86 3749.9338758 4500.0
1512146410.96 3749.93519828 4500.0
1512146411.05 3749.93649432 4500.0
1512146411.16 3749.93776443 4500.0
1512146411.26 3749.93900914 4500.0
1512146411.36 3749.94022896 4500.0
1512146411.46 3749.94142438 4500.0
1512146411.56 3749.94259589 4500.0
1512146411.66 3749.94374398 4500.0
1512146411.76 3749.9448691 4500.0
1512146411.86 3749.94597171 4500.0
1512146411.96 3749.94705228 4500.0
1512146412.06 3749.94811123 4500.0
1512146412.17 3749.94914901 4500.0
1512146412.27 3749.95016603 4500.0
1512146412.36 3749.95116271 4500.0
1512146412.46 3749.95213945 4500.0
1512146412.56 3749.95309667 4500.0
1512146412.66 3749.95403473 4500.0
1512146412.76 3749.95495404 4500.0
1512146412.87 3749.95585496 4500.0
1512146412.96 3749.95673786 4500.0
1512146413.06 3749.9576031 4500.0
1512146413.16 3749.95845104 4500.0
1512146413.27 3749.95928202 4500.0
1512146413.37 3749.96009638 4500.0
1512146413.46 3749.96089445 4500.0
1512146413.56 3749.96167656 4500.0
1512146413.67 3749.96244303 4500.0
1512146413.77 3749.96319417 4500.0
1512146413.87 3749.96393029 4500.0
1512146413.96 3749.96465168 4500.0
1512146414.06 3749.96535865 4500.0
1512146414.16 3749.96605147 4500.0
1512146414.26 3749.96673044 4500.0
1512146414.37 3749.96739584 4500.0
1512146414.46 3749.96804792 4500.0
1512146414.56 3749.96868696 4500.0
1512146414.67 3749.96931322 4500.0
1512146414.76 3749.96992696 4500.0
1512146414.87 3749.97052842 4500.0
1512146414.96 3749.97111785 4500.0
1512146415.06 3749.97169549 4500.0
1512146415.16 3749.97226158 4500.0
1512146415.27 3749.97281635 4500.0
1512146415.37 3749.97336002 4500.0
1512146415.47 3749.97389282 4500.0
1512146415.57 3749.97441497 4500.0
1512146415.67 3749.97492667 4500.0
1512146415.77 3749.97542813 4500.0
1512146415.87 3749.97591957 4500.0
1512146415.97 3749.97640118 4500.0
1512146416.07 3749.97687316 4500.0
1512146416.16 3749.97733569 4500.0
1512146416.26 3749.97778898 4500.0
1512146416.37 3749.9782332 4500.0
1512146416.47 3749.97866854 4500.0
1512146416.57 3749.97909516 4500.0
1512146416.67 3749.97951326 4500.0
1512146416.77 3749.979923 4500.0
1512146416.87 3749.98032454 4500.0
1512146416.97 3749.98071805 4500.0
1512146417.07 3749.98110368 4500.0
1512146417.18 3749.98148161 4500.0
1512146417.27 3749.98185198 4500.0
1512146417.37 3749.98221494 4500.0
1512146417.47 3749.98257064 4500.0
1512146417.58 3749.98291923 4500.0
1512146417.67 3749.98326084 4500.0
1512146417.77 3749.98359563 4500.0
1512146417.88 3749.98392371 4500.0
1512146417.98 3749.98424524 4500.0
1512146418.08 3749.98456033 4500.0
1512146418.18 3749.98486913 4500.0
1512146418.27 3749.98517175 4500.0
1512146418.38 3749.98546831 4500.0
1512146418.47 3749.98575894 4500.0
1512146418.59 3749.98604377 4500.0
1512146418.68 3749.98632289 4500.0
1512146418.78 3749.98659643 4500.0
1512146418.88 3749.9868645 4500.0
1512146418.98 3749.98712721 4500.0
1512146419.08 3749.98738467 4500.0
1512146419.18 3749.98763698 4500.0
1512146419.28 3749.98788424 4500.0
1512146419.4 3749.98812655 4500.0
1512146419.48 3749.98836402 4500.0
1512146419.58 3749.98859674 4500.0
1512146419.68 3749.98882481 4500.0
1512146419.78 3749.98904831 4500.0
1512146419.88 3749.98926734 4500.0
1512146419.99 3749.989482 4500.0
1512146420.09 3749.98969236 4500.0
1512146420.18 3749.98989851 4500.0
1512146420.28 3749.99010054 4500.0
1512146420.38 3749.99029853 4500.0
1512146420.48 3749.99049256 4500.0
1512146420.58 3749.99068271 4500.0
1512146420.68 3749.99086905 4500.0
1512146420.78 3749.99105167 4500.0
1512146420.88 3749.99123064 4500.0
1512146420.98 3749.99140603 4500.0
1512146421.08 3749.9915779 4500.0
1512146421.19 3749.99174635 4500.0
1512146421.29 3749.99191142 4500.0
1512146421.39 3749.99207319 4500.0
1512146421.49 3749.99223173 4500.0
1512146421.59 3749.99238709 4500.0
1512146421.69 3749.99253935 4500.0
1512146421.79 3749.99268856 4500.0
1512146421.89 3749.99283479 4500.0
1512146421.98 3749.9929781 4500.0
1512146422.09 3749.99311853 4500.0
1512146422.19 3749.99325616 4500.0
1512146422.29 3749.99339104 4500.0
1512146422.39 3749.99352322 4500.0
1512146422.49 3749.99365276 4500.0
1512146422.59 3749.9937797 4500.0
1512146422.69 3749.99390411 4500.0
1512146422.79 3749.99402602 4500.0
1512146422.89 3749.9941455 4500.0
1512146423.0 3749.99426259 4500.0
1512146423.09 3749.99437734 4500.0
1512146423.19 3749.9944898 4500.0
1512146423.29 3749.9946 4500.0
1512146423.39 3749.994708 4500.0
1512146423.5 3749.99481384 4500.0
1512146423.59 3749.99491756 4500.0
1512146423.69 3749.99501921 4500.0
1512146423.8 3749.99511883 4500.0
1512146423.89 3749.99521645 4500.0
1512146423.99 3749.99531212 4500.0
1512146424.09 3749.99540588 4500.0
1512146424.19 3749.99549776 4500.0
1512146424.29 3749.99558781 4500.0
1512146424.39 3749.99567605 4500.0
1512146424.5 3749.99576253 4500.0
1512146424.59 3749.99584728 4500.0
1512146424.69 3749.99593033 4500.0
1512146424.8 3749.99601173 4500.0
1512146424.89 3749.99609149 4500.0
1512146424.99 3749.99616966 4500.0
1512146425.1 3749.99624627 4500.0
1512146425.19 3749.99632134 4500.0
1512146425.29 3749.99639492 4500.0
1512146425.4 3749.99646702 4500.0
1512146425.5 3749.99653768 4500.0
1512146425.6 3749.99660692 4500.0
1512146425.7 3749.99667479 4500.0
1512146425.8 3749.99674129 4500.0
1512146425.9 3749.99680646 4500.0
1512146426.0 3749.99687033 4500.0
1512146426.09 3749.99693293 4500.0
1512146426.2 3749.99699427 4500.0
1512146426.3 3749.99705438 4500.0
1512146426.4 3749.9971133 4500.0
1512146426.49 3749.99717103 4500.0
1512146426.6 3749.99722761 4500.0
1512146426.7 3749.99728306 4500.0
1512146426.8 3749.9973374 4500.0
1512146426.9 3749.99739065 4500.0
1512146427.0 3749.99744284 4500.0
1512146427.1 3749.99749398 4500.0
1512146427.2 3749.9975441 4500.0
1512146427.3 3749.99759322 4500.0
1512146427.4 3749.99764135 4500.0
1512146427.51 3749.99768853 4500.0
1512146427.61 3749.99773476 4500.0
1512146427.71 3749.99778006 4500.0
1512146427.81 3749.99782446 4500.0
1512146427.9 3749.99786797 4500.0
1512146428.0 3749.99791061 4500.0
1512146428.11 3749.9979524 4500.0
1512146428.21 3749.99799335 4500.0
1512146428.31 3749.99803348 4500.0
1512146428.4 3749.99807281 4500.0
1512146428.51 3749.99811136 4500.0
1512146428.61 3749.99814913 4500.0
1512146428.7 3749.99818615 4500.0
1512146428.81 3749.99822242 4500.0
1512146428.91 3749.99825798 4500.0
1512146429.0 3749.99829282 4500.0
1512146429.11 3749.99832696 4500.0
1512146429.21 3749.99836042 4500.0
1512146429.31 3749.99839321 4500.0
1512146429.41 3749.99842535 4500.0
1512146429.51 3749.99845684 4500.0
1512146429.61 3749.9984877 4500.0
1512146429.71 3749.99851795 4500.0
1512146429.81 3749.99854759 4500.0
1512146429.9 3749.99857664 4500.0
1512146430.01 3749.99860511 4500.0
1512146430.1 3749.998633 4500.0
1512146430.21 3749.99866034 4500.0
1512146430.31 3749.99868714 4500.0
1512146430.41 3749.9987134 4500.0
1512146430.51 3749.99873913 4500.0
1512146430.61 3749.99876434 4500.0
1512146430.71 3749.99878906 4500.0
1512146430.81 3749.99881328 4500.0
1512146430.91 3749.99883701 4500.0
1512146431.02 3749.99886027 4500.0
1512146431.11 3749.99888307 4500.0
1512146431.22 3749.9989054 4500.0
1512146431.31 3749.9989273 4500.0
1512146431.41 3749.99894875 4500.0
1512146431.51 3749.99896978 4500.0
1512146431.62 3749.99899038 4500.0
1512146431.71 3749.99901057 4500.0
1512146431.82 3749.99903036 4500.0
1512146431.91 3749.99904975 4500.0
1512146432.01 3749.99906876 4500.0
1512146432.13 3749.99908738 4500.0
1512146432.22 3749.99910564 4500.0
1512146432.32 3749.99912352 4500.0
1512146432.41 3749.99914105 4500.0
1512146432.52 3749.99915823 4500.0
1512146432.61 3749.99917507 4500.0
1512146432.71 3749.99919157 4500.0
1512146432.81 3749.99920773 4500.0
1512146432.92 3749.99922358 4500.0
1512146433.02 3749.99923911 4500.0
1512146433.12 3749.99925433 4500.0
1512146433.22 3749.99926924 4500.0
1512146433.32 3749.99928385 4500.0
1512146433.42 3749.99929818 4500.0
1512146433.52 3749.99931221 4500.0
1512146433.62 3749.99932597 4500.0
1512146433.73 3749.99933945 4500.0
1512146433.81 3749.99935266 4500.0
1512146433.92 3749.99936561 4500.0
1512146434.02 3749.9993783 4500.0
1512146434.12 3749.99939073 4500.0
1512146434.22 3749.99940292 4500.0
1512146434.32 3749.99941486 4500.0
1512146434.42 3749.99942656 4500.0
1512146434.53 3749.99943803 4500.0
1512146434.63 3749.99944927 4500.0
1512146434.73 3749.99946028 4500.0
1512146434.84 3749.99947108 4500.0
1512146434.94 3749.99948166 4500.0
1512146435.03 3749.99949202 4500.0
1512146435.13 3749.99950218 4500.0
1512146435.23 3749.99951214 4500.0
1512146435.33 3749.9995219 4500.0
1512146435.43 3749.99953146 4500.0
1512146435.54 3749.99954083 4500.0
1512146435.64 3749.99955001 4500.0
1512146435.74 3749.99955901 4500.0
1512146435.84 3749.99956783 4500.0
1512146435.93 3749.99957647 4500.0
1512146436.03 3749.99958495 4500.0
1512146436.13 3749.99959325 4500.0
1512146436.24 3749.99960138 4500.0
1512146436.34 3749.99960935 4500.0
1512146436.44 3749.99961717 4500.0
1512146436.54 3749.99962482 4500.0
1512146436.64 3749.99963233 4500.0
1512146436.74 3749.99963968 4500.0
1512146436.84 3749.99964689 4500.0
1512146436.95 3749.99965395 4500.0
1512146437.04 3749.99966087 4500.0
1512146437.14 3749.99966765 4500.0
1512146437.24 3749.9996743 4500.0
1512146437.34 3749.99968081 4500.0
1512146437.44 3749.9996872 4500.0
1512146437.54 3749.99969345 4500.0
1512146437.64 3749.99969958 4500.0
1512146437.75 3749.99970559 4500.0
1512146437.85 3749.99971148 4500.0
1512146437.95 3749.99971725 4500.0
1512146438.05 3749.99972291 4500.0
1512146438.16 3749.99972845 4500.0
1512146438.25 3749.99973388 4500.0
1512146438.34 3749.9997392 4500.0
1512146438.44 3749.99974442 4500.0
1512146438.54 3749.99974953 4500.0
1512146438.64 3749.99975454 4500.0
1512146438.75 3749.99975945 4500.0
1512146438.85 3749.99976426 4500.0
1512146438.95 3749.99976897 4500.0
1512146439.05 3749.99977359 4500.0
1512146439.14 3749.99977812 4500.0
1512146439.25 3749.99978256 4500.0
1512146439.35 3749.99978691 4500.0
1512146439.45 3749.99979117 4500.0
1512146439.55 3749.99979535 4500.0
1512146439.65 3749.99979944 4500.0
1512146439.75 3749.99980345 4500.0
1512146439.86 3749.99980738 4500.0
1512146439.95 3749.99981123 4500.0
1512146440.06 3749.99981501 4500.0
1512146440.15 3749.99981871 4500.0
1512146440.25 3749.99982234 4500.0
1512146440.36 3749.99982589 4500.0
1512146440.46 3749.99982937 4500.0
1512146440.55 3749.99983278 4500.0
1512146440.66 3749.99983613 4500.0
1512146440.75 3749.99983941 4500.0
1512146440.85 3749.99984262 4500.0
1512146440.96 3749.99984576 4500.0
1512146441.06 3749.99984885 4500.0
1512146441.15 3749.99985187 4500.0
1512146441.25 3749.99985484 4500.0
1512146441.36 3749.99985774 4500.0
1512146441.46 3749.99986058 4500.0
1512146441.56 3749.99986337 4500.0
1512146441.66 3749.9998661 4500.0
1512146441.77 3749.99986878 4500.0
1512146441.86 3741.66653807 4500.0
1512146441.96 3733.49987398 4500.0
1512146442.06 3725.49654317 4500.0
1512146442.16 3717.65327897 4500.0
1512146442.26 3709.96688006 4500.0
1512146442.35 3702.43420912 4500.0
1512146442.45 3695.05219161 4500.0
1512146442.56 3687.81781444 4500.0
1512146442.66 3680.72812482 4500.0
1512146442.76 3673.78022899 4500.0
1512146442.86 3666.97129108 4500.0
1512146442.96 3660.29853192 4500.0
1512146443.06 3653.75922795 4500.0
1512146443.16 3647.35071006 4500.0
1512146443.26 3641.07036252 4500.0
1512146443.36 3634.91562194 4500.0
1512146443.46 3628.88397617 4500.0
1512146443.56 3622.97296331 4500.0
1512146443.66 3617.18017071 4500.0
1512146443.76 3611.50323396 4500.0
1512146443.86 3605.93983595 4500.0
1512146443.96 3600.4877059 4500.0
1512146444.06 3595.14461845 4500.0
1512146444.16 3589.90839274 4500.0
1512146444.26 3584.77689156 4500.0
1512146444.36 3579.74802039 4500.0
1512146444.46 3574.81972665 4500.0
1512146444.57 3569.98999878 4500.0
1512146444.66 3565.25686548 4500.0
1512146444.76 3560.61839483 4500.0
1512146444.86 3556.0726936 4500.0
1512146444.96 3551.6179064 4500.0
1512146445.06 3547.25221494 4500.0
1512146445.17 3542.9738373 4500.0
1512146445.26 3538.78102722 4500.0
1512146445.36 3534.67207335 4500.0
1512146445.47 3530.64529855 4500.0
1512146445.56 3526.69905924 4500.0
1512146445.66 3522.83174472 4500.0
1512146445.76 3519.0417765 4500.0
1512146445.86 3515.32760763 4500.0
1512146445.96 3511.68772215 4500.0
1512146446.07 3508.12063437 4500.0
1512146446.17 3504.62488835 4500.0
1512146446.27 3501.19905725 4500.0
1512146446.36 3497.84174277 4500.0
1512146446.47 3494.55157458 4500.0
1512146446.56 3491.32720976 4500.0
1512146446.67 3488.16733223 4500.0
1512146446.76 3485.07065225 4500.0
1512146446.86 3482.03590587 4500.0
1512146446.97 3479.06185442 4500.0
1512146447.06 3476.147284 4500.0
1512146447.17 3473.29100499 4500.0
1512146447.26 3470.49185155 4500.0
1512146447.37 3467.74868119 4500.0
1512146447.46 3465.06037423 4500.0
1512146447.57 3462.42583341 4500.0
1512146447.67 3459.84398341 4500.0
1512146447.76 3457.31377041 4500.0
1512146447.86 3454.83416167 4500.0
1512146447.97 3452.4041451 4500.0
1512146448.06 3450.02272887 4500.0
1512146448.16 3447.68894096 4500.0
1512146448.26 3445.4018288 4500.0
1512146448.37 3443.16045889 4500.0
1512146448.47 3440.96391638 4500.0
1512146448.57 3438.81130472 4500.0
1512146448.67 3436.70174529 4500.0
1512146448.76 3434.63437706 4500.0
1512146448.87 3432.60835618 4500.0
1512146448.97 3430.62285572 4500.0
1512146449.06 3428.67706528 4500.0
1512146449.17 3426.77019064 4500.0
1512146449.29 3424.90145349 4500.0
1512146449.37 3406.40342442 4500.0
1512146449.46 3388.27535593 4500.0
1512146449.56 3370.50984881 4500.0
1512146449.67 3353.09965184 4500.0
1512146449.76 3336.0376588 4500.0
1512146449.87 3319.31690563 4500.0
1512146449.96 3302.93056751 4500.0
1512146450.06 3286.87195616 4500.0
1512146450.16 3271.13451704 4500.0
1512146450.26 3255.7118267 4500.0
1512146450.36 3240.59759016 4500.0
1512146450.46 3225.78563836 4500.0
1512146450.56 3211.26992559 4500.0
1512146450.66 3197.04452708 4500.0
1512146450.76 3183.10363654 4500.0
1512146450.86 3169.44156381 4500.0
1512146450.96 3156.05273253 4500.0
1512146451.06 3142.93167788 4500.0
1512146451.16 3130.07304433 4500.0
1512146451.27 3117.47158344 4500.0
1512146451.36 3105.12215177 4500.0
1512146451.46 3093.01970873 4500.0
1512146451.56 3081.15931456 4500.0
1512146451.67 3069.53612827 4500.0
1512146451.76 3058.1454057 4500.0
1512146451.87 3046.98249759 4500.0
1512146451.96 3036.04284764 4500.0
1512146452.07 3025.32199068 4500.0
1512146452.17 3014.81555087 4500.0
1512146452.26 3004.51923985 4500.0
1512146452.36 2994.42885506 4500.0
1512146452.48 2984.54027796 4500.0
1512146452.56 2974.8494724 4500.0
1512146452.67 2965.35248295 4500.0
1512146452.78 2956.04543329 4500.0
1512146452.87 2946.92452462 4500.0
1512146452.97 2937.98603413 4500.0
1512146453.07 2929.22631345 4500.0
1512146453.17 2920.64178718 4500.0
1512146453.27 2912.22895144 4500.0
1512146453.37 2903.98437241 4500.0
1512146453.47 2895.90468496 4500.0
1512146453.57 2887.98659126 4500.0
1512146453.67 2880.22685943 4500.0
1512146453.77 2872.62232225 4500.0
1512146453.87 2865.1698758 4500.0
1512146453.97 2857.86647829 4500.0
1512146454.07 2850.70914872 4500.0
1512146454.17 2843.69496574 4500.0
1512146454.27 2836.82106643 4500.0
1512146454.37 2830.0846451 4500.0
1512146454.47 2823.4829522 4500.0
1512146454.57 2817.01329316 4500.0
1512146454.67 2810.67302729 4500.0
1512146454.77 2804.45956675 4500.0
1512146454.87 2798.37037541 4500.0
1512146454.97 2792.4029679 4500.0
1512146455.07 2786.55490855 4500.0
1512146455.17 2780.82381037 4500.0
1512146455.27 2775.20733417 4500.0
1512146455.37 2769.70318748 4500.0
1512146455.47 2764.30912373 4500.0
1512146455.57 2759.02294126 4500.0
1512146455.67 2753.84248243 4500.0
1512146455.77 2748.76563279 4500.0
1512146455.87 2743.79032013 4500.0
1512146455.97 2738.91451373 4500.0
1512146456.07 2734.13622345 4500.0
1512146456.17 2729.45349898 4500.0
1512146456.31 2724.864429 4500.0
1512146456.38 2720.36714042 4500.0
1512146456.47 2715.95979762 4500.0
1512146456.57 2711.64060166 4500.0
1512146456.67 2707.40778963 4500.0
1512146456.77 2703.25963384 4500.0
1512146456.87 2699.19444116 4500.0
1512146456.97 2695.21055234 4500.0
1512146457.08 2691.30634129 4500.0
1512146457.17 2687.48021446 4500.0
1512146457.28 2683.73061018 4500.0
1512146457.37 2680.05599797 4500.0
1512146457.48 2676.45487801 4500.0
1512146457.58 2672.92578045 4500.0
1512146457.68 2669.46726484 4500.0
1512146457.78 2666.07791955 4500.0
1512146457.88 2662.75636116 4500.0
1512146457.97 2659.50123393 4500.0
1512146458.08 2656.31120925 4500.0
1512146458.18 2653.18498507 4500.0
1512146458.28 2650.12128537 4500.0
1512146458.37 2647.11885966 4500.0
1512146458.48 2644.17648247 4500.0
1512146458.58 2641.29295282 4500.0
1512146458.68 2638.46709376 4500.0
1512146458.78 2635.69775189 4500.0
1512146458.88 2632.98379685 4500.0
1512146458.98 2630.32412091 4500.0
1512146459.08 2627.71763849 4500.0
1512146459.18 2625.16328572 4500.0
1512146459.28 2622.66002001 4500.0
1512146459.38 2620.20681961 4500.0
1512146459.48 2617.80268322 4500.0
1512146459.58 2615.44662955 4500.0
1512146459.68 2613.13769696 4500.0
1512146459.78 2610.87494302 4500.0
1512146459.88 2608.65744416 4500.0
1512146459.98 2606.48429528 4500.0
1512146460.08 2604.35460937 4500.0
1512146460.18 2602.26751718 4500.0
1512146460.28 2600.22216684 4500.0
1512146460.38 2598.2177235 4500.0
1512146460.48 2596.25336903 4500.0
1512146460.58 2594.32830165 4500.0
1512146460.68 2592.44173562 4500.0
1512146460.78 2590.59290091 4500.0
1512146460.88 2588.78104289 4500.0
1512146460.98 2587.00542203 4500.0
1512146461.08 2585.26531359 4500.0
1512146461.18 2583.56000732 4500.0
1512146461.28 2581.88880717 4500.0
1512146461.38 2580.25103103 4500.0
1512146461.48 2578.64601041 4500.0
1512146461.58 2577.0730902 4500.0
1512146461.68 2575.5316284 4500.0
1512146461.78 2574.02099583 4500.0
1512146461.88 2572.54057591 4500.0
1512146461.98 2571.08976439 4500.0
1512146462.08 2569.66796911 4500.0
1512146462.18 2568.27460972 4500.0
1512146462.29 2566.90911753 4500.0
1512146462.38 2565.57093518 4500.0
1512146462.49 2564.25951648 4500.0
1512146462.59 2562.97432615 4500.0
1512146462.69 2561.71483962 4500.0
1512146462.79 2560.48054283 4500.0
1512146462.89 2559.27093197 4500.0
1512146462.99 2558.08551333 4500.0
1512146463.09 2556.92380307 4500.0
1512146463.19 2555.78532701 4500.0
1512146463.29 2554.66962047 4500.0
1512146463.39 2553.57622806 4500.0
1512146463.49 2552.5047035 4500.0
1512146463.59 2551.45460943 4500.0
1512146463.69 2550.42551724 4500.0
1512146463.79 2549.41700689 4500.0
1512146463.89 2548.42866675 4500.0
1512146463.99 2547.46009342 4500.0
1512146464.09 2546.51089155 4500.0
1512146464.19 2545.58067372 4500.0
1512146464.29 2544.66906025 4500.0
1512146464.39 2543.77567904 4500.0
1512146464.49 2542.90016546 4500.0
1512146464.59 2542.04216215 4500.0
1512146464.69 2541.20131891 4500.0
1512146464.79 2540.37729253 4500.0
1512146464.89 2539.56974668 4500.0
1512146464.99 2538.77835175 4500.0
1512146465.09 2538.00278471 4500.0
1512146465.2 2537.24272902 4500.0
1512146465.29 2536.49787444 4500.0
1512146465.39 2535.76791695 4500.0
1512146465.49 2535.05255861 4500.0
1512146465.59 2534.35150744 4500.0
1512146465.71 2533.66447729 4500.0
1512146465.79 2532.99118774 4500.0
1512146465.89 2532.33136399 4500.0
1512146465.99 2531.68473671 4500.0
1512146466.09 2531.05104197 4500.0
1512146466.19 2530.43002113 4500.0
1512146466.29 2529.82142071 4500.0
1512146466.39 2529.2249923 4500.0
1512146466.5 2528.64049245 4500.0
1512146466.59 2528.0676826 4500.0
1512146466.7 2527.50632895 4500.0
1512146466.79 2526.95620237 4500.0
1512146466.9 2526.41707832 4500.0
1512146467.0 2525.88873676 4500.0
1512146467.1 2525.37096202 4500.0
1512146467.2 2524.86354278 4500.0
1512146467.3 2524.36627193 4500.0
1512146467.4 2523.87894649 4500.0
1512146467.49 2523.40136756 4500.0
1512146467.62 2522.93334021 4500.0
1512146467.7 2522.4746734 4500.0
1512146467.8 2522.02517993 4500.0
1512146467.9 2521.58467634 4500.0
1512146467.99 2521.15298281 4500.0
1512146468.1 2520.72992315 4500.0
1512146468.2 2520.31532469 4500.0
1512146468.3 2519.9090182 4500.0
1512146468.39 2519.51083783 4500.0
1512146468.5 2519.12062108 4500.0
1512146468.6 2518.73820865 4500.0
1512146468.7 2518.36344448 4500.0
1512146468.8 2517.99617559 4500.0
1512146468.9 2517.63625208 4500.0
1512146469.0 2517.28352704 4500.0
1512146469.1 2516.9378565 4500.0
1512146469.2 2516.59909937 4500.0
1512146469.3 2516.26711738 4500.0
1512146469.4 2515.94177503 4500.0
1512146469.5 2515.62293953 4500.0
1512146469.6 2515.31048074 4500.0
1512146469.7 2515.00427113 4500.0
1512146469.8 2514.7041857 4500.0
1512146469.9 2514.41010199 4500.0
1512146470.0 2514.12189995 4500.0
1512146470.1 2513.83946195 4500.0
1512146470.2 2513.56267271 4500.0
1512146470.3 2513.29141926 4500.0
1512146470.4 2513.02559087 4500.0
1512146470.5 2512.76507905 4500.0
1512146470.6 2512.50977747 4500.0
1512146470.7 2512.25958192 4500.0
1512146470.8 2512.01439029 4500.0
1512146470.9 2511.77410248 4500.0
1512146471.0 2511.53862043 4500.0
1512146471.1 2511.30784802 4500.0
1512146471.2 2511.08169106 4500.0
1512146471.3 2510.86005724 4500.0
1512146471.4 2510.6428561 4500.0
1512146471.5 2510.42999897 4500.0
1512146471.6 2510.22139899 4500.0
1512146471.7 2510.01697101 4500.0
1512146471.8 2509.81663159 4500.0
1512146471.9 2509.62029896 4500.0
1512146472.0 2509.42789298 4500.0
1512146472.1 2509.23933512 4500.0
1512146472.21 2509.05454842 4500.0
1512146472.31 2508.87345745 4500.0
1512146472.4 2508.6959883 4500.0
1512146472.51 2508.52206854 4500.0
1512146472.6 2508.35162717 4500.0
1512146472.71 2508.18459462 4500.0
1512146472.81 2508.02090273 4500.0
1512146472.91 2507.86048468 4500.0
1512146473.01 2507.70327498 4500.0
1512146473.11 2507.54920948 4500.0
1512146473.21 2507.39822529 4500.0
1512146473.31 2507.25026079 4500.0
1512146473.41 2507.10525557 4500.0
1512146473.51 2506.96315046 4500.0
1512146473.61 2506.82388745 4500.0
1512146473.71 2506.6874097 4500.0
1512146473.81 2506.55366151 4500.0
1512146473.91 2506.42258828 4500.0
1512146474.01 2506.29413651 4500.0
1512146474.11 2506.16825378 4500.0
1512146474.21 2506.04488871 4500.0
1512146474.31 2505.92399093 4500.0
1512146474.41 2505.80551111 4500.0
1512146474.51 2505.68940089 4500.0
1512146474.61 2505.57561287 4500.0
1512146474.71 2505.46410062 4500.0
1512146474.81 2505.3548186 4500.0
1512146474.91 2505.24772223 4500.0
1512146475.01 2505.14276779 4500.0
1512146475.11 2505.03991243 4500.0
1512146475.21 2504.93911418 4500.0
1512146475.31 2504.8403319 4500.0
1512146475.41 2504.74352526 4500.0
1512146475.51 2504.64865476 4500.0
1512146475.61 2504.55568166 4500.0
1512146475.71 2504.46456803 4500.0
1512146475.81 2504.37527667 4500.0
1512146475.91 2504.28777113 4500.0
1512146476.01 2504.20201571 4500.0
1512146476.11 2504.1179754 4500.0
1512146476.21 2504.03561589 4500.0
1512146476.31 2503.95490357 4500.0
1512146476.41 2503.8758055 4500.0
1512146476.51 2503.79828939 4500.0
1512146476.61 2503.7223236 4500.0
1512146476.71 2503.64787713 4500.0
1512146476.81 2503.57491959 4500.0
1512146476.91 2503.5034212 4500.0
1512146477.01 2503.43335277 4500.0
1512146477.11 2503.36468572 4500.0
1512146477.22 2503.297392 4500.0
1512146477.32 2503.23144416 4500.0
1512146477.41 2503.16681528 4500.0
1512146477.52 2503.10347897 4500.0
1512146477.62 2503.04140939 4500.0
1512146477.72 2502.98058121 4500.0
1512146477.82 2502.92096958 4500.0
1512146477.92 2502.86255019 4500.0
1512146478.02 2502.80529919 4500.0
1512146478.12 2502.7491932 4500.0
1512146478.22 2502.69420934 4500.0
1512146478.32 2502.64032515 4500.0
1512146478.42 2502.58751865 4500.0
1512146478.52 2502.53576828 4500.0
1512146478.62 2502.48505291 4500.0
1512146478.72 2502.43535185 4500.0
1512146478.82 2502.38664481 4500.0
1512146478.92 2502.33891192 4500.0
1512146479.02 2502.29213368 4500.0
1512146479.12 2502.24629101 4500.0
1512146479.22 2502.20136519 4500.0
1512146479.32 2502.15733788 4500.0
1512146479.42 2502.11419112 4500.0
1512146479.52 2502.0719073 4500.0
1512146479.62 2502.03046916 4500.0
1512146479.72 2501.98985977 4500.0
1512146479.82 2501.95006258 4500.0
1512146479.92 2501.91106133 4500.0
1512146480.02 2501.8728401 4500.0
1512146480.12 2501.8353833 4500.0
1512146480.22 2501.79867563 4500.0
1512146480.32 2501.76270212 4500.0
1512146480.42 2501.72744808 4500.0
1512146480.52 2501.69289912 4500.0
1512146480.62 2501.65904113 4500.0
1512146480.72 2501.62586031 4500.0
1512146480.82 2501.5933431 4500.0
1512146480.92 2501.56147624 4500.0
1512146481.02 2501.53024672 4500.0
1512146481.12 2501.49964178 4500.0
1512146481.22 2501.46964895 4500.0
1512146481.32 2501.44025597 4500.0
1512146481.42 2501.41145085 4500.0
1512146481.52 2501.38322183 4500.0
1512146481.62 2501.3555574 4500.0
1512146481.72 2501.32844625 4500.0
1512146481.82 2501.30187732 4500.0
1512146481.92 2501.27583978 4500.0
1512146482.02 2501.25032298 4500.0
1512146482.12 2501.22531652 4500.0
1512146482.22 2501.20081019 4500.0
1512146482.33 2501.17679399 4500.0
1512146482.42 2501.15325811 4500.0
1512146482.52 2501.13019294 4500.0
1512146482.62 2501.10758909 4500.0
1512146482.73 2501.0854373 4500.0
1512146482.83 2501.06372856 4500.0
1512146482.93 2501.04245399 4500.0
1512146483.03 2501.02160491 4500.0
1512146483.13 2501.00117281 4500.0
1512146483.23 2500.98114935 4500.0
1512146483.33 2500.96152637 4500.0
1512146483.43 2500.94229584 4500.0
1512146483.53 2500.92344992 4500.0
1512146483.63 2500.90498092 4500.0
1512146483.73 2500.8868813 4500.0
1512146483.83 2500.86914368 4500.0
1512146483.93 2500.85176081 4500.0
1512146484.03 2500.83472559 4500.0
1512146484.13 2500.81803108 4500.0
1512146484.23 2500.80167046 4500.0
1512146484.33 2500.78563705 4500.0
1512146484.43 2500.76992431 4500.0
1512146484.53 2500.75452582 4500.0
1512146484.63 2500.7394353 4500.0
1512146484.73 2500.7246466 4500.0
1512146484.83 2500.71015367 4500.0
1512146484.93 2500.69595059 4500.0
1512146485.03 2500.68203158 4500.0
1512146485.13 2500.66839095 4500.0
1512146485.23 2500.65502313 4500.0
1512146485.33 2500.64192267 4500.0
1512146485.43 2500.62908421 4500.0
1512146485.53 2500.61650253 4500.0
1512146485.63 2500.60417248 4500.0
1512146485.73 2500.59208903 4500.0
1512146485.83 2500.58024725 4500.0
1512146485.93 2500.5686423 4500.0
1512146486.03 2500.55726946 4500.0
1512146486.13 2500.54612407 4500.0
1512146486.23 2500.53520159 4500.0
1512146486.33 2500.52449756 4500.0
1512146486.43 2500.5140076 4500.0
1512146486.53 2500.50372745 4500.0
1512146486.63 2500.4936529 4500.0
1512146486.73 2500.48377984 4500.0
1512146486.83 2500.47410425 4500.0
1512146486.93 2500.46462216 4500.0
1512146487.03 2500.45532972 4500.0
1512146487.13 2500.44622313 4500.0
1512146487.23 2500.43729866 4500.0
1512146487.33 2500.42855269 4500.0
1512146487.43 2500.41998164 4500.0
1512146487.53 2500.411582 4500.0
1512146487.63 2500.40335036 4500.0
1512146487.74 2500.39528336 4500.0
1512146487.84 2500.38737769 4500.0
1512146487.94 2500.37963013 4500.0
1512146488.04 2500.37203753 4500.0
1512146488.13 2500.36459678 4500.0
1512146488.24 2500.35730485 4500.0
1512146488.34 2500.35015875 4500.0
1512146488.44 2500.34315557 4500.0
1512146488.54 2500.33629246 4500.0
1512146488.64 2500.32956661 4500.0
1512146488.74 2500.32297528 4500.0
1512146488.84 2500.31651578 4500.0
1512146488.94 2500.31018546 4500.0
1512146489.04 2500.30398175 4500.0
1512146489.14 2500.29790212 4500.0
1512146489.24 2500.29194407 4500.0
1512146489.34 2500.28610519 4500.0
1512146489.44 2500.28038309 4500.0
1512146489.54 2500.27477543 4500.0
1512146489.64 2500.26927992 4500.0
1512146489.74 2500.26389432 4500.0
1512146489.84 2500.25861643 4500.0
1512146489.94 2500.2534441 4500.0
1512146490.04 2500.24837522 4500.0
1512146490.14 2500.24340772 4500.0
1512146490.24 2500.23853956 4500.0
1512146490.34 2500.23376877 4500.0
1512146490.44 2500.2290934 4500.0
1512146490.54 2500.22451153 4500.0
1512146490.64 2500.2200213 4500.0
1512146490.74 2500.21562087 4500.0
1512146490.84 2500.21130845 4500.0
1512146490.94 2500.20708229 4500.0
1512146491.04 2500.20294064 4500.0
1512146491.14 2500.19888183 4500.0
1512146491.24 2500.19490419 4500.0
1512146491.34 2500.19100611 4500.0
1512146491.44 2500.18718598 4500.0
1512146491.54 2500.18344227 4500.0
1512146491.64 2500.17977342 4500.0
1512146491.74 2500.17617795 4500.0
1512146491.84 2500.17265439 4500.0
1512146491.95 2500.1692013 4500.0
1512146492.05 2500.16581728 4500.0
1512146492.15 2500.16250093 4500.0
1512146492.25 2500.15925091 4500.0
1512146492.35 2500.1560659 4500.0
1512146492.45 2500.15294458 4500.0
1512146492.55 2500.14988569 4500.0
1512146492.65 2500.14688797 4500.0
1512146492.75 2500.14395021 4500.0
1512146492.85 2500.14107121 4500.0
1512146492.95 2500.13824978 4500.0
1512146493.05 2500.13548479 4500.0
1512146493.15 2500.13277509 4500.0
1512146493.25 2500.13011959 4500.0
1512146493.35 2500.1275172 4500.0
1512146493.45 2500.12496686 4500.0
1512146493.55 2500.12246752 4500.0
1512146493.65 2500.12001817 4500.0
1512146493.75 2500.1176178 4500.0
1512146493.85 2500.11526545 4500.0
1512146493.95 2500.11296014 4500.0
1512146494.05 2500.11070094 4500.0
1512146494.15 2500.10848692 4500.0
1512146494.25 2500.10631718 4500.0
1512146494.35 2500.10419084 4500.0
1512146494.45 2500.10210702 4500.0
1512146494.55 2500.10006488 4500.0
1512146494.65 2500.09806358 4500.0
1512146494.75 2500.09610231 4500.0
1512146494.85 2500.09418026 4500.0
1512146494.95 2500.09229666 4500.0
1512146495.05 2500.09045073 4500.0
1512146495.15 2500.08864171 4500.0
1512146495.25 2500.08686888 4500.0
1512146495.35 2500.0851315 4500.0
1512146495.45 2500.08342887 4500.0
1512146495.55 2500.08176029 4500.0
1512146495.65 2500.08012509 4500.0
1512146495.75 2500.07852258 4500.0
1512146495.86 2500.07695213 4500.0
1512146495.96 2500.07541309 4500.0
1512146496.06 2500.07390483 4500.0
1512146496.16 2500.07242673 4500.0
1512146496.26 2500.0709782 4500.0
1512146496.36 2500.06955863 4500.0
1512146496.46 2500.06816746 4500.0
1512146496.56 2500.06680411 4500.0
1512146496.66 2500.06546803 4500.0
1512146496.77 2500.06415867 4500.0
1512146496.86 2500.06287549 4500.0
1512146496.96 2500.06161798 4500.0
1512146497.06 2500.06038563 4500.0
1512146497.17 2500.05917791 4500.0
1512146497.26 2500.05799435 4500.0
1512146497.36 2500.05683447 4500.0
1512146497.46 2500.05569778 4500.0
1512146497.56 2500.05458382 4500.0
1512146497.66 2500.05349215 4500.0
1512146497.76 2500.0524223 4500.0
1512146497.86 2500.05137386 4500.0
1512146497.96 2500.05034638 4500.0
1512146498.06 2500.04933945 4500.0
1512146498.16 2500.04835266 4500.0
1512146498.26 2500.04738561 4500.0
1512146498.36 2500.0464379 4500.0
1512146498.46 2500.04550914 4500.0
1512146498.56 2500.04459896 4500.0
1512146498.66 2500.04370698 4500.0
1512146498.76 2500.04283284 4500.0
1512146498.86 2500.04197618 4500.0
1512146498.96 2500.04113666 4500.0
1512146499.06 2500.04031392 4500.0
1512146499.16 2500.03950765 4500.0
1512146499.26 2500.03871749 4500.0
1512146499.36 2500.03794314 4500.0
1512146499.46 2500.03718428 4500.0
1512146499.56 2500.0364406 4500.0
1512146499.66 2500.03571178 4500.0
1512146499.76 2500.03499755 4500.0
1512146499.86 2500.0342976 4500.0
1512146499.96 2500.03361164 4500.0
1512146500.06 2500.03293941 4500.0
1512146500.16 2500.03228062 4500.0
1512146500.26 2500.03163501 4500.0
1512146500.36 2500.03100231 4500.0
1512146500.46 2500.03038226 4500.0
1512146500.56 2500.02977462 4500.0
1512146500.66 2500.02917913 4500.0
1512146500.76 2500.02859554 4500.0
1512146500.86 2500.02802363 4500.0
1512146500.97 2500.02746316 4500.0
1512146501.06 2500.0269139 4500.0
1512146501.17 2500.02637562 4500.0
1512146501.27 2500.02584811 4500.0
1512146501.37 2500.02533115 4500.0
1512146501.46 2500.02482452 4500.0
1512146501.57 2500.02432803 4500.0
1512146501.67 2500.02384147 4500.0
1512146501.77 2500.02336464 4500.0
1512146501.87 2500.02289735 4500.0
1512146501.97 2500.0224394 4500.0
1512146502.07 2500.02199061 4500.0
1512146502.17 2500.0215508 4500.0
1512146502.27 2500.02111979 4500.0
1512146502.37 2500.02069739 4500.0
1512146502.47 2500.02028344 4500.0
1512146502.57 2500.01987777 4500.0
1512146502.67 2500.01948022 4500.0
1512146502.77 2500.01909061 4500.0
1512146502.87 2500.0187088 4500.0
1512146502.97 2500.01833463 4500.0
1512146503.07 2500.01796793 4500.0
1512146503.17 2500.01760857 4500.0
1512146503.27 2500.0172564 4500.0
1512146503.37 2500.01691127 4500.0
1512146503.47 2500.01657305 4500.0
1512146503.57 2500.01624159 4500.0
1512146503.67 2500.01591676 4500.0
1512146503.77 2500.01559842 4500.0
1512146503.87 2500.01528645 4500.0
1512146503.97 2500.01498072 4500.0
1512146504.07 2500.01468111 4500.0
1512146504.17 2500.01438749 4500.0
1512146504.27 2500.01409974 4500.0
1512146504.37 2500.01381774 4500.0
1512146504.47 2500.01354139 4500.0
1512146504.57 2500.01327056 4500.0
1512146504.67 2500.01300515 4500.0
1512146504.77 2500.01274505 4500.0
1512146504.87 2500.01249014 4500.0
1512146504.97 2500.01224034 4500.0
1512146505.07 2500.01199554 4500.0
1512146505.17 2500.01175562 4500.0
1512146505.27 2500.01152051 4500.0
1512146505.37 2500.0112901 4500.0
1512146505.47 2500.0110643 4500.0
1512146505.57 2500.01084301 4500.0
1512146505.67 2500.01062615 4500.0
1512146505.77 2500.01041363 4500.0
1512146505.87 2500.01020536 4500.0
1512146505.97 2500.01000125 4500.0
1512146506.07 2500.00980123 4500.0
1512146506.18 2500.0096052 4500.0
1512146506.28 2500.0094131 4500.0
1512146506.38 2500.00922483 4500.0
1512146506.47 2500.00904034 4500.0
1512146506.57 2500.00885953 4500.0
1512146506.68 2500.00868234 4500.0
1512146506.78 2500.00850869 4500.0
1512146506.88 2500.00833852 4500.0
1512146506.98 2500.00817175 4500.0
1512146507.08 2500.00800831 4500.0
1512146507.18 2500.00784815 4500.0
1512146507.28 2500.00769119 4500.0
1512146507.38 2500.00753736 4500.0
1512146507.48 2500.00738661 4500.0
1512146507.58 2500.00723888 4500.0
1512146507.68 2500.0070941 4500.0
1512146507.78 2500.00695222 4500.0
1512146507.88 2500.00681318 4500.0
1512146507.98 2500.00667691 4500.0
1512146508.08 2500.00654338 4500.0
1512146508.18 2500.00641251 4500.0
1512146508.28 2500.00628426 4500.0
1512146508.38 2500.00615857 4500.0
1512146508.48 2500.0060354 4500.0
1512146508.58 2500.00591469 4500.0
1512146508.68 2500.0057964 4500.0
1512146508.78 2500.00568047 4500.0
1512146508.88 2500.00556686 4500.0
1512146508.98 2500.00545553 4500.0
1512146509.08 2500.00534641 4500.0
1512146509.18 2500.00523949 4500.0
1512146509.28 2500.0051347 4500.0
1512146509.38 2500.005032 4500.0
1512146509.48 2500.00493136 4500.0
1512146509.58 2500.00483274 4500.0
1512146509.68 2500.00473608 4500.0
1512146509.78 2500.00464136 4500.0
1512146509.88 2500.00454853 4500.0
1512146509.98 2500.00445756 4500.0
1512146510.08 2500.00436841 4500.0
1512146510.19 2500.00428104 4500.0
1512146510.28 2500.00419542 4500.0
1512146510.38 2500.00411151 4500.0
1512146510.48 2500.00402928 4500.0
1512146510.58 2500.0039487 4500.0
1512146510.68 2500.00386972 4500.0
1512146510.78 2500.00379233 4500.0
1512146510.88 2500.00371648 4500.0
1512146510.99 2500.00364215 4500.0
1512146511.09 2500.00356931 4500.0
1512146511.19 2500.00349792 4500.0
1512146511.29 2500.00342796 4500.0
1512146511.39 2500.00335941 4500.0
1512146511.49 2500.00329222 4500.0
1512146511.59 2500.00322637 4500.0
1512146511.69 2500.00316185 4500.0
1512146511.79 2500.00309861 4500.0
1512146511.89 2500.00303664 4500.0
1512146511.99 2500.0029759 4500.0
1512146512.09 2500.00291639 4500.0
1512146512.19 2500.00285806 4500.0
1512146512.29 2500.0028009 4500.0
1512146512.39 2500.00274488 4500.0
1512146512.49 2500.00268998 4500.0
1512146512.59 2500.00263618 4500.0
1512146512.69 2500.00258346 4500.0
1512146512.79 2500.00253179 4500.0
1512146512.89 2500.00248115 4500.0
1512146512.99 2500.00243153 4500.0
1512146513.09 2500.0023829 4500.0
1512146513.19 2500.00233524 4500.0
1512146513.29 2500.00228854 4500.0
1512146513.39 2500.00224277 4500.0
1512146513.49 2500.00219791 4500.0
1512146513.59 2500.00215395 4500.0
1512146513.69 2500.00211087 4500.0
1512146513.79 2500.00206866 4500.0
1512146513.89 2500.00202728 4500.0
1512146513.99 2500.00198674 4500.0
1512146514.09 2500.001947 4500.0
1512146514.19 2500.00190806 4500.0
1512146514.29 2500.0018699 4500.0
1512146514.39 2500.0018325 4500.0
1512146514.49 2500.00179585 4500.0
1512146514.59 2500.00175994 4500.0
1512146514.69 2500.00172474 4500.0
1512146514.8 2500.00169024 4500.0
1512146514.89 2500.00165644 4500.0
1512146514.99 2500.00162331 4500.0
1512146515.09 2500.00159084 4500.0
1512146515.2 2500.00155903 4500.0
1512146515.3 2500.00152785 4500.0
1512146515.4 2500.00149729 4500.0
1512146515.49 2500.00146734 4500.0
1512146515.6 2500.001438 4500.0
1512146515.7 2500.00140924 4500.0
1512146515.79 2500.00138105 4500.0
1512146515.9 2500.00135343 4500.0
1512146516.0 2500.00132636 4500.0
1512146516.1 2500.00129983 4500.0
1512146516.2 2500.00127384 4500.0
1512146516.3 2500.00124836 4500.0
1512146516.4 2500.00122339 4500.0
1512146516.5 2500.00119893 4500.0
1512146516.6 2500.00117495 4500.0
1512146516.7 2500.00115145 4500.0
1512146516.81 2500.00112842 4500.0
1512146516.9 2500.00110585 4500.0
1512146517.01 2500.00108373 4500.0
1512146517.11 2500.00106206 4500.0
1512146517.2 2500.00104082 4500.0
1512146517.3 2500.00102 4500.0
1512146517.41 2500.0009996 4500.0
1512146517.51 2500.00097961 4500.0
1512146517.6 2500.00096002 4500.0
1512146517.7 2500.00094082 4500.0
1512146517.8 2500.000922 4500.0
1512146517.9 2500.00090356 4500.0
1512146518.02 2500.00088549 4500.0
1512146518.11 2500.00086778 4500.0
1512146518.22 2500.00085042 4500.0
1512146518.31 2500.00083342 4500.0
1512146518.4 2500.00081675 4500.0
1512146518.5 2500.00080041 4500.0
1512146518.61 2500.0007844 4500.0
1512146518.71 2500.00076872 4500.0
1512146518.81 2500.00075334 4500.0
1512146518.91 2500.00073827 4500.0
1512146519.01 2500.00072351 4500.0
1512146519.11 2500.00070904 4500.0
1512146519.21 2500.00069486 4500.0
1512146519.31 2500.00068096 4500.0
1512146519.41 2500.00066734 4500.0
1512146519.51 2500.000654 4500.0
1512146519.61 2500.00064092 4500.0
1512146519.7 2500.0006281 4500.0
1512146519.81 2500.00061553 4500.0
1512146519.91 2500.00060322 4500.0
1512146520.01 2500.00059116 4500.0
1512146520.11 2500.00057934 4500.0
1512146520.21 2500.00056775 4500.0
1512146520.31 2500.00055639 4500.0
1512146520.41 2500.00054527 4500.0
1512146520.51 2500.00053436 4500.0
1512146520.61 2500.00052367 4500.0
1512146520.71 2500.0005132 4500.0
1512146520.81 2500.00050294 4500.0
1512146520.91 2500.00049288 4500.0
1512146521.01 2500.00048302 4500.0
1512146521.11 2500.00047336 4500.0
1512146521.21 2500.00046389 4500.0
1512146521.31 2500.00045462 4500.0
1512146521.41 2500.00044552 4500.0
1512146521.51 2500.00043661 4500.0
1512146521.61 2500.00042788 4500.0
1512146521.71 2500.00041932 4500.0
1512146521.81 2500.00041094 4500.0
1512146521.91 2500.00040272 4500.0
1512146522.01 2500.00039466 4500.0
1512146522.11 2500.00038677 4500.0
1512146522.21 2500.00037903 4500.0
1512146522.31 2500.00037145 4500.0
1512146522.41 2500.00036402 4500.0
1512146522.51 2500.00035674 4500.0
1512146522.61 2500.00034961 4500.0
1512146522.71 2500.00034262 4500.0
1512146522.81 2500.00033576 4500.0
1512146522.91 2500.00032905 4500.0
1512146523.01 2500.00032247 4500.0
1512146523.11 2500.00031602 4500.0
1512146523.21 2500.0003097 4500.0
1512146523.31 2500.0003035 4500.0
1512146523.41 2500.00029743 4500.0
1512146523.51 2500.00029149 4500.0
1512146523.61 2500.00028566 4500.0
1512146523.71 2500.00027994 4500.0
1512146523.81 2500.00027434 4500.0
1512146523.91 2500.00026886 4500.0
1512146524.01 2500.00026348 4500.0
1512146524.11 2500.00025821 4500.0
1512146524.22 2500.00025305 4500.0
1512146524.31 2500.00024799 4500.0
1512146524.41 2500.00024303 4500.0
1512146524.52 2500.00023817 4500.0
1512146524.62 2500.0002334 4500.0
1512146524.72 2500.00022873 4500.0
1512146524.82 2500.00022416 4500.0
1512146524.92 2500.00021968 4500.0
1512146525.02 2500.00021528 4500.0
1512146525.12 2500.00021098 4500.0
1512146525.22 2500.00020676 4500.0
1512146525.32 2500.00020262 4500.0
1512146525.42 2500.00019857 4500.0
1512146525.52 2500.0001946 4500.0
1512146525.62 2500.00019071 4500.0
1512146525.72 2500.00018689 4500.0
1512146525.82 2500.00018315 4500.0
1512146525.92 2500.00017949 4500.0
1512146526.02 2500.0001759 4500.0
1512146526.12 2500.00017238 4500.0
1512146526.22 2500.00016894 4500.0
1512146526.32 2500.00016556 4500.0
1512146526.42 2500.00016225 4500.0
1512146526.52 2500.000159 4500.0
1512146526.62 2500.00015582 4500.0
1512146526.72 2500.0001527 4500.0
1512146526.82 2500.00014965 4500.0
1512146526.92 2500.00014666 4500.0
1512146527.02 2500.00014372 4500.0
1512146527.12 2500.00014085 4500.0
1512146527.22 2500.00013803 4500.0
1512146527.32 2500.00013527 4500.0
1512146527.42 2500.00013257 4500.0
1512146527.52 2500.00012992 4500.0
1512146527.62 2500.00012732 4500.0
1512146527.72 2500.00012477 4500.0
1512146527.82 2500.00012228 4500.0
1512146527.92 2500.00011983 4500.0
1512146528.02 2500.00011743 4500.0
1512146528.13 2500.00011508 4500.0
1512146528.23 2500.00011278 4500.0
1512146528.32 2500.00011053 4500.0
1512146528.42 2500.00010832 4500.0
1512146528.52 2500.00010615 4500.0
1512146528.62 2500.00010403 4500.0
1512146528.73 2500.00010195 4500.0
1512146528.82 2500.00009991 4500.0
1512146528.93 2500.00009791 4500.0
1512146529.02 2500.00009595 4500.0
1512146529.13 2500.00009403 4500.0
1512146529.23 2500.00009215 4500.0
1512146529.33 2500.00009031 4500.0
1512146529.43 2500.0000885 4500.0
1512146529.53 2500.00008673 4500.0
1512146529.63 2500.000085 4500.0
1512146529.72 2500.0000833 4500.0
1512146529.83 2500.00008163 4500.0
1512146529.93 2500.00008 4500.0
1512146530.03 2500.0000784 4500.0
1512146530.13 2500.00007683 4500.0
1512146530.23 2500.00007529 4500.0
1512146530.33 2500.00007379 4500.0
1512146530.43 2500.00007231 4500.0
1512146530.53 2500.00007087 4500.0
1512146530.63 2500.00006945 4500.0
1512146530.73 2500.00006806 4500.0
1512146530.83 2500.0000667 4500.0
1512146530.93 2500.00006537 4500.0
1512146531.03 2500.00006406 4500.0
1512146531.13 2500.00006278 4500.0
1512146531.23 2500.00006152 4500.0
1512146531.33 2500.00006029 4500.0
1512146531.43 2500.00005909 4500.0
1512146531.53 2500.0000579 4500.0
1512146531.63 2500.00005675 4500.0
1512146531.73 2500.00005561 4500.0
1512146531.83 2500.0000545 4500.0
1512146531.93 2500.00005341 4500.0
1512146532.03 2500.00005234 4500.0
1512146532.13 2500.00005129 4500.0
1512146532.23 2500.00005027 4500.0
1512146532.33 2500.00004926 4500.0
1512146532.43 2500.00004828 4500.0
1512146532.53 2500.00004731 4500.0
1512146532.63 2500.00004637 4500.0
1512146532.73 2500.00004544 4500.0
1512146532.83 2500.00004453 4500.0
1512146532.94 2500.00004364 4500.0
1512146533.03 2500.00004277 4500.0
1512146533.13 2500.00004191 4500.0
1512146533.23 2500.00004107 4500.0
1512146533.33 2500.00004025 4500.0
1512146533.44 2500.00003945 4500.0
1512146533.54 2500.00003866 4500.0
1512146533.63 2500.00003788 4500.0
1512146533.74 2500.00003713 4500.0
1512146533.83 2500.00003638 4500.0
1512146533.94 2500.00003566 4500.0
1512146534.04 2500.00003494 4500.0
1512146534.14 2500.00003424 4500.0
1512146534.24 2500.00003356 4500.0
1512146534.33 2500.00003289 4500.0
1512146534.43 2500.00003223 4500.0
1512146534.54 2500.00003159 4500.0
1512146534.64 2500.00003095 4500.0
1512146534.74 2500.00003033 4500.0
1512146534.84 2500.00002973 4500.0
1512146534.94 2500.00002913 4500.0
1512146535.04 2500.00002855 4500.0
1512146535.14 2500.00002798 4500.0
1512146535.24 2500.00002742 4500.0
1512146535.34 2500.00002687 4500.0
1512146535.44 2500.00002633 4500.0
1512146535.54 2500.00002581 4500.0
1512146535.64 2500.00002529 4500.0
1512146535.74 2500.00002479 4500.0
1512146535.84 2500.00002429 4500.0
1512146535.94 2500.0000238 4500.0
1512146536.04 2500.00002333 4500.0
1512146536.14 2483.33335619 4500.0
1512146536.24 2483.66668907 4500.0
1512146536.34 2483.99335529 4500.0
1512146536.44 2467.64682152 4500.0
1512146536.54 2451.62721842 4500.0
1512146536.64 2452.59467405 4500.0
1512146536.74 2453.54278057 4500.0
1512146536.84 2437.80525829 4500.0
1512146536.94 2439.04915313 4500.0
1512146537.04 2440.26817006 4500.0
1512146537.14 2424.79614 4500.0
1512146537.24 2426.3002172 4500.0
1512146537.34 2427.77421285 4500.0
1512146537.44 2412.55206193 4500.0
1512146537.54 2414.30102069 4500.0
1512146537.64 2416.01500028 4500.0
1512146537.74 2401.0280336 4500.0
1512146537.84 2403.00747293 4500.0
1512146537.94 2404.94732347 4500.0
1512146538.04 2390.18171034 4500.0
1512146538.14 2392.37807613 4500.0
1512146538.24 2394.53051461 4500.0
1512146538.34 2379.97323765 4500.0
1512146538.44 2382.3737729 4500.0
1512146538.54 2384.72629744 4500.0
1512146538.64 2370.36510482 4500.0
1512146538.74 2372.95780273 4500.0
1512146538.84 2375.49864667 4500.0
1512146538.95 2377.98867374 4500.0
1512146539.05 2380.42890026 4500.0
1512146539.15 2382.82032226 4500.0
1512146539.25 2385.16391581 4500.0
1512146539.35 2387.4606375 4500.0
1512146539.45 2389.71142475 4500.0
1512146539.55 2391.91719625 4500.0
1512146539.65 2394.07885233 4500.0
1512146539.75 2396.19727528 4500.0
1512146539.85 2398.27332977 4500.