1516081946.8 0 0 0 0
1516081946.89 0 0 0 0
1516081946.97 0 0 0 0
1516081947.09 0 0 0 0
1516081947.18 0 0 0 0
1516081947.28 0 0 0 0
1516081947.38 0 0 0 0
1516081947.48 0 0 0 0
1516081947.58 0 0 0 0
1516081947.69 0 0 0 0
1516081947.77 0 0 0 0
1516081947.89 0 0 0 0
1516081947.98 0 0 0 0
1516081948.07 0 0 0 0
1516081948.18 0 0 0 0
1516081948.29 0 0 0 0
1516081948.37 0 0 0 0
1516081948.49 0 0 0 0
1516081948.57 0 0 0 0
1516081948.69 0 0 0 0
1516081948.77 0 0 0 0
1516081948.89 0 0 0 0
1516081948.98 0 0 0 0
1516081949.09 0 0 0 0
1516081949.19 0 0 0 0
1516081949.28 0 0 0 0
1516081949.39 0 0 0 0
1516081949.48 0 0 0 0
1516081949.58 0 0 0 0
1516081949.69 0 0 0 0
1516081949.78 0 0 0 0
1516081949.89 0 0 0 0
1516081949.98 0 0 0 0
1516081950.08 0 0 0 0
1516081950.18 0 0 0 0
1516081950.29 0 0 0 0
1516081950.38 0 0 0 0
1516081950.51 0 0 0 0
1516081950.58 0 0 0 0
1516081950.69 0 0 0 0
1516081950.79 0 0 0 0
1516081950.89 0 0 0 0
1516081950.99 0 0 0 0
1516081951.09 0 0 0 0
1516081951.18 0 0 0 0
1516081951.29 0 0 0 0
1516081951.38 0 0 0 0
1516081951.5 0 0 0 0
1516081951.58 0 0 0 0
1516081951.69 0 0 0 0
1516081951.78 0 0 0 0
1516081951.89 0 0 0 0
1516081951.98 0 0 0 0
1516081952.09 0 0 0 0
1516081952.17 0 0 0 0
1516081952.29 0 0 0 0
1516081952.38 0 0 0 0
1516081952.47 0 0 0 0
1516081952.58 0 0 0 0
1516081952.67 0 0 0 0
1516081952.78 0 0 0 0
1516081952.88 0 0 0 0
1516081952.98 0 0 0 0
1516081953.08 0 0 0 0
1516081953.18 0 0 0 0
1516081953.29 0 0 0 0
1516081953.38 0 0 0 0
1516081953.48 0 0 0 0
1516081953.6 0 0 0 0
1516081953.68 0 0 0 0
1516081953.79 0 0 0 0
1516081953.88 0 0 0 0
1516081953.98 0 0 0 0
1516081954.09 0 0 0 0
1516081954.19 0 0 0 0
1516081954.28 0 0 0 0
1516081954.4 0 0 0 0
1516081954.48 0 0 0 0
1516081954.59 0 0 0 0
1516081954.69 0 0 0 0
1516081954.79 0 0 0 0
1516081954.9 0 0 0 0
1516081954.98 0 0 0 0
1516081955.09 0 0 0 0
1516081955.17 0 0 0 0
1516081955.28 0 0 0 0
1516081955.37 0 0 0 0
1516081955.48 0 0 0 0
1516081955.56 0 0 0 0
1516081955.66 0 0 0 0
1516081955.76 0 0 0 0
1516081955.86 0 0 0 0
1516081955.96 0 0 0 0
1516081956.08 0 0 0 0
1516081956.16 0 0 0 0
1516081956.27 0 0 0 0
1516081956.36 0 0 0 0
1516081956.48 0 0 0 0
1516081956.55 0 0 0 0
1516081956.67 0 0 0 0
1516081956.77 0 0 0 0
1516081956.85 0 0 0 0
1516081956.97 0 0 0 0
1516081957.05 0 0 0 0
1516081957.17 0 0 0 0
1516081957.26 0 0 0 0
1516081957.36 0 0 0 0
1516081957.46 0 0 0 0
1516081957.57 0 0 0 0
1516081957.67 0 0 0 0
1516081957.76 0 0 0 0
1516081957.86 0 0 0 0
1516081957.97 0 0 0 0
1516081958.06 0 0 0 0
1516081958.16 0 0 0 0
1516081958.26 0 0 0 0
1516081958.36 0 0 0 0
1516081958.46 0 0 0 0
1516081958.56 0 0 0 0
1516081958.66 0 0 0 0
1516081958.76 0 0 0 0
1516081958.86 0 0 0 0
1516081958.96 0 0 0 0
1516081959.06 0 0 0 0
1516081959.16 0 0 0 0
1516081959.26 0 0 0 0
1516081959.36 0 0 0 0
1516081959.46 0 0 0 0
1516081959.56 0 0 0 0
1516081959.66 0 0 0 0
1516081959.76 0 0 0 0
1516081959.86 0 0 0 0
1516081959.96 0 0 0 0
1516081960.06 0 0 0 0
1516081960.16 0 0 0 0
1516081960.26 0 0 0 0
1516081960.36 0 0 0 0
1516081960.46 0 0 0 0
1516081960.56 0 0 0 0
1516081960.66 0 0 0 0
1516081960.76 0 0 0 0
1516081960.86 0 0 0 0
1516081960.96 0 0 0 0
1516081961.06 0 0 0 0
1516081961.17 0 0 0 0
1516081961.27 0 0 0 0
1516081961.36 0 0 0 0
1516081961.47 0 0 0 42
1516081961.57 0 0 0 0
1516081961.67 0 0 0 0
1516081961.77 0 0 0 0
1516081961.87 0 0 0 0
1516081961.97 0 0 0 0
1516081962.07 0 0 0 0
1516081962.17 0 0 0 0
1516081962.27 0 0 0 0
1516081962.37 0 0 0 0
1516081962.47 0 0 0 0
1516081962.57 0 0 0 0
1516081962.67 0 0 0 0
1516081962.77 0 0 0 0
1516081962.87 0 0 0 0
1516081962.97 0 0 0 0
1516081963.07 0 0 0 0
1516081963.17 0 0 0 0
1516081963.27 0 0 0 0
1516081963.37 0 0 0 0
1516081963.47 0 0 0 0
1516081963.57 0 0 0 0
1516081963.68 0 0 0 0
1516081963.77 0 0 0 0
1516081963.87 0 0 0 0
1516081963.97 0 0 0 0
1516081964.07 0 0 0 0
1516081964.17 0 0 0 0
1516081964.27 0 0 0 0
1516081964.37 0 0 0 0
1516081964.47 0 0 0 0
1516081964.58 0 0 0 0
1516081964.67 0 0 0 0
1516081964.77 0 0 0 0
1516081964.87 0 0 0 0
1516081964.97 0 0 0 0
1516081965.08 0 0 0 0
1516081965.18 0 0 0 0
1516081965.28 0 0 0 0
1516081965.4 0 0 0 0
1516081965.5 0 0 0 0
1516081965.6 0 0 0 0
1516081965.71 0 0 0 0
1516081965.81 0 0 0 0
1516081965.9 0 0 0 0
1516081966.0 0 0 0 0
1516081966.1 0 0 0 0
1516081966.2 0 0 0 0
1516081966.31 0 0 0 0
1516081966.4 0 0 0 0
1516081966.5 0 0 0 0
1516081966.6 0 0 0 0
1516081966.7 0 0 0 0
1516081966.82 0 0 0 0
1516081966.96 0 0 0 0
1516081967.06 0 0 0 0
1516081967.18 0 0 0 0
1516081967.28 0 0 0 0
1516081967.38 0 0 0 0
1516081967.5 0 0 0 0
1516081967.64 0 0 0 0
1516081967.73 0 0 0 0
1516081967.84 0 0 0 0
1516081967.93 0 0 0 0
1516081968.03 0 0 0 0
1516081968.14 0 0 0 0
1516081968.24 0 0 0 0
1516081968.35 0 0 0 0
1516081968.48 0 0 0 0
1516081968.58 0 0 0 0
1516081968.7 0 0 0 0
1516081968.82 0 0 0 0
1516081968.92 0 0 0 0
1516081969.02 0 0 0 0
1516081969.12 0 0 0 0
1516081969.22 0 0 0 0
1516081969.33 0 0 0 0
1516081969.45 0 0 0 0
1516081969.55 0 0 0 0
1516081969.65 0 0 0 0
1516081969.77 0 0 0 0
1516081969.88 0 0 0 0
1516081969.98 0 0 0 0
1516081970.08 0 0 0 0
1516081970.18 0 0 0 0
1516081970.28 0 0 0 0
1516081970.38 0 0 0 0
1516081970.48 0 0 0 0
1516081970.58 0 0 0 0
1516081970.68 0 0 0 0
1516081970.8 0 0 0 0
1516081970.91 0 0 0 0
1516081971.01 0 0 0 0
1516081971.13 0 0 0 0
1516081971.25 0 0 0 0
1516081971.35 0 0 0 0
1516081971.45 0 0 0 0
1516081971.55 0 0 0 0
1516081971.65 0 0 0 0
1516081971.75 0 0 0 0
1516081971.85 0 0 0 0
1516081971.96 0 0 0 0
1516081972.08 0 0 0 0
1516081972.18 0 0 0 0
1516081972.28 0 0 0 0
1516081972.38 0 0 0 0
1516081972.48 0 0 0 0
1516081972.61 0 0 0 0
1516081972.73 0 0 0 0
1516081972.85 0 0 0 0
1516081972.98 0 0 0 0
1516081973.07 0 0 0 0
1516081973.17 0 0 0 0
1516081973.27 0 0 0 0
1516081973.37 0 0 0 0
1516081973.48 0 0 0 0
1516081973.59 0 0 0 0
1516081973.7 0 0 0 0
1516081973.8 0 0 0 0
1516081973.9 0 0 0 42
1516081974.0 0 0 0 222
1516081974.1 0 0 0 173
1516081974.2 0 0 0 1468
1516081974.3 0 0 0 305
1516081974.4 0 0 0 114
1516081974.5 0 0 0 1855
1516081974.6 0 0 0 110
1516081974.72 0 0 0 134
1516081974.81 0 0 0 2334
1516081974.93 0 0 0 1288
1516081975.04 0 0 0 326
1516081975.14 0 0 0 316
1516081975.24 0 0 0 620
1516081975.34 0 0 0 66
1516081975.44 0 0 0 134
1516081975.54 0 0 0 82
1516081975.64 0 0 0 686
1516081975.74 0 0 0 0
1516081975.84 0 0 0 1332
1516081975.94 0 0 0 0
1516081976.04 0 0 0 178
1516081976.14 0 0 0 134
1516081976.24 0 0 0 266
1516081976.34 0 0 0 0
1516081976.47 0 0 0 788
1516081976.54 0 0 0 294
1516081976.64 0 0 0 0
1516081976.74 0 0 0 1288
1516081976.84 0 0 0 0
1516081976.94 0 0 0 0
1516081977.04 0 0 0 178
1516081977.14 0 0 0 0
1516081977.24 0 0 0 0
1516081977.34 0 0 0 266
1516081977.44 0 0 0 0
1516081977.54 0 0 0 0
1516081977.65 0 0 0 462
1516081977.74 0 0 0 0
1516081977.84 0 0 0 0
1516081977.94 0 0 0 0
1516081978.04 0 0 0 66
1516081978.14 0 0 0 0
1516081978.24 0 0 0 0
1516081978.34 0 0 0 0
1516081978.44 0 0 0 0
1516081978.56 0 0 0 0
1516081978.66 0 0 0 0
1516081978.76 0 0 0 0
1516081978.86 0 0 0 0
1516081978.96 0 0 0 0
1516081979.06 0 0 0 42
1516081979.16 0 0 0 0
1516081979.26 0 0 0 0
1516081979.36 0 0 0 0
1516081979.46 0 0 0 0
1516081979.56 0 0 0 0
1516081979.66 0 0 0 0
1516081979.76 0 0 0 0
1516081979.86 0 0 0 0
1516081979.96 0 0 0 0
1516081980.06 0 0 0 0
1516081980.17 0 0 0 0
1516081980.26 0 0 0 0
1516081980.36 0 0 0 0
1516081980.46 0 0 0 0
1516081980.56 0 0 0 0
1516081980.66 0 0 0 0
1516081980.76 0 0 0 0
1516081980.88 0 0 0 0
1516081980.99 0 0 0 0
1516081981.08 0 0 0 0
1516081981.19 0 0 0 0
1516081981.29 0 0 0 0
1516081981.39 0 0 0 0
1516081981.49 0 0 0 0
1516081981.59 0 0 0 0
1516081981.69 0 0 0 0
1516081981.79 0 0 0 0
1516081981.89 0 0 0 0
1516081981.99 0 0 0 0
1516081982.11 0 0 0 0
1516081982.22 0 0 0 0
1516081982.32 0 0 0 0
1516081982.42 0 0 0 0
1516081982.52 0 0 0 0
1516081982.62 0 0 0 0
1516081982.72 0 0 0 0
1516081982.82 0 0 0 0
1516081982.92 0 0 0 0
1516081983.02 0 0 0 0
1516081983.12 0 0 0 0
1516081983.22 0 0 0 0
1516081983.32 0 0 0 0
1516081983.42 0 0 0 0
1516081983.53 0 0 0 0
1516081983.63 0 0 0 0
1516081983.73 0 0 0 0
1516081983.83 0 0 0 0
1516081983.93 0 0 0 0
1516081984.03 0 0 0 0
1516081984.13 0 0 0 0
1516081984.23 0 0 0 0
1516081984.33 0 0 0 0
1516081984.43 0 0 0 0
1516081984.53 0 0 0 0
1516081984.63 0 0 0 0
1516081984.73 0 0 0 0
1516081984.83 0 0 0 0
1516081984.93 0 0 0 0
1516081985.03 0 0 0 0
1516081985.13 0 0 0 0
1516081985.23 0 0 0 0
1516081985.33 0 0 0 0
1516081985.43 0 0 0 0
1516081985.53 0 0 0 0
1516081985.66 0 0 0 0
1516081985.75 0 0 0 0
1516081985.85 0 0 0 0
1516081985.95 0 0 0 0
1516081986.05 0 0 0 0
1516081986.15 0 0 0 0
1516081986.27 0 0 0 0
1516081986.38 0 0 0 0
1516081986.48 0 0 0 0
1516081986.58 0 0 0 0
1516081986.68 0 0 0 0
1516081986.78 0 0 0 0
1516081986.88 0 0 0 0
1516081986.98 0 0 0 0
1516081987.08 0 0 0 0
1516081987.18 0 0 0 0
1516081987.28 0 0 0 0
1516081987.38 0 0 0 0
1516081987.48 0 0 0 0
1516081987.58 0 0 0 0
1516081987.68 0 0 0 0
1516081987.78 0 0 0 0
1516081987.88 0 0 0 0
1516081987.98 0 0 0 0
1516081988.09 0 0 0 0
1516081988.18 0 0 0 0
1516081988.29 0 0 0 0
1516081988.38 0 0 0 0
1516081988.48 0 0 0 0
1516081988.58 0 0 0 0
1516081988.68 0 0 0 0
1516081988.78 0 0 0 0
1516081988.88 0 0 0 0
1516081988.98 0 0 0 0
1516081989.08 0 0 0 0
1516081989.18 0 0 0 0
1516081989.3 0 0 0 0
1516081989.44 0 0 0 0
1516081989.55 0 0 0 0
1516081989.66 0 0 0 0
1516081989.75 0 0 0 0
1516081989.85 0 0 0 0
1516081989.95 0 0 0 0
1516081990.05 0 0 0 0
1516081990.15 0 0 0 0
1516081990.25 0 0 0 0
1516081990.35 0 0 0 0
1516081990.45 0 0 0 0
1516081990.55 0 0 0 0
1516081990.65 0 0 0 0
1516081990.75 0 0 0 0
1516081990.85 0 0 0 0
1516081990.95 0 0 0 0
1516081991.05 0 0 0 0
1516081991.15 0 0 0 0
1516081991.25 0 0 0 0
1516081991.35 0 0 0 0
1516081991.45 0 0 0 0
1516081991.57 0 0 0 0
1516081991.7 0 0 0 0
1516081991.82 0 0 0 0
1516081991.94 0 0 0 0
1516081992.03 0 0 0 0
1516081992.13 0 0 0 0
1516081992.23 0 0 0 0
1516081992.33 0 0 0 0
1516081992.43 0 0 0 0
1516081992.53 0 0 0 0
1516081992.63 0 0 0 0
1516081992.73 0 0 0 0
1516081992.84 0 0 0 0
1516081992.95 0 0 0 0
1516081993.08 0 0 0 0
1516081993.17 0 0 0 0
1516081993.28 0 0 0 0
1516081993.38 0 0 0 0
1516081993.48 0 0 0 0
1516081993.58 0 0 0 0
1516081993.68 0 0 0 0
1516081993.78 0 0 0 0
1516081993.88 0 0 0 0
1516081993.98 0 0 0 0
1516081994.08 0 0 0 0
1516081994.19 0 0 0 0
1516081994.3 0 0 0 0
1516081994.4 0 0 0 0
1516081994.52 0 0 0 0
1516081994.63 0 0 0 0
1516081994.73 0 0 0 0
1516081994.85 0 0 0 0
1516081994.96 0 0 0 0
1516081995.06 0 0 0 0
1516081995.16 0 0 0 0
1516081995.26 0 0 0 0
1516081995.38 0 0 0 0
1516081995.5 0 0 0 0
1516081995.59 0 0 0 0
1516081995.69 0 0 0 0
1516081995.81 0 0 0 0
1516081995.94 0 0 0 0
1516081996.04 0 0 0 0
1516081996.14 0 0 0 0
1516081996.24 0 0 0 0
1516081996.34 0 0 0 0
1516081996.44 0 0 0 0
1516081996.56 0 0 0 0
1516081996.65 0 0 0 0
1516081996.75 0 0 0 0
1516081996.87 0 0 0 0
1516081996.97 0 0 0 0
1516081997.07 0 0 0 0
1516081997.17 0 0 0 0
1516081997.27 0 0 0 0
1516081997.37 0 0 0 0
1516081997.48 0 0 0 0
1516081997.58 0 0 0 0
1516081997.67 0 0 0 0
1516081997.77 0 0 0 0
1516081997.88 0 0 0 0
1516081997.97 0 0 0 0
1516081998.07 0 0 0 0
1516081998.17 0 0 0 0
1516081998.27 0 0 0 0
1516081998.37 0 0 0 0
1516081998.47 0 0 0 0
1516081998.58 0 0 0 0
1516081998.68 0 0 0 0
1516081998.78 0 0 0 0
1516081998.9 0 0 0 0
1516081999.01 0 0 0 0
1516081999.11 0 0 0 0
1516081999.21 0 0 0 0
1516081999.31 0 0 0 0
1516081999.41 0 0 0 0
1516081999.51 0 0 0 0
1516081999.61 0 0 0 0
1516081999.71 0 0 0 0
1516081999.81 0 0 0 0
1516081999.91 0 0 0 0
1516082000.01 0 0 0 0
1516082000.11 0 0 0 0
1516082000.21 0 0 0 0
1516082000.31 0 0 0 0
1516082000.41 0 0 0 0
1516082000.51 0 0 0 0
1516082000.61 0 0 0 0
1516082000.71 0 0 0 0
1516082000.81 0 0 0 0
1516082000.92 0 0 0 0
1516082001.02 0 0 0 0
1516082001.12 0 0 0 0
1516082001.21 0 0 0 0
1516082001.32 0 0 0 0
1516082001.41 0 0 0 0
1516082001.52 0 0 0 0
1516082001.62 0 0 0 0
1516082001.71 0 0 0 0
1516082001.81 0 0 0 0
1516082001.91 0 0 0 0
1516082002.01 0 0 0 0
1516082002.11 0 0 0 0
1516082002.21 0 0 0 0
1516082002.31 0 0 0 0
1516082002.41 0 0 0 0
1516082002.51 0 0 0 0
1516082002.61 0 0 0 0
1516082002.71 0 0 0 0
1516082002.81 0 0 0 0
1516082002.91 0 0 0 0
1516082003.01 0 0 0 0
1516082003.11 0 0 0 0
1516082003.23 0 0 0 0
1516082003.33 0 0 0 0
1516082003.43 0 0 0 0
1516082003.53 0 0 0 0
1516082003.63 0 0 0 0
1516082003.73 0 0 0 0
1516082003.83 0 0 0 0
1516082003.93 0 0 0 0
1516082004.03 0 0 0 0
1516082004.13 0 0 0 0
1516082004.23 0 0 0 0
1516082004.33 0 0 0 0
1516082004.43 0 0 0 0
1516082004.53 0 0 0 0
1516082004.63 0 0 0 0
1516082004.73 0 0 0 0
1516082004.83 0 0 0 0
1516082004.93 0 0 0 0
1516082005.03 0 0 0 0
1516082005.13 0 0 0 0
1516082005.23 0 0 0 0
1516082005.33 0 0 0 0
1516082005.44 0 0 0 0
1516082005.53 0 0 0 0
1516082005.63 0 0 0 0
1516082005.73 0 0 0 0
1516082005.84 0 0 0 0
1516082005.94 0 0 0 0
1516082006.04 0 0 0 0
1516082006.14 0 0 0 0
1516082006.24 0 0 0 0
1516082006.34 0 0 0 0
1516082006.44 0 0 0 0
1516082006.54 0 0 0 0
1516082006.64 0 0 0 0
1516082006.74 0 0 0 0
1516082006.84 0 0 0 0
1516082006.94 0 0 0 0
1516082007.04 0 0 0 0
1516082007.14 0 0 0 0
1516082007.24 0 0 0 0
1516082007.34 0 0 0 0
1516082007.44 0 0 0 0
1516082007.54 0 0 0 0
1516082007.64 0 0 0 0
1516082007.74 0 0 0 42
1516082007.84 0 1514 0 0
1516082007.94 0 0 0 0
1516082008.04 0 0 0 0
1516082008.14 0 27252 0 0
1516082008.24 0 43906 0 0
1516082008.34 0 25738 0 0
1516082008.44 0 25738 0 0
1516082008.54 0 34822 0 0
1516082008.64 0 40878 0 0
1516082008.74 0 42392 0 0
1516082008.84 0 42392 0 0
1516082008.94 0 43906 0 0
1516082009.05 0 45420 0 0
1516082009.14 0 43906 0 0
1516082009.25 0 49962 0 0
1516082009.34 0 46934 0 0
1516082009.44 0 46934 0 0
1516082009.54 0 49962 0 0
1516082009.65 0 51476 0 0
1516082009.75 0 51476 0 0
1516082009.85 0 49962 0 0
1516082009.95 0 51476 0 0
1516082010.05 0 51476 0 0
1516082010.15 0 52990 0 0
1516082010.25 0 52990 0 0
1516082010.35 0 51476 0 0
1516082010.45 0 52990 0 0
1516082010.55 0 54504 0 0
1516082010.65 0 52990 0 0
1516082010.75 0 54504 0 0
1516082010.85 0 54504 0 0
1516082010.95 0 54504 0 0
1516082011.05 0 54504 0 0
1516082011.15 0 54504 0 0
1516082011.25 0 54504 0 0
1516082011.35 0 54504 0 0
1516082011.45 0 56018 0 0
1516082011.55 0 52990 0 0
1516082011.65 0 56018 0 0
1516082011.75 0 56018 0 0
1516082011.85 0 54504 0 0
1516082011.95 0 56018 0 0
1516082012.05 0 56018 0 0
1516082012.15 0 54504 0 0
1516082012.25 0 54504 0 0
1516082012.35 0 56018 0 0
1516082012.45 0 54504 0 0
1516082012.55 0 56018 0 0
1516082012.65 0 56018 0 0
1516082012.75 0 56018 0 0
1516082012.85 0 54504 0 42
1516082012.95 0 56018 0 0
1516082013.05 0 56018 0 0
1516082013.15 0 56018 0 0
1516082013.25 0 56018 0 0
1516082013.35 0 56018 0 0
1516082013.45 0 56018 0 0
1516082013.55 0 56018 0 0
1516082013.65 0 56018 0 0
1516082013.76 0 57532 0 0
1516082013.85 0 54504 0 0
1516082013.96 0 57532 0 0
1516082014.05 0 54504 0 0
1516082014.16 0 57532 0 0
1516082014.25 0 54504 0 0
1516082014.35 0 56018 0 0
1516082014.45 0 56018 0 0
1516082014.56 0 57532 0 0
1516082014.65 0 54504 0 0
1516082014.75 0 56018 0 0
1516082014.86 0 56018 0 0
1516082014.96 0 59046 0 0
1516082015.06 0 52990 0 0
1516082015.16 0 56018 0 0
1516082015.26 0 56018 0 0
1516082015.36 0 56018 0 0
1516082015.46 0 57532 0 0
1516082015.56 0 54504 0 0
1516082015.66 0 57532 0 0
1516082015.76 0 56018 0 0
1516082015.86 0 54504 0 0
1516082015.96 0 57532 0 0
1516082016.06 0 54504 0 0
1516082016.16 0 57532 0 0
1516082016.26 0 56018 0 0
1516082016.36 0 54504 0 0
1516082016.46 0 57532 0 0
1516082016.56 0 54504 0 0
1516082016.66 0 57532 0 0
1516082016.76 0 56018 0 0
1516082016.86 0 56018 0 0
1516082016.96 0 54504 0 0
1516082017.06 0 57532 0 0
1516082017.16 0 56018 0 0
1516082017.26 0 56018 0 0
1516082017.36 0 56018 0 0
1516082017.46 0 56018 0 0
1516082017.56 0 56018 0 0
1516082017.66 0 56018 0 0
1516082017.76 0 56018 0 0
1516082017.86 0 56018 0 0
1516082017.96 0 56018 0 0
1516082018.06 0 59046 0 0
1516082018.16 0 54504 0 0
1516082018.28 0 63588 0 0
1516082018.36 0 48448 0 0
1516082018.46 0 56018 0 0
1516082018.56 0 56018 0 0
1516082018.66 0 54504 0 0
1516082018.76 0 57532 0 0
1516082018.87 0 57532 0 0
1516082018.96 0 54504 0 0
1516082019.06 0 56018 0 0
1516082019.16 0 56018 0 0
1516082019.27 0 56018 0 0
1516082019.36 0 56018 0 0
1516082019.46 0 56018 0 0
1516082019.57 0 56018 0 0
1516082019.67 0 57532 0 0
1516082019.77 0 54504 0 0
1516082019.87 0 57532 0 0
1516082019.97 0 56018 0 0
1516082020.07 0 56018 0 0
1516082020.17 0 57532 0 0
1516082020.29 0 65102 0 0
1516082020.39 0 57532 0 0
1516082020.48 0 54504 0 0
1516082020.59 0 56018 0 0
1516082020.69 0 57532 0 0
1516082020.79 0 54504 0 0
1516082020.89 0 57532 0 0
1516082020.99 0 56018 0 0
1516082021.09 0 54504 0 0
1516082021.19 0 59046 0 0
1516082021.29 0 54504 0 0
1516082021.39 0 57532 0 0
1516082021.49 0 54504 0 0
1516082021.61 0 66616 0 0
1516082021.72 0 62074 0 0
1516082021.82 0 54504 0 0
1516082021.92 0 56018 0 0
1516082022.02 0 56018 0 0
1516082022.12 0 56018 0 0
1516082022.22 0 56018 0 0
1516082022.32 0 56018 0 0
1516082022.42 0 56018 0 0
1516082022.52 0 56018 0 0
1516082022.62 0 56018 0 0
1516082022.72 0 56018 0 0
1516082022.82 0 56018 0 0
1516082022.92 0 56018 0 0
1516082023.02 0 56018 0 0
1516082023.12 0 56018 0 0
1516082023.22 0 56018 0 0
1516082023.32 0 57532 0 0
1516082023.42 0 54504 0 0
1516082023.52 0 57532 0 0
1516082023.62 0 57532 0 0
1516082023.72 0 54504 0 0
1516082023.82 0 57532 0 0
1516082023.92 0 54504 0 0
1516082024.02 0 56018 0 0
1516082024.12 0 56018 0 0
1516082024.22 0 54504 0 0
1516082024.32 0 57532 0 0
1516082024.42 0 56018 0 0
1516082024.52 0 56018 0 0
1516082024.62 0 56018 0 0
1516082024.72 0 57532 0 0
1516082024.82 0 54504 0 0
1516082024.92 0 57532 0 0
1516082025.02 0 54504 0 0
1516082025.12 0 57532 0 0
1516082025.22 0 56018 0 0
1516082025.33 1514 57532 0 0
1516082025.42 0 54504 0 0
1516082025.52 0 56018 0 0
1516082025.62 0 56018 0 0
1516082025.72 0 56018 0 0
1516082025.82 0 56018 0 0
1516082025.92 0 57532 0 0
1516082026.02 0 56018 0 0
1516082026.12 0 54504 0 0
1516082026.22 0 57532 0 0
1516082026.32 0 56018 0 0
1516082026.42 0 56018 0 0
1516082026.53 0 59046 0 0
1516082026.62 0 54504 0 0
1516082026.72 0 56018 0 0
1516082026.82 12112 62074 0 0
1516082026.92 36336 62074 0 0
1516082027.03 31794 63588 0 0
1516082027.12 16654 60560 0 0
1516082027.22 0 42392 0 0
1516082027.32 0 33308 0 0
1516082027.42 0 51476 0 0
1516082027.53 0 60560 0 0
1516082027.62 0 52990 0 0
1516082027.73 0 37850 0 0
1516082027.83 0 51476 0 0
1516082027.92 0 54504 0 0
1516082028.03 0 59046 0 0
1516082028.13 0 49962 0 0
1516082028.23 0 49962 0 0
1516082028.33 0 57532 0 0
1516082028.43 0 56018 0 0
1516082028.53 0 57532 0 0
1516082028.63 0 59046 0 0
1516082028.73 0 57532 0 0
1516082028.83 0 60560 0 0
1516082028.93 0 60560 0 0
1516082029.03 0 62074 0 0
1516082029.13 0 63588 0 0
1516082029.23 0 63588 0 0
1516082029.33 1514 62074 0 0
1516082029.43 4542 65102 0 0
1516082029.53 7570 62074 0 0
1516082029.63 0 60560 0 0
1516082029.73 0 59046 0 0
1516082029.83 0 59046 0 0
1516082029.93 0 60560 0 0
1516082030.03 0 62074 0 0
1516082030.13 0 62074 0 0
1516082030.23 1514 63588 0 0
1516082030.33 3028 63588 0 0
1516082030.43 6056 60560 0 0
1516082030.53 0 62074 0 0
1516082030.64 0 63588 0 0
1516082030.73 0 60560 0 0
1516082030.84 0 63588 0 0
1516082030.94 1514 63588 0 0
1516082031.04 3028 62074 0 0
1516082031.14 6056 63588 0 0
1516082031.24 3028 65102 0 0
1516082031.34 0 59046 0 0
1516082031.44 0 60560 0 0
1516082031.54 0 62074 0 0
1516082031.64 0 60560 0 0
1516082031.74 0 63588 0 0
1516082031.84 1514 62074 0 0
1516082031.94 4542 63588 0 0
1516082032.04 7570 63588 0 0
1516082032.14 3028 60560 0 0
1516082032.24 0 52990 0 0
1516082032.34 0 56018 0 0
1516082032.44 0 60560 0 0
1516082032.54 0 62074 0 0
1516082032.64 0 63588 0 0
1516082032.74 0 59046 0 0
1516082032.84 0 65102 0 0
1516082032.95 3028 65102 0 0
1516082033.05 4542 62074 0 0
1516082033.14 6056 60560 0 0
1516082033.24 0 60560 0 0
1516082033.35 0 56018 0 0
1516082033.45 0 59046 0 0
1516082033.55 0 62074 0 0
1516082033.65 0 63588 0 0
1516082033.75 0 62074 0 0
1516082033.85 1514 63588 0 0
1516082033.95 3028 62074 0 0
1516082034.05 6056 62074 0 0
1516082034.15 3028 63588 0 0
1516082034.25 0 62074 0 0
1516082034.35 0 57532 0 0
1516082034.45 0 62074 0 0
1516082034.55 0 63588 0 0
1516082034.65 0 62074 0 0
1516082034.75 3028 63588 0 0
1516082034.85 4542 62074 0 0
1516082034.95 6056 62074 0 0
1516082035.05 0 62074 0 0
1516082035.15 0 54504 0 0
1516082035.25 0 60560 0 0
1516082035.35 0 62074 0 0
1516082035.45 0 62074 0 0
1516082035.55 0 63588 0 0
1516082035.65 1514 62074 0 0
1516082035.75 1514 63588 0 0
1516082035.85 6056 62074 0 0
1516082035.95 7570 60560 0 0
1516082036.05 0 59046 0 0
1516082036.15 0 52990 0 0
1516082036.25 0 57532 0 0
1516082036.35 0 60560 0 0
1516082036.45 0 60560 0 0
1516082036.56 0 66616 0 0
1516082036.65 0 62074 0 0
1516082036.76 1514 63588 0 0
1516082036.85 3028 60560 0 0
1516082036.95 7570 62074 0 0
1516082037.05 0 63588 0 0
1516082037.15 0 56018 0 0
1516082037.25 0 60560 0 0
1516082037.35 0 60560 0 0
1516082037.45 0 63588 0 0
1516082037.56 0 65102 0 0
1516082037.65 1514 62074 0 0
1516082037.76 4542 63588 0 0
1516082037.86 7570 62074 0 0
1516082037.96 0 63588 0 0
1516082038.06 0 51476 0 0
1516082038.16 0 57532 0 0
1516082038.26 0 60560 0 0
1516082038.36 0 60560 0 0
1516082038.46 0 63588 0 0
1516082038.56 1514 65102 0 0
1516082038.66 3028 62074 0 0
1516082038.76 6056 63588 0 0
1516082038.86 1514 62074 0 0
1516082038.96 0 56018 0 0
1516082039.06 0 62074 0 0
1516082039.16 0 63588 0 0
1516082039.26 1514 62074 0 0
1516082039.36 3028 62074 0 0
1516082039.46 6056 62074 0 0
1516082039.56 4542 63588 0 42
1516082039.66 0 62074 0 0
1516082039.76 0 57532 0 0
1516082039.86 0 59046 0 0
1516082039.96 0 63588 0 0
1516082040.06 0 62074 0 0
1516082040.16 0 62074 0 0
1516082040.26 1514 63588 0 0
1516082040.36 3028 63588 0 0
1516082040.47 7570 62074 0 0
1516082040.56 6056 62074 0 0
1516082040.67 0 57532 0 0
1516082040.77 0 56018 0 0
1516082040.87 0 59046 0 0
1516082040.97 0 56018 0 0
1516082041.07 0 60560 0 0
1516082041.17 0 60560 0 0
1516082041.27 0 63588 0 0
1516082041.37 1514 62074 0 0
1516082041.47 3028 62074 0 0
1516082041.57 6056 62074 0 0
1516082041.67 3028 62074 0 0
1516082041.77 0 62074 0 0
1516082041.87 0 59046 0 0
1516082041.97 0 60560 0 0
1516082042.07 0 63588 0 0
1516082042.17 0 62074 0 0
1516082042.27 1514 65102 0 0
1516082042.37 3028 62074 0 0
1516082042.47 7570 62074 0 0
1516082042.58 0 62074 0 0
1516082042.68 0 57532 0 0
1516082042.77 0 57532 0 0
1516082042.87 0 63588 0 0
1516082042.97 0 60560 0 0
1516082043.07 0 63588 0 0
1516082043.17 3028 63588 0 0
1516082043.27 6056 60560 0 0
1516082043.37 3028 63588 0 0
1516082043.48 0 62074 0 0
1516082043.58 0 59046 0 0
1516082043.68 0 62074 0 0
1516082043.78 0 62074 0 0
1516082043.88 0 63588 0 0
1516082043.98 1514 62074 0 0
1516082044.08 4542 62074 0 0
1516082044.18 6056 63588 0 0
1516082044.28 0 63588 0 0
1516082044.38 0 57532 0 0
1516082044.48 0 60560 0 0
1516082044.58 0 62074 0 0
1516082044.68 0 63588 0 0
1516082044.78 0 62074 0 0
1516082044.88 3028 65102 0 0
1516082044.98 4542 60560 0 0
1516082045.08 4542 62074 0 0
1516082045.18 0 63588 0 0
1516082045.28 0 60560 0 0
1516082045.38 0 59046 0 0
1516082045.48 0 60560 0 0
1516082045.58 0 63588 0 0
1516082045.68 3028 62074 0 0
1516082045.78 6056 62074 0 0
1516082045.88 4542 63588 0 0
1516082045.98 0 59046 0 0
1516082046.08 0 59046 0 0
1516082046.18 0 59046 0 0
1516082046.28 0 60560 0 0
1516082046.38 0 63588 0 0
1516082046.48 0 63588 0 0
1516082046.59 1514 66616 0 0
1516082046.69 4542 59046 0 0
1516082046.78 7570 62074 0 42
1516082046.89 0 62074 0 0
1516082046.99 0 52990 0 0
1516082047.09 0 59046 0 0
1516082047.19 0 60560 0 0
1516082047.29 0 60560 0 0
1516082047.39 0 65102 0 0
1516082047.49 0 62074 0 0
1516082047.59 3028 62074 0 0
1516082047.69 4542 65102 0 0
1516082047.79 6056 60560 0 0
1516082047.89 0 60560 0 0
1516082047.99 0 56018 0 0
1516082048.09 0 60560 0 0
1516082048.19 0 63588 0 0
1516082048.29 0 60560 0 0
1516082048.39 0 63588 0 0
1516082048.49 0 63588 0 0
1516082048.59 3028 60560 0 0
1516082048.69 7570 62074 0 0
1516082048.79 0 62074 0 0
1516082048.89 0 60560 0 0
1516082048.99 0 60560 0 0
1516082049.09 0 60560 0 0
1516082049.19 0 63588 0 0
1516082049.29 0 63588 0 0
1516082049.39 1514 65102 0 0
1516082049.49 4542 60560 0 0
1516082049.59 7570 65102 0 0
1516082049.7 0 57532 0 0
1516082049.79 0 51476 0 0
1516082049.9 0 60560 0 0
1516082049.99 0 60560 0 0
1516082050.09 0 62074 0 0
1516082050.19 0 62074 0 0
1516082050.29 0 63588 0 0
1516082050.39 1514 63588 0 0
1516082050.5 6056 62074 0 0
1516082050.59 6056 62074 0 0
1516082050.69 0 59046 0 0
1516082050.8 0 57532 0 0
1516082050.9 0 57532 0 0
1516082051.0 0 63588 0 0
1516082051.1 0 60560 0 0
1516082051.2 0 63588 0 0
1516082051.3 0 63588 0 0
1516082051.4 4542 62074 0 0
1516082051.5 4542 63588 0 0
1516082051.6 3028 62074 0 0
1516082051.7 1514 62074 0 0
1516082051.8 0 60560 0 0
1516082051.9 0 60560 0 0
1516082052.0 0 63588 0 0
1516082052.1 0 63588 0 0
1516082052.2 1514 62074 0 0
1516082052.3 4542 63588 0 0
1516082052.4 4542 62074 0 0
1516082052.5 3028 63588 0 0
1516082052.6 0 60560 0 0
1516082052.7 0 60560 0 0
1516082052.8 0 60560 0 0
1516082052.9 0 63588 0 0
1516082053.0 0 65102 0 0
1516082053.1 3028 62074 0 0
1516082053.2 4542 62074 0 0
1516082053.3 4542 62074 0 0
1516082053.4 1514 60560 0 0
1516082053.5 0 60560 0 0
1516082053.6 0 60560 0 0
1516082053.7 0 62074 0 0
1516082053.8 1514 62074 0 0
1516082053.9 1514 65102 0 0
1516082054.0 4542 62074 0 0
1516082054.1 7570 63588 0 0
1516082054.2 0 62074 0 0
1516082054.3 0 52990 0 0
1516082054.4 0 59046 0 0
1516082054.5 0 60560 0 0
1516082054.6 0 62074 0 0
1516082054.7 0 62074 0 0
1516082054.8 0 63588 0 0
1516082054.91 1514 65102 0 0
1516082055.01 4542 60560 0 0
1516082055.11 9084 62074 0 0
1516082055.21 0 62074 0 0
1516082055.31 0 51476 0 0
1516082055.41 0 57532 0 0
1516082055.51 0 60560 0 0
1516082055.61 0 60560 0 0
1516082055.71 0 60560 0 0
1516082055.81 0 63588 0 0
1516082055.91 0 63588 0 0
1516082056.01 3028 63588 0 0
1516082056.11 4542 62074 0 0
1516082056.21 6056 62074 0 0
1516082056.31 0 63588 0 0
1516082056.41 0 56018 0 0
1516082056.51 0 59046 0 0
1516082056.61 0 62074 0 0
1516082056.71 0 62074 0 0
1516082056.81 0 62074 0 0
1516082056.91 0 63588 0 0
1516082057.01 4542 62074 0 0
1516082057.11 6056 63588 0 0
1516082057.21 1514 63588 0 0
1516082057.31 0 57532 0 0
1516082057.41 0 59046 0 0
1516082057.51 0 62074 0 0
1516082057.61 0 62074 0 0
1516082057.72 0 66616 0 0
1516082057.81 3028 60560 0 0
1516082057.91 4542 63588 0 0
1516082058.01 6056 62074 0 0
1516082058.12 0 63588 0 0
1516082058.22 0 54504 0 0
1516082058.31 0 59046 0 0
1516082058.42 0 62074 0 0
1516082058.52 0 62074 0 0
1516082058.62 0 65102 0 0
1516082058.72 1514 62074 0 0
1516082058.82 3028 63588 0 0
1516082058.92 6056 62074 0 0
1516082059.02 3028 62074 0 0
1516082059.12 0 63588 0 0
1516082059.22 0 57532 0 0
1516082059.32 0 62074 0 0
1516082059.42 0 60560 0 0
1516082059.52 0 63588 0 0
1516082059.62 1514 63588 0 0
1516082059.72 4542 63588 0 0
1516082059.82 9084 62074 0 0
1516082059.92 0 63588 0 0
1516082060.02 0 48448 0 0
1516082060.12 0 57532 0 0
1516082060.22 0 60560 0 0
1516082060.32 0 60560 0 0
1516082060.42 0 60560 0 0
1516082060.52 0 63588 0 0
1516082060.62 0 63588 0 0
1516082060.72 3028 63588 0 0
1516082060.82 4542 62074 0 0
1516082060.92 4542 62074 0 0
1516082061.02 0 62074 0 0
1516082061.12 0 59046 0 0
1516082061.22 0 60560 0 0
1516082061.32 0 63588 0 0
1516082061.42 0 62074 0 0
1516082061.52 1514 65102 0 0
1516082061.62 4542 60560 0 0
1516082061.72 7570 63588 0 0
1516082061.82 0 62074 0 0
1516082061.92 0 54504 0 0
1516082062.03 0 59046 0 0
1516082062.13 0 62074 0 0
1516082062.23 0 62074 0 0
1516082062.33 0 62074 0 0
1516082062.43 1514 63588 0 0
1516082062.53 4542 63588 0 0
1516082062.63 4542 62074 0 0
1516082062.73 3028 62074 0 0
1516082062.83 0 65102 0 0
1516082062.93 0 57532 0 0
1516082063.03 0 62074 0 0
1516082063.13 0 63588 0 0
1516082063.23 0 62074 0 0
1516082063.33 3028 63588 0 0
1516082063.43 4542 63588 0 0
1516082063.53 6056 62074 0 0
1516082063.63 0 59046 0 0
1516082063.73 0 57532 0 0
1516082063.83 0 60560 0 0
1516082063.93 0 60560 0 0
1516082064.03 0 60560 0 0
1516082064.13 0 63588 0 0
1516082064.23 0 63588 0 0
1516082064.33 3028 63588 0 0
1516082064.43 6056 60560 0 0
1516082064.54 0 63588 0 0
1516082064.63 0 56018 0 0
1516082064.74 0 62074 0 0
1516082064.83 0 62074 0 0
1516082064.93 1514 62074 0 0
1516082065.03 3028 63588 0 0
1516082065.13 6056 62074 0 0
1516082065.24 0 65102 0 0
1516082065.33 0 57532 0 0
1516082065.43 0 63588 0 0
1516082065.53 0 60560 0 0
1516082065.63 0 60560 0 0
1516082065.73 0 52990 0 0
1516082065.84 0 36336 0 0
1516082065.94 0 1514 0 0
1516082066.04 0 1514 0 0
1516082066.14 0 10598 0 0
1516082066.24 0 15140 0 42
1516082066.34 0 16654 0 0
1516082066.44 0 15140 0 0
1516082066.54 0 18168 0 0
1516082066.64 0 18168 0 0
1516082066.74 0 19682 0 0
1516082066.84 0 21196 0 0
1516082066.94 0 22710 0 0
1516082067.04 0 22710 0 0
1516082067.14 0 25738 0 0
1516082067.24 0 24224 0 0
1516082067.34 0 30280 0 0
1516082067.44 0 27252 0 0
1516082067.54 0 30280 0 0
1516082067.64 0 31794 0 0
1516082067.74 0 34822 0 0
1516082067.84 0 34822 0 0
1516082067.94 0 34822 0 0
1516082068.04 0 37850 0 0
1516082068.14 0 36336 0 0
1516082068.24 0 39364 0 0
1516082068.34 0 39364 0 0
1516082068.44 0 42392 0 0
1516082068.55 0 40878 0 0
1516082068.65 0 42392 0 0
1516082068.75 0 45420 0 0
1516082068.85 0 43906 0 0
1516082068.95 0 37850 0 0
1516082069.05 0 33308 0 0
1516082069.15 0 24224 0 0
1516082069.25 0 22710 0 0
1516082069.35 0 25738 0 0
1516082069.45 0 24224 0 0
1516082069.55 0 27252 0 0
1516082069.65 0 27252 0 0
1516082069.75 0 30280 0 0
1516082069.85 0 33308 0 0
1516082069.95 0 31794 0 0
1516082070.05 0 34822 0 0
1516082070.15 0 34822 0 0
1516082070.25 0 36336 0 0
1516082070.35 0 37850 0 0
1516082070.45 0 37850 0 0
1516082070.55 0 39364 0 0
1516082070.65 0 39364 0 0
1516082070.75 0 39364 0 0
1516082070.85 0 42392 0 0
1516082070.95 0 42392 0 0
1516082071.05 0 42392 0 0
1516082071.15 0 34822 0 0
1516082071.26 0 33308 0 0
1516082071.35 0 22710 0 0
1516082071.45 0 21196 0 0
1516082071.56 0 27252 0 0
1516082071.66 0 24224 0 0
1516082071.76 0 25738 0 0
1516082071.86 0 27252 0 0
1516082071.96 0 28766 0 0
1516082072.06 0 30280 0 0
1516082072.16 0 31794 0 0
1516082072.26 0 33308 0 0
1516082072.36 0 33308 0 0
1516082072.46 0 34822 0 0
1516082072.56 0 37850 0 0
1516082072.66 0 36336 0 0
1516082072.76 0 37850 0 0
1516082072.86 0 39364 0 0
1516082072.96 0 42392 0 0
1516082073.06 0 39364 0 0
1516082073.16 0 42392 0 0
1516082073.26 0 40878 0 0
1516082073.36 0 37850 0 0
1516082073.46 0 28766 0 0
1516082073.56 0 27252 0 0
1516082073.66 0 19682 0 0
1516082073.76 0 22710 0 0
1516082073.86 0 24224 0 0
1516082073.96 0 25738 0 0
1516082074.06 0 27252 0 0
1516082074.16 0 27252 0 0
1516082074.26 0 30280 0 0
1516082074.37 0 31794 0 0
1516082074.47 0 33308 0 0
1516082074.56 0 31794 0 0
1516082074.67 0 36336 0 0
1516082074.77 0 36336 0 0
1516082074.87 0 37850 0 0
1516082074.97 0 39364 0 0
1516082075.07 0 39364 0 0
1516082075.17 0 39364 0 0
1516082075.27 0 42392 0 0
1516082075.37 0 36336 0 0
1516082075.47 0 33308 0 0
1516082075.57 0 33308 0 0
1516082075.67 0 31794 0 0
1516082075.77 0 28766 0 0
1516082075.87 0 27252 0 0
1516082075.97 0 33308 0 0
1516082076.07 0 33308 0 0
1516082076.17 0 33308 0 0
1516082076.27 0 36336 0 0
1516082076.37 0 36336 0 0
1516082076.47 0 36336 0 0
1516082076.57 0 39364 0 0
1516082076.67 0 39364 0 0
1516082076.77 0 39364 0 0
1516082076.87 0 43906 0 0
1516082076.97 0 40878 0 0
1516082077.07 0 36336 0 0
1516082077.17 0 33308 0 0
1516082077.27 0 25738 0 0
1516082077.37 0 19682 0 0
1516082077.48 0 24224 0 0
1516082077.57 0 24224 0 0
1516082077.67 0 27252 0 0
1516082077.77 0 27252 0 0
1516082077.87 0 27252 0 0
1516082077.97 0 31794 0 0
1516082078.07 0 31794 0 0
1516082078.17 0 31794 0 0
1516082078.28 0 36336 0 0
1516082078.37 0 33308 0 0
1516082078.47 0 36336 0 0
1516082078.58 0 37850 0 0
1516082078.68 0 37850 0 0
1516082078.78 0 39364 0 0
1516082078.88 0 40878 0 0
1516082078.98 0 39364 0 0
1516082079.08 0 42392 0 0
1516082079.18 0 37850 0 0
1516082079.28 0 19682 0 0
1516082079.38 0 24224 0 0
1516082079.48 0 25738 0 0
1516082079.58 0 30280 0 0
1516082079.68 0 27252 0 0
1516082079.78 0 33308 0 0
1516082079.88 0 31794 0 0
1516082079.98 0 33308 0 0
1516082080.08 0 33308 0 0
1516082080.18 0 36336 0 0
1516082080.28 0 36336 0 0
1516082080.38 0 39364 0 0
1516082080.48 0 37850 0 0
1516082080.58 0 39364 0 0
1516082080.69 0 42392 0 0
1516082080.78 0 39364 0 0
1516082080.89 0 43906 0 0
1516082080.98 0 34822 0 0
1516082081.08 0 36336 0 0
1516082081.18 0 22710 0 0
1516082081.28 0 21196 0 0
1516082081.38 0 27252 0 0
1516082081.48 0 24224 0 0
1516082081.58 0 27252 0 0
1516082081.68 0 28766 0 0
1516082081.79 0 30280 0 0
1516082081.88 0 30280 0 0
1516082081.99 0 33308 0 0
1516082082.09 0 33308 0 0
1516082082.19 0 34822 0 0
1516082082.29 0 34822 0 0
1516082082.39 0 37850 0 0
1516082082.49 0 37850 0 0
1516082082.59 0 37850 0 0
1516082082.69 0 39364 0 0
1516082082.79 0 40878 0 0
1516082082.89 0 42392 0 0
1516082082.99 0 39364 0 0
1516082083.09 0 34822 0 0
1516082083.19 0 31794 0 0
1516082083.29 0 25738 0 0
1516082083.39 0 27252 0 0
1516082083.49 0 25738 0 0
1516082083.59 0 27252 0 0
1516082083.69 0 30280 0 0
1516082083.79 0 30280 0 0
1516082083.89 0 30280 0 0
1516082083.99 0 33308 0 0
1516082084.09 0 33308 0 0
1516082084.19 0 34822 0 0
1516082084.3 0 39364 0 0
1516082084.4 0 37850 0 0
1516082084.5 0 37850 0 0
1516082084.59 0 39364 0 0
1516082084.7 0 43906 0 0
1516082084.8 0 40878 0 0
1516082084.9 0 37850 0 0
1516082085.0 0 31794 0 0
1516082085.1 0 30280 0 0
1516082085.2 0 9084 0 0
1516082085.3 0 27252 0 0
1516082085.4 0 25738 0 0
1516082085.5 0 25738 0 0
1516082085.6 0 27252 0 0
1516082085.7 0 30280 0 0
1516082085.8 0 30280 0 42
1516082085.9 0 31794 0 0
1516082086.0 0 34822 0 0
1516082086.1 0 34822 0 0
1516082086.2 0 33308 0 0
1516082086.3 0 39364 0 0
1516082086.4 0 37850 0 0
1516082086.5 0 37850 0 0
1516082086.6 0 39364 0 0
1516082086.7 0 40878 0 0
1516082086.8 0 40878 0 0
1516082086.9 0 39364 0 0
1516082087.0 0 36336 0 0
1516082087.1 0 28766 0 0
1516082087.2 0 27252 0 0
1516082087.3 0 22710 0 0
1516082087.4 0 30280 0 0
1516082087.5 0 27252 0 0
1516082087.61 0 33308 0 0
1516082087.7 0 30280 0 0
1516082087.8 0 33308 0 0
1516082087.91 0 33308 0 0
1516082088.0 0 34822 0 0
1516082088.1 0 36336 0 0
1516082088.2 0 37850 0 0
1516082088.3 0 37850 0 0
1516082088.4 0 39364 0 0
1516082088.5 0 40878 0 0
1516082088.6 0 40878 0 0
1516082088.71 0 40878 0 0
1516082088.8 0 31794 0 0
1516082088.91 0 27252 0 0
1516082089.01 0 25738 0 0
1516082089.11 0 30280 0 0
1516082089.21 0 33308 0 0
1516082089.31 0 33308 0 0
1516082089.41 0 34822 0 0
1516082089.51 0 34822 0 0
1516082089.61 0 37850 0 0
1516082089.71 0 37850 0 0
1516082089.81 0 39364 0 0
1516082089.91 0 40878 0 0
1516082090.01 0 40878 0 0
1516082090.11 0 39364 0 0
1516082090.21 0 39364 0 0
1516082090.31 0 36336 0 0
1516082090.41 0 15140 0 0
1516082090.51 0 36336 0 0
1516082090.61 0 28766 0 0
1516082090.71 0 24224 0 0
1516082090.81 0 30280 0 0
1516082090.91 0 28766 0 0
1516082091.01 0 31794 0 0
1516082091.12 0 36336 0 0
1516082091.21 0 31794 0 0
1516082091.32 0 37850 0 0
1516082091.42 0 36336 0 0
1516082091.51 0 36336 0 0
1516082091.61 0 37850 0 0
1516082091.71 0 40878 0 0
1516082091.81 0 37850 0 0
1516082091.91 0 40878 0 0
1516082092.01 0 40878 0 0
1516082092.11 0 27252 0 0
1516082092.21 0 36336 0 0
1516082092.32 0 33308 0 0
1516082092.42 0 27252 0 0
1516082092.52 0 34822 0 0
1516082092.61 0 34822 0 0
1516082092.71 0 36336 0 0
1516082092.81 0 36336 0 0
1516082092.92 0 39364 0 0
1516082093.02 0 39364 0 42
1516082093.12 0 42392 0 0
1516082093.22 0 40878 0 0
1516082093.32 0 39364 0 0
1516082093.42 0 36336 0 0
1516082093.52 0 19682 0 0
1516082093.62 0 22710 0 0
1516082093.72 0 27252 0 0
1516082093.82 0 30280 0 0
1516082093.92 0 30280 0 0
1516082094.02 0 33308 0 0
1516082094.12 0 30280 0 0
1516082094.22 0 33308 0 0
1516082094.32 0 36336 0 0
1516082094.42 0 34822 0 0
1516082094.52 0 36336 0 0
1516082094.62 0 40878 0 0
1516082094.72 0 39364 0 0
1516082094.82 0 39364 0 0
1516082094.92 0 39364 0 0
1516082095.02 0 39364 0 0
1516082095.12 0 42392 0 0
1516082095.22 0 30280 0 0
1516082095.32 0 19682 0 0
1516082095.42 0 25738 0 0
1516082095.52 0 30280 0 0
1516082095.62 0 28766 0 0
1516082095.72 0 30280 0 0
1516082095.83 0 31794 0 0
1516082095.92 0 33308 0 0
1516082096.02 0 31794 0 0
1516082096.13 0 37850 0 0
1516082096.22 0 33308 0 0
1516082096.32 0 36336 0 0
1516082096.43 0 39364 0 0
1516082096.53 0 39364 0 0
1516082096.62 0 39364 0 0
1516082096.73 0 40878 0 0
1516082096.82 0 37850 0 0
1516082096.92 0 40878 0 0
1516082097.03 0 33308 0 0
1516082097.13 0 34822 0 0
1516082097.22 0 28766 0 0
1516082097.32 0 24224 0 0
1516082097.43 0 33308 0 0
1516082097.53 0 31794 0 0
1516082097.63 0 36336 0 0
1516082097.73 0 34822 0 0
1516082097.83 0 34822 0 0
1516082097.93 0 37850 0 0
1516082098.03 0 37850 0 0
1516082098.13 0 40878 0 0
1516082098.23 0 39364 0 0
1516082098.33 0 40878 0 0
1516082098.43 0 39364 0 0
1516082098.53 0 37850 0 0
1516082098.63 0 36336 0 0
1516082098.73 0 36336 0 0
1516082098.83 0 25738 0 0
1516082098.93 0 10598 0 0
1516082099.03 0 16654 0 0
1516082099.13 0 27252 0 0
1516082099.23 0 27252 0 0
1516082099.33 0 27252 0 0
1516082099.43 0 28766 0 0
1516082099.53 0 31794 0 0
1516082099.63 0 30280 0 0
1516082099.73 0 30280 0 0
1516082099.83 0 36336 0 0
1516082099.93 0 34822 0 0
1516082100.03 0 36336 0 0
1516082100.13 0 39364 0 0
1516082100.23 0 34822 0 0
1516082100.33 0 39364 0 0
1516082100.44 0 42392 0 0
1516082100.53 0 36336 0 0
1516082100.63 0 40878 0 0
1516082100.73 0 36336 0 0
1516082100.83 0 36336 0 0
1516082100.93 0 22710 0 0
1516082101.03 0 30280 0 0
1516082101.13 0 31794 0 0
1516082101.23 0 33308 0 0
1516082101.34 0 33308 0 0
1516082101.44 0 31794 0 0
1516082101.53 0 34822 0 0
1516082101.64 0 37850 0 0
1516082101.73 0 34822 0 0
1516082101.83 0 39364 0 0
1516082101.93 0 39364 0 0
1516082102.04 0 39364 0 0
1516082102.13 0 40878 0 0
1516082102.23 0 37850 0 0
1516082102.34 0 43906 0 0
1516082102.43 0 24224 0 0
1516082102.53 0 28766 0 0
1516082102.63 0 31794 0 0
1516082102.73 0 30280 0 0
1516082102.85 0 39364 0 0
1516082102.93 0 27252 0 0
1516082103.03 0 28766 0 0
1516082103.13 0 36336 0 0
1516082103.23 0 39364 0 0
1516082103.33 0 37850 0 0
1516082103.43 0 40878 0 0
1516082103.53 0 37850 0 0
1516082103.63 0 39364 0 0
1516082103.73 0 36336 0 0
1516082103.83 0 34822 0 0
1516082103.93 0 33308 0 0
1516082104.03 0 31794 0 0
1516082104.13 0 31794 0 0
1516082104.23 0 33308 0 0
1516082104.33 0 36336 0 0
1516082104.43 0 36336 0 0
1516082104.53 0 36336 0 0
1516082104.63 0 40878 0 0
1516082104.73 0 39364 0 0
1516082104.83 0 40878 0 0
1516082104.93 0 36336 0 0
1516082105.03 0 31794 0 0
1516082105.14 0 31794 0 0
1516082105.24 0 31794 0 0
1516082105.33 0 33308 0 0
1516082105.44 0 36336 0 0
1516082105.53 0 34822 0 0
1516082105.64 0 37850 0 0
1516082105.73 0 39364 0 0
1516082105.83 0 37850 0 0
1516082105.96 0 49962 0 0
1516082106.04 0 33308 0 0
1516082106.14 0 30280 0 0
1516082106.24 0 37850 0 0
1516082106.34 0 34822 0 0
1516082106.44 0 34822 0 0
1516082106.54 0 37850 0 0
1516082106.64 0 40878 0 0
1516082106.74 0 36336 0 0
1516082106.84 0 42392 0 0
1516082106.94 0 42392 0 0
1516082107.04 0 42392 0 0
1516082107.14 0 42392 0 0
1516082107.24 0 45420 0 0
1516082107.34 0 48448 0 0
1516082107.44 0 56018 0 0
1516082107.54 0 57532 0 0
1516082107.64 0 63588 0 0
1516082107.74 3028 62074 0 0
1516082107.84 9084 62074 0 0
1516082107.94 4542 62074 0 0
1516082108.04 0 59046 0 0
1516082108.14 0 59046 0 0
1516082108.24 0 60560 0 0
1516082108.34 0 63588 0 0
1516082108.44 1514 62074 0 0
1516082108.54 1514 63588 0 0
1516082108.64 4542 62074 0 0
1516082108.74 7570 62074 0 0
1516082108.84 0 57532 0 0
1516082108.94 0 59046 0 0
1516082109.04 0 60560 0 0
1516082109.14 0 60560 0 0
1516082109.24 0 60560 0 0
1516082109.35 0 63588 0 0
1516082109.45 1514 65102 0 0
1516082109.55 4542 60560 0 0
1516082109.65 4542 62074 0 0
1516082109.75 4542 66616 0 0
1516082109.85 0 54504 0 0
1516082109.95 0 57532 0 0
1516082110.05 0 60560 0 0
1516082110.15 0 60560 0 0
1516082110.25 0 63588 0 0
1516082110.35 0 63588 0 0
1516082110.45 1514 62074 0 0
1516082110.55 3028 62074 0 0
1516082110.65 6056 63588 0 0
1516082110.75 1514 62074 0 0
1516082110.85 0 62074 0 0
1516082110.95 0 60560 0 0
1516082111.05 0 63588 0 0
1516082111.15 1514 63588 0 0
1516082111.25 3028 62074 0 0
1516082111.35 6056 62074 0 0
1516082111.45 0 62074 0 0
1516082111.55 0 60560 0 0
1516082111.65 0 63588 0 0
1516082111.75 1514 62074 0 0
1516082111.85 1514 63588 0 0
1516082111.95 3028 62074 0 0
1516082112.05 6056 63588 0 0
1516082112.15 0 62074 0 0
1516082112.25 0 60560 0 0
1516082112.35 0 60560 0 0
1516082112.45 0 63588 0 0
1516082112.55 0 63588 0 0
1516082112.65 3028 62074 0 0
1516082112.75 4542 62074 0 0
1516082112.85 6056 63588 0 0
1516082112.95 0 57532 0 0
1516082113.05 0 59046 0 0
1516082113.15 0 59046 0 0
1516082113.25 0 62074 0 0
1516082113.35 0 63588 0 0
1516082113.46 0 65102 0 0
1516082113.56 0 65102 0 0
1516082113.65 3028 59046 0 0
1516082113.75 6056 62074 0 0
1516082113.85 1514 62074 0 0
1516082113.95 0 60560 0 0
1516082114.05 0 62074 0 0
1516082114.16 0 65102 0 0
1516082114.26 0 63588 0 0
1516082114.36 3028 62074 0 0
1516082114.46 6056 62074 0 0
1516082114.56 3028 62074 0 0
1516082114.66 0 60560 0 0
1516082114.76 0 59046 0 0
1516082114.86 0 60560 0 0
1516082114.96 0 62074 0 0
1516082115.06 0 65102 0 0
1516082115.16 3028 62074 0 0
1516082115.26 6056 60560 0 0
1516082115.36 1514 63588 0 0
1516082115.46 0 59046 0 0
1516082115.56 0 60560 0 0
1516082115.66 0 63588 0 0
1516082115.76 0 63588 0 0
1516082115.86 1514 62074 0 0
1516082115.96 6056 62074 0 0
1516082116.06 6056 63588 0 0
1516082116.16 0 56018 0 0
1516082116.26 0 59046 0 0
1516082116.36 0 57532 0 0
1516082116.46 0 60560 0 0
1516082116.56 0 63588 0 0
1516082116.66 0 62074 0 0
1516082116.76 1514 63588 0 0
1516082116.86 3028 63588 0 0
1516082116.96 6056 62074 0 0
1516082117.06 1514 62074 0 0
1516082117.16 0 62074 0 0
1516082117.26 0 60560 0 0
1516082117.36 0 63588 0 0
1516082117.46 0 62074 0 0
1516082117.56 3028 62074 0 0
1516082117.66 4542 62074 0 0
1516082117.76 6056 65102 0 0
1516082117.86 0 57532 0 0
1516082117.96 0 57532 0 0
1516082118.06 0 60560 0 0
1516082118.17 0 60560 0 0
1516082118.26 0 59046 0 0
1516082118.36 0 65102 0 0
1516082118.46 1514 62074 0 0
1516082118.56 3028 62074 0 0
1516082118.66 7570 62074 0 0
1516082118.77 0 62074 0 0
1516082118.86 0 56018 0 0
1516082118.96 0 60560 0 0
1516082119.06 0 62074 0 0
1516082119.17 0 65102 0 0
1516082119.27 1514 62074 0 0
1516082119.36 4542 60560 0 0
1516082119.47 4542 63588 0 0
1516082119.57 0 63588 0 0
1516082119.67 0 57532 0 0
1516082119.77 0 62074 0 42
1516082119.86 0 60560 0 0
1516082119.96 0 63588 0 0
1516082120.07 4542 62074 0 0
1516082120.17 6056 62074 0 0
1516082120.27 0 59046 0 0
1516082120.37 0 59046 0 0
1516082120.47 0 60560 0 0
1516082120.57 0 62074 0 0
1516082120.67 0 62074 0 0
1516082120.77 0 63588 0 0
1516082120.87 3028 63588 0 0
1516082120.97 4542 62074 0 0
1516082121.07 4542 62074 0 0
1516082121.17 0 59046 0 0
1516082121.27 0 59046 0 0
1516082121.37 0 59046 0 0
1516082121.47 0 63588 0 0
1516082121.57 0 63588 0 0
1516082121.67 1514 62074 0 0
1516082121.77 4542 62074 0 0
1516082121.87 6056 63588 0 0
1516082121.97 0 60560 0 0
1516082122.07 0 59046 0 0
1516082122.17 0 62074 0 0
1516082122.27 0 62074 0 0
1516082122.37 0 62074 0 0
1516082122.47 0 62074 0 0
1516082122.57 3028 63588 0 0
1516082122.67 3028 63588 0 0
1516082122.77 3028 63588 0 0
1516082122.87 1514 62074 0 0
1516082122.98 1514 63588 0 0
1516082123.07 3028 60560 0 0
1516082123.17 3028 62074 0 0
1516082123.27 0 60560 0 0
1516082123.37 0 63588 0 0
1516082123.47 0 63588 0 0
1516082123.57 3028 63588 0 0
1516082123.67 6056 62074 0 0
1516082123.78 0 59046 0 0
1516082123.87 0 57532 0 0
1516082123.97 0 63588 0 0
1516082124.07 0 60560 0 0
1516082124.17 1514 65102 0 0
1516082124.27 3028 62074 0 0
1516082124.37 6056 62074 0 0
1516082124.48 0 63588 0 0
1516082124.57 0 57532 0 0
1516082124.68 0 63588 0 0
1516082124.78 1514 62074 0 0
1516082124.88 1514 63588 0 42
1516082124.98 6056 62074 0 0
1516082125.08 4542 63588 0 0
1516082125.18 0 60560 0 0
1516082125.28 0 57532 0 0
1516082125.38 0 60560 0 0
1516082125.48 0 60560 0 0
1516082125.58 0 63588 0 0
1516082125.68 1514 62074 0 0
1516082125.78 1514 63588 0 0
1516082125.88 4542 63588 0 0
1516082125.98 9084 60560 0 0
1516082126.08 0 56018 0 0
1516082126.18 0 54504 0 0
1516082126.28 0 59046 0 0
1516082126.38 0 60560 0 0
1516082126.48 0 63588 0 0
1516082126.58 0 60560 0 0
1516082126.68 0 63588 0 0
1516082126.78 0 62074 0 0
1516082126.88 3028 62074 0 0
1516082126.98 6056 62074 0 0
1516082127.08 0 60560 0 0
1516082127.18 0 60560 0 0
1516082127.28 0 62074 0 0
1516082127.38 0 63588 0 0
1516082127.48 0 65102 0 0
1516082127.58 3028 60560 0 0
1516082127.68 4542 62074 0 0
1516082127.78 4542 65102 0 0
1516082127.88 0 60560 0 0
1516082127.98 0 60560 0 0
1516082128.08 0 62074 0 0
1516082128.19 0 62074 0 0
1516082128.29 0 63588 0 0
1516082128.38 1514 62074 0 0
1516082128.48 4542 62074 0 0
1516082128.59 6056 63588 0 0
1516082128.68 0 60560 0 0
1516082128.78 0 56018 0 0
1516082128.89 0 62074 0 0
1516082128.99 0 62074 0 0
1516082129.09 0 63588 0 0
1516082129.18 0 62074 0 0
1516082129.29 3028 62074 0 0
1516082129.39 7570 62074 0 0
1516082129.49 0 59046 0 0
1516082129.59 0 62074 0 0
1516082129.69 0 60560 0 0
1516082129.79 0 57532 0 0
1516082129.89 0 63588 0 0
1516082129.99 1514 62074 0 0
1516082130.09 3028 62074 0 0
1516082130.19 4542 62074 0 0
1516082130.29 1514 63588 0 0
1516082130.39 0 62074 0 0
1516082130.49 1514 62074 0 0
1516082130.59 1514 63588 0 0
1516082130.69 4542 63588 0 0
1516082130.79 3028 62074 0 0
1516082130.89 3028 62074 0 0
1516082130.99 0 62074 0 0
1516082131.09 0 62074 0 0
1516082131.19 0 60560 0 0
1516082131.29 1514 65102 0 0
1516082131.39 3028 62074 0 0
1516082131.49 6056 60560 0 0
1516082131.59 1514 63588 0 0
1516082131.69 0 60560 0 0
1516082131.79 0 63588 0 0
1516082131.89 0 60560 0 0
1516082131.99 0 63588 0 0
1516082132.09 3028 62074 0 0
1516082132.19 6056 63588 0 0
1516082132.29 0 62074 0 0
1516082132.39 0 59046 0 0
1516082132.49 0 60560 0 0
1516082132.59 0 63588 0 0
1516082132.69 1514 65102 0 0
1516082132.79 3028 62074 0 0
1516082132.89 4542 62074 0 0
1516082133.0 7570 66616 0 0
1516082133.09 0 48448 0 0
1516082133.19 0 57532 0 0
1516082133.29 0 57532 0 0
1516082133.39 0 60560 0 0
1516082133.49 0 60560 0 0
1516082133.59 0 60560 0 0
1516082133.69 0 63588 0 0
1516082133.79 3028 60560 0 0
1516082133.89 3028 63588 0 0
1516082134.0 4542 62074 0 0
1516082134.09 0 60560 0 0
1516082134.19 0 57532 0 0
1516082134.3 0 63588 0 0
1516082134.39 0 60560 0 0
1516082134.49 1514 62074 0 0
1516082134.59 3028 62074 0 0
1516082134.7 6056 66616 0 0
1516082134.8 0 60560 0 0
1516082134.89 0 56018 0 0
1516082135.0 0 62074 0 0
1516082135.1 0 62074 0 0
1516082135.2 0 65102 0 0
1516082135.29 1514 60560 0 0
1516082135.4 4542 63588 0 0
1516082135.5 6056 62074 0 0
1516082135.6 0 62074 0 0
1516082135.7 0 54504 0 0
1516082135.8 0 62074 0 0
1516082135.9 0 62074 0 0
1516082136.0 0 63588 0 0
1516082136.1 1514 62074 0 0
1516082136.2 3028 62074 0 0
1516082136.3 4542 62074 0 0
1516082136.4 6056 62074 0 0
1516082136.5 0 63588 0 0
1516082136.6 0 56018 0 0
1516082136.7 0 60560 0 0
1516082136.8 0 62074 0 0
1516082136.9 0 62074 0 0
1516082137.0 0 63588 0 0
1516082137.1 0 63588 0 0
1516082137.21 3028 65102 0 0
1516082137.31 6056 63588 0 0
1516082137.4 3028 59046 0 0
1516082137.51 0 62074 0 0
1516082137.61 0 57532 0 0
1516082137.71 0 63588 0 0
1516082137.81 0 62074 0 0
1516082137.91 1514 63588 0 0
1516082138.01 1514 62074 0 0
1516082138.11 6056 63588 0 0
1516082138.21 4542 60560 0 0
1516082138.31 0 60560 0 0
1516082138.41 0 56018 0 0
1516082138.51 0 60560 0 0
1516082138.61 0 62074 0 0
1516082138.71 0 63588 0 0
1516082138.8 1514 62074 0 0
1516082138.91 4542 63588 0 0
1516082139.01 6056 62074 0 0
1516082139.11 0 62074 0 0
1516082139.21 0 56018 0 0
1516082139.31 0 63588 0 0
1516082139.41 0 60560 0 0
1516082139.51 0 63588 0 0
1516082139.61 0 63588 0 0
1516082139.71 1514 62074 0 0
1516082139.81 4542 62074 0 0
1516082139.91 9084 63588 0 0
1516082140.01 0 62074 0 0
1516082140.11 0 46934 0 0
1516082140.21 0 57532 0 0
1516082140.31 0 60560 0 0
1516082140.41 0 60560 0 0
1516082140.51 0 60560 0 0
1516082140.61 0 63588 0 0
1516082140.71 0 63588 0 0
1516082140.81 1514 62074 0 0
1516082140.91 6056 65102 0 0
1516082141.01 4542 62074 0 0
1516082141.12 0 63588 0 0
1516082141.21 0 56018 0 0
1516082141.32 0 60560 0 0
1516082141.41 0 63588 0 0
1516082141.52 1514 62074 0 0
1516082141.62 1514 63588 0 0
1516082141.71 3028 62074 0 0
1516082141.82 7570 62074 0 0
1516082141.92 0 63588 0 0
1516082142.02 0 57532 0 0
1516082142.12 0 60560 0 0
1516082142.22 0 63588 0 0
1516082142.32 0 60560 0 0
1516082142.42 0 62074 0 0
1516082142.52 1514 62074 0 0
1516082142.62 6056 62074 0 0
1516082142.72 4542 65102 0 0
1516082142.82 0 59046 0 0
1516082142.92 0 60560 0 0
1516082143.02 0 60560 0 0
1516082143.12 0 60560 0 0
1516082143.22 0 63588 0 0
1516082143.32 0 63588 0 0
1516082143.42 3028 63588 0 0
1516082143.52 6056 63588 0 0
1516082143.62 1514 62074 0 0
1516082143.72 0 59046 0 0
1516082143.82 0 63588 0 0
1516082143.92 0 60560 0 0
1516082144.03 0 66616 0 0
1516082144.13 1514 62074 0 0
1516082144.23 4542 63588 0 0
1516082144.33 7570 60560 0 0
1516082144.42 0 57532 0 0
1516082144.52 0 51476 0 0
1516082144.63 0 60560 0 0
1516082144.73 0 60560 0 0
1516082144.83 0 62074 0 0
1516082144.93 0 63588 0 0
1516082145.03 1514 60560 0 0
1516082145.13 3028 63588 0 0
1516082145.23 6056 63588 0 0
1516082145.33 3028 62074 0 0
1516082145.43 0 59046 0 0
1516082145.53 0 62074 0 0
1516082145.63 0 60560 0 0
1516082145.73 0 62074 0 0
1516082145.83 0 62074 0 0
1516082145.93 3028 63588 0 0
1516082146.03 4542 62074 0 0
1516082146.13 4542 63588 0 0
1516082146.23 0 62074 0 0
1516082146.33 0 59046 0 0
1516082146.43 0 62074 0 0
1516082146.53 1514 60560 0 42
1516082146.63 1514 63588 0 0
1516082146.73 3028 60560 0 0
1516082146.83 4542 65102 0 0
1516082146.93 3028 62074 0 0
1516082147.03 1514 62074 0 0
1516082147.13 0 62074 0 0
1516082147.23 0 62074 0 0
1516082147.33 0 63588 0 0
1516082147.43 1514 62074 0 0
1516082147.53 4542 63588 0 0
1516082147.63 6056 62074 0 0
1516082147.73 1514 62074 0 0
1516082147.83 0 59046 0 0
1516082147.93 0 60560 0 0
1516082148.03 0 62074 0 0
1516082148.13 0 62074 0 0
1516082148.23 0 63588 0 0
1516082148.33 1514 62074 0 0
1516082148.43 6056 62074 0 0
1516082148.53 1514 63588 0 0
1516082148.63 0 62074 0 0
1516082148.73 0 62074 0 0
1516082148.83 1514 62074 0 0
1516082148.93 4542 62074 0 0
1516082149.04 4542 66616 0 0
1516082149.14 0 60560 0 0
1516082149.23 0 59046 0 0
1516082149.34 0 63588 0 0
1516082149.43 0 60560 0 0
1516082149.54 0 65102 0 0
1516082149.63 3028 60560 0 0
1516082149.74 4542 66616 0 0
1516082149.84 6056 60560 0 0
1516082149.94 0 59046 0 0
1516082150.04 0 56018 0 0
1516082150.14 0 60560 0 0
1516082150.24 0 60560 0 0
1516082150.34 0 63588 0 0
1516082150.44 1514 63588 0 0
1516082150.54 3028 62074 0 0
1516082150.64 6056 62074 0 0
1516082150.74 3028 63588 0 0
1516082150.84 0 65102 0 0
1516082150.94 0 56018 0 0
1516082151.04 0 63588 0 0
1516082151.14 0 60560 0 0
1516082151.24 0 63588 0 0
1516082151.34 1514 62074 0 0
1516082151.44 4542 63588 0 0
1516082151.54 6056 62074 0 0
1516082151.64 1514 62074 0 0
1516082151.74 0 57532 0 0
1516082151.84 0 57532 0 0
1516082151.94 0 66616 0 0
1516082152.04 1514 59046 0 0
1516082152.14 4542 60560 0 0
1516082152.24 4542 63588 0 0
1516082152.34 0 62074 0 0
1516082152.45 0 62074 0 0
1516082152.54 0 59046 0 0
1516082152.64 0 62074 0 0
1516082152.74 0 65102 0 0
1516082152.84 1514 62074 0 0
1516082152.94 4542 63588 0 0
1516082153.05 6056 62074 0 0
1516082153.15 1514 62074 0 0
1516082153.25 0 59046 0 0
1516082153.34 0 56018 0 0
1516082153.45 0 63588 0 0
1516082153.55 0 62074 0 0
1516082153.65 3028 62074 0 0
1516082153.75 4542 62074 0 0
1516082153.85 4542 63588 0 0
1516082153.95 0 62074 0 0
1516082154.05 0 59046 0 0
1516082154.15 0 59046 0 0
1516082154.25 0 62074 0 0
1516082154.35 0 63588 0 0
1516082154.45 0 63588 0 0
1516082154.55 3028 63588 0 0
1516082154.65 6056 60560 0 0
1516082154.75 0 63588 0 0
1516082154.85 0 60560 0 0
1516082154.96 0 66616 0 0
1516082155.05 0 56018 0 0
1516082155.15 0 63588 0 0
1516082155.24 3028 60560 0 0
1516082155.35 4542 63588 0 0
1516082155.45 6056 62074 0 0
1516082155.54 3028 62074 0 0
1516082155.64 0 52990 0 0
1516082155.74 0 56018 0 0
1516082155.84 0 60560 0 0
1516082155.95 0 62074 0 0
1516082156.05 0 62074 0 0
1516082156.15 0 66616 0 0
1516082156.25 1514 59046 0 0
1516082156.35 1514 63588 0 0
1516082156.45 6056 62074 0 0
1516082156.55 7570 65102 0 0
1516082156.64 4542 57532 0 0
1516082156.75 0 49962 0 0
1516082156.85 0 57532 0 0
1516082156.95 0 54504 0 0
1516082157.05 0 60560 0 0
1516082157.15 0 57532 0 0
1516082157.25 0 63588 0 0
1516082157.35 0 62074 0 0
1516082157.45 0 62074 0 0
1516082157.56 0 66616 0 0
1516082157.65 1514 59046 0 0
1516082157.75 7570 60560 0 0
1516082157.85 7570 65102 0 0
1516082157.95 0 60560 0 0
1516082158.05 0 45420 0 0
1516082158.15 0 57532 0 0
1516082158.25 0 62074 0 0
1516082158.35 0 56018 0 0
1516082158.45 0 63588 0 0
1516082158.55 0 62074 0 0
1516082158.66 0 62074 0 0
1516082158.75 1514 62074 0 0
1516082158.85 3028 63588 0 0
1516082158.95 7570 62074 0 0
1516082159.05 7570 63588 0 0
1516082159.15 0 54504 0 0
1516082159.25 0 49962 0 0
1516082159.35 0 54504 0 0
1516082159.45 0 59046 0 0
1516082159.55 0 57532 0 0
1516082159.66 0 63588 0 0
1516082159.75 0 60560 0 0
1516082159.85 0 60560 0 0
1516082159.95 0 63588 0 0
1516082160.05 1514 62074 0 0
1516082160.16 4542 66616 0 0
1516082160.25 7570 59046 0 0
1516082160.36 7570 63588 0 0
1516082160.45 0 51476 0 0
1516082160.55 0 42392 0 0
1516082160.65 0 57532 0 0
1516082160.75 0 57532 0 0
1516082160.85 0 59046 0 0
1516082160.95 0 59046 0 0
1516082161.05 0 60560 0 0
1516082161.15 0 60560 0 0
1516082161.25 0 63588 0 0
1516082161.36 0 63588 0 0
1516082161.45 3028 62074 0 0
1516082161.55 6056 63588 0 0
1516082161.66 0 65102 0 0
1516082161.75 0 57532 0 0
1516082161.85 0 59046 0 0
1516082161.96 0 62074 0 0
1516082162.06 0 63588 0 0
1516082162.16 3028 62074 0 0
1516082162.26 4542 63588 0 0
1516082162.36 6056 63588 0 0
1516082162.46 4542 60560 0 0
1516082162.56 0 51476 0 0
1516082162.66 0 56018 0 0
1516082162.75 0 57532 0 0
1516082162.85 0 59046 0 0
1516082162.96 0 62074 0 0
1516082163.05 0 62074 0 0
1516082163.16 0 63588 0 0
1516082163.26 1514 62074 0 0
1516082163.36 1514 63588 0 0
1516082163.46 6056 62074 0 0
1516082163.56 7570 63588 0 0
1516082163.66 1514 63588 0 0
1516082163.76 0 48448 0 0
1516082163.86 0 56018 0 42
1516082163.96 0 59046 0 0
1516082164.06 0 60560 0 0
1516082164.16 0 60560 0 0
1516082164.26 0 63588 0 0
1516082164.36 0 63588 0 0
1516082164.46 1514 62074 0 0
1516082164.56 4542 63588 0 0
1516082164.66 9084 62074 0 0
1516082164.76 0 54504 0 0
1516082164.86 0 56018 0 0
1516082164.96 0 57532 0 0
1516082165.06 0 60560 0 0
1516082165.16 0 62074 0 0
1516082165.26 0 60560 0 0
1516082165.36 0 63588 0 0
1516082165.46 0 63588 0 0
1516082165.56 3028 62074 0 0
1516082165.66 6056 63588 0 0
1516082165.76 3028 63588 0 0
1516082165.86 0 54504 0 0
1516082165.97 0 60560 0 0
1516082166.06 0 60560 0 0
1516082166.16 0 62074 0 0
1516082166.26 0 62074 0 0
1516082166.36 1514 65102 0 0
1516082166.46 3028 62074 0 0
1516082166.56 7570 62074 0 0
1516082166.66 0 57532 0 0
1516082166.76 0 60560 0 0
1516082166.86 0 60560 0 0
1516082166.96 0 60560 0 0
1516082167.06 0 63588 0 0
1516082167.16 1514 62074 0 0
1516082167.26 3028 62074 0 0
1516082167.36 6056 63588 0 0
1516082167.46 0 63588 0 0
1516082167.57 1514 62074 0 0
1516082167.66 0 59046 0 0
1516082167.76 0 63588 0 0
1516082167.87 1514 62074 0 0
1516082167.97 3028 63588 0 0
1516082168.06 6056 62074 0 0
1516082168.17 0 62074 0 0
1516082168.27 0 60560 0 0
1516082168.37 0 60560 0 0
1516082168.47 0 63588 0 0
1516082168.57 0 63588 0 0
1516082168.67 4542 62074 0 0
1516082168.76 4542 62074 0 0
1516082168.87 0 62074 0 0
1516082168.97 0 60560 0 0
1516082169.07 0 63588 0 0
1516082169.17 0 60560 0 0
1516082169.27 1514 65102 0 0
1516082169.37 3028 62074 0 0
1516082169.47 7570 62074 0 0
1516082169.57 1514 63588 0 0
1516082169.67 0 54504 0 0
1516082169.77 0 57532 0 0
1516082169.87 0 63588 0 0
1516082169.97 0 63588 0 0
1516082170.07 1514 62074 0 0
1516082170.17 3028 62074 0 0
1516082170.27 6056 63588 0 0
1516082170.37 3028 60560 0 0
1516082170.47 0 63588 0 0
1516082170.57 0 60560 0 0
1516082170.67 0 60560 0 0
1516082170.77 0 63588 0 0
1516082170.87 0 63588 0 0
1516082170.97 1514 62074 0 0
1516082171.07 4542 63588 0 0
1516082171.17 7570 62074 0 0
1516082171.27 0 54504 0 0
1516082171.37 0 59046 0 0
1516082171.47 0 59046 0 0
1516082171.57 0 60560 0 0
1516082171.67 0 62074 0 0
1516082171.77 1514 63588 0 0
1516082171.87 1514 63588 0 0
1516082171.97 3028 62074 0 0
1516082172.07 6056 62074 0 0
1516082172.17 7570 63588 0 0
1516082172.27 0 54504 0 0
1516082172.37 0 52990 0 0
1516082172.48 0 59046 0 0
1516082172.57 0 59046 0 0
1516082172.67 0 59046 0 0
1516082172.77 0 62074 0 0
1516082172.88 0 63588 0 0
1516082172.97 0 40878 0 0
1516082173.07 0 31794 0 0
1516082173.17 0 33308 0 0
1516082173.27 0 34822 0 42
1516082173.37 0 34822 0 0
1516082173.48 0 37850 0 0
1516082173.57 0 37850 0 0
1516082173.67 0 37850 0 0
1516082173.77 0 39364 0 0
1516082173.87 0 40878 0 0
1516082173.97 0 42392 0 0
1516082174.08 0 43906 0 0
1516082174.18 0 42392 0 0
1516082174.28 0 45420 0 0
1516082174.38 0 45420 0 0
1516082174.48 0 45420 0 0
1516082174.58 0 48448 0 0
1516082174.68 0 46934 0 0
1516082174.78 0 48448 0 0
1516082174.88 0 48448 0 0
1516082174.98 0 51476 0 0
1516082175.08 0 49962 0 0
1516082175.18 0 49962 0 0
1516082175.28 0 49962 0 0
1516082175.38 0 54504 0 0
1516082175.48 0 49962 0 0
1516082175.58 0 52990 0 0
1516082175.68 0 52990 0 0
1516082175.78 0 51476 0 0
1516082175.88 0 52990 0 0
1516082175.98 0 54504 0 0
1516082176.08 0 54504 0 0
1516082176.18 0 54504 0 0
1516082176.28 0 27252 0 0
1516082176.38 0 0 0 0
1516082176.48 0 0 0 0
1516082176.58 0 0 0 0
1516082176.68 0 0 0 0
1516082176.78 0 0 0 0
1516082176.88 0 0 0 0
1516082176.98 0 0 0 0
1516082177.08 0 0 0 0
1516082177.18 0 0 0 0
1516082177.28 0 0 0 0
1516082177.38 0 0 0 0
1516082177.48 0 0 0 0
1516082177.58 0 0 0 0
1516082177.68 0 0 0 0
1516082177.78 0 0 0 0
1516082177.88 0 0 0 0
1516082177.98 0 0 0 0
1516082178.08 0 0 0 0
1516082178.18 0 0 0 0
1516082178.28 0 0 0 0
1516082178.38 0 0 0 0
1516082178.48 0 0 0 0
1516082178.58 0 0 0 0
1516082178.68 0 0 0 0
1516082178.78 0 0 0 0
1516082178.88 0 0 0 0
1516082178.98 0 0 0 0
1516082179.08 0 0 0 0
1516082179.18 0 0 0 0
1516082179.28 0 0 0 0
1516082179.38 0 0 0 0
1516082179.48 0 0 0 0
1516082179.58 0 0 0 0
1516082179.68 0 0 0 0
1516082179.78 0 0 0 0
1516082179.88 0 0 0 0
1516082179.99 0 0 0 0
1516082180.08 0 0 0 0
1516082180.18 0 0 0 0
1516082180.29 0 0 0 0
1516082180.39 0 0 0 0
1516082180.49 0 0 0 0
1516082180.59 0 0 0 0
1516082180.69 0 0 0 0
1516082180.79 0 0 0 0
1516082180.89 0 0 0 0
1516082180.99 0 0 0 0
1516082181.09 0 0 0 0
1516082181.19 0 0 0 0
1516082181.29 0 0 0 0
1516082181.39 0 0 0 0
1516082181.49 0 0 0 0
1516082181.59 0 0 0 0
1516082181.69 0 0 0 0
1516082181.79 0 0 0 0
1516082181.89 0 0 0 0
1516082181.99 0 0 0 0
1516082182.09 0 0 0 0
1516082182.19 0 0 0 0
1516082182.29 0 0 0 0
1516082182.39 0 0 0 0
1516082182.49 0 0 0 0
1516082182.59 0 0 0 0
1516082182.69 0 0 0 0
1516082182.79 0 0 0 0
1516082182.89 0 0 0 0
1516082182.99 0 0 0 0
1516082183.09 0 0 0 0
1516082183.19 0 0 0 0
1516082183.29 0 0 0 0
1516082183.39 0 0 0 0
1516082183.49 0 0 0 0
1516082183.59 0 0 0 0
1516082183.69 0 0 0 0
1516082183.79 0 0 0 0
1516082183.89 0 0 0 0
1516082183.99 0 0 0 0
1516082184.09 0 0 0 0
1516082184.19 0 0 0 0
1516082184.29 0 0 0 0
1516082184.39 0 0 0 0
1516082184.49 0 0 0 0
1516082184.59 0 0 0 0
1516082184.69 0 0 0 0
1516082184.79 0 0 0 0
1516082184.89 0 0 0 0
1516082184.99 0 0 0 0
1516082185.1 0 0 0 0
1516082185.2 0 0 0 0
1516082185.3 0 0 0 0
1516082185.4 0 0 0 0
1516082185.5 0 0 0 0
1516082185.6 0 0 0 0
1516082185.7 0 0 0 0
1516082185.79 0 0 0 42
1516082185.9 0 0 0 0
1516082186.0 0 0 0 0
1516082186.1 0 0 0 0
1516082186.2 0 0 0 0
1516082186.3 0 0 0 0
