1512187246.45 0 0
1512187246.55 0 0
1512187246.65 0 0
1512187246.75 0 0
1512187246.85 0 0
1512187246.95 0 0
1512187247.05 0 0
1512187247.16 0 0
1512187247.25 0 0
1512187247.35 0 0
1512187247.47 0 0
1512187247.55 0 0
1512187247.65 0 0
1512187247.75 0 0
1512187247.85 0 0
1512187247.95 0 0
1512187248.05 0 0
1512187248.15 0 0
1512187248.25 0 0
1512187248.35 0 0
1512187248.46 0 0
1512187248.56 0 0
1512187248.66 0 0
1512187248.76 0 0
1512187248.86 0 0
1512187248.96 0 0
1512187249.06 0 0
1512187249.16 0 0
1512187249.26 0 0
1512187249.36 0 0
1512187249.46 0 0
1512187249.56 0 0
1512187249.66 0 0
1512187249.76 0 0
1512187249.86 0 0
1512187249.96 0 0
1512187250.06 0 0
1512187250.16 0 0
1512187250.26 0 0
1512187250.36 0 0
1512187250.46 0 0
1512187250.56 0 0
1512187250.66 0 0
1512187250.76 0 0
1512187250.86 0 0
1512187250.96 0 0
1512187251.07 0 0
1512187251.16 0 0
1512187251.26 0 0
1512187251.36 0 0
1512187251.46 0 0
1512187251.56 0 0
1512187251.66 0 0
1512187251.76 0 0
1512187251.86 0 0
1512187251.96 0 0
1512187252.07 0 0
1512187252.17 0 0
1512187252.27 0 0
1512187252.36 0 0
1512187252.46 0 0
1512187252.57 0 0
1512187252.67 0 0
1512187252.77 0 0
1512187252.87 0 0
1512187252.97 0 0
1512187253.07 0 0
1512187253.17 0 0
1512187253.27 0 0
1512187253.37 0 0
1512187253.47 0 0
1512187253.57 0 0
1512187253.67 0 0
1512187253.77 0 0
1512187253.87 0 0
1512187253.97 0 0
1512187254.07 0 0
1512187254.17 0 0
1512187254.27 0 0
1512187254.37 0 0
1512187254.47 0 0
1512187254.57 0 0
1512187254.67 0 0
1512187254.77 0 0
1512187254.87 0 0
1512187254.97 0 0
1512187255.07 0 0
1512187255.17 0 0
1512187255.27 0 0
1512187255.37 0 0
1512187255.47 0 0
1512187255.57 0 0
1512187255.67 0 0
1512187255.77 0 0
1512187255.87 0 0
1512187255.97 0 0
1512187256.07 0 0
1512187256.17 0 0
1512187256.28 0 0
1512187256.37 0 0
1512187256.48 0 0
1512187256.58 0 0
1512187256.68 0 0
1512187256.78 0 0
1512187256.88 0 0
1512187256.98 0 0
1512187257.08 0 0
1512187257.18 0 0
1512187257.28 0 0
1512187257.39 0 0
1512187257.49 0 0
1512187257.59 0 0
1512187257.69 0 0
1512187257.79 0 0
1512187257.89 0 0
1512187257.99 0 0
1512187258.09 0 0
1512187258.19 0 0
1512187258.29 0 0
1512187258.39 0 0
1512187258.49 0 0
1512187258.59 0 0
1512187258.69 0 0
1512187258.79 0 0
1512187258.89 0 0
1512187258.99 0 0
1512187259.09 0 0
1512187259.19 0 0
1512187259.29 0 0
1512187259.39 0 0
1512187259.49 0 0
1512187259.59 0 0
1512187259.69 0 0
1512187259.79 0 0
1512187259.89 0 0
1512187259.99 0 0
1512187260.09 0 0
1512187260.19 0 0
1512187260.29 0 0
1512187260.39 0 0
1512187260.49 0 0
1512187260.59 0 0
1512187260.69 0 0
1512187260.79 0 0
1512187260.89 0 0
1512187260.99 0 0
1512187261.09 0 0
1512187261.19 0 0
1512187261.29 0 0
1512187261.4 0 0
1512187261.5 0 0
1512187261.59 0 0
1512187261.7 0 0
1512187261.79 0 0
1512187261.9 0 0
1512187262.0 0 0
1512187262.1 0 0
1512187262.2 0 0
1512187262.3 0 0
1512187262.4 0 0
1512187262.5 0 0
1512187262.61 0 0
1512187262.74 0 0
1512187262.84 0 0
1512187262.95 0 0
1512187263.05 0 0
1512187263.15 0 0
1512187263.25 0 0
1512187263.35 0 0
1512187263.45 0 0
1512187263.55 0 0
1512187263.66 0 0
1512187263.76 0 0
1512187263.86 0 0
1512187263.96 0 0
1512187264.07 0 0
1512187264.17 0 0
1512187264.27 0 0
1512187264.37 0 0
1512187264.47 0 0
1512187264.57 0 0
1512187264.68 0 0
1512187264.78 0 0
1512187264.88 0 0
1512187264.98 0 0
1512187265.08 0 0
1512187265.18 0 0
1512187265.29 0 0
1512187265.39 0 0
1512187265.49 0 0
1512187265.58 0 0
1512187265.68 0 0
1512187265.79 0 0
1512187265.89 0 0
1512187265.99 0 0
1512187266.09 0 0
1512187266.18 0 0
1512187266.28 0 0
1512187266.39 0 0
1512187266.49 0 0
1512187266.59 0 0
1512187266.68 0 0
1512187266.79 0 0
1512187266.89 0 0
1512187266.99 0 0
1512187267.09 0 0
1512187267.19 0 0
1512187267.29 0 0
1512187267.39 0 0
1512187267.49 0 0
1512187267.59 0 0
1512187267.69 0 0
1512187267.79 0 0
1512187267.89 0 0
1512187267.99 0 0
1512187268.09 0 0
1512187268.19 0 0
1512187268.29 0 0
1512187268.39 0 0
1512187268.49 0 0
1512187268.59 0 0
1512187268.69 0 0
1512187268.79 0 0
1512187268.89 0 0
1512187268.99 0 0
1512187269.09 0 0
1512187269.19 0 0
1512187269.29 0 0
1512187269.39 0 0
1512187269.49 0 0
1512187269.59 0 0
1512187269.69 0 0
1512187269.79 0 0
1512187269.89 0 0
1512187269.99 0 0
1512187270.09 0 0
1512187270.19 0 0
1512187270.29 0 0
1512187270.39 0 0
1512187270.49 0 0
1512187270.59 0 0
1512187270.69 0 0
1512187270.8 0 0
1512187270.91 0 0
1512187271.0 0 0
1512187271.1 0 0
1512187271.2 0 0
1512187271.3 0 0
1512187271.4 0 0
1512187271.5 0 0
1512187271.6 0 0
1512187271.7 0 0
1512187271.8 0 0
1512187271.9 0 0
1512187272.0 0 0
1512187272.1 0 0
1512187272.2 0 0
1512187272.3 0 0
1512187272.4 0 0
1512187272.5 0 0
1512187272.6 0 0
1512187272.7 0 0
1512187272.8 0 0
1512187272.9 0 0
1512187273.0 0 0
1512187273.1 0 0
1512187273.2 0 0
1512187273.3 0 0
1512187273.4 0 0
1512187273.5 0 0
1512187273.6 0 0
1512187273.7 0 0
1512187273.8 0 0
1512187273.9 0 0
1512187274.0 0 0
1512187274.1 0 0
1512187274.2 0 0
1512187274.3 0 0
1512187274.4 0 0
1512187274.5 0 0
1512187274.6 0 0
1512187274.7 0 0
1512187274.81 0 0
1512187274.9 0 0
1512187275.0 0 0
1512187275.1 0 0
1512187275.21 0 0
1512187275.31 0 0
1512187275.41 0 0
1512187275.51 0 0
1512187275.61 0 0
1512187275.71 0 0
1512187275.81 0 0
1512187275.92 0 0
1512187276.02 0 0
1512187276.11 0 0
1512187276.21 0 0
1512187276.32 0 0
1512187276.41 0 0
1512187276.51 0 0
1512187276.61 0 0
1512187276.71 0 0
1512187276.81 0 0
1512187276.91 0 0
1512187277.01 0 0
1512187277.11 0 0
1512187277.21 0 0
1512187277.32 0 0
1512187277.41 0 0
1512187277.51 0 0
1512187277.61 0 0
1512187277.71 0 0
1512187277.81 0 0
1512187277.91 0 0
1512187278.02 0 0
1512187278.12 0 0
1512187278.22 0 0
1512187278.32 0 0
1512187278.42 0 0
1512187278.52 0 0
1512187278.62 0 0
1512187278.72 0 0
1512187278.82 0 0
1512187278.92 0 0
1512187279.02 0 0
1512187279.12 0 0
1512187279.22 0 0
1512187279.32 0 0
1512187279.42 0 0
1512187279.52 0 0
1512187279.62 0 0
1512187279.72 0 0
1512187279.82 0 0
1512187279.92 0 0
1512187280.02 0 0
1512187280.12 0 0
1512187280.22 0 0
1512187280.32 0 0
1512187280.42 0 0
1512187280.52 0 0
1512187280.62 0 0
1512187280.72 0 0
1512187280.82 0 0
1512187280.92 0 0
1512187281.03 0 0
1512187281.13 0 0
1512187281.23 0 0
1512187281.33 0 0
1512187281.43 0 0
1512187281.53 0 0
1512187281.63 0 0
1512187281.73 0 0
1512187281.83 0 0
1512187281.94 0 0
1512187282.04 0 0
1512187282.14 0 0
1512187282.24 0 0
1512187282.34 0 0
1512187282.44 0 0
1512187282.54 0 0
1512187282.64 0 0
1512187282.74 0 0
1512187282.84 0 0
1512187282.94 0 0
1512187283.04 0 0
1512187283.14 0 0
1512187283.24 0 0
1512187283.34 0 0
1512187283.44 0 0
1512187283.54 0 0
1512187283.64 0 0
1512187283.74 0 0
1512187283.84 0 0
1512187283.94 0 0
1512187284.04 0 0
1512187284.16 0 0
1512187284.26 0 0
1512187284.36 0 0
1512187284.46 0 0
1512187284.56 0 0
1512187284.66 0 0
1512187284.78 0 0
1512187284.9 0 0
1512187285.0 0 0
1512187285.1 0 0
1512187285.2 0 0
1512187285.3 0 0
1512187285.4 0 0
1512187285.5 0 0
1512187285.6 0 0
1512187285.72 0 0
1512187285.85 0 0
1512187285.95 0 0
1512187286.05 0 0
1512187286.15 0 0
1512187286.25 0 0
1512187286.35 0 0
1512187286.45 0 0
1512187286.57 0 0
1512187286.7 0 0
1512187286.8 0 0
1512187286.9 0 0
1512187287.0 0 0
1512187287.1 0 0
1512187287.2 0 0
1512187287.3 0 0
1512187287.4 0 0
1512187287.52 0 0
1512187287.64 0 0
1512187287.74 0 0
1512187287.84 0 0
1512187287.93 0 0
1512187288.04 0 0
1512187288.14 0 0
1512187288.24 0 0
1512187288.34 0 0
1512187288.45 0 0
1512187288.58 0 0
1512187288.68 0 0
1512187288.78 0 0
1512187288.88 0 0
1512187288.98 0 0
1512187289.08 0 0
1512187289.18 0 0
1512187289.28 0 0
1512187289.38 0 0
1512187289.48 0 0
1512187289.58 0 0
1512187289.68 0 0
1512187289.81 0 0
1512187289.94 0 0
1512187290.03 0 0
1512187290.13 0 0
1512187290.23 0 0
1512187290.33 0 0
1512187290.45 0 0
1512187290.57 0 0
1512187290.67 0 0
1512187290.78 0 0
1512187290.87 0 0
1512187291.0 0 0
1512187291.12 0 0
1512187291.22 0 0
1512187291.31 0 0
1512187291.42 0 0
1512187291.52 0 0
1512187291.62 0 0
1512187291.74 0 0
1512187291.85 0 0
1512187291.95 0 0
1512187292.05 0 0
1512187292.16 0 0
1512187292.26 0 0
1512187292.36 0 0
1512187292.49 0 0
1512187292.6 0 0
1512187292.7 0 0
1512187292.8 0 0
1512187292.9 0 0
1512187293.0 0 0
1512187293.1 0 0
1512187293.22 0 0
1512187293.34 0 0
1512187293.44 0 0
1512187293.54 0 0
1512187293.64 0 0
1512187293.74 0 0
1512187293.84 0 0
1512187293.94 0 0
1512187294.04 0 0
1512187294.16 0 0
1512187294.26 0 0
1512187294.36 0 0
1512187294.46 0 0
1512187294.56 0 0
1512187294.66 0 0
1512187294.76 0 0
1512187294.86 0 0
1512187294.96 0 0
1512187295.06 0 0
1512187295.18 0 0
1512187295.31 0 0
1512187295.41 0 0
1512187295.51 0 0
1512187295.61 0 0
1512187295.71 0 0
1512187295.81 0 0
1512187295.91 0 0
1512187296.01 0 0
1512187296.13 0 0
1512187296.23 0 0
1512187296.33 0 0
1512187296.43 0 0
1512187296.53 0 0
1512187296.63 0 0
1512187296.75 0 0
1512187296.89 0 0
1512187296.99 0 0
1512187297.09 0 0
1512187297.19 0 0
1512187297.28 0 0
1512187297.38 0 0
1512187297.49 0 0
1512187297.58 0 0
1512187297.69 0 0
1512187297.79 0 0
1512187297.88 0 0
1512187297.99 0 0
1512187298.09 0 0
1512187298.19 0 0
1512187298.29 0 0
1512187298.39 0 1514
1512187298.49 0 0
1512187298.59 0 0
1512187298.69 0 57532
1512187298.79 0 59046
1512187298.89 0 62074
1512187298.99 0 62074
1512187299.09 0 59046
1512187299.19 0 62074
1512187299.29 0 60560
1512187299.39 0 62074
1512187299.49 0 60560
1512187299.59 0 60560
1512187299.69 0 59046
1512187299.79 0 62074
1512187299.89 0 62074
1512187300.0 0 62074
1512187300.09 0 59046
1512187300.2 0 62074
1512187300.31 0 69644
1512187300.4 0 54504
1512187300.5 0 60560
1512187300.6 0 62074
1512187300.71 0 63588
1512187300.81 0 59046
1512187300.91 0 65102
1512187301.01 0 60560
1512187301.11 0 62074
1512187301.22 0 62074
1512187301.32 0 62074
1512187301.42 0 59046
1512187301.51 0 60560
1512187301.61 0 59046
1512187301.71 0 62074
1512187301.81 0 60560
1512187301.91 0 60560
1512187302.01 0 62074
1512187302.11 0 60560
1512187302.21 0 59046
1512187302.31 0 62074
1512187302.42 0 60560
1512187302.51 0 60560
1512187302.61 0 60560
1512187302.71 0 60560
1512187302.82 0 62074
1512187302.92 0 62074
1512187303.02 0 60560
1512187303.12 0 60560
1512187303.22 0 57532
1512187303.32 0 63588
1512187303.42 0 59046
1512187303.52 0 63588
1512187303.62 0 60560
1512187303.72 0 59046
1512187303.82 0 62074
1512187303.92 0 60560
1512187304.02 0 62074
1512187304.12 0 59046
1512187304.22 0 62074
1512187304.32 0 59046
1512187304.43 0 68130
1512187304.52 0 56018
1512187304.62 0 57532
1512187304.72 0 62074
1512187304.82 0 63588
1512187304.92 0 59046
1512187305.02 0 60560
1512187305.12 0 60560
1512187305.22 0 60560
1512187305.32 0 60560
1512187305.42 0 60560
1512187305.52 0 60560
1512187305.62 0 62074
1512187305.72 0 60560
1512187305.82 0 62074
1512187305.92 0 60560
1512187306.02 0 60560
1512187306.12 0 60560
1512187306.22 0 60560
1512187306.32 0 60560
1512187306.42 0 60560
1512187306.52 0 62074
1512187306.62 0 60560
1512187306.72 0 59046
1512187306.82 0 62074
1512187306.92 0 62074
1512187307.02 0 59046
1512187307.13 0 62074
1512187307.22 0 60560
1512187307.33 0 62074
1512187307.43 0 65102
1512187307.53 0 57532
1512187307.63 0 60560
1512187307.73 0 63588
1512187307.84 0 63588
1512187307.93 0 57532
1512187308.04 0 60560
1512187308.14 0 63588
1512187308.24 0 60560
1512187308.35 0 65102
1512187308.44 0 59046
1512187308.55 0 62074
1512187308.64 0 59046
1512187308.74 0 60560
1512187308.84 0 62074
1512187308.94 0 60560
1512187309.04 0 60560
1512187309.14 0 62074
1512187309.24 0 59046
1512187309.34 0 62074
1512187309.44 0 59046
1512187309.54 0 62074
1512187309.64 0 60560
1512187309.74 0 62074
1512187309.84 0 59046
1512187309.95 0 62074
1512187310.05 0 62074
1512187310.14 0 57532
1512187310.25 0 63588
1512187310.35 0 60560
1512187310.45 0 60560
1512187310.54 0 60560
1512187310.65 0 62074
1512187310.75 0 60560
1512187310.85 0 60560
1512187310.95 0 62074
1512187311.05 0 60560
1512187311.15 0 62074
1512187311.25 0 63588
1512187311.35 0 60560
1512187311.45 0 60560
1512187311.56 0 62074
1512187311.66 0 65102
1512187311.76 0 56018
1512187311.86 0 59046
1512187311.97 0 68130
1512187312.06 0 59046
1512187312.17 0 65102
1512187312.26 0 56018
1512187312.37 0 60560
1512187312.46 0 60560
1512187312.56 0 59046
1512187312.66 0 63588
1512187312.76 0 60560
1512187312.86 0 60560
1512187312.97 0 62074
1512187313.06 0 59046
1512187313.17 0 62074
1512187313.26 0 60560
1512187313.36 0 60560
1512187313.47 0 60560
1512187313.57 0 60560
1512187313.67 0 62074
1512187313.77 0 60560
1512187313.87 0 62074
1512187313.97 0 59046
1512187314.06 0 60560
1512187314.17 0 62074
1512187314.27 0 60560
1512187314.37 0 60560
1512187314.47 0 60560
1512187314.57 0 56018
1512187314.67 0 62074
1512187314.77 0 63588
1512187314.87 0 60560
1512187314.97 0 62074
1512187315.07 0 59046
1512187315.17 0 57532
1512187315.28 0 69644
1512187315.37 0 59046
1512187315.47 0 57532
1512187315.58 0 62074
1512187315.68 0 63588
1512187315.78 0 62074
1512187315.88 0 62074
1512187315.98 0 62074
1512187316.09 0 62074
1512187316.19 0 57532
1512187316.28 0 60560
1512187316.38 0 52990
1512187316.48 0 34822
1512187316.58 0 34822
1512187316.69 0 59046
1512187316.78 0 57532
1512187316.88 0 0
1512187316.98 0 1514
1512187317.08 0 25738
1512187317.18 0 30280
1512187317.29 0 10598
1512187317.38 0 10598
1512187317.49 0 18168
1512187317.58 0 15140
1512187317.68 0 12112
1512187317.79 0 15140
1512187317.89 0 19682
1512187317.98 0 18168
1512187318.09 0 19682
1512187318.19 0 21196
1512187318.29 0 24224
1512187318.39 0 24224
1512187318.49 0 27252
1512187318.59 0 28766
1512187318.69 0 28766
1512187318.79 0 30280
1512187318.89 0 30280
1512187318.99 0 30280
1512187319.09 0 25738
1512187319.19 0 27252
1512187319.29 0 30280
1512187319.4 0 31794
1512187319.49 0 27252
1512187319.59 0 28766
1512187319.69 0 31794
1512187319.79 0 30280
1512187319.89 0 27252
1512187319.99 0 28766
1512187320.09 0 30280
1512187320.19 0 30280
1512187320.29 0 31794
1512187320.39 0 30280
1512187320.49 0 33308
1512187320.59 0 27252
1512187320.69 0 30280
1512187320.79 0 30280
1512187320.89 0 31794
1512187320.99 0 30280
1512187321.09 0 31794
1512187321.19 0 27252
1512187321.29 0 27252
1512187321.39 0 28766
1512187321.49 0 31794
1512187321.59 0 31794
1512187321.69 0 31794
1512187321.79 0 30280
1512187321.89 0 31794
1512187321.99 0 27252
1512187322.09 0 28766
1512187322.19 0 31794
1512187322.29 0 30280
1512187322.39 0 31794
1512187322.49 0 30280
1512187322.59 0 33308
1512187322.7 0 25738
1512187322.8 0 28766
1512187322.9 0 28766
1512187323.0 0 31794
1512187323.1 0 31794
1512187323.21 0 31794
1512187323.31 0 31794
1512187323.4 0 30280
1512187323.51 0 28766
1512187323.61 0 27252
1512187323.71 0 31794
1512187323.81 0 31794
1512187323.91 0 31794
1512187324.01 0 30280
1512187324.11 0 33308
1512187324.21 0 25738
1512187324.31 0 25738
1512187324.41 0 27252
1512187324.51 0 30280
1512187324.61 0 31794
1512187324.71 0 31794
1512187324.81 0 31794
1512187324.91 0 30280
1512187325.01 0 31794
1512187325.11 0 28766
1512187325.21 0 30280
1512187325.31 0 30280
1512187325.41 0 31794
1512187325.51 0 31794
1512187325.61 0 31794
1512187325.71 0 31794
1512187325.81 0 31794
1512187325.91 0 28766
1512187326.01 0 28766
1512187326.11 0 30280
1512187326.21 0 31794
1512187326.31 0 31794
1512187326.41 0 30280
1512187326.51 0 31794
1512187326.61 0 31794
1512187326.71 0 28766
1512187326.81 0 30280
1512187326.92 0 31794
1512187327.02 0 31794
1512187327.12 0 30280
1512187327.21 0 31794
1512187327.32 0 34822
1512187327.42 0 28766
1512187327.52 0 30280
1512187327.62 0 28766
1512187327.72 0 31794
1512187327.82 0 31794
1512187327.91 0 31794
1512187328.02 0 31794
1512187328.12 0 27252
1512187328.22 0 28766
1512187328.32 0 28766
1512187328.42 0 31794
1512187328.52 0 31794
1512187328.62 0 28766
1512187328.72 0 33308
1512187328.82 0 30280
1512187328.92 0 28766
1512187329.02 0 31794
1512187329.12 0 31794
1512187329.22 0 31794
1512187329.32 0 30280
1512187329.42 0 30280
1512187329.52 0 28766
1512187329.62 0 28766
1512187329.72 0 33308
1512187329.82 0 30280
1512187329.92 0 30280
1512187330.02 0 31794
1512187330.12 0 28766
1512187330.22 0 19682
1512187330.32 0 25738
1512187330.42 0 28766
1512187330.52 0 28766
1512187330.63 0 30280
1512187330.72 0 28766
1512187330.82 0 31794
1512187330.93 0 31794
1512187331.03 0 33308
1512187331.13 0 30280
1512187331.23 0 19682
1512187331.33 0 25738
1512187331.43 0 28766
1512187331.53 0 30280
1512187331.63 0 30280
1512187331.73 0 30280
1512187331.83 0 31794
1512187331.93 0 31794
1512187332.03 0 28766
1512187332.13 0 34822
1512187332.23 0 24224
1512187332.33 0 19682
1512187332.43 0 27252
1512187332.53 0 25738
1512187332.63 0 30280
1512187332.73 0 28766
1512187332.83 0 30280
1512187332.93 0 30280
1512187333.03 0 31794
1512187333.13 0 31794
1512187333.23 0 30280
1512187333.33 0 30280
1512187333.43 0 28766
1512187333.53 0 27252
1512187333.63 0 28766
1512187333.73 0 31794
1512187333.83 0 30280
1512187333.93 0 31794
1512187334.03 0 31794
1512187334.13 0 33308
1512187334.23 0 28766
1512187334.34 0 22710
1512187334.44 0 27252
1512187334.53 0 25738
1512187334.63 0 28766
1512187334.73 0 28766
1512187334.83 0 30280
1512187334.93 0 31794
1512187335.03 0 30280
1512187335.13 0 24224
1512187335.23 0 30280
1512187335.33 0 31794
1512187335.43 0 3028
1512187335.53 0 18168
1512187335.63 0 21196
1512187335.73 0 24224
1512187335.83 0 22710
1512187335.93 0 19682
1512187336.03 0 24224
1512187336.13 0 22710
1512187336.23 0 21196
1512187336.33 0 27252
1512187336.43 0 31794
1512187336.53 0 24224
1512187336.63 0 19682
1512187336.73 0 22710
1512187336.83 0 25738
1512187336.93 0 16654
1512187337.03 0 19682
1512187337.13 0 21196
1512187337.24 0 19682
1512187337.34 0 22710
1512187337.44 0 21196
1512187337.54 0 22710
1512187337.63 0 19682
1512187337.74 0 24224
1512187337.84 0 22710
1512187337.94 0 21196
1512187338.04 0 18168
1512187338.14 0 24224
1512187338.25 0 22710
1512187338.34 0 19682
1512187338.44 0 24224
1512187338.54 0 19682
1512187338.64 0 18168
1512187338.74 0 18168
1512187338.84 0 21196
1512187338.94 0 21196
1512187339.04 0 22710
1512187339.14 0 22710
1512187339.24 0 21196
1512187339.34 0 21196
1512187339.44 0 24224
1512187339.54 0 19682
1512187339.64 0 15140
1512187339.74 0 18168
1512187339.84 0 19682
1512187339.94 0 22710
1512187340.04 0 22710
1512187340.14 0 22710
1512187340.24 0 22710
1512187340.34 0 19682
1512187340.44 0 21196
1512187340.54 0 22710
1512187340.64 0 21196
1512187340.74 0 21196
1512187340.84 0 25738
1512187340.94 0 24224
1512187341.04 0 21196
1512187341.14 0 21196
1512187341.25 0 25738
1512187341.34 0 15140
1512187341.45 0 18168
1512187341.55 0 18168
1512187341.67 0 24224
1512187341.76 0 19682
1512187341.86 0 21196
1512187341.96 0 24224
1512187342.06 0 21196
1512187342.16 0 21196
1512187342.26 0 21196
1512187342.35 0 21196
1512187342.45 0 19682
1512187342.55 0 19682
1512187342.65 0 21196
1512187342.75 0 19682
1512187342.85 0 22710
1512187342.95 0 22710
1512187343.05 0 21196
1512187343.15 0 18168
1512187343.25 0 19682
1512187343.35 0 19682
1512187343.45 0 21196
1512187343.55 0 22710
1512187343.65 0 22710
1512187343.75 0 22710
1512187343.85 0 18168
1512187343.95 0 19682
1512187344.05 0 19682
1512187344.15 0 21196
1512187344.25 0 22710
1512187344.35 0 21196
1512187344.45 0 27252
1512187344.55 0 24224
1512187344.66 0 21196
1512187344.76 0 24224
1512187344.86 0 22710
1512187344.97 0 25738
1512187345.06 0 1514
1512187345.16 0 16654
1512187345.27 0 19682
1512187345.37 0 21196
1512187345.47 0 18168
1512187345.57 0 18168
1512187345.66 0 21196
1512187345.76 0 18168
1512187345.87 0 19682
1512187345.97 0 25738
1512187346.07 0 24224
1512187346.16 0 24224
1512187346.27 0 21196
1512187346.37 0 21196
1512187346.47 0 27252
1512187346.57 0 13626
1512187346.67 0 9084
1512187346.77 0 18168
1512187346.87 0 21196
1512187346.97 0 21196
1512187347.07 0 19682
1512187347.17 0 21196
1512187347.27 0 21196
1512187347.37 0 19682
1512187347.47 0 21196
1512187347.57 0 21196
1512187347.67 0 28766
1512187347.77 0 24224
1512187347.87 0 19682
1512187347.97 0 21196
1512187348.07 0 22710
1512187348.17 0 31794
1512187348.27 0 13626
1512187348.38 0 19682
1512187348.48 0 22710
1512187348.57 0 24224
1512187348.67 0 21196
1512187348.77 0 22710
1512187348.87 0 24224
1512187348.97 0 21196
1512187349.07 0 21196
1512187349.17 0 21196
1512187349.27 0 22710
1512187349.38 0 22710
1512187349.47 0 27252
1512187349.58 0 22710
1512187349.68 0 19682
1512187349.78 0 22710
1512187349.87 0 21196
1512187349.98 0 30280
1512187350.08 0 18168
1512187350.18 0 19682
1512187350.28 0 22710
1512187350.38 0 22710
1512187350.48 0 22710
1512187350.58 0 24224
1512187350.68 0 19682
1512187350.78 0 19682
1512187350.88 0 21196
1512187350.98 0 22710
1512187351.08 0 21196
1512187351.18 0 21196
1512187351.28 0 28766
1512187351.38 0 24224
1512187351.48 0 21196
1512187351.58 0 21196
1512187351.68 0 25738
1512187351.78 0 18168
1512187351.89 0 10598
1512187351.98 0 18168
1512187352.09 0 22710
1512187352.19 0 21196
1512187352.29 0 19682
1512187352.39 0 21196
1512187352.49 0 21196
1512187352.59 0 21196
1512187352.69 0 21196
1512187352.79 0 22710
1512187352.89 0 24224
1512187352.99 0 21196
1512187353.09 0 16654
1512187353.19 0 21196
1512187353.29 0 21196
1512187353.39 0 24224
1512187353.49 0 30280
1512187353.59 0 16654
1512187353.69 0 21196
1512187353.79 0 21196
1512187353.89 0 22710
1512187353.99 0 25738
1512187354.09 0 16654
1512187354.19 0 16654
1512187354.29 0 19682
1512187354.39 0 18168
1512187354.49 0 21196
1512187354.59 0 21196
1512187354.69 0 22710
1512187354.79 0 22710
1512187354.89 0 21196
1512187354.99 0 21196
1512187355.09 0 33308
1512187355.19 0 9084
1512187355.29 0 9084
1512187355.4 0 21196
1512187355.5 0 22710
1512187355.6 0 21196
1512187355.7 0 22710
1512187355.8 0 21196
1512187355.9 0 22710
1512187356.01 0 21196
1512187356.11 0 21196
1512187356.2 0 19682
1512187356.3 0 30280
1512187356.4 0 12112
1512187356.5 0 21196
1512187356.6 0 22710
1512187356.7 0 21196
1512187356.8 0 30280
1512187356.9 0 21196
1512187357.0 0 21196
1512187357.1 0 22710
1512187357.2 0 21196
1512187357.3 0 24224
1512187357.4 0 22710
1512187357.5 0 10598
1512187357.6 0 18168
1512187357.7 0 18168
1512187357.8 0 18168
1512187357.9 0 19682
1512187358.0 0 19682
1512187358.11 0 21196
1512187358.2 0 22710
1512187358.3 0 21196
1512187358.4 0 31794
1512187358.5 0 24224
1512187358.6 0 19682
1512187358.71 0 22710
1512187358.81 0 21196
1512187358.91 0 24224
1512187359.02 0 21196
1512187359.12 0 13626
1512187359.21 0 13626
1512187359.32 0 21196
1512187359.42 0 18168
1512187359.51 0 19682
1512187359.61 0 18168
1512187359.71 0 22710
1512187359.81 0 21196
1512187359.92 0 27252
1512187360.01 0 24224
1512187360.11 0 21196
1512187360.21 0 19682
1512187360.31 0 21196
1512187360.42 0 25738
1512187360.52 0 22710
1512187360.62 0 13626
1512187360.72 0 18168
1512187360.82 0 21196
1512187360.92 0 22710
1512187361.02 0 25738
1512187361.12 0 24224
1512187361.22 0 22710
1512187361.32 0 21196
1512187361.42 0 21196
1512187361.52 0 24224
1512187361.62 0 18168
1512187361.72 0 19682
1512187361.82 0 21196
1512187361.92 0 21196
1512187362.02 0 21196
1512187362.12 0 22710
1512187362.22 0 22710
1512187362.32 0 24224
1512187362.43 0 21196
1512187362.53 0 21196
1512187362.63 0 21196
1512187362.73 0 22710
1512187362.83 0 22710
1512187362.93 0 21196
1512187363.03 0 22710
1512187363.14 0 28766
1512187363.23 0 21196
1512187363.34 0 22710
1512187363.44 0 21196
1512187363.54 0 22710
1512187363.64 0 27252
1512187363.74 0 18168
1512187363.85 0 21196
1512187363.94 0 22710
1512187364.04 0 22710
1512187364.14 0 22710
1512187364.24 0 22710
1512187364.34 0 19682
1512187364.44 0 19682
1512187364.54 0 21196
1512187364.64 0 21196
1512187364.74 0 22710
1512187364.84 0 21196
1512187364.94 0 27252
1512187365.04 0 24224
1512187365.14 0 21196
1512187365.24 0 21196
1512187365.34 0 24224
1512187365.45 0 21196
1512187365.54 0 15140
1512187365.64 0 19682
1512187365.74 0 22710
1512187365.84 0 22710
1512187365.95 0 22710
1512187366.04 0 21196
1512187366.15 0 21196
1512187366.25 0 22710
1512187366.34 0 21196
1512187366.45 0 21196
1512187366.54 0 21196
1512187366.64 0 25738
1512187366.74 0 21196
1512187366.85 0 21196
1512187366.94 0 21196
1512187367.05 0 22710
1512187367.15 0 27252
1512187367.25 0 22710
1512187367.35 0 22710
1512187367.45 0 24224
1512187367.56 0 28766
1512187367.66 0 30280
1512187367.76 0 31794
1512187367.86 0 31794
1512187367.96 0 31794
1512187368.07 0 31794
1512187368.17 0 28766
1512187368.27 0 27252
1512187368.36 0 28766
1512187368.46 0 30280
1512187368.56 0 31794
1512187368.66 0 30280
1512187368.76 0 31794
1512187368.86 0 28766
1512187368.96 0 25738
1512187369.06 0 28766
1512187369.16 0 30280
1512187369.26 0 30280
1512187369.37 0 31794
1512187369.46 0 30280
1512187369.57 0 31794
1512187369.66 0 31794
1512187369.76 0 30280
1512187369.86 0 30280
1512187369.96 0 28766
1512187370.06 0 31794
1512187370.17 0 31794
1512187370.27 0 31794
1512187370.37 0 30280
1512187370.47 0 30280
1512187370.57 0 28766
1512187370.67 0 30280
1512187370.77 0 30280
1512187370.87 0 31794
1512187370.97 0 31794
1512187371.06 0 30280
1512187371.17 0 33308
1512187371.27 0 28766
1512187371.37 0 30280
1512187371.48 0 33308
1512187371.58 0 30280
1512187371.68 0 31794
1512187371.78 0 33308
1512187371.88 0 30280
1512187371.98 0 27252
1512187372.08 0 30280
1512187372.18 0 31794
1512187372.28 0 30280
1512187372.38 0 31794
1512187372.47 0 28766
1512187372.57 0 31794
1512187372.67 0 25738
1512187372.77 0 27252
1512187372.87 0 28766
1512187372.97 0 31794
1512187373.07 0 31794
1512187373.17 0 30280
1512187373.27 0 31794
1512187373.37 0 33308
1512187373.47 0 22710
1512187373.57 0 27252
1512187373.67 0 25738
1512187373.77 0 30280
1512187373.87 0 30280
1512187373.97 0 30280
1512187374.07 0 31794
1512187374.17 0 31794
1512187374.27 0 30280
1512187374.37 0 30280
1512187374.47 0 21196
1512187374.58 0 25738
1512187374.67 0 24224
1512187374.77 0 28766
1512187374.87 0 30280
1512187374.99 0 33308
1512187375.09 0 31794
1512187375.19 0 30280
1512187375.27 0 27252
1512187375.38 0 31794
1512187375.47 0 30280
1512187375.57 0 27252
1512187375.68 0 27252
1512187375.77 0 28766
1512187375.87 0 31794
1512187375.98 0 31794
1512187376.08 0 31794
1512187376.18 0 30280
1512187376.28 0 33308
1512187376.38 0 25738
1512187376.48 0 24224
1512187376.58 0 30280
1512187376.68 0 31794
1512187376.78 0 30280
1512187376.88 0 31794
1512187376.98 0 31794
1512187377.08 0 31794
1512187377.18 0 25738
1512187377.28 0 25738
1512187377.38 0 27252
1512187377.48 0 28766
1512187377.58 0 28766
1512187377.68 0 31794
1512187377.78 0 31794
1512187377.88 0 30280
1512187377.98 0 31794
1512187378.08 0 33308
1512187378.18 0 28766
1512187378.29 0 30280
1512187378.39 0 27252
1512187378.49 0 33308
1512187378.59 0 30280
1512187378.69 0 33308
1512187378.79 0 30280
1512187378.89 0 30280
1512187378.98 0 27252
1512187379.08 0 30280
1512187379.18 0 31794
1512187379.28 0 31794
1512187379.38 0 30280
1512187379.48 0 34822
1512187379.58 0 30280
1512187379.68 0 28766
1512187379.78 0 30280
1512187379.88 0 31794
1512187379.98 0 30280
1512187380.08 0 31794
1512187380.18 0 31794
1512187380.28 0 28766
1512187380.38 0 28766
1512187380.48 0 30280
1512187380.58 0 31794
1512187380.69 0 31794
1512187380.78 0 31794
1512187380.89 0 31794
1512187380.99 0 31794
1512187381.09 0 28766
1512187381.19 0 30280
1512187381.3 0 33308
1512187381.39 0 27252
1512187381.49 0 31794
1512187381.59 0 33308
1512187381.69 0 33308
1512187381.79 0 24224
1512187381.89 0 30280
1512187381.99 0 31794
1512187382.09 0 31794
1512187382.19 0 30280
1512187382.29 0 33308
1512187382.39 0 30280
1512187382.49 0 28766
1512187382.59 0 28766
1512187382.69 0 30280
1512187382.79 0 33308
1512187382.89 0 30280
1512187382.99 0 33308
1512187383.09 0 27252
1512187383.19 0 27252
1512187383.29 0 28766
1512187383.39 0 31794
1512187383.49 0 31794
1512187383.59 0 31794
1512187383.7 0 31794
1512187383.79 0 30280
1512187383.89 0 27252
1512187383.99 0 27252
1512187384.09 0 28766
1512187384.19 0 30280
1512187384.29 0 31794
1512187384.39 0 31794
1512187384.49 0 30280
1512187384.59 0 33308
1512187384.69 0 30280
1512187384.79 0 27252
1512187384.89 0 28766
1512187385.0 0 36336
1512187385.1 0 27252
1512187385.2 0 34822
1512187385.3 0 30280
1512187385.4 0 30280
1512187385.5 0 27252
1512187385.6 0 30280
1512187385.7 0 31794
1512187385.81 0 31794
1512187385.9 0 28766
1512187386.0 0 31794
1512187386.1 0 28766
1512187386.2 0 24224
1512187386.3 0 25738
1512187386.4 0 27252
1512187386.5 0 30280
1512187386.6 0 31794
1512187386.7 0 31794
1512187386.8 0 28766
1512187386.9 0 30280
1512187387.0 0 33308
1512187387.1 0 30280
1512187387.2 0 30280
1512187387.3 0 27252
1512187387.4 0 31794
1512187387.5 0 31794
1512187387.6 0 31794
1512187387.7 0 31794
1512187387.8 0 30280
1512187387.9 0 28766
1512187388.0 0 27252
1512187388.1 0 30280
1512187388.2 0 31794
1512187388.3 0 31794
1512187388.4 0 30280
1512187388.5 0 31794
1512187388.6 0 30280
1512187388.7 0 30280
1512187388.8 0 30280
1512187388.9 0 31794
1512187389.01 0 31794
1512187389.11 0 33308
1512187389.22 0 33308
1512187389.32 0 27252
1512187389.41 0 27252
1512187389.52 0 28766
1512187389.61 0 31794
1512187389.71 0 31794
1512187389.81 0 30280
1512187389.91 0 31794
1512187390.01 0 31794
1512187390.11 0 27252
1512187390.21 0 27252
1512187390.31 0 31794
1512187390.41 0 30280
1512187390.51 0 31794
1512187390.61 0 30280
1512187390.71 0 30280
1512187390.82 0 31794
1512187390.91 0 27252
1512187391.01 0 31794
1512187391.12 0 31794
1512187391.21 0 30280
1512187391.31 0 31794
1512187391.41 0 28766
1512187391.51 0 27252
1512187391.61 0 28766
1512187391.71 0 31794
1512187391.81 0 31794
1512187391.91 0 30280
1512187392.02 0 31794
1512187392.12 0 31794
1512187392.22 0 27252
1512187392.32 0 27252
1512187392.42 0 30280
1512187392.52 0 30280
1512187392.62 0 30280
1512187392.72 0 31794
1512187392.82 0 31794
1512187392.92 0 31794
1512187393.03 0 27252
1512187393.12 0 27252
1512187393.22 0 25738
1512187393.32 0 28766
1512187393.42 0 28766
1512187393.52 0 30280
1512187393.62 0 28766
1512187393.72 0 31794
1512187393.82 0 31794
1512187393.92 0 30280
1512187394.02 0 28766
1512187394.12 0 30280
1512187394.22 0 31794
1512187394.32 0 31794
1512187394.42 0 30280
1512187394.52 0 33308
1512187394.62 0 27252
1512187394.72 0 21196
1512187394.82 0 25738
1512187394.92 0 27252
1512187395.02 0 28766
1512187395.12 0 28766
1512187395.22 0 31794
1512187395.32 0 30280
1512187395.42 0 31794
1512187395.52 0 30280
1512187395.62 0 33308
1512187395.73 0 27252
1512187395.83 0 19682
1512187395.93 0 25738
1512187396.03 0 24224
1512187396.13 0 28766
1512187396.23 0 30280
1512187396.33 0 27252
1512187396.43 0 30280
1512187396.53 0 30280
1512187396.63 0 30280
1512187396.73 0 31794
1512187396.83 0 30280
1512187396.93 0 34822
1512187397.03 0 4542
1512187397.13 0 22710
1512187397.23 0 24224
1512187397.33 0 27252
1512187397.43 0 25738
1512187397.53 0 25738
1512187397.63 0 28766
1512187397.73 0 28766
1512187397.83 0 28766
1512187397.93 0 31794
1512187398.03 0 31794
1512187398.13 0 30280
1512187398.23 0 31794
1512187398.33 0 16654
1512187398.43 0 24224
1512187398.53 0 25738
1512187398.63 0 28766
1512187398.73 0 28766
1512187398.83 0 30280
1512187398.93 0 30280
1512187399.03 0 30280
1512187399.13 0 30280
1512187399.24 0 31794
1512187399.34 0 31794
1512187399.44 0 31794
1512187399.54 0 28766
1512187399.64 0 28766
1512187399.74 0 33308
1512187399.84 0 31794
1512187399.94 0 30280
1512187400.05 0 33308
1512187400.15 0 28766
1512187400.24 0 25738
1512187400.34 0 24224
1512187400.44 0 28766
1512187400.54 0 30280
1512187400.64 0 30280
1512187400.74 0 30280
1512187400.84 0 31794
1512187400.95 0 31794
1512187401.04 0 31794
1512187401.14 0 28766
1512187401.24 0 24224
1512187401.35 0 27252
1512187401.44 0 25738
1512187401.54 0 31794
1512187401.64 0 30280
1512187401.74 0 30280
1512187401.84 0 31794
1512187401.94 0 30280
1512187402.05 0 33308
1512187402.14 0 30280
1512187402.25 0 30280
1512187402.35 0 30280
1512187402.45 0 31794
1512187402.55 0 30280
1512187402.65 0 31794
1512187402.75 0 28766
1512187402.85 0 30280
1512187402.95 0 31794
1512187403.06 0 31794
1512187403.15 0 28766
1512187403.25 0 31794
1512187403.35 0 33308
1512187403.45 0 31794
1512187403.55 0 27252
1512187403.65 0 30280
1512187403.75 0 33308
1512187403.85 0 31794
1512187403.95 0 30280
1512187404.05 0 31794
1512187404.15 0 31794
1512187404.25 0 25738
1512187404.35 0 27252
1512187404.45 0 30280
1512187404.55 0 30280
1512187404.65 0 31794
1512187404.75 0 30280
1512187404.85 0 31794
1512187404.95 0 33308
1512187405.05 0 22710
1512187405.15 0 28766
1512187405.25 0 28766
1512187405.35 0 31794
1512187405.45 0 31794
1512187405.55 0 31794
1512187405.65 0 30280
1512187405.75 0 31794
1512187405.85 0 27252
1512187405.95 0 30280
1512187406.05 0 31794
1512187406.15 0 31794
1512187406.26 0 31794
1512187406.36 0 30280
1512187406.46 0 28766
1512187406.56 0 28766
1512187406.66 0 30280
1512187406.76 0 30280
1512187406.87 0 33308
1512187406.96 0 30280
1512187407.07 0 31794
1512187407.17 0 33308
1512187407.27 0 24224
1512187407.37 0 25738
1512187407.47 0 27252
1512187407.57 0 30280
1512187407.67 0 31794
1512187407.77 0 31794
1512187407.87 0 30280
1512187407.97 0 31794
1512187408.07 0 31794
1512187408.17 0 25738
1512187408.27 0 27252
1512187408.37 0 28766
1512187408.47 0 28766
1512187408.57 0 31794
1512187408.67 0 31794
1512187408.77 0 30280
1512187408.87 0 30280
1512187408.97 0 33308
1512187409.07 0 22710
1512187409.17 0 27252
1512187409.27 0 27252
1512187409.37 0 31794
1512187409.47 0 30280
1512187409.58 0 34822
1512187409.68 0 28766
1512187409.77 0 30280
1512187409.88 0 33308
1512187409.99 0 31794
1512187410.09 0 19682
1512187410.18 0 24224
1512187410.28 0 27252
1512187410.38 0 28766
1512187410.48 0 30280
1512187410.58 0 31794
1512187410.68 0 30280
1512187410.78 0 31794
1512187410.88 0 28766
1512187410.98 0 34822
1512187411.08 0 22710
1512187411.18 0 27252
1512187411.28 0 28766
1512187411.38 0 30280
1512187411.48 0 30280
1512187411.58 0 31794
1512187411.68 0 30280
1512187411.78 0 31794
1512187411.88 0 31794
1512187411.98 0 24224
1512187412.08 0 21196
1512187412.18 0 27252
1512187412.28 0 25738
1512187412.38 0 28766
1512187412.48 0 28766
1512187412.58 0 30280
1512187412.69 0 31794
1512187412.79 0 30280
1512187412.89 0 31794
1512187412.99 0 31794
1512187413.09 0 30280
1512187413.19 0 28766
1512187413.29 0 30280
1512187413.39 0 31794
1512187413.5 0 31794
1512187413.59 0 30280
1512187413.7 0 33308
1512187413.79 0 22710
1512187413.9 0 21196
1512187414.0 0 25738
1512187414.1 0 28766
1512187414.2 0 30280
1512187414.3 0 28766
1512187414.4 0 31794
1512187414.5 0 31794
1512187414.6 0 30280
1512187414.7 0 30280
1512187414.8 0 31794
1512187414.9 0 25738
1512187415.0 0 27252
1512187415.1 0 30280
1512187415.2 0 31794
1512187415.3 0 31794
1512187415.4 0 31794
1512187415.5 0 30280
1512187415.6 0 30280
1512187415.7 0 30280
1512187415.8 0 28766
1512187415.9 0 28766
1512187416.0 0 31794
1512187416.1 0 31794
1512187416.2 0 31794
1512187416.3 0 30280
1512187416.4 0 31794
1512187416.5 0 28766
1512187416.61 0 33308
1512187416.7 0 28766
1512187416.8 0 31794
1512187416.91 0 31794
1512187417.0 0 30280
1512187417.1 0 28766
1512187417.2 0 28766
1512187417.31 0 31794
1512187417.41 0 33308
1512187417.51 0 31794
1512187417.61 0 33308
1512187417.72 0 31794
1512187417.82 0 24224
1512187417.91 0 22710
1512187418.02 0 31794
1512187418.11 0 28766
1512187418.21 0 30280
1512187418.31 0 31794
1512187418.41 0 31794
1512187418.52 0 30280
1512187418.61 0 31794
1512187418.71 0 31794
1512187418.82 0 25738
1512187418.92 0 25738
1512187419.01 0 27252
1512187419.12 0 31794
1512187419.22 0 31794
1512187419.31 0 30280
1512187419.41 0 31794
1512187419.51 0 30280
1512187419.62 0 28766
1512187419.72 0 25738
1512187419.82 0 30280
1512187419.92 0 30280
1512187420.02 0 31794
1512187420.12 0 31794
1512187420.21 0 30280
1512187420.32 0 33308
1512187420.42 0 31794
1512187420.53 0 28766
1512187420.63 0 19682
1512187420.73 0 27252
1512187420.83 0 27252
1512187420.93 0 30280
1512187421.03 0 28766
1512187421.13 0 33308
1512187421.24 0 31794
1512187421.34 0 31794
1512187421.44 0 31794
1512187421.54 0 28766
1512187421.64 0 25738
1512187421.74 0 28766
1512187421.84 0 31794
1512187421.94 0 31794
1512187422.04 0 30280
1512187422.14 0 31794
1512187422.24 0 33308
1512187422.34 0 28766
1512187422.44 0 30280
1512187422.54 0 31794
1512187422.64 0 31794
1512187422.75 0 31794
1512187422.84 0 31794
1512187422.94 0 28766
1512187423.04 0 27252
1512187423.14 0 28766
1512187423.24 0 31794
1512187423.34 0 31794
1512187423.44 0 30280
1512187423.54 0 31794
1512187423.64 0 30280
1512187423.74 0 28766
1512187423.84 0 27252
1512187423.94 0 28766
1512187424.04 0 31794
1512187424.14 0 31794
1512187424.24 0 31794
1512187424.34 0 30280
1512187424.44 0 30280
1512187424.54 0 28766
1512187424.65 0 30280
1512187424.75 0 31794
1512187424.85 0 30280
1512187424.94 0 30280
1512187425.05 0 33308
1512187425.15 0 31794
1512187425.25 0 19682
1512187425.35 0 25738
1512187425.46 0 28766
1512187425.56 0 28766
1512187425.66 0 30280
1512187425.77 0 33308
1512187425.85 0 25738
1512187425.96 0 30280
1512187426.05 0 31794
1512187426.15 0 30280
1512187426.25 0 28766
1512187426.35 0 22710
1512187426.45 0 25738
1512187426.56 0 28766
1512187426.66 0 30280
1512187426.75 0 28766
1512187426.85 0 31794
1512187426.96 0 31794
1512187427.05 0 30280
1512187427.16 0 31794
1512187427.25 0 28766
1512187427.36 0 33308
1512187427.45 0 28766
1512187427.56 0 28766
1512187427.65 0 30280
1512187427.76 0 31794
1512187427.86 0 33308
1512187427.95 0 30280
1512187428.06 0 31794
1512187428.16 0 31794
1512187428.26 0 28766
1512187428.36 0 28766
1512187428.47 0 33308
1512187428.56 0 31794
1512187428.67 0 31794
1512187428.78 0 34822
1512187428.87 0 27252
1512187428.97 0 30280
1512187429.07 0 27252
1512187429.17 0 30280
1512187429.27 0 30280
1512187429.37 0 31794
1512187429.47 0 31794
1512187429.57 0 30280
1512187429.67 0 33308
1512187429.77 0 28766
1512187429.87 0 30280
1512187429.97 0 30280
1512187430.07 0 31794
1512187430.17 0 31794
1512187430.27 0 31794
1512187430.37 0 27252
1512187430.47 0 28766
1512187430.57 0 30280
1512187430.67 0 31794
1512187430.77 0 31794
1512187430.87 0 31794
1512187430.97 0 31794
1512187431.07 0 28766
1512187431.17 0 28766
1512187431.27 0 31794
1512187431.37 0 30280
1512187431.47 0 31794
1512187431.57 0 31794
1512187431.67 0 31794
1512187431.77 0 28766
1512187431.88 0 30280
1512187431.97 0 30280
1512187432.07 0 31794
1512187432.18 0 31794
1512187432.28 0 33308
1512187432.38 0 30280
1512187432.48 0 27252
1512187432.58 0 30280
1512187432.68 0 30280
1512187432.78 0 31794
1512187432.88 0 31794
1512187432.98 0 31794
1512187433.08 0 30280
1512187433.18 0 30280
1512187433.28 0 28766
1512187433.38 0 31794
1512187433.48 0 31794
1512187433.58 0 30280
1512187433.68 0 33308
1512187433.78 0 22710
1512187433.88 0 27252
1512187433.98 0 30280
1512187434.08 0 28766
1512187434.18 0 31794
1512187434.28 0 31794
1512187434.38 0 30280
1512187434.48 0 31794
1512187434.58 0 30280
1512187434.68 0 31794
1512187434.78 0 28766
1512187434.88 0 30280
1512187434.98 0 31794
1512187435.08 0 30280
1512187435.19 0 33308
1512187435.28 0 31794
1512187435.38 0 21196
1512187435.49 0 25738
1512187435.59 0 30280
1512187435.69 0 28766
1512187435.79 0 31794
1512187435.89 0 33308
1512187435.99 0 28766
1512187436.09 0 31794
1512187436.19 0 31794
1512187436.3 0 30280
1512187436.4 0 27252
1512187436.5 0 30280
1512187436.6 0 31794
1512187436.71 0 28766
1512187436.8 0 31794
1512187436.9 0 30280
1512187437.0 0 31794
1512187437.1 0 28766
1512187437.2 0 30280
1512187437.3 0 28766
1512187437.4 0 31794
1512187437.5 0 31794
1512187437.6 0 30280
1512187437.7 0 33308
1512187437.8 0 27252
1512187437.9 0 25738
1512187438.0 0 28766
1512187438.1 0 30280
1512187438.2 0 31794
1512187438.3 0 31794
1512187438.4 0 31794
1512187438.5 0 30280
1512187438.6 0 33308
1512187438.7 0 25738
1512187438.8 0 25738
1512187438.9 0 28766
1512187439.0 0 30280
1512187439.1 0 31794
1512187439.2 0 31794
1512187439.3 0 31794
1512187439.4 0 30280
1512187439.5 0 31794
1512187439.6 0 28766
1512187439.71 0 27252
1512187439.81 0 28766
1512187439.9 0 28766
1512187440.01 0 33308
1512187440.11 0 31794
1512187440.21 0 31794
1512187440.31 0 31794
1512187440.42 0 34822
1512187440.52 0 27252
1512187440.62 0 27252
1512187440.71 0 28766
1512187440.81 0 33308
1512187440.92 0 30280
1512187441.01 0 31794
1512187441.11 0 30280
1512187441.21 0 31794
1512187441.32 0 27252
1512187441.42 0 28766
1512187441.52 0 31794
1512187441.62 0 31794
1512187441.72 0 30280
1512187441.82 0 31794
1512187441.92 0 30280
1512187442.02 0 28766
1512187442.12 0 27252
1512187442.22 0 27252
1512187442.32 0 30280
1512187442.42 0 30280
1512187442.52 0 31794
1512187442.62 0 30280
1512187442.72 0 31794
1512187442.82 0 31794
1512187442.92 0 27252
1512187443.02 0 21196
1512187443.12 0 27252
1512187443.23 0 28766
1512187443.32 0 27252
1512187443.42 0 31794
1512187443.53 0 30280
1512187443.63 0 31794
1512187443.73 0 30280
1512187443.83 0 31794
1512187443.93 0 31794
1512187444.02 0 21196
1512187444.12 0 19682
1512187444.23 0 24224
1512187444.32 0 27252
1512187444.43 0 27252
1512187444.53 0 27252
1512187444.62 0 28766
1512187444.73 0 30280
1512187444.83 0 30280
1512187444.93 0 30280
1512187445.03 0 31794
1512187445.13 0 30280
1512187445.23 0 28766
1512187445.33 0 15140
1512187445.43 0 24224
1512187445.53 0 25738
1512187445.63 0 27252
1512187445.73 0 27252
1512187445.83 0 28766
1512187445.93 0 30280
1512187446.03 0 30280
1512187446.13 0 30280
1512187446.23 0 31794
1512187446.33 0 31794
1512187446.43 0 30280
1512187446.53 0 16654
1512187446.64 0 24224
1512187446.74 0 27252
1512187446.84 0 28766
1512187446.94 0 28766
1512187447.04 0 28766
1512187447.14 0 30280
1512187447.24 0 33308
1512187447.34 0 30280
1512187447.45 0 30280
1512187447.54 0 31794
1512187447.65 0 25738
1512187447.75 0 16654
1512187447.85 0 25738
1512187447.95 0 27252
1512187448.06 0 27252
1512187448.16 0 27252
1512187448.26 0 30280
1512187448.36 0 30280
1512187448.46 0 30280
1512187448.57 0 31794
1512187448.67 0 31794
1512187448.77 0 33308
1512187448.87 0 27252
1512187448.97 0 28766
1512187449.07 0 30280
1512187449.17 0 31794
1512187449.27 0 31794
1512187449.37 0 30280
1512187449.47 0 31794
1512187449.57 0 24224
1512187449.67 0 25738
1512187449.77 0 27252
1512187449.87 0 30280
1512187449.97 0 30280
1512187450.07 0 31794
1512187450.17 0 31794
1512187450.27 0 30280
1512187450.37 0 31794
1512187450.47 0 30280
1512187450.57 0 28766
1512187450.67 0 30280
1512187450.77 0 30280
1512187450.87 0 31794
1512187450.97 0 30280
1512187451.07 0 31794
1512187451.17 0 31794
1512187451.27 0 27252
1512187451.37 0 28766
1512187451.47 0 31794
1512187451.58 0 31794
1512187451.68 0 31794
1512187451.77 0 28766
1512187451.87 0 30280
1512187451.97 0 33308
1512187452.07 0 30280
1512187452.18 0 28766
1512187452.28 0 28766
1512187452.37 0 31794
1512187452.47 0 31794
1512187452.58 0 31794
1512187452.68 0 30280
1512187452.78 0 33308
1512187452.87 0 15140
1512187452.98 0 25738
1512187453.08 0 25738
1512187453.18 0 28766
1512187453.27 0 28766
1512187453.38 0 30280
1512187453.48 0 30280
1512187453.58 0 31794
1512187453.68 0 30280
1512187453.78 0 31794
1512187453.88 0 31794
1512187453.98 0 30280
1512187454.08 0 27252
1512187454.18 0 30280
1512187454.28 0 31794
1512187454.38 0 31794
1512187454.48 0 30280
1512187454.58 0 30280
1512187454.68 0 28766
1512187454.78 0 31794
1512187454.88 0 30280
1512187454.98 0 34822
1512187455.08 0 39364
1512187455.19 0 39364
1512187455.29 0 42392
1512187455.39 0 43906
1512187455.49 0 46934
1512187455.6 0 51476
1512187455.7 0 54504
1512187455.8 0 52990
1512187455.9 0 54504
1512187456.0 0 57532
1512187456.1 0 57532
1512187456.2 0 60560
1512187456.3 0 59046
1512187456.4 0 60560
1512187456.5 0 62074
1512187456.6 0 62074
1512187456.7 0 59046
1512187456.8 0 60560
1512187456.9 0 62074
1512187457.0 0 60560
1512187457.1 0 60560
1512187457.2 0 60560
1512187457.3 0 59046
1512187457.4 0 63588
1512187457.5 0 59046
1512187457.6 0 62074
1512187457.7 0 62074
1512187457.8 0 60560
1512187457.9 0 59046
1512187458.0 0 60560
1512187458.1 0 62074
1512187458.2 0 60560
1512187458.3 0 62074
1512187458.4 0 59046
1512187458.5 0 59046
1512187458.6 0 65102
1512187458.71 0 63588
1512187458.8 0 59046
1512187458.91 0 65102
1512187459.01 0 59046
1512187459.11 0 63588
1512187459.21 0 57532
1512187459.31 0 65102
1512187459.41 0 60560
1512187459.51 0 60560
1512187459.61 0 59046
1512187459.71 0 60560
1512187459.81 0 60560
1512187459.91 0 60560
1512187460.01 0 62074
1512187460.11 0 60560
1512187460.21 0 59046
1512187460.31 0 63588
1512187460.41 0 60560
1512187460.51 0 60560
1512187460.62 0 60560
1512187460.72 0 60560
1512187460.82 0 62074
1512187460.92 0 60560
1512187461.02 0 60560
1512187461.11 0 59046
1512187461.22 0 62074
1512187461.31 0 60560
1512187461.41 0 60560
1512187461.51 0 60560
1512187461.62 0 62074
1512187461.71 0 59046
1512187461.82 0 62074
1512187461.91 0 60560
1512187462.01 0 60560
1512187462.11 0 59046
1512187462.22 0 60560
1512187462.32 0 62074
1512187462.42 0 62074
1512187462.52 0 59046
1512187462.62 0 62074
1512187462.72 0 62074
1512187462.82 0 63588
1512187462.92 0 60560
1512187463.03 0 65102
1512187463.13 0 60560
1512187463.24 0 57532
1512187463.33 0 65102
1512187463.43 0 62074
1512187463.53 0 60560
1512187463.64 0 65102
1512187463.74 0 60560
1512187463.84 0 62074
1512187463.95 0 59046
1512187464.04 0 60560
1512187464.13 0 57532
1512187464.24 0 62074
1512187464.34 0 60560
1512187464.44 0 60560
1512187464.54 0 60560
1512187464.64 0 60560
1512187464.74 0 62074
1512187464.84 0 62074
1512187464.94 0 60560
1512187465.04 0 60560
1512187465.14 0 59046
1512187465.24 0 62074
1512187465.34 0 49962
1512187465.44 0 0
1512187465.54 0 0
1512187465.64 0 0
1512187465.74 0 0
1512187465.84 0 0
1512187465.94 0 0
1512187466.04 0 0
1512187466.14 0 0
1512187466.24 0 0
1512187466.34 0 0
1512187466.44 0 0
1512187466.54 0 0
1512187466.64 0 0
1512187466.74 0 0
1512187466.84 0 0
1512187466.94 0 0
1512187467.04 0 0
1512187467.14 0 0
1512187467.24 0 0
1512187467.34 0 0
1512187467.44 0 0
1512187467.54 0 0
1512187467.64 0 0
1512187467.75 0 0
1512187467.85 0 0
1512187467.95 0 0
1512187468.05 0 0
1512187468.15 0 0
1512187468.25 0 0
1512187468.35 0 0
1512187468.46 0 0
1512187468.56 0 0
1512187468.67 0 0
1512187468.76 0 0
1512187468.86 0 0
1512187468.96 0 0
1512187469.06 0 0
1512187469.16 0 0
1512187469.26 0 0
1512187469.36 0 0
1512187469.46 0 0
1512187469.56 0 0
1512187469.66 0 0
1512187469.76 0 0
1512187469.86 0 0
1512187469.96 0 0
1512187470.06 0 0
1512187470.16 0 0
1512187470.26 0 0
1512187470.36 0 0
1512187470.46 0 0
1512187470.56 0 0
1512187470.66 0 0
1512187470.76 0 0
1512187470.86 0 0
1512187470.96 0 0
1512187471.06 0 0
1512187471.16 0 0
1512187471.26 0 0
1512187471.36 0 0
1512187471.46 0 0
1512187471.56 0 0
1512187471.66 0 0
1512187471.76 0 0
1512187471.86 0 0
1512187471.96 0 0
1512187472.06 0 0
1512187472.16 0 0
1512187472.26 0 0
1512187472.36 0 0
1512187472.46 0 0
1512187472.56 0 0
1512187472.66 0 0
1512187472.76 0 0
1512187472.86 0 0
1512187472.96 0 0
1512187473.06 0 0
1512187473.16 0 0
1512187473.27 0 0
1512187473.37 0 0
1512187473.47 0 0
1512187473.57 0 0
1512187473.68 0 0
1512187473.78 0 0
1512187473.88 0 0
1512187473.98 0 0
1512187474.08 0 0
1512187474.18 0 0
1512187474.27 0 0
1512187474.37 0 0
1512187474.47 0 0
1512187474.57 0 0
1512187474.67 0 0
1512187474.77 0 0
1512187474.88 0 0
1512187474.98 0 0
1512187475.07 0 0
1512187475.18 0 0
1512187475.28 0 0
1512187475.37 0 0
1512187475.48 0 0
1512187475.58 0 0
1512187475.68 0 0
1512187475.78 0 0
1512187475.88 0 0
1512187475.98 0 0
1512187476.08 0 0
1512187476.18 0 0
1512187476.28 0 0
1512187476.38 0 0
1512187476.48 0 0
1512187476.58 0 0
1512187476.68 0 0
1512187476.78 0 0
1512187476.88 0 0
1512187476.99 0 0
1512187477.08 0 0
1512187477.18 0 0
1512187477.28 0 0
1512187477.39 0 0
1512187477.48 0 0
1512187477.58 0 0
1512187477.68 0 0
1512187477.78 0 0
1512187477.88 0 0
