1512180763.46 2500.0 3333.33333333
1512180763.55 2500.0 3888.88888889
1512180763.65 2500.0 4259.25925926
1512180763.75 2500.0 4506.17283951
1512180763.85 2500.0 4670.781893
1512180763.95 2500.0 4780.521262
1512180764.05 2500.0 4853.68084134
1512180764.18 2500.0 4902.45389422
1512180764.27 2500.0 4934.96926282
1512180764.35 2500.0 4956.64617521
1512180764.45 2500.0 4971.09745014
1512180764.55 2500.0 4980.73163343
1512180764.65 2500.0 4987.15442228
1512180764.75 2500.0 4991.43628152
1512180764.85 2500.0 4994.29085435
1512180764.95 2500.0 4996.1939029
1512180765.05 2500.0 4997.46260193
1512180765.15 2500.0 4998.30840129
1512180765.25 2500.0 4998.87226753
1512180765.36 2500.0 4999.24817835
1512180765.45 2500.0 4999.49878557
1512180765.56 2500.0 4999.66585704
1512180765.65 2500.0 4999.77723803
1512180765.76 2500.0 4999.85149202
1512180765.86 2500.0 4999.90099468
1512180765.96 2500.0 4999.93399645
1512180766.07 2500.0 4999.95599764
1512180766.16 2500.0 4999.97066509
1512180766.26 2500.0 4999.98044339
1512180766.35 2500.0 4999.98696226
1512180766.46 2500.0 4999.99130817
1512180766.55 2500.0 4999.99420545
1512180766.66 2500.0 4999.99613697
1512180766.76 2500.0 4999.99742464
1512180766.86 2500.0 4999.9982831
1512180766.96 2500.0 4999.9988554
1512180767.07 2500.0 4999.99923693
1512180767.16 2500.0 4999.99949129
1512180767.26 2500.0 4999.99966086
1512180767.36 2500.0 4999.99977391
1512180767.46 2500.0 4999.99984927
1512180767.56 2500.0 4999.99989951
1512180767.66 2500.0 4999.99993301
1512180767.76 2500.0 4999.99995534
1512180767.86 2500.0 4999.99997023
1512180767.96 2500.0 4999.99998015
1512180768.06 2500.0 4999.99998677
1512180768.16 2500.0 4999.99999118
1512180768.26 2500.0 4999.99999412
1512180768.36 2500.0 4999.99999608
1512180768.46 2500.0 4999.99999739
1512180768.56 2500.0 4999.99999826
1512180768.66 2500.0 4999.99999884
1512180768.76 2500.0 4999.99999923
1512180768.86 2500.0 4999.99999948
1512180768.95 2500.0 4999.99999966
1512180769.06 2500.0 4999.99999977
1512180769.16 2500.0 4999.99999985
1512180769.26 2500.0 4999.9999999
1512180769.36 2500.0 4999.99999993
1512180769.46 2500.0 4999.99999995
1512180769.56 2500.0 4999.99999997
1512180769.66 2500.0 4999.99999998
1512180769.76 2500.0 4999.99999999
1512180769.86 2500.0 4999.99999999
1512180769.96 2500.0 4999.99999999
1512180770.06 2500.0 5000.0
1512180770.17 2500.0 5000.0
1512180770.26 2500.0 5000.0
1512180770.37 2500.0 5000.0
1512180770.46 2500.0 5000.0
1512180770.57 2500.0 5000.0
1512180770.67 2500.0 5000.0
1512180770.77 2500.0 5000.0
1512180770.87 2500.0 5000.0
1512180770.97 2500.0 5000.0
1512180771.07 2500.0 5000.0
1512180771.17 2500.0 5000.0
1512180771.27 2500.0 5000.0
1512180771.37 2500.0 5000.0
1512180771.47 2500.0 5000.0
1512180771.57 2500.0 5000.0
1512180771.67 2500.0 5000.0
1512180771.77 2500.0 5000.0
1512180771.87 2500.0 5000.0
1512180771.97 2500.0 5000.0
1512180772.08 2500.0 5000.0
1512180772.18 2500.0 5000.0
1512180772.28 2500.0 5000.0
1512180772.38 2500.0 5000.0
1512180772.47 2500.0 5000.0
1512180772.58 2500.0 5000.0
1512180772.68 2500.0 5000.0
1512180772.79 2500.0 5000.0
1512180772.88 2500.0 5000.0
1512180772.98 2500.0 5000.0
1512180773.08 2500.0 5000.0
1512180773.18 2500.0 5000.0
1512180773.28 2500.0 5000.0
1512180773.38 2500.0 5000.0
1512180773.48 2500.0 5000.0
1512180773.58 2500.0 5000.0
1512180773.68 2500.0 5000.0
1512180773.78 2500.0 5000.0
1512180773.88 2500.0 5000.0
1512180773.99 2500.0 5000.0
1512180774.09 2500.0 5000.0
1512180774.18 2500.0 5000.0
1512180774.28 2500.0 5000.0
1512180774.38 2500.0 5000.0
1512180774.48 2500.0 5000.0
1512180774.58 2500.0 5000.0
1512180774.68 2500.0 5000.0
1512180774.78 2500.0 5000.0
1512180774.88 2500.0 5000.0
1512180774.99 2500.0 5000.0
1512180775.08 2500.0 5000.0
1512180775.18 2500.0 5000.0
1512180775.28 2500.0 5000.0
1512180775.38 2500.0 5000.0
1512180775.49 2500.0 5000.0
1512180775.58 2500.0 5000.0
1512180775.69 2500.0 5000.0
1512180775.78 2500.0 5000.0
1512180775.88 2500.0 5000.0
1512180775.99 2500.0 5000.0
1512180776.09 2500.0 5000.0
1512180776.19 2500.0 5000.0
1512180776.29 2500.0 5000.0
1512180776.39 2500.0 5000.0
1512180776.49 2500.0 5000.0
1512180776.58 2500.0 5000.0
1512180776.69 2500.0 5000.0
1512180776.79 2500.0 5000.0
1512180776.88 2500.0 5000.0
1512180776.99 2500.0 5000.0
1512180777.09 2500.0 5000.0
1512180777.19 2500.0 5000.0
1512180777.3 2500.0 5000.0
1512180777.4 2500.0 5000.0
1512180777.49 2500.0 5000.0
1512180777.59 2500.0 5000.0
1512180777.7 2500.0 5000.0
1512180777.8 2500.0 5000.0
1512180777.9 2500.0 5000.0
1512180778.01 2500.0 5000.0
1512180778.1 2500.0 5000.0
1512180778.2 2500.0 5000.0
1512180778.32 2500.0 5000.0
1512180778.41 2500.0 5000.0
1512180778.51 2500.0 5000.0
1512180778.6 2500.0 5000.0
1512180778.71 2437.5 5000.0
1512180778.8 2440.625 5000.0
1512180778.91 2443.59375 5000.0
1512180779.0 2383.9140625 5000.0
1512180779.11 2389.71835938 5000.0
1512180779.2 2395.23244141 5000.0
1512180779.3 2337.97081934 5000.0
1512180779.41 2346.07227837 5000.0
1512180779.5 2353.76866445 5000.0
1512180779.6 2298.58023123 5000.0
1512180779.7 2308.65121967 5000.0
1512180779.8 2318.21865868 5000.0
1512180779.9 2327.30772575 5000.0
1512180780.0 2273.44233946 5000.0
1512180780.09 2284.77022249 5000.0
1512180780.2 2295.53171136 5000.0
1512180780.3 2243.2551258 5000.0
1512180780.4 2256.09236951 5000.0
1512180780.5 2268.28775103 5000.0
1512180780.6 2217.37336348 5000.0
1512180780.7 2231.50469531 5000.0
1512180780.8 2244.92946054 5000.0
1512180780.9 2195.18298751 5000.0
1512180781.0 2210.42383814 5000.0
1512180781.1 2224.90264623 5000.0
1512180781.2 2176.15751392 5000.0
1512180781.3 2192.34963822 5000.0
1512180781.41 2207.73215631 5000.0
1512180781.51 2222.3455485 5000.0
1512180781.6 2236.22827107 5000.0
1512180781.7 2249.41685752 5000.0
1512180781.8 2261.94601464 5000.0
1512180781.91 2273.84871391 5000.0
1512180782.01 2285.15627821 5000.0
1512180782.1 2295.8984643 5000.0
1512180782.2 2306.10354109 5000.0
1512180782.3 2315.79836403 5000.0
1512180782.4 2325.00844583 5000.0
1512180782.51 2333.75802354 5000.0
1512180782.61 2342.07012236 5000.0
1512180782.71 2349.96661625 5000.0
1512180782.81 2357.46828543 5000.0
1512180782.91 2364.59487116 5000.0
1512180783.01 2371.3651276 5000.0
1512180783.11 2377.79687122 5000.0
1512180783.22 2383.90702766 5000.0
1512180783.32 2389.71167628 5000.0
1512180783.42 2395.22609247 5000.0
1512180783.52 2400.46478784 5000.0
1512180783.62 2405.44154845 5000.0
1512180783.72 2410.16947103 5000.0
1512180783.83 2414.66099748 5000.0
1512180783.92 2418.9279476 5000.0
1512180784.02 2422.98155022 5000.0
1512180784.12 2426.83247271 5000.0
1512180784.23 2430.49084908 5000.0
1512180784.32 2433.96630662 5000.0
1512180784.42 2437.26799129 5000.0
1512180784.52 2440.40459173 5000.0
1512180784.62 2443.38436214 5000.0
1512180784.73 2446.21514403 5000.0
1512180784.82 2448.90438683 5000.0
1512180784.92 2451.45916749 5000.0
1512180785.03 2453.88620912 5000.0
1512180785.12 2456.19189866 5000.0
1512180785.22 2458.38230373 5000.0
1512180785.32 2460.46318854 5000.0
1512180785.42 2462.44002911 5000.0
1512180785.52 2464.31802766 5000.0
1512180785.62 2466.10212627 5000.0
1512180785.73 2467.79701996 5000.0
1512180785.83 2469.40716896 5000.0
1512180785.92 2470.93681051 5000.0
1512180786.02 2472.38996999 5000.0
1512180786.12 2473.77047149 5000.0
1512180786.22 2475.08194791 5000.0
1512180786.32 2476.32785052 5000.0
1512180786.42 2477.51145799 5000.0
1512180786.52 2478.63588509 5000.0
1512180786.62 2479.70409084 5000.0
1512180786.72 2480.7188863 5000.0
1512180786.83 2481.68294198 5000.0
1512180786.92 2482.59879488 5000.0
1512180787.02 2483.46885514 5000.0
1512180787.12 2484.29541238 5000.0
1512180787.22 2485.08064176 5000.0
1512180787.32 2485.82660967 5000.0
1512180787.42 2486.53527919 5000.0
1512180787.52 2487.20851523 5000.0
1512180787.62 2487.84808947 5000.0
1512180787.72 2488.455685 5000.0
1512180787.82 2489.03290075 5000.0
1512180787.92 2489.58125571 5000.0
1512180788.03 2490.10219292 5000.0
1512180788.12 2490.59708328 5000.0
1512180788.22 2491.06722911 5000.0
1512180788.32 2491.51386766 5000.0
1512180788.43 2491.93817428 5000.0
1512180788.53 2492.34126556 5000.0
1512180788.62 2492.72420228 5000.0
1512180788.73 2493.08799217 5000.0
1512180788.83 2493.43359256 5000.0
1512180788.93 2493.76191293 5000.0
1512180789.03 2494.07381729 5000.0
1512180789.13 2494.37012642 5000.0
1512180789.23 2494.6516201 5000.0
1512180789.33 2494.9190391 5000.0
1512180789.44 2495.17308714 5000.0
1512180789.54 2495.41443278 5000.0
1512180789.64 2495.64371114 5000.0
1512180789.74 2495.86152559 5000.0
1512180789.84 2496.06844931 5000.0
1512180789.95 2496.26502684 5000.0
1512180790.05 2496.4517755 5000.0
1512180790.15 2496.62918673 5000.0
1512180790.25 2496.79772739 5000.0
1512180790.34 2496.95784102 5000.0
1512180790.46 2497.10994897 5000.0
1512180790.55 2497.25445152 5000.0
1512180790.66 2497.39172894 5000.0
1512180790.77 2497.5221425 5000.0
1512180790.86 2497.64603537 5000.0
1512180790.96 2497.7637336 5000.0
1512180791.07 2497.87554692 5000.0
1512180791.16 2497.98176958 5000.0
1512180791.28 2498.0826811 5000.0
1512180791.37 2498.17854704 5000.0
1512180791.49 2498.26961969 5000.0
1512180791.57 2498.35613871 5000.0
1512180791.69 2498.43833177 5000.0
1512180791.78 2498.51641518 5000.0
1512180791.87 2498.59059442 5000.0
1512180791.98 2498.6610647 5000.0
1512180792.07 2498.72801147 5000.0
1512180792.17 2498.79161089 5000.0
1512180792.28 2498.85203035 5000.0
1512180792.38 2498.90942883 5000.0
1512180792.47 2498.96395739 5000.0
1512180792.6 2499.01575952 5000.0
1512180792.67 2499.06497154 5000.0
1512180792.77 2499.11172297 5000.0
1512180792.87 2499.15613682 5000.0
1512180792.97 2499.19832998 5000.0
1512180793.07 2499.23841348 5000.0
1512180793.16 2499.27649281 5000.0
1512180793.29 2499.31266816 5000.0
1512180793.37 2499.34703476 5000.0
1512180793.48 2499.37968302 5000.0
1512180793.59 2499.41069887 5000.0
1512180793.68 2499.44016392 5000.0
1512180793.77 2499.46815573 5000.0
1512180793.87 2499.49474794 5000.0
1512180793.99 2499.52001054 5000.0
1512180794.07 2499.54401002 5000.0
1512180794.17 2499.56680952 5000.0
1512180794.27 2499.58846904 5000.0
1512180794.37 2499.60904559 5000.0
1512180794.47 2499.62859331 5000.0
1512180794.58 2499.64716364 5000.0
1512180794.67 2499.66480546 5000.0
1512180794.78 2499.68156519 5000.0
1512180794.87 2499.69748693 5000.0
1512180795.02 2499.71261258 5000.0
1512180795.07 2499.72698195 5000.0
1512180795.16 2499.74063286 5000.0
1512180795.26 2499.75360121 5000.0
1512180795.36 2499.76592115 5000.0
1512180795.46 2499.77762509 5000.0
1512180795.56 2499.78874384 5000.0
1512180795.66 2499.79930665 5000.0
1512180795.77 2499.80934132 5000.0
1512180795.87 2499.81887425 5000.0
1512180795.96 2499.82793054 5000.0
1512180796.06 2499.83653401 5000.0
1512180796.16 2499.84470731 5000.0
1512180796.26 2499.85247194 5000.0
1512180796.41 2499.85984835 5000.0
1512180796.47 2499.86685593 5000.0
1512180796.57 2499.87351313 5000.0
1512180796.66 2499.87983748 5000.0
1512180796.76 2499.8858456 5000.0
1512180796.86 2499.89155332 5000.0
1512180796.96 2499.89697566 5000.0
1512180797.06 2499.90212687 5000.0
1512180797.16 2499.90702053 5000.0
1512180797.26 2499.9116695 5000.0
1512180797.36 2499.91608603 5000.0
1512180797.46 2499.92028173 5000.0
1512180797.56 2499.92426764 5000.0
1512180797.66 2499.92805426 5000.0
1512180797.76 2499.93165155 5000.0
1512180797.86 2499.93506897 5000.0
1512180797.96 2499.93831552 5000.0
1512180798.06 2499.94139974 5000.0
1512180798.16 2499.94432976 5000.0
1512180798.26 2499.94711327 5000.0
1512180798.36 2499.94975761 5000.0
1512180798.46 2499.95226973 5000.0
1512180798.56 2499.95465624 5000.0
1512180798.66 2499.95692343 5000.0
1512180798.76 2499.95907726 5000.0
1512180798.87 2499.96112339 5000.0
1512180798.96 2499.96306722 5000.0
1512180799.07 2499.96491386 5000.0
1512180799.18 2499.96666817 5000.0
1512180799.27 2499.96833476 5000.0
1512180799.38 2499.96991802 5000.0
1512180799.48 2499.97142212 5000.0
1512180799.57 2499.97285102 5000.0
1512180799.67 2499.97420846 5000.0
1512180799.78 2499.97549804 5000.0
1512180799.87 2499.97672314 5000.0
1512180799.98 2499.97788698 5000.0
1512180800.07 2499.97899263 5000.0
1512180800.17 2499.980043 5000.0
1512180800.27 2499.98104085 5000.0
1512180800.4 2499.98198881 5000.0
1512180800.48 2499.98288937 5000.0
1512180800.57 2499.9837449 5000.0
1512180800.67 2499.98455766 5000.0
1512180800.77 2499.98532977 5000.0
1512180800.88 2499.98606328 5000.0
1512180800.97 2499.98676012 5000.0
1512180801.07 2499.98742211 5000.0
1512180801.17 2499.98805101 5000.0
1512180801.27 2499.98864846 5000.0
1512180801.38 2499.98921603 5000.0
1512180801.47 2499.98975523 5000.0
1512180801.57 2499.99026747 5000.0
1512180801.71 2499.9907541 5000.0
1512180801.77 2499.99121639 5000.0
1512180801.87 2499.99165557 5000.0
1512180801.97 2499.99207279 5000.0
1512180802.07 2499.99246915 5000.0
1512180802.17 2499.9928457 5000.0
1512180802.27 2499.99320341 5000.0
1512180802.37 2499.99354324 5000.0
1512180802.47 2499.99386608 5000.0
1512180802.57 2499.99417278 5000.0
1512180802.67 2499.99446414 5000.0
1512180802.77 2499.99474093 5000.0
1512180802.87 2499.99500388 5000.0
1512180802.97 2499.99525369 5000.0
1512180803.07 2499.995491 5000.0
1512180803.17 2499.99571645 5000.0
1512180803.28 2499.99593063 5000.0
1512180803.37 2499.9961341 5000.0
1512180803.47 2499.9963274 5000.0
1512180803.57 2499.99651103 5000.0
1512180803.67 2499.99668547 5000.0
1512180803.77 2499.9968512 5000.0
1512180803.87 2499.99700864 5000.0
1512180803.98 2499.99715821 5000.0
1512180804.08 2499.9973003 5000.0
1512180804.18 2499.99743528 5000.0
1512180804.28 2499.99756352 5000.0
1512180804.38 2499.99768534 5000.0
1512180804.48 2499.99780108 5000.0
1512180804.58 2499.99791102 5000.0
1512180804.68 2499.99801547 5000.0
1512180804.79 2499.9981147 5000.0
1512180804.88 2499.99820896 5000.0
1512180804.98 2499.99829851 5000.0
1512180805.09 2499.99838359 5000.0
1512180805.18 2499.99846441 5000.0
1512180805.28 2499.99854119 5000.0
1512180805.38 2499.99861413 5000.0
1512180805.47 2499.99868342 5000.0
1512180805.58 2499.99874925 5000.0
1512180805.68 2499.99881179 5000.0
1512180805.78 2499.9988712 5000.0
1512180805.87 2499.99892764 5000.0
1512180805.98 2499.99898126 5000.0
1512180806.08 2499.99903219 5000.0
1512180806.2 2499.99908059 5000.0
1512180806.28 2499.99912656 5000.0
1512180806.38 2499.99917023 5000.0
1512180806.48 2499.99921172 5000.0
1512180806.58 2499.99925113 5000.0
1512180806.71 2499.99928857 5000.0
1512180806.78 2499.99932415 5000.0
1512180806.88 2499.99935794 5000.0
1512180806.98 2499.99939004 5000.0
1512180807.08 2499.99942054 5000.0
1512180807.18 2499.99944951 5000.0
1512180807.28 2499.99947704 5000.0
1512180807.38 2499.99950318 5000.0
1512180807.48 2499.99952803 5000.0
1512180807.58 2499.99955162 5000.0
1512180807.68 2499.99957404 5000.0
1512180807.78 2499.99959534 5000.0
1512180807.92 2499.99961557 5000.0
1512180807.99 2499.9996348 5000.0
1512180808.08 2499.99965306 5000.0
1512180808.18 2499.9996704 5000.0
1512180808.28 2499.99968688 5000.0
1512180808.38 2499.99970254 5000.0
1512180808.48 2499.99971741 5000.0
1512180808.58 2499.99973154 5000.0
1512180808.68 2499.99974496 5000.0
1512180808.78 2499.99975772 5000.0
1512180808.88 2499.99976983 5000.0
1512180808.98 2499.99978134 5000.0
1512180809.09 2499.99979227 5000.0
1512180809.18 2499.99980266 5000.0
1512180809.29 2499.99981253 5000.0
1512180809.39 2499.9998219 5000.0
1512180809.49 2499.9998308 5000.0
1512180809.59 2499.99983926 5000.0
1512180809.69 2499.9998473 5000.0
1512180809.79 2499.99985494 5000.0
1512180809.9 2499.99986219 5000.0
1512180809.99 2499.99986908 5000.0
1512180810.09 2499.99987563 5000.0
1512180810.19 2499.99988184 5000.0
1512180810.29 2499.99988775 5000.0
1512180810.39 2499.99989336 5000.0
1512180810.49 2499.9998987 5000.0
1512180810.59 2499.99990376 5000.0
1512180810.69 2499.99990857 5000.0
1512180810.79 2499.99991314 5000.0
1512180810.89 2499.99991749 5000.0
1512180810.98 2499.99992161 5000.0
1512180811.09 2499.99992553 5000.0
1512180811.19 2499.99992926 5000.0
1512180811.29 2499.99993279 5000.0
1512180811.39 2499.99993615 5000.0
1512180811.49 2499.99993935 5000.0
1512180811.59 2499.99994238 5000.0
1512180811.69 2499.99994526 5000.0
1512180811.79 2499.999948 5000.0
1512180811.89 2499.9999506 5000.0
1512180812.0 2499.99995307 5000.0
1512180812.1 2541.66662208 5000.0
1512180812.22 2581.24995764 5000.0
1512180812.33 2618.85412643 5000.0
1512180812.4 2654.57808677 5000.0
1512180812.51 2688.5158491 5000.0
1512180812.62 2720.75672331 5000.0
1512180812.72 2751.38555381 5000.0
1512180812.82 2780.48294279 5000.0
1512180812.92 2808.12546232 5000.0
1512180813.03 2834.38585587 5000.0
1512180813.12 2859.33322974 5000.0
1512180813.21 2883.03323492 5000.0
1512180813.32 2905.54823984 5000.0
1512180813.41 2926.93749452 5000.0
1512180813.52 2947.25728646 5000.0
1512180813.62 2966.5610888 5000.0
1512180813.72 2984.89970103 5000.0
1512180813.82 3002.32138264 5000.0
1512180813.93 3018.87198018 5000.0
1512180814.02 3034.59504783 5000.0
1512180814.12 3049.53196211 5000.0
1512180814.23 3063.72203067 5000.0
1512180814.32 3077.2025958 5000.0
1512180814.43 3090.00913268 5000.0
1512180814.53 3102.17534271 5000.0
1512180814.62 3113.73324224 5000.0
1512180814.72 3124.7132468 5000.0
1512180814.83 3135.14425113 5000.0
1512180814.92 3145.05370524 5000.0
1512180815.03 3154.46768664 5000.0
1512180815.13 3163.41096898 5000.0
1512180815.22 3171.90708719 5000.0
1512180815.32 3179.9783995 5000.0
1512180815.42 3187.64614619 5000.0
1512180815.53 3194.93050555 5000.0
1512180815.63 3201.85064694 5000.0
1512180815.73 3208.42478126 5000.0
1512180815.81 3214.67020886 5000.0
1512180815.92 3220.60336509 5000.0
1512180816.03 3226.2398635 5000.0
1512180816.13 3231.59453699 5000.0
1512180816.22 3236.68147681 5000.0
1512180816.32 3241.51406963 5000.0
1512180816.43 3246.10503282 5000.0
1512180816.53 3250.46644784 5000.0
1512180816.63 3254.60979212 5000.0
1512180816.73 3258.54596918 5000.0
1512180816.82 3262.28533739 5000.0
1512180816.92 3265.83773718 5000.0
1512180817.02 3269.21251699 5000.0
1512180817.13 3272.41855781 5000.0
1512180817.23 3275.46429658 5000.0
1512180817.33 3278.35774842 5000.0
1512180817.43 3281.10652767 5000.0
1512180817.53 3283.71786795 5000.0
1512180817.63 3286.19864122 5000.0
1512180817.73 3288.55537583 5000.0
1512180817.84 3290.7942737 5000.0
1512180817.94 3292.92122668 5000.0
1512180818.03 3294.94183202 5000.0
1512180818.13 3296.86140708 5000.0
1512180818.24 3298.68500339 5000.0
1512180818.35 3300.41741989 5000.0
1512180818.45 3302.06321556 5000.0
1512180818.55 3303.62672145 5000.0
1512180818.65 3305.11205205 5000.0
1512180818.76 3306.52311611 5000.0
1512180818.86 3307.86362697 5000.0
1512180818.96 3309.13711229 5000.0
1512180819.06 3310.34692334 5000.0
1512180819.15 3311.49624384 5000.0
1512180819.26 3312.58809832 5000.0
1512180819.36 3313.62536007 5000.0
1512180819.46 3314.61075873 5000.0
1512180819.56 3315.54688746 5000.0
1512180819.67 3316.43620975 5000.0
1512180819.77 3317.28106593 5000.0
1512180819.86 3318.0836793 5000.0
1512180819.96 3318.846162 5000.0
1512180820.05 3319.57052057 5000.0
1512180820.14 3320.25866121 5000.0
1512180820.25 3320.91239482 5000.0
1512180820.35 3321.53344174 5000.0
1512180820.44 3322.12343632 5000.0
1512180820.55 3322.68393117 5000.0
1512180820.66 3323.21640128 5000.0
1512180820.75 3323.72224788 5000.0
1512180820.85 3324.20280215 5000.0
1512180820.96 3324.65932871 5000.0
1512180821.05 3325.09302894 5000.0
1512180821.16 3325.50504416 5000.0
1512180821.24 3325.89645862 5000.0
1512180821.35 3326.26830236 5000.0
1512180821.46 3326.62155391 5000.0
1512180821.55 3326.95714288 5000.0
1512180821.66 3327.2759524 5000.0
1512180821.76 3327.57882145 5000.0
1512180821.85 3327.86654704 5000.0
1512180821.96 3328.13988636 5000.0
1512180822.07 3328.39955871 5000.0
1512180822.17 3328.64624744 5000.0
1512180822.27 3328.88060173 5000.0
1512180822.37 3329.10323831 5000.0
1512180822.47 3329.31474306 5000.0
1512180822.57 3329.51567258 5000.0
1512180822.66 3329.70655561 5000.0
1512180822.76 3329.8878945 5000.0
1512180822.86 3330.06016644 5000.0
1512180822.97 3330.22382479 5000.0
1512180823.07 3330.37930021 5000.0
1512180823.18 3330.52700187 5000.0
1512180823.27 3330.66731844 5000.0
1512180823.37 3330.80061919 5000.0
1512180823.47 3330.92725489 5000.0
1512180823.57 3331.04755882 5000.0
1512180823.68 3331.16184754 5000.0
1512180823.77 3331.27042183 5000.0
1512180823.87 3331.37356741 5000.0
1512180823.97 3331.4715557 5000.0
1512180824.07 3331.56464458 5000.0
1512180824.16 3331.65307902 5000.0
1512180824.26 3331.73709174 5000.0
1512180824.36 3331.81690382 5000.0
1512180824.46 3331.89272529 5000.0
1512180824.56 3331.9647557 5000.0
1512180824.66 3332.03318458 5000.0
1512180824.76 3332.09819202 5000.0
1512180824.86 3332.15994908 5000.0
1512180824.96 3332.21861829 5000.0
1512180825.07 3332.27435405 5000.0
1512180825.17 3332.32730301 5000.0
1512180825.26 3332.37760453 5000.0
1512180825.37 3332.42539097 5000.0
1512180825.47 3332.47078808 5000.0
1512180825.57 3332.51391535 5000.0
1512180825.68 3332.55488625 5000.0
1512180825.77 3332.5938086 5000.0
1512180825.87 3332.63078484 5000.0
1512180825.98 3332.66591226 5000.0
1512180826.08 3332.69928332 5000.0
1512180826.18 3332.73098582 5000.0
1512180826.28 3332.76110319 5000.0
1512180826.38 3332.7897147 5000.0
1512180826.48 3332.81689563 5000.0
1512180826.57 3332.84271752 5000.0
1512180826.67 3332.86724831 5000.0
1512180826.77 3332.89055256 5000.0
1512180826.87 3332.9126916 5000.0
1512180826.98 3332.93372368 5000.0
1512180827.07 3332.95370417 5000.0
1512180827.17 3332.97268562 5000.0
1512180827.27 3332.99071801 5000.0
1512180827.38 3333.00784878 5000.0
1512180827.47 3333.024123 5000.0
1512180827.57 3333.03958352 5000.0
1512180827.67 3333.05427101 5000.0
1512180827.78 3333.06822413 5000.0
1512180827.88 3333.08147959 5000.0
1512180827.98 3333.09407228 5000.0
1512180828.08 3333.10603533 5000.0
1512180828.17 3333.11740023 5000.0
1512180828.27 3333.12819688 5000.0
1512180828.37 3333.13845371 5000.0
1512180828.48 3333.14819769 5000.0
1512180828.57 3333.15745447 5000.0
1512180828.67 3333.16624841 5000.0
1512180828.77 3333.17460266 5000.0
1512180828.87 3333.18253919 5000.0
1512180828.98 3333.1900789 5000.0
1512180829.07 3333.19724162 5000.0
1512180829.17 3333.20404621 5000.0
1512180829.28 3333.21051056 5000.0
1512180829.38 3333.2166517 5000.0
1512180829.48 3333.22248578 5000.0
1512180829.58 3333.22802816 5000.0
1512180829.69 3333.23329342 5000.0
1512180829.78 3333.23829542 5000.0
1512180829.88 3333.24304731 5000.0
1512180829.98 3333.24756161 5000.0
1512180830.1 3333.2518502 5000.0
1512180830.18 3333.25592435 5000.0
1512180830.28 3333.2597948 5000.0
1512180830.4 3333.26347173 5000.0
1512180830.5 3333.26696481 5000.0
1512180830.58 3333.27028324 5000.0
1512180830.69 3333.27343574 5000.0
1512180830.79 3333.27643062 5000.0
1512180830.89 3333.27927576 5000.0
1512180830.99 3333.28197864 5000.0
1512180831.08 3333.28454637 5000.0
1512180831.18 3333.28698572 5000.0
1512180831.3 3333.2893031 5000.0
1512180831.39 3333.29150461 5000.0
1512180831.49 3333.29359605 5000.0
1512180831.59 3333.29558291 5000.0
1512180831.69 3333.29747043 5000.0
1512180831.8 3333.29926358 5000.0
1512180831.88 3333.30096707 5000.0
1512180831.98 3333.30258538 5000.0
1512180832.09 3333.30412278 5000.0
1512180832.19 3354.13891664 5000.0
1512180832.29 3373.93197081 5000.0
1512180832.4 3392.73537227 5000.0
1512180832.49 3410.59860365 5000.0
1512180832.6 3427.56867347 5000.0
1512180832.69 3443.6902398 5000.0
1512180832.79 3459.00572781 5000.0
1512180832.89 3473.55544142 5000.0
1512180832.99 3487.37766935 5000.0
1512180833.09 3500.50878588 5000.0
1512180833.19 3512.98334658 5000.0
1512180833.3 3524.83417925 5000.0
1512180833.41 3536.09247029 5000.0
1512180833.51 3546.78784678 5000.0
1512180833.6 3556.94845444 5000.0
1512180833.72 3566.60103172 5000.0
1512180833.79 3575.77098013 5000.0
1512180833.9 3584.48243112 5000.0
1512180834.0 3592.75830957 5000.0
1512180834.1 3600.62039409 5000.0
1512180834.21 3608.08937439 5000.0
1512180834.3 3615.18490567 5000.0
1512180834.39 3621.92566038 5000.0
1512180834.51 3628.32937736 5000.0
1512180834.61 3634.4129085 5000.0
1512180834.71 3640.19226307 5000.0
1512180834.81 3645.68264992 5000.0
1512180834.91 3650.89851742 5000.0
1512180835.01 3655.85359155 5000.0
1512180835.11 3660.56091197 5000.0
1512180835.2 3665.03286637 5000.0
1512180835.29 3669.28122306 5000.0
1512180835.41 3673.3171619 5000.0
1512180835.51 3677.15130381 5000.0
1512180835.61 3680.79373862 5000.0
1512180835.7 3684.25405169 5000.0
1512180835.8 3687.5413491 5000.0
1512180835.91 3690.66428165 5000.0
1512180836.0 3693.63106756 5000.0
1512180836.1 3696.44951419 5000.0
1512180836.21 3699.12703848 5000.0
1512180836.31 3701.67068655 5000.0
1512180836.41 3704.08715223 5000.0
1512180836.5 3706.38279461 5000.0
1512180836.61 3708.56365488 5000.0
1512180836.71 3710.63547214 5000.0
1512180836.83 3712.60369853 5000.0
1512180836.92 3714.47351361 5000.0
1512180837.03 3716.24983793 5000.0
1512180837.13 3717.93734603 5000.0
1512180837.23 3719.54047873 5000.0
1512180837.33 3721.06345479 5000.0
1512180837.44 3722.51028205 5000.0
1512180837.53 3723.88476795 5000.0
1512180837.62 3725.19052955 5000.0
1512180837.74 3726.43100307 5000.0
1512180837.84 3727.60945292 5000.0
1512180837.93 3728.72898027 5000.0
1512180838.03 3729.79253126 5000.0
1512180838.12 3730.8029047 5000.0
1512180838.23 3731.76275946 5000.0
1512180838.33 3732.67462149 5000.0
1512180838.43 3733.54089042 5000.0
1512180838.54 3734.36384589 5000.0
1512180838.63 3735.1456536 5000.0
1512180838.73 3735.88837092 5000.0
1512180838.83 3736.59395237 5000.0
1512180838.94 3737.26425475 5000.0
1512180839.04 3737.90104202 5000.0
1512180839.14 3738.50598992 5000.0
1512180839.25 3739.08069042 5000.0
1512180839.34 3739.6266559 5000.0
1512180839.43 3740.1453231 5000.0
1512180839.53 3740.63805695 5000.0
1512180839.63 3741.1061541 5000.0
1512180839.73 3741.5508464 5000.0
1512180839.82 3741.97330408 5000.0
1512180839.92 3742.37463887 5000.0
1512180840.03 3742.75590693 5000.0
1512180840.13 3743.11811158 5000.0
1512180840.23 3743.462206 5000.0
1512180840.35 3743.7890957 5000.0
1512180840.45 3744.09964092 5000.0
1512180840.54 3744.39465887 5000.0
1512180840.65 3744.67492593 5000.0
1512180840.75 3744.94117963 5000.0
1512180840.85 3745.19412065 5000.0
1512180840.95 3745.43441462 5000.0
1512180841.05 3745.66269389 5000.0
1512180841.15 3745.87955919 5000.0
1512180841.23 3746.08558123 5000.0
1512180841.34 3746.28130217 5000.0
1512180841.45 3746.46723706 5000.0
1512180841.54 3746.64387521 5000.0
1512180841.64 3746.81168145 5000.0
1512180841.75 3746.97109738 5000.0
1512180841.83 3747.12254251 5000.0
1512180841.93 3747.26641538 5000.0
1512180842.04 3747.40309461 5000.0
1512180842.14 3747.53293988 5000.0
1512180842.24 3747.65629289 5000.0
1512180842.34 3747.77347824 5000.0
1512180842.44 3747.88480433 5000.0
1512180842.53 3747.99056412 5000.0
1512180842.63 3748.09103591 5000.0
1512180842.73 3748.18648411 5000.0
1512180842.83 3748.27715991 5000.0
1512180842.94 3748.36330191 5000.0
1512180843.04 3748.44513682 5000.0
1512180843.14 3748.52287998 5000.0
1512180843.24 3748.59673598 5000.0
1512180843.34 3748.66689918 5000.0
1512180843.44 3748.73355422 5000.0
1512180843.54 3748.79687651 5000.0
1512180843.64 3748.85703268 5000.0
1512180843.75 3748.91418105 5000.0
1512180843.86 3748.968472 5000.0
1512180843.96 3749.0200484 5000.0
1512180844.05 3749.06904598 5000.0
1512180844.16 3749.11559368 5000.0
1512180844.26 3749.15981399 5000.0
1512180844.36 3749.20182329 5000.0
1512180844.46 3749.24173213 5000.0
1512180844.55 3749.27964552 5000.0
1512180844.65 3749.31566325 5000.0
1512180844.75 3749.34988008 5000.0
1512180844.84 3749.38238608 5000.0
1512180844.95 3749.41326678 5000.0
1512180845.05 3749.44260344 5000.0
1512180845.15 3749.47047327 5000.0
1512180845.26 3749.4969496 5000.0
1512180845.37 3749.52210212 5000.0
1512180845.47 3749.54599702 5000.0
1512180845.55 3749.56869717 5000.0
1512180845.67 3749.59026231 5000.0
1512180845.75 3749.61074919 5000.0
1512180845.85 3749.63021173 5000.0
1512180845.95 3749.64870115 5000.0
1512180846.05 3749.66626609 5000.0
1512180846.16 3749.68295278 5000.0
1512180846.25 3749.69880514 5000.0
1512180846.35 3749.71386489 5000.0
1512180846.46 3749.72817164 5000.0
1512180846.56 3749.74176306 5000.0
1512180846.65 3749.75467491 5000.0
1512180846.75 3749.76694116 5000.0
1512180846.86 3749.7785941 5000.0
1512180846.95 3749.7896644 5000.0
1512180847.06 3749.80018118 5000.0
1512180847.16 3749.81017212 5000.0
1512180847.26 3749.81966351 5000.0
1512180847.36 3749.82868034 5000.0
1512180847.47 3749.83724632 5000.0
1512180847.57 3749.84538401 5000.0
1512180847.66 3749.85311481 5000.0
1512180847.78 3749.86045907 5000.0
1512180847.89 3749.86743611 5000.0
1512180847.96 3749.87406431 5000.0
1512180848.06 3749.88036109 5000.0
1512180848.17 3749.88634304 5000.0
1512180848.26 3749.89202588 5000.0
1512180848.35 3749.89742459 5000.0
1512180848.46 3749.90255336 5000.0
1512180848.56 3749.90742569 5000.0
1512180848.66 3749.91205441 5000.0
1512180848.77 3749.91645169 5000.0
1512180848.87 3749.9206291 5000.0
1512180848.96 3749.92459765 5000.0
1512180849.06 3749.92836777 5000.0
1512180849.16 3749.93194938 5000.0
1512180849.25 3749.93535191 5000.0
1512180849.35 3749.93858431 5000.0
1512180849.46 3749.9416551 5000.0
1512180849.56 3749.94457234 5000.0
1512180849.65 3749.94734373 5000.0
1512180849.76 3749.94997654 5000.0
1512180849.86 3749.95247771 5000.0
1512180849.95 3749.95485383 5000.0
1512180850.05 3749.95711114 5000.0
1512180850.16 3749.95925558 5000.0
1512180850.26 3749.9612928 5000.0
1512180850.36 3749.96322816 5000.0
1512180850.46 3749.96506675 5000.0
1512180850.57 3749.96681341 5000.0
1512180850.67 3749.96847274 5000.0
1512180850.79 3749.97004911 5000.0
1512180850.88 3749.97154665 5000.0
1512180850.97 3749.97296932 5000.0
1512180851.08 3749.97432085 5000.0
1512180851.18 3749.97560481 5000.0
1512180851.28 3749.97682457 5000.0
1512180851.38 3749.97798334 5000.0
1512180851.47 3749.97908417 5000.0
1512180851.58 3749.98012997 5000.0
1512180851.68 3749.98112347 5000.0
1512180851.79 3749.98206729 5000.0
1512180851.89 3749.98296393 5000.0
1512180851.98 3749.98381573 5000.0
1512180852.08 3749.98462495 5000.0
1512180852.17 3749.9853937 5000.0
1512180852.3 3749.98612401 5000.0
1512180852.39 3729.15348448 5000.0
1512180852.5 3730.19581026 5000.0
1512180852.59 3731.18601974 5000.0
1512180852.69 3732.12671876 5000.0
1512180852.78 3733.02038282 5000.0
1512180852.88 3733.86936368 5000.0
1512180852.99 3734.67589549 5000.0
1512180853.09 3735.44210072 5000.0
1512180853.18 3736.16999568 5000.0
1512180853.28 3736.8614959 5000.0
1512180853.37 3737.5184211 5000.0
1512180853.48 3738.14250005 5000.0
1512180853.58 3738.73537505 5000.0
1512180853.7 3739.29860629 5000.0
1512180853.79 3739.83367598 5000.0
1512180853.89 3740.34199218 5000.0
1512180853.99 3740.82489257 5000.0
1512180854.08 3741.28364794 5000.0
1512180854.19 3741.71946555 5000.0
1512180854.29 3742.13349227 5000.0
1512180854.39 3742.52681765 5000.0
1512180854.48 3742.90047677 5000.0
1512180854.59 3743.25545293 5000.0
1512180854.69 3743.59268029 5000.0
1512180854.8 3743.91304627 5000.0
1512180854.89 3744.21739396 5000.0
1512180854.99 3744.50652426 5000.0
1512180855.08 3744.78119805 5000.0
1512180855.19 3745.04213815 5000.0
1512180855.29 3745.29003124 5000.0
1512180855.41 3745.52552968 5000.0
1512180855.51 3745.74925319 5000.0
1512180855.59 3745.96179053 5000.0
1512180855.69 3746.16370101 5000.0
1512180855.8 3746.35551596 5000.0
1512180855.9 3746.53774016 5000.0
1512180855.99 3746.71085315 5000.0
1512180856.09 3746.87531049 5000.0
1512180856.2 3747.03154497 5000.0
1512180856.27 3747.17996772 5000.0
1512180856.39 3747.32096933 5000.0
1512180856.47 3747.45492087 5000.0
1512180856.58 3747.58217482 5000.0
1512180856.68 3747.70306608 5000.0
1512180856.77 3747.81791278 5000.0
1512180856.88 3747.92701714 5000.0
1512180856.98 3748.03066628 5000.0
1512180857.1 3748.12913297 5000.0
1512180857.18 3748.22267632 5000.0
1512180857.28 3748.3115425 5000.0
1512180857.38 3748.39596538 5000.0
1512180857.48 3748.47616711 5000.0
1512180857.59 3748.55235875 5000.0
1512180857.68 3748.62474082 5000.0
1512180857.8 3748.69350378 5000.0
1512180857.88 3748.75882859 5000.0
1512180858.0 3748.82088716 5000.0
1512180858.1 3748.8798428 5000.0
1512180858.19 3748.93585066 5000.0
1512180858.29 3748.98905813 5000.0
1512180858.39 3749.03960522 5000.0
1512180858.5 3749.08762496 5000.0
1512180858.59 3749.13324371 5000.0
1512180858.71 3749.17658153 5000.0
1512180858.81 3749.21775245 5000.0
1512180858.9 3749.25686483 5000.0
1512180858.99 3749.29402159 5000.0
1512180859.1 3749.32932051 5000.0
1512180859.2 3749.36285448 5000.0
1512180859.29 3749.39471176 5000.0
1512180859.39 3749.42497617 5000.0
1512180859.49 3749.45372736 5000.0
1512180859.61 3749.48104099 5000.0
1512180859.71 3749.50698894 5000.0
1512180859.8 3749.5316395 5000.0
1512180859.89 3749.55505752 5000.0
1512180859.99 3749.57730465 5000.0
1512180860.1 3749.59843941 5000.0
1512180860.2 3749.61851744 5000.0
1512180860.29 3749.63759157 5000.0
1512180860.39 3749.65571199 5000.0
1512180860.5 3749.67292639 5000.0
1512180860.6 3749.68928007 5000.0
1512180860.7 3749.70481607 5000.0
1512180860.79 3749.71957527 5000.0
1512180860.89 3749.7335965 5000.0
1512180860.99 3749.74691668 5000.0
1512180861.1 3749.75957084 5000.0
1512180861.2 3749.7715923 5000.0
1512180861.31 3749.78301269 5000.0
1512180861.4 3749.79386205 5000.0
1512180861.49 3749.80416895 5000.0
1512180861.6 3749.8139605 5000.0
1512180861.71 3749.82326248 5000.0
1512180861.81 3749.83209935 5000.0
1512180861.91 3749.84049439 5000.0
1512180862.02 3749.84846967 5000.0
1512180862.12 3749.85604618 5000.0
1512180862.21 3749.86324387 5000.0
1512180862.32 3749.87008168 5000.0
1512180862.41 3749.8765776 5000.0
1512180862.51 3749.88274872 5000.0
1512180862.61 3749.88861128 5000.0
1512180862.72 3749.89418072 5000.0
1512180862.81 3749.89947168 5000.0
1512180862.91 3749.9044981 5000.0
1512180863.02 3749.90927319 5000.0
1512180863.11 3749.91380953 5000.0
1512180863.21 3749.91811906 5000.0
1512180863.3 3749.9222131 5000.0
1512180863.41 3749.92610245 5000.0
1512180863.51 3749.92979733 5000.0
1512180863.61 3749.93330746 5000.0
1512180863.74 3749.93664209 5000.0
1512180863.8 3749.93980998 5000.0
1512180863.92 3749.94281948 5000.0
1512180864.01 3749.94567851 5000.0
1512180864.1 3749.94839458 5000.0
1512180864.2 3749.95097485 5000.0
1512180864.3 3749.95342611 5000.0
1512180864.41 3749.95575481 5000.0
1512180864.51 3749.95796707 5000.0
1512180864.62 3749.96006871 5000.0
1512180864.7 3749.96206528 5000.0
1512180864.81 3749.96396201 5000.0
1512180864.91 3749.96576391 5000.0
1512180865.02 3749.96747572 5000.0
1512180865.12 3749.96910193 5000.0
1512180865.21 3749.97064683 5000.0
1512180865.31 3749.97211449 5000.0
1512180865.42 3749.97350877 5000.0
1512180865.53 3749.97483333 5000.0
1512180865.63 3749.97609166 5000.0
1512180865.72 3749.97728708 5000.0
1512180865.82 3749.97842273 5000.0
1512180865.92 3749.97950159 5000.0
1512180866.01 3749.98052651 5000.0
1512180866.12 3749.98150018 5000.0
1512180866.24 3749.98242518 5000.0
1512180866.31 3749.98330392 5000.0
1512180866.41 3749.98413872 5000.0
1512180866.51 3749.98493178 5000.0
1512180866.61 3749.9856852 5000.0
1512180866.72 3749.98640094 5000.0
1512180866.8 3749.98708089 5000.0
1512180866.9 3749.98772684 5000.0
1512180867.01 3749.9883405 5000.0
1512180867.11 3749.98892348 5000.0
1512180867.21 3749.9894773 5000.0
1512180867.32 3749.99000344 5000.0
1512180867.41 3749.99050327 5000.0
1512180867.52 3749.9909781 5000.0
1512180867.6 3749.9914292 5000.0
1512180867.72 3749.99185774 5000.0
1512180867.8 3749.99226485 5000.0
1512180867.93 3749.99265161 5000.0
1512180868.02 3749.99301903 5000.0
1512180868.11 3749.99336808 5000.0
1512180868.21 3749.99369967 5000.0
1512180868.32 3749.99401469 5000.0
1512180868.41 3749.99431395 5000.0
1512180868.53 3749.99459826 5000.0
1512180868.61 3749.99486834 5000.0
1512180868.72 3749.99512493 5000.0
1512180868.83 3749.99536868 5000.0
1512180868.92 3749.99560025 5000.0
1512180869.03 3749.99582023 5000.0
1512180869.13 3749.99602922 5000.0
1512180869.23 3749.99622776 5000.0
1512180869.32 3749.99641637 5000.0
1512180869.42 3749.99659555 5000.0
1512180869.53 3749.99676578 5000.0
1512180869.64 3749.99692749 5000.0
1512180869.72 3749.99708111 5000.0
1512180869.83 3749.99722706 5000.0
1512180869.92 3749.99736571 5000.0
1512180870.02 3749.99749742 5000.0
1512180870.12 3749.99762255 5000.0
1512180870.21 3749.99774142 5000.0
1512180870.32 3749.99785435 5000.0
1512180870.41 3749.99796163 5000.0
1512180870.53 3749.99806355 5000.0
1512180870.63 3749.99816037 5000.0
1512180870.73 3749.99825235 5000.0
1512180870.82 3749.99833974 5000.0
1512180870.93 3749.99842275 5000.0
1512180871.02 3749.99850161 5000.0
1512180871.12 3749.99857653 5000.0
1512180871.22 3749.99864771 5000.0
1512180871.32 3749.99871532 5000.0
1512180871.42 3749.99877955 5000.0
1512180871.53 3749.99884058 5000.0
1512180871.63 3749.99889855 5000.0
1512180871.75 3749.99895362 5000.0
1512180871.82 3749.99900594 5000.0
1512180871.92 3749.99905564 5000.0
1512180872.02 3749.99910286 5000.0
1512180872.12 3749.99914772 5000.0
1512180872.22 3749.99919033 5000.0
1512180872.33 3749.99923081 5000.0
1512180872.42 3749.99926927 5000.0
1512180872.53 3749.99930581 5000.0
1512180872.63 3749.99934052 5000.0
1512180872.72 3749.99937349 5000.0
1512180872.82 3749.99940482 5000.0
1512180872.91 3749.99943458 5000.0
1512180873.03 3749.99946285 5000.0
1512180873.13 3749.99948971 5000.0
1512180873.22 3749.99951522 5000.0
1512180873.33 3749.99953946 5000.0
1512180873.42 3749.99956249 5000.0
1512180873.53 3749.99958436 5000.0
1512180873.62 3749.99960514 5000.0
1512180873.73 3749.99962489 5000.0
1512180873.82 3749.99964364 5000.0
1512180873.92 3749.99966146 5000.0
1512180874.02 3749.99967839 5000.0
1512180874.13 3749.99969447 5000.0
1512180874.22 3749.99970975 5000.0
1512180874.34 3749.99972426 5000.0
1512180874.43 3749.99973805 5000.0
1512180874.52 3749.99975114 5000.0
1512180874.63 3749.99976359 5000.0
1512180874.73 3749.99977541 5000.0
1512180874.83 3749.99978664 5000.0
1512180874.93 3749.9997973 5000.0
1512180875.03 3749.99980744 5000.0
1512180875.12 3749.99981707 5000.0
1512180875.22 3749.99982621 5000.0
1512180875.32 3749.9998349 5000.0
1512180875.44 3749.99984316 5000.0
1512180875.54 3749.999851 5000.0
1512180875.64 3749.99985845 5000.0
1512180875.76 3749.99986553 5000.0
1512180875.85 3749.99987225 5000.0
1512180875.95 3749.99987864 5000.0
1512180876.05 3749.99988471 5000.0
1512180876.15 3749.99989047 5000.0
1512180876.25 3749.99989595 5000.0
1512180876.34 3749.99990115 5000.0
1512180876.45 3749.99990609 5000.0
1512180876.55 3749.99991079 5000.0
1512180876.65 3749.99991525 5000.0
1512180876.75 3749.99991949 5000.0
1512180876.85 3749.99992351 5000.0
1512180876.94 3749.99992734 5000.0
1512180877.04 3749.99993097 5000.0
1512180877.14 3749.99993442 5000.0
1512180877.24 3749.9999377 5000.0
1512180877.34 3749.99994082 5000.0
1512180877.45 3749.99994377 5000.0
1512180877.56 3749.99994659 5000.0
1512180877.65 3749.99994926 5000.0
1512180877.76 3749.99995179 5000.0
1512180877.85 3749.9999542 5000.0
1512180877.96 3749.99995649 5000.0
1512180878.05 3749.99995867 5000.0
1512180878.15 3749.99996074 5000.0
1512180878.25 3749.9999627 5000.0
1512180878.34 3749.99996456 5000.0
1512180878.44 3749.99996634 5000.0
1512180878.55 3749.99996802 5000.0
1512180878.64 3749.99996962 5000.0
1512180878.75 3749.99997114 5000.0
1512180878.85 3749.99997258 5000.0
1512180878.95 3749.99997395 5000.0
1512180879.06 3749.99997525 5000.0
1512180879.16 3749.99997649 5000.0
1512180879.27 3749.99997767 5000.0
1512180879.37 3749.99997878 5000.0
1512180879.46 3749.99997984 5000.0
1512180879.56 3749.99998085 5000.0
1512180879.65 3749.99998181 5000.0
1512180879.75 3749.99998272 5000.0
1512180879.85 3749.99998358 5000.0
1512180879.97 3749.9999844 5000.0
1512180880.06 3749.99998518 5000.0
1512180880.15 3749.99998592 5000.0
1512180880.25 3749.99998663 5000.0
1512180880.36 3749.9999873 5000.0
1512180880.46 3749.99998793 5000.0
1512180880.55 3749.99998854 5000.0
1512180880.64 3749.99998911 5000.0
1512180880.78 3749.99998965 5000.0
1512180880.85 3749.99999017 5000.0
1512180880.94 3749.99999066 5000.0
1512180881.05 3749.99999113 5000.0
1512180881.16 3749.99999157 5000.0
1512180881.25 3749.99999199 5000.0
1512180881.35 3749.99999239 5000.0
1512180881.46 3749.99999277 5000.0
1512180881.55 3749.99999314 5000.0
1512180881.66 3749.99999348 5000.0
1512180881.75 3749.9999938 5000.0
1512180881.86 3749.99999411 5000.0
1512180881.96 3749.99999441 5000.0
1512180882.06 3749.99999469 5000.0
1512180882.17 3749.99999495 5000.0
1512180882.27 3749.99999521 5000.0
1512180882.37 3749.99999545 5000.0
1512180882.46 3749.99999567 5000.0
1512180882.55 3749.99999589 5000.0
1512180882.68 3749.9999961 5000.0
1512180882.77 3749.99999629 5000.0
1512180882.85 3749.99999648 5000.0
1512180882.95 3749.99999665 5000.0
1512180883.06 3749.99999682 5000.0
1512180883.16 3749.99999698 5000.0
1512180883.25 3749.99999713 5000.0
1512180883.35 3749.99999727 5000.0
1512180883.45 3749.99999741 5000.0
1512180883.56 3749.99999754 5000.0
1512180883.65 3749.99999766 5000.0
1512180883.77 3749.99999778 5000.0
1512180883.84 3749.99999789 5000.0
1512180883.95 3749.999998 5000.0
1512180884.04 3749.9999981 5000.0
1512180884.14 3749.99999819 5000.0
1512180884.24 3749.99999828 5000.0
1512180884.34 3749.99999837 5000.0
1512180884.44 3749.99999845 5000.0
1512180884.55 3749.99999853 5000.0
1512180884.64 3749.9999986 5000.0
1512180884.73 3749.99999867 5000.0
1512180884.85 3749.99999874 5000.0
1512180884.95 3749.9999988 5000.0
1512180885.05 3749.99999886 5000.0
1512180885.16 3749.99999892 5000.0
1512180885.26 3749.99999897 5000.0
1512180885.35 3749.99999902 5000.0
1512180885.46 3749.99999907 5000.0
1512180885.55 3749.99999912 5000.0
1512180885.66 3749.99999916 5000.0
1512180885.75 3749.9999992 5000.0
1512180885.85 3749.99999924 5000.0
1512180885.96 3749.99999928 5000.0
1512180886.06 3749.99999932 5000.0
1512180886.14 3749.99999935 5000.0
1512180886.25 3749.99999938 5000.0
1512180886.34 3749.99999941 5000.0
1512180886.44 3749.99999944 5000.0
1512180886.54 3749.99999947 5000.0
1512180886.65 3749.9999995 5000.0
1512180886.75 3749.99999952 5000.0
1512180886.84 3749.99999955 5000.0
1512180886.94 3749.99999957 5000.0
1512180887.05 3749.99999959 5000.0
1512180887.14 3749.99999961 5000.0
1512180887.24 3749.99999963 5000.0
1512180887.36 3749.99999965 5000.0
1512180887.44 3749.99999967 5000.0
1512180887.55 3749.99999968 5000.0
1512180887.65 3749.9999997 5000.0
1512180887.75 3749.99999971 5000.0
1512180887.86 3749.99999973 5000.0
1512180887.96 3749.99999974 5000.0
1512180888.06 3749.99999976 5000.0
1512180888.15 3749.99999977 5000.0
1512180888.25 3749.99999978 5000.0
1512180888.37 3749.99999979 5000.0
1512180888.46 3749.9999998 5000.0
1512180888.57 3749.99999981 5000.0
1512180888.68 3749.99999982 5000.0
1512180888.76 3749.99999983 5000.0
1512180888.87 3749.99999984 5000.0
1512180888.97 3749.99999985 5000.0
1512180889.07 3749.99999985 5000.0
1512180889.17 3749.99999986 5000.0
1512180889.27 3749.99999987 5000.0
1512180889.36 3749.99999987 5000.0
1512180889.46 3749.99999988 5000.0
1512180889.56 3749.99999989 5000.0
1512180889.67 3749.99999989 5000.0
1512180889.77 3749.9999999 5000.0
1512180889.87 3749.9999999 5000.0
1512180889.96 3749.99999991 5000.0
1512180890.06 3749.99999991 5000.0
1512180890.16 3749.99999992 5000.0
1512180890.25 3749.99999992 5000.0
1512180890.36 3749.99999992 5000.0
1512180890.46 3749.99999993 5000.0
1512180890.55 3749.99999993 5000.0
1512180890.65 3749.99999994 5000.0
1512180890.76 3749.99999994 5000.0
1512180890.86 3749.99999994 5000.0
1512180890.96 3749.99999994 5000.0
1512180891.06 3749.99999995 5000.0
1512180891.16 3749.99999995 5000.0
1512180891.27 3749.99999995 5000.0
1512180891.37 3749.99999995 5000.0
1512180891.48 3749.99999996 5000.0
1512180891.58 3749.99999996 5000.0
1512180891.67 3749.99999996 5000.0
1512180891.78 3749.99999996 5000.0
1512180891.88 3749.99999997 5000.0
1512180891.97 3749.99999997 5000.0
1512180892.09 3749.99999997 5000.0
1512180892.2 3749.99999997 5000.0
1512180892.29 3749.99999997 5000.0
1512180892.4 3749.99999997 5000.0
1512180892.49 3749.99999997 5000.0
1512180892.59 3749.99999998 5000.0
1512180892.68 3749.99999998 5000.0
1512180892.78 3749.99999998 5000.0
1512180892.88 3749.99999998 5000.0
1512180892.99 3749.99999998 5000.0
1512180893.08 3749.99999998 5000.0
1512180893.18 3749.99999998 5000.0
1512180893.29 3749.99999998 5000.0
1512180893.39 3749.99999998 5000.0
1512180893.49 3749.99999998 5000.0
1512180893.59 3749.99999999 5000.0
1512180893.68 3749.99999999 5000.0
1512180893.78 3749.99999999 5000.0
1512180893.88 3749.99999999 5000.0
1512180893.97 3749.99999999 5000.0
1512180894.07 3749.99999999 5000.0
1512180894.19 3749.99999999 5000.0
1512180894.29 3749.99999999 5000.0
1512180894.39 3749.99999999 5000.0
1512180894.49 3749.99999999 5000.0
1512180894.58 3749.99999999 5000.0
1512180894.68 3749.99999999 5000.0
1512180894.77 3749.99999999 5000.0
1512180894.89 3749.99999999 5000.0
1512180895.0 3749.99999999 5000.0
1512180895.1 3749.99999999 5000.0
1512180895.21 3749.99999999 5000.0
1512180895.31 3749.99999999 5000.0
1512180895.4 3749.99999999 5000.0
1512180895.49 3749.99999999 5000.0
1512180895.61 3749.99999999 5000.0
1512180895.71 3750.0 5000.0
1512180895.81 3750.0 5000.0
1512180895.91 3750.0 5000.0
1512180896.01 3750.0 5000.0
1512180896.11 3750.0 5000.0
1512180896.21 3750.0 5000.0
1512180896.3 3750.0 5000.0
1512180896.42 3750.0 5000.0
1512180896.51 3750.0 5000.0
1512180896.62 3750.0 5000.0
1512180896.71 3750.0 5000.0
1512180896.81 3750.0 5000.0
1512180896.91 3750.0 5000.0
1512180897.01 3750.0 5000.0
1512180897.11 3750.0 5000.0
1512180897.2 3750.0 5000.0
1512180897.32 3750.0 5000.0
1512180897.42 3750.0 5000.0
1512180897.51 3750.0 5000.0
1512180897.62 3750.0 5000.0
1512180897.7 3750.0 5000.0
1512180897.8 3750.0 5000.0
1512180897.91 3750.0 5000.0
1512180898.0 3750.0 5000.0
1512180898.11 3750.0 5000.0
1512180898.21 3750.0 5000.0
1512180898.3 3750.0 5000.0
1512180898.41 3750.0 5000.0
1512180898.51 3750.0 5000.0
1512180898.61 3750.0 5000.0
1512180898.71 3750.0 5000.0
1512180898.82 3750.0 5000.0
1512180898.92 3750.0 5000.0
1512180899.02 3750.0 5000.0
1512180899.13 3750.0 5000.0
1512180899.21 3750.0 5000.0
1512180899.32 3750.0 5000.0
1512180899.41 3750.0 5000.0
1512180899.5 3750.0 5000.0
1512180899.6 3750.0 5000.0
1512180899.7 3750.0 5000.0
1512180899.81 3750.0 5000.0
1512180899.9 3750.0 5000.0
1512180899.99 3750.0 5000.0
1512180900.1 3750.0 5000.0
1512180900.2 3750.0 5000.0
1512180900.3 3750.0 5000.0
1512180900.39 3750.0 5000.0
1512180900.5 3750.0 5000.0
1512180900.59 3750.0 5000.0
1512180900.7 3750.0 5000.0
1512180900.79 3750.0 5000.0
1512180900.9 3750.0 5000.0
1512180901.0 3750.0 5000.0
1512180901.09 3750.0 5000.0
1512180901.21 3750.0 5000.0
1512180901.29 3750.0 5000.0
1512180901.39 3750.0 5000.0
1512180901.5 3750.0 5000.0
1512180901.6 3750.0 5000.0
1512180901.7 3750.0 5000.0
1512180901.8 3750.0 5000.0
1512180901.9 3750.0 5000.0
1512180902.01 3750.0 5000.0
1512180902.11 3750.0 5000.0
1512180902.21 3750.0 5000.0
1512180902.33 3750.0 5000.0
1512180902.41 3750.0 5000.0
1512180902.51 3750.0 5000.0
1512180902.61 3750.0 5000.0
1512180902.7 3750.0 5000.0
1512180902.8 3750.0 5000.0
1512180902.91 3750.0 5000.0
1512180903.01 3750.0 5000.0
1512180903.1 3750.0 5000.0
1512180903.19 3750.0 5000.0
1512180903.3 3750.0 5000.0
1512180903.39 3750.0 5000.0
1512180903.52 3750.0 5000.0
1512180903.61 3750.0 5000.0
1512180903.69 3750.0 5000.0
1512180903.8 3750.0 5000.0
1512180903.9 3750.0 5000.0
1512180904.01 3750.0 5000.0
1512180904.1 3750.0 5000.0
1512180904.2 3750.0 5000.0
1512180904.29 3750.0 5000.0
1512180904.4 3750.0 5000.0
1512180904.5 3750.0 5000.0
1512180904.62 3750.0 5000.0
1512180904.71 3750.0 5000.0
1512180904.81 3750.0 5000.0
1512180904.9 3750.0 5000.0
1512180905.01 3750.0 5000.0
1512180905.11 3750.0 5000.0
1512180905.22 3750.0 5000.0
1512180905.3 3750.0 5000.0
1512180905.41 3750.0 5000.0
1512180905.51 3750.0 5000.0
1512180905.62 3750.0 5000.0
1512180905.72 3750.0 5000.0
1512180905.82 3750.0 5000.0
1512180905.92 3750.0 5000.0
1512180906.03 3750.0 5000.0
1512180906.12 3750.0 5000.0
1512180906.21 3750.0 5000.0
1512180906.31 3750.0 5000.0
1512180906.41 3750.0 5000.0
1512180906.48 3750.0 5000.0
1512180906.58 3750.0 5000.0
1512180906.68 3750.0 5000.0
1512180906.78 3750.0 5000.0
1512180906.88 3750.0 5000.0
1512180906.98 3750.0 5000.0
1512180907.09 3750.0 5000.0
1512180907.19 3750.0 5000.0
1512180907.28 3750.0 5000.0
1512180907.39 3750.0 5000.0
1512180907.5 3750.0 5000.0
1512180907.59 3750.0 5000.0
1512180907.71 3750.0 5000.0
1512180907.8 3750.0 5000.0
1512180907.89 3750.0 5000.0
1512180908.0 3750.0 5000.0
1512180908.09 3750.0 5000.0
1512180908.19 3750.0 5000.0
1512180908.3 3750.0 5000.0
1512180908.38 3750.0 5000.0
1512180908.5 3750.0 5000.0
1512180908.59 3750.0 5000.0
1512180908.69 3750.0 5000.0
1512180908.8 3750.0 5000.0
1512180908.89 3750.0 5000.0
1512180908.99 3750.0 5000.0
1512180909.09 3750.0 5000.0
1512180909.19 3750.0 5000.0
1512180909.29 3750.0 5000.0
1512180909.39 3750.0 5000.0
1512180909.49 3750.0 5000.0
1512180909.6 3750.0 5000.0
1512180909.68 3750.0 5000.0
1512180909.78 3750.0 5000.0
1512180909.89 3750.0 5000.0
1512180909.99 3750.0 5000.0
1512180910.09 3750.0 5000.0
1512180910.19 3750.0 5000.0
1512180910.3 3750.0 5000.0
1512180910.4 3750.0 5000.0
1512180910.49 3750.0 5000.0
1512180910.59 3750.0 5000.0
1512180910.69 3750.0 5000.0
1512180910.8 3750.0 5000.0
1512180910.92 3750.0 5000.0
1512180910.99 3750.0 5000.0
1512180911.1 3750.0 5000.0
1512180911.19 3750.0 5000.0
1512180911.3 3750.0 5000.0
1512180911.4 3750.0 5000.0
1512180911.5 3750.0 5000.0
1512180911.61 3750.0 5000.0
1512180911.7 3750.0 5000.0
1512180911.8 3750.0 5000.0
1512180911.9 3750.0 5000.0
1512180912.0 3750.0 5000.0
1512180912.1 3750.0 5000.0
1512180912.2 3750.0 5000.0
1512180912.31 3750.0 5000.0
1512180912.41 3750.0 5000.0
1512180912.5 3750.0 5000.0
1512180912.6 3750.0 5000.0
1512180912.7 3750.0 5000.0
1512180912.8 3750.0 5000.0
1512180912.89 3750.0 5000.0
1512180913.0 3750.0 5000.0
1512180913.1 3750.0 5000.0
1512180913.2 3750.0 5000.0
1512180913.3 3750.0 5000.0
1512180913.39 3750.0 5000.0
1512180913.49 3750.0 5000.0
1512180913.61 3750.0 5000.0
1512180913.7 3750.0 5000.0
1512180913.8 3750.0 5000.0
1512180913.9 3750.0 5000.0
1512180914.0 3750.0 5000.0
1512180914.1 3750.0 5000.0
1512180914.2 3750.0 5000.0
1512180914.31 3750.0 5000.0
1512180914.4 3750.0 5000.0
1512180914.51 3750.0 5000.0
1512180914.61 3750.0 5000.0
1512180914.71 3750.0 5000.0
1512180914.81 3750.0 5000.0
1512180914.92 3750.0 5000.0
1512180915.03 3750.0 5000.0
1512180915.12 3750.0 5000.0
1512180915.22 3750.0 5000.0
1512180915.33 3750.0 5000.0
1512180915.42 3750.0 5000.0
1512180915.53 3750.0 5000.0
1512180915.63 3750.0 5000.0
1512180915.73 3750.0 5000.0
1512180915.83 3750.0 5000.0
1512180915.92 3750.0 5000.0
1512180916.01 3750.0 5000.0
1512180916.12 3750.0 5000.0
1512180916.22 3750.0 5000.0
1512180916.33 3750.0 5000.0
1512180916.42 3750.0 5000.0
1512180916.52 3750.0 5000.0
1512180916.62 3750.0 5000.0
1512180916.72 3750.0 5000.0
1512180916.81 3750.0 5000.0
1512180916.91 3750.0 5000.0
1512180917.01 3750.0 5000.0
1512180917.12 3750.0 5000.0
1512180917.22 3750.0 5000.0
1512180917.32 3750.0 5000.0
1512180917.42 3750.0 5000.0
1512180917.52 3750.0 5000.0
1512180917.62 3750.0 5000.0
1512180917.73 3750.0 5000.0
1512180917.83 3750.0 5000.0
1512180917.93 3750.0 5000.0
1512180918.03 3750.0 5000.0
1512180918.15 3750.0 5000.0
1512180918.25 3750.0 5000.0
1512180918.33 3750.0 5000.0
1512180918.43 3750.0 5000.0
1512180918.54 3750.0 5000.0
1512180918.64 3750.0 5000.0
1512180918.73 3750.0 5000.0
1512180918.83 3750.0 5000.0
1512180918.93 3750.0 5000.0
1512180919.03 3750.0 5000.0
1512180919.14 3750.0 5000.0
1512180919.24 3750.0 5000.0
1512180919.33 3750.0 5000.0
1512180919.44 3750.0 5000.0
1512180919.54 3750.0 5000.0
1512180919.63 3750.0 5000.0
1512180919.74 3750.0 5000.0
1512180919.83 3750.0 5000.0
1512180919.92 3750.0 5000.0
1512180920.02 3750.0 5000.0
1512180920.13 3750.0 5000.0
1512180920.22 3750.0 5000.0
1512180920.33 3750.0 5000.0
1512180920.43 3750.0 5000.0
1512180920.54 3750.0 5000.0
1512180920.64 3750.0 5000.0
1512180920.74 3750.0 5000.0
1512180920.84 3750.0 5000.0
1512180920.94 3750.0 5000.0
1512180921.04 3750.0 5000.0
1512180921.13 3750.0 5000.0
1512180921.25 3750.0 5000.0
1512180921.33 3750.0 5000.0
1512180921.43 3750.0 5000.0
1512180921.54 3750.0 5000.0
1512180921.64 3750.0 5000.0
1512180921.74 3750.0 5000.0
1512180921.84 3750.0 5000.0
1512180921.94 3750.0 5000.0
1512180922.04 3750.0 5000.0
1512180922.14 3750.0 5000.0
1512180922.24 3750.0 5000.0
1512180922.34 3750.0 5000.0
1512180922.44 3750.0 5000.0
1512180922.54 3750.0 5000.0
1512180922.64 3750.0 5000.0
1512180922.74 3750.0 5000.0
1512180922.85 3750.0 5000.0
1512180922.94 3750.0 5000.0
1512180923.05 3750.0 5000.0
1512180923.14 3750.0 5000.0
1512180923.24 3750.0 5000.0
1512180923.34 3750.0 5000.0
1512180923.44 3750.0 5000.0
1512180923.54 3750.0 5000.0
1512180923.63 3750.0 5000.0
1512180923.74 3750.0 5000.0
1512180923.85 3750.0 5000.0
1512180923.94 3750.0 5000.0
1512180924.04 3750.0 5000.0
1512180924.14 3750.0 5000.0
1512180924.24 3750.0 5000.0
1512180924.34 3750.0 5000.0
1512180924.44 3750.0 5000.0
1512180924.55 3750.0 5000.0
1512180924.67 3750.0 5000.0
1512180924.75 3750.0 5000.0
1512180924.85 3750.0 5000.0
1512180924.95 3750.0 5000.0
1512180925.06 3750.0 5000.0
1512180925.17 3750.0 5000.0
1512180925.26 3750.0 5000.0
1512180925.36 3750.0 5000.0
1512180925.47 3750.0 5000.0
1512180925.57 3750.0 5000.0
1512180925.66 3750.0 5000.0
1512180925.78 3750.0 5000.0
1512180925.89 3750.0 5000.0
1512180925.97 3750.0 5000.0
1512180926.09 3750.0 5000.0
1512180926.18 3750.0 5000.0
1512180926.27 3750.0 5000.0
1512180926.38 3750.0 5000.0
1512180926.48 3750.0 5000.0
1512180926.57 3750.0 5000.0
1512180926.69 3750.0 5000.0
1512180926.77 3750.0 5000.0
1512180926.88 3750.0 5000.0
1512180926.97 3750.0 5000.0
1512180927.07 3750.0 5000.0
1512180927.17 3750.0 5000.0
1512180927.27 3750.0 5000.0
1512180927.37 3750.0 5000.0
1512180927.48 3750.0 5000.0
1512180927.58 3750.0 5000.0
1512180927.68 3750.0 5000.0
1512180927.79 3750.0 5000.0
1512180927.88 3750.0 5000.0
1512180927.98 3750.0 5000.0
1512180928.07 3750.0 5000.0
1512180928.17 3750.0 5000.0
1512180928.27 3750.0 5000.0
1512180928.37 3750.0 5000.0
1512180928.47 3750.0 5000.0
1512180928.57 3750.0 5000.0
1512180928.68 3750.0 5000.0
1512180928.78 3750.0 5000.0
1512180928.89 3750.0 5000.0
1512180929.0 3750.0 5000.0
1512180929.09 3750.0 5000.0
1512180929.18 3750.0 5000.0
1512180929.29 3750.0 5000.0
1512180929.39 3750.0 5000.0
1512180929.48 3750.0 5000.0
1512180929.58 3750.0 5000.0
1512180929.67 3750.0 5000.0
1512180929.79 3750.0 5000.0
1512180929.88 3750.0 5000.0
1512180929.98 3750.0 5000.0
1512180930.1 3750.0 5000.0
1512180930.2 3750.0 5000.0
1512180930.28 3750.0 5000.0
1512180930.38 3750.0 5000.0
1512180930.48 3750.0 5000.0
1512180930.59 3750.0 5000.0
1512180930.68 3750.0 5000.0
1512180930.78 3750.0 5000.0
1512180930.88 3750.0 5000.0
1512180930.99 3750.0 5000.0
1512180931.09 3750.0 5000.0
1512180931.19 3750.0 5000.0
1512180931.29 3750.0 5000.0
1512180931.38 3750.0 5000.0
1512180931.47 3750.0 5000.0
1512180931.58 3750.0 5000.0
1512180931.68 3750.0 5000.0
1512180931.78 3750.0 5000.0
1512180931.89 3750.0 5000.0
1512180931.99 3750.0 5000.0
1512180932.1 3750.0 5000.0
1512180932.19 3750.0 5000.0
1512180932.31 3750.0 5000.0
1512180932.39 3750.0 5000.0
1512180932.51 3750.0 5000.0
1512180932.61 3750.0 5000.0
1512180932.72 3750.0 5000.0
1512180932.81 3750.0 5000.0
1512180932.89 3750.0 5000.0
1512180933.02 3750.0 5000.0
1512180933.1 3750.0 5000.0
1512180933.19 3750.0 5000.0
1512180933.29 3750.0 5000.0
1512180933.4 3750.0 5000.0
1512180933.5 3750.0 5000.0
1512180933.6 3750.0 5000.0
1512180933.69 3750.0 5000.0
1512180933.79 3750.0 5000.0
1512180933.91 3750.0 5000.0
1512180934.02 3750.0 5000.0
1512180934.08 3750.0 5000.0
1512180934.18 3750.0 5000.0
1512180934.28 3750.0 5000.0
1512180934.38 3750.0 5000.0
1512180934.49 3750.0 5000.0
1512180934.57 3750.0 5000.0
1512180934.68 3750.0 5000.0
1512180934.78 3750.0 5000.0
1512180934.88 3750.0 5000.0
1512180934.99 3750.0 5000.0
1512180935.09 3750.0 5000.0
1512180935.2 3750.0 5000.0
1512180935.29 3750.0 5000.0
1512180935.4 3750.0 5000.0
1512180935.51 3750.0 5000.0
1512180935.6 3750.0 5000.0
1512180935.69 3750.0 5000.0
1512180935.78 3729.16666667 5000.0
1512180935.89 3709.375 5000.0
1512180935.99 3690.57291667 5000.0
1512180936.09 3672.7109375 5000.0
1512180936.19 3655.74205729 5000.0
1512180936.29 3660.45495443 5000.0
1512180936.4 3664.93220671 5000.0
1512180936.49 3669.18559637 5000.0
1512180936.6 3673.22631655 5000.0
1512180936.7 3677.06500072 5000.0
1512180936.79 3659.87841735 5000.0
1512180936.9 3643.55116315 5000.0
1512180936.98 3648.873605 5000.0
1512180937.08 3653.92992475 5000.0
1512180937.18 3637.90009518 5000.0
1512180937.29 3622.67175708 5000.0
1512180937.39 3608.2048359 5000.0
1512180937.49 3594.46126077 5000.0
1512180937.59 3581.4048644 5000.0
1512180937.69 3569.00128784 5000.0
1512180937.78 3557.21789012 5000.0
1512180937.89 3546.02366228 5000.0
1512180938.0 3535.38914583 5000.0
1512180938.09 3525.28635521 5000.0
1512180938.19 3515.68870411 5000.0
1512180938.29 3506.57093557 5000.0
1512180938.39 3497.90905546 5000.0
1512180938.48 3489.68026936 5000.0
1512180938.59 3481.86292255 5000.0
1512180938.7 3474.43644309 5000.0
1512180938.8 3467.38128761 5000.0
1512180938.9 3460.67888989 5000.0
1512180939.0 3454.31161206 5000.0
1512180939.11 3448.26269813 5000.0
1512180939.21 3442.51622989 5000.0
1512180939.32 3437.05708506 5000.0
1512180939.41 3431.87089747 5000.0
1512180939.53 3426.94401927 5000.0
1512180939.62 3422.26348497 5000.0
1512180939.71 3417.81697739 5000.0
1512180939.82 3413.59279519 5000.0
1512180939.92 3367.91315543 5000.0
1512180940.01 3324.51749765 5000.0
1512180940.12 3283.29162277 5000.0
1512180940.21 3244.12704163 5000.0
1512180940.31 3206.92068955 5000.0
1512180940.41 3171.57465507 5000.0
1512180940.5 3137.99592232 5000.0
1512180940.61 3106.0961262 5000.0
1512180940.71 3075.79131989 5000.0
1512180940.81 3047.0017539 5000.0
1512180940.92 3019.6516662 5000.0
1512180941.0 2993.66908289 5000.0
1512180941.1 2968.98562875 5000.0
1512180941.23 2945.53634731 5000.0
1512180941.32 2923.25952995 5000.0
1512180941.4 2902.09655345 5000.0
1512180941.5 2881.99172578 5000.0
1512180941.61 2862.89213949 5000.0
1512180941.7 2844.74753251 5000.0
1512180941.8 2827.51015589 5000.0
1512180941.9 2811.13464809 5000.0
1512180942.0 2795.57791569 5000.0
1512180942.1 2780.7990199 5000.0
1512180942.2 2766.75906891 5000.0
1512180942.3 2753.42111546 5000.0
1512180942.4 2740.75005969 5000.0
1512180942.5 2728.71255671 5000.0
1512180942.6 2717.27692887 5000.0
1512180942.7 2706.41308243 5000.0
1512180942.82 2696.09242831 5000.0
1512180942.91 2686.28780689 5000.0
1512180943.0 2676.97341655 5000.0
1512180943.16 2668.12474572 5000.0
1512180943.22 2659.71850843 5000.0
1512180943.32 2651.73258301 5000.0
1512180943.51 2644.14595386 5000.0
1512180943.57 2636.93865617 5000.0
1512180943.7 2630.09172336 5000.0
1512180943.77 2623.58713719 5000.0
1512180943.87 2617.40778033 5000.0
1512180943.97 2611.53739132 5000.0
1512180944.08 2605.96052175 5000.0
1512180944.25 2600.66249566 5000.0
1512180944.32 2595.62937088 5000.0
1512180944.41 2590.84790233 5000.0
1512180944.51 2586.30550722 5000.0
1512180944.62 2581.99023186 5000.0
1512180944.77 2577.89072026 5000.0
1512180944.84 2573.99618425 5000.0
1512180944.94 2570.29637504 5000.0
1512180945.04 2566.78155629 5000.0
1512180945.14 2563.44247847 5000.0
1512180945.24 2560.27035455 5000.0
1512180945.35 2557.25683682 5000.0
1512180945.44 2554.39399498 5000.0
1512180945.54 2551.67429523 5000.0
1512180945.65 2549.09058047 5000.0
1512180945.74 2546.63605145 5000.0
1512180945.85 2544.30424887 5000.0
1512180945.96 2542.08903643 5000.0
1512180946.04 2539.98458461 5000.0
1512180946.14 2537.98535538 5000.0
1512180946.24 2536.08608761 5000.0
1512180946.4 2534.28178323 5000.0
1512180946.46 2532.56769407 5000.0
1512180946.56 2530.93930936 5000.0
1512180946.67 2529.3923439 5000.0
1512180946.77 2527.9227267 5000.0
1512180946.87 2526.52659037 5000.0
1512180946.98 2525.20026085 5000.0
1512180947.06 2523.94024781 5000.0
1512180947.17 2522.74323542 5000.0
1512180947.27 2521.60607364 5000.0
1512180947.37 2520.52576996 5000.0
1512180947.47 2519.49948146 5000.0
1512180947.57 2518.52450739 5000.0
1512180947.67 2517.59828202 5000.0
1512180947.78 2516.71836792 5000.0
1512180947.87 2515.88244952 5000.0
1512180947.97 2515.08832705 5000.0
1512180948.06 2514.3339107 5000.0
1512180948.17 2513.61721516 5000.0
1512180948.27 2512.9363544 5000.0
1512180948.44 2512.28953668 5000.0
1512180948.49 2511.67505985 5000.0
1512180948.59 2511.09130686 5000.0
1512180948.7 2510.53674151 5000.0
1512180948.88 2510.00990444 5000.0
1512180948.96 2509.50940922 5000.0
1512180949.04 2509.03393875 5000.0
1512180949.14 2508.58224182 5000.0
1512180949.25 2508.15312973 5000.0
1512180949.33 2507.74547324 5000.0
1512180949.44 2507.35819958 5000.0
1512180949.54 2506.9902896 5000.0
1512180949.64 2506.64077512 5000.0
1512180949.74 2506.30873636 5000.0
1512180949.84 2505.99329955 5000.0
1512180949.94 2505.69363457 5000.0
1512180950.04 2505.40895284 5000.0
1512180950.16 2505.1385052 5000.0
1512180950.24 2504.88157994 5000.0
1512180950.34 2504.63750094 5000.0
1512180950.44 2504.40562589 5000.0
1512180950.54 2504.1853446 5000.0
1512180950.7 2503.97607737 5000.0
1512180950.76 2503.7772735 5000.0
1512180950.86 2503.58840983 5000.0
1512180950.96 2503.40898933 5000.0
1512180951.06 2503.23853987 5000.0
1512180951.16 2503.07661287 5000.0
1512180951.25 2502.92278223 5000.0
1512180951.36 2502.77664312 5000.0
1512180951.46 2502.63781096 5000.0
1512180951.55 2502.50592041 5000.0
1512180951.65 2502.38062439 5000.0
1512180951.75 2502.26159317 5000.0
1512180951.85 2502.14851352 5000.0
1512180952.02 2502.04108784 5000.0
1512180952.08 2501.93903345 5000.0
1512180952.17 2501.84208178 5000.0
1512180952.3 2501.74997769 5000.0
1512180952.38 2501.6624788 5000.0
1512180952.49 2501.57935486 5000.0
1512180952.59 2501.50038712 5000.0
1512180952.69 2501.42536776 5000.0
1512180952.79 2501.35409938 5000.0
1512180952.89 2501.28639441 5000.0
1512180953.0 2501.22207469 5000.0
1512180953.09 2501.16097095 5000.0
1512180953.2 2501.1029224 5000.0
1512180953.29 2501.04777628 5000.0
1512180953.39 2500.99538747 5000.0
1512180953.55 2500.9456181 5000.0
1512180953.61 2500.89833719 5000.0
1512180953.72 2500.85342033 5000.0
1512180953.88 2500.81074932 5000.0
1512180953.94 2500.77021185 5000.0
1512180954.06 2500.73170126 5000.0
1512180954.21 2500.69511619 5000.0
1512180954.28 2500.66036038 5000.0
1512180954.38 2500.62734237 5000.0
1512180954.5 2500.59597525 5000.0
1512180954.59 2500.56617648 5000.0
1512180954.68 2500.53786766 5000.0
1512180954.77 2500.51097428 5000.0
1512180954.89 2500.48542556 5000.0
1512180955.0 2500.46115429 5000.0
1512180955.1 2500.43809657 5000.0
1512180955.2 2500.41619174 5000.0
1512180955.3 2500.39538216 5000.0
1512180955.38 2500.37561305 5000.0
1512180955.48 2500.3568324 5000.0
1512180955.58 2500.33899078 5000.0
1512180955.69 2500.32204124 5000.0
1512180955.79 2500.30593917 5000.0
1512180955.88 2500.29064222 5000.0
1512180955.99 2500.27611011 5000.0
1512180956.09 2500.2623046 5000.0
1512180956.18 2500.24918937 5000.0
1512180956.28 2500.2367299 5000.0
1512180956.38 2500.22489341 5000.0
1512180956.48 2500.21364874 5000.0
1512180956.58 2500.2029663 5000.0
1512180956.68 2500.19281798 5000.0
1512180956.79 2500.18317709 5000.0
1512180956.88 2500.17401823 5000.0
1512180957.06 2500.16531732 5000.0
1512180957.13 2500.15705145 5000.0
1512180957.22 2500.14919888 5000.0
1512180957.32 2500.14173894 5000.0
1512180957.42 2500.13465199 5000.0
1512180957.53 2500.12791939 5000.0
1512180957.63 2500.12152342 5000.0
1512180957.72 2500.11544725 5000.0
1512180957.82 2500.10967489 5000.0
1512180957.93 2500.10419114 5000.0
1512180958.03 2500.09898159 5000.0
1512180958.13 2500.09403251 5000.0
1512180958.29 2500.08933088 5000.0
1512180958.36 2500.08486434 5000.0
1512180958.51 2500.08062112 5000.0
1512180958.56 2500.07659006 5000.0
1512180958.66 2500.07276056 5000.0
1512180958.79 2500.06912253 5000.0
1512180958.89 2500.06566641 5000.0
1512180958.99 2500.06238309 5000.0
1512180959.09 2500.05926393 5000.0
1512180959.19 2500.05630074 5000.0
1512180959.29 2500.0534857 5000.0
1512180959.39 2500.05081141 5000.0
1512180959.48 2500.04827084 5000.0
1512180959.58 2500.0458573 5000.0
1512180959.69 2500.04356444 5000.0
1512180959.79 2500.04138621 5000.0
1512180959.88 2500.0393169 5000.0
1512180959.98 2500.03735106 5000.0
1512180960.08 2500.03548351 5000.0
1512180960.18 2500.03370933 5000.0
1512180960.28 2500.03202386 5000.0
1512180960.43 2500.03042267 5000.0
1512180960.49 2500.02890154 5000.0
1512180960.59 2500.02745646 5000.0
1512180960.69 2500.02608364 5000.0
1512180960.8 2500.02477945 5000.0
1512180960.89 2500.02354048 5000.0
1512180961.0 2500.02236346 5000.0
1512180961.1 2500.02124529 5000.0
1512180961.2 2500.02018302 5000.0
1512180961.3 2500.01917387 5000.0
1512180961.4 2500.01821518 5000.0
1512180961.51 2500.01730442 5000.0
1512180961.6 2500.0164392 5000.0
1512180961.71 2500.01561724 5000.0
1512180961.85 2500.01483638 5000.0
1512180961.91 2500.01409456 5000.0
1512180962.01 2500.01338983 5000.0
1512180962.12 2500.01272034 5000.0
1512180962.21 2500.01208432 5000.0
1512180962.32 2500.0114801 5000.0
1512180962.42 2500.0109061 5000.0
1512180962.52 2500.01036079 5000.0
1512180962.62 2500.00984275 5000.0
1512180962.76 2500.00935062 5000.0
1512180962.82 2500.00888309 5000.0
1512180962.98 2500.00843893 5000.0
1512180963.04 2500.00801698 5000.0
1512180963.14 2500.00761614 5000.0
1512180963.24 2500.00723533 5000.0
1512180963.35 2500.00687356 5000.0
1512180963.45 2500.00652988 5000.0
1512180963.54 2500.00620339 5000.0
1512180963.64 2500.00589322 5000.0
1512180963.83 2500.00559856 5000.0
1512180963.9 2500.00531863 5000.0
1512180964.0 2500.0050527 5000.0
1512180964.1 2500.00480007 5000.0
1512180964.2 2500.00456006 5000.0
1512180964.31 2500.00433206 5000.0
1512180964.41 2500.00411546 5000.0
1512180964.51 2500.00390968 5000.0
1512180964.62 2500.0037142 5000.0
1512180964.72 2500.00352849 5000.0
1512180964.8 2500.00335206 5000.0
1512180964.98 2500.00318446 5000.0
1512180965.05 2500.00302524 5000.0
1512180965.14 2500.00287398 5000.0
1512180965.31 2500.00273028 5000.0
1512180965.38 2500.00259376 5000.0
1512180965.55 2500.00246408 5000.0
1512180965.61 2500.00234087 5000.0
1512180965.71 2500.00222383 5000.0
1512180965.81 2500.00211264 5000.0
1512180965.93 2500.002007 5000.0
1512180966.02 2500.00190665 5000.0
1512180966.12 2500.00181132 5000.0
1512180966.22 2500.00172076 5000.0
1512180966.33 2500.00163472 5000.0
1512180966.42 2500.00155298 5000.0
1512180966.52 2500.00147533 5000.0
1512180966.62 2500.00140157 5000.0
1512180966.72 2500.00133149 5000.0
1512180966.82 2500.00126491 5000.0
1512180966.92 2500.00120167 5000.0
1512180967.03 2500.00114158 5000.0
1512180967.13 2500.00108451 5000.0
1512180967.23 2500.00103028 5000.0
1512180967.33 2500.00097877 5000.0
1512180967.42 2500.00092983 5000.0
1512180967.52 2500.00088334 5000.0
1512180967.63 2500.00083917 5000.0
1512180967.73 2500.00079721 5000.0
1512180967.83 2500.00075735 5000.0
1512180967.92 2500.00071948 5000.0
1512180968.03 2500.00068351 5000.0
1512180968.13 2500.00064933 5000.0
1512180968.23 2500.00061687 5000.0
1512180968.32 2500.00058602 5000.0
1512180968.43 2500.00055672 5000.0
1512180968.53 2500.00052889 5000.0
1512180968.62 2500.00050244 5000.0
1512180968.73 2500.00047732 5000.0
1512180968.83 2500.00045345 5000.0
1512180968.92 2500.00043078 5000.0
1512180969.02 2500.00040924 5000.0
1512180969.12 2500.00038878 5000.0
1512180969.22 2500.00036934 5000.0
1512180969.32 2500.00035087 5000.0
1512180969.42 2500.00033333 5000.0
1512180969.52 2500.00031666 5000.0
1512180969.62 2500.00030083 5000.0
1512180969.73 2500.00028579 5000.0
1512180969.83 2500.0002715 5000.0
1512180969.93 2500.00025792 5000.0
1512180970.03 2500.00024503 5000.0
1512180970.12 2500.00023278 5000.0
1512180970.22 2500.00022114 5000.0
1512180970.32 2500.00021008 5000.0
1512180970.43 2500.00019958 5000.0
1512180970.54 2500.0001896 5000.0
1512180970.63 2500.00018012 5000.0
1512180970.73 2500.00017111 5000.0
1512180970.83 2500.00016256 5000.0
1512180970.95 2500.00015443 5000.0
1512180971.04 2500.00014671 5000.0
1512180971.15 2500.00013937 5000.0
1512180971.25 2500.0001324 5000.0
1512180971.33 2500.00012578 5000.0
1512180971.43 2500.00011949 5000.0
1512180971.53 2500.00011352 5000.0
1512180971.63 2500.00010784 5000.0
1512180971.73 2500.00010245 5000.0
1512180971.84 2500.00009733 5000.0
1512180971.93 2500.00009246 5000.0
1512180972.03 2500.00008784 5000.0
1512180972.14 2500.00008345 5000.0
1512180972.24 2500.00007927 5000.0
1512180972.34 2500.00007531 5000.0
1512180972.44 2500.00007155 5000.0
1512180972.54 2500.00006797 5000.0
1512180972.63 2500.00006457 5000.0
1512180972.73 2500.00006134 5000.0
1512180972.84 2500.00005827 5000.0
1512180972.94 2500.00005536 5000.0
1512180973.04 2500.00005259 5000.0
1512180973.13 2500.00004996 5000.0
1512180973.23 2500.00004746 5000.0
1512180973.33 2500.00004509 5000.0
1512180973.43 2500.00004284 5000.0
1512180973.54 2500.0000407 5000.0
1512180973.64 2500.00003866 5000.0
1512180973.73 2500.00003673 5000.0
1512180973.84 2500.00003489 5000.0
1512180973.94 2500.00003315 5000.0
1512180974.05 2500.00003149 5000.0
1512180974.14 2500.00002991 5000.0
1512180974.24 2500.00002842 5000.0
1512180974.35 2500.000027 5000.0
1512180974.43 2500.00002565 5000.0
1512180974.55 2500.00002437 5000.0
1512180974.65 2500.00002315 5000.0
1512180974.75 2500.00002199 5000.0
1512180974.84 2500.00002089 5000.0
1512180974.94 2500.00001985 5000.0
1512180975.04 2500.00001885 5000.0
1512180975.14 2500.00001791 5000.0
1512180975.24 2500.00001702 5000.0
1512180975.35 2500.00001616 5000.0
1512180975.45 2500.00001536 5000.0
1512180975.55 2500.00001459 5000.0
1512180975.65 2500.00001386 5000.0
1512180975.76 2500.00001317 5000.0
1512180975.85 2500.00001251 5000.0
1512180975.96 2500.00001188 5000.0
1512180976.05 2500.00001129 5000.0
1512180976.14 2500.00001072 5000.0
1512180976.24 2500.00001019 5000.0
1512180976.34 2500.00000968 5000.0
1512180976.44 2500.00000919 5000.0
1512180976.55 2500.00000873 5000.0
1512180976.65 2500.0000083 5000.0
1512180976.74 2500.00000788 5000.0
1512180976.85 2500.00000749 5000.0
1512180976.94 2500.00000711 5000.0
1512180977.05 2500.00000676 5000.0
1512180977.15 2500.00000642 5000.0
1512180977.25 2500.0000061 5000.0
1512180977.35 2500.00000579 5000.0
1512180977.46 2500.00000551 5000.0
1512180977.55 2500.00000523 5000.0
1512180977.67 2500.00000497 5000.0
1512180977.76 2500.00000472 5000.0
1512180977.86 2500.00000448 5000.0
1512180977.96 2500.00000426 5000.0
1512180978.05 2500.00000405 5000.0
1512180978.15 2500.00000384 5000.0
1512180978.35 2500.00000365 5000.0
1512180978.41 2500.00000347 5000.0
1512180978.51 2500.0000033 5000.0
1512180978.62 2500.00000313 5000.0
1512180978.72 2500.00000297 5000.0
1512180978.82 2500.00000283 5000.0
1512180978.98 2500.00000268 5000.0
1512180979.04 2500.00000255 5000.0
1512180979.13 2500.00000242 5000.0
1512180979.25 2500.0000023 5000.0
1512180979.34 2500.00000219 5000.0
1512180979.44 2500.00000208 5000.0
1512180979.54 2500.00000197 5000.0
1512180979.64 2500.00000187 5000.0
1512180979.74 2500.00000178 5000.0
1512180979.84 2500.00000169 5000.0
1512180980.0 2500.00000161 5000.0
1512180980.06 2500.00000153 5000.0
1512180980.15 2500.00000145 5000.0
1512180980.26 2500.00000138 5000.0
1512180980.36 2500.00000131 5000.0
1512180980.46 2500.00000124 5000.0
1512180980.64 2500.00000118 5000.0
1512180980.69 2500.00000112 5000.0
1512180980.8 2500.00000107 5000.0
1512180980.9 2500.00000101 5000.0
1512180981.0 2500.00000096 5000.0
1512180981.1 2500.00000091 5000.0
1512180981.2 2500.00000087 5000.0
1512180981.3 2500.00000083 5000.0
1512180981.4 2500.00000078 5000.0
1512180981.49 2500.00000074 5000.0
1512180981.59 2500.00000071 5000.0
1512180981.7 2500.00000067 5000.0
1512180981.8 2500.00000064 5000.0
1512180981.9 2500.00000061 5000.0
1512180981.99 2500.00000058 5000.0
1512180982.1 2500.00000055 5000.0
1512180982.19 2500.00000052 5000.0
1512180982.29 2500.00000049 5000.0
1512180982.39 2500.00000047 5000.0
1512180982.49 2500.00000045 5000.0
1512180982.59 2500.00000042 5000.0
1512180982.74 2500.0000004 5000.0
1512180982.8 2500.00000038 5000.0
1512180982.95 2500.00000036 5000.0
1512180983.01 2500.00000035 5000.0
1512180983.11 2500.00000033 5000.0
1512180983.21 2500.00000031 5000.0
1512180983.37 2500.0000003 5000.0
1512180983.43 2500.00000028 5000.0
1512180983.53 2500.00000027 5000.0
1512180983.63 2500.00000025 5000.0
1512180983.73 2500.00000024 5000.0
1512180983.87 2500.00000023 5000.0
1512180983.94 2500.00000022 5000.0
1512180984.03 2500.00000021 5000.0
1512180984.2 2500.0000002 5000.0
1512180984.25 2500.00000019 5000.0
1512180984.39 2500.00000018 5000.0
1512180984.46 2500.00000017 5000.0
1512180984.54 2500.00000016 5000.0
1512180984.65 2500.00000015 5000.0
1512180984.75 2500.00000014 5000.0
1512180984.86 2500.00000014 5000.0
1512180985.01 2500.00000013 5000.0
1512180985.08 2500.00000012 5000.0
1512180985.17 2500.00000012 5000.0
1512180985.27 2500.00000011 5000.0
1512180985.37 2500.00000011 5000.0
1512180985.48 2500.0000001 5000.0
1512180985.58 2500.0000001 5000.0
1512180985.69 2500.00000009 5000.0
1512180985.77 2500.00000009 5000.0
1512180985.87 2500.00000008 5000.0
1512180985.97 2500.00000008 5000.0
1512180986.08 2500.00000007 5000.0
1512180986.17 2500.00000007 5000.0
1512180986.34 2500.00000007 5000.0
1512180986.41 2500.00000006 5000.0
1512180986.5 2500.00000006 5000.0
1512180986.61 2500.00000006 5000.0
1512180986.71 2500.00000005 5000.0
1512180986.8 2500.00000005 5000.0
1512180986.92 2500.00000005 5000.0
1512180987.02 2500.00000005 5000.0
1512180987.13 2500.00000004 5000.0
1512180987.21 2500.00000004 5000.0
1512180987.3 2500.00000004 5000.0
1512180987.49 2500.00000004 5000.0
1512180987.56 2500.00000004 5000.0
1512180987.66 2500.00000003 5000.0
1512180987.82 2500.00000003 5000.0
1512180987.88 2500.00000003 5000.0
1512180987.97 2500.00000003 5000.0
1512180988.07 2500.00000003 5000.0
1512180988.18 2500.00000003 5000.0
1512180988.27 2500.00000003 5000.0
1512180988.37 2500.00000002 5000.0
1512180988.47 2500.00000002 5000.0
1512180988.59 2500.00000002 5000.0
1512180988.68 2500.00000002 5000.0
1512180988.78 2500.00000002 5000.0
1512180988.88 2500.00000002 5000.0
1512180988.98 2500.00000002 5000.0
1512180989.1 2500.00000002 5000.0
1512180989.18 2500.00000002 5000.0
1512180989.29 2500.00000002 5000.0
1512180989.39 2500.00000001 5000.0
1512180989.57 2500.00000001 5000.0
1512180989.62 2500.00000001 5000.0
1512180989.72 2500.00000001 5000.0
1512180989.89 2500.00000001 5000.0
1512180989.95 2500.00000001 5000.0
1512180990.05 2500.00000001 5000.0
1512180990.15 2500.00000001 5000.0
1512180990.25 2500.00000001 5000.0
1512180990.37 2500.00000001 5000.0
1512180990.46 2500.00000001 5000.0
1512180990.56 2500.00000001 5000.0
1512180990.65 2500.00000001 5000.0
1512180990.76 2500.00000001 5000.0
1512180990.87 2500.00000001 5000.0
1512180990.97 2500.00000001 5000.0
1512180991.07 2500.00000001 5000.0
1512180991.16 2500.00000001 5000.0
1512180991.27 2500.00000001 5000.0
1512180991.42 2500.00000001 5000.0
1512180991.49 2500.00000001 5000.0
1512180991.58 2500.0 5000.0
1512180991.76 2500.0 5000.0
1512180991.82 2500.0 5000.0
1512180991.92 2500.0 5000.0
1512180992.02 2500.0 5000.0
1512180992.13 2500.0 5000.0
1512180992.24 2500.0 5000.0
1512180992.33 2500.0 5000.0
1512180992.5 2500.0 5000.0
1512180992.56 2500.0 5000.0
1512180992.66 2500.0 5000.0
1512180992.77 2500.0 5000.0
1512180992.86 2500.0 5000.0
1512180993.04 2500.0 5000.0
1512180993.1 2500.0 5000.0
1512180993.2 2500.0 5000.0
1512180993.31 2500.0 5000.0
1512180993.41 2500.0 5000.0
1512180993.51 2500.0 5000.0
1512180993.61 2500.0 5000.0
1512180993.71 2500.0 5000.0
1512180993.79 2500.0 5000.0
1512180993.9 2500.0 5000.0
1512180994.0 2500.0 5000.0
1512180994.09 2500.0 5000.0
1512180994.2 2500.0 5000.0
1512180994.31 2500.0 5000.0
1512180994.4 2500.0 5000.0
1512180994.5 2500.0 5000.0
1512180994.6 2500.0 5000.0
1512180994.7 2500.0 5000.0
1512180994.87 2500.0 5000.0
1512180994.93 2500.0 5000.0
1512180995.03 2500.0 5000.0
1512180995.13 2500.0 5000.0
1512180995.23 2500.0 5000.0
1512180995.33 2500.0 5000.0
1512180995.44 2500.0 5000.0
1512180995.53 2500.0 5000.0
1512180995.63 2500.0 5000.0
1512180995.75 2500.0 5000.0
1512180995.85 2500.0 5000.0
1512180995.94 2500.0 5000.0
1512180996.04 2500.0 5000.0
1512180996.14 2500.0 5000.0
1512180996.24 2500.0 5000.0
1512180996.34 2500.0 5000.0
1512180996.44 2500.0 5000.0
1512180996.61 2500.0 5000.0
1512180996.68 2500.0 5000.0
1512180996.77 2500.0 5000.0
1512180996.89 2500.0 5000.0
1512180997.0 2500.0 5000.0
1512180997.1 2500.0 5000.0
1512180997.19 2500.0 5000.0
1512180997.29 2500.0 5000.0
1512180997.39 2500.0 5000.0
1512180997.47 2500.0 5000.0
1512180997.57 2500.0 5000.0
1512180997.67 2500.0 5000.0
1512180997.77 2500.0 5000.0
1512180997.87 2500.0 5000.0
1512180997.97 2500.0 5000.0
1512180998.14 2500.0 5000.0
1512180998.2 2500.0 5000.0
1512180998.3 2500.0 5000.0
1512180998.41 2500.0 5000.0
1512180998.51 2500.0 5000.0
1512180998.61 2500.0 5000.0
1512180998.71 2500.0 5000.0
1512180998.81 2500.0 5000.0
1512180998.91 2500.0 5000.0
1512180999.0 2500.0 5000.0
1512180999.11 2500.0 5000.0
1512180999.27 2500.0 5000.0
1512180999.33 2500.0 5000.0
1512180999.43 2500.0 5000.0
1512180999.55 2500.0 5000.0
1512180999.65 2500.0 5000.0
1512180999.73 2500.0 5000.0
1512180999.83 2500.0 5000.0
1512180999.93 2500.0 5000.0
1512181000.03 2500.0 5000.0
1512181000.13 2500.0 5000.0
1512181000.24 2500.0 5000.0
1512181000.33 2500.0 5000.0
1512181000.44 2500.0 5000.0
1512181000.53 2500.0 5000.0
1512181000.63 2500.0 5000.0
1512181000.73 2500.0 5000.0
1512181000.85 2500.0 5000.0
1512181000.95 2500.0 5000.0
1512181001.05 2500.0 5000.0
1512181001.14 2500.0 5000.0
1512181001.26 2500.0 5000.0
1512181001.35 2500.0 5000.0
1512181001.46 2500.0 5000.0
1512181001.55 2500.0 5000.0
1512181001.66 2500.0 5000.0
1512181001.75 2500.0 5000.0
1512181001.86 2500.0 5000.0
1512181001.97 2500.0 5000.0
1512181002.06 2500.0 5000.0
1512181002.17 2500.0 5000.0
1512181002.27 2500.0 5000.0
1512181002.36 2500.0 5000.0
1512181002.47 2500.0 5000.0
1512181002.56 2500.0 5000.0
1512181002.67 2500.0 5000.0
1512181002.77 2500.0 5000.0
1512181002.87 2500.0 5000.0
1512181002.97 2500.0 5000.0
1512181003.07 2500.0 5000.0
1512181003.17 2500.0 5000.0
1512181003.27 2500.0 5000.0
1512181003.37 2500.0 5000.0
1512181003.47 2500.0 5000.0
1512181003.56 2500.0 5000.0
1512181003.66 2500.0 5000.0
1512181003.76 2500.0 5000.0
1512181003.87 2500.0 5000.0
1512181003.98 2500.0 5000.0
1512181004.07 2500.0 5000.0
1512181004.17 2500.0 5000.0
1512181004.29 2500.0 5000.0
1512181004.36 2500.0 5000.0
1512181004.47 2500.0 5000.0
1512181004.57 2500.0 5000.0
1512181004.67 2500.0 5000.0
1512181004.77 2500.0 5000.0
1512181004.87 2500.0 5000.0
1512181004.97 2500.0 5000.0
1512181005.07 2500.0 5000.0
1512181005.16 2500.0 5000.0
1512181005.27 2500.0 5000.0
1512181005.36 2500.0 5000.0
1512181005.46 2500.0 5000.0
1512181005.56 2500.0 5000.0
1512181005.67 2500.0 5000.0
1512181005.77 2500.0 5000.0
1512181005.87 2500.0 5000.0
1512181005.97 2500.0 5000.0
1512181006.08 2500.0 5000.0
1512181006.18 2500.0 5000.0
1512181006.28 2500.0 5000.0
1512181006.38 2500.0 5000.0
1512181006.48 2500.0 5000.0
1512181006.58 2500.0 5000.0
1512181006.68 2500.0 5000.0
1512181006.78 2500.0 5000.0
1512181006.88 2500.0 5000.0
1512181006.99 2500.0 5000.0
1512181007.08 2500.0 5000.0
1512181007.19 2500.0 5000.0
1512181007.29 2500.0 5000.0
1512181007.39 2500.0 5000.0
1512181007.49 2500.0 5000.0
1512181007.59 2500.0 5000.0
1512181007.69 2500.0 5000.0
1512181007.79 2500.0 5000.0
1512181007.9 2500.0 5000.0
1512181008.0 2500.0 5000.0
1512181008.09 2500.0 5000.0
1512181008.2 2500.0 5000.0
1512181008.3 2500.0 5000.0
1512181008.39 2500.0 5000.0
1512181008.5 2500.0 5000.0
1512181008.6 2500.0 5000.0
1512181008.69 2500.0 5000.0
1512181008.79 2500.0 5000.0
1512181008.9 2500.0 5000.0
1512181009.0 2500.0 5000.0
1512181009.09 2500.0 5000.0
1512181009.2 2500.0 5000.0
1512181009.3 2500.0 5000.0
1512181009.4 2500.0 5000.0
1512181009.49 2500.0 5000.0
1512181009.59 2500.0 5000.0
1512181009.7 2500.0 5000.0
1512181009.8 2500.0 5000.0
1512181009.9 2500.0 5000.0
1512181010.0 2500.0 5000.0
1512181010.1 2500.0 5000.0
1512181010.2 2500.0 5000.0
1512181010.29 2500.0 5000.0
1512181010.4 2500.0 5000.0
1512181010.49 2500.0 5000.0
1512181010.6 2500.0 5000.0
1512181010.7 2500.0 5000.0
1512181010.8 2500.0 5000.0
1512181010.89 2500.0 5000.0
1512181011.0 2500.0 5000.0
1512181011.1 2500.0 5000.0
1512181011.2 2500.0 5000.0
1512181011.3 2500.0 5000.0
1512181011.4 2500.0 5000.0
1512181011.5 2500.0 5000.0
1512181011.6 2500.0 5000.0
1512181011.7 2500.0 5000.0
1512181011.8 2500.0 5000.0
1512181011.9 2500.0 5000.0
1512181012.0 2500.0 5000.0
1512181012.11 2500.0 5000.0
1512181012.21 2500.0 5000.0
1512181012.31 2500.0 5000.0
1512181012.4 2500.0 5000.0
1512181012.5 2500.0 5000.0
1512181012.61 2500.0 5000.0
1512181012.7 2500.0 5000.0
1512181012.81 2500.0 5000.0
1512181012.91 2500.0 5000.0
1512181013.01 2500.0 5000.0
1512181013.11 2500.0 5000.0
1512181013.21 2500.0 5000.0
1512181013.31 2500.0 5000.0
1512181013.41 2500.0 5000.0
1512181013.51 2500.0 5000.0
1512181013.6 2500.0 5000.0
1512181013.71 2500.0 5000.0
1512181013.81 2500.0 5000.0
1512181013.92 2500.0 5000.0
1512181014.01 2500.0 5000.0
1512181014.11 2500.0 5000.0
1512181014.21 2500.0 5000.0
1512181014.31 2500.0 5000.0
1512181014.41 2500.0 5000.0
1512181014.52 2500.0 5000.0
1512181014.61 2500.0 5000.0
1512181014.71 2500.0 5000.0
1512181014.81 2500.0 5000.0
1512181014.91 2500.0 5000.0
1512181015.01 2500.0 5000.0
1512181015.12 2500.0 5000.0
1512181015.21 2500.0 5000.0
1512181015.31 2500.0 5000.0
1512181015.41 2500.0 5000.0
1512181015.51 2500.0 5000.0
1512181015.61 2500.0 5000.0
1512181015.71 2500.0 5000.0
1512181015.82 2500.0 5000.0
1512181015.92 2500.0 5000.0
1512181016.01 2500.0 5000.0
1512181016.11 2500.0 5000.0
1512181016.21 2500.0 5000.0
1512181016.32 2500.0 5000.0
1512181016.42 2500.0 5000.0
1512181016.52 2500.0 5000.0
1512181016.61 2500.0 5000.0
1512181016.71 2500.0 5000.0
1512181016.82 2500.0 5000.0
1512181016.91 2500.0 5000.0
1512181017.02 2500.0 5000.0
1512181017.11 2500.0 5000.0
1512181017.24 2500.0 5000.0
1512181017.31 2500.0 5000.0
1512181017.41 2500.0 5000.0
1512181017.52 2500.0 5000.0
1512181017.62 2500.0 5000.0
1512181017.72 2500.0 5000.0
1512181017.82 2500.0 5000.0
1512181017.92 2500.0 5000.0
1512181018.02 2500.0 5000.0
1512181018.12 2500.0 5000.0
1512181018.22 2500.0 5000.0
1512181018.33 2500.0 5000.0
1512181018.43 2500.0 5000.0
1512181018.53 2500.0 5000.0
1512181018.63 2500.0 5000.0
1512181018.73 2500.0 5000.0
1512181018.83 2500.0 5000.0
1512181018.92 2500.0 5000.0
1512181019.03 2500.0 5000.0
1512181019.12 2500.0 5000.0
1512181019.23 2500.0 5000.0
1512181019.33 2500.0 5000.0
1512181019.43 2500.0 5000.0
1512181019.54 2500.0 5000.0
1512181019.62 2500.0 5000.0
1512181019.73 2500.0 5000.0
1512181019.83 2500.0 5000.0
1512181019.93 2500.0 5000.0
1512181020.03 2500.0 5000.0
1512181020.12 2500.0 5000.0
1512181020.23 2500.0 5000.0
1512181020.32 2500.0 5000.0
1512181020.42 2500.0 5000.0
1512181020.52 2500.0 5000.0
1512181020.63 2500.0 5000.0
1512181020.73 2500.0 5000.0
1512181020.83 2500.0 5000.0
1512181020.92 2500.0 5000.0
1512181021.04 2500.0 5000.0
1512181021.13 2500.0 5000.0
1512181021.23 2500.0 5000.0
1512181021.33 2500.0 5000.0
1512181021.43 2500.0 5000.0
1512181021.52 2500.0 5000.0
1512181021.62 2500.0 5000.0
1512181021.73 2500.0 5000.0
1512181021.83 2500.0 5000.0
1512181021.93 2500.0 5000.0
1512181022.03 2500.0 5000.0
1512181022.13 2500.0 5000.0
1512181022.22 2500.0 5000.0
1512181022.33 2500.0 5000.0
1512181022.43 2500.0 5000.0
1512181022.52 2500.0 5000.0
1512181022.63 2500.0 5000.0
1512181022.73 2500.0 5000.0
1512181022.83 2500.0 5000.0
1512181022.93 2500.0 5000.0
1512181023.03 2500.0 5000.0
1512181023.13 2500.0 5000.0
1512181023.23 2500.0 5000.0
1512181023.34 2500.0 5000.0
1512181023.44 2500.0 5000.0
1512181023.54 2500.0 5000.0
1512181023.63 2500.0 5000.0
1512181023.74 2500.0 5000.0
1512181023.84 2500.0 5000.0
1512181023.94 2500.0 5000.0
1512181024.04 2500.0 5000.0
1512181024.14 2500.0 5000.0
1512181024.24 2500.0 5000.0
1512181024.36 2500.0 5000.0
1512181024.44 2500.0 5000.0
1512181024.55 2500.0 5000.0
1512181024.64 2500.0 5000.0
1512181024.77 2500.0 5000.0
1512181024.84 2500.0 5000.0
1512181024.93 2500.0 5000.0
1512181025.03 2500.0 5000.0
1512181025.13 2500.0 5000.0
1512181025.23 2500.0 5000.0
1512181025.34 2500.0 5000.0
1512181025.43 2500.0 5000.0
1512181025.53 2500.0 5000.0
1512181025.65 2500.0 5000.0
1512181025.74 2500.0 5000.0
1512181025.84 2500.0 5000.0
1512181025.93 2500.0 5000.0
1512181026.04 2500.0 5000.0
1512181026.17 2500.0 5000.0
1512181026.24 2500.0 5000.0
1512181026.34 2500.0 5000.0
1512181026.44 2500.0 5000.0
1512181026.54 2500.0 5000.0
1512181026.64 2500.0 5000.0
1512181026.74 2500.0 5000.0
1512181026.85 2500.0 5000.0
1512181026.94 2500.0 5000.0
1512181027.04 2500.0 5000.0
1512181027.14 2500.0 5000.0
1512181027.24 2500.0 5000.0
1512181027.34 2500.0 5000.0
1512181027.44 2500.0 5000.0
1512181027.53 2500.0 5000.0
1512181027.64 2500.0 5000.0
1512181027.74 2500.0 5000.0
1512181027.84 2500.0 5000.0
1512181027.94 2500.0 5000.0
1512181028.04 2500.0 5000.0
1512181028.17 2500.0 5000.0
1512181028.25 2500.0 5000.0
1512181028.36 2500.0 5000.0
1512181028.46 2500.0 5000.0
1512181028.63 2500.0 5000.0
1512181028.71 2500.0 5000.0
1512181028.79 2500.0 5000.0
1512181028.9 2500.0 5000.0
1512181028.99 2500.0 5000.0
1512181029.09 2500.0 5000.0
1512181029.19 2500.0 5000.0
1512181029.29 2500.0 5000.0
1512181029.4 2500.0 5000.0
1512181029.49 2500.0 5000.0
1512181029.67 2500.0 5000.0
1512181029.73 2500.0 5000.0
1512181029.9 2500.0 5000.0
1512181029.97 2500.0 5000.0
1512181030.07 2500.0 5000.0
1512181030.17 2500.0 5000.0
1512181030.27 2500.0 5000.0
1512181030.39 2500.0 5000.0
1512181030.49 2500.0 5000.0
1512181030.58 2500.0 5000.0
1512181030.67 2500.0 5000.0
1512181030.83 2500.0 5000.0
1512181030.9 2500.0 5000.0
1512181031.0 2500.0 5000.0
1512181031.13 2500.0 5000.0
1512181031.2 2500.0 5000.0
1512181031.35 2500.0 5000.0
1512181031.42 2500.0 5000.0
1512181031.57 2500.0 5000.0
1512181031.64 2500.0 5000.0
1512181031.72 2500.0 5000.0
1512181031.83 2500.0 5000.0
1512181031.93 2500.0 5000.0
1512181032.03 2500.0 5000.0
1512181032.22 2500.0 5000.0
1512181032.29 2500.0 5000.0
1512181032.39 2500.0 5000.0
1512181032.49 2500.0 5000.0
1512181032.6 2500.0 5000.0
1512181032.7 2500.0 5000.0
1512181032.8 2500.0 5000.0
1512181032.9 2500.0 5000.0
1512181033.0 2500.0 5000.0
1512181033.1 2500.0 5000.0
1512181033.19 2500.0 5000.0
1512181033.38 2500.0 5000.0
1512181033.45 2500.0 5000.0
1512181033.55 2500.0 5000.0
1512181033.65 2500.0 5000.0
1512181033.76 2500.0 5000.0
1512181033.85 2500.0 5000.0
1512181033.95 2500.0 5000.0
1512181034.05 2500.0 5000.0
1512181034.14 2500.0 5000.0
1512181034.31 2500.0 5000.0
1512181034.38 2500.0 5000.0
1512181034.52 2500.0 5000.0
1512181034.59 2500.0 5000.0
1512181034.68 2500.0 5000.0
1512181034.78 2500.0 5000.0
1512181034.92 2500.0 5000.0
1512181035.0 2500.0 5000.0
1512181035.1 2500.0 5000.0
1512181035.2 2500.0 5000.0
1512181035.3 2500.0 5000.0
1512181035.38 2500.0 5000.0
1512181035.49 2500.0 5000.0
1512181035.58 2500.0 5000.0
1512181035.69 2500.0 5000.0
1512181035.78 2500.0 5000.0
1512181035.89 2500.0 5000.0
1512181035.98 2500.0 5000.0
1512181036.08 2500.0 5000.0
1512181036.19 2500.0 5000.0
1512181036.29 2500.0 5000.0
1512181036.38 2500.0 5000.0
1512181036.48 2500.0 5000.0
1512181036.65 2500.0 5000.0
1512181036.71 2500.0 5000.0
1512181036.81 2500.0 5000.0
1512181036.92 2500.0 5000.0
1512181037.01 2500.0 5000.0
1512181037.12 2500.0 5000.0
1512181037.22 2500.0 5000.0
1512181037.32 2500.0 5000.0
1512181037.42 2500.0 5000.0
1512181037.52 2500.0 5000.0
1512181037.62 2500.0 5000.0
1512181037.72 2500.0 5000.0
1512181037.82 2500.0 5000.0
1512181037.97 2500.0 5000.0
1512181038.03 2500.0 5000.0
1512181038.16 2500.0 5000.0
1512181038.23 2500.0 5000.0
1512181038.41 2500.0 5000.0
1512181038.47 2500.0 5000.0
1512181038.57 2500.0 5000.0
1512181038.67 2500.0 5000.0
1512181038.77 2500.0 5000.0
1512181038.87 2500.0 5000.0
1512181038.96 2500.0 5000.0
1512181039.07 2500.0 5000.0
1512181039.23 2500.0 5000.0
1512181039.29 2500.0 5000.0
1512181039.39 2500.0 5000.0
1512181039.5 2500.0 5000.0
1512181039.6 2500.0 5000.0
1512181039.7 2500.0 5000.0
1512181039.88 2500.0 5000.0
1512181039.95 2500.0 5000.0
1512181040.1 2500.0 5000.0
1512181040.15 2500.0 5000.0
1512181040.35 2500.0 5000.0
1512181040.41 2500.0 5000.0
1512181040.5 2500.0 5000.0
1512181040.6 2500.0 5000.0
1512181040.71 2500.0 5000.0
1512181040.81 2500.0 5000.0
1512181040.91 2500.0 5000.0
1512181041.01 2500.0 5000.0
1512181041.11 2500.0 5000.0
1512181041.21 2500.0 5000.0
1512181041.31 2500.0 5000.0
1512181041.49 2500.0 5000.0
1512181041.54 2500.0 5000.0
1512181041.65 2500.0 5000.0
1512181041.76 2500.0 5000.0
1512181041.94 2500.0 5000.0
1512181042.0 2500.0 5000.0
1512181042.1 2500.0 5000.0
1512181042.27 2500.0 5000.0
1512181042.34 2500.0 5000.0
1512181042.43 2500.0 5000.0
1512181042.52 2500.0 5000.0
1512181042.64 2500.0 5000.0
1512181042.73 2500.0 5000.0
1512181042.84 2500.0 5000.0
1512181042.93 2500.0 5000.0
1512181043.03 2500.0 5000.0
1512181043.13 2500.0 5000.0
1512181043.31 2500.0 5000.0
1512181043.38 2500.0 5000.0
1512181043.47 2500.0 5000.0
1512181043.59 2500.0 5000.0
1512181043.68 2500.0 5000.0
1512181043.84 2500.0 5000.0
1512181043.91 2500.0 5000.0
1512181044.01 2500.0 5000.0
1512181044.1 2500.0 5000.0
1512181044.21 2500.0 5000.0
1512181044.31 2500.0 5000.0
1512181044.41 2500.0 5000.0
1512181044.5 2500.0 5000.0
1512181044.61 2500.0 5000.0
1512181044.71 2500.0 5000.0
1512181044.81 2500.0 5000.0
1512181044.91 2500.0 5000.0
1512181045.06 2500.0 5000.0
1512181045.13 2500.0 5000.0
1512181045.23 2500.0 5000.0
1512181045.33 2500.0 5000.0
1512181045.42 2500.0 5000.0
1512181045.52 2500.0 5000.0
1512181045.63 2500.0 5000.0
1512181045.72 2500.0 5000.0
1512181045.83 2500.0 5000.0
1512181045.93 2500.0 5000.0
1512181046.03 2500.0 5000.0
1512181046.12 2500.0 5000.0
1512181046.22 2500.0 5000.0
1512181046.33 2500.0 5000.0
1512181046.43 2500.0 5000.0
1512181046.53 2500.0 5000.0
1512181046.63 2500.0 5000.0
1512181046.73 2500.0 5000.0
1512181046.82 2500.0 5000.0
1512181046.93 2500.0 5000.0
1512181047.02 2500.0 5000.0
1512181047.18 2500.0 5000.0
1512181047.25 2500.0 5000.0
1512181047.34 2500.0 5000.0
1512181047.44 2500.0 5000.0
1512181047.62 2500.0 5000.0
1512181047.68 2500.0 5000.0
1512181047.78 2500.0 5000.0
1512181047.88 2500.0 5000.0
1512181047.97 2500.0 5000.0
1512181048.08 2500.0 5000.0
1512181048.18 2500.0 5000.0
1512181048.28 2500.0 5000.0
1512181048.37 2500.0 5000.0
1512181048.47 2500.0 5000.0
1512181048.58 2500.0 5000.0
1512181048.67 2500.0 5000.0
1512181048.84 2500.0 5000.0
1512181048.9 2500.0 5000.0
1512181049.0 2500.0 5000.0
1512181049.09 2500.0 5000.0
1512181049.2 2500.0 5000.0
1512181049.29 2500.0 5000.0
1512181049.4 2500.0 5000.0
1512181049.5 2500.0 5000.0
1512181049.59 2500.0 5000.0
1512181049.7 2500.0 5000.0
1512181049.79 2500.0 5000.0
1512181049.89 2500.0 5000.0
1512181050.0 2500.0 5000.0
1512181050.1 2500.0 5000.0
1512181050.2 2500.0 5000.0
1512181050.3 2500.0 5000.0
1512181050.4 2500.0 5000.0
1512181050.5 2500.0 5000.0
1512181050.6 2500.0 5000.0
1512181050.71 2500.0 5000.0
1512181050.8 2500.0 5000.0
1512181050.9 2500.0 5000.0
1512181051.0 2500.0 5000.0
1512181051.1 2500.0 5000.0
1512181051.27 2500.0 5000.0
1512181051.33 2500.0 5000.0
1512181051.43 2500.0 5000.0
1512181051.52 2500.0 5000.0
1512181051.63 2500.0 5000.0
1512181051.73 2500.0 5000.0
1512181051.83 2500.0 5000.0
1512181051.93 2500.0 5000.0
1512181052.03 2500.0 5000.0
1512181052.13 2500.0 5000.0
1512181052.22 2500.0 5000.0
1512181052.34 2500.0 5000.0
1512181052.48 2500.0 5000.0
1512181052.54 2500.0 5000.0
1512181052.64 2500.0 5000.0
1512181052.74 2500.0 5000.0
1512181052.85 2500.0 5000.0
1512181052.95 2500.0 5000.0
1512181053.04 2500.0 5000.0
1512181053.14 2500.0 5000.0
1512181053.24 2500.0 5000.0
1512181053.35 2500.0 5000.0
1512181053.45 2500.0 5000.0
1512181053.55 2500.0 5000.0
1512181053.64 2500.0 5000.0
1512181053.74 2500.0 5000.0
1512181053.85 2500.0 5000.0
1512181053.94 2500.0 5000.0
1512181054.05 2500.0 5000.0
1512181054.14 2500.0 5000.0
1512181054.24 2500.0 5000.0
1512181054.35 2500.0 5000.0
1512181054.44 2500.0 5000.0
1512181054.54 2500.0 5000.0
1512181054.64 2500.0 5000.0
1512181054.74 2500.0 5000.0
1512181054.85 2500.0 5000.0
1512181054.94 2500.0 5000.0
1512181055.03 2500.0 5000.0
1512181055.14 2500.0 5000.0
1512181055.24 2500.0 5000.0
1512181055.34 2500.0 5000.0
1512181055.44 2500.0 5000.0
1512181055.55 2500.0 5000.0
1512181055.64 2500.0 5000.0
1512181055.76 2500.0 5000.0
1512181055.85 2500.0 5000.0
1512181055.95 2500.0 5000.0
1512181056.07 2500.0 5000.0
1512181056.15 2500.0 5000.0
1512181056.25 2500.0 5000.0
1512181056.35 2500.0 5000.0
1512181056.45 2500.0 5000.0
1512181056.55 2500.0 5000.0
1512181056.65 2500.0 5000.0
1512181056.75 2500.0 5000.0
1512181056.85 2500.0 5000.0
1512181056.95 2500.0 5000.0
1512181057.05 2500.0 5000.0
1512181057.15 2500.0 5000.0
1512181057.25 2500.0 5000.0
1512181057.36 2500.0 5000.0
1512181057.45 2500.0 5000.0
1512181057.6 2500.0 5000.0
1512181057.67 2500.0 5000.0
1512181057.76 2500.0 5000.0
1512181057.86 2500.0 5000.0
1512181057.96 2500.0 5000.0
1512181058.06 2500.0 5000.0
1512181058.17 2500.0 5000.0
1512181058.26 2500.0 5000.0
1512181058.36 2500.0 5000.0
1512181058.47 2500.0 5000.0
1512181058.56 2500.0 5000.0
1512181058.65 2500.0 5000.0
1512181058.76 2500.0 5000.0
1512181058.85 2500.0 5000.0
1512181058.96 2500.0 5000.0
1512181059.06 2500.0 5000.0
1512181059.15 2500.0 5000.0
1512181059.25 2500.0 5000.0
1512181059.35 2500.0 5000.0
1512181059.46 2500.0 5000.0
1512181059.56 2500.0 5000.0
1512181059.66 2500.0 5000.0
1512181059.76 2500.0 5000.0
1512181059.86 2500.0 5000.0
1512181059.98 2500.0 5000.0
1512181060.07 2500.0 5000.0
1512181060.16 2500.0 5000.0
1512181060.26 2500.0 5000.0
1512181060.37 2500.0 5000.0
1512181060.46 2500.0 5000.0
1512181060.55 2500.0 5000.0
1512181060.66 2500.0 5000.0
1512181060.79 2500.0 5000.0
1512181060.87 2500.0 5000.0
1512181060.96 2500.0 5000.0
1512181061.06 2500.0 5000.0
1512181061.17 2500.0 5000.0
1512181061.26 2500.0 5000.0
1512181061.42 2500.0 5000.0
1512181061.5 2500.0 5000.0
1512181061.6 2500.0 5000.0
1512181061.68 2500.0 5000.0
1512181061.79 2500.0 5000.0
1512181061.89 2500.0 5000.0
1512181061.99 2500.0 5000.0
1512181062.08 2500.0 5000.0
1512181062.19 2500.0 5000.0
1512181062.28 2500.0 5000.0
1512181062.39 2500.0 5000.0
1512181062.48 2500.0 5000.0
1512181062.58 2500.0 5000.0
1512181062.69 2500.0 5000.0
1512181062.78 2500.0 5000.0
1512181062.88 2500.0 5000.0
1512181062.98 2500.0 5000.0
1512181063.08 2500.0 5000.0
1512181063.19 2500.0 5000.0
1512181063.28 2500.0 5000.0
1512181063.39 2500.0 5000.0
1512181063.48 2500.0 5000.0
1512181063.6 2500.0 5000.0
1512181063.69 2500.0 5000.0
1512181063.79 2500.0 5000.0
1512181063.89 2500.0 5000.0
1512181063.99 2500.0 5000.0
1512181064.08 2500.0 5000.0
1512181064.18 2500.0 5000.0
1512181064.29 2500.0 5000.0
1512181064.39 2500.0 5000.0
1512181064.49 2500.0 5000.0
1512181064.59 2500.0 5000.0
1512181064.69 2500.0 5000.0
1512181064.79 2500.0 5000.0
1512181064.88 2500.0 5000.0
1512181064.99 2500.0 5000.0
1512181065.09 2500.0 5000.0
1512181065.19 2500.0 5000.0
1512181065.28 2500.0 5000.0
1512181065.39 2500.0 5000.0
1512181065.48 2500.0 5000.0
1512181065.59 2500.0 5000.0
1512181065.69 2500.0 5000.0
1512181065.79 2500.0 5000.0
1512181065.88 2500.0 5000.0
1512181065.98 2500.0 5000.0
1512181066.08 2500.0 5000.0
1512181066.18 2500.0 5000.0
1512181066.29 2500.0 5000.0
1512181066.38 2500.0 5000.0
1512181066.48 2500.0 5000.0
1512181066.58 2500.0 5000.0
1512181066.68 2500.0 5000.0
1512181066.78 2500.0 5000.0
1512181066.88 2500.0 5000.0
1512181066.98 2500.0 5000.0
1512181067.08 2500.0 5000.0
1512181067.18 2500.0 5000.0
1512181067.28 2500.0 5000.0
1512181067.38 2500.0 5000.0
1512181067.48 2500.0 5000.0
1512181067.58 2500.0 5000.0
1512181067.68 2500.0 5000.0
1512181067.78 2500.0 5000.0
1512181067.88 2500.0 5000.0
1512181067.98 2500.0 5000.0
1512181068.08 2500.0 5000.0
1512181068.18 2500.0 5000.0
1512181068.29 2500.0 5000.0
1512181068.39 2500.0 5000.0
1512181068.48 2500.0 5000.0
1512181068.58 2500.0 5000.0
1512181068.68 2500.0 5000.0
1512181068.79 2500.0 5000.0
1512181068.89 2500.0 5000.0
1512181068.99 2500.0 5000.0
1512181069.08 2500.0 5000.0
1512181069.19 2500.0 5000.0
1512181069.28 2500.0 5000.0
1512181069.39 2500.0 5000.0
1512181069.49 2500.0 5000.0
1512181069.59 2500.0 5000.0
1512181069.69 2500.0 5000.0
1512181069.79 2500.0 5000.0
1512181069.89 2500.0 5000.0
1512181070.0 2500.0 5000.0
1512181070.09 2500.0 5000.0
1512181070.2 2500.0 5000.0
1512181070.3 2500.0 5000.0
1512181070.4 2500.0 5000.0
1512181070.5 2500.0 5000.0
1512181070.61 2500.0 5000.0
1512181070.71 2500.0 5000.0
1512181070.81 2500.0 5000.0
1512181070.91 2500.0 5000.0
1512181071.01 2500.0 5000.0
1512181071.12 2500.0 5000.0
1512181071.21 2500.0 5000.0
1512181071.3 2500.0 5000.0
1512181071.41 2500.0 5000.0
1512181071.51 2500.0 5000.0
1512181071.61 2500.0 5000.0
1512181071.71 2500.0 5000.0
1512181071.81 2500.0 5000.0
1512181071.91 2500.0 5000.0
1512181072.02 2500.0 5000.0
1512181072.11 2500.0 5000.0
1512181072.21 2500.0 5000.0
1512181072.3 2500.0 5000.0
1512181072.4 2500.0 5000.0
1512181072.5 2500.0 5000.0
1512181072.6 2500.0 5000.0
1512181072.7 2500.0 5000.0
1512181072.8 2500.0 5000.0
1512181072.91 2500.0 5000.0
1512181073.01 2500.0 5000.0
1512181073.11 2500.0 5000.0
1512181073.21 2500.0 5000.0
1512181073.31 2500.0 5000.0
1512181073.41 2500.0 5000.0
1512181073.51 2500.0 5000.0
1512181073.61 2500.0 5000.0
1512181073.71 2500.0 5000.0
1512181073.81 2500.0 5000.0
1512181073.91 2500.0 5000.0
1512181074.01 2500.0 5000.0
1512181074.11 2500.0 5000.0
1512181074.21 2500.0 5000.0
1512181074.31 2500.0 5000.0
1512181074.41 2500.0 5000.0
1512181074.51 2500.0 5000.0
1512181074.61 2500.0 5000.0
1512181074.71 2500.0 5000.0
1512181074.81 2500.0 5000.0
1512181074.91 2500.0 5000.0
1512181075.01 2500.0 5000.0
1512181075.11