1512278804.62 2500.0 3166.66666667
1512278804.7 2500.0 3611.11111111
1512278804.8 2500.0 3907.40740741
1512278804.9 2500.0 4104.9382716
1512278804.99 2500.0 4236.6255144
1512278805.1 2500.0 4324.4170096
1512278805.2 2500.0 4382.94467307
1512278805.3 2500.0 4421.96311538
1512278805.4 2500.0 4447.97541025
1512278805.5 2500.0 4465.31694017
1512278805.6 2500.0 4476.87796011
1512278805.71 2500.0 4484.58530674
1512278805.81 2500.0 4489.72353783
1512278805.9 2500.0 4493.14902522
1512278806.0 2500.0 4495.43268348
1512278806.1 2500.0 4496.95512232
1512278806.2 2500.0 4497.97008155
1512278806.3 2500.0 4498.64672103
1512278806.4 2500.0 4499.09781402
1512278806.5 2500.0 4499.39854268
1512278806.61 2500.0 4499.59902845
1512278806.7 2500.0 4499.73268564
1512278806.8 2500.0 4499.82179042
1512278806.9 2500.0 4499.88119362
1512278807.0 2500.0 4499.92079574
1512278807.11 2500.0 4499.94719716
1512278807.21 2500.0 4499.96479811
1512278807.3 2500.0 4499.97653207
1512278807.4 2500.0 4499.98435471
1512278807.51 2500.0 4499.98956981
1512278807.6 2500.0 4499.99304654
1512278807.7 2500.0 4499.99536436
1512278807.81 2500.0 4499.99690957
1512278807.9 2500.0 4499.99793972
1512278808.0 2500.0 4499.99862648
1512278808.11 2500.0 4499.99908432
1512278808.21 2500.0 4499.99938955
1512278808.3 2500.0 4499.99959303
1512278808.4 2500.0 4499.99972869
1512278808.5 2500.0 4499.99981912
1512278808.6 2500.0 4499.99987942
1512278808.7 2500.0 4499.99991961
1512278808.8 2500.0 4499.99994641
1512278808.91 2500.0 4499.99996427
1512278809.01 2500.0 4499.99997618
1512278809.11 2500.0 4499.99998412
1512278809.21 2500.0 4499.99998941
1512278809.32 2500.0 4499.99999294
1512278809.41 2500.0 4499.9999953
1512278809.51 2500.0 4499.99999686
1512278809.61 2500.0 4499.99999791
1512278809.72 2500.0 4499.99999861
1512278809.82 2500.0 4499.99999907
1512278809.92 2500.0 4499.99999938
1512278810.01 2500.0 4499.99999959
1512278810.11 2500.0 4499.99999972
1512278810.21 2500.0 4499.99999982
1512278810.31 2500.0 4499.99999988
1512278810.42 2500.0 4499.99999992
1512278810.51 2500.0 4499.99999995
1512278810.62 2500.0 4499.99999996
1512278810.72 2500.0 4499.99999998
1512278810.82 2500.0 4499.99999998
1512278810.91 2500.0 4499.99999999
1512278811.02 2500.0 4499.99999999
1512278811.11 2500.0 4500.0
1512278811.21 2500.0 4500.0
1512278811.31 2500.0 4500.0
1512278811.41 2500.0 4500.0
1512278811.51 2500.0 4500.0
1512278811.61 2500.0 4500.0
1512278811.71 2500.0 4500.0
1512278811.82 2500.0 4500.0
1512278811.91 2500.0 4500.0
1512278812.03 2500.0 4500.0
1512278812.11 2500.0 4500.0
1512278812.21 2500.0 4500.0
1512278812.31 2500.0 4500.0
1512278812.41 2500.0 4500.0
1512278812.51 2500.0 4500.0
1512278812.61 2500.0 4500.0
1512278812.71 2500.0 4500.0
1512278812.84 2500.0 4500.0
1512278812.92 2500.0 4500.0
1512278813.02 2500.0 4500.0
1512278813.11 2500.0 4500.0
1512278813.22 2500.0 4500.0
1512278813.32 2500.0 4500.0
1512278813.41 2500.0 4500.0
1512278813.51 2500.0 4500.0
1512278813.61 2500.0 4500.0
1512278813.71 2500.0 4500.0
1512278813.81 2500.0 4500.0
1512278813.91 2500.0 4500.0
1512278814.02 2500.0 4500.0
1512278814.11 2500.0 4500.0
1512278814.22 2500.0 4500.0
1512278814.32 2500.0 4500.0
1512278814.42 2500.0 4500.0
1512278814.52 2500.0 4500.0
1512278814.62 2500.0 4500.0
1512278814.72 2500.0 4500.0
1512278814.82 2500.0 4500.0
1512278814.93 2500.0 4500.0
1512278815.03 2500.0 4500.0
1512278815.13 2500.0 4500.0
1512278815.23 2500.0 4500.0
1512278815.33 2500.0 4500.0
1512278815.43 2500.0 4500.0
1512278815.53 2500.0 4500.0
1512278815.63 2500.0 4500.0
1512278815.74 2500.0 4500.0
1512278815.84 2500.0 4500.0
1512278815.94 2500.0 4500.0
1512278816.04 2500.0 4500.0
1512278816.14 2500.0 4500.0
1512278816.24 2500.0 4500.0
1512278816.34 2500.0 4500.0
1512278816.43 2500.0 4500.0
1512278816.53 2500.0 4500.0
1512278816.63 2500.0 4500.0
1512278816.74 2500.0 4500.0
1512278816.84 2500.0 4500.0
1512278816.94 2500.0 4500.0
1512278817.04 2500.0 4500.0
1512278817.13 2500.0 4500.0
1512278817.23 2500.0 4500.0
1512278817.33 2500.0 4500.0
1512278817.43 2500.0 4500.0
1512278817.53 2500.0 4500.0
1512278817.64 2500.0 4500.0
1512278817.74 2500.0 4500.0
1512278817.84 2500.0 4500.0
1512278817.94 2500.0 4500.0
1512278818.03 2500.0 4500.0
1512278818.14 2500.0 4500.0
1512278818.24 2500.0 4500.0
1512278818.34 2500.0 4500.0
1512278818.44 2500.0 4500.0
1512278818.54 2500.0 4500.0
1512278818.64 2500.0 4500.0
1512278818.74 2500.0 4500.0
1512278818.84 2500.0 4500.0
1512278818.94 2500.0 4500.0
1512278819.04 2500.0 4500.0
1512278819.14 2500.0 4500.0
1512278819.24 2500.0 4500.0
1512278819.34 2500.0 4500.0
1512278819.44 2500.0 4500.0
1512278819.54 2500.0 4500.0
1512278819.64 2500.0 4500.0
1512278819.74 2500.0 4500.0
1512278819.84 2500.0 4500.0
1512278819.94 2500.0 4500.0
1512278820.04 2500.0 4500.0
1512278820.14 2500.0 4500.0
1512278820.24 2500.0 4500.0
1512278820.34 2500.0 4500.0
1512278820.44 2500.0 4500.0
1512278820.54 2500.0 4500.0
1512278820.64 2500.0 4500.0
1512278820.74 2500.0 4500.0
1512278820.84 2500.0 4500.0
1512278820.95 2500.0 4500.0
1512278821.05 2500.0 4500.0
1512278821.15 2500.0 4500.0
1512278821.25 2500.0 4500.0
1512278821.36 2500.0 4500.0
1512278821.46 2500.0 4500.0
1512278821.55 2500.0 4500.0
1512278821.66 2500.0 4500.0
1512278821.77 2500.0 4500.0
1512278821.86 2500.0 4500.0
1512278821.96 2458.33333333 4500.0
1512278822.06 2460.41666667 4500.0
1512278822.16 2399.89583333 4500.0
1512278822.25 2404.90104167 4500.0
1512278822.37 2367.98932292 4500.0
1512278822.45 2332.9231901 4500.0
1512278822.56 2341.2770306 4500.0
1512278822.65 2307.5465124 4500.0
1512278822.75 2275.50252012 4500.0
1512278822.85 2245.06072744 4500.0
1512278822.95 2257.80769107 4500.0
1512278823.05 2228.25063985 4500.0
1512278823.15 2200.17144119 4500.0
1512278823.25 2173.49620247 4500.0
1512278823.35 2189.82139234 4500.0
1512278823.45 2142.83032272 4500.0
1512278823.55 2160.68880659 4500.0
1512278823.65 2135.98769959 4500.0
1512278823.75 2112.52164795 4500.0
1512278823.85 2131.89556555 4500.0
1512278823.95 2150.30078727 4500.0
1512278824.05 2126.11908124 4500.0
1512278824.15 2144.81312718 4500.0
1512278824.25 2162.57247082 4500.0
1512278824.35 2137.77718061 4500.0
1512278824.45 2155.88832158 4500.0
1512278824.55 2173.0939055 4500.0
1512278824.65 2147.77254356 4500.0
1512278824.75 2165.38391638 4500.0
1512278824.85 2182.11472056 4500.0
1512278824.95 2198.00898454 4500.0
1512278825.06 2213.10853531 4500.0
1512278825.16 2227.45310854 4500.0
1512278825.26 2241.08045312 4500.0
1512278825.36 2254.02643046 4500.0
1512278825.46 2266.32510894 4500.0
1512278825.56 2278.00885349 4500.0
1512278825.66 2289.10841082 4500.0
1512278825.76 2299.65299028 4500.0
1512278825.86 2309.67034076 4500.0
1512278825.96 2319.18682372 4500.0
1512278826.07 2328.22748254 4500.0
1512278826.16 2336.81610841 4500.0
1512278826.27 2344.97530299 4500.0
1512278826.36 2352.72653784 4500.0
1512278826.47 2360.09021095 4500.0
1512278826.57 2367.0857004 4500.0
1512278826.68 2373.73141538 4500.0
1512278826.77 2380.04484461 4500.0
1512278826.87 2386.04260238 4500.0
1512278826.98 2391.74047226 4500.0
1512278827.07 2397.15344865 4500.0
1512278827.18 2402.29577622 4500.0
1512278827.28 2407.18098741 4500.0
1512278827.37 2411.82193804 4500.0
1512278827.47 2416.23084113 4500.0
1512278827.57 2420.41929908 4500.0
1512278827.67 2424.39833412 4500.0
1512278827.77 2428.17841742 4500.0
1512278827.87 2431.76949655 4500.0
1512278827.97 2435.18102172 4500.0
1512278828.07 2438.42197063 4500.0
1512278828.17 2441.5008721 4500.0
1512278828.27 2444.4258285 4500.0
1512278828.37 2447.20453707 4500.0
1512278828.47 2449.84431022 4500.0
1512278828.57 2452.35209471 4500.0
1512278828.67 2454.73448997 4500.0
1512278828.78 2456.99776547 4500.0
1512278828.87 2459.1478772 4500.0
1512278828.97 2461.19048334 4500.0
1512278829.07 2463.13095917 4500.0
1512278829.17 2464.97441121 4500.0
1512278829.27 2466.72569065 4500.0
1512278829.37 2468.38940612 4500.0
1512278829.47 2469.96993581 4500.0
1512278829.57 2471.47143902 4500.0
1512278829.67 2472.89786707 4500.0
1512278829.78 2474.25297372 4500.0
1512278829.87 2475.54032503 4500.0
1512278829.97 2476.76330878 4500.0
1512278830.07 2477.92514334 4500.0
1512278830.18 2479.02888618 4500.0
1512278830.27 2480.07744187 4500.0
1512278830.37 2481.07356977 4500.0
1512278830.47 2482.01989128 4500.0
1512278830.58 2482.91889672 4500.0
1512278830.68 2483.77295188 4500.0
1512278830.78 2484.58430429 4500.0
1512278830.87 2485.35508908 4500.0
1512278830.98 2486.08733462 4500.0
1512278831.07 2486.78296789 4500.0
1512278831.18 2487.4438195 4500.0
1512278831.28 2488.07162852 4500.0
1512278831.38 2488.6680471 4500.0
1512278831.47 2489.23464474 4500.0
1512278831.58 2489.7729125 4500.0
1512278831.68 2490.28426688 4500.0
1512278831.79 2490.77005353 4500.0
1512278831.89 2491.23155086 4500.0
1512278831.99 2491.66997331 4500.0
1512278832.11 2492.08647465 4500.0
1512278832.19 2492.48215092 4500.0
1512278832.29 2492.85804337 4500.0
1512278832.4 2493.2151412 4500.0
1512278832.5 2493.55438414 4500.0
1512278832.6 2493.87666493 4500.0
1512278832.7 2494.18283169 4500.0
1512278832.8 2494.4736901 4500.0
1512278832.9 2494.7500056 4500.0
1512278833.0 2495.01250532 4500.0
1512278833.1 2495.26188005 4500.0
1512278833.2 2495.49878605 4500.0
1512278833.29 2495.72384675 4500.0
1512278833.39 2495.93765441 4500.0
1512278833.5 2496.14077169 4500.0
1512278833.59 2496.33373311 4500.0
1512278833.69 2496.51704645 4500.0
1512278833.79 2496.69119413 4500.0
1512278833.89 2496.85663442 4500.0
1512278833.99 2497.0138027 4500.0
1512278834.1 2497.16311257 4500.0
1512278834.2 2497.30495694 4500.0
1512278834.29 2497.43970909 4500.0
1512278834.4 2497.56772364 4500.0
1512278834.5 2497.68933745 4500.0
1512278834.6 2497.80487058 4500.0
1512278834.71 2497.91462705 4500.0
1512278834.8 2498.0188957 4500.0
1512278834.9 2498.11795091 4500.0
1512278835.0 2498.21205337 4500.0
1512278835.1 2498.3014507 4500.0
1512278835.2 2498.38637817 4500.0
1512278835.3 2498.46705926 4500.0
1512278835.4 2498.54370629 4500.0
1512278835.5 2498.61652098 4500.0
1512278835.6 2498.68569493 4500.0
1512278835.7 2498.75141018 4500.0
1512278835.8 2498.81383967 4500.0
1512278835.9 2498.87314769 4500.0
1512278836.0 2498.92949031 4500.0
1512278836.1 2498.98301579 4500.0
1512278836.2 2499.033865 4500.0
1512278836.34 2499.08217175 4500.0
1512278836.42 2499.12806316 4500.0
1512278836.51 2499.17166001 4500.0
1512278836.67 2499.21307701 4500.0
1512278836.75 2499.25242316 4500.0
1512278836.84 2499.289802 4500.0
1512278836.94 2499.3253119 4500.0
1512278837.04 2499.3590463 4500.0
1512278837.14 2499.39109399 4500.0
1512278837.24 2499.42153929 4500.0
1512278837.34 2499.45046232 4500.0
1512278837.44 2499.47793921 4500.0
1512278837.54 2499.50404225 4500.0
1512278837.65 2499.52884013 4500.0
1512278837.74 2499.55239813 4500.0
1512278837.85 2499.57477822 4500.0
1512278837.95 2499.59603931 4500.0
1512278838.05 2499.61623735 4500.0
1512278838.22 2499.63542548 4500.0
1512278838.3 2499.6536542 4500.0
1512278838.4 2499.67097149 4500.0
1512278838.49 2499.68742292 4500.0
1512278838.59 2499.70305177 4500.0
1512278838.7 2499.71789918 4500.0
1512278838.79 2499.73200423 4500.0
1512278838.9 2499.74540401 4500.0
1512278839.01 2499.75813381 4500.0
1512278839.1 2499.77022712 4500.0
1512278839.2 2499.78171577 4500.0
1512278839.31 2499.79262998 4500.0
1512278839.4 2499.80299848 4500.0
1512278839.5 2499.81284856 4500.0
1512278839.65 2499.82220613 4500.0
1512278839.73 2499.83109582 4500.0
1512278839.81 2499.83954103 4500.0
1512278839.91 2499.84756398 4500.0
1512278840.01 2499.85518578 4500.0
1512278840.12 2499.86242649 4500.0
1512278840.22 2499.86930517 4500.0
1512278840.32 2499.87583991 4500.0
1512278840.42 2499.88204791 4500.0
1512278840.52 2499.88794552 4500.0
1512278840.62 2499.89354824 4500.0
1512278840.72 2499.89887083 4500.0
1512278840.82 2499.90392729 4500.0
1512278840.93 2499.90873092 4500.0
1512278841.03 2499.91329438 4500.0
1512278841.12 2499.91762966 4500.0
1512278841.22 2499.92174818 4500.0
1512278841.32 2499.92566077 4500.0
1512278841.42 2499.92937773 4500.0
1512278841.52 2499.93290884 4500.0
1512278841.62 2499.9362634 4500.0
1512278841.72 2499.93945023 4500.0
1512278841.82 2499.94247772 4500.0
1512278841.92 2499.94535383 4500.0
1512278842.02 2499.94808614 4500.0
1512278842.12 2499.95068183 4500.0
1512278842.23 2499.95314774 4500.0
1512278842.32 2499.95549035 4500.0
1512278842.42 2499.95771584 4500.0
1512278842.54 2499.95983005 4500.0
1512278842.62 2499.96183854 4500.0
1512278842.73 2499.96374662 4500.0
1512278842.83 2499.96555929 4500.0
1512278842.94 2499.96728132 4500.0
1512278843.04 2499.96891725 4500.0
1512278843.14 2499.97047139 4500.0
1512278843.23 2499.97194782 4500.0
1512278843.33 2499.97335043 4500.0
1512278843.44 2499.97468291 4500.0
1512278843.53 2499.97594876 4500.0
1512278843.64 2499.97715133 4500.0
1512278843.81 2499.97829376 4500.0
1512278843.88 2499.97937907 4500.0
1512278843.99 2499.98041012 4500.0
1512278844.08 2499.98138961 4500.0
1512278844.18 2499.98232013 4500.0
1512278844.27 2499.98320413 4500.0
1512278844.4 2499.98404392 4500.0
1512278844.47 2499.98484172 4500.0
1512278844.61 2499.98559964 4500.0
1512278844.67 2499.98631965 4500.0
1512278844.78 2499.98700367 4500.0
1512278844.87 2499.98765349 4500.0
1512278844.97 2499.98827081 4500.0
1512278845.07 2499.98885727 4500.0
1512278845.17 2499.98941441 4500.0
1512278845.28 2499.98994369 4500.0
1512278845.37 2499.9904465 4500.0
1512278845.47 2499.99092418 4500.0
1512278845.57 2499.99137797 4500.0
1512278845.67 2499.99180907 4500.0
1512278845.85 2499.99221862 4500.0
1512278845.91 2499.99260769 4500.0
1512278846.01 2499.9929773 4500.0
1512278846.12 2499.99332844 4500.0
1512278846.21 2499.99366202 4500.0
1512278846.31 2499.99397892 4500.0
1512278846.42 2499.99427997 4500.0
1512278846.52 2499.99456597 4500.0
1512278846.61 2499.99483767 4500.0
1512278846.71 2499.99509579 4500.0
1512278846.82 2499.995341 4500.0
1512278846.92 2499.99557395 4500.0
1512278847.02 2499.99579525 4500.0
1512278847.12 2499.99600549 4500.0
1512278847.22 2499.99620521 4500.0
1512278847.32 2499.99639495 4500.0
1512278847.41 2499.99657521 4500.0
1512278847.52 2499.99674645 4500.0
1512278847.62 2499.99690912 4500.0
1512278847.72 2499.99706367 4500.0
1512278847.82 2499.99721048 4500.0
1512278847.92 2499.99734996 4500.0
1512278848.02 2499.99748246 4500.0
1512278848.12 2499.99760834 4500.0
1512278848.22 2499.99772792 4500.0
1512278848.33 2499.99784153 4500.0
1512278848.43 2499.99794945 4500.0
1512278848.53 2499.99805198 4500.0
1512278848.63 2499.99814938 4500.0
1512278848.73 2499.99824191 4500.0
1512278848.83 2499.99832981 4500.0
1512278848.94 2499.99841332 4500.0
1512278849.04 2499.99849266 4500.0
1512278849.14 2499.99856802 4500.0
1512278849.24 2499.99863962 4500.0
1512278849.33 2499.99870764 4500.0
1512278849.44 2499.99877226 4500.0
1512278849.53 2499.99883365 4500.0
1512278849.63 2499.99889196 4500.0
1512278849.73 2499.99894737 4500.0
1512278849.84 2499.999 4500.0
1512278849.94 2499.99905 4500.0
1512278850.03 2499.9990975 4500.0
1512278850.13 2499.99914262 4500.0
1512278850.23 2499.99918549 4500.0
1512278850.33 2499.99922622 4500.0
1512278850.43 2499.99926491 4500.0
1512278850.58 2499.99930166 4500.0
1512278850.64 2499.99933658 4500.0
1512278850.74 2499.99936975 4500.0
1512278850.84 2499.99940126 4500.0
1512278850.94 2499.9994312 4500.0
1512278851.05 2499.99945964 4500.0
1512278851.15 2499.99948666 4500.0
1512278851.33 2499.99951232 4500.0
1512278851.39 2499.99953671 4500.0
1512278851.49 2499.99955987 4500.0
1512278851.59 2499.99958188 4500.0
1512278851.69 2499.99960278 4500.0
1512278851.79 2499.99962265 4500.0
1512278851.89 2499.99964151 4500.0
1512278851.99 2499.99965944 4500.0
1512278852.09 2499.99967647 4500.0
1512278852.19 2499.99969264 4500.0
1512278852.29 2499.99970801 4500.0
1512278852.39 2499.99972261 4500.0
1512278852.49 2499.99973648 4500.0
1512278852.59 2499.99974966 4500.0
1512278852.69 2499.99976217 4500.0
1512278852.79 2499.99977406 4500.0
1512278852.89 2499.99978536 4500.0
1512278852.99 2499.99979609 4500.0
1512278853.09 2499.99980629 4500.0
1512278853.25 2499.99981597 4500.0
1512278853.32 2499.99982518 4500.0
1512278853.42 2499.99983392 4500.0
1512278853.61 2499.99984222 4500.0
1512278853.71 2499.99985011 4500.0
1512278853.8 2499.9998576 4500.0
1512278853.9 2499.99986472 4500.0
1512278854.0 2499.99987149 4500.0
1512278854.11 2499.99987791 4500.0
1512278854.2 2499.99988402 4500.0
1512278854.36 2499.99988982 4500.0
1512278854.44 2499.99989533 4500.0
1512278854.52 2499.99990056 4500.0
1512278854.62 2499.99990553 4500.0
1512278854.73 2499.99991025 4500.0
1512278854.82 2499.99991474 4500.0
1512278854.92 2499.99991901 4500.0
1512278855.02 2499.99992305 4500.0
1512278855.13 2499.9999269 4500.0
1512278855.22 2541.66659722 4500.0
1512278855.33 2581.24993403 4500.0
1512278855.43 2618.85410399 4500.0
1512278855.53 2654.57806546 4500.0
1512278855.63 2688.51582885 4500.0
1512278855.73 2720.75670408 4500.0
1512278855.82 2751.38553554 4500.0
1512278855.93 2780.48292543 4500.0
1512278856.03 2808.12544583 4500.0
1512278856.13 2834.3858402 4500.0
1512278856.23 2859.33321486 4500.0
1512278856.33 2883.03322078 4500.0
1512278856.43 2905.54822641 4500.0
1512278856.53 2926.93748176 4500.0
1512278856.63 2947.25727433 4500.0
1512278856.73 2966.56107728 4500.0
1512278856.83 2984.89969009 4500.0
1512278856.95 3002.32137225 4500.0
1512278857.03 3018.8719703 4500.0
1512278857.15 3034.59503845 4500.0
1512278857.24 3049.5319532 4500.0
1512278857.34 3063.72202221 4500.0
1512278857.44 3077.20258776 4500.0
1512278857.54 3090.00912504 4500.0
1512278857.66 3102.17533546 4500.0
1512278857.76 3113.73323535 4500.0
1512278857.85 3124.71324025 4500.0
1512278857.95 3135.1442449 4500.0
1512278858.05 3145.05369932 4500.0
1512278858.15 3154.46768102 4500.0
1512278858.24 3163.41096364 4500.0
1512278858.34 3171.90708212 4500.0
1512278858.44 3179.97839469 4500.0
1512278858.55 3187.64614162 4500.0
1512278858.64 3194.9305012 4500.0
1512278858.75 3201.85064281 4500.0
1512278858.84 3208.42477734 4500.0
1512278858.94 3214.67020514 4500.0
1512278859.04 3220.60336155 4500.0
1512278859.14 3226.23986014 4500.0
1512278859.24 3231.5945338 4500.0
1512278859.34 3236.68147377 4500.0
1512278859.44 3241.51406675 4500.0
1512278859.54 3246.10503008 4500.0
1512278859.64 3250.46644524 4500.0
1512278859.75 3254.60978965 4500.0
1512278859.84 3258.54596683 4500.0
1512278859.96 3262.28533516 4500.0
1512278860.04 3265.83773506 4500.0
1512278860.15 3269.21251498 4500.0
1512278860.24 3272.4185559 4500.0
1512278860.34 3275.46429477 4500.0
1512278860.44 3278.3577467 4500.0
1512278860.55 3281.10652603 4500.0
1512278860.64 3283.71786639 4500.0
1512278860.75 3286.19863974 4500.0
1512278860.85 3288.55537442 4500.0
1512278860.96 3290.79427237 4500.0
1512278861.05 3292.92122541 4500.0
1512278861.16 3294.94183081 4500.0
1512278861.26 3296.86140594 4500.0
1512278861.36 3298.68500231 4500.0
1512278861.46 3300.41741886 4500.0
1512278861.56 3302.06321458 4500.0
1512278861.66 3303.62672052 4500.0
1512278861.77 3305.11205116 4500.0
1512278861.86 3306.52311527 4500.0
1512278861.96 3307.86362617 4500.0
1512278862.06 3309.13711153 4500.0
1512278862.16 3310.34692262 4500.0
1512278862.26 3311.49624316 4500.0
1512278862.36 3312.58809766 4500.0
1512278862.46 3313.62535945 4500.0
1512278862.55 3314.61075814 4500.0
1512278862.65 3315.5468869 4500.0
1512278862.75 3316.43620922 4500.0
1512278862.85 3317.28106543 4500.0
1512278862.95 3318.08367882 4500.0
1512278863.06 3318.84616155 4500.0
1512278863.15 3319.57052014 4500.0
1512278863.25 3320.2586608 4500.0
1512278863.36 3320.91239443 4500.0
1512278863.46 3321.53344137 4500.0
1512278863.55 3322.12343597 4500.0
1512278863.65 3322.68393084 4500.0
1512278863.76 3323.21640096 4500.0
1512278863.86 3323.72224758 4500.0
1512278863.96 3324.20280187 4500.0
1512278864.06 3324.65932844 4500.0
1512278864.15 3325.09302869 4500.0
1512278864.26 3325.50504392 4500.0
1512278864.36 3325.89645839 4500.0
1512278864.46 3326.26830214 4500.0
1512278864.56 3326.6215537 4500.0
1512278864.67 3326.95714268 4500.0
1512278864.78 3327.27595221 4500.0
1512278864.87 3327.57882127 4500.0
1512278864.97 3327.86654687 4500.0
1512278865.08 3328.13988619 4500.0
1512278865.17 3328.39955855 4500.0
1512278865.28 3328.64624729 4500.0
1512278865.37 3328.88060159 4500.0
1512278865.47 3329.10323818 4500.0
1512278865.57 3329.31474294 4500.0
1512278865.68 3329.51567246 4500.0
1512278865.77 3329.7065555 4500.0
1512278865.87 3329.88789439 4500.0
1512278865.97 3330.06016634 4500.0
1512278866.07 3330.22382469 4500.0
1512278866.17 3330.37930012 4500.0
1512278866.27 3330.52700178 4500.0
1512278866.37 3330.66731836 4500.0
1512278866.47 3330.80061911 4500.0
1512278866.57 3330.92725482 4500.0
1512278866.66 3331.04755874 4500.0
1512278866.77 3331.16184747 4500.0
1512278866.87 3331.27042177 4500.0
1512278866.97 3331.37356735 4500.0
1512278867.07 3331.47155564 4500.0
1512278867.17 3331.56464453 4500.0
1512278867.27 3331.65307897 4500.0
1512278867.37 3331.73709169 4500.0
1512278867.47 3331.81690377 4500.0
1512278867.57 3331.89272525 4500.0
1512278867.67 3331.96475565 4500.0
1512278867.77 3332.03318454 4500.0
1512278867.87 3332.09819198 4500.0
1512278867.97 3332.15994904 4500.0
1512278868.08 3332.21861826 4500.0
1512278868.18 3332.27435401 4500.0
1512278868.28 3332.32730298 4500.0
1512278868.38 3332.3776045 4500.0
1512278868.48 3332.42539094 4500.0
1512278868.58 3332.47078806 4500.0
1512278868.68 3332.51391532 4500.0
1512278868.79 3332.55488622 4500.0
1512278868.88 3332.59380858 4500.0
1512278868.98 3332.63078482 4500.0
1512278869.09 3332.66591224 4500.0
1512278869.19 3332.6992833 4500.0
1512278869.29 3332.7309858 4500.0
1512278869.39 3332.76110317 4500.0
1512278869.48 3332.78971468 4500.0
1512278869.58 3332.81689562 4500.0
1512278869.68 3332.8427175 4500.0
1512278869.79 3332.86724829 4500.0
1512278869.88 3332.89055254 4500.0
1512278869.98 3332.91269158 4500.0
1512278870.08 3332.93372367 4500.0
1512278870.18 3332.95370415 4500.0
1512278870.28 3332.97268561 4500.0
1512278870.38 3332.990718 4500.0
1512278870.48 3333.00784877 4500.0
1512278870.58 3333.02412299 4500.0
1512278870.68 3333.03958351 4500.0
1512278870.78 3333.054271 4500.0
1512278870.87 3333.06822412 4500.0
1512278870.98 3333.08147958 4500.0
1512278871.08 3333.09407227 4500.0
1512278871.18 3333.10603532 4500.0
1512278871.28 3333.11740022 4500.0
1512278871.38 3333.12819688 4500.0
1512278871.48 3333.1384537 4500.0
1512278871.58 3333.14819768 4500.0
1512278871.68 3333.15745446 4500.0
1512278871.78 3333.16624841 4500.0
1512278871.88 3333.17460265 4500.0
1512278871.99 3333.18253919 4500.0
1512278872.09 3333.1900789 4500.0
1512278872.19 3333.19724162 4500.0
1512278872.29 3333.2040462 4500.0
1512278872.39 3333.21051056 4500.0
1512278872.5 3333.2166517 4500.0
1512278872.59 3333.22248578 4500.0
1512278872.69 3333.22802816 4500.0
1512278872.79 3333.23329342 4500.0
1512278872.89 3333.23829541 4500.0
1512278872.99 3333.24304731 4500.0
1512278873.09 3333.24756161 4500.0
1512278873.19 3333.2518502 4500.0
1512278873.29 3333.25592435 4500.0
1512278873.39 3333.2597948 4500.0
1512278873.49 3333.26347173 4500.0
1512278873.59 3333.26696481 4500.0
1512278873.69 3333.27028323 4500.0
1512278873.78 3333.27343574 4500.0
1512278873.89 3333.27643062 4500.0
1512278873.99 3333.27927575 4500.0
1512278874.09 3354.11531197 4500.0
1512278874.19 3373.90954637 4500.0
1512278874.29 3392.71406905 4500.0
1512278874.39 3410.5783656 4500.0
1512278874.49 3427.54944732 4500.0
1512278874.6 3443.67197495 4500.0
1512278874.69 3458.9883762 4500.0
1512278874.79 3473.53895739 4500.0
1512278874.89 3487.36200952 4500.0
1512278874.99 3500.49390905 4500.0
1512278875.09 3512.9692136 4500.0
1512278875.19 3524.82075292 4500.0
1512278875.29 3536.07971527 4500.0
1512278875.39 3546.77572951 4500.0
1512278875.49 3556.93694303 4500.0
1512278875.59 3566.59009588 4500.0
1512278875.69 3575.76059109 4500.0
1512278875.79 3584.47256153 4500.0
1512278875.89 3592.74893346 4500.0
1512278876.0 3600.61148678 4500.0
1512278876.1 3608.08091244 4500.0
1512278876.19 3615.17686682 4500.0
1512278876.3 3621.91802348 4500.0
1512278876.4 3628.32212231 4500.0
1512278876.5 3634.40601619 4500.0
1512278876.6 3640.18571538 4500.0
1512278876.71 3645.67642961 4500.0
1512278876.8 3650.89260813 4500.0
1512278876.9 3655.84797772 4500.0
1512278877.0 3660.55557884 4500.0
1512278877.11 3665.0277999 4500.0
1512278877.2 3669.2764099 4500.0
1512278877.31 3673.31258941 4500.0
1512278877.41 3677.14695994 4500.0
1512278877.5 3680.78961194 4500.0
1512278877.6 3684.25013134 4500.0
1512278877.7 3687.53762478 4500.0
1512278877.81 3690.66074354 4500.0
1512278877.9 3693.62770636 4500.0
1512278878.0 3696.44632104 4500.0
1512278878.1 3699.12400499 4500.0
1512278878.2 3701.66780474 4500.0
1512278878.3 3704.0844145 4500.0
1512278878.4 3706.38019378 4500.0
1512278878.5 3708.56118409 4500.0
1512278878.6 3710.63312488 4500.0
1512278878.7 3712.60146864 4500.0
1512278878.8 3714.47139521 4500.0
1512278878.9 3716.24782545 4500.0
1512278879.0 3717.93543418 4500.0
1512278879.11 3719.53866247 4500.0
1512278879.2 3721.06172934 4500.0
1512278879.3 3722.50864288 4500.0
1512278879.4 3723.88321073 4500.0
1512278879.51 3725.1890502 4500.0
1512278879.61 3726.42959769 4500.0
1512278879.71 3727.6081178 4500.0
1512278879.81 3728.72771191 4500.0
1512278879.91 3729.79132632 4500.0
1512278880.0 3730.80176 4500.0
1512278880.11 3731.761672 4500.0
1512278880.21 3732.6735884 4500.0
1512278880.31 3733.53990898 4500.0
1512278880.42 3734.36291353 4500.0
1512278880.52 3735.14476785 4500.0
1512278880.62 3735.88752946 4500.0
1512278880.72 3736.59315299 4500.0
1512278880.82 3737.26349534 4500.0
1512278880.92 3737.90032057 4500.0
1512278881.03 3738.50530454 4500.0
1512278881.14 3739.08003932 4500.0
1512278881.22 3739.62603735 4500.0
1512278881.31 3740.14473548 4500.0
1512278881.41 3740.63749871 4500.0
1512278881.51 3741.10562377 4500.0
1512278881.61 3741.55034258 4500.0
1512278881.7 3741.97282546 4500.0
1512278881.82 3742.37418418 4500.0
1512278881.91 3742.75547497 4500.0
1512278882.01 3743.11770123 4500.0
1512278882.11 3743.46181616 4500.0
1512278882.21 3743.78872536 4500.0
1512278882.31 3744.09928909 4500.0
1512278882.41 3744.39432463 4500.0
1512278882.51 3744.6746084 4500.0
1512278882.61 3744.94087798 4500.0
1512278882.71 3745.19383408 4500.0
1512278882.81 3745.43414238 4500.0
1512278882.91 3745.66243526 4500.0
1512278883.01 3745.8793135 4500.0
1512278883.12 3746.08534782 4500.0
1512278883.22 3746.28108043 4500.0
1512278883.32 3746.46702641 4500.0
1512278883.42 3746.64367509 4500.0
1512278883.53 3746.81149133 4500.0
1512278883.63 3746.97091677 4500.0
1512278883.73 3747.12237093 4500.0
1512278883.83 3747.26625238 4500.0
1512278883.93 3747.40293976 4500.0
1512278884.03 3747.53279278 4500.0
1512278884.13 3747.65615314 4500.0
1512278884.23 3747.77334548 4500.0
1512278884.34 3747.88467821 4500.0
1512278884.43 3747.9904443 4500.0
1512278884.53 3748.09092208 4500.0
1512278884.64 3748.18637598 4500.0
1512278884.72 3748.27705718 4500.0
1512278884.82 3748.36320432 4500.0
1512278884.93 3748.4450441 4500.0
1512278885.03 3748.5227919 4500.0
1512278885.13 3748.5966523 4500.0
1512278885.23 3748.66681969 4500.0
1512278885.33 3748.7334787 4500.0
1512278885.43 3748.79680477 4500.0
1512278885.53 3748.85696453 4500.0
1512278885.62 3748.9141163 4500.0
1512278885.72 3748.96841049 4500.0
1512278885.82 3749.01998996 4500.0
1512278885.92 3749.06899047 4500.0
1512278886.02 3749.11554094 4500.0
1512278886.13 3749.1597639 4500.0
1512278886.22 3749.2017757 4500.0
1512278886.32 3749.24168692 4500.0
1512278886.42 3749.27960257 4500.0
1512278886.52 3749.31562244 4500.0
1512278886.62 3749.34984132 4500.0
1512278886.73 3749.38234925 4500.0
1512278886.83 3749.41323179 4500.0
1512278886.94 3749.4425702 4500.0
1512278887.03 3749.47044169 4500.0
1512278887.14 3749.49691961 4500.0
1512278887.24 3749.52207363 4500.0
1512278887.34 3749.54596994 4500.0
1512278887.43 3749.56867145 4500.0
1512278887.54 3749.59023788 4500.0
1512278887.64 3749.61072598 4500.0
1512278887.74 3749.63018968 4500.0
1512278887.84 3749.6486802 4500.0
1512278887.96 3749.66624619 4500.0
1512278888.07 3749.68293388 4500.0
1512278888.17 3749.69878718 4500.0
1512278888.24 3749.71384783 4500.0
1512278888.35 3749.72815543 4500.0
1512278888.43 3749.74174766 4500.0
1512278888.55 3749.75466028 4500.0
1512278888.64 3749.76692727 4500.0
1512278888.74 3749.7785809 4500.0
1512278888.84 3749.78965186 4500.0
1512278888.94 3749.80016926 4500.0
1512278889.05 3749.8101608 4500.0
1512278889.13 3749.81965276 4500.0
1512278889.23 3749.82867012 4500.0
1512278889.33 3749.83723662 4500.0
1512278889.44 3749.84537479 4500.0
1512278889.53 3749.85310605 4500.0
1512278889.63 3749.86045074 4500.0
1512278889.74 3749.86742821 4500.0
1512278889.84 3749.8740568 4500.0
1512278889.94 3749.88035396 4500.0
1512278890.05 3749.88633626 4500.0
1512278890.14 3749.89201945 4500.0
1512278890.24 3749.89741847 4500.0
1512278890.34 3749.90254755 4500.0
1512278890.44 3749.90742017 4500.0
1512278890.55 3749.91204916 4500.0
1512278890.65 3749.91644671 4500.0
1512278890.74 3749.92062437 4500.0
1512278890.85 3749.92459315 4500.0
1512278890.95 3749.92836349 4500.0
1512278891.06 3749.93194532 4500.0
1512278891.16 3749.93534805 4500.0
1512278891.26 3749.93858065 4500.0
1512278891.36 3749.94165162 4500.0
1512278891.46 3749.94456904 4500.0
1512278891.56 3749.94734059 4500.0
1512278891.67 3749.94997356 4500.0
1512278891.77 3749.95247488 4500.0
1512278891.88 3749.95485113 4500.0
1512278891.97 3749.95710858 4500.0
1512278892.07 3749.95925315 4500.0
1512278892.18 3749.96129049 4500.0
1512278892.28 3749.96322597 4500.0
1512278892.37 3749.96506467 4500.0
1512278892.47 3749.96681144 4500.0
1512278892.58 3749.96847086 4500.0
1512278892.68 3749.97004732 4500.0
1512278892.78 3749.97154495 4500.0
1512278892.88 3749.97296771 4500.0
1512278892.97 3712.47431932 4500.0
1512278893.07 3676.85060336 4500.0
1512278893.17 3643.00807319 4500.0
1512278893.27 3610.85766953 4500.0
1512278893.37 3580.31478605 4500.0
1512278893.47 3551.29904675 4500.0
1512278893.57 3523.73409441 4500.0
1512278893.67 3497.54738969 4500.0
1512278893.77 3472.67002021 4500.0
1512278893.87 3449.0365192 4500.0
1512278893.97 3426.58469324 4500.0
1512278894.07 3405.25545857 4500.0
1512278894.18 3384.99268565 4500.0
1512278894.27 3365.74305136 4500.0
1512278894.38 3347.4558988 4500.0
1512278894.48 3330.08310386 4500.0
1512278894.57 3313.57894866 4500.0
1512278894.67 3297.90000123 4500.0
1512278894.78 3283.00500117 4500.0
1512278894.88 3268.85475111 4500.0
1512278894.97 3255.41201355 4500.0
1512278895.08 3242.64141288 4500.0
1512278895.18 3230.50934223 4500.0
1512278895.28 3218.98387512 4500.0
1512278895.39 3208.03468137 4500.0
1512278895.49 3197.6329473 4500.0
1512278895.59 3187.75129993 4500.0
1512278895.7 3178.36373494 4500.0
1512278895.79 3169.44554819 4500.0
1512278895.89 3160.97327078 4500.0
1512278895.98 3152.92460724 4500.0
1512278896.08 3145.27837688 4500.0
1512278896.18 3138.01445803 4500.0
1512278896.29 3131.11373513 4500.0
1512278896.38 3124.55804838 4500.0
1512278896.48 3118.33014596 4500.0
1512278896.59 3112.41363866 4500.0
1512278896.68 3106.79295673 4500.0
1512278896.78 3101.45330889 4500.0
1512278896.88 3096.38064345 4500.0
1512278896.98 3091.56161127 4500.0
1512278897.08 3086.98353071 4500.0
1512278897.18 3082.63435417 4500.0
1512278897.28 3078.50263647 4500.0
1512278897.38 3074.57750464 4500.0
1512278897.48 3070.84862941 4500.0
1512278897.59 3067.30619794 4500.0
1512278897.68 3063.94088804 4500.0
1512278897.78 3060.74384364 4500.0
1512278897.88 3057.70665146 4500.0
1512278897.98 3054.82131889 4500.0
1512278898.08 3052.08025294 4500.0
1512278898.18 3049.47624029 4500.0
1512278898.28 3047.00242828 4500.0
1512278898.39 3044.65230687 4500.0
1512278898.49 3042.41969152 4500.0
1512278898.59 3040.29870695 4500.0
1512278898.69 3038.2837716 4500.0
1512278898.79 3036.36958302 4500.0
1512278898.89 3034.55110387 4500.0
1512278899.0 3032.82354867 4500.0
1512278899.1 3031.18237124 4500.0
1512278899.2 3029.62325268 4500.0
1512278899.29 3028.14209004 4500.0
1512278899.39 3026.73498554 4500.0
1512278899.52 3025.39823627 4500.0
1512278899.59 3024.12832445 4500.0
1512278899.68 3022.92190823 4500.0
1512278899.78 3021.77581282 4500.0
1512278899.89 3020.68702218 4500.0
1512278899.98 3019.65267107 4500.0
1512278900.08 3018.67003751 4500.0
1512278900.18 3017.73653564 4500.0
1512278900.28 3016.84970886 4500.0
1512278900.39 3016.00722341 4500.0
1512278900.48 3015.20686224 4500.0
1512278900.59 3014.44651913 4500.0
1512278900.68 3013.72419317 4500.0
1512278900.79 3013.03798352 4500.0
1512278900.9 3012.38608434 4500.0
1512278901.0 3011.76678012 4500.0
1512278901.09 3011.17844112 4500.0
1512278901.2 3010.61951906 4500.0
1512278901.29 3010.08854311 4500.0
1512278901.4 3009.58411595 4500.0
1512278901.49 3009.10491016 4500.0
1512278901.61 3008.64966465 4500.0
1512278901.7 3008.21718142 4500.0
1512278901.8 3007.80632234 4500.0
1512278901.9 3007.41600623 4500.0
1512278902.0 3007.04520592 4500.0
1512278902.1 3006.69294562 4500.0
1512278902.21 3006.35829834 4500.0
1512278902.31 3006.04038342 4500.0
1512278902.41 3005.73836425 4500.0
1512278902.51 3005.45144604 4500.0
1512278902.59 3005.17887374 4500.0
1512278902.69 3004.91993005 4500.0
1512278902.79 3004.67393355 4500.0
1512278902.89 3004.44023687 4500.0
1512278903.0 3004.21822503 4500.0
1512278903.09 3004.00731377 4500.0
1512278903.2 3003.80694809 4500.0
1512278903.3 3003.61660068 4500.0
1512278903.39 3003.43577065 4500.0
1512278903.49 3003.26398212 4500.0
1512278903.59 3003.10078301 4500.0
1512278903.69 3002.94574386 4500.0
1512278903.8 3002.79845667 4500.0
1512278903.9 3002.65853383 4500.0
1512278903.99 3002.52560714 4500.0
1512278904.09 3002.39932678 4500.0
1512278904.19 3002.27936044 4500.0
1512278904.29 3002.16539242 4500.0
1512278904.39 3002.0571228 4500.0
1512278904.49 3001.95426666 4500.0
1512278904.59 3001.85655333 4500.0
1512278904.69 3001.76372566 4500.0
1512278904.8 3001.67553938 4500.0
1512278904.9 3001.59176241 4500.0
1512278905.0 3001.51217429 4500.0
1512278905.1 3001.43656557 4500.0
1512278905.21 3001.3647373 4500.0
1512278905.31 3001.29650043 4500.0
1512278905.4 3001.23167541 4500.0
1512278905.51 3001.17009164 4500.0
1512278905.6 3001.11158706 4500.0
1512278905.71 3001.0560077 4500.0
1512278905.8 3001.00320732 4500.0
1512278905.9 3000.95304695 4500.0
1512278906.0 3000.90539461 4500.0
1512278906.1 3000.86012488 4500.0
1512278906.2 3000.81711863 4500.0
1512278906.29 3000.7762627 4500.0
1512278906.4 3000.73744957 4500.0
1512278906.5 3000.70057709 4500.0
1512278906.6 3000.66554823 4500.0
1512278906.7 3000.63227082 4500.0
1512278906.8 3000.60065728 4500.0
1512278906.9 3000.57062442 4500.0
1512278907.0 3000.5420932 4500.0
1512278907.1 3000.51498854 4500.0
1512278907.21 3000.48923911 4500.0
1512278907.3 3000.46477715 4500.0
1512278907.4 3000.4415383 4500.0
1512278907.51 3000.41946138 4500.0
1512278907.61 3000.39848831 4500.0
1512278907.7 3000.3785639 4500.0
1512278907.8 3000.3596357 4500.0
1512278907.91 3000.34165392 4500.0
1512278908.01 3000.32457122 4500.0
1512278908.11 3000.30834266 4500.0
1512278908.2 3000.29292553 4500.0
1512278908.31 3000.27827925 4500.0
1512278908.41 3000.26436529 4500.0
1512278908.51 3000.25114702 4500.0
1512278908.61 3000.23858967 4500.0
1512278908.72 3000.22666019 4500.0
1512278908.82 3000.21532718 4500.0
1512278908.92 3000.20456082 4500.0
1512278909.02 3000.19433278 4500.0
1512278909.11 3000.18461614 4500.0
1512278909.23 3000.17538533 4500.0
1512278909.34 3000.16661607 4500.0
1512278909.43 3000.15828526 4500.0
1512278909.52 3000.150371 4500.0
1512278909.62 3000.14285245 4500.0
1512278909.72 3000.13570983 4500.0
1512278909.82 3000.12892434 4500.0
1512278909.92 3000.12247812 4500.0
1512278910.02 3000.11635421 4500.0
1512278910.12 3000.1105365 4500.0
1512278910.22 3000.10500968 4500.0
1512278910.31 3000.09975919 4500.0
1512278910.41 3000.09477123 4500.0
1512278910.51 3000.09003267 4500.0
1512278910.62 3000.08553104 4500.0
1512278910.71 3000.08125449 4500.0
1512278910.82 3000.07719176 4500.0
1512278910.91 3000.07333217 4500.0
1512278911.02 3000.06966557 4500.0
1512278911.12 3000.06618229 4500.0
1512278911.22 3000.06287317 4500.0
1512278911.32 3000.05972951 4500.0
1512278911.42 3000.05674304 4500.0
1512278911.52 3000.05390589 4500.0
1512278911.61 3000.05121059 4500.0
1512278911.72 3000.04865006 4500.0
1512278911.82 3000.04621756 4500.0
1512278911.92 3000.04390668 4500.0
1512278912.02 3000.04171135 4500.0
1512278912.12 3000.03962578 4500.0
1512278912.23 3000.03764449 4500.0
1512278912.32 3000.03576227 4500.0
1512278912.42 3000.03397415 4500.0
1512278912.52 3000.03227545 4500.0
1512278912.62 3000.03066167 4500.0
1512278912.72 3000.02912859 4500.0
1512278912.83 3000.02767216 4500.0
1512278912.94 3000.02628855 4500.0
1512278913.04 3000.02497412 4500.0
1512278913.13 3000.02372542 4500.0
1512278913.25 3000.02253915 4500.0
1512278913.35 3000.02141219 4500.0
1512278913.46 3000.02034158 4500.0
1512278913.54 3000.0193245 4500.0
1512278913.63 3000.01835828 4500.0
1512278913.73 3000.01744036 4500.0
1512278913.83 3000.01656834 4500.0
1512278913.93 3000.01573993 4500.0
1512278914.02 3000.01495293 4500.0
1512278914.13 3000.01420528 4500.0
1512278914.23 3000.01349502 4500.0
1512278914.32 3000.01282027 4500.0
1512278914.42 3000.01217926 4500.0
1512278914.53 3000.01157029 4500.0
1512278914.62 3000.01099178 4500.0
1512278914.73 3000.01044219 4500.0
1512278914.83 3000.00992008 4500.0
1512278914.93 3000.00942408 4500.0
1512278915.03 3000.00895287 4500.0
1512278915.12 3000.00850523 4500.0
1512278915.23 3000.00807997 4500.0
1512278915.33 3000.00767597 4500.0
1512278915.43 3000.00729217 4500.0
1512278915.53 3000.00692756 4500.0
1512278915.63 3000.00658118 4500.0
1512278915.73 3000.00625212 4500.0
1512278915.84 3000.00593952 4500.0
1512278915.93 3000.00564254 4500.0
1512278916.03 3000.00536042 4500.0
1512278916.13 3000.00509239 4500.0
1512278916.23 3000.00483777 4500.0
1512278916.33 3000.00459589 4500.0
1512278916.43 3000.00436609 4500.0
1512278916.53 3000.00414779 4500.0
1512278916.64 3000.0039404 4500.0
1512278916.74 3000.00374338 4500.0
1512278916.84 3000.00355621 4500.0
1512278916.95 3000.0033784 4500.0
1512278917.06 3000.00320948 4500.0
1512278917.15 3000.003049 4500.0
1512278917.25 3000.00289655 4500.0
1512278917.34 3000.00275173 4500.0
1512278917.45 3000.00261414 4500.0
1512278917.56 3000.00248343 4500.0
1512278917.65 3000.00235926 4500.0
1512278917.75 3000.0022413 4500.0
1512278917.84 3000.00212923 4500.0
1512278917.95 3000.00202277 4500.0
1512278918.04 3000.00192163 4500.0
1512278918.14 3000.00182555 4500.0
1512278918.24 3000.00173427 4500.0
1512278918.34 3000.00164756 4500.0
1512278918.44 3000.00156518 4500.0
1512278918.54 3000.00148692 4500.0
1512278918.64 3000.00141258 4500.0
1512278918.74 3000.00134195 4500.0
1512278918.84 3000.00127485 4500.0
1512278918.94 3000.00121111 4500.0
1512278919.04 3000.00115055 4500.0
1512278919.14 3000.00109303 4500.0
1512278919.25 3000.00103837 4500.0
1512278919.35 3000.00098646 4500.0
1512278919.44 3000.00093713 4500.0
1512278919.55 3000.00089028 4500.0
1512278919.65 3000.00084576 4500.0
1512278919.75 3000.00080347 4500.0
1512278919.85 3000.0007633 4500.0
1512278919.94 3000.00072514 4500.0
1512278920.05 3000.00068888 4500.0
1512278920.15 3000.00065443 4500.0
1512278920.26 3000.00062171 4500.0
1512278920.35 3000.00059063 4500.0
1512278920.45 3000.0005611 4500.0
1512278920.56 3000.00053304 4500.0
1512278920.65 3000.00050639 4500.0
1512278920.76 3000.00048107 4500.0
1512278920.86 3000.00045702 4500.0
1512278920.96 3000.00043417 4500.0
1512278921.06 3000.00041246 4500.0
1512278921.17 3000.00039183 4500.0
1512278921.26 3000.00037224 4500.0
1512278921.36 3000.00035363 4500.0
1512278921.46 3000.00033595 4500.0
1512278921.56 3000.00031915 4500.0
1512278921.65 3000.00030319 4500.0
1512278921.76 3000.00028803 4500.0
1512278921.86 3000.00027363 4500.0
1512278921.96 3000.00025995 4500.0
1512278922.05 3000.00024695 4500.0
1512278922.15 3000.00023461 4500.0
1512278922.25 3000.00022288 4500.0
1512278922.36 3000.00021173 4500.0
1512278922.46 3000.00020114 4500.0
1512278922.55 3000.00019109 4500.0
1512278922.65 3000.00018153 4500.0
1512278922.75 3000.00017246 4500.0
1512278922.85 3000.00016383 4500.0
1512278922.96 3000.00015564 4500.0
1512278923.05 3000.00014786 4500.0
1512278923.15 3000.00014047 4500.0
1512278923.25 3000.00013344 4500.0
1512278923.36 3000.00012677 4500.0
1512278923.46 3000.00012043 4500.0
1512278923.56 3000.00011441 4500.0
1512278923.66 3000.00010869 4500.0
1512278923.76 3000.00010326 4500.0
1512278923.86 3000.00009809 4500.0
1512278923.97 3000.00009319 4500.0
1512278924.07 3000.00008853 4500.0
1512278924.18 3000.0000841 4500.0
1512278924.28 3000.0000799 4500.0
1512278924.38 3000.0000759 4500.0
1512278924.47 3000.00007211 4500.0
1512278924.58 3000.0000685 4500.0
1512278924.66 3000.00006508 4500.0
1512278924.78 3000.00006182 4500.0
1512278924.88 3000.00005873 4500.0
1512278924.97 3037.5000558 4500.0
1512278925.07 3073.12505301 4500.0
1512278925.18 3106.96880036 4500.0
1512278925.27 3139.12036034 4500.0
1512278925.36 3169.66434232 4500.0
1512278925.46 3198.6811252 4500.0
1512278925.57 3226.24706894 4500.0
1512278925.67 3252.4347155 4500.0
1512278925.76 3277.31297972 4500.0
1512278925.86 3300.94733074 4500.0
1512278925.96 3323.3999642 4500.0
1512278926.07 3344.72996599 4500.0
1512278926.17 3364.99346769 4500.0
1512278926.27 3384.24379431 4500.0
1512278926.37 3402.53160459 4500.0
1512278926.47 3419.90502436 4500.0
1512278926.57 3436.40977314 4500.0
1512278926.67 3452.08928449 4500.0
1512278926.77 3466.98482026 4500.0
1512278926.87 3481.13557925 4500.0
1512278926.97 3494.57880029 4500.0
1512278927.07 3507.34986027 4500.0
1512278927.17 3519.48236726 4500.0
1512278927.27 3531.0082489 4500.0
1512278927.36 3541.95783645 4500.0
1512278927.47 3552.35994463 4500.0
1512278927.57 3562.2419474 4500.0
1512278927.67 3571.62985003 4500.0
1512278927.77 3580.54835753 4500.0
1512278927.88 3589.02093965 4500.0
1512278927.98 3597.06989267 4500.0
1512278928.08 3604.71639803 4500.0
1512278928.18 3611.98057813 4500.0
1512278928.28 3618.88154922 4500.0
1512278928.38 3625.43747176 4500.0
1512278928.48 3631.66559818 4500.0
1512278928.6 3637.58231827 4500.0
1512278928.67 3643.20320235 4500.0
1512278928.78 3648.54304224 4500.0
1512278928.88 3653.61589012 4500.0
1512278928.97 3658.43509562 4500.0
1512278929.07 3663.01334084 4500.0
1512278929.16 3667.3626738 4500.0
1512278929.27 3671.49454011 4500.0
1512278929.37 3675.4198131 4500.0
1512278929.47 3679.14882245 4500.0
1512278929.57 3682.69138132 4500.0
1512278929.67 3686.05681226 4500.0
1512278929.77 3689.25397164 4500.0
1512278929.88 3692.29127306 4500.0
1512278929.97 3695.17670941 4500.0
1512278930.07 3697.91787394 4500.0
1512278930.17 3700.52198024 4500.0
1512278930.28 3702.99588123 4500.0
1512278930.37 3705.34608717 4500.0
1512278930.47 3707.57878281 4500.0
1512278930.58 3709.69984367 4500.0
1512278930.68 3711.71485149 4500.0
1512278930.77 3713.62910891 4500.0
1512278930.88 3715.44765347 4500.0
1512278930.98 3717.17527079 4500.0
1512278931.09 3718.81650725 4500.0
1512278931.19 3720.37568189 4500.0
1512278931.29 3721.8568978 4500.0
1512278931.38 3723.26405291 4500.0
1512278931.49 3724.60085026 4500.0
1512278931.58 3725.87080775 4500.0
1512278931.68 3727.07726736 4500.0
1512278931.79 3728.22340399 4500.0
1512278931.88 3729.31223379 4500.0
1512278931.98 3730.3466221 4500.0
1512278932.08 3731.329291 4500.0
1512278932.19 3732.26282645 4500.0
1512278932.28 3733.14968513 4500.0
1512278932.39 3733.99220087 4500.0
1512278932.48 3734.79259083 4500.0
1512278932.59 3735.55296128 4500.0
1512278932.68 3736.27531322 4500.0
1512278932.78 3736.96154756 4500.0
1512278932.88 3737.61347018 4500.0
1512278932.98 3738.23279667 4500.0
1512278933.08 3738.82115684 4500.0
1512278933.19 3739.380099 4500.0
1512278933.29 3739.91109405 4500.0
1512278933.38 3740.41553934 4500.0
1512278933.48 3740.89476238 4500.0
1512278933.59 3741.35002426 4500.0
1512278933.68 3741.78252305 4500.0
1512278933.79 3742.19339689 4500.0
1512278933.89 3742.58372705 4500.0
1512278933.99 3742.9545407 4500.0
1512278934.09 3743.30681366 4500.0
1512278934.19 3743.64147298 4500.0
1512278934.28 3743.95939933 4500.0
1512278934.39 3744.26142936 4500.0
1512278934.49 3744.54835789 4500.0
1512278934.59 3744.82094 4500.0
1512278934.7 3745.079893 4500.0
1512278934.79 3745.32589835 4500.0
1512278934.89 3745.55960343 4500.0
1512278934.99 3745.78162326 4500.0
1512278935.09 3745.9925421 4500.0
1512278935.19 3746.19291499 4500.0
1512278935.29 3746.38326924 4500.0
1512278935.39 3746.56410578 4500.0
1512278935.5 3746.73590049 4500.0
1512278935.61 3746.89910547 4500.0
1512278935.7 3747.05415019 4500.0
1512278935.8 3747.20144268 4500.0
1512278935.89 3747.34137055 4500.0
1512278935.99 3747.47430202 4500.0
1512278936.09 3747.60058692 4500.0
1512278936.19 3747.72055758 4500.0
1512278936.29 3747.8345297 4500.0
1512278936.39 3747.94280321 4500.0
1512278936.49 3748.04566305 4500.0
1512278936.59 3748.1433799 4500.0
1512278936.69 3748.2362109 4500.0
1512278936.79 3748.32440036 4500.0
1512278936.89 3748.40818034 4500.0
1512278936.99 3748.48777132 4500.0
1512278937.09 3748.56338276 4500.0
1512278937.19 3748.63521362 4500.0
1512278937.3 3748.70345294 4500.0
1512278937.39 3748.76828029 4500.0
1512278937.5 3748.82986628 4500.0
1512278937.59 3748.88837296 4500.0
1512278937.69 3748.94395432 4500.0
1512278937.79 3748.9967566 4500.0
1512278937.89 3749.04691877 4500.0
1512278938.0 3749.09457283 4500.0
1512278938.1 3749.13984419 4500.0
1512278938.2 3749.18285198 4500.0
1512278938.3 3749.22370938 4500.0
1512278938.4 3749.26252391 4500.0
1512278938.51 3749.29939772 4500.0
1512278938.61 3749.33442783 4500.0
1512278938.7 3749.36770644 4500.0
1512278938.82 3749.39932112 4500.0
1512278938.91 3749.42935506 4500.0
1512278939.01 3749.45788731 4500.0
1512278939.1 3749.48499294 4500.0
1512278939.2 3749.5107433 4500.0
1512278939.3 3749.53520613 4500.0
1512278939.4 3749.55844582 4500.0
1512278939.51 3749.58052353 4500.0
1512278939.6 3749.60149736 4500.0
1512278939.7 3749.62142249 4500.0
1512278939.81 3749.64035136 4500.0
1512278939.91 3749.6583338 4500.0
1512278940.01 3749.67541711 4500.0
1512278940.1 3749.69164625 4500.0
1512278940.2 3749.70706394 4500.0
1512278940.3 3749.72171074 4500.0
1512278940.41 3749.7356252 4500.0
1512278940.51 3749.74884394 4500.0
1512278940.61 3749.76140175 4500.0
1512278940.7 3749.77333166 4500.0
1512278940.81 3749.78466508 4500.0
1512278940.9 3749.79543182 4500.0
1512278941.01 3749.80566023 4500.0
1512278941.1 3749.81537722 4500.0
1512278941.21 3749.82460836 4500.0
1512278941.31 3749.83337794 4500.0
1512278941.41 3749.84170904 4500.0
1512278941.51 3749.84962359 4500.0
1512278941.61 3749.85714241 4500.0
1512278941.71 3749.86428529 4500.0
1512278941.81 3749.87107103 4500.0
1512278941.91 3749.87751748 4500.0
1512278942.01 3749.8836416 4500.0
1512278942.11 3749.88945952 4500.0
1512278942.21 3749.89498655 4500.0
1512278942.32 3749.90023722 4500.0
1512278942.41 3749.90522536 4500.0
1512278942.52 3749.90996409 4500.0
1512278942.62 3749.91446589 4500.0
1512278942.72 3749.91874259 4500.0
1512278942.83 3749.92280546 4500.0
1512278942.92 3749.92666519 4500.0
1512278943.01 3749.93033193 4500.0
1512278943.12 3749.93381533 4500.0
1512278943.22 3749.93712457 4500.0
1512278943.32 3749.94026834 4500.0
1512278943.42 3749.94325492 4500.0
1512278943.52 3749.94609217 4500.0
1512278943.61 3749.94878757 4500.0
1512278943.71 3749.95134819 4500.0
1512278943.82 3749.95378078 4500.0
1512278943.92 3749.95609174 4500.0
1512278944.02 3749.95828715 4500.0
1512278944.12 3749.96037279 4500.0
1512278944.22 3749.96235415 4500.0
1512278944.32 3749.96423645 4500.0
1512278944.42 3749.96602462 4500.0
1512278944.52 3749.96772339 4500.0
1512278944.62 3749.96933722 4500.0
1512278944.72 3749.97087036 4500.0
1512278944.82 3749.97232684 4500.0
1512278944.92 3749.9737105 4500.0
1512278945.02 3749.97502498 4500.0
1512278945.12 3749.97627373 4500.0
1512278945.22 3749.97746004 4500.0
1512278945.32 3749.97858704 4500.0
1512278945.42 3749.97965769 4500.0
1512278945.52 3749.9806748 4500.0
1512278945.62 3749.98164106 4500.0
1512278945.73 3749.98255901 4500.0
1512278945.83 3749.98343106 4500.0
1512278945.93 3749.98425951 4500.0
1512278946.03 3749.98504653 4500.0
1512278946.14 3749.9857942 4500.0
1512278946.24 3749.98650449 4500.0
1512278946.33 3749.98717927 4500.0
1512278946.44 3749.98782031 4500.0
1512278946.54 3749.98842929 4500.0
1512278946.64 3749.98900783 4500.0
1512278946.73 3749.98955744 4500.0
1512278946.83 3749.99007956 4500.0
1512278946.94 3749.99057559 4500.0
1512278947.03 3749.99104681 4500.0
1512278947.13 3749.99149447 4500.0
1512278947.24 3749.99191974 4500.0
1512278947.33 3749.99232376 4500.0
1512278947.43 3749.99270757 4500.0
1512278947.53 3749.99307219 4500.0
1512278947.64 3749.99341858 4500.0
1512278947.73 3749.99374765 4500.0
1512278947.83 3749.99406027 4500.0
1512278947.93 3749.99435725 4500.0
1512278948.03 3749.99463939 4500.0
1512278948.13 3749.99490742 4500.0
1512278948.24 3749.99516205 4500.0
1512278948.33 3749.99540395 4500.0
1512278948.44 3749.99563375 4500.0
1512278948.54 3749.99585206 4500.0
1512278948.64 3749.99605946 4500.0
1512278948.74 3749.99625649 4500.0
1512278948.84 3749.99644366 4500.0
1512278948.94 3749.99662148 4500.0
1512278949.04 3749.99679041 4500.0
1512278949.14 3749.99695089 4500.0
1512278949.24 3749.99710334 4500.0
1512278949.34 3749.99724817 4500.0
1512278949.44 3749.99738577 4500.0
1512278949.55 3749.99751648 4500.0
1512278949.64 3749.99764065 4500.0
1512278949.74 3749.99775862 4500.0
1512278949.86 3749.99787069 4500.0
1512278949.95 3749.99797716 4500.0
1512278950.05 3749.9980783 4500.0
1512278950.16 3749.99817438 4500.0
1512278950.25 3749.99826566 4500.0
1512278950.35 3749.99835238 4500.0
1512278950.45 3749.99843476 4500.0
1512278950.55 3749.99851302 4500.0
1512278950.65 3749.99858737 4500.0
1512278950.75 3749.998658 4500.0
1512278950.85 3749.9987251 4500.0
1512278950.95 3749.99878885 4500.0
1512278951.05 3749.99884941 4500.0
1512278951.15 3749.99890694 4500.0
1512278951.25 3749.99896159 4500.0
1512278951.35 3749.99901351 4500.0
1512278951.45 3749.99906283 4500.0
1512278951.55 3749.99910969 4500.0
1512278951.64 3749.99915421 4500.0
1512278951.74 3749.9991965 4500.0
1512278951.85 3749.99923667 4500.0
1512278951.94 3749.99927484 4500.0
1512278952.05 3749.9993111 4500.0
1512278952.15 3749.99934554 4500.0
1512278952.26 3749.99937826 4500.0
1512278952.36 3749.99940935 4500.0
1512278952.45 3749.99943888 4500.0
1512278952.55 3749.99946694 4500.0
1512278952.66 3749.99949359 4500.0
1512278952.76 3749.99951891 4500.0
1512278952.86 3749.99954297 4500.0
1512278952.97 3749.99956582 4500.0
1512278953.07 3749.99958753 4500.0
1512278953.17 3749.99960815 4500.0
1512278953.26 3749.99962774 4500.0
1512278953.36 3749.99964636 4500.0
1512278953.46 3749.99966404 4500.0
1512278953.57 3749.99968084 4500.0
1512278953.67 3749.9996968 4500.0
1512278953.76 3749.99971196 4500.0
1512278953.87 3749.99972636 4500.0
1512278953.97 3749.99974004 4500.0
1512278954.08 3749.99975304 4500.0
1512278954.17 3749.99976539 4500.0
1512278954.27 3749.99977712 4500.0
1512278954.38 3749.99978826 4500.0
1512278954.48 3749.99979885 4500.0
1512278954.58 3749.99980891 4500.0
1512278954.67 3749.99981846 4500.0
1512278954.77 3749.99982754 4500.0
1512278954.87 3749.99983616 4500.0
1512278954.97 3749.99984435 4500.0
1512278955.07 3749.99985213 4500.0
1512278955.17 3749.99985953 4500.0
1512278955.27 3749.99986655 4500.0
1512278955.37 3749.99987322 4500.0
1512278955.48 3749.99987956 4500.0
1512278955.57 3749.99988558 4500.0
1512278955.68 3749.99989131 4500.0
1512278955.78 3749.99989674 4500.0
1512278955.87 3749.9999019 4500.0
1512278955.98 3749.99990681 4500.0
1512278956.07 3749.99991147 4500.0
1512278956.17 3749.99991589 4500.0
1512278956.28 3749.9999201 4500.0
1512278956.38 3749.99992409 4500.0
1512278956.48 3749.99992789 4500.0
1512278956.58 3749.9999315 4500.0
1512278956.67 3749.99993492 4500.0
1512278956.78 3749.99993817 4500.0
1512278956.88 3749.99994127 4500.0
1512278956.98 3749.9999442 4500.0
1512278957.09 3749.99994699 4500.0
1512278957.19 3749.99994964 4500.0
1512278957.29 3749.99995216 4500.0
1512278957.39 3749.99995455 4500.0
1512278957.48 3749.99995682 4500.0
1512278957.58 3749.99995898 4500.0
1512278957.68 3749.99996103 4500.0
1512278957.79 3749.99996298 4500.0
1512278957.89 3749.99996483 4500.0
1512278957.99 3749.99996659 4500.0
1512278958.09 3749.99996826 4500.0
1512278958.19 3749.99996985 4500.0
1512278958.3 3749.99997136 4500.0
1512278958.39 3749.99997279 4500.0
1512278958.49 3749.99997415 4500.0
1512278958.59 3749.99997544 4500.0
1512278958.69 3749.99997667 4500.0
1512278958.79 3749.99997784 4500.0
1512278958.89 3749.99997894 4500.0
1512278958.99 3749.99998 4500.0
1512278959.08 3749.999981 4500.0
1512278959.19 3749.99998195 4500.0
1512278959.29 3749.99998285 4500.0
1512278959.39 3749.99998371 4500.0
1512278959.49 3749.99998452 4500.0
1512278959.58 3749.9999853 4500.0
1512278959.69 3749.99998603 4500.0
1512278959.78 3749.99998673 4500.0
1512278959.89 3749.99998739 4500.0
1512278959.99 3749.99998802 4500.0
1512278960.09 3749.99998862 4500.0
1512278960.19 3749.99998919 4500.0
1512278960.29 3749.99998973 4500.0
1512278960.39 3749.99999025 4500.0
1512278960.49 3749.99999073 4500.0
1512278960.59 3749.9999912 4500.0
1512278960.69 3749.99999164 4500.0
1512278960.79 3749.99999205 4500.0
1512278960.89 3749.99999245 4500.0
1512278960.99 3749.99999283 4500.0
1512278961.1 3749.99999319 4500.0
1512278961.2 3749.99999353 4500.0
1512278961.3 3749.99999385 4500.0
1512278961.4 3749.99999416 4500.0
1512278961.5 3749.99999445 4500.0
1512278961.6 3749.99999473 4500.0
1512278961.7 3749.99999499 4500.0
1512278961.79 3749.99999524 4500.0
1512278961.9 3749.99999548 4500.0
1512278962.0 3749.99999571 4500.0
1512278962.09 3749.99999592 4500.0
1512278962.19 3749.99999613 4500.0
1512278962.29 3749.99999632 4500.0
1512278962.39 3749.9999965 4500.0
1512278962.5 3749.99999668 4500.0
1512278962.59 3749.99999684 4500.0
1512278962.69 3749.999997 4500.0
1512278962.79 3749.99999715 4500.0
1512278962.89 3749.99999729 4500.0
1512278963.0 3749.99999743 4500.0
1512278963.09 3749.99999756 4500.0
1512278963.2 3749.99999768 4500.0
1512278963.3 3749.9999978 4500.0
1512278963.4 3749.99999791 4500.0
1512278963.5 3749.99999801 4500.0
1512278963.59 3749.99999811 4500.0
1512278963.69 3749.9999982 4500.0
1512278963.79 3749.99999829 4500.0
1512278963.91 3749.99999838 4500.0
1512278963.99 3749.99999846 4500.0
1512278964.09 3749.99999854 4500.0
1512278964.2 3749.99999861 4500.0
1512278964.3 3749.99999868 4500.0
1512278964.4 3749.99999875 4500.0
1512278964.5 3749.99999881 4500.0
1512278964.61 3749.99999887 4500.0
1512278964.71 3749.99999893 4500.0
1512278964.81 3749.99999898 4500.0
1512278964.91 3749.99999903 4500.0
1512278965.01 3749.99999908 4500.0
1512278965.1 3749.99999912 4500.0
1512278965.21 3749.99999917 4500.0
1512278965.31 3749.99999921 4500.0
1512278965.41 3749.99999925 4500.0
1512278965.51 3749.99999929 4500.0
1512278965.6 3749.99999932 4500.0
1512278965.72 3749.99999936 4500.0
1512278965.81 3749.99999939 4500.0
1512278965.91 3749.99999942 4500.0
1512278966.01 3749.99999945 4500.0
1512278966.1 3749.99999948 4500.0
1512278966.21 3749.9999995 4500.0
1512278966.3 3749.99999953 4500.0
1512278966.41 3749.99999955 4500.0
1512278966.5 3749.99999957 4500.0
1512278966.6 3749.99999959 4500.0
1512278966.7 3749.99999961 4500.0
1512278966.8 3749.99999963 4500.0
1512278966.9 3749.99999965 4500.0
1512278967.0 3749.99999967 4500.0
1512278967.11 3749.99999969 4500.0
1512278967.21 3749.9999997 4500.0
1512278967.31 3749.99999972 4500.0
1512278967.41 3749.99999973 4500.0
1512278967.51 3749.99999974 4500.0
1512278967.61 3749.99999976 4500.0
1512278967.71 3749.99999977 4500.0
1512278967.8 3749.99999978 4500.0
1512278967.9 3749.99999979 4500.0
1512278968.0 3749.9999998 4500.0
1512278968.11 3749.99999981 4500.0
1512278968.21 3749.99999982 4500.0
1512278968.32 3749.99999983 4500.0
1512278968.42 3749.99999984 4500.0
1512278968.52 3749.99999985 4500.0
1512278968.63 3749.99999985 4500.0
1512278968.73 3749.99999986 4500.0
1512278968.84 3749.99999987 4500.0
1512278968.93 3749.99999988 4500.0
1512278969.03 3749.99999988 4500.0
1512278969.14 3749.99999989 4500.0
1512278969.22 3749.99999989 4500.0
1512278969.31 3749.9999999 4500.0
1512278969.41 3749.9999999 4500.0
1512278969.52 3749.99999991 4500.0
1512278969.62 3749.99999991 4500.0
1512278969.71 3749.99999992 4500.0
1512278969.82 3749.99999992 4500.0
1512278969.91 3749.99999993 4500.0
1512278970.01 3749.99999993 4500.0
1512278970.11 3749.99999993 4500.0
1512278970.21 3749.99999994 4500.0
1512278970.31 3749.99999994 4500.0
1512278970.42 3749.99999994 4500.0
1512278970.52 3749.99999995 4500.0
1512278970.61 3749.99999995 4500.0
1512278970.71 3749.99999995 4500.0
1512278970.82 3749.99999995 4500.0
1512278970.92 3749.99999996 4500.0
1512278971.02 3749.99999996 4500.0
1512278971.12 3749.99999996 4500.0
1512278971.22 3749.99999996 4500.0
1512278971.32 3749.99999996 4500.0
1512278971.42 3749.99999997 4500.0
1512278971.52 3749.99999997 4500.0
1512278971.62 3749.99999997 4500.0
1512278971.73 3749.99999997 4500.0
1512278971.83 3749.99999997 4500.0
1512278971.93 3749.99999997 4500.0
1512278972.03 3749.99999997 4500.0
1512278972.14 3749.99999998 4500.0
1512278972.23 3749.99999998 4500.0
1512278972.33 3749.99999998 4500.0
1512278972.44 3749.99999998 4500.0
1512278972.52 3749.99999998 4500.0
1512278972.64 3749.99999998 4500.0
1512278972.73 3749.99999998 4500.0
1512278972.83 3749.99999998 4500.0
1512278972.93 3749.99999998 4500.0
1512278973.02 3749.99999998 4500.0
1512278973.13 3749.99999999 4500.0
1512278973.24 3749.99999999 4500.0
1512278973.33 3749.99999999 4500.0
1512278973.43 3749.99999999 4500.0
1512278973.52 3749.99999999 4500.0
1512278973.63 3749.99999999 4500.0
1512278973.73 3749.99999999 4500.0
1512278973.83 3749.99999999 4500.0
1512278973.93 3749.99999999 4500.0
1512278974.03 3749.99999999 4500.0
1512278974.13 3749.99999999 4500.0
1512278974.23 3749.99999999 4500.0
1512278974.33 3749.99999999 4500.0
1512278974.44 3749.99999999 4500.0
1512278974.54 3749.99999999 4500.0
1512278974.63 3749.99999999 4500.0
1512278974.73 3749.99999999 4500.0
1512278974.83 3749.99999999 4500.0
1512278974.93 3749.99999999 4500.0
1512278975.03 3749.99999999 4500.0
1512278975.13 3749.99999999 4500.0
1512278975.24 3750.0 4500.0
1512278975.34 3750.0 4500.0
1512278975.43 3750.0 4500.0
1512278975.54 3750.0 4500.0
1512278975.64 3750.0 4500.0
1512278975.75 3750.0 4500.0
1512278975.84 3750.0 4500.0
1512278975.95 3750.0 4500.0
1512278976.05 3750.0 4500.0
1512278976.16 3750.0 4500.0
1512278976.25 3750.0 4500.0
1512278976.34 3750.0 4500.0
1512278976.43 3750.0 4500.0
1512278976.55 3750.0 4500.0
1512278976.63 3750.0 4500.0
1512278976.74 3750.0 4500.0
1512278976.84 3750.0 4500.0
1512278976.95 3750.0 4500.0
1512278977.04 3750.0 4500.0
1512278977.14 3750.0 4500.0
1512278977.25 3750.0 4500.0
1512278977.33 3750.0 4500.0
1512278977.44 3750.0 4500.0
1512278977.54 3750.0 4500.0
1512278977.65 3750.0 4500.0
1512278977.74 3750.0 4500.0
1512278977.84 3750.0 4500.0
1512278977.95 3750.0 4500.0
1512278978.04 3750.0 4500.0
1512278978.14 3750.0 4500.0
1512278978.24 3750.0 4500.0
1512278978.35 3750.0 4500.0
1512278978.45 3750.0 4500.0
1512278978.55 3750.0 4500.0
1512278978.64 3750.0 4500.0
1512278978.75 3750.0 4500.0
1512278978.84 3750.0 4500.0
1512278978.96 3750.0 4500.0
1512278979.04 3750.0 4500.0
1512278979.15 3750.0 4500.0
1512278979.26 3750.0 4500.0
1512278979.35 3750.0 4500.0
1512278979.45 3750.0 4500.0
1512278979.55 3750.0 4500.0
1512278979.65 3750.0 4500.0
1512278979.76 3750.0 4500.0
1512278979.87 3750.0 4500.0
1512278979.96 3750.0 4500.0
1512278980.06 3750.0 4500.0
1512278980.15 3750.0 4500.0
1512278980.25 3750.0 4500.0
1512278980.36 3750.0 4500.0
1512278980.46 3750.0 4500.0
1512278980.56 3750.0 4500.0
1512278980.67 3750.0 4500.0
1512278980.77 3750.0 4500.0
1512278980.85 3750.0 4500.0
1512278980.95 3750.0 4500.0
1512278981.05 3750.0 4500.0
1512278981.16 3750.0 4500.0
1512278981.26 3750.0 4500.0
1512278981.35 3750.0 4500.0
1512278981.46 3750.0 4500.0
1512278981.55 3750.0 4500.0
1512278981.66 3750.0 4500.0
1512278981.76 3750.0 4500.0
1512278981.86 3750.0 4500.0
1512278981.96 3750.0 4500.0
1512278982.06 3750.0 4500.0
1512278982.16 3750.0 4500.0
1512278982.26 3750.0 4500.0
1512278982.36 3750.0 4500.0
1512278982.46 3750.0 4500.0
1512278982.56 3750.0 4500.0
1512278982.67 3750.0 4500.0
1512278982.77 3750.0 4500.0
1512278982.86 3750.0 4500.0
1512278982.97 3750.0 4500.0
1512278983.07 3750.0 4500.0
1512278983.17 3750.0 4500.0
1512278983.27 3750.0 4500.0
1512278983.38 3750.0 4500.0
1512278983.48 3750.0 4500.0
1512278983.57 3750.0 4500.0
1512278983.68 3750.0 4500.0
1512278983.77 3750.0 4500.0
1512278983.87 3750.0 4500.0
1512278983.98 3750.0 4500.0
1512278984.08 3750.0 4500.0
1512278984.18 3750.0 4500.0
1512278984.28 3750.0 4500.0
1512278984.38 3750.0 4500.0
1512278984.47 3750.0 4500.0
1512278984.58 3750.0 4500.0
1512278984.67 3750.0 4500.0
1512278984.78 3750.0 4500.0
1512278984.87 3750.0 4500.0
1512278984.98 3750.0 4500.0
1512278985.08 3750.0 4500.0
1512278985.16 3750.0 4500.0
1512278985.26 3750.0 4500.0
1512278985.37 3750.0 4500.0
1512278985.46 3750.0 4500.0
1512278985.57 3750.0 4500.0
1512278985.67 3750.0 4500.0
1512278985.77 3750.0 4500.0
1512278985.87 3750.0 4500.0
1512278985.97 3750.0 4500.0
1512278986.07 3750.0 4500.0
1512278986.17 3750.0 4500.0
1512278986.27 3750.0 4500.0
1512278986.38 3750.0 4500.0
1512278986.48 3750.0 4500.0
1512278986.58 3750.0 4500.0
1512278986.69 3750.0 4500.0
1512278986.78 3750.0 4500.0
1512278986.9 3750.0 4500.0
1512278986.99 3750.0 4500.0
1512278987.11 3750.0 4500.0
1512278987.18 3750.0 4500.0
1512278987.28 3750.0 4500.0
1512278987.38 3750.0 4500.0
1512278987.48 3750.0 4500.0
1512278987.58 3750.0 4500.0
1512278987.68 3750.0 4500.0
1512278987.77 3750.0 4500.0
1512278987.88 3750.0 4500.0
1512278987.98 3750.0 4500.0
1512278988.07 3750.0 4500.0
1512278988.18 3750.0 4500.0
1512278988.28 3750.0 4500.0
1512278988.38 3750.0 4500.0
1512278988.48 3750.0 4500.0
1512278988.58 3750.0 4500.0
1512278988.68 3750.0 4500.0
1512278988.78 3750.0 4500.0
1512278988.88 3750.0 4500.0
1512278988.98 3750.0 4500.0
1512278989.09 3750.0 4500.0
1512278989.19 3750.0 4500.0
1512278989.28 3750.0 4500.0
1512278989.38 3750.0 4500.0
1512278989.48 3750.0 4500.0
1512278989.59 3750.0 4500.0
1512278989.68 3750.0 4500.0
1512278989.78 3750.0 4500.0
1512278989.89 3750.0 4500.0
1512278989.99 3750.0 4500.0
1512278990.09 3750.0 4500.0
1512278990.2 3750.0 4500.0
1512278990.29 3750.0 4500.0
1512278990.4 3750.0 4500.0
1512278990.5 3750.0 4500.0
1512278990.6 3750.0 4500.0
1512278990.71 3750.0 4500.0
1512278990.81 3750.0 4500.0
1512278990.91 3750.0 4500.0
1512278991.01 3750.0 4500.0
1512278991.09 3750.0 4500.0
1512278991.2 3750.0 4500.0
1512278991.3 3750.0 4500.0
1512278991.4 3750.0 4500.0
1512278991.5 3750.0 4500.0
1512278991.6 3750.0 4500.0
1512278991.7 3750.0 4500.0
1512278991.79 3750.0 4500.0
1512278991.9 3750.0 4500.0
1512278992.0 3750.0 4500.0
1512278992.09 3750.0 4500.0
1512278992.2 3750.0 4500.0
1512278992.3 3750.0 4500.0
1512278992.4 3750.0 4500.0
1512278992.5 3750.0 4500.0
1512278992.6 3750.0 4500.0
1512278992.7 3750.0 4500.0
1512278992.8 3750.0 4500.0
1512278992.9 3750.0 4500.0
1512278992.99 3750.0 4500.0
1512278993.1 3750.0 4500.0
1512278993.2 3750.0 4500.0
1512278993.3 3750.0 4500.0
1512278993.4 3750.0 4500.0
1512278993.5 3750.0 4500.0
1512278993.6 3750.0 4500.0
1512278993.73 3750.0 4500.0
1512278993.82 3729.16666667 4500.0
1512278993.92 3709.375 4500.0
1512278994.02 3690.57291667 4500.0
1512278994.11 3672.7109375 4500.0
1512278994.21 3655.74205729 4500.0
1512278994.32 3639.62162109 4500.0
1512278994.42 3624.30720671 4500.0
1512278994.52 3609.75851304 4500.0
1512278994.61 3595.93725405 4500.0
1512278994.73 3582.80705802 4500.0
1512278994.83 3570.33337178 4500.0
1512278994.93 3558.48336986 4500.0
1512278995.03 3547.22586803 4500.0
1512278995.13 3536.5312413 4500.0
1512278995.24 3526.3713459 4500.0
1512278995.33 3516.71944527 4500.0
1512278995.43 3507.55013967 4500.0
1512278995.54 3498.83929936 4500.0
1512278995.63 3490.56400106 4500.0
1512278995.73 3482.70246767 4500.0
1512278995.83 3475.23401095 4500.0
1512278995.93 3468.13897707 4500.0
1512278996.03 3461.39869489 4500.0
1512278996.13 3454.99542681 4500.0
1512278996.23 3448.91232213 4500.0
1512278996.33 3443.13337269 4500.0
1512278996.43 3437.64337073 4500.0
1512278996.53 3432.42786886 4500.0
1512278996.63 3427.47314208 4500.0
1512278996.73 3422.76615164 4500.0
1512278996.83 3418.29451073 4500.0
1512278996.93 3414.04645186 4500.0
1512278997.03 3410.01079593 4500.0
1512278997.13 3406.1769228 4500.0
1512278997.23 3402.53474333 4500.0
1512278997.33 3399.07467283 4500.0
1512278997.43 3395.78760585 4500.0
1512278997.53 3392.66489223 4500.0
1512278997.64 3389.69831428 4500.0
1512278997.74 3386.88006524 4500.0
1512278997.84 3384.20272864 4500.0
1512278997.94 3381.65925888 4500.0
1512278998.04 3379.2429626 4500.0
1512278998.14 3376.94748113 4500.0
1512278998.24 3374.76677374 4500.0
1512278998.35 3372.69510172 4500.0
1512278998.44 3370.7270133 4500.0
1512278998.55 3368.85732931 4500.0
1512278998.66 3367.08112951 4500.0
1512278998.73 3365.3937397 4500.0
1512278998.83 3363.79071938 4500.0
1512278998.93 3362.26785008 4500.0
1512278999.03 3360.82112424 4500.0
1512278999.13 3359.4467347 4500.0
1512278999.23 3358.14106463 4500.0
1512278999.33 3356.90067806 4500.0
1512278999.42 3355.72231083 4500.0
1512278999.53 3354.60286195 4500.0
1512278999.63 3353.53938552 4500.0
1512278999.73 3352.52908291 4500.0
1512278999.83 3351.56929543 4500.0
1512278999.93 3350.65749733 4500.0
1512279000.03 3349.79128913 4500.0
1512279000.13 3348.96839134 4500.0
1512279000.23 3348.18663844 4500.0
1512279000.33 3347.44397318 4500.0
1512279000.43 3346.73844119 4500.0
1512279000.53 3346.0681858 4500.0
1512279000.63 3345.43144317 4500.0
1512279000.73 3344.82653768 4500.0
1512279000.83 3344.25187746 4500.0
1512279000.93 3343.70595026 4500.0
1512279001.04 3343.18731941 4500.0
1512279001.14 3342.69462011 4500.0
1512279001.24 3342.22655577 4500.0
1512279001.34 3341.78189465 4500.0
1512279001.44 3341.35946658 4500.0
1512279001.53 3340.95815992 4500.0
1512279001.64 3340.57691859 4500.0
1512279001.73 3340.21473933 4500.0
1512279001.84 3339.87066903 4500.0
1512279001.94 3339.54380224 4500.0
1512279002.04 3339.2332788 4500.0
1512279002.15 3338.93828152 4500.0
1512279002.24 3338.65803411 4500.0
1512279002.34 3338.39179908 4500.0
1512279002.44 3338.13887579 4500.0
1512279002.53 3337.89859867 4500.0
1512279002.64 3337.6703354 4500.0
1512279002.74 3337.4534853 4500.0
1512279002.83 3337.2474777 4500.0
1512279002.93 3337.05177048 4500.0
1512279003.04 3336.86584862 4500.0
1512279003.13 3336.68922286 4500.0
1512279003.23 3336.52142838 4500.0
1512279003.34 3336.36202363 4500.0
1512279003.43 3336.21058911 4500.0
1512279003.54 3336.06672633 4500.0
1512279003.64 3335.93005668 4500.0
1512279003.74 3335.80022051 4500.0
1512279003.83 3335.67687615 4500.0
1512279003.93 3335.55969901 4500.0
1512279004.04 3335.44838073 4500.0
1512279004.13 3293.67596169 4500.0
1512279004.24 3253.9921636 4500.0
1512279004.33 3216.29255542 4500.0
1512279004.43 3180.47792765 4500.0
1512279004.54 3146.45403127 4500.0
1512279004.64 3114.13132971 4500.0
1512279004.74 3083.42476322 4500.0
1512279004.84 3054.25352506 4500.0
1512279004.94 3026.54084881 4500.0
1512279005.03 3000.21380637 4500.0
1512279005.13 2975.20311605 4500.0
1512279005.24 2951.44296025 4500.0
1512279005.33 2928.87081223 4500.0
1512279005.43 2907.42727162 4500.0
1512279005.54 2887.05590804 4500.0
1512279005.64 2867.70311264 4500.0
1512279005.74 2849.31795701 4500.0
1512279005.84 2831.85205916 4500.0
1512279005.94 2815.2594562 4500.0
1512279006.03 2799.49648339 4500.0
1512279006.14 2784.52165922 4500.0
1512279006.23 2770.29557626 4500.0
1512279006.33 2756.78079745 4500.0
1512279006.44 2743.94175757 4500.0
1512279006.53 2731.74466969 4500.0
1512279006.63 2720.15743621 4500.0
1512279006.73 2709.1495644 4500.0
1512279006.84 2698.69208618 4500.0
1512279006.93 2688.75748187 4500.0
1512279007.04 2679.31960778 4500.0
1512279007.14 2670.35362739 4500.0
1512279007.24 2661.83594602 4500.0
1512279007.34 2653.74414872 4500.0
1512279007.43 2646.05694128 4500.0
1512279007.54 2638.75409422 4500.0
1512279007.64 2631.81638951 4500.0
1512279007.74 2625.22557003 4500.0
1512279007.84 2618.96429153 4500.0
1512279007.94 2613.01607695 4500.0
1512279008.04 2607.36527311 4500.0
1512279008.14 2601.99700945 4500.0
1512279008.24 2596.89715898 4500.0
1512279008.34 2592.05230103 4500.0
1512279008.44 2587.44968598 4500.0
1512279008.54 2583.07720168 4500.0
1512279008.64 2578.92334159 4500.0
1512279008.74 2574.97717452 4500.0
1512279008.84 2571.22831579 4500.0
1512279008.94 2567.6669 4500.0
1512279009.04 2564.283555 4500.0
1512279009.14 2561.06937725 4500.0
1512279009.24 2558.01590839 4500.0
1512279009.34 2555.11511297 4500.0
1512279009.44 2552.35935732 4500.0
1512279009.54 2549.74138945 4500.0
1512279009.64 2547.25431998 4500.0
1512279009.74 2544.89160398 4500.0
1512279009.84 2542.64702378 4500.0
1512279009.94 2540.51467259 4500.0
1512279010.04 2538.48893896 4500.0
1512279010.14 2536.56449202 4500.0
1512279010.24 2534.73626741 4500.0
1512279010.34 2532.99945404 4500.0
1512279010.44 2531.34948134 4500.0
1512279010.54 2529.78200727 4500.0
1512279010.64 2528.29290691 4500.0
1512279010.74 2526.87826157 4500.0
1512279010.85 2525.53434849 4500.0
1512279010.95 2524.25763106 4500.0
1512279011.05 2523.04474951 4500.0
1512279011.15 2521.89251203 4500.0
1512279011.25 2520.79788643 4500.0
1512279011.35 2519.75799211 4500.0
1512279011.45 2518.77009251 4500.0
1512279011.55 2517.83158788 4500.0
1512279011.66 2516.94000849 450