1512278804.6 0 0
1512278804.68 0 0
1512278804.77 0 0
1512278804.88 0 0
1512278804.97 0 0
1512278805.08 0 0
1512278805.18 0 0
1512278805.28 0 0
1512278805.38 0 0
1512278805.48 0 0
1512278805.58 0 0
1512278805.68 0 0
1512278805.78 0 0
1512278805.88 0 0
1512278805.98 0 0
1512278806.08 0 0
1512278806.18 0 0
1512278806.28 0 0
1512278806.38 0 0
1512278806.48 0 0
1512278806.58 0 0
1512278806.68 0 0
1512278806.78 0 0
1512278806.88 0 0
1512278806.98 0 0
1512278807.08 0 0
1512278807.18 0 0
1512278807.28 0 0
1512278807.38 0 0
1512278807.48 0 0
1512278807.58 0 0
1512278807.68 0 0
1512278807.78 0 0
1512278807.88 0 0
1512278807.98 0 0
1512278808.08 0 0
1512278808.18 0 0
1512278808.28 0 0
1512278808.38 0 0
1512278808.48 0 0
1512278808.58 0 0
1512278808.68 0 0
1512278808.78 0 0
1512278808.88 0 0
1512278808.99 0 0
1512278809.09 0 0
1512278809.18 0 0
1512278809.29 0 0
1512278809.39 0 0
1512278809.48 0 0
1512278809.59 0 0
1512278809.69 0 0
1512278809.79 0 0
1512278809.89 0 0
1512278809.99 0 0
1512278810.09 0 0
1512278810.19 0 0
1512278810.29 0 0
1512278810.39 0 0
1512278810.49 0 0
1512278810.59 0 0
1512278810.69 0 0
1512278810.79 0 0
1512278810.89 0 0
1512278810.99 0 0
1512278811.09 0 0
1512278811.19 0 0
1512278811.29 0 0
1512278811.39 0 0
1512278811.49 0 0
1512278811.59 0 0
1512278811.69 0 0
1512278811.79 0 0
1512278811.89 0 0
1512278812.0 0 0
1512278812.09 0 0
1512278812.19 0 0
1512278812.29 0 0
1512278812.39 0 0
1512278812.49 0 0
1512278812.59 0 0
1512278812.69 0 0
1512278812.8 0 0
1512278812.89 0 0
1512278812.99 0 0
1512278813.09 0 0
1512278813.19 0 0
1512278813.29 0 0
1512278813.39 0 0
1512278813.49 0 0
1512278813.59 0 0
1512278813.69 0 0
1512278813.79 0 0
1512278813.89 0 0
1512278813.99 0 0
1512278814.09 0 0
1512278814.19 0 0
1512278814.29 0 0
1512278814.4 0 0
1512278814.5 0 0
1512278814.6 0 0
1512278814.7 0 0
1512278814.8 0 0
1512278814.9 0 0
1512278815.0 0 0
1512278815.11 0 0
1512278815.2 0 0
1512278815.31 0 0
1512278815.41 0 0
1512278815.51 0 0
1512278815.61 0 0
1512278815.71 0 0
1512278815.81 0 0
1512278815.91 0 0
1512278816.02 0 0
1512278816.11 0 0
1512278816.21 0 0
1512278816.31 0 0
1512278816.41 0 0
1512278816.51 0 0
1512278816.61 0 0
1512278816.71 0 0
1512278816.81 0 0
1512278816.91 0 0
1512278817.01 0 0
1512278817.12 0 0
1512278817.22 0 0
1512278817.32 0 0
1512278817.42 0 0
1512278817.52 0 0
1512278817.62 0 0
1512278817.72 0 0
1512278817.82 0 0
1512278817.92 0 0
1512278818.02 0 0
1512278818.12 0 0
1512278818.22 0 0
1512278818.32 0 0
1512278818.42 0 0
1512278818.52 0 0
1512278818.62 0 0
1512278818.72 0 0
1512278818.82 0 0
1512278818.92 0 0
1512278819.02 0 0
1512278819.12 0 0
1512278819.22 0 0
1512278819.32 0 0
1512278819.42 0 0
1512278819.52 0 0
1512278819.62 0 0
1512278819.72 0 0
1512278819.82 0 0
1512278819.92 0 0
1512278820.02 0 0
1512278820.12 0 0
1512278820.22 0 0
1512278820.32 0 0
1512278820.42 0 0
1512278820.52 0 0
1512278820.62 0 0
1512278820.72 0 0
1512278820.82 0 0
1512278820.93 0 0
1512278821.03 0 0
1512278821.13 0 0
1512278821.23 0 0
1512278821.34 0 0
1512278821.43 0 0
1512278821.53 0 0
1512278821.63 0 0
1512278821.73 0 0
1512278821.83 0 0
1512278821.93 0 0
1512278822.03 0 0
1512278822.13 0 0
1512278822.23 0 0
1512278822.33 0 0
1512278822.43 0 0
1512278822.53 0 0
1512278822.63 0 0
1512278822.73 0 0
1512278822.83 0 0
1512278822.93 0 0
1512278823.03 0 0
1512278823.13 0 0
1512278823.23 0 0
1512278823.33 0 0
1512278823.43 0 0
1512278823.53 0 0
1512278823.63 0 0
1512278823.73 0 0
1512278823.83 0 0
1512278823.93 0 0
1512278824.03 0 0
1512278824.13 0 0
1512278824.23 0 0
1512278824.33 0 0
1512278824.43 0 0
1512278824.53 0 0
1512278824.63 0 0
1512278824.73 0 0
1512278824.83 0 0
1512278824.93 0 0
1512278825.03 0 0
1512278825.13 0 0
1512278825.23 0 0
1512278825.34 0 0
1512278825.44 0 0
1512278825.54 0 0
1512278825.64 0 0
1512278825.74 0 0
1512278825.84 0 0
1512278825.94 0 0
1512278826.04 0 0
1512278826.14 0 0
1512278826.24 0 0
1512278826.34 0 0
1512278826.44 0 0
1512278826.55 0 0
1512278826.65 0 0
1512278826.75 0 0
1512278826.85 0 0
1512278826.95 0 0
1512278827.05 0 0
1512278827.15 0 0
1512278827.25 0 0
1512278827.35 0 0
1512278827.45 0 0
1512278827.55 0 0
1512278827.65 0 0
1512278827.75 0 0
1512278827.85 0 0
1512278827.95 0 0
1512278828.05 0 0
1512278828.15 0 0
1512278828.25 0 0
1512278828.35 0 0
1512278828.45 0 0
1512278828.55 0 0
1512278828.65 0 0
1512278828.75 0 0
1512278828.85 0 0
1512278828.95 0 0
1512278829.05 0 0
1512278829.15 0 0
1512278829.25 0 0
1512278829.35 0 0
1512278829.45 0 0
1512278829.55 0 0
1512278829.65 0 0
1512278829.75 0 0
1512278829.85 0 0
1512278829.95 0 0
1512278830.05 0 0
1512278830.15 0 0
1512278830.25 0 0
1512278830.35 0 0
1512278830.45 0 0
1512278830.55 0 0
1512278830.66 0 0
1512278830.76 0 0
1512278830.86 0 0
1512278830.96 0 0
1512278831.06 0 0
1512278831.16 0 0
1512278831.26 0 0
1512278831.36 0 0
1512278831.46 0 0
1512278831.56 0 0
1512278831.66 0 0
1512278831.76 0 0
1512278831.86 0 0
1512278831.96 0 0
1512278832.08 0 0
1512278832.17 0 0
1512278832.27 0 0
1512278832.37 0 0
1512278832.47 0 0
1512278832.57 0 0
1512278832.67 0 0
1512278832.77 0 0
1512278832.87 0 0
1512278832.97 0 0
1512278833.07 0 0
1512278833.17 0 0
1512278833.27 0 0
1512278833.37 0 0
1512278833.47 0 0
1512278833.57 0 0
1512278833.67 0 0
1512278833.77 0 0
1512278833.87 0 0
1512278833.97 0 0
1512278834.07 0 0
1512278834.17 0 0
1512278834.27 0 0
1512278834.37 0 0
1512278834.47 0 0
1512278834.57 0 0
1512278834.68 0 0
1512278834.77 0 0
1512278834.87 0 0
1512278834.98 0 0
1512278835.08 0 0
1512278835.18 0 0
1512278835.28 0 0
1512278835.38 0 0
1512278835.48 0 0
1512278835.58 0 0
1512278835.68 0 0
1512278835.78 0 0
1512278835.88 0 0
1512278835.98 0 0
1512278836.08 0 0
1512278836.18 0 0
1512278836.29 0 0
1512278836.39 0 0
1512278836.48 0 0
1512278836.6 0 0
1512278836.71 0 0
1512278836.81 0 0
1512278836.91 0 0
1512278837.01 0 0
1512278837.11 0 0
1512278837.21 0 0
1512278837.31 0 0
1512278837.41 0 0
1512278837.51 0 0
1512278837.62 0 0
1512278837.71 0 0
1512278837.82 0 0
1512278837.92 0 0
1512278838.02 0 0
1512278838.16 0 0
1512278838.27 0 0
1512278838.37 0 0
1512278838.47 0 0
1512278838.56 0 0
1512278838.67 0 0
1512278838.77 0 0
1512278838.87 0 0
1512278838.97 0 0
1512278839.07 0 0
1512278839.17 0 0
1512278839.27 0 0
1512278839.37 0 0
1512278839.47 0 0
1512278839.59 0 0
1512278839.69 0 0
1512278839.79 0 0
1512278839.89 0 0
1512278839.99 0 0
1512278840.09 0 0
1512278840.19 0 0
1512278840.29 0 0
1512278840.39 0 0
1512278840.49 0 0
1512278840.59 0 0
1512278840.69 0 0
1512278840.79 0 0
1512278840.89 0 0
1512278840.99 0 0
1512278841.09 0 0
1512278841.19 0 0
1512278841.29 0 0
1512278841.39 0 0
1512278841.49 0 0
1512278841.59 0 0
1512278841.69 0 0
1512278841.79 0 0
1512278841.89 0 0
1512278841.99 0 0
1512278842.09 0 0
1512278842.2 0 0
1512278842.29 0 0
1512278842.39 0 0
1512278842.5 0 0
1512278842.59 0 0
1512278842.7 0 0
1512278842.8 0 0
1512278842.91 0 0
1512278843.0 0 0
1512278843.1 0 0
1512278843.2 0 0
1512278843.3 0 0
1512278843.4 0 0
1512278843.5 0 0
1512278843.6 0 0
1512278843.72 0 0
1512278843.84 0 0
1512278843.94 0 0
1512278844.04 0 0
1512278844.14 0 0
1512278844.24 0 0
1512278844.36 0 0
1512278844.44 0 0
1512278844.55 0 0
1512278844.64 0 0
1512278844.74 0 0
1512278844.84 0 0
1512278844.94 0 0
1512278845.04 0 0
1512278845.14 0 0
1512278845.24 0 0
1512278845.34 0 0
1512278845.44 0 0
1512278845.54 0 0
1512278845.64 0 0
1512278845.77 0 0
1512278845.88 0 0
1512278845.98 0 0
1512278846.08 0 0
1512278846.18 0 0
1512278846.28 0 0
1512278846.38 0 0
1512278846.48 0 0
1512278846.58 0 0
1512278846.68 0 0
1512278846.78 0 0
1512278846.88 0 0
1512278846.98 0 0
1512278847.08 0 0
1512278847.18 0 0
1512278847.28 0 0
1512278847.38 0 0
1512278847.48 0 0
1512278847.58 0 0
1512278847.68 0 0
1512278847.78 0 0
1512278847.89 0 0
1512278847.99 0 0
1512278848.09 0 0
1512278848.19 0 0
1512278848.3 0 0
1512278848.4 0 0
1512278848.5 0 0
1512278848.61 0 0
1512278848.71 0 0
1512278848.81 0 0
1512278848.91 0 0
1512278849.0 0 0
1512278849.1 0 0
1512278849.2 0 0
1512278849.3 0 0
1512278849.4 0 0
1512278849.5 0 0
1512278849.6 0 0
1512278849.71 0 0
1512278849.8 0 0
1512278849.9 0 0
1512278850.0 0 0
1512278850.1 0 0
1512278850.2 0 0
1512278850.3 0 0
1512278850.4 0 0
1512278850.52 0 0
1512278850.62 0 0
1512278850.72 0 0
1512278850.82 0 0
1512278850.92 0 0
1512278851.02 0 0
1512278851.12 0 0
1512278851.23 0 0
1512278851.36 0 0
1512278851.46 0 0
1512278851.56 0 0
1512278851.66 0 0
1512278851.76 0 0
1512278851.86 0 0
1512278851.96 0 0
1512278852.06 0 0
1512278852.16 0 0
1512278852.26 0 0
1512278852.36 0 0
1512278852.46 0 0
1512278852.56 0 0
1512278852.66 0 0
1512278852.76 0 0
1512278852.86 0 0
1512278852.96 0 0
1512278853.06 0 0
1512278853.18 0 0
1512278853.29 0 0
1512278853.39 0 0
1512278853.51 0 0
1512278853.67 0 0
1512278853.76 0 0
1512278853.86 0 0
1512278853.96 0 0
1512278854.06 0 0
1512278854.16 0 0
1512278854.28 0 0
1512278854.39 0 0
1512278854.49 0 0
1512278854.59 0 0
1512278854.69 0 0
1512278854.79 0 0
1512278854.89 0 0
1512278854.99 0 60
1512278855.09 0 0
1512278855.19 0 60
1512278855.29 0 120
1512278855.39 0 60
1512278855.49 0 60
1512278855.59 0 1800
1512278855.69 0 2460
1512278855.79 0 2460
1512278855.89 0 2460
1512278856.0 0 2280
1512278856.09 0 2520
1512278856.19 0 2460
1512278856.3 0 2520
1512278856.4 0 2460
1512278856.49 0 2400
1512278856.6 0 2460
1512278856.7 0 2520
1512278856.8 0 2520
1512278856.91 0 2760
1512278857.0 0 2220
1512278857.12 0 2940
1512278857.2 0 2040
1512278857.31 0 2580
1512278857.41 0 2460
1512278857.5 0 2460
1512278857.62 0 2700
1512278857.7 0 1980
1512278857.8 0 2580
1512278857.9 0 2520
1512278858.0 0 2520
1512278858.1 0 2460
1512278858.2 0 2460
1512278858.3 0 2340
1512278858.4 0 2460
1512278858.51 0 2580
1512278858.6 0 2460
1512278858.71 0 2580
1512278858.81 0 2460
1512278858.91 0 2520
1512278859.01 0 2400
1512278859.11 0 2400
1512278859.2 0 2460
1512278859.31 0 2460
1512278859.41 0 2580
1512278859.51 0 2340
1512278859.61 0 2340
1512278859.71 0 2640
1512278859.81 0 2460
1512278859.91 0 2640
1512278860.01 0 2340
1512278860.11 0 2520
1512278860.21 0 2400
1512278860.31 0 2460
1512278860.41 0 2520
1512278860.51 0 2580
1512278860.61 0 2400
1512278860.71 0 2580
1512278860.82 0 2460
1512278860.92 0 2580
1512278861.02 0 2400
1512278861.12 0 2520
1512278861.22 0 2580
1512278861.33 0 2400
1512278861.42 0 2340
1512278861.53 0 2640
1512278861.62 0 2340
1512278861.72 0 2460
1512278861.82 0 2520
1512278861.92 0 2460
1512278862.02 0 2460
1512278862.12 0 2460
1512278862.22 0 2460
1512278862.32 0 2460
1512278862.42 0 2520
1512278862.52 0 2460
1512278862.62 0 2400
1512278862.72 0 2580
1512278862.82 0 2400
1512278862.92 0 2460
1512278863.02 0 2580
1512278863.12 0 2400
1512278863.22 0 2460
1512278863.32 0 2580
1512278863.42 0 2280
1512278863.52 0 2460
1512278863.62 0 2520
1512278863.72 0 2580
1512278863.82 0 2460
1512278863.92 0 2520
1512278864.02 0 2400
1512278864.12 0 2520
1512278864.22 0 2460
1512278864.33 0 2580
1512278864.43 0 2460
1512278864.53 0 2460
1512278864.64 0 2640
1512278864.74 0 2580
1512278864.84 0 2460
1512278864.93 0 2340
1512278865.03 0 2280
1512278865.13 0 2460
1512278865.23 0 2520
1512278865.33 0 2400
1512278865.43 0 2460
1512278865.53 0 2520
1512278865.63 0 2520
1512278865.73 0 2460
1512278865.83 0 2520
1512278865.93 0 2520
1512278866.04 0 2460
1512278866.13 0 2460
1512278866.23 0 2460
1512278866.34 0 2460
1512278866.43 0 2460
1512278866.53 0 2520
1512278866.63 0 2400
1512278866.73 0 2520
1512278866.84 0 2520
1512278866.94 0 2400
1512278867.04 0 2520
1512278867.14 0 2460
1512278867.24 0 2460
1512278867.34 0 2400
1512278867.44 0 2580
1512278867.54 0 2400
1512278867.64 0 2580
1512278867.74 0 2400
1512278867.83 0 2400
1512278867.94 0 2580
1512278868.04 0 2580
1512278868.14 0 2400
1512278868.24 0 2460
1512278868.34 0 2520
1512278868.45 0 2520
1512278868.55 0 2460
1512278868.65 0 2640
1512278868.76 0 2520
1512278868.85 0 2340
1512278868.94 0 2340
1512278869.05 0 2460
1512278869.15 0 2580
1512278869.25 0 2400
1512278869.35 0 2460
1512278869.45 0 2520
1512278869.55 0 2460
1512278869.65 0 2460
1512278869.75 0 2640
1512278869.85 0 2340
1512278869.95 0 2460
1512278870.05 0 2460
1512278870.15 0 2460
1512278870.25 0 2400
1512278870.35 0 2520
1512278870.45 0 2400
1512278870.55 0 2400
1512278870.65 0 2520
1512278870.75 0 2580
1512278870.85 0 2460
1512278870.95 0 2460
1512278871.05 0 2460
1512278871.15 0 2580
1512278871.25 0 2400
1512278871.35 0 2460
1512278871.45 0 2460
1512278871.55 0 2460
1512278871.65 0 2460
1512278871.75 0 2520
1512278871.85 0 2460
1512278871.96 0 2640
1512278872.05 0 2340
1512278872.15 0 2460
1512278872.25 0 2400
1512278872.35 0 2580
1512278872.46 0 2460
1512278872.56 0 2520
1512278872.65 0 2340
1512278872.75 0 2460
1512278872.85 0 2520
1512278872.95 0 2460
1512278873.05 0 2460
1512278873.15 0 2520
1512278873.25 0 2460
1512278873.36 0 2400
1512278873.45 0 2520
1512278873.55 0 2400
1512278873.65 0 2460
1512278873.75 0 2340
1512278873.85 0 2630
1512278873.95 0 2520
1512278874.05 0 2570
1512278874.15 0 2450
1512278874.26 0 2570
1512278874.35 0 2910
1512278874.46 0 3190
1512278874.56 0 2370
1512278874.65 0 2110
1512278874.76 0 1650
1512278874.85 0 2500
1512278874.96 0 920
1512278875.06 0 360
1512278875.16 0 430
1512278875.26 0 970
1512278875.35 0 840
1512278875.46 0 730
1512278875.56 0 840
1512278875.66 0 940
1512278875.76 0 660
1512278875.86 0 820
1512278875.97 0 1160
1512278876.06 0 930
1512278876.16 0 1160
1512278876.26 0 1260
1512278876.36 0 1530
1512278876.46 0 1640
1512278876.56 0 1640
1512278876.67 0 2080
1512278876.76 0 1920
1512278876.87 0 2290
1512278876.96 0 2300
1512278877.07 0 2460
1512278877.17 0 2310
1512278877.27 0 2250
1512278877.37 0 2310
1512278877.46 0 1830
1512278877.56 0 1560
1512278877.66 0 1910
1512278877.77 0 2200
1512278877.87 0 1970
1512278877.96 0 1920
1512278878.06 0 2140
1512278878.17 0 2140
1512278878.27 0 2460
1512278878.37 0 2190
1512278878.47 0 2310
1512278878.57 0 2360
1512278878.67 0 2420
1512278878.77 0 2060
1512278878.87 0 1860
1512278878.97 0 1520
1512278879.07 0 1980
1512278879.17 0 2080
1512278879.27 0 2200
1512278879.37 0 2090
1512278879.47 0 2250
1512278879.57 0 2470
1512278879.67 0 2360
1512278879.78 0 2470
1512278879.88 0 2310
1512278879.97 0 2210
1512278880.07 0 2130
1512278880.18 0 1280
1512278880.28 0 1690
1512278880.38 0 1930
1512278880.48 0 1870
1512278880.58 0 2090
1512278880.68 0 1920
1512278880.78 0 2030
1512278880.88 0 2250
1512278880.98 0 2410
1512278881.08 0 2310
1512278881.18 0 2250
1512278881.28 0 2420
1512278881.38 0 1970
1512278881.48 0 1510
1512278881.58 0 1910
1512278881.68 0 2090
1512278881.78 0 2090
1512278881.88 0 2200
1512278881.98 0 2250
1512278882.08 0 2360
1512278882.18 0 2310
1512278882.28 0 2410
1512278882.38 0 2360
1512278882.48 0 2260
1512278882.58 0 2260
1512278882.68 0 2140
1512278882.78 0 2300
1512278882.88 0 2310
1512278882.98 0 2360
1512278883.08 0 2420
1512278883.18 0 2360
1512278883.29 0 2540
1512278883.39 0 2200
1512278883.49 0 2410
1512278883.6 0 2530
1512278883.69 0 2200
1512278883.79 0 2310
1512278883.89 0 2310
1512278884.0 0 2480
1512278884.09 0 2090
1512278884.19 0 2300
1512278884.29 0 2370
1512278884.39 0 2420
1512278884.49 0 2310
1512278884.59 0 2370
1512278884.69 0 2260
1512278884.79 0 2140
1512278884.89 0 2250
1512278884.99 0 2360
1512278885.09 0 2420
1512278885.19 0 2370
1512278885.29 0 2360
1512278885.39 0 2270
1512278885.5 0 2140
1512278885.59 0 2190
1512278885.69 0 2310
1512278885.79 0 2420
1512278885.9 0 2360
1512278885.99 0 2370
1512278886.09 0 2370
1512278886.19 0 2260
1512278886.29 0 2250
1512278886.39 0 2310
1512278886.49 0 2360
1512278886.59 0 2310
1512278886.7 0 2530
1512278886.8 0 2420
1512278886.9 0 2160
1512278886.99 0 2200
1512278887.11 0 2580
1512278887.2 0 2090
1512278887.3 0 2420
1512278887.4 0 2420
1512278887.51 0 2480
1512278887.61 0 2260
1512278887.71 0 2260
1512278887.81 0 2190
1512278887.91 0 2410
1512278888.02 0 2430
1512278888.12 0 2420
1512278888.2 0 2030
1512278888.3 0 2370
1512278888.4 0 2320
1512278888.5 0 2140
1512278888.6 0 2300
1512278888.7 0 2370
1512278888.8 0 2420
1512278888.91 0 2360
1512278889.01 0 2370
1512278889.1 0 2220
1512278889.2 0 2020
1512278889.31 0 2200
1512278889.41 0 2300
1512278889.51 0 2310
1512278889.6 0 2370
1512278889.71 0 2420
1512278889.81 0 2310
1512278889.91 0 2320
1512278890.01 0 2020
1512278890.11 0 2140
1512278890.21 0 2310
1512278890.31 0 2360
1512278890.41 0 2530
1512278890.51 0 2310
1512278890.61 0 2420
1512278890.71 0 2220
1512278890.82 0 1970
1512278890.92 0 2030
1512278891.02 0 2200
1512278891.12 0 2360
1512278891.22 0 2250
1512278891.33 0 2420
1512278891.43 0 2420
1512278891.53 0 2420
1512278891.63 0 2470
1512278891.73 0 2210
1512278891.84 0 2200
1512278891.93 0 2140
1512278892.04 0 2310
1512278892.13 0 2420
1512278892.24 0 2530
1512278892.33 0 2200
1512278892.43 0 2420
1512278892.53 0 2160
1512278892.63 0 1970
1512278892.73 0 2190
1512278892.83 0 2310
1512278892.94 0 2260
1512278893.04 0 2050
1512278893.14 0 1920
1512278893.24 0 1990
1512278893.34 0 1950
1512278893.44 0 1770
1512278893.54 0 1710
1512278893.64 0 1090
1512278893.74 0 480
1512278893.84 0 710
1512278893.94 0 770
1512278894.04 0 830
1512278894.14 0 880
1512278894.24 0 820
1512278894.34 0 940
1512278894.44 0 930
1512278894.54 0 1040
1512278894.64 0 1040
1512278894.74 0 1210
1512278894.84 0 1310
1512278894.94 0 1480
1512278895.04 0 1530
1512278895.14 0 1700
1512278895.25 0 1760
1512278895.35 0 1700
1512278895.45 0 1690
1512278895.56 0 2030
1512278895.65 0 1690
1512278895.75 0 1080
1512278895.85 0 900
1512278895.95 0 1260
1512278896.05 0 1260
1512278896.15 0 1310
1512278896.25 0 1310
1512278896.35 0 1360
1512278896.45 0 1470
1512278896.55 0 1470
1512278896.65 0 1580
1512278896.75 0 1580
1512278896.85 0 1750
1512278896.95 0 1580
1512278897.05 0 1690
1512278897.15 0 1690
1512278897.25 0 1950
1512278897.35 0 1700
1512278897.45 0 920
1512278897.55 0 790
1512278897.65 0 1090
1512278897.75 0 1250
1512278897.85 0 1270
1512278897.95 0 1260
1512278898.05 0 1260
1512278898.15 0 1300
1512278898.25 0 1480
1512278898.35 0 1530
1512278898.45 0 1640
1512278898.55 0 1590
1512278898.65 0 1750
1512278898.75 0 1590
1512278898.86 0 1640
1512278898.95 0 1640
1512278899.05 0 1500
1512278899.16 0 1990
1512278899.25 0 740
1512278899.35 0 430
1512278899.47 0 760
1512278899.55 0 610
1512278899.65 0 660
1512278899.75 0 770
1512278899.85 0 710
1512278899.95 0 770
1512278900.05 0 770
1512278900.15 0 820
1512278900.26 0 990
1512278900.35 0 930
1512278900.45 0 1140
1512278900.55 0 1260
1512278900.65 0 1370
1512278900.76 0 1530
1512278900.86 0 1640
1512278900.96 0 1590
1512278901.06 0 1590
1512278901.16 0 2000
1512278901.26 0 1940
1512278901.36 0 1650
1512278901.46 0 1700
1512278901.57 0 1690
1512278901.66 0 1450
1512278901.76 0 1320
1512278901.86 0 1370
1512278901.96 0 1260
1512278902.06 0 1370
1512278902.16 0 1430
1512278902.26 0 1480
1512278902.36 0 1540
1512278902.46 0 1540
1512278902.56 0 1640
1512278902.66 0 1700
1512278902.76 0 1650
1512278902.86 0 1650
1512278902.96 0 1860
1512278903.06 0 1910
1512278903.16 0 1940
1512278903.26 0 1660
1512278903.36 0 1810
1512278903.46 0 1290
1512278903.56 0 940
1512278903.66 0 870
1512278903.76 0 990
1512278903.86 0 940
1512278903.96 0 1050
1512278904.06 0 990
1512278904.16 0 990
1512278904.26 0 1040
1512278904.36 0 1100
1512278904.46 0 1310
1512278904.56 0 1380
1512278904.66 0 1470
1512278904.77 0 1650
1512278904.87 0 1640
1512278904.97 0 1650
1512278905.06 0 1640
1512278905.17 0 1760
1512278905.27 0 1650
1512278905.37 0 1600
1512278905.46 0 1710
1512278905.57 0 1360
1512278905.67 0 490
1512278905.77 0 480
1512278905.87 0 660
1512278905.97 0 670
1512278906.07 0 550
1512278906.17 0 610
1512278906.27 0 600
1512278906.37 0 720
1512278906.47 0 710
1512278906.57 0 760
1512278906.67 0 880
1512278906.77 0 880
1512278906.87 0 1090
1512278906.97 0 1150
1512278907.07 0 1260
1512278907.17 0 1420
1512278907.27 0 1420
1512278907.37 0 1640
1512278907.47 0 1800
1512278907.57 0 1920
1512278907.67 0 1700
1512278907.77 0 1760
1512278907.88 0 1750
1512278907.98 0 1640
1512278908.08 0 1600
1512278908.18 0 1580
1512278908.28 0 770
1512278908.38 0 460
1512278908.48 0 770
1512278908.58 0 770
1512278908.68 0 770
1512278908.79 0 880
1512278908.89 0 770
1512278908.99 0 880
1512278909.08 0 710
1512278909.18 0 980
1512278909.28 0 1100
1512278909.38 0 1150
1512278909.48 0 1200
1512278909.58 0 1260
1512278909.68 0 1420
1512278909.78 0 1640
1512278909.88 0 1790
1512278909.98 0 1980
1512278910.08 0 1870
1512278910.18 0 1640
1512278910.28 0 1700
1512278910.38 0 1750
1512278910.48 0 1590
1512278910.58 0 1770
1512278910.68 0 1170
1512278910.78 0 540
1512278910.88 0 360
1512278910.98 0 490
1512278911.09 0 660
1512278911.19 0 670
1512278911.29 0 660
1512278911.39 0 550
1512278911.48 0 660
1512278911.58 0 710
1512278911.68 0 660
1512278911.79 0 820
1512278911.89 0 930
1512278911.99 0 1040
1512278912.09 0 1150
1512278912.19 0 1250
1512278912.29 0 1320
1512278912.39 0 1580
1512278912.49 0 1640
1512278912.59 0 1700
1512278912.7 0 1750
1512278912.8 0 1700
1512278912.9 0 1690
1512278913.0 0 1590
1512278913.1 0 1600
1512278913.21 0 1840
1512278913.31 0 1310
1512278913.39 0 210
1512278913.49 0 360
1512278913.59 0 610
1512278913.69 0 560
1512278913.79 0 560
1512278913.89 0 550
1512278913.99 0 500
1512278914.09 0 610
1512278914.19 0 600
1512278914.29 0 660
1512278914.39 0 780
1512278914.49 0 770
1512278914.59 0 930
1512278914.69 0 1000
1512278914.8 0 1100
1512278914.9 0 1210
1512278914.99 0 1320
1512278915.09 0 1380
1512278915.2 0 1650
1512278915.29 0 1600
1512278915.39 0 1710
1512278915.5 0 1770
1512278915.6 0 1760
1512278915.7 0 1910
1512278915.8 0 1820
1512278915.9 0 1910
1512278916.0 0 900
1512278916.1 0 580
1512278916.2 0 1110
1512278916.3 0 1060
1512278916.41 0 1120
1512278916.5 0 830
1512278916.61 0 1060
1512278916.7 0 820
1512278916.81 0 1110
1512278916.91 0 1160
1512278917.02 0 1430
1512278917.12 0 1220
1512278917.21 0 1260
1512278917.31 0 1430
1512278917.41 0 1650
1512278917.51 0 1710
1512278917.61 0 1810
1512278917.71 0 1910
1512278917.81 0 2010
1512278917.91 0 1650
1512278918.01 0 1810
1512278918.11 0 1550
1512278918.21 0 1790
1512278918.31 0 1040
1512278918.41 0 930
1512278918.51 0 1150
1512278918.61 0 1170
1512278918.71 0 1210
1512278918.81 0 1320
1512278918.91 0 1210
1512278919.01 0 1320
1512278919.11 0 1320
1512278919.21 0 1480
1512278919.31 0 1590
1512278919.41 0 1650
1512278919.51 0 1800
1512278919.61 0 1870
1512278919.71 0 1880
1512278919.81 0 1700
1512278919.91 0 1760
1512278920.01 0 1760
1512278920.11 0 1590
1512278920.21 0 1760
1512278920.32 0 1940
1512278920.42 0 670
1512278920.52 0 410
1512278920.62 0 480
1512278920.72 0 720
1512278920.83 0 720
1512278920.92 0 660
1512278921.02 0 660
1512278921.12 0 720
1512278921.22 0 710
1512278921.32 0 820
1512278921.42 0 820
1512278921.52 0 930
1512278921.62 0 990
1512278921.72 0 1200
1512278921.82 0 1200
1512278921.92 0 1480
1512278922.02 0 1530
1512278922.12 0 1580
1512278922.22 0 1760
1512278922.32 0 1750
1512278922.42 0 1950
1512278922.52 0 1940
1512278922.62 0 1600
1512278922.72 0 1930
1512278922.82 0 910
1512278922.92 0 1320
1512278923.02 0 1320
1512278923.12 0 1320
1512278923.23 0 1210
1512278923.32 0 1210
1512278923.43 0 1260
1512278923.53 0 1260
1512278923.63 0 1370
1512278923.73 0 1420
1512278923.83 0 1530
1512278923.93 0 1650
1512278924.04 0 1810
1512278924.14 0 1850
1512278924.24 0 1920
1512278924.34 0 1930
1512278924.43 0 1650
1512278924.53 0 1700
1512278924.63 0 1550
1512278924.73 0 1940
1512278924.83 0 1450
1512278924.93 0 620
1512278925.03 0 530
1512278925.13 0 770
1512278925.23 0 830
1512278925.33 0 770
1512278925.43 0 880
1512278925.53 0 880
1512278925.63 0 1040
1512278925.73 0 1040
1512278925.83 0 1200
1512278925.93 0 1370
1512278926.04 0 1480
1512278926.14 0 1750
1512278926.24 0 1800
1512278926.33 0 2020
1512278926.43 0 2290
1512278926.54 0 2410
1512278926.64 0 2470
1512278926.74 0 2300
1512278926.84 0 2350
1512278926.94 0 2000
1512278927.04 0 1970
1512278927.14 0 1620
1512278927.24 0 1920
1512278927.34 0 1970
1512278927.44 0 2090
1512278927.54 0 1860
1512278927.64 0 2140
1512278927.74 0 2080
1512278927.84 0 2300
1512278927.94 0 2300
1512278928.04 0 2410
1512278928.14 0 2360
1512278928.25 0 2470
1512278928.35 0 2260
1512278928.45 0 2200
1512278928.54 0 2190
1512278928.64 0 2080
1512278928.74 0 2360
1512278928.84 0 2420
1512278928.94 0 2360
1512278929.04 0 2310
1512278929.13 0 2310
1512278929.24 0 2370
1512278929.34 0 2240
1512278929.44 0 2420
1512278929.54 0 2310
1512278929.64 0 2420
1512278929.74 0 2310
1512278929.84 0 2480
1512278929.94 0 2200
1512278930.04 0 2410
1512278930.14 0 2250
1512278930.24 0 2480
1512278930.34 0 2310
1512278930.44 0 2420
1512278930.54 0 2320
1512278930.65 0 2310
1512278930.74 0 2080
1512278930.85 0 2530
1512278930.94 0 2310
1512278931.05 0 2530
1512278931.15 0 2200
1512278931.25 0 2430
1512278931.35 0 2090
1512278931.45 0 2190
1512278931.55 0 2360
1512278931.64 0 2260
1512278931.75 0 2310
1512278931.84 0 2420
1512278931.95 0 2370
1512278932.05 0 2360
1512278932.15 0 2260
1512278932.25 0 2250
1512278932.35 0 2310
1512278932.45 0 2420
1512278932.55 0 2420
1512278932.65 0 2310
1512278932.75 0 2420
1512278932.85 0 2310
1512278932.95 0 2310
1512278933.05 0 2130
1512278933.15 0 2540
1512278933.25 0 2310
1512278933.35 0 2360
1512278933.45 0 2320
1512278933.55 0 2320
1512278933.65 0 2140
1512278933.75 0 2360
1512278933.85 0 2250
1512278933.95 0 2480
1512278934.05 0 2420
1512278934.15 0 2310
1512278934.25 0 2200
1512278934.35 0 2430
1512278934.46 0 2360
1512278934.56 0 2360
1512278934.66 0 2420
1512278934.76 0 2210
1512278934.86 0 2420
1512278934.96 0 2220
1512278935.06 0 1640
1512278935.16 0 2140
1512278935.26 0 2250
1512278935.36 0 2090
1512278935.46 0 2360
1512278935.56 0 2360
1512278935.66 0 2430
1512278935.76 0 2360
1512278935.86 0 2260
1512278935.96 0 2420
1512278936.06 0 2150
1512278936.16 0 2250
1512278936.26 0 2360
1512278936.36 0 2360
1512278936.46 0 2370
1512278936.56 0 2310
1512278936.66 0 2360
1512278936.76 0 2320
1512278936.86 0 2200
1512278936.96 0 2310
1512278937.06 0 2250
1512278937.16 0 2420
1512278937.26 0 2420
1512278937.36 0 2310
1512278937.46 0 2210
1512278937.56 0 2140
1512278937.66 0 2300
1512278937.76 0 2310
1512278937.86 0 2420
1512278937.97 0 2530
1512278938.06 0 2200
1512278938.17 0 2530
1512278938.27 0 2260
1512278938.37 0 2250
1512278938.46 0 2250
1512278938.57 0 2420
1512278938.66 0 2310
1512278938.77 0 2370
1512278938.87 0 2420
1512278938.97 0 2200
1512278939.07 0 2140
1512278939.17 0 2310
1512278939.27 0 2190
1512278939.37 0 2480
1512278939.47 0 2260
1512278939.57 0 2430
1512278939.67 0 2200
1512278939.77 0 2300
1512278939.87 0 2420
1512278939.97 0 2310
1512278940.07 0 2420
1512278940.17 0 2420
1512278940.27 0 2210
1512278940.37 0 2090
1512278940.47 0 2190
1512278940.57 0 2370
1512278940.67 0 2310
1512278940.77 0 2360
1512278940.87 0 2480
1512278940.97 0 2310
1512278941.07 0 2310
1512278941.17 0 2360
1512278941.27 0 2420
1512278941.38 0 2420
1512278941.47 0 2270
1512278941.58 0 2200
1512278941.68 0 2080
1512278941.77 0 2140
1512278941.87 0 2260
1512278941.98 0 2410
1512278942.08 0 2370
1512278942.17 0 2310
1512278942.28 0 2540
1512278942.38 0 2030
1512278942.48 0 2030
1512278942.58 0 2090
1512278942.68 0 2300
1512278942.78 0 2370
1512278942.88 0 2420
1512278942.98 0 2420
1512278943.08 0 2310
1512278943.18 0 2310
1512278943.28 0 2150
1512278943.38 0 2040
1512278943.48 0 2140
1512278943.59 0 2300
1512278943.68 0 2310
1512278943.78 0 2420
1512278943.89 0 2420
1512278943.99 0 2420
1512278944.09 0 2310
1512278944.19 0 2260
1512278944.29 0 2200
1512278944.39 0 2030
1512278944.49 0 2250
1512278944.58 0 2250
1512278944.69 0 2370
1512278944.79 0 2420
1512278944.89 0 2360
1512278944.99 0 2320
1512278945.09 0 2090
1512278945.19 0 1920
1512278945.29 0 2080
1512278945.39 0 2200
1512278945.49 0 2360
1512278945.59 0 2310
1512278945.7 0 2530
1512278945.79 0 2310
1512278945.89 0 2360
1512278946.0 0 2420
1512278946.11 0 2150
1512278946.2 0 1980
1512278946.29 0 2030
1512278946.39 0 2360
1512278946.49 0 2250
1512278946.6 0 2420
1512278946.69 0 2190
1512278946.79 0 2370
1512278946.89 0 2420
1512278946.99 0 2360
1512278947.09 0 2260
1512278947.2 0 2470
1512278947.29 0 2310
1512278947.39 0 2310
1512278947.49 0 2420
1512278947.6 0 2540
1512278947.7 0 1990
1512278947.8 0 1920
1512278947.89 0 2030
1512278947.99 0 2250
1512278948.1 0 2310
1512278948.2 0 2360
1512278948.3 0 2420
1512278948.4 0 2420
1512278948.5 0 2310
1512278948.61 0 2540
1512278948.7 0 2120
1512278948.8 0 1570
1512278948.9 0 1920
1512278949.0 0 1980
1512278949.1 0 2080
1512278949.21 0 2370
1512278949.31 0 2140
1512278949.41 0 2140
1512278949.51 0 2300
1512278949.61 0 2420
1512278949.71 0 2360
1512278949.81 0 2540
1512278949.91 0 2090
1512278950.01 0 2090
1512278950.11 0 2080
1512278950.21 0 2140
1512278950.31 0 2360
1512278950.41 0 2310
1512278950.51 0 2420
1512278950.61 0 2310
1512278950.71 0 2480
1512278950.81 0 2310
1512278950.91 0 2150
1512278951.01 0 2190
1512278951.11 0 2250
1512278951.21 0 2310
1512278951.31 0 2420
1512278951.41 0 2420
1512278951.51 0 2310
1512278951.61 0 2320
1512278951.71 0 2030
1512278951.81 0 2140
1512278951.91 0 2190
1512278952.01 0 2420
1512278952.12 0 2420
1512278952.22 0 2530
1512278952.32 0 2250
1512278952.42 0 2310
1512278952.52 0 2590
1512278952.62 0 2260
1512278952.73 0 2250
1512278952.83 0 2360
1512278952.93 0 2420
1512278953.03 0 2310
1512278953.13 0 2420
1512278953.23 0 2210
1512278953.33 0 2030
1512278953.43 0 2090
1512278953.53 0 2190
1512278953.63 0 2360
1512278953.73 0 2200
1512278953.83 0 2470
1512278953.94 0 2480
1512278954.04 0 2420
1512278954.14 0 2200
1512278954.24 0 2150
1512278954.34 0 2250
1512278954.44 0 2300
1512278954.54 0 2370
1512278954.64 0 2360
1512278954.74 0 2370
1512278954.84 0 2470
1512278954.94 0 2210
1512278955.04 0 2190
1512278955.14 0 2250
1512278955.24 0 2360
1512278955.34 0 2420
1512278955.44 0 2420
1512278955.54 0 2310
1512278955.64 0 2370
1512278955.74 0 2150
1512278955.84 0 2140
1512278955.94 0 2360
1512278956.04 0 2310
1512278956.14 0 2420
1512278956.24 0 2360
1512278956.34 0 2420
1512278956.44 0 2360
1512278956.54 0 2370
1512278956.64 0 2210
1512278956.74 0 2090
1512278956.84 0 2090
1512278956.95 0 2190
1512278957.05 0 2310
1512278957.15 0 2360
1512278957.25 0 2250
1512278957.35 0 2420
1512278957.45 0 2370
1512278957.55 0 2310
1512278957.65 0 2470
1512278957.76 0 2320
1512278957.86 0 2250
1512278957.96 0 2250
1512278958.05 0 2310
1512278958.15 0 2360
1512278958.25 0 2370
1512278958.35 0 2370
1512278958.45 0 2210
1512278958.55 0 2090
1512278958.65 0 2190
1512278958.75 0 2250
1512278958.85 0 2420
1512278958.95 0 2360
1512278959.05 0 2370
1512278959.15 0 2420
1512278959.25 0 2260
1512278959.35 0 2090
1512278959.46 0 2140
1512278959.55 0 2140
1512278959.65 0 2360
1512278959.75 0 2420
1512278959.86 0 2360
1512278959.95 0 2370
1512278960.06 0 2420
1512278960.16 0 2260
1512278960.26 0 2260
1512278960.36 0 2140
1512278960.46 0 2250
1512278960.56 0 2420
1512278960.66 0 2360
1512278960.76 0 2590
1512278960.86 0 2200
1512278960.96 0 2270
1512278961.06 0 2140
1512278961.16 0 2360
1512278961.27 0 2470
1512278961.36 0 2310
1512278961.46 0 2370
1512278961.56 0 2260
1512278961.66 0 2310
1512278961.76 0 2030
1512278961.86 0 2090
1512278961.96 0 2300
1512278962.06 0 2310
1512278962.16 0 2420
1512278962.26 0 2360
1512278962.36 0 2370
1512278962.46 0 2320
1512278962.56 0 2100
1512278962.66 0 1860
1512278962.76 0 2080
1512278962.86 0 2090
1512278962.96 0 2310
1512278963.06 0 2250
1512278963.16 0 2420
1512278963.26 0 2360
1512278963.36 0 2420
1512278963.46 0 2310
1512278963.56 0 2270
1512278963.66 0 2000
1512278963.76 0 1570
1512278963.87 0 2190
1512278963.96 0 1870
1512278964.07 0 2200
1512278964.17 0 2250
1512278964.27 0 2360
1512278964.37 0 2360
1512278964.47 0 2530
1512278964.57 0 2250
1512278964.67 0 2420
1512278964.77 0 2120
1512278964.87 0 1610
1512278964.97 0 1390
1512278965.07 0 1870
1512278965.17 0 1980
1512278965.27 0 1980
1512278965.37 0 2140
1512278965.47 0 2200
1512278965.57 0 2250
1512278965.67 0 2300
1512278965.77 0 2420
1512278965.87 0 2360
1512278965.97 0 2420
1512278966.07 0 1960
1512278966.17 0 1690
1512278966.27 0 1570
1512278966.37 0 1920
1512278966.47 0 1980
1512278966.57 0 2090
1512278966.67 0 2140
1512278966.77 0 2250
1512278966.87 0 2300
1512278966.97 0 2360
1512278967.08 0 2360
1512278967.18 0 2370
1512278967.28 0 2360
1512278967.38 0 1970
1512278967.48 0 1340
1512278967.58 0 1750
1512278967.68 0 1920
1512278967.77 0 1870
1512278967.87 0 2030
1512278967.98 0 2030
1512278968.08 0 2140
1512278968.18 0 2250
1512278968.28 0 2410
1512278968.39 0 2420
1512278968.49 0 2250
1512278968.6 0 2640
1512278968.7 0 2060
1512278968.8 0 1990
1512278968.89 0 1520
1512278968.99 0 1920
1512278969.09 0 2030
1512278969.18 0 1980
1512278969.28 0 2140
1512278969.38 0 2140
1512278969.48 0 2360
1512278969.58 0 2360
1512278969.68 0 2310
1512278969.78 0 2420
1512278969.88 0 2360
1512278969.98 0 1960
1512278970.08 0 1640
1512278970.18 0 1690
1512278970.28 0 1920
1512278970.38 0 2090
1512278970.48 0 2090
1512278970.58 0 2030
1512278970.68 0 2250
1512278970.79 0 2410
1512278970.88 0 2310
1512278970.99 0 2420
1512278971.09 0 2470
1512278971.19 0 2160
1512278971.28 0 1990
1512278971.38 0 1800
1512278971.49 0 2140
1512278971.59 0 2190
1512278971.69 0 2310
1512278971.79 0 2360
1512278971.89 0 2420
1512278971.99 0 2420
1512278972.1 0 2420
1512278972.19 0 2250
1512278972.29 0 2320
1512278972.39 0 1920
1512278972.49 0 1970
1512278972.59 0 2200
1512278972.69 0 2250
1512278972.79 0 2360
1512278972.9 0 2420
1512278972.99 0 2310
1512278973.1 0 2470
1512278973.2 0 2370
1512278973.3 0 2360
1512278973.4 0 2260
1512278973.5 0 2250
1512278973.6 0 2360
1512278973.7 0 2420
1512278973.8 0 2360
1512278973.9 0 2370
1512278974.0 0 2310
1512278974.1 0 2210
1512278974.2 0 2190
1512278974.3 0 2310
1512278974.4 0 2360
1512278974.5 0 2320
1512278974.6 0 2410
1512278974.7 0 2370
1512278974.81 0 2370
1512278974.9 0 2090
1512278975.0 0 2140
1512278975.1 0 2310
1512278975.21 0 2470
1512278975.3 0 2370
1512278975.4 0 2310
1512278975.51 0 2530
1512278975.61 0 2100
1512278975.71 0 2250
1512278975.81 0 2140
1512278975.91 0 2530
1512278976.01 0 2420
1512278976.12 0 2470
1512278976.21 0 2150
1512278976.3 0 2260
1512278976.41 0 2150
1512278976.51 0 1970
1512278976.61 0 2140
1512278976.71 0 2360
1512278976.81 0 2360
1512278976.91 0 2480
1512278977.01 0 2360
1512278977.11 0 2310
1512278977.21 0 2370
1512278977.31 0 2200
1512278977.41 0 2200
1512278977.51 0 2140
1512278977.61 0 2470
1512278977.71 0 2310
1512278977.81 0 2360
1512278977.91 0 2320
1512278978.01 0 2150
1512278978.11 0 2190
1512278978.21 0 2250
1512278978.31 0 2420
1512278978.41 0 2360
1512278978.51 0 2480
1512278978.61 0 2260
1512278978.71 0 2200
1512278978.81 0 2140
1512278978.92 0 2350
1512278979.01 0 2260
1512278979.12 0 2370
1512278979.21 0 2360
1512278979.31 0 2360
1512278979.41 0 2320
1512278979.52 0 2090
1512278979.61 0 2030
1512278979.72 0 2410
1512278979.82 0 2200
1512278979.92 0 2420
1512278980.02 0 2420
1512278980.12 0 2310
1512278980.22 0 2420
1512278980.32 0 2260
1512278980.42 0 2090
1512278980.52 0 2080
1512278980.62 0 2200
1512278980.72 60 2300
1512278980.82 0 2370
1512278980.92 0 2360
1512278981.02 0 2370
1512278981.12 0 2470
1512278981.22 0 2360
1512278981.32 0 2270
1512278981.42 0 2190
1512278981.52 0 2250
1512278981.62 0 2420
1512278981.72 0 2420
1512278981.82 0 2420
1512278981.93 0 2420
1512278982.03 0 2260
1512278982.12 0 2210
1512278982.23 0 2190
1512278982.33 0 2300
1512278982.43 0 2420
1512278982.53 0 2370
1512278982.63 0 2530
1512278982.73 0 2370
1512278982.83 0 2210
1512278982.93 0 2030
1512278983.04 0 2240
1512278983.13 0 2150
1512278983.24 0 2470
1512278983.34 0 2420
1512278983.44 0 2420
1512278983.54 0 2420
1512278983.64 0 2320
1512278983.74 0 1870
1512278983.83 0 1910
1512278983.94 0 2140
1512278984.04 0 2360
1512278984.14 0 2310
1512278984.24 0 2420
1512278984.34 0 2420
1512278984.43 0 2250
1512278984.54 0 2420
1512278984.64 0 2270
1512278984.74 0 2140
1512278984.84 0 2140
1512278984.94 0 2250
1512278985.04 0 2310
1512278985.13 0 2200
1512278985.23 0 2420
1512278985.33 0 2310
1512278985.43 0 2360
1512278985.53 0 2270
1512278985.63 0 2030
1512278985.73 0 2140
1512278985.83 0 2250
1512278985.93 0 2310
1512278986.03 0 2420
1512278986.14 0 2470
1512278986.24 0 2310
1512278986.34 0 2420
1512278986.44 0 2270
1512278986.54 0 2090
1512278986.64 0 2020
1512278986.74 0 2250
1512278986.86 0 2640
1512278986.96 0 2310
1512278987.06 0 2420
1512278987.14 0 2090
1512278987.24 0 2310
1512278987.34 0 2310
1512278987.44 0 2210
1512278987.54 0 2140
1512278987.64 0 2250
1512278987.74 0 2360
1512278987.84 0 2420
1512278987.94 0 2420
1512278988.04 0 2310
1512278988.14 0 2370
1512278988.25 0 2210
1512278988.34 0 1920
1512278988.45 0 2140
1512278988.55 0 2140
1512278988.65 0 2310
1512278988.74 0 2360
1512278988.84 0 2360
1512278988.95 0 2480
1512278989.05 0 2310
1512278989.15 0 2540
1512278989.25 0 2040
1512278989.35 0 2300
1512278989.45 0 2140
1512278989.55 0 2420
1512278989.65 0 2310
1512278989.75 0 2420
1512278989.86 0 2530
1512278989.96 0 2320
1512278990.06 0 1970
1512278990.16 0 2250
1512278990.26 0 2140
1512278990.37 0 2360
1512278990.46 0 2420
1512278990.56 0 2310
1512278990.66 0 2310
1512278990.76 0 2310
1512278990.86 0 2170
1512278990.96 0 1800
1512278991.06 0 1970
1512278991.16 0 2090
1512278991.26 0 2200
1512278991.36 0 2250
1512278991.46 0 2360
1512278991.56 0 2420
1512278991.66 0 2420
1512278991.76 0 2360
1512278991.86 0 2310
1512278991.96 0 2180
1512278992.06 0 1630
1512278992.16 0 1920
1512278992.26 0 2030
1512278992.36 0 2140
1512278992.46 0 2200
1512278992.56 0 2360
1512278992.66 0 2360
1512278992.76 0 2310
1512278992.86 0 2420
1512278992.96 0 2310
1512278993.06 0 2370
1512278993.16 0 2210
1512278993.26 0 2030
1512278993.37 0 2140
1512278993.47 0 2190
1512278993.57 0 2420
1512278993.68 0 2440
1512278993.78 0 1320
1512278993.88 0 1200
1512278993.98 0 1320
1512278994.08 0 1380
1512278994.18 0 1200
1512278994.28 0 1260
1512278994.38 0 1500
1512278994.49 0 1620
1512278994.58 0 1560
1512278994.69 0 1860
1512278994.8 0 1800
1512278994.9 0 1980
1512278994.99 0 1860
1512278995.09 0 2100
1512278995.19 0 2160
1512278995.29 0 2280
1512278995.39 0 2340
1512278995.49 0 2280
1512278995.59 0 2460
1512278995.69 0 2400
1512278995.79 0 2580
1512278995.89 0 2460
1512278995.99 0 2520
1512278996.09 0 2520
1512278996.19 0 2460
1512278996.29 0 2460
1512278996.39 0 2340
1512278996.5 0 2520
1512278996.59 0 2340
1512278996.69 0 2580
1512278996.79 0 2580
1512278996.89 0 2400
1512278996.99 0 2460
1512278997.09 0 2460
1512278997.19 0 2520
1512278997.3 0 2580
1512278997.4 0 2460
1512278997.5 0 2400
1512278997.61 0 2580
1512278997.71 0 2580
1512278997.8 0 2340
1512278997.9 0 2460
1512278998.0 0 2580
1512278998.1 0 2460
1512278998.21 0 2520
1512278998.31 0 2280
1512278998.4 0 2520
1512278998.51 0 2640
1512278998.61 0 2400
1512278998.7 0 2160
1512278998.79 0 2400
1512278998.89 0 2460
1512278999.0 0 2580
1512278999.09 0 2460
1512278999.2 0 2460
1512278999.29 0 2460
1512278999.39 0 2400
1512278999.49 0 2520
1512278999.59 0 2460
1512278999.69 0 2460
1512278999.8 0 2520
1512278999.9 0 2460
1512279000.0 0 2460
1512279000.1 0 2460
1512279000.2 0 2460
1512279000.3 0 2460
1512279000.39 0 2400
1512279000.5 0 2580
1512279000.6 0 2400
1512279000.7 0 2460
1512279000.8 0 2520
1512279000.9 0 2580
1512279001.0 0 2460
1512279001.1 0 2400
1512279001.2 0 2580
1512279001.3 0 2340
1512279001.4 0 2460
1512279001.5 0 2520
1512279001.6 0 2580
1512279001.7 0 2400
1512279001.8 0 2280
1512279001.9 0 2640
1512279002.0 0 2400
1512279002.1 0 2460
1512279002.2 0 2460
1512279002.3 0 2520
1512279002.4 0 2460
1512279002.5 0 2460
1512279002.6 0 2520
1512279002.7 0 2400
1512279002.8 0 2400
1512279002.9 0 2520
1512279003.0 0 2520
1512279003.1 0 2520
1512279003.2 0 2400
1512279003.3 0 2460
1512279003.4 0 2460
1512279003.5 0 2520
1512279003.6 0 2460
1512279003.7 0 2460
1512279003.8 0 2460
1512279003.9 0 2400
1512279004.01 0 2040
1512279004.1 0 0
1512279004.21 0 0
1512279004.31 0 0
1512279004.41 0 0
1512279004.51 0 0
1512279004.61 0 0
1512279004.71 0 0
1512279004.81 0 0
1512279004.91 0 0
1512279005.01 0 0
1512279005.11 0 0
1512279005.21 0 0
1512279005.31 0 0
1512279005.41 0 0
1512279005.51 0 0
1512279005.61 0 0
1512279005.71 0 0
1512279005.81 0 0
1512279005.91 0 0
1512279006.01 0 0
1512279006.11 0 0
1512279006.21 0 0
1512279006.31 0 0
1512279006.41 0 0
1512279006.51 0 0
1512279006.61 0 0
1512279006.71 0 0
1512279006.81 0 0
1512279006.91 0 0
1512279007.01 0 0
1512279007.11 0 0
1512279007.21 0 0
1512279007.31 0 0
1512279007.41 0 0
1512279007.51 0 0
1512279007.61 0 0
1512279007.71 0 0
1512279007.81 0 0
1512279007.91 0 0
1512279008.01 0 0
1512279008.12 0 0
1512279008.21 0 0
1512279008.32 0 0
1512279008.41 0 0
1512279008.51 0 0
1512279008.62 0 0
1512279008.72 0 0
1512279008.82 0 0
1512279008.92 0 0
1512279009.02 0 0
1512279009.12 0 0
1512279009.22 0 0
1512279009.32 0 0
1512279009.42 0 0
1512279009.52 0 0
1512279009.62 0 0
1512279009.72 0 0
1512279009.82 0 0
1512279009.92 0 0
1512279010.02 0 0
1512279010.12 0 0
1512279010.22 0 0
1512279010.32 0 0
1512279010.42 0 0
1512279010.52 0 0
1512279010.62 0 0
1512279010.72 0 0
1512279010.82 0 0
1512279010.92 0 0
1512279011.02 0 0
1512279011.13 0 0
1512279011.23 0 0
1512279011.33 0 0
1512279011.42 0 0
1512279011.52 0 0
1512279011.62 0 0
1512279011.72 0 0
1512279011.82 0 0
1512279011.92 0 0
1512279012.03 0 0
1512279012.13 0 0
1512279012.23 0 0
1512279012.33 0 0
1512279012.43 0 0
1512279012.53 0 0
1512279012.63 0 0
1512279012.73 0 0
1512279012.83 0 0
1512279012.93 0 0
1512279013.03 0 0
1512279013.13 0 0
1512279013.23 0 0
1512279013.33 0 0
1512279013.43 0 0
1512279013.53 0 0
1512279013.63 0 0
1512279013.73 0 0
1512279013.83 0 0
1512279013.93 0 0
1512279014.03 0 0
1512279014.14 0 0
1512279014.23 0 0
1512279014.33 0 0
1512279014.47 0 0
1512279014.54 0 0
1512279014.64 0 0
1512279014.75 0 0
1512279014.85 0 0
1512279014.95 0 0
1512279015.05 0 0
1512279015.15 0 0
1512279015.24 0 0
1512279015.35 0 0
1512279015.45 0 0
1512279015.55 0 0
