1516099179.56 0 0 0 0
1516099179.66 0 0 0 0
1516099179.76 0 0 0 0
1516099179.86 0 0 0 0
1516099179.96 0 0 0 0
1516099180.07 0 0 0 0
1516099180.17 0 0 0 0
1516099180.27 0 0 0 0
1516099180.36 0 0 0 0
1516099180.46 0 0 0 0
1516099180.57 0 0 0 0
1516099180.67 0 0 0 0
1516099180.77 0 0 0 0
1516099180.87 0 0 0 0
1516099180.97 0 0 0 0
1516099181.07 0 0 0 0
1516099181.17 0 0 0 0
1516099181.27 0 0 0 0
1516099181.37 0 0 0 0
1516099181.47 0 0 0 0
1516099181.57 0 0 0 0
1516099181.67 0 0 0 0
1516099181.77 0 0 0 0
1516099181.87 0 0 0 0
1516099181.97 0 0 0 0
1516099182.07 0 0 0 0
1516099182.17 0 0 0 0
1516099182.27 0 0 0 0
1516099182.37 0 0 0 0
1516099182.47 0 0 0 0
1516099182.57 0 0 0 0
1516099182.67 0 0 0 0
1516099182.77 0 0 0 0
1516099182.87 0 0 0 0
1516099182.97 0 0 0 0
1516099183.07 0 0 0 0
1516099183.17 0 0 0 0
1516099183.27 0 0 0 0
1516099183.38 0 0 0 0
1516099183.48 0 0 0 0
1516099183.58 0 0 0 0
1516099183.7 0 0 0 0
1516099183.79 0 0 0 0
1516099183.89 0 0 0 0
1516099183.99 0 0 0 0
1516099184.09 0 0 0 0
1516099184.2 0 0 0 0
1516099184.29 0 0 0 0
1516099184.39 0 0 0 0
1516099184.5 0 0 0 0
1516099184.6 0 0 0 0
1516099184.7 0 0 0 0
1516099184.8 0 0 0 0
1516099184.9 0 0 0 0
1516099185.0 0 0 0 0
1516099185.1 0 0 0 0
1516099185.2 0 0 0 0
1516099185.3 0 0 0 0
1516099185.4 0 0 0 0
1516099185.5 0 0 0 0
1516099185.6 0 0 0 0
1516099185.7 0 0 0 0
1516099185.8 0 0 0 0
1516099185.9 0 0 0 0
1516099186.0 0 0 0 0
1516099186.1 0 0 0 0
1516099186.2 0 0 0 0
1516099186.3 0 0 0 0
1516099186.4 0 0 0 0
1516099186.5 0 0 0 0
1516099186.61 0 0 0 0
1516099186.71 0 0 0 0
1516099186.81 0 0 0 148
1516099186.91 0 0 0 0
1516099187.01 0 0 0 0
1516099187.11 0 0 0 0
1516099187.22 0 0 0 173
1516099187.31 0 0 0 0
1516099187.41 0 0 0 0
1516099187.51 0 0 0 1534
1516099187.61 0 0 0 0
1516099187.71 0 0 0 0
1516099187.81 0 0 0 180
1516099187.91 0 0 0 0
1516099188.01 0 0 0 0
1516099188.11 0 0 0 148
1516099188.21 0 0 0 0
1516099188.31 0 0 0 0
1516099188.41 0 0 0 0
1516099188.51 0 0 0 110
1516099188.61 0 0 0 0
1516099188.71 0 0 0 0
1516099188.81 0 0 0 134
1516099188.91 0 0 0 0
1516099189.01 0 0 0 0
1516099189.11 0 0 0 686
1516099189.21 0 0 0 0
1516099189.31 0 0 0 0
1516099189.41 0 0 0 1222
1516099189.51 0 0 0 0
1516099189.61 0 0 0 0
1516099189.71 0 0 0 178
1516099189.81 0 0 0 0
1516099189.91 0 0 0 0
1516099190.01 0 0 0 266
1516099190.11 0 0 0 0
1516099190.22 0 0 0 0
1516099190.33 0 0 0 270
1516099190.43 0 0 0 192
1516099190.52 0 0 0 0
1516099190.63 0 0 0 0
1516099190.73 0 0 0 66
1516099190.83 0 0 0 0
1516099190.92 0 0 0 0
1516099191.03 0 0 0 0
1516099191.12 0 0 0 0
1516099191.23 0 0 0 0
1516099191.33 0 0 0 0
1516099191.43 0 0 0 0
1516099191.53 0 0 0 0
1516099191.63 0 0 0 0
1516099191.73 0 0 0 0
1516099191.83 0 0 0 42
1516099191.93 0 0 0 0
1516099192.03 0 0 0 42
1516099192.13 0 0 0 0
1516099192.23 0 0 0 0
1516099192.33 0 0 0 0
1516099192.43 0 0 0 0
1516099192.53 0 0 0 0
1516099192.63 0 0 0 0
1516099192.73 0 0 0 0
1516099192.83 0 0 0 0
1516099192.93 0 0 0 0
1516099193.03 0 0 0 0
1516099193.13 0 0 0 0
1516099193.23 0 0 0 0
1516099193.33 0 0 0 0
1516099193.43 0 0 0 0
1516099193.53 0 0 0 0
1516099193.63 0 0 0 0
1516099193.73 0 0 0 0
1516099193.83 0 0 0 0
1516099193.93 0 0 0 0
1516099194.03 0 0 0 0
1516099194.13 0 0 0 0
1516099194.23 0 0 0 0
1516099194.33 0 0 0 0
1516099194.43 0 0 0 0
1516099194.53 0 0 0 0
1516099194.63 0 0 0 0
1516099194.73 0 0 0 0
1516099194.83 0 0 0 0
1516099194.93 0 0 0 0
1516099195.03 0 0 0 0
1516099195.13 0 0 0 0
1516099195.23 0 0 0 0
1516099195.33 0 0 0 0
1516099195.43 0 0 0 0
1516099195.53 0 0 0 0
1516099195.63 0 0 0 0
1516099195.73 0 0 0 0
1516099195.83 0 0 0 0
1516099195.94 0 0 0 0
1516099196.04 0 0 0 0
1516099196.14 0 0 0 0
1516099196.24 0 0 0 0
1516099196.36 0 0 0 0
1516099196.48 0 0 0 0
1516099196.58 0 0 0 0
1516099196.68 0 0 0 0
1516099196.78 0 0 0 0
1516099196.88 0 0 0 0
1516099196.98 0 0 0 0
1516099197.08 0 0 0 0
1516099197.18 0 0 0 0
1516099197.29 0 0 0 0
1516099197.39 0 0 0 0
1516099197.49 0 0 0 0
1516099197.59 0 0 0 0
1516099197.69 0 0 0 0
1516099197.79 0 0 0 0
1516099197.89 0 0 0 0
1516099197.99 0 0 0 0
1516099198.11 0 0 0 0
1516099198.22 0 0 0 0
1516099198.32 0 0 0 0
1516099198.43 0 0 0 0
1516099198.52 0 0 0 0
1516099198.63 0 0 0 0
1516099198.72 0 0 0 0
1516099198.83 0 0 0 0
1516099198.93 0 0 0 0
1516099199.03 0 0 0 0
1516099199.13 0 0 0 0
1516099199.23 0 0 0 0
1516099199.33 0 0 0 0
1516099199.43 0 0 0 0
1516099199.53 0 0 0 0
1516099199.63 0 0 0 0
1516099199.73 0 0 0 0
1516099199.83 0 0 0 0
1516099199.93 0 0 0 0
1516099200.03 0 0 0 0
1516099200.13 0 0 0 0
1516099200.25 0 0 0 0
1516099200.35 0 0 0 0
1516099200.45 0 0 0 0
1516099200.57 0 0 0 0
1516099200.67 0 0 0 0
1516099200.77 0 0 0 0
1516099200.87 0 0 0 0
1516099200.97 0 0 0 0
1516099201.07 0 0 0 0
1516099201.17 0 0 0 0
1516099201.27 0 0 0 0
1516099201.37 0 0 0 0
1516099201.47 0 0 0 0
1516099201.57 0 0 0 0
1516099201.67 0 0 0 0
1516099201.77 0 0 0 0
1516099201.89 0 0 0 0
1516099202.01 0 0 0 0
1516099202.11 0 0 0 0
1516099202.21 0 0 0 0
1516099202.31 0 0 0 0
1516099202.41 0 0 0 0
1516099202.51 0 0 0 0
1516099202.61 0 0 0 0
1516099202.71 0 0 0 0
1516099202.81 0 0 0 0
1516099202.91 0 0 0 0
1516099203.03 0 0 0 0
1516099203.13 0 0 0 0
1516099203.24 0 0 0 0
1516099203.34 0 0 0 0
1516099203.44 0 0 0 0
1516099203.54 0 0 0 0
1516099203.64 0 0 0 0
1516099203.74 0 0 0 0
1516099203.84 0 0 0 0
1516099203.94 0 0 0 0
1516099204.04 0 0 0 0
1516099204.14 0 0 0 0
1516099204.24 0 0 0 0
1516099204.34 0 0 0 0
1516099204.44 0 0 0 0
1516099204.54 0 0 0 0
1516099204.64 0 0 0 0
1516099204.77 0 0 0 0
1516099204.88 0 0 0 0
1516099204.98 0 0 0 0
1516099205.09 0 0 0 0
1516099205.2 0 0 0 0
1516099205.3 0 0 0 0
1516099205.4 0 0 0 0
1516099205.5 0 0 0 0
1516099205.6 0 0 0 0
1516099205.7 0 0 0 0
1516099205.8 0 0 0 0
1516099205.91 0 0 0 0
1516099206.0 0 0 0 0
1516099206.1 0 0 0 0
1516099206.2 0 0 0 0
1516099206.31 0 0 0 0
1516099206.41 0 0 0 0
1516099206.51 0 0 0 0
1516099206.61 0 0 0 0
1516099206.7 0 0 0 0
1516099206.81 0 0 0 0
1516099206.91 0 0 0 0
1516099207.0 0 0 0 0
1516099207.11 0 0 0 0
1516099207.22 0 0 0 0
1516099207.35 0 0 0 0
1516099207.45 0 0 0 0
1516099207.55 0 0 0 0
1516099207.65 0 0 0 0
1516099207.75 0 0 0 0
1516099207.85 0 0 0 0
1516099207.96 0 0 0 0
1516099208.05 0 0 0 0
1516099208.15 0 0 0 0
1516099208.25 0 0 0 0
1516099208.35 0 0 0 0
1516099208.46 0 0 0 0
1516099208.56 0 0 0 0
1516099208.66 0 0 0 0
1516099208.75 0 0 0 0
1516099208.85 0 0 0 0
1516099208.95 0 0 0 0
1516099209.06 0 0 0 0
1516099209.16 0 0 0 0
1516099209.26 0 0 0 0
1516099209.35 0 0 0 0
1516099209.46 0 0 0 0
1516099209.56 0 0 0 0
1516099209.66 0 0 0 0
1516099209.76 0 0 0 0
1516099209.86 0 0 0 0
1516099209.96 0 0 0 0
1516099210.06 0 0 0 0
1516099210.16 0 0 0 0
1516099210.26 0 0 0 0
1516099210.36 0 0 0 0
1516099210.46 0 0 0 0
1516099210.56 0 0 0 0
1516099210.66 0 0 0 0
1516099210.76 0 0 0 0
1516099210.86 0 0 0 0
1516099210.96 0 0 0 0
1516099211.06 0 0 0 0
1516099211.16 0 0 0 0
1516099211.26 0 0 0 0
1516099211.36 0 0 0 0
1516099211.46 0 0 0 0
1516099211.56 0 0 0 0
1516099211.66 0 0 0 0
1516099211.76 0 0 0 0
1516099211.86 0 0 0 0
1516099211.98 0 0 0 0
1516099212.1 0 0 0 0
1516099212.2 0 0 0 0
1516099212.3 0 0 0 0
1516099212.4 0 0 0 0
1516099212.5 0 0 0 0
1516099212.6 0 0 0 0
1516099212.7 0 0 0 0
1516099212.82 0 0 0 0
1516099212.94 0 0 0 0
1516099213.03 0 0 0 0
1516099213.14 0 0 0 0
1516099213.24 0 0 0 0
1516099213.34 0 0 0 0
1516099213.44 0 0 0 0
1516099213.54 0 0 0 0
1516099213.64 0 0 0 0
1516099213.75 0 0 0 0
1516099213.89 0 0 0 0
1516099213.99 0 0 0 0
1516099214.09 0 0 0 0
1516099214.19 0 0 0 0
1516099214.29 0 0 0 0
1516099214.39 0 0 0 0
1516099214.49 0 0 0 0
1516099214.59 0 0 0 0
1516099214.69 0 0 0 0
1516099214.79 0 0 0 0
1516099214.9 0 0 0 0
1516099215.06 0 0 0 0
1516099215.15 0 0 0 0
1516099215.25 0 0 0 0
1516099215.36 0 0 0 0
1516099215.45 0 0 0 0
1516099215.55 0 0 0 0
1516099215.66 0 0 0 0
1516099215.76 0 0 0 0
1516099215.86 0 0 0 0
1516099215.96 0 0 0 0
1516099216.07 0 0 0 0
1516099216.19 0 0 0 0
1516099216.3 0 0 0 0
1516099216.4 0 0 0 0
1516099216.5 0 0 0 0
1516099216.6 0 0 0 0
1516099216.7 0 0 0 0
1516099216.8 0 0 0 0
1516099216.92 0 0 0 0
1516099217.02 0 0 0 0
1516099217.12 0 0 0 0
1516099217.22 0 0 0 0
1516099217.32 0 0 0 0
1516099217.42 0 0 0 0
1516099217.52 0 0 0 0
1516099217.62 0 0 0 0
1516099217.73 0 0 0 0
1516099217.85 0 0 0 0
1516099217.95 0 0 0 0
1516099218.05 0 0 0 0
1516099218.15 0 0 0 0
1516099218.26 0 0 0 0
1516099218.35 0 0 0 0
1516099218.45 0 0 0 0
1516099218.56 0 0 0 0
1516099218.66 0 0 0 0
1516099218.77 0 0 0 0
1516099218.89 0 0 0 0
1516099218.99 0 0 0 0
1516099219.09 0 0 0 0
1516099219.19 0 0 0 0
1516099219.29 0 0 0 0
1516099219.39 0 0 0 0
1516099219.5 0 0 0 0
1516099219.6 0 0 0 0
1516099219.69 0 0 0 0
1516099219.8 0 0 0 0
1516099219.89 0 0 0 0
1516099219.99 0 0 0 0
1516099220.1 0 0 0 0
1516099220.19 0 0 0 0
1516099220.3 0 0 0 0
1516099220.4 0 1514 0 0
1516099220.5 0 0 0 0
1516099220.6 0 0 0 0
1516099220.7 0 42392 0 0
1516099220.8 0 60560 0 0
1516099220.9 0 57532 0 0
1516099221.0 0 52990 0 0
1516099221.1 0 54504 0 0
1516099221.2 0 57532 0 0
1516099221.3 0 57532 0 0
1516099221.4 0 56018 0 0
1516099221.51 0 60560 0 0
1516099221.61 0 56018 0 0
1516099221.71 0 56018 0 0
1516099221.81 0 56018 0 0
1516099221.91 0 54504 0 0
1516099222.01 0 57532 0 0
1516099222.1 0 54504 0 0
1516099222.21 0 57532 0 0
1516099222.31 0 57532 0 0
1516099222.41 0 54504 0 0
1516099222.51 0 57532 0 0
1516099222.61 0 56018 0 0
1516099222.71 0 56018 0 0
1516099222.81 0 56018 0 0
1516099222.91 0 57532 0 0
1516099223.01 0 56018 0 0
1516099223.11 0 57532 0 0
1516099223.21 0 51476 0 0
1516099223.31 0 59046 0 0
1516099223.41 0 56018 0 0
1516099223.51 0 56018 0 0
1516099223.61 0 54504 0 0
1516099223.71 0 56018 0 0
1516099223.81 0 56018 0 0
1516099223.91 0 56018 0 0
1516099224.01 0 56018 0 0
1516099224.11 0 54504 0 0
1516099224.21 0 56018 0 0
1516099224.31 0 56018 0 0
1516099224.41 0 57532 0 0
1516099224.51 0 56018 0 0
1516099224.61 0 57532 0 0
1516099224.71 0 54504 0 0
1516099224.81 0 57532 0 0
1516099224.91 0 56018 0 0
1516099225.01 0 56018 0 0
1516099225.11 0 56018 0 0
1516099225.21 0 56018 0 0
1516099225.31 0 54504 0 0
1516099225.41 0 57532 0 42
1516099225.51 0 54504 0 0
1516099225.61 0 59046 0 0
1516099225.71 0 56018 0 0
1516099225.82 0 57532 0 0
1516099225.92 0 59046 0 0
1516099226.02 0 56018 0 0
1516099226.12 0 57532 0 0
1516099226.22 0 56018 0 0
1516099226.32 0 54504 0 0
1516099226.43 0 56018 0 0
1516099226.53 0 56018 0 0
1516099226.62 0 54504 0 0
1516099226.72 0 56018 0 0
1516099226.82 0 57532 0 0
1516099226.92 0 54504 0 0
1516099227.02 0 56018 0 0
1516099227.12 0 56018 0 0
1516099227.22 0 57532 0 0
1516099227.33 0 57532 0 0
1516099227.43 0 56018 0 0
1516099227.53 0 56018 0 0
1516099227.63 0 57532 0 0
1516099227.73 0 54504 0 0
1516099227.83 0 57532 0 0
1516099227.93 0 56018 0 0
1516099228.03 0 56018 0 0
1516099228.13 0 56018 0 0
1516099228.23 0 56018 0 0
1516099228.33 0 56018 0 0
1516099228.43 0 56018 0 0
1516099228.53 0 56018 0 0
1516099228.63 0 57532 0 0
1516099228.73 0 56018 0 0
1516099228.83 0 56018 0 0
1516099228.93 0 56018 0 0
1516099229.03 0 57532 0 0
1516099229.13 0 56018 0 0
1516099229.23 0 54504 0 0
1516099229.33 0 56018 0 0
1516099229.43 0 56018 0 0
1516099229.53 0 56018 0 0
1516099229.63 0 57532 0 0
1516099229.73 0 56018 0 0
1516099229.83 0 56018 0 0
1516099229.93 0 56018 0 0
1516099230.03 0 59046 0 0
1516099230.13 0 54504 0 0
1516099230.23 0 54504 0 0
1516099230.34 0 60560 0 0
1516099230.44 0 59046 0 0
1516099230.54 0 56018 0 0
1516099230.64 0 57532 0 0
1516099230.75 0 59046 0 0
1516099230.84 0 52990 0 0
1516099230.95 0 59046 0 0
1516099231.05 0 57532 0 0
1516099231.16 0 59046 0 0
1516099231.25 0 52990 0 0
1516099231.36 0 60560 0 0
1516099231.46 0 56018 0 0
1516099231.55 0 51476 0 0
1516099231.65 0 56018 0 0
1516099231.75 0 56018 0 0
1516099231.85 0 57532 0 0
1516099231.96 0 59046 0 0
1516099232.06 0 57532 0 0
1516099232.16 0 57532 0 0
1516099232.25 0 51476 0 0
1516099232.35 0 56018 0 0
1516099232.46 0 60560 0 0
1516099232.55 0 52990 0 0
1516099232.65 0 56018 0 0
1516099232.75 0 57532 0 0
1516099232.85 0 56018 0 0
1516099232.96 0 56018 0 0
1516099233.05 0 56018 0 0
1516099233.15 0 56018 0 0
1516099233.25 0 56018 0 0
1516099233.35 0 56018 0 0
1516099233.46 0 57532 0 0
1516099233.55 0 56018 0 0
1516099233.66 0 56018 0 0
1516099233.75 0 56018 0 0
1516099233.86 0 57532 0 0
1516099233.96 0 56018 0 0
1516099234.05 0 56018 0 0
1516099234.16 0 56018 0 0
1516099234.26 0 56018 0 0
1516099234.36 0 56018 0 0
1516099234.46 0 57532 0 0
1516099234.56 0 56018 0 0
1516099234.66 0 56018 0 0
1516099234.76 0 56018 0 0
1516099234.86 0 56018 0 0
1516099234.96 0 57532 0 0
1516099235.06 0 56018 0 0
1516099235.16 0 56018 0 0
1516099235.26 0 56018 0 0
1516099235.36 0 56018 0 0
1516099235.46 0 57532 0 0
1516099235.56 0 56018 0 0
1516099235.66 0 56018 0 0
1516099235.76 0 56018 0 0
1516099235.86 0 56018 0 0
1516099235.96 0 56018 0 0
1516099236.06 0 56018 0 0
1516099236.16 0 59046 0 0
1516099236.26 0 56018 0 0
1516099236.36 0 56018 0 0
1516099236.46 0 56018 0 0
1516099236.56 0 57532 0 42
1516099236.66 0 56018 0 0
1516099236.76 0 56018 0 0
1516099236.87 0 57532 0 0
1516099236.97 0 57532 0 0
1516099237.07 0 57532 0 0
1516099237.17 0 56018 0 0
1516099237.27 0 54504 0 0
1516099237.37 0 59046 0 0
1516099237.47 0 54504 0 0
1516099237.57 0 56018 0 0
1516099237.67 0 56018 0 0
1516099237.77 0 57532 0 0
1516099237.87 0 54504 0 0
1516099237.97 0 57532 0 0
1516099238.07 0 56018 0 0
1516099238.17 0 56018 0 0
1516099238.27 0 56018 0 0
1516099238.37 0 56018 0 0
1516099238.47 0 56018 0 0
1516099238.57 0 57532 0 0
1516099238.67 0 56018 0 0
1516099238.77 0 57532 0 0
1516099238.87 0 56018 0 0
1516099238.98 0 59046 0 0
1516099239.07 0 52990 0 0
1516099239.17 0 56018 0 0
1516099239.27 0 56018 0 0
1516099239.37 0 56018 0 0
1516099239.47 0 56018 0 0
1516099239.57 0 34822 0 0
1516099239.67 0 30280 0 0
1516099239.77 0 56018 0 0
1516099239.87 0 49962 0 0
1516099239.97 0 3028 0 0
1516099240.07 0 27252 0 0
1516099240.17 0 48448 0 0
1516099240.27 0 51476 0 0
1516099240.37 0 15140 0 0
1516099240.47 0 25738 0 0
1516099240.57 0 42392 0 0
1516099240.68 0 46934 0 0
1516099240.78 0 28766 0 0
1516099240.88 0 33308 0 0
1516099240.98 0 39364 0 0
1516099241.09 0 42392 0 0
1516099241.18 0 37850 0 0
1516099241.29 0 36336 0 0
1516099241.39 0 39364 0 0
1516099241.48 0 36336 0 0
1516099241.58 0 39364 0 0
1516099241.68 0 34822 0 0
1516099241.78 0 39364 0 0
1516099241.88 0 37850 0 0
1516099241.98 0 37850 0 0
1516099242.08 0 39364 0 0
1516099242.18 0 39364 0 0
1516099242.28 0 39364 0 0
1516099242.38 0 39364 0 0
1516099242.48 0 39364 0 0
1516099242.58 0 37850 0 0
1516099242.68 0 39364 0 0
1516099242.78 0 39364 0 0
1516099242.88 0 39364 0 0
1516099242.98 0 37850 0 0
1516099243.08 0 39364 0 0
1516099243.18 0 37850 0 0
1516099243.28 0 39364 0 0
1516099243.38 0 37850 0 0
1516099243.48 0 39364 0 0
1516099243.58 0 39364 0 0
1516099243.68 0 37850 0 0
1516099243.78 0 39364 0 0
1516099243.88 0 37850 0 0
1516099243.98 0 39364 0 0
1516099244.08 0 39364 0 0
1516099244.18 0 37850 0 0
1516099244.28 0 37850 0 0
1516099244.39 0 37850 0 0
1516099244.48 0 37850 0 0
1516099244.59 0 40878 0 0
1516099244.7 0 37850 0 0
1516099244.79 0 37850 0 0
1516099244.89 0 39364 0 0
1516099244.99 0 37850 0 0
1516099245.1 0 40878 0 0
1516099245.19 0 36336 0 0
1516099245.29 0 37850 0 0
1516099245.39 0 39364 0 0
1516099245.49 0 37850 0 0
1516099245.59 0 37850 0 0
1516099245.69 0 39364 0 0
1516099245.79 0 37850 0 0
1516099245.89 0 37850 0 0
1516099245.99 0 37850 0 0
1516099246.09 0 39364 0 0
1516099246.19 0 37850 0 0
1516099246.29 0 37850 0 0
1516099246.39 0 37850 0 0
1516099246.49 0 37850 0 0
1516099246.6 0 39364 0 0
1516099246.69 0 37850 0 0
1516099246.8 0 37850 0 0
1516099246.89 0 37850 0 0
1516099246.99 0 37850 0 0
1516099247.1 0 39364 0 0
1516099247.19 0 36336 0 0
1516099247.3 0 39364 0 0
1516099247.4 0 37850 0 0
1516099247.5 0 37850 0 0
1516099247.6 0 36336 0 0
1516099247.7 0 39364 0 0
1516099247.8 0 37850 0 0
1516099247.9 0 37850 0 0
1516099248.0 0 37850 0 0
1516099248.1 0 39364 0 0
1516099248.2 0 36336 0 0
1516099248.3 0 39364 0 0
1516099248.41 0 40878 0 0
1516099248.5 0 33308 0 0
1516099248.6 0 37850 0 0
1516099248.7 0 36336 0 0
1516099248.8 0 37850 0 0
1516099248.9 0 37850 0 0
1516099249.0 0 37850 0 0
1516099249.1 0 37850 0 0
1516099249.2 0 37850 0 0
1516099249.3 0 37850 0 0
1516099249.4 0 36336 0 0
1516099249.5 0 37850 0 0
1516099249.6 0 37850 0 0
1516099249.7 0 37850 0 0
1516099249.8 0 37850 0 0
1516099249.9 0 36336 0 0
1516099250.0 0 37850 0 0
1516099250.1 0 37850 0 0
1516099250.2 0 36336 0 0
1516099250.3 0 37850 0 0
1516099250.4 0 37850 0 0
1516099250.5 0 36336 0 0
1516099250.6 0 37850 0 0
1516099250.7 0 36336 0 0
1516099250.8 0 37850 0 0
1516099250.9 0 37850 0 0
1516099251.0 0 36336 0 0
1516099251.1 0 37850 0 0
1516099251.2 0 36336 0 0
1516099251.3 0 37850 0 0
1516099251.4 0 36336 0 0
1516099251.5 0 36336 0 0
1516099251.61 0 39364 0 0
1516099251.7 0 36336 0 0
1516099251.81 0 39364 0 0
1516099251.91 0 34822 0 0
1516099252.01 0 37850 0 0
1516099252.11 0 37850 0 0
1516099252.21 0 36336 0 0
1516099252.31 0 36336 0 0
1516099252.41 0 37850 0 0
1516099252.51 0 36336 0 0
1516099252.61 0 37850 0 0
1516099252.71 0 36336 0 42
1516099252.81 0 37850 0 0
1516099252.91 0 36336 0 0
1516099253.01 0 36336 0 0
1516099253.11 0 37850 0 0
1516099253.21 0 36336 0 0
1516099253.31 0 36336 0 0
1516099253.41 0 34822 0 0
1516099253.51 0 36336 0 0
1516099253.61 0 37850 0 0
1516099253.71 0 36336 0 0
1516099253.81 0 36336 0 0
1516099253.91 0 36336 0 0
1516099254.01 0 37850 0 0
1516099254.11 0 36336 0 0
1516099254.21 0 37850 0 0
1516099254.31 0 34822 0 0
1516099254.41 0 37850 0 0
1516099254.51 0 36336 0 0
1516099254.61 0 36336 0 0
1516099254.71 0 36336 0 0
1516099254.81 0 36336 0 0
1516099254.91 0 36336 0 0
1516099255.01 0 37850 0 0
1516099255.11 0 36336 0 0
1516099255.22 0 36336 0 0
1516099255.31 0 36336 0 0
1516099255.41 0 36336 0 0
1516099255.52 0 36336 0 0
1516099255.62 0 37850 0 0
1516099255.72 0 36336 0 0
1516099255.82 0 36336 0 0
1516099255.93 0 39364 0 0
1516099256.03 0 33308 0 0
1516099256.13 0 39364 0 0
1516099256.22 0 33308 0 0
1516099256.32 0 34822 0 0
1516099256.42 0 37850 0 0
1516099256.52 0 36336 0 0
1516099256.62 0 34822 0 0
1516099256.72 0 36336 0 0
1516099256.82 0 36336 0 0
1516099256.92 0 36336 0 0
1516099257.02 0 36336 0 0
1516099257.12 0 36336 0 0
1516099257.22 0 33308 0 0
1516099257.32 0 36336 0 0
1516099257.42 0 36336 0 0
1516099257.52 0 36336 0 0
1516099257.62 0 34822 0 0
1516099257.72 0 36336 0 0
1516099257.82 0 36336 0 0
1516099257.92 0 36336 0 0
1516099258.02 0 36336 0 0
1516099258.12 0 34822 0 0
1516099258.22 0 36336 0 0
1516099258.32 0 36336 0 0
1516099258.42 0 36336 0 0
1516099258.52 0 34822 0 0
1516099258.62 0 36336 0 0
1516099258.72 0 36336 0 0
1516099258.82 0 36336 0 0
1516099258.92 0 34822 0 0
1516099259.02 0 36336 0 0
1516099259.12 0 36336 0 0
1516099259.22 0 33308 0 0
1516099259.32 0 36336 0 0
1516099259.42 0 36336 0 0
1516099259.52 0 34822 0 0
1516099259.63 0 36336 0 0
1516099259.73 0 34822 0 0
1516099259.83 0 36336 0 0
1516099259.93 0 36336 0 0
1516099260.04 0 36336 0 0
1516099260.13 0 36336 0 0
1516099260.23 0 34822 0 0
1516099260.34 0 36336 0 0
1516099260.44 0 34822 0 0
1516099260.53 0 33308 0 0
1516099260.63 0 36336 0 0
1516099260.73 0 36336 0 0
1516099260.83 0 34822 0 0
1516099260.93 0 36336 0 0
1516099261.03 0 34822 0 0
1516099261.13 0 36336 0 0
1516099261.23 0 34822 0 0
1516099261.33 0 34822 0 0
1516099261.43 0 36336 0 0
1516099261.53 0 34822 0 42
1516099261.63 0 34822 0 0
1516099261.73 0 36336 0 0
1516099261.83 0 34822 0 0
1516099261.93 0 34822 0 0
1516099262.03 0 34822 0 0
1516099262.13 0 36336 0 0
1516099262.23 0 34822 0 0
1516099262.33 0 34822 0 0
1516099262.43 0 36336 0 0
1516099262.53 0 34822 0 0
1516099262.63 0 34822 0 0
1516099262.73 0 36336 0 0
1516099262.83 0 34822 0 0
1516099262.94 0 36336 0 0
1516099263.03 0 33308 0 0
1516099263.14 0 36336 0 0
1516099263.24 0 34822 0 0
1516099263.34 0 34822 0 0
1516099263.43 0 34822 0 0
1516099263.54 0 36336 0 0
1516099263.64 0 33308 0 0
1516099263.74 0 36336 0 0
1516099263.83 0 33308 0 0
1516099263.94 0 36336 0 0
1516099264.04 0 36336 0 0
1516099264.14 0 36336 0 0
1516099264.24 0 34822 0 0
1516099264.35 0 36336 0 0
1516099264.44 0 33308 0 0
1516099264.54 0 33308 0 0
1516099264.65 0 39364 0 0
1516099264.73 0 28766 0 0
1516099264.83 0 34822 0 0
1516099264.93 0 36336 0 0
1516099265.03 0 33308 0 0
1516099265.13 0 34822 0 0
1516099265.23 0 34822 0 0
1516099265.33 0 36336 0 0
1516099265.43 0 34822 0 0
1516099265.53 0 34822 0 0
1516099265.63 0 34822 0 0
1516099265.73 0 34822 0 0
1516099265.83 0 34822 0 0
1516099265.93 0 34822 0 0
1516099266.03 0 34822 0 0
1516099266.13 0 34822 0 0
1516099266.23 0 34822 0 0
1516099266.34 0 34822 0 0
1516099266.43 0 34822 0 0
1516099266.53 0 34822 0 0
1516099266.63 0 34822 0 0
1516099266.73 0 34822 0 0
1516099266.83 0 33308 0 0
1516099266.94 0 36336 0 0
1516099267.04 0 34822 0 0
1516099267.14 0 34822 0 0
1516099267.23 0 34822 0 0
1516099267.34 0 34822 0 0
1516099267.44 0 34822 0 0
1516099267.54 0 34822 0 0
1516099267.64 0 34822 0 0
1516099267.74 0 34822 0 0
1516099267.84 0 34822 0 0
1516099267.94 0 34822 0 0
1516099268.04 0 33308 0 0
1516099268.14 0 37850 0 0
1516099268.24 0 33308 0 0
1516099268.34 0 36336 0 0
1516099268.44 0 33308 0 0
1516099268.55 0 36336 0 0
1516099268.65 0 37850 0 0
1516099268.75 0 31794 0 0
1516099268.84 0 33308 0 0
1516099268.94 0 33308 0 0
1516099269.05 0 34822 0 0
1516099269.14 0 34822 0 0
1516099269.24 0 34822 0 0
1516099269.34 0 34822 0 0
1516099269.44 0 33308 0 0
1516099269.55 0 34822 0 0
1516099269.64 0 34822 0 0
1516099269.75 0 34822 0 0
1516099269.84 0 33308 0 0
1516099269.95 0 34822 0 0
1516099270.05 0 34822 0 0
1516099270.14 0 34822 0 0
1516099270.25 0 34822 0 0
1516099270.35 0 33308 0 0
1516099270.45 0 34822 0 0
1516099270.55 0 34822 0 0
1516099270.65 0 33308 0 0
1516099270.75 0 34822 0 0
1516099270.85 0 34822 0 0
1516099270.95 0 34822 0 0
1516099271.05 0 34822 0 0
1516099271.15 0 33308 0 0
1516099271.25 0 33308 0 0
1516099271.35 0 36336 0 0
1516099271.45 0 34822 0 0
1516099271.55 0 33308 0 0
1516099271.65 0 34822 0 0
1516099271.76 0 34822 0 0
1516099271.86 0 33308 0 0
1516099271.95 0 33308 0 0
1516099272.05 0 33308 0 0
1516099272.16 0 34822 0 0
1516099272.25 0 34822 0 0
1516099272.35 0 33308 0 0
1516099272.45 0 34822 0 0
1516099272.55 0 34822 0 0
1516099272.65 0 33308 0 0
1516099272.75 0 33308 0 0
1516099272.85 0 34822 0 0
1516099272.95 0 34822 0 0
1516099273.05 0 34822 0 0
1516099273.16 0 34822 0 0
1516099273.26 0 33308 0 0
1516099273.35 0 34822 0 0
1516099273.46 0 34822 0 0
1516099273.56 0 34822 0 0
1516099273.66 0 33308 0 0
1516099273.76 0 34822 0 0
1516099273.86 0 33308 0 0
1516099273.96 0 34822 0 0
1516099274.06 0 31794 0 0
1516099274.16 0 34822 0 0
1516099274.26 0 34822 0 0
1516099274.36 0 34822 0 0
1516099274.45 1514 31794 0 0
1516099274.56 0 34822 0 0
1516099274.66 0 34822 0 0
1516099274.76 0 34822 0 0
1516099274.86 0 33308 0 0
1516099274.96 0 34822 0 0
1516099275.06 0 34822 0 0
1516099275.16 0 33308 0 0
1516099275.27 0 37850 0 0
1516099275.36 0 31794 0 0
1516099275.47 0 36336 0 0
1516099275.57 0 34822 0 0
1516099275.67 0 33308 0 0
1516099275.77 0 30280 0 0
1516099275.87 0 34822 0 0
1516099275.97 0 33308 0 0
1516099276.07 0 34822 0 0
1516099276.17 0 33308 0 0
1516099276.26 0 34822 0 0
1516099276.37 0 31794 0 0
1516099276.47 0 33308 0 0
1516099276.57 0 34822 0 0
1516099276.67 0 34822 0 0
1516099276.77 0 33308 0 0
1516099276.87 0 33308 0 0
1516099276.97 0 34822 0 0
1516099277.07 0 33308 0 0
1516099277.17 0 34822 0 0
1516099277.27 0 33308 0 0
1516099277.37 0 33308 0 0
1516099277.47 0 34822 0 0
1516099277.57 0 33308 0 0
1516099277.67 0 34822 0 0
1516099277.77 0 33308 0 0
1516099277.87 0 34822 0 0
1516099277.97 0 33308 0 0
1516099278.07 0 33308 0 74
1516099278.17 0 30280 0 0
1516099278.27 0 28766 0 0
1516099278.37 0 25738 0 0
1516099278.47 0 31794 0 0
1516099278.57 0 27252 0 0
1516099278.67 0 25738 0 0
1516099278.77 0 25738 0 0
1516099278.87 0 27252 0 0
1516099278.97 0 24224 0 0
1516099279.08 0 27252 0 0
1516099279.18 0 24224 0 0
1516099279.28 0 25738 0 0
1516099279.38 0 24224 0 0
1516099279.49 0 27252 0 0
1516099279.58 0 21196 0 0
1516099279.69 0 25738 0 0
1516099279.79 0 24224 0 0
1516099279.89 0 24224 0 0
1516099279.99 0 24224 0 0
1516099280.1 0 27252 0 42
1516099280.2 0 21196 0 0
1516099280.29 0 22710 0 0
1516099280.39 0 22710 0 0
1516099280.49 0 22710 0 0
1516099280.59 0 22710 0 0
1516099280.69 0 24224 0 0
1516099280.79 0 24224 0 0
1516099280.89 0 22710 0 0
1516099280.99 0 21196 0 0
1516099281.09 0 24224 0 0
1516099281.19 0 21196 0 0
1516099281.29 0 22710 0 0
1516099281.39 0 19682 0 0
1516099281.49 0 22710 0 0
1516099281.59 0 22710 0 0
1516099281.7 0 21196 0 0
1516099281.8 0 22710 0 0
1516099281.9 0 22710 0 0
1516099282.0 0 22710 0 0
1516099282.1 0 22710 0 0
1516099282.2 0 22710 0 0
1516099282.3 0 22710 0 0
1516099282.4 0 19682 0 0
1516099282.5 0 22710 0 0
1516099282.6 0 19682 0 0
1516099282.7 0 21196 0 0
1516099282.8 0 21196 0 0
1516099282.9 0 21196 0 0
1516099283.0 0 19682 0 0
1516099283.1 0 22710 0 0
1516099283.2 0 21196 0 0
1516099283.3 0 21196 0 0
1516099283.4 0 22710 0 0
1516099283.5 0 21196 0 0
1516099283.6 0 21196 0 0
1516099283.7 0 21196 0 0
1516099283.81 0 21196 0 0
1516099283.91 0 21196 0 0
1516099284.01 0 21196 0 0
1516099284.12 0 21196 0 0
1516099284.22 0 21196 0 0
1516099284.32 0 22710 0 0
1516099284.42 0 21196 0 0
1516099284.52 0 21196 0 0
1516099284.63 0 21196 0 0
1516099284.73 0 19682 0 0
1516099284.83 0 19682 0 0
1516099284.92 0 19682 0 0
1516099285.02 0 19682 0 0
1516099285.12 0 19682 0 0
1516099285.22 0 21196 0 0
1516099285.32 0 19682 0 0
1516099285.42 0 21196 0 0
1516099285.52 0 21196 0 0
1516099285.62 0 21196 0 0
1516099285.72 0 18168 0 0
1516099285.82 0 18168 0 0
1516099285.92 0 19682 0 0
1516099286.02 0 19682 0 0
1516099286.13 0 19682 0 0
1516099286.23 0 19682 0 0
1516099286.32 0 18168 0 0
1516099286.42 0 21196 0 0
1516099286.52 0 19682 0 42
1516099286.62 0 19682 0 0
1516099286.72 0 21196 0 0
1516099286.83 0 19682 0 0
1516099286.93 0 22710 0 0
1516099287.03 0 19682 0 0
1516099287.13 0 16654 0 0
1516099287.23 0 19682 0 0
1516099287.33 0 19682 0 0
1516099287.43 0 18168 0 0
1516099287.53 0 19682 0 0
1516099287.63 0 19682 0 0
1516099287.73 0 18168 0 0
1516099287.83 0 19682 0 0
1516099287.93 0 21196 0 0
1516099288.03 0 19682 0 0
1516099288.13 0 18168 0 0
1516099288.23 0 21196 0 0
1516099288.33 0 18168 0 0
1516099288.44 0 24224 0 0
1516099288.53 0 18168 0 0
1516099288.63 0 18168 0 0
1516099288.74 0 18168 0 0
1516099288.84 0 19682 0 0
1516099288.94 0 19682 0 0
1516099289.04 0 18168 0 0
1516099289.15 0 19682 0 0
1516099289.24 0 18168 0 0
1516099289.34 0 18168 0 0
1516099289.44 0 19682 0 0
1516099289.54 0 18168 0 0
1516099289.64 0 19682 0 0
1516099289.74 0 19682 0 0
1516099289.84 0 19682 0 0
1516099289.94 0 18168 0 0
1516099290.04 0 21196 0 0
1516099290.14 0 19682 0 0
1516099290.24 0 15140 0 0
1516099290.34 0 18168 0 0
1516099290.44 0 18168 0 0
1516099290.54 0 16654 0 0
1516099290.64 0 16654 0 0
1516099290.74 0 18168 0 0
1516099290.84 0 18168 0 0
1516099290.94 0 19682 0 0
1516099291.04 0 18168 0 0
1516099291.14 0 18168 0 0
1516099291.24 0 16654 0 0
1516099291.34 0 18168 0 0
1516099291.44 0 19682 0 0
1516099291.54 0 18168 0 0
1516099291.64 0 18168 0 0
1516099291.74 0 19682 0 0
1516099291.84 0 19682 0 0
1516099291.94 0 18168 0 0
1516099292.04 0 21196 0 0
1516099292.14 0 18168 0 0
1516099292.24 0 21196 0 0
1516099292.34 0 16654 0 0
1516099292.44 0 16654 0 0
1516099292.54 0 18168 0 0
1516099292.64 0 18168 0 0
1516099292.75 0 19682 0 0
1516099292.84 0 16654 0 0
1516099292.95 0 19682 0 0
1516099293.05 0 19682 0 0
1516099293.15 0 16654 0 0
1516099293.25 0 21196 0 0
1516099293.35 0 16654 0 0
1516099293.46 0 21196 0 0
1516099293.55 0 18168 0 0
1516099293.65 0 18168 0 0
1516099293.75 0 19682 0 0
1516099293.85 0 19682 0 0
1516099293.95 0 21196 0 0
1516099294.05 0 18168 0 0
1516099294.15 0 15140 0 0
1516099294.25 0 18168 0 0
1516099294.35 0 18168 0 0
1516099294.45 0 16654 0 0
1516099294.55 0 16654 0 0
1516099294.65 0 16654 0 0
1516099294.75 0 19682 0 0
1516099294.85 0 18168 0 0
1516099294.95 0 18168 0 0
1516099295.05 0 19682 0 0
1516099295.15 0 18168 0 0
1516099295.25 0 19682 0 0
1516099295.35 0 18168 0 0
1516099295.45 0 19682 0 0
1516099295.55 0 18168 0 0
1516099295.65 0 19682 0 0
1516099295.75 0 19682 0 0
1516099295.85 0 21196 0 0
1516099295.95 0 13626 0 0
1516099296.06 0 16654 0 0
1516099296.15 0 18168 0 0
1516099296.25 0 16654 0 0
1516099296.35 0 18168 0 0
1516099296.45 0 18168 0 0
1516099296.55 0 18168 0 0
1516099296.65 0 18168 0 0
1516099296.75 0 18168 0 0
1516099296.86 0 19682 0 0
1516099296.96 0 18168 0 0
1516099297.06 0 19682 0 0
1516099297.16 0 18168 0 0
1516099297.26 0 19682 0 0
1516099297.38 0 22710 0 0
1516099297.46 0 16654 0 0
1516099297.58 0 22710 0 0
1516099297.66 0 13626 0 0
1516099297.77 0 18168 0 0
1516099297.87 0 16654 0 0
1516099297.97 0 18168 0 0
1516099298.06 0 18168 0 0
1516099298.17 0 18168 0 0
1516099298.27 0 18168 0 0
1516099298.37 0 18168 0 0
1516099298.47 0 18168 0 0
1516099298.56 0 18168 0 0
1516099298.67 0 19682 0 0
1516099298.77 0 18168 0 0
1516099298.87 0 18168 0 0
1516099298.97 0 19682 0 0
1516099299.07 0 18168 0 0
1516099299.17 0 22710 0 0
1516099299.27 0 18168 0 0
1516099299.37 0 15140 0 0
1516099299.47 0 16654 0 0
1516099299.57 0 18168 0 0
1516099299.67 0 18168 0 0
1516099299.77 0 18168 0 0
1516099299.87 0 16654 0 0
1516099299.97 0 18168 0 0
1516099300.07 0 18168 0 0
1516099300.17 0 18168 0 0
1516099300.27 0 18168 0 0
1516099300.37 0 18168 0 0
1516099300.47 0 19682 0 0
1516099300.57 0 18168 0 0
1516099300.67 0 19682 0 0
1516099300.78 0 19682 0 0
1516099300.87 0 18168 0 0
1516099300.98 0 21196 0 0
1516099301.08 0 13626 0 0
1516099301.19 0 19682 0 0
1516099301.28 0 16654 0 0
1516099301.39 0 15140 0 0
1516099301.47 0 18168 0 0
1516099301.57 0 18168 0 0
1516099301.68 0 18168 0 0
1516099301.78 0 18168 0 0
1516099301.88 0 18168 0 0
1516099301.98 0 18168 0 0
1516099302.08 0 19682 0 0
1516099302.18 0 18168 0 0
1516099302.28 0 18168 0 0
1516099302.38 0 21196 0 0
1516099302.48 0 21196 0 0
1516099302.58 0 16654 0 0
1516099302.68 0 15140 0 0
1516099302.78 0 18168 0 0
1516099302.88 0 16654 0 0
1516099302.98 0 18168 0 0
1516099303.08 0 16654 0 0
1516099303.18 0 18168 0 0
1516099303.28 0 18168 0 0
1516099303.38 0 16654 0 0
1516099303.48 0 19682 0 0
1516099303.58 0 18168 0 0
1516099303.68 0 19682 0 0
1516099303.78 0 18168 0 0
1516099303.88 0 18168 0 0
1516099303.98 0 18168 0 0
1516099304.08 0 21196 0 0
1516099304.18 0 18168 0 0
1516099304.28 0 15140 0 0
1516099304.38 0 16654 0 0
1516099304.48 0 18168 0 0
1516099304.58 0 16654 0 0
1516099304.68 0 18168 0 0
1516099304.78 0 18168 0 0
1516099304.88 0 16654 0 0
1516099304.98 0 18168 0 0
1516099305.09 0 19682 0 0
1516099305.19 0 16654 0 0
1516099305.29 0 18168 0 0
1516099305.39 0 19682 0 0
1516099305.49 0 19682 0 0
1516099305.59 0 16654 0 0
1516099305.69 0 21196 0 0
1516099305.79 0 21196 0 0
1516099305.89 0 15140 0 0
1516099306.0 0 16654 0 0
1516099306.09 0 15140 0 0
1516099306.19 0 18168 0 0
1516099306.29 0 16654 0 0
1516099306.39 0 18168 0 0
1516099306.49 0 16654 0 0
1516099306.59 0 18168 0 0
1516099306.69 0 18168 0 0
1516099306.79 0 18168 0 0
1516099306.89 0 19682 0 0
1516099306.99 0 18168 0 0
1516099307.09 0 18168 0 0
1516099307.19 0 18168 0 0
1516099307.29 0 19682 0 0
1516099307.39 0 21196 0 0
1516099307.49 0 19682 0 0
1516099307.59 0 15140 0 42
1516099307.69 0 15140 0 0
1516099307.79 0 16654 0 0
1516099307.89 0 16654 0 0
1516099307.99 0 16654 0 0
1516099308.09 0 16654 0 0
1516099308.19 0 16654 0 0
1516099308.29 0 18168 0 0
1516099308.39 0 16654 0 0
1516099308.49 0 18168 0 0
1516099308.59 0 16654 0 0
1516099308.69 0 18168 0 0
1516099308.79 0 16654 0 0
1516099308.89 0 18168 0 0
1516099308.99 0 18168 0 0
1516099309.1 0 19682 0 0
1516099309.19 0 18168 0 0
1516099309.3 0 19682 0 0
1516099309.4 0 19682 0 0
1516099309.5 0 18168 0 0
1516099309.61 0 21196 0 0
1516099309.71 0 18168 0 0
1516099309.81 0 15140 0 0
1516099309.91 0 18168 0 0
1516099310.01 0 18168 0 0
1516099310.1 0 15140 0 0
1516099310.2 0 18168 0 0
1516099310.3 0 16654 0 0
1516099310.4 0 18168 0 0
1516099310.51 0 19682 0 0
1516099310.6 0 16654 0 0
1516099310.7 0 19682 0 0
1516099310.81 0 18168 0 0
1516099310.9 0 18168 0 0
1516099311.0 0 19682 0 0
1516099311.1 0 19682 0 0
1516099311.2 0 21196 0 0
1516099311.3 0 13626 0 0
1516099311.41 0 16654 0 0
1516099311.5 0 16654 0 0
1516099311.6 0 18168 0 0
1516099311.7 0 16654 0 0
1516099311.8 0 18168 0 0
1516099311.9 0 18168 0 0
1516099312.01 0 18168 0 0
1516099312.1 0 16654 0 0
1516099312.21 1514 18168 0 0
1516099312.3 0 19682 0 0
1516099312.41 0 18168 0 0
1516099312.51 0 21196 0 0
1516099312.61 0 18168 0 0
1516099312.71 0 18168 0 42
1516099312.81 0 21196 0 0
1516099312.91 0 18168 0 0
1516099313.0 0 13626 0 0
1516099313.1 0 18168 0 0
1516099313.2 0 16654 0 0
1516099313.3 0 18168 0 0
1516099313.41 0 18168 0 0
1516099313.5 0 16654 0 0
1516099313.61 0 19682 0 0
1516099313.71 0 16654 0 0
1516099313.81 0 16654 0 0
1516099313.92 0 19682 0 0
1516099314.02 0 19682 0 0
1516099314.12 0 18168 0 0
1516099314.23 0 21196 0 0
1516099314.32 0 16654 0 0
1516099314.42 0 19682 0 0
1516099314.53 0 19682 0 0
1516099314.63 0 21196 0 0
1516099314.73 0 15140 0 0
1516099314.83 0 18168 0 0
1516099314.93 0 16654 0 0
1516099315.04 0 18168 0 0
1516099315.13 0 16654 0 0
1516099315.23 0 16654 0 0
1516099315.33 0 18168 0 0
1516099315.43 0 18168 0 0
1516099315.53 0 16654 0 0
1516099315.63 0 18168 0 0
1516099315.73 0 19682 0 0
1516099315.83 0 18168 0 0
1516099315.93 0 18168 0 0
1516099316.03 0 18168 0 0
1516099316.13 0 19682 0 0
1516099316.23 0 18168 0 0
1516099316.33 0 21196 0 0
1516099316.43 0 19682 0 0
1516099316.54 0 15140 0 0
1516099316.64 0 16654 0 0
1516099316.74 0 16654 0 0
1516099316.84 0 18168 0 0
1516099316.94 0 16654 0 0
1516099317.04 0 18168 0 0
1516099317.14 0 18168 0 0
1516099317.24 0 18168 0 0
1516099317.34 0 22710 0 0
1516099317.44 0 24224 0 0
1516099317.54 0 25738 0 0
1516099317.64 0 27252 0 0
1516099317.74 0 28766 0 0
1516099317.84 0 28766 0 0
1516099317.94 0 28766 0 0
1516099318.04 0 28766 0 0
1516099318.14 0 25738 0 0
1516099318.24 0 13626 0 0
1516099318.34 0 18168 0 0
1516099318.44 0 22710 0 0
1516099318.54 0 25738 0 0
1516099318.64 0 25738 0 0
1516099318.74 0 27252 0 0
1516099318.84 0 27252 0 0
1516099318.94 0 30280 0 0
1516099319.05 0 33308 0 0
1516099319.14 0 30280 0 0
1516099319.24 0 30280 0 0
1516099319.35 0 30280 0 0
1516099319.44 0 30280 0 0
1516099319.55 0 31794 0 0
1516099319.64 0 28766 0 0
1516099319.74 0 31794 0 0
1516099319.84 0 25738 0 0
1516099319.94 0 27252 0 0
1516099320.04 0 28766 0 0
1516099320.14 0 28766 0 0
1516099320.24 0 27252 0 0
1516099320.34 0 28766 0 0
1516099320.44 0 25738 0 0
1516099320.54 0 28766 0 0
1516099320.64 0 28766 0 0
1516099320.74 0 27252 0 0
1516099320.84 0 28766 0 0
1516099320.94 0 28766 0 0
1516099321.04 0 27252 0 0
1516099321.14 0 28766 0 0
1516099321.25 0 28766 0 0
1516099321.34 0 27252 0 0
1516099321.44 0 28766 0 0
1516099321.55 0 28766 0 0
1516099321.64 0 27252 0 0
1516099321.75 0 28766 0 0
1516099321.85 0 27252 0 0
1516099321.94 0 28766 0 0
1516099322.04 0 27252 0 0
1516099322.15 0 30280 0 0
1516099322.25 0 27252 0 0
1516099322.34 0 28766 0 0
1516099322.44 0 28766 0 0
1516099322.55 0 28766 0 0
1516099322.65 0 28766 0 0
1516099322.75 0 28766 0 0
1516099322.85 0 28766 0 0
1516099322.95 0 28766 0 0
1516099323.06 0 30280 0 0
1516099323.17 0 31794 0 0
1516099323.26 0 25738 0 0
1516099323.36 0 28766 0 0
1516099323.47 0 28766 0 0
1516099323.56 0 27252 0 0
1516099323.66 0 27252 0 0
1516099323.76 0 28766 0 0
1516099323.86 0 28766 0 0
1516099323.96 0 28766 0 0
1516099324.06 0 27252 0 0
1516099324.16 0 30280 0 0
1516099324.26 0 27252 0 0
1516099324.36 0 28766 0 0
1516099324.46 0 28766 0 0
1516099324.56 0 28766 0 0
1516099324.66 0 28766 0 0
1516099324.76 0 27252 0 0
1516099324.86 0 28766 0 0
1516099324.96 0 30280 0 0
1516099325.07 0 28766 0 0
1516099325.17 0 28766 0 0
1516099325.26 0 27252 0 0
1516099325.37 0 28766 0 0
1516099325.46 0 28766 0 0
1516099325.57 0 28766 0 0
1516099325.66 0 28766 0 0
1516099325.77 0 28766 0 0
1516099325.87 0 28766 0 0
1516099325.97 0 27252 0 0
1516099326.07 0 28766 0 0
1516099326.17 0 28766 0 0
1516099326.27 0 28766 0 0
1516099326.37 0 28766 0 0
1516099326.47 0 28766 0 0
1516099326.57 0 28766 0 0
1516099326.67 0 28766 0 0
1516099326.77 0 28766 0 0
1516099326.87 0 28766 0 0
1516099326.97 0 27252 0 0
1516099327.07 0 28766 0 0
1516099327.17 0 28766 0 0
1516099327.27 0 28766 0 0
1516099327.37 0 30280 0 0
1516099327.47 0 28766 0 0
1516099327.57 0 28766 0 0
1516099327.68 0 30280 0 0
1516099327.78 0 28766 0 0
1516099327.88 0 28766 0 0
1516099327.98 0 27252 0 0
1516099328.08 0 30280 0 0
1516099328.18 0 27252 0 0
1516099328.29 0 31794 0 0
1516099328.38 0 25738 0 0
1516099328.48 0 28766 0 0
1516099328.58 0 28766 0 0
1516099328.68 0 27252 0 0
1516099328.78 0 28766 0 0
1516099328.88 0 28766 0 0
1516099328.98 0 28766 0 0
1516099329.08 0 28766 0 0
1516099329.18 0 28766 0 0
1516099329.28 0 28766 0 0
1516099329.38 0 28766 0 0
1516099329.48 0 28766 0 0
1516099329.58 0 28766 0 0
1516099329.68 0 28766 0 0
1516099329.78 0 30280 0 0
1516099329.88 0 25738 0 0
1516099329.98 0 28766 0 0
1516099330.08 0 30280 0 0
1516099330.18 0 28766 0 0
1516099330.28 0 28766 0 0
1516099330.38 0 25738 0 0
1516099330.48 0 28766 0 0
1516099330.58 0 28766 0 0
1516099330.68 0 30280 0 0
1516099330.78 0 28766 0 0
1516099330.88 0 27252 0 0
1516099330.98 0 28766 0 0
1516099331.08 0 28766 0 0
1516099331.19 0 30280 0 0
1516099331.29 0 28766 0 0
1516099331.39 0 27252 0 0
1516099331.49 0 30280 0 0
1516099331.59 0 27252 0 0
1516099331.7 0 31794 0 0
1516099331.79 0 27252 0 0
1516099331.89 0 28766 0 0
1516099332.0 0 27252 0 0
1516099332.1 0 28766 0 0
1516099332.19 0 28766 0 0
1516099332.29 0 28766 0 0
1516099332.39 0 28766 0 0
1516099332.49 0 30280 0 0
1516099332.59 0 27252 0 0
1516099332.69 0 30280 0 0
1516099332.79 0 28766 0 0
1516099332.89 0 28766 0 0
1516099332.99 0 27252 0 0
1516099333.09 0 30280 0 0
1516099333.19 0 30280 0 0
1516099333.29 0 25738 0 0
1516099333.38 0 28766 0 0
1516099333.49 0 28766 0 0
1516099333.59 0 30280 0 0
1516099333.69 0 28766 0 0
1516099333.79 0 28766 0 0
1516099333.89 0 28766 0 0
1516099333.99 0 30280 0 0
1516099334.09 0 28766 0 0
1516099334.19 0 28766 0 0
1516099334.29 0 28766 0 0
1516099334.39 0 30280 0 0
1516099334.5 0 30280 0 0
1516099334.59 0 27252 0 0
1516099334.7 0 31794 0 0
1516099334.8 0 28766 0 0
1516099334.9 0 28766 0 42
1516099335.0 0 30280 0 0
1516099335.1 0 28766 0 0
1516099335.2 0 30280 0 0
1516099335.29 0 27252 0 0
1516099335.39 0 28766 0 0
1516099335.49 0 28766 0 0
1516099335.59 0 28766 0 0
1516099335.69 0 30280 0 0
1516099335.79 0 28766 0 0
1516099335.89 0 28766 0 0
1516099335.99 0 30280 0 0
1516099336.09 0 28766 0 0
1516099336.19 0 30280 0 0
1516099336.29 0 28766 0 0
1516099336.39 0 28766 0 0
1516099336.49 0 30280 0 0
1516099336.59 0 28766 0 0
1516099336.7 0 30280 0 0
1516099336.8 0 28766 0 0
1516099336.9 0 30280 0 0
1516099337.0 0 28766 0 0
1516099337.1 0 28766 0 0
1516099337.2 0 30280 0 0
1516099337.3 0 28766 0 0
1516099337.4 0 28766 0 0
1516099337.5 0 30280 0 0
1516099337.6 0 28766 0 0
1516099337.7 0 28766 0 0
1516099337.8 0 30280 0 0
1516099337.9 0 28766 0 0
1516099338.0 0 28766 0 0
1516099338.1 0 30280 0 0
1516099338.2 0 28766 0 0
1516099338.3 0 30280 0 0
1516099338.4 0 30280 0 0
1516099338.5 0 28766 0 0
1516099338.61 0 30280 0 0
1516099338.71 0 30280 0 0
1516099338.81 0 28766 0 0
1516099338.91 0 28766 0 0
1516099339.0 0 28766 0 0
1516099339.11 0 28766 0 0
1516099339.2 0 30280 0 0
1516099339.3 0 28766 0 0
1516099339.41 0 30280 0 0
1516099339.5 0 28766 0 0
1516099339.6 0 25738 0 0
1516099339.7 0 28766 0 0
1516099339.8 0 30280 0 0
1516099339.9 0 30280 0 0
1516099340.0 0 28766 0 42
1516099340.1 0 28766 0 0
1516099340.2 0 30280 0 0
1516099340.3 0 28766 0 0
1516099340.41 0 30280 0 0
1516099340.51 0 28766 0 0
1516099340.61 0 28766 0 0
1516099340.71 0 30280 0 0
1516099340.81 0 28766 0 0
1516099340.91 0 28766 0 0
1516099341.01 0 30280 0 0
1516099341.11 0 30280 0 0
1516099341.21 0 28766 0 0
1516099341.31 0 28766 0 0
1516099341.41 0 28766 0 0
1516099341.51 0 30280 0 0
1516099341.61 0 30280 0 0
1516099341.71 0 28766 0 0
1516099341.81 0 28766 0 0
1516099341.91 0 30280 0 0
1516099342.01 0 28766 0 0
1516099342.11 0 30280 0 0
1516099342.21 0 28766 0 0
1516099342.32 0 31794 0 0
1516099342.41 0 27252 0 0
1516099342.52 0 30280 0 0
1516099342.62 0 30280 0 0
1516099342.72 0 27252 0 0
1516099342.82 0 30280 0 0
1516099342.92 0 30280 0 0
1516099343.02 0 28766 0 0
1516099343.12 0 28766 0 0
1516099343.23 0 31794 0 0
1516099343.33 0 30280 0 0
1516099343.43 0 25738 0 0
1516099343.52 0 28766 0 0
1516099343.62 0 30280 0 0
1516099343.72 0 28766 0 0
1516099343.82 0 27252 0 0
1516099343.92 0 30280 0 0
1516099344.02 0 28766 0 0
1516099344.12 0 28766 0 0
1516099344.22 0 28766 0 0
1516099344.32 0 28766 0 0
1516099344.42 0 30280 0 0
1516099344.52 0 28766 0 0
1516099344.62 0 28766 0 0
1516099344.72 0 30280 0 0
1516099344.82 0 28766 0 0
1516099344.92 0 28766 0 0
1516099345.02 0 30280 0 0
1516099345.12 0 28766 0 0
1516099345.22 0 28766 0 0
1516099345.32 0 30280 0 0
1516099345.42 0 28766 0 0
1516099345.52 0 28766 0 0
1516099345.62 0 30280 0 0
1516099345.72 0 28766 0 0
1516099345.82 0 28766 0 0
1516099345.92 0 30280 0 0
1516099346.03 0 28766 0 0
1516099346.12 0 30280 0 0
1516099346.22 0 28766 0 0
1516099346.32 0 28766 0 0
1516099346.43 0 30280 0 0
1516099346.52 0 28766 0 0
1516099346.63 0 30280 0 0
1516099346.73 0 30280 0 0
1516099346.83 0 28766 0 0
1516099346.94 0 30280 0 0
1516099347.04 0 31794 0 0
1516099347.14 0 28766 0 0
1516099347.24 0 28766 0 0
1516099347.35 0 30280 0 0
1516099347.45 0 30280 0 0
1516099347.55 0 30280 0 0
1516099347.64 0 27252 0 0
1516099347.75 0 30280 0 0
1516099347.85 0 28766 0 0
1516099347.95 0 30280 0 0
1516099348.05 0 28766 0 0
1516099348.15 0 30280 0 0
1516099348.25 0 28766 0 0
1516099348.35 0 28766 0 0
1516099348.45 0 30280 0 0
1516099348.55 0 28766 0 0
1516099348.65 0 30280 0 0
1516099348.75 0 28766 0 0
1516099348.85 0 30280 0 0
1516099348.95 0 28766 0 0
1516099349.05 0 30280 0 0
1516099349.15 0 28766 0 0
1516099349.25 0 30280 0 0
1516099349.35 0 28766 0 0
1516099349.45 0 30280 0 0
1516099349.55 0 28766 0 0
1516099349.65 0 28766 0 0
1516099349.75 0 30280 0 0
1516099349.85 0 28766 0 0
1516099349.95 0 28766 0 0
1516099350.05 0 30280 0 0
1516099350.15 0 27252 0 0
1516099350.25 0 30280 0 0
1516099350.35 0 28766 0 0
1516099350.45 0 30280 0 0
1516099350.55 0 28766 0 0
1516099350.65 0 30280 0 0
1516099350.75 0 28766 0 0
1516099350.85 0 28766 0 0
1516099350.95 0 28766 0 0
1516099351.06 0 30280 0 0
1516099351.16 0 28766 0 0
1516099351.26 0 30280 0 0
1516099351.36 0 30280 0 0
1516099351.46 0 28766 0 0
1516099351.57 0 31794 0 0
1516099351.66 0 28766 0 0
1516099351.77 0 28766 0 0
1516099351.87 0 30280 0 0
1516099351.97 0 31794 0 0
1516099352.07 0 27252 0 0
1516099352.18 0 30280 0 0
1516099352.28 0 28766 0 0
1516099352.38 0 31794 0 0
1516099352.48 0 27252 0 0
1516099352.58 0 28766 0 0
1516099352.69 0 31794 0 0
1516099352.79 0 30280 0 0
1516099352.89 0 28766 0 0
1516099352.99 0 30280 0 0
1516099353.1 0 31794 0 0
1516099353.2 0 30280 0 0
1516099353.29 0 27252 0 0
1516099353.4 0 30280 0 0
1516099353.5 0 28766 0 0
1516099353.6 0 30280 0 0
1516099353.71 0 31794 0 0
1516099353.81 0 28766 0 0
1516099353.9 0 27252 0 0
1516099354.01 0 30280 0 0
1516099354.11 0 28766 0 0
1516099354.2 0 28766 0 0
1516099354.3 0 28766 0 0
1516099354.41 0 28766 0 0
1516099354.51 0 30280 0 0
1516099354.6 0 27252 0 0
1516099354.71 0 30280 0 0
1516099354.8 0 28766 0 0
1516099354.9 0 28766 0 0
1516099355.01 0 30280 0 0
1516099355.1 0 28766 0 0
1516099355.2 0 28766 0 0
1516099355.31 0 28766 0 0
1516099355.41 0 28766 0 0
1516099355.51 0 28766 0 0
1516099355.6 0 28766 0 0
1516099355.7 0 28766 0 0
1516099355.81 0 30280 0 0
1516099355.91 0 28766 0 0
1516099356.01 0 30280 0 0
1516099356.11 0 28766 0 0
1516099356.21 0 28766 0 0
1516099356.31 0 28766 0 0
1516099356.41 0 30280 0 0
1516099356.51 0 28766 0 0
1516099356.61 0 28766 0 0
1516099356.71 0 28766 0 0
1516099356.81 0 30280 0 0
1516099356.91 0 28766 0 0
1516099357.01 0 30280 0 0
1516099357.12 0 31794 0 0
1516099357.21 0 28766 0 0
1516099357.32 0 28766 0 0
1516099357.41 0 28766 0 0
1516099357.52 0 28766 0 0
1516099357.61 0 27252 0 0
1516099357.71 0 30280 0 0
1516099357.81 0 28766 0 0
1516099357.92 0 30280 0 0
1516099358.01 0 28766 0 0
1516099358.12 0 28766 0 0
1516099358.22 0 30280 0 0
1516099358.32 0 27252 0 0
1516099358.42 0 28766 0 0
1516099358.52 0 28766 0 0
1516099358.62 0 27252 0 0
1516099358.72 0 30280 0 0
1516099358.82 0 28766 0 0
1516099358.92 0 28766 0 0
1516099359.02 0 28766 0 0
1516099359.12 0 28766 0 0
1516099359.22 0 30280 0 0
1516099359.32 0 28766 0 0
1516099359.42 0 28766 0 0
1516099359.52 0 30280 0 0
1516099359.62 0 28766 0 0
1516099359.72 0 28766 0 0
1516099359.82 0 28766 0 0
1516099359.92 0 30280 0 0
1516099360.02 0 28766 0 0
1516099360.12 0 28766 0 0
1516099360.22 0 28766 0 0
1516099360.32 0 28766 0 0
1516099360.42 0 28766 0 0
1516099360.52 0 28766 0 0
1516099360.62 0 30280 0 0
1516099360.72 0 28766 0 0
1516099360.82 0 28766 0 0
1516099360.92 0 30280 0 0
1516099361.02 0 28766 0 0
1516099361.12 0 28766 0 0
1516099361.22 0 30280 0 0
1516099361.33 0 30280 0 0
1516099361.42 0 27252 0 0
1516099361.52 0 30280 0 0
1516099361.62 0 28766 0 0
1516099361.73 0 31794 0 0
1516099361.82 0 27252 0 0
1516099361.93 0 30280 0 0
1516099362.03 0 30280 0 0
1516099362.13 0 28766 0 0
1516099362.23 0 27252 0 0
1516099362.33 0 30280 0 42
1516099362.43 0 28766 0 0
1516099362.53 0 28766 0 0
1516099362.63 0 30280 0 0
1516099362.73 0 27252 0 0
1516099362.83 0 28766 0 0
1516099362.93 0 30280 0 0
1516099363.03 0 28766 0 0
1516099363.13 0 27252 0 0
1516099363.23 0 28766 0 0
1516099363.33 0 30280 0 0
1516099363.43 0 28766 0 0
1516099363.53 0 28766 0 0
1516099363.63 0 28766 0 0
1516099363.73 0 30280 0 0
1516099363.83 0 28766 0 0
1516099363.93 0 28766 0 0
1516099364.03 0 30280 0 0
1516099364.13 0 28766 0 0
1516099364.23 0 28766 0 0
1516099364.33 0 28766 0 0
1516099364.43 0 28766 0 0
1516099364.53 0 30280 0 0
1516099364.63 0 30280 0 0
1516099364.73 0 27252 0 0
1516099364.83 0 28766 0 0
1516099364.93 0 28766 0 0
1516099365.03 0 30280 0 0
1516099365.13 0 28766 0 0
1516099365.23 0 27252 0 0
1516099365.33 0 30280 0 0
1516099365.43 0 30280 0 0
1516099365.53 0 28766 0 0
1516099365.63 0 28766 0 0
1516099365.73 0 28766 0 0
1516099365.84 0 30280 0 0
1516099365.93 0 28766 0 0
1516099366.04 0 30280 0 0
1516099366.14 0 28766 0 0
1516099366.24 0 30280 0 0
1516099366.34 0 28766 0 0
1516099366.45 0 30280 0 0
1516099366.54 0 28766 0 0
1516099366.64 0 28766 0 0
1516099366.75 0 30280 0 0
1516099366.85 0 30280 0 0
1516099366.94 0 27252 0 0
1516099367.05 0 30280 0 0
1516099367.14 0 28766 0 0
1516099367.24 0 28766 0 0
1516099367.35 0 28766 0 0
1516099367.44 0 28766 0 42
1516099367.54 0 28766 0 0
1516099367.64 0 30280 0 0
1516099367.74 0 28766 0 0
1516099367.85 0 28766 0 0
1516099367.95 0 30280 0 0
1516099368.05 0 28766 0 0
1516099368.15 0 28766 0 0
1516099368.25 0 30280 0 0
1516099368.35 0 28766 0 0
1516099368.45 0 28766 0 0
1516099368.55 0 28766 0 0
1516099368.65 0 30280 0 0
1516099368.75 0 28766 0 0
1516099368.85 0 30280 0 0
1516099368.95 0 28766 0 0
1516099369.05 0 28766 0 0
1516099369.15 0 28766 0 0
1516099369.25 0 30280 0 0
1516099369.35 0 28766 0 0
1516099369.45 0 28766 0 0
1516099369.55 0 30280 0 0
1516099369.65 0 28766 0 0
1516099369.75 0 28766 0 0
1516099369.85 0 30280 0 0
1516099369.95 0 28766 0 0
1516099370.05 0 28766 0 0
1516099370.15 0 30280 0 0
1516099370.25 0 28766 0 0
1516099370.35 0 28766 0 0
1516099370.45 0 30280 0 0
1516099370.55 0 30280 0 0
1516099370.66 0 31794 0 0
1516099370.76 0 28766 0 0
1516099370.85 0 27252 0 0
1516099370.96 0 30280 0 0
1516099371.05 0 28766 0 0
1516099371.17 0 31794 0 0
1516099371.25 0 27252 0 0
1516099371.35 0 28766 0 0
1516099371.45 0 30280 0 0
1516099371.55 0 28766 0 0
1516099371.65 0 30280 0 0
1516099371.75 0 28766 0 0
1516099371.85 0 28766 0 0
1516099371.96 0 30280 0 0
1516099372.05 0 30280 0 0
1516099372.16 0 28766 0 0
1516099372.26 0 30280 0 0
1516099372.36 0 30280 0 0
1516099372.46 0 28766 0 0
1516099372.56 0 28766 0 0
1516099372.66 0 30280 0 0
1516099372.76 0 28766 0 0
1516099372.86 0 30280 0 0
1516099372.96 0 28766 0 0
1516099373.06 0 30280 0 0
1516099373.16 0 28766 0 0
1516099373.26 0 30280 0 0
1516099373.36 0 28766 0 0
1516099373.46 0 30280 0 0
1516099373.56 0 28766 0 0
1516099373.66 0 30280 0 0
1516099373.76 0 28766 0 0
1516099373.86 0 28766 0 0
1516099373.96 0 30280 0 0
1516099374.06 0 30280 0 0
1516099374.17 0 30280 0 0
1516099374.26 0 28766 0 0
1516099374.36 0 28766 0 0
1516099374.46 0 30280 0 0
1516099374.57 0 30280 0 0
1516099374.66 0 28766 0 0
1516099374.77 0 30280 0 0
1516099374.87 0 30280 0 0
1516099374.97 0 30280 0 0
1516099375.08 0 31794 0 0
1516099375.17 0 27252 0 0
1516099375.28 0 30280 0 0
1516099375.37 0 28766 0 0
1516099375.47 0 28766 0 0
1516099375.57 0 30280 0 0
1516099375.67 0 28766 0 0
1516099375.77 0 30280 0 0
1516099375.87 0 28766 0 0
1516099375.97 0 30280 0 0
1516099376.07 0 28766 0 0
1516099376.17 0 30280 0 0
1516099376.27 0 28766 0 0
1516099376.37 0 28766 0 0
1516099376.47 0 30280 0 0
1516099376.57 0 28766 0 0
1516099376.67 0 30280 0 0
1516099376.77 0 30280 0 0
1516099376.87 0 28766 0 0
1516099376.97 0 28766 0 0
1516099377.07 0 30280 0 0
1516099377.17 0 28766 0 0
1516099377.28 0 30280 0 0
1516099377.37 0 28766 0 0
1516099377.47 0 30280 0 0
1516099377.58 0 30280 0 0
1516099377.68 0 28766 0 0
1516099377.78 0 30280 0 0
1516099377.88 0 30280 0 0
1516099377.98 0 28766 0 0
1516099378.08 0 28766 0 0
1516099378.18 0 28766 0 0
1516099378.28 0 30280 0 0
1516099378.38 0 30280 0 0
1516099378.48 0 28766 0 0
1516099378.58 0 31794 0 0
1516099378.68 0 28766 0 0
1516099378.79 0 31794 0 0
1516099378.88 0 27252 0 0
1516099378.98 0 30280 0 0
1516099379.09 0 31794 0 0
1516099379.2 0 30280 0 0
1516099379.29 0 27252 0 0
1516099379.39 0 30280 0 0
1516099379.49 0 30280 0 0
1516099379.6 0 30280 0 0
1516099379.69 0 28766 0 0
1516099379.8 0 28766 0 0
1516099379.89 0 30280 0 0
1516099380.0 0 30280 0 0
1516099380.1 0 30280 0 0
1516099380.2 0 31794 0 0
1516099380.31 0 30280 0 0
1516099380.4 0 28766 0 0
1516099380.5 0 30280 0 0
1516099380.6 0 30280 0 0
1516099380.71 0 30280 0 0
1516099380.81 0 28766 0 0
1516099380.9 0 28766 0 0
1516099381.0 0 30280 0 0
1516099381.1 0 30280 0 0
1516099381.21 0 30280 0 0
1516099381.3 0 28766 0 0
1516099381.4 0 28766 0 0
1516099381.51 0 30280 0 0
1516099381.6 0 30280 0 0
1516099381.7 0 28766 0 0
1516099381.8 0 30280 0 0
1516099381.9 0 30280 0 0
1516099382.01 0 30280 0 0
1516099382.12 1514 31794 0 0
1516099382.21 0 28766 0 0
1516099382.31 0 18168 0 0
1516099382.41 0 0 0 0
1516099382.52 0 0 0 0
1516099382.62 0 0 0 0
1516099382.72 0 0 0 0
1516099382.81 0 16654 0 0
1516099382.92 0 16654 0 0
1516099383.02 0 6056 0 0
1516099383.13 0 9084 0 0
1516099383.23 0 1514 0 0
1516099383.33 0 0 0 0
1516099383.43 0 0 0 0
1516099383.53 0 4542 0 0
1516099383.64 0 0 0 3540
1516099383.73 0 0 0 0
1516099383.83 0 0 0 0
1516099383.93 0 0 0 0
1516099384.03 0 1514 0 0
1516099384.13 0 3028 0 0
1516099384.23 0 1514 0 0
1516099384.33 0 1514 0 0
1516099384.43 0 1514 0 0
1516099384.53 0 1514 0 0
1516099384.63 0 1514 0 0
1516099384.73 0 1514 0 0
1516099384.83 0 3028 0 0
1516099384.93 0 0 0 0
1516099385.03 0 0 0 0
1516099385.13 0 0 0 0
1516099385.24 0 0 0 590
1516099385.34 0 0 0 0
1516099385.44 0 0 0 0
1516099385.54 0 0 0 0
1516099385.64 0 0 0 0
1516099385.74 0 0 0 0
1516099385.84 0 0 0 0
1516099385.94 0 0 0 0
1516099386.04 0 0 0 0
1516099386.14 0 0 0 0
1516099386.24 0 0 0 0
1516099386.34 0 0 0 0
1516099386.44 0 0 0 0
1516099386.54 0 0 0 0
1516099386.64 0 0 0 0
1516099386.74 0 0 0 0
1516099386.84 0 0 0 0
1516099386.94 0 0 0 0
1516099387.04 0 0 0 0
1516099387.14 0 0 0 0
1516099387.24 0 0 0 0
1516099387.34 0 0 0 0
1516099387.44 0 0 0 0
1516099387.54 0 0 0 0
1516099387.64 0 0 0 0
1516099387.74 0 0 0 0
1516099387.84 0 0 0 0
1516099387.94 0 0 0 0
1516099388.04 0 0 0 0
1516099388.15 0 0 0 0
1516099388.24 0 0 0 0
1516099388.35 0 0 0 0
1516099388.45 0 0 0 0
1516099388.55 0 0 0 0
1516099388.65 0 0 0 0
1516099388.75 0 0 0 0
1516099388.86 0 0 0 0
1516099388.98 0 0 0 0
1516099389.07 0 0 0 0
1516099389.17 0 0 0 0
1516099389.27 0 0 0 0
1516099389.37 0 0 0 0
1516099389.49 0 0 0 0
1516099389.62 0 0 0 0
1516099389.71 0 0 0 42
1516099389.81 0 0 0 0
1516099389.91 0 0 0 0
1516099390.01 0 0 0 0
1516099390.11 0 0 0 0
1516099390.21 0 0 0 0
1516099390.31 0 0 0 0
1516099390.41 0 0 0 0
1516099390.52 0 0 0 0
1516099390.61 0 0 0 0
1516099390.71 0 0 0 0
1516099390.81 0 0 0 0
1516099390.91 0 0 0 0
1516099391.02 0 0 0 0
1516099391.11 0 0 0 0
1516099391.22 0 0 0 0
1516099391.32 0 0 0 0
1516099391.43 0 0 0 0
1516099391.58 0 0 0 0
1516099391.68 0 0 0 0
1516099391.78 0 0 0 0
1516099391.88 0 0 0 0
1516099391.98 0 0 0 0
1516099392.1 0 0 0 0
1516099392.21 0 0 0 0
1516099392.31 0 0 0 0
1516099392.41 0 0 0 0
1516099392.51 0 0 0 0
1516099392.61 0 0 0 0
1516099392.71 0 0 0 0
1516099392.81 0 0 0 0
1516099392.91 0 0 0 0
1516099393.01 0 0 0 0
1516099393.11 0 0 0 0
1516099393.23 0 0 0 0
1516099393.35 0 0 0 0
1516099393.45 0 0 0 0
1516099393.55 0 0 0 0
1516099393.65 0 0 0 0
1516099393.75 0 0 0 0
1516099393.88 0 0 0 0
1516099394.0 0 0 0 0
1516099394.09 0 0 0 0
1516099394.19 0 0 0 0
1516099394.29 0 0 0 0
1516099394.4 0 0 0 0
1516099394.49 0 0 0 0
1516099394.59 0 0 0 0
1516099394.69 0 0 0 0
1516099394.79 0 0 0 0
1516099394.89 0 0 0 0
1516099394.99 0 0 0 0
1516099395.09 0 0 0 0
1516099395.19 0 0 0 0
1516099395.29 0 0 0 0
1516099395.39 0 0 0 0
1516099395.49 0 0 0 0
1516099395.59 0 0 0 0
1516099395.69 0 0 0 0
1516099395.79 0 0 0 0
1516099395.9 0 0 0 0
1516099395.99 0 0 0 0
1516099396.09 0 0 0 0
1516099396.19 0 0 0 0
1516099396.3 0 0 0 0
1516099396.41 0 0 0 0
1516099396.53 0 0 0 0
1516099396.63 0 0 0 0
1516099396.73 0 0 0 0
1516099396.83 0 0 0 0
1516099396.93 0 0 0 0
1516099397.03 0 0 0 0
1516099397.13 0 0 0 0
1516099397.23 0 0 0 0
1516099397.33 0 0 0 0
1516099397.43 0 0 0 0
1516099397.53 0 0 0 0
1516099397.63 0 0 0 0
1516099397.75 0 0 0 0
1516099397.86 0 0 0 0
1516099397.95 0 0 0 0
1516099398.07 0 0 0 0
1516099398.21 0 0 0 0
1516099398.3 0 0 0 0
1516099398.4 0 0 0 0
1516099398.5 0 0 0 0
1516099398.6 0 0 0 0
1516099398.7 0 0 0 0
1516099398.8 0 0 0 0
1516099398.9 0 0 0 0
1516099399.02 0 0 0 0
1516099399.16 0 0 0 0
1516099399.25 0 0 0 0
1516099399.36 0 0 0 0
1516099399.45 0 0 0 0
1516099399.55 0 0 0 0
1516099399.65 0 0 0 0
1516099399.75 0 0 0 0
1516099399.85 0 0 0 0
1516099399.96 0 0 0 0
1516099400.05 0 0 0 0
1516099400.16 0 0 0 0
1516099400.25 0 0 0 0
1516099400.36 0 0 0 0
1516099400.46 0 0 0 0
1516099400.55 0 0 0 0
1516099400.66 0 0 0 0
1516099400.76 0 0 0 0
1516099400.86 0 0 0 0
1516099400.96 0 0 0 0
1516099401.06 0 0 0 0
1516099401.16 0 0 0 0
1516099401.26 0 0 0 0
1516099401.36 0 0 0 0
1516099401.46 0 0 0 0
1516099401.56 0 0 0 0
1516099401.66 0 0 0 0
1516099401.76 0 0 0 0
1516099401.86 0 0 0 0
1516099401.97 0 0 0 0
1516099402.05 0 0 0 0
1516099402.16 0 0 0 0
1516099402.26 0 0 0 0
1516099402.35 0 0 0 0
1516099402.46 0 0 0 0
1516099402.56 0 0 0 0
1516099402.65 0 0 0 0
1516099402.78 0 0 0 0
1516099402.86 0 0 0 0
1516099402.96 0 0 0 0
