1516083502.462207, 1, 12112.000000
1516083502.562477, 0, 10900.799805
1516083502.662688, 10, 130930.726562
1516083502.762948, 20, 360077.656250
1516083502.863168, 18, 542085.875000
1516083502.963334, 4, 536325.312500
1516083503.063557, 5, 543252.750000
1516083503.163747, 3, 525263.500000
1516083503.263972, 5, 533297.125000
1516083503.364147, 5, 540527.437500
1516083503.464337, 5, 547034.687500
1516083503.564606, 6, 565003.250000
1516083503.664848, 6, 581174.937500
1516083503.765104, 7, 607841.437500
1516083503.865365, 8, 643953.312500
1516083503.965601, 8, 676454.000000
1516083504.065758, 10, 729928.625000
1516083504.166009, 10, 778055.750000
1516083504.266203, 11, 833482.187500
1516083504.366411, 12, 895478.000000
1516083504.466623, 13, 963386.187500
1516083504.567029, 14, 1036615.562500
1516083504.667365, 15, 1114634.000000
1516083504.767717, 16, 1196962.625000
1516083504.867913, 16, 1271058.375000
1516083504.968079, 18, 1361968.500000
1516083505.068224, 16, 1419563.625000
1516083505.168385, 17, 1483511.250000
1516083505.268742, 17, 1541064.125000
1516083505.369117, 18, 1604973.750000
1516083505.469572, 18, 1662492.375000
1516083505.569780, 17, 1702147.125000
1516083505.669974, 19, 1762060.375000
1516083505.770375, 17, 1791758.375000
1516083505.870802, 18, 1830598.500000
1516083505.970972, 19, 1877666.625000
1516083506.071077, 18, 1907916.000000
1516083506.171440, 19, 1947252.375000
1516083506.271614, 19, 1982655.125000
1516083506.372045, 16, 1978181.625000
1516083506.472237, 18, 1998379.500000
1516083506.572366, 20, 2040781.500000
1516083506.672751, 19, 2066831.375000
1516083506.772974, 18, 2078164.250000
1516083506.873120, 20, 2112587.750000
1516083506.973297, 19, 2131457.000000
1516083507.073697, 19, 2148439.250000
1516083507.173981, 20, 2175835.250000
1516083507.274344, 19, 2188379.750000
1516083507.374578, 19, 2199669.750000
1516083507.475043, 20, 2221942.750000
1516083507.575285, 20, 2241988.500000
1516083507.675490, 20, 2260029.750000
1516083507.775935, 20, 2276266.750000
1516083507.876230, 19, 2278768.000000
1516083507.976387, 19, 2281019.250000
1516083508.076567, 17, 2258821.250000
1516083508.176746, 19, 2263067.000000
1516083508.276906, 19, 2266888.250000
1516083508.377093, 19, 2270327.500000
1516083508.477240, 20, 2285534.750000
1516083508.577401, 20, 2299221.250000
1516083508.677921, 20, 2311539.000000
1516083508.778330, 20, 2322625.000000
1516083508.878543, 21, 2344714.500000
1516083508.978976, 20, 2352483.000000
1516083509.079214, 20, 2359474.750000
1516083509.179378, 20, 2365767.250000
1516083509.279562, 18, 2347206.500000
1516083509.379750, 19, 2342613.750000
1516083509.479938, 20, 2350592.500000
1516083509.580117, 21, 2369885.250000
1516083509.680384, 20, 2375136.750000
1516083509.780839, 19, 2367751.000000
1516083509.880984, 21, 2385328.000000
1516083509.981116, 19, 2376923.250000
1516083510.081447, 20, 2381471.000000
1516083510.181648, 20, 2385564.000000
1516083510.282007, 20, 2389247.500000
1516083510.382196, 20, 2392562.750000
1516083510.482578, 19, 2383434.500000
1516083510.582768, 21, 2399443.000000
1516083510.682914, 20, 2401738.750000
1516083510.783093, 21, 2415917.000000
1516083510.883483, 19, 2404453.250000
1516083510.983732, 20, 2406248.000000
1516083511.084016, 19, 2395751.250000
1516083511.184255, 20, 2398416.000000
1516083511.284665, 21, 2412926.500000
1516083511.384847, 20, 2413873.750000
1516083511.485014, 21, 2426838.500000
1516083511.585194, 20, 2426394.750000
1516083511.685430, 21, 2438107.250000
1516083511.785596, 20, 2436536.500000
1516083511.886028, 20, 2435122.750000
1516083511.986247, 20, 2433850.500000
1516083512.086748, 20, 2432705.500000
1516083512.187009, 21, 2443787.000000
1516083512.287336, 20, 2441648.250000
1516083512.387511, 20, 2439723.500000
1516083512.487685, 18, 2413767.250000
1516083512.587854, 21, 2426742.500000
1516083512.688030, 21, 2438420.250000
1516083512.788217, 20, 2436818.250000
1516083512.888387, 20, 2435376.500000
1516083512.988647, 21, 2446190.750000
1516083513.088869, 17, 2407475.750000
1516083513.189056, 20, 2408968.250000
1516083513.289489, 20, 2410311.500000
1516083513.389892, 21, 2423632.250000
1516083513.490416, 20, 2423509.000000
1516083513.590630, 21, 2435510.000000
1516083513.690845, 19, 2422087.000000
1516083513.791058, 20, 2422118.250000
1516083513.891456, 20, 2422146.500000
1516083513.991723, 21, 2434283.750000
1516083514.092106, 20, 2433095.500000
1516083514.192260, 20, 2432026.000000
1516083514.292656, 20, 2431063.500000
1516083514.393006, 21, 2442309.250000
1516083514.493162, 20, 2440318.250000
1516083514.593260, 20, 2438526.500000
1516083514.693360, 20, 2436913.750000
1516083514.793531, 21, 2447574.500000
1516083514.894034, 18, 2420833.000000
1516083514.994425, 20, 2420989.750000
1516083515.094881, 21, 2433242.750000
1516083515.195105, 21, 2444270.500000
1516083515.295272, 20, 2442083.500000
1516083515.395444, 22, 2464339.250000
1516083515.495671, 19, 2448033.250000
1516083515.596056, 21, 2457582.000000
1516083515.696530, 21, 2466175.750000
1516083515.797007, 20, 2461798.250000
1516083515.897484, 21, 2469970.500000
1516083515.997684, 20, 2465213.500000
1516083516.097868, 21, 2473044.250000
1516083516.198419, 21, 2480091.750000
1516083516.298880, 21, 2486434.500000
1516083516.399269, 20, 2480031.000000
1516083516.499652, 19, 2462156.000000
1516083516.600176, 20, 2458180.500000
1516083516.700570, 21, 2466714.500000
1516083516.800902, 21, 2474395.000000
1516083516.901102, 19, 2457083.500000
1516083517.001299, 21, 2465727.250000
1516083517.101427, 20, 2461394.500000
1516083517.201810, 21, 2469607.000000
1516083517.302217, 21, 2476998.250000
1516083517.402405, 20, 2471538.500000
1516083517.502839, 20, 2466624.750000
1516083517.602978, 21, 2474314.250000
1516083517.703441, 20, 2469122.750000
1516083517.803851, 21, 2476562.500000
1516083517.903982, 21, 2483258.250000
1516083518.004092, 20, 2477172.500000
1516083518.104218, 21, 2483807.250000
1516083518.204320, 20, 2477666.500000
1516083518.305002, 20, 2472139.750000
1516083518.405334, 19, 2455053.750000
1516083518.505551, 20, 2451788.500000
1516083518.605667, 20, 2448849.750000
1516083518.705846, 21, 2458316.750000
1516083518.805910, 21, 2466837.000000
1516083518.906001, 20, 2462393.250000
1516083519.006132, 21, 2470506.000000
1516083519.106264, 20, 2465695.500000
1516083519.206582, 20, 2461366.000000
1516083519.306660, 20, 2457469.500000
1516083519.406971, 20, 2453962.500000
1516083519.507069, 19, 2438694.250000
1516083519.607171, 18, 2412840.750000
1516083519.707627, 21, 2425908.750000
1516083519.807880, 20, 2425558.000000
1516083519.908268, 21, 2437354.250000
1516083520.008387, 20, 2435858.750000
1516083520.108929, 20, 2434513.000000
1516083520.209379, 22, 2457525.750000
1516083520.309845, 20, 2454013.250000
1516083520.410012, 21, 2462964.000000
1516083520.510189, 20, 2458907.500000
1516083520.610283, 20, 2455256.750000
1516083520.710697, 20, 2451971.000000
1516083520.810851, 20, 2449014.000000
1516083520.910965, 21, 2458464.500000
1516083521.011138, 20, 2454858.000000
1516083521.111256, 19, 2439500.250000
1516083521.211415, 22, 2462014.250000
1516083521.311809, 19, 2445940.750000
1516083521.411969, 20, 2443586.750000
1516083521.512118, 21, 2453580.000000
1516083521.612236, 20, 2450462.000000
1516083521.712337, 20, 2447655.750000
1516083521.812447, 20, 2445130.250000
1516083521.912632, 20, 2442857.250000
1516083522.013349, 20, 2440811.500000
1516083522.113746, 20, 2438970.250000
1516083522.214355, 21, 2449425.250000
1516083522.314523, 19, 2434610.750000
1516083522.415014, 21, 2445501.750000
1516083522.515347, 21, 2455303.500000
1516083522.615440, 21, 2464125.250000
1516083522.715657, 20, 2459952.750000
1516083522.815821, 21, 2468309.500000
1516083522.916189, 20, 2463718.500000
1516083523.016378, 21, 2471698.750000
1516083523.116735, 21, 2478881.000000
1516083523.216855, 20, 2473233.000000
1516083523.317232, 20, 2468149.750000
1516083523.417722, 22, 2487798.750000
1516083523.518342, 19, 2469147.000000
1516083523.618510, 20, 2464472.250000
1516083523.718903, 21, 2472377.000000
1516083523.819015, 21, 2479491.250000
1516083523.919207, 19, 2461670.000000
1516083524.019349, 20, 2457743.000000
1516083524.119673, 20, 2454208.750000
1516083524.219903, 21, 2463140.000000
1516083524.320292, 20, 2459066.000000
1516083524.420600, 21, 2467511.500000
1516083524.520715, 20, 2463000.250000
1516083524.620911, 20, 2458940.250000
1516083524.721368, 20, 2455286.250000
1516083524.822290, 21, 2464109.500000
1516083524.922386, 21, 2472050.500000
1516083525.022485, 20, 2467085.500000
1516083525.122824, 20, 2462617.000000
1516083525.222997, 19, 2446483.250000
1516083525.323355, 20, 2444075.000000
1516083525.423482, 21, 2454019.500000
1516083525.523831, 21, 2462969.500000
1516083525.623995, 21, 2471024.500000
1516083525.724173, 20, 2466162.000000
1516083525.824332, 19, 2449673.750000
1516083525.924635, 20, 2446946.500000
1516083526.024988, 21, 2456603.750000
1516083526.125343, 21, 2465295.500000
1516083526.225599, 21, 2473118.000000
1516083526.325739, 20, 2468046.250000
1516083526.426050, 19, 2451369.500000
1516083526.526310, 21, 2460584.500000
1516083526.626454, 20, 2456766.000000
1516083526.726992, 20, 2453329.500000
1516083526.827404, 21, 2462348.500000
1516083526.927766, 21, 2470465.750000
1516083527.028044, 19, 2453547.250000
1516083527.128312, 20, 2450432.500000
1516083527.228657, 21, 2459741.250000
1516083527.329002, 21, 2468119.000000
1516083527.429170, 20, 2463547.000000
1516083527.529253, 21, 2471544.250000
1516083527.629344, 18, 2442405.750000
1516083527.729657, 21, 2452517.250000
1516083527.829814, 21, 2461617.500000
1516083527.929982, 20, 2457695.750000
1516083528.030091, 21, 2466278.250000
1516083528.130268, 18, 2437666.500000
1516083528.230361, 21, 2448251.750000
1516083528.330467, 20, 2445666.500000
1516083528.430648, 21, 2455451.750000
1516083528.530824, 20, 2452146.500000
1516083528.630966, 21, 2461283.750000
1516083528.731448, 20, 2457395.500000
1516083528.831542, 21, 2466008.000000
1516083528.931874, 20, 2461647.250000
1516083529.032075, 20, 2457722.500000
1516083529.132250, 19, 2442078.250000
1516083529.232381, 20, 2440110.500000
1516083529.332475, 19, 2426227.500000
1516083529.432606, 20, 2425844.750000
1516083529.532742, 20, 2425500.250000
1516083529.632875, 19, 2413078.250000
1516083529.733032, 19, 2401898.500000
1516083529.833127, 21, 2416060.750000
1516083529.933416, 20, 2416694.750000
1516083530.033597, 21, 2429377.250000
1516083530.133996, 20, 2428679.500000
1516083530.234785, 20, 2428051.500000
1516083530.335206, 18, 2403262.250000
1516083530.435476, 20, 2405176.000000
1516083530.535861, 20, 2406898.500000
1516083530.636077, 20, 2408448.750000
1516083530.736508, 21, 2421956.000000
1516083530.836993, 20, 2422000.500000
1516083530.937202, 21, 2434152.500000
1516083531.037574, 19, 2420865.250000
1516083531.138004, 20, 2421018.750000
1516083531.238174, 21, 2433269.000000
1516083531.338309, 21, 2444294.000000
1516083531.443377, 19, 2429992.500000
1516083531.543502, 22, 2453457.250000
1516083531.643973, 21, 2462463.500000
1516083531.744081, 20, 2458457.250000
1516083531.844166, 20, 2454851.500000
1516083531.944275, 20, 2451606.250000
1516083532.044369, 21, 2460797.500000
1516083532.145728, 19, 2444845.750000
1516083532.246191, 18, 2418377.250000
1516083532.346316, 19, 2406667.500000
1516083532.446703, 21, 2420352.750000
1516083532.546804, 20, 2420557.500000
1516083532.646894, 21, 2432853.750000
1516083532.747012, 20, 2431808.500000
1516083532.847112, 20, 2430867.750000
1516083532.947229, 20, 2430021.000000
1516083533.047423, 21, 2441371.000000
1516083533.147497, 21, 2451586.000000
1516083533.247584, 19, 2436555.500000
1516083533.347676, 20, 2435140.000000
1516083533.447805, 20, 2433866.000000
1516083533.547917, 20, 2432719.500000
1516083533.648016, 21, 2443799.500000
1516083533.748107, 20, 2441659.500000
1516083533.848192, 21, 2451845.500000
1516083533.948273, 21, 2461013.000000
1516083534.048361, 19, 2445039.750000
1516083534.148476, 21, 2454887.750000
1516083534.248642, 21, 2463751.000000
1516083534.348754, 20, 2459616.000000
1516083534.448857, 20, 2455894.500000
1516083534.548951, 19, 2440433.000000
1516083534.649119, 20, 2438629.750000
1516083534.749205, 20, 2437006.750000
1516083534.849371, 21, 2447658.000000
1516083534.949557, 21, 2457244.250000
1516083535.049747, 20, 2453759.750000
1516083535.149850, 21, 2462735.750000
1516083535.250009, 20, 2458702.250000
1516083535.350159, 20, 2455072.000000
1516083535.450295, 21, 2463916.750000
1516083535.550380, 21, 2471877.000000
1516083535.650667, 19, 2454817.250000
1516083535.750784, 20, 2451575.500000
1516083535.850879, 19, 2436546.000000
1516083535.950997, 19, 2423019.500000
1516083536.051119, 21, 2435069.500000
1516083536.151314, 20, 2433802.500000
1516083536.251399, 20, 2432662.250000
1516083536.351489, 21, 2443748.000000
1516083536.451583, 21, 2453725.250000
1516083536.551682, 20, 2450592.750000
1516083536.651805, 21, 2459885.500000
1516083536.751964, 20, 2456137.000000
1516083536.852346, 20, 2452763.250000
1516083536.952443, 20, 2449727.000000
1516083537.052540, 21, 2459106.250000
1516083537.152644, 21, 2467547.500000
1516083537.252817, 20, 2463032.750000
1516083537.352913, 21, 2471081.500000
1516083537.453017, 19, 2454101.250000
1516083537.553156, 20, 2450931.000000
1516083537.653332, 21, 2460190.000000
1516083537.753671, 20, 2456411.000000
1516083537.853866, 21, 2465122.000000
1516083537.953960, 20, 2460849.750000
1516083538.054044, 21, 2469116.750000
1516083538.154458, 20, 2464445.000000
1516083538.254680, 21, 2472352.500000
1516083538.354795, 21, 2479469.250000
1516083538.454876, 20, 2473762.250000
1516083538.554976, 17, 2432290.000000
1516083538.655109, 19, 2419189.000000
1516083538.755231, 19, 2407398.000000
1516083538.855381, 20, 2408898.250000
1516083538.955471, 21, 2422360.500000
1516083539.055636, 20, 2422364.500000
1516083539.155744, 21, 2434480.000000
1516083539.255913, 20, 2433272.000000
1516083539.356004, 20, 2432184.750000
1516083539.456153, 21, 2443318.250000
1516083539.556249, 20, 2441226.500000
1516083539.656350, 21, 2451455.750000
1516083539.756508, 20, 2448550.250000
1516083539.856585, 20, 2445935.250000
1516083539.956663, 20, 2443581.750000
1516083540.056755, 20, 2441463.500000
1516083540.156946, 21, 2451669.250000
1516083540.257021, 20, 2448742.250000
1516083540.357197, 20, 2446108.000000
1516083540.457369, 20, 2443737.250000
1516083540.557525, 21, 2453715.500000
1516083540.657877, 21, 2462696.000000
1516083540.758044, 20, 2458666.500000
1516083540.858181, 21, 2467151.750000
1516083540.958271, 18, 2438452.500000
1516083541.058595, 19, 2424735.250000
1516083541.159046, 20, 2424501.750000
1516083541.259484, 20, 2424291.500000
1516083541.359651, 20, 2424102.250000
1516083541.460167, 18, 2399708.000000
1516083541.560825, 18, 2377753.250000
1516083541.660965, 16, 2333770.000000
1516083541.761159, 16, 2294185.000000
1516083541.861348, 15, 2246446.500000
1516083541.961530, 15, 2203481.750000
1516083542.061725, 14, 2152701.500000
1516083542.161922, 15, 2119111.250000
1516083542.262143, 11, 2040432.125000
1516083542.362226, 12, 1981732.875000
1516083542.462375, 13, 1941015.625000
1516083542.562497, 13, 1904370.000000
1516083542.662585, 14, 1883501.000000
1516083542.762724, 14, 1864718.875000
1516083542.862863, 14, 1847815.000000
1516083542.963043, 14, 1832601.500000
1516083543.063444, 13, 1806797.375000
1516083543.163839, 13, 1783573.625000
1516083543.264025, 13, 1762672.250000
1516083543.364120, 14, 1755973.000000
1516083543.464466, 13, 1737831.750000
1516083543.564596, 12, 1709392.625000
1516083543.664780, 14, 1708021.375000
1516083543.764983, 12, 1682563.250000
1516083543.865164, 12, 1659650.875000
1516083543.965242, 14, 1663253.750000
1516083544.065425, 13, 1654384.375000
1516083544.165752, 13, 1646402.000000
1516083544.265865, 12, 1627105.750000
1516083544.365988, 12, 1609739.125000
1516083544.466102, 14, 1618333.250000
1516083544.566291, 13, 1613955.875000
1516083544.666379, 12, 1597904.250000
1516083544.766502, 12, 1583457.875000
1516083544.866598, 14, 1594680.125000
1516083544.966696, 13, 1592668.125000
1516083545.066881, 12, 1578745.250000
1516083545.167046, 12, 1566214.750000
1516083545.267178, 12, 1554937.250000
1516083545.367320, 13, 1556899.500000
1516083545.467482, 12, 1546553.500000
1516083545.567566, 13, 1549354.125000
1516083545.667657, 12, 1539762.750000
1516083545.767740, 12, 1531130.500000
1516083545.867838, 13, 1535473.500000
1516083545.967926, 12, 1527270.125000
1516083546.068018, 12, 1519887.125000
1516083546.168388, 13, 1525354.375000
1516083546.268547, 12, 1518163.000000
1516083546.368640, 11, 1499578.750000
1516083546.468736, 13, 1507076.875000
1516083546.568816, 12, 1501713.250000
1516083546.668927, 13, 1508997.875000
1516083546.769022, 12, 1503442.125000
1516083546.869133, 13, 1510553.875000
1516083546.969230, 11, 1492730.500000
1516083547.069322, 13, 1500913.500000
1516083547.169414, 12, 1496166.125000
1516083547.269516, 12, 1491893.500000
1516083547.369609, 13, 1500160.125000
1516083547.469785, 12, 1495488.125000
1516083547.569874, 12, 1491283.250000
1516083547.669976, 11, 1475386.875000
1516083547.770212, 13, 1485304.250000
1516083547.870292, 11, 1470005.875000
1516083547.970396, 12, 1468349.250000
1516083548.070486, 12, 1466858.375000
1516083548.170962, 13, 1477628.500000
1516083548.271324, 12, 1475209.625000
1516083548.371751, 11, 1460920.625000
1516083548.472110, 13, 1472284.500000
1516083548.572291, 9, 1434064.000000
1516083548.672423, 12, 1436001.625000
1516083548.772528, 13, 1449857.500000
1516083548.872693, 12, 1450215.750000
1516083548.972806, 11, 1438426.125000
1516083549.073166, 12, 1439927.500000
1516083549.173684, 12, 1441278.750000
1516083549.273979, 13, 1454606.875000
1516083549.374415, 12, 1454490.250000
1516083549.474520, 11, 1442273.250000
1516083549.575002, 13, 1455501.875000
1516083549.675291, 11, 1443183.750000
1516083549.775481, 12, 1444209.375000
1516083549.875575, 11, 1433020.500000
1516083549.975702, 12, 1435062.500000
1516083550.075794, 13, 1449012.250000
1516083550.175894, 12, 1449455.000000
1516083550.276149, 11, 1437741.500000
1516083550.376265, 12, 1439311.375000
1516083550.476389, 12, 1440724.250000
1516083550.576486, 13, 1454107.875000
1516083550.676570, 12, 1454041.125000
1516083550.776726, 12, 1453981.000000
1516083550.876832, 12, 1453926.875000
1516083550.977002, 12, 1453878.250000
1516083551.077091, 11, 1441722.375000
1516083551.177171, 12, 1442894.125000
1516083551.277256, 13, 1456060.750000
1516083551.377388, 12, 1455798.625000
1516083551.477738, 12, 1455562.750000
1516083551.578594, 11, 1443238.500000
1516083551.679102, 13, 1456370.625000
1516083551.779607, 11, 1443965.500000
1516083551.880042, 12, 1444913.000000
1516083551.980191, 12, 1445765.750000
1516083552.080508, 12, 1446533.125000
1516083552.180857, 12, 1447223.750000
1516083552.281305, 13, 1459957.375000
1516083552.381448, 10, 1435081.625000
1516083552.481899, 12, 1436917.500000
1516083552.582464, 12, 1438569.750000
1516083552.682900, 11, 1427944.750000
1516083552.783205, 12, 1430494.250000
1516083552.883673, 12, 1432788.875000
1516083552.984106, 12, 1434854.000000
1516083553.084269, 13, 1448824.625000
1516083553.184687, 10, 1425062.125000
1516083553.284822, 12, 1427899.875000
1516083553.385312, 12, 1430453.875000
1516083553.485503, 13, 1444864.500000
1516083553.585639, 12, 1445722.000000
1516083553.685899, 12, 1446493.750000
1516083553.789119, 11, 1435076.375000
1516083553.889615, 13, 1449024.750000
1516083553.989796, 11, 1437354.250000
1516083554.089890, 12, 1438962.875000
1516083554.189974, 13, 1452522.625000
1516083554.290596, 12, 1452614.375000
1516083554.391037, 11, 1440585.000000
1516083554.491502, 13, 1453982.500000
1516083554.591849, 9, 1417592.250000
1516083554.692038, 13, 1433289.000000
1516083554.792246, 12, 1435304.125000
1516083554.892341, 12, 1437117.750000
1516083554.992444, 11, 1426638.000000
1516083555.092543, 13, 1441430.250000
1516083555.192640, 12, 1442631.250000
1516083555.292746, 12, 1443712.125000
1516083555.392839, 13, 1456796.875000
1516083555.493123, 11, 1444349.250000
1516083555.593550, 13, 1457370.375000
1516083555.693737, 11, 1444865.375000
1516083555.793824, 12, 1445722.875000
1516083555.894445, 12, 1446494.625000
1516083555.994758, 12, 1447189.125000
1516083556.094981, 11, 1435702.250000
1516083556.195101, 12, 1437476.000000
1516083556.295514, 13, 1451184.375000
1516083556.395711, 12, 1451410.000000
1516083556.495795, 12, 1451613.000000
1516083556.596498, 12, 1451795.750000
1516083556.696983, 11, 1439848.125000
1516083556.797361, 12, 1441207.250000
1516083556.902897, 11, 1430318.500000
1516083557.003050, 12, 1432630.625000
1516083557.103139, 12, 1434711.500000
1516083557.203585, 12, 1436584.375000
1516083557.304110, 12, 1438270.000000
1516083557.404552, 11, 1427675.000000
1516083557.505008, 11, 1418139.500000
1516083557.605176, 12, 1421669.500000
1516083557.705320, 13, 1436958.500000
1516083557.805411, 11, 1426494.625000
1516083557.905517, 11, 1417077.125000
1516083558.005584, 12, 1420713.375000
1516083558.105706, 10, 1399762.000000
1516083558.205847, 12, 1405129.750000
1516083558.305928, 12, 1409960.750000
1516083558.406004, 12, 1414308.625000
1516083558.506123, 12, 1418221.750000
1516083558.606648, 12, 1421743.625000
1516083558.706835, 11, 1412801.250000
1516083558.806943, 12, 1416865.125000
1516083558.907101, 12, 1420522.625000
1516083559.007451, 11, 1411702.375000
1516083559.107877, 12, 1415876.125000
1516083559.208295, 12, 1419632.500000
1516083559.308477, 11, 1410901.250000
1516083559.408607, 13, 1427267.125000
1516083559.509064, 11, 1417772.375000
1516083559.609200, 12, 1421339.125000
1516083559.709642, 11, 1412437.250000
1516083559.810181, 12, 1416537.500000
1516083559.910565, 12, 1420227.750000
1516083560.011034, 12, 1423549.000000
1516083560.111291, 11, 1414426.125000
1516083560.211481, 11, 1406215.500000
1516083560.311576, 12, 1410938.000000
1516083560.411720, 11, 1403076.250000
1516083560.511877, 12, 1408112.625000
1516083560.612226, 12, 1412645.375000
1516083560.712582, 13, 1428836.875000
1516083560.813021, 10, 1407073.250000
1516083560.913465, 13, 1423821.875000
1516083561.013912, 11, 1414671.750000
1516083561.114201, 12, 1418548.625000
1516083561.214545, 12, 1422037.750000
1516083561.314739, 11, 1413066.000000
1516083561.415047, 13, 1429215.375000
1516083561.515252, 10, 1407413.875000
1516083561.615562, 12, 1412016.500000
1516083561.716267, 12, 1416158.875000
1516083561.816398, 12, 1419887.000000
1516083561.916476, 12, 1423242.250000
1516083562.016566, 12, 1426262.000000
1516083562.116921, 12, 1428979.750000
1516083562.217185, 11, 1419313.750000
1516083562.317357, 11, 1410614.375000
1516083562.417447, 12, 1414897.000000
1516083562.517525, 11, 1406639.250000
1516083562.617970, 11, 1399207.375000
1516083562.718416, 13, 1416742.625000
1516083562.818802, 11, 1408300.375000
1516083562.919396, 12, 1412814.375000
1516083563.019749, 11, 1404765.000000
1516083563.119927, 12, 1409632.500000
1516083563.220038, 12, 1414013.250000
1516083563.320114, 12, 1417955.875000
1516083563.420517, 12, 1421504.250000
1516083563.521009, 10, 1400473.875000
1516083563.621148, 13, 1417882.500000
1516083563.721475, 12, 1421438.250000
1516083563.821898, 11, 1412526.375000
1516083563.922179, 13, 1428729.750000
1516083564.022568, 11, 1419088.750000
1516083564.123048, 12, 1422523.875000
1516083564.223598, 10, 1401391.500000
1516083564.323795, 12, 1406596.375000
1516083564.424246, 12, 1411280.750000
1516083564.524436, 12, 1415496.625000
1516083564.624556, 11, 1407179.000000
1516083564.724643, 12, 1411805.125000
1516083564.824724, 11, 1403856.625000
1516083564.924820, 13, 1420927.000000
1516083565.024926, 11, 1412066.250000
1516083565.125032, 12, 1416203.625000
1516083565.225299, 10, 1395703.250000
1516083565.325731, 12, 1401476.875000
1516083565.425907, 12, 1406673.250000
1516083565.526345, 12, 1411349.875000
1516083565.626716, 12, 1415558.875000
1516083565.726859, 12, 1419347.000000
1516083565.826943, 11, 1410644.250000
1516083565.927080, 12, 1414923.875000
1516083566.027532, 12, 1418775.500000
1516083566.127954, 11, 1410130.000000
1516083566.228180, 12, 1414461.000000
1516083566.328545, 12, 1418358.875000
1516083566.428759, 11, 1409755.000000
1516083566.528844, 12, 1414123.500000
1516083566.628937, 11, 1405943.125000
1516083566.729028, 12, 1410692.750000
1516083566.829459, 13, 1427079.500000
1516083566.929658, 12, 1429715.500000
1516083567.029762, 11, 1419976.000000
1516083567.130304, 11, 1411210.375000
1516083567.230456, 11, 1403321.375000
1516083567.330545, 12, 1408333.250000
1516083567.430632, 11, 1400731.875000
1516083567.530721, 13, 1418114.750000
1516083567.631084, 11, 1409535.250000
1516083567.731203, 12, 1413925.750000
1516083567.831332, 12, 1417877.125000
1516083567.931521, 11, 1409321.375000
1516083568.031644, 12, 1413733.250000
1516083568.134502, 11, 1405591.875000
1516083568.234698, 12, 1410376.750000
1516083568.334838, 11, 1402571.125000
1516083568.434921, 11, 1395546.000000
1516083568.535341, 13, 1413447.375000
1516083568.635694, 11, 1405334.625000
1516083568.735800, 11, 1398033.125000
1516083568.835886, 11, 1391461.750000
1516083568.936341, 12, 1397659.625000
1516083569.036457, 12, 1403237.625000
1516083569.136912, 11, 1396145.875000
1516083569.237295, 12, 1401875.250000
1516083569.337613, 11, 1394919.750000
1516083569.438019, 12, 1400771.750000
1516083569.538580, 11, 1393926.625000
1516083569.638880, 12, 1399878.000000
1516083569.739027, 13, 1417346.250000
1516083569.840512, 11, 1408843.625000
1516083569.940887, 12, 1413303.250000
1516083570.041149, 12, 1417316.875000
1516083570.141564, 12, 1420929.250000
1516083570.241695, 11, 1412068.375000
1516083570.341810, 11, 1404093.500000
1516083570.441986, 12, 1409028.125000
1516083570.542111, 12, 1413469.250000
1516083570.642188, 11, 1405354.375000
1516083570.742274, 11, 1398051.000000
1516083570.842613, 12, 1403589.875000
1516083570.943013, 12, 1408574.875000
1516083571.043113, 11, 1400949.375000
1516083571.143268, 12, 1406198.500000
1516083571.243362, 11, 1398810.625000
1516083571.343463, 12, 1404273.500000
1516083571.443565, 11, 1397078.125000
1516083571.543743, 12, 1402714.250000
1516083571.643870, 12, 1407786.875000
1516083571.743984, 12, 1412352.250000
1516083571.844108, 10, 1392237.000000
1516083571.944358, 12, 1398357.250000
1516083572.044549, 11, 1391753.500000
1516083572.144705, 12, 1397922.125000
1516083572.244877, 12, 1403473.875000
1516083572.345047, 11, 1396358.500000
1516083572.445373, 11, 1389954.625000
1516083572.545464, 13, 1408415.125000
1516083572.645642, 11, 1400805.625000
1516083572.745802, 12, 1406069.000000
1516083572.846433, 12, 1410806.125000
1516083572.946614, 10, 1390845.500000
1516083573.046702, 12, 1397105.000000
1516083573.146777, 12, 1402738.500000
1516083573.246883, 12, 1407808.625000
1516083573.347071, 11, 1400259.750000
1516083573.447288, 11, 1393465.750000
1516083573.547392, 12, 1399463.125000
1516083573.647479, 12, 1404860.750000
1516083573.747555, 11, 1397606.625000
1516083573.847725, 11, 1391078.000000
1516083573.947815, 12, 1397314.250000
1516083574.047921, 12, 1402926.875000
1516083574.148027, 12, 1407978.250000
1516083574.248460, 11, 1400412.375000
1516083574.348929, 11, 1393603.125000
1516083574.449302, 12, 1399586.750000
1516083574.549508, 12, 1404972.125000
1516083574.649644, 11, 1397706.875000
1516083574.750152, 12, 1403280.250000
1516083574.850387, 11, 1396184.250000
1516083574.950566, 11, 1389797.875000
1516083575.050886, 13, 1408274.125000
1516083575.151363, 10, 1388566.750000
1516083575.251557, 13, 1407166.125000
1516083575.351735, 11, 1399681.500000
1516083575.451909, 11, 1392945.375000
1516083575.552124, 12, 1398994.875000
1516083575.652349, 11, 1392327.375000
1516083575.752515, 11, 1386326.625000
1516083575.852687, 12, 1393038.000000
1516083575.952937, 11, 1386966.250000
1516083576.053070, 12, 1393613.625000
1516083576.153227, 12, 1399596.250000
1516083576.253426, 11, 1392868.625000
1516083576.353666, 11, 1386813.750000
1516083576.453926, 12, 1393476.375000
1516083576.554142, 11, 1387360.750000
1516083576.655016, 12, 1393968.625000
1516083576.755286, 12, 1399915.750000
1516083576.855637, 11, 1393156.125000
1516083576.955913, 12, 1399184.500000
1516083577.056310, 12, 1404610.000000
1516083577.156502, 10, 1385269.000000
1516083577.256613, 12, 1392086.125000
1516083577.356710, 12, 1398221.500000
1516083577.457030, 11, 1391631.375000
1516083577.557189, 12, 1397812.250000
1516083577.657300, 11, 1391263.000000
1516083577.757402, 13, 1409592.750000
1516083577.857483, 10, 1389753.500000
1516083577.957572, 12, 1396122.125000
1516083578.057665, 11, 1389741.875000
1516083578.157789, 11, 1383999.750000
1516083578.257901, 12, 1390943.750000
1516083578.358115, 11, 1385081.375000
1516083578.458285, 12, 1391917.250000
1516083578.558464, 11, 1385957.500000
1516083578.658661, 11, 1380593.750000
1516083578.758792, 12, 1387878.375000
1516083578.858939, 12, 1394434.500000
1516083578.959425, 11, 1388223.000000
1516083579.059817, 12, 1394744.750000
1516083579.160033, 11, 1388502.250000
1516083579.260211, 11, 1382884.000000
1516083579.360375, 12, 1389939.625000
1516083579.460547, 10, 1372065.625000
1516083579.560728, 12, 1380203.000000
1516083579.660904, 11, 1375414.750000
1516083579.761040, 12, 1383217.250000
1516083579.861206, 12, 1390239.500000
1516083579.961285, 11, 1384447.500000
1516083580.061447, 12, 1391346.750000
1516083580.161615, 10, 1373332.125000
1516083580.261706, 12, 1381342.875000
1516083580.361899, 12, 1388552.625000
1516083580.462096, 11, 1382929.375000
1516083580.562189, 12, 1389980.500000
1516083580.662271, 11, 1384214.500000
1516083580.762398, 11, 1379025.000000
1516083580.862884, 12, 1386466.500000
1516083580.963327, 12, 1393163.875000
1516083581.063659, 10, 1374967.500000
1516083581.164103, 12, 1382814.750000
1516083581.264472, 11, 1377765.250000
1516083581.364682, 11, 1373220.750000
1516083581.464811, 12, 1381242.625000
1516083581.564901, 11, 1376350.375000
1516083581.665005, 12, 1384059.375000
1516083581.765100, 11, 1378885.500000
1516083581.865254, 12, 1386341.000000
1516083581.965350, 11, 1380938.875000
1516083582.065506, 11, 1376077.000000
1516083582.165660, 12, 1383813.250000
1516083582.265768, 12, 1390775.875000
1516083582.366257, 10, 1372818.250000
1516083582.466524, 12, 1380880.375000
1516083582.566811, 11, 1376024.375000
1516083582.666920, 12, 1383766.000000
1516083582.767292, 10, 1366509.375000
1516083582.867429, 12, 1375202.500000
1516083582.967535, 12, 1383026.250000
1516083583.067616, 11, 1377955.625000
1516083583.167691, 11, 1373392.000000
1516083583.267779, 11, 1369284.750000
1516083583.367939, 12, 1377700.250000
1516083583.468275, 11, 1373162.250000
1516083583.568452, 11, 1369078.000000
1516083583.668531, 11, 1365402.250000
1516083583.768674, 12, 1374206.000000
1516083583.868850, 11, 1370017.375000
1516083583.969266, 11, 1366247.625000
1516083584.069349, 12, 1374966.875000
1516083584.169492, 12, 1382814.250000
1516083584.269595, 14, 1414100.875000
1516083584.369704, 14, 1442258.750000
1516083584.469783, 14, 1467600.875000
1516083584.569952, 16, 1514632.750000
1516083584.670379, 19, 1593297.500000
1516083584.770754, 20, 1676207.750000
1516083584.870943, 20, 1750827.000000
1516083584.971091, 19, 1805872.250000
1516083585.071247, 21, 1879637.000000
1516083585.171326, 19, 1921801.250000
1516083585.271481, 20, 1971861.125000
1516083585.371562, 20, 2016915.000000
1516083585.471651, 20, 2057463.500000
1516083585.571803, 20, 2093957.125000
1516083585.671920, 21, 2138913.500000
1516083585.772011, 20, 2167262.250000
1516083585.872090, 21, 2204888.000000
1516083585.972170, 21, 2238751.250000
1516083586.072260, 21, 2269228.000000
1516083586.172348, 20, 2284545.250000
1516083586.272439, 21, 2310442.750000
1516083586.372588, 20, 2321638.500000
1516083586.472733, 21, 2343826.750000
1516083586.572862, 20, 2351684.000000
1516083586.673273, 20, 2358755.500000
1516083586.773365, 21, 2377232.000000
1516083586.873524, 20, 2381748.750000
1516083586.973684, 21, 2397926.000000
1516083587.073790, 20, 2400373.500000
1516083587.173912, 20, 2402576.250000
1516083587.274161, 20, 2404558.500000
1516083587.374285, 19, 2394230.750000
1516083587.474369, 21, 2409159.750000
1516083587.574489, 21, 2422595.750000
1516083587.674676, 20, 2422576.250000
1516083587.774858, 20, 2422558.500000
1516083587.874947, 19, 2410430.750000
1516083587.975033, 21, 2423739.750000
1516083588.075114, 21, 2435717.750000
1516083588.175440, 20, 2434386.000000
1516083588.275560, 21, 2445299.500000
1516083588.375685, 19, 2430897.500000
1516083588.475824, 20, 2430047.750000
1516083588.576228, 20, 2429283.000000
1516083588.676397, 21, 2440706.750000
1516083588.776559, 21, 2450988.000000
1516083588.876641, 20, 2448129.250000
1516083588.976810, 20, 2445556.250000
1516083589.077195, 20, 2443240.500000
1516083589.177331, 21, 2453268.500000
1516083589.277509, 21, 2462293.750000
1516083589.377650, 20, 2458304.500000
1516083589.477798, 21, 2466826.000000
1516083589.577890, 20, 2462383.500000
1516083589.677988, 21, 2470497.250000
1516083589.778146, 20, 2465687.500000
1516083589.878217, 21, 2473470.750000
1516083589.978281, 20, 2468363.750000
1516083590.078387, 19, 2451655.500000
1516083590.178871, 19, 2436618.000000
1516083590.279141, 20, 2435196.250000
1516083590.379331, 21, 2446028.500000
1516083590.479408, 21, 2455777.750000
1516083590.579570, 19, 2440328.000000
1516083590.679647, 21, 2450647.250000
1516083590.779745, 21, 2459934.500000
1516083590.879933, 21, 2468293.000000
1516083590.980036, 21, 2475815.750000
1516083591.080109, 21, 2482586.250000
1516083591.180182, 21, 2488679.500000
1516083591.280390, 19, 2469939.500000
1516083591.380506, 20, 2465185.500000
1516083591.480583, 20, 2460907.000000
1516083591.580943, 21, 2469168.250000
1516083591.681150, 20, 2464491.500000
1516083591.781269, 21, 2472394.250000
1516083591.881374, 19, 2455282.750000
1516083591.981553, 19, 2439882.500000
1516083592.081624, 21, 2450246.250000
1516083592.181698, 20, 2447461.500000
1516083592.281777, 21, 2457067.250000
1516083592.381997, 20, 2453600.500000
1516083592.482116, 21, 2462592.500000
1516083592.582233, 20, 2458573.250000
1516083592.682423, 21, 2467068.000000
1516083592.782568, 21, 2474713.250000
1516083592.882736, 20, 2469482.000000
1516083592.982816, 20, 2464773.750000
1516083593.082898, 20, 2460536.500000
1516083593.183050, 21, 2468834.750000
1516083593.283303, 21, 2476303.250000
1516083593.383410, 20, 2470913.000000
1516083593.483556, 20, 2466061.750000
1516083593.583644, 21, 2473807.500000
1516083593.683800, 21, 2480778.750000
1516083593.783873, 21, 2487053.000000
1516083593.883970, 20, 2480587.750000
1516083593.984068, 20, 2474769.000000
1516083594.084154, 20, 2469532.000000
1516083594.184253, 19, 2452706.750000
1516083594.284352, 20, 2449676.000000
1516083594.384475, 20, 2446948.500000
1516083594.484585, 21, 2456605.750000
1516083594.584711, 21, 2465297.250000
1516083594.684880, 20, 2461007.500000
1516083594.785013, 20, 2457146.750000
1516083594.885557, 19, 2441560.000000
1516083594.985773, 20, 2439644.000000
1516083595.085852, 21, 2450031.500000
1516083595.185951, 21, 2459380.250000
1516083595.286059, 20, 2455682.250000
1516083595.386218, 21, 2464466.000000
1516083595.486306, 19, 2448147.500000
1516083595.586382, 20, 2445572.750000
1516083595.686680, 21, 2455367.500000
1516083595.786996, 21, 2464182.750000
1516083595.887322, 20, 2460004.500000
1516083595.987418, 22, 2480468.000000
1516083596.087760, 18, 2450437.250000
1516083596.187936, 20, 2447633.500000
1516083596.288094, 20, 2445110.250000
1516083596.388241, 21, 2454951.250000
1516083596.488346, 20, 2451696.000000
1516083596.588433, 20, 2448766.500000
1516083596.688528, 21, 2458241.750000
1516083596.788902, 19, 2442545.500000
1516083596.889377, 21, 2452643.000000
1516083596.989784, 21, 2461730.750000
1516083597.090149, 20, 2457797.750000
1516083597.190318, 20, 2454258.000000
1516083597.290573, 20, 2451072.250000
1516083597.390758, 20, 2448205.000000
1516083597.491019, 20, 2445624.500000
1516083597.591181, 21, 2455414.000000
1516083597.691488, 21, 2464224.500000
1516083597.791749, 20, 2460042.000000
1516083597.891910, 20, 2456277.750000
1516083597.992009, 20, 2452890.000000
1516083598.092118, 21, 2461953.000000
1516083598.192612, 21, 2470109.750000
1516083598.293053, 20, 2465338.750000
1516083598.393603, 21, 2473157.000000
1516083598.493939, 21, 2480193.250000
1516083598.594157, 20, 2474414.000000
1516083598.694346, 21, 2481324.500000
1516083598.794506, 21, 2487544.000000
1516083598.894611, 20, 2481029.500000
1516083598.994798, 20, 2475166.500000
1516083599.094950, 20, 2469889.750000
1516083599.195411, 21, 2477252.750000
1516083599.295580, 20, 2471767.500000
1516083599.395698, 21, 2478942.750000
1516083599.495892, 20, 2473288.500000
1516083599.596110, 20, 2468199.750000
1516083599.696330, 21, 2475731.750000
1516083599.796642, 21, 2482510.500000
1516083599.897151, 21, 2488611.500000
1516083599.997569, 20, 2481990.250000
1516083600.098023, 21, 2488143.250000
1516083600.198352, 20, 2481569.000000
1516083600.298459, 21, 2487764.000000
1516083600.398633, 21, 2493339.500000
1516083600.498747, 19, 2474133.500000
1516083600.598873, 21, 2481072.250000
1516083600.699069, 19, 2463093.000000
1516083600.799297, 21, 2471135.750000
1516083600.899677, 21, 2478374.250000
1516083600.999928, 20, 2472776.750000
1516083601.100220, 20, 2467739.000000
1516083601.200335, 22, 2487429.000000
1516083601.300443, 21, 2493038.000000
1516083601.400566, 20, 2485974.250000
1516083601.500698, 22, 2503840.750000
1516083601.600860, 20, 2495696.750000
1516083601.701698, 21, 2500479.000000
1516083601.801884, 18, 2468447.000000
1516083601.901969, 20, 2463842.250000
1516083602.002044, 21, 2471810.000000
1516083602.102555, 21, 2478981.000000
1516083602.202729, 20, 2473323.000000
1516083602.303085, 21, 2480342.750000
1516083602.403485, 20, 2474548.500000
1516083602.503686, 21, 2481445.750000
1516083602.604142, 20, 2475541.250000
1516083602.704270, 20, 2470227.000000
1516083602.804425, 21, 2477556.250000
1516083602.904567, 19, 2459928.500000
1516083603.004984, 19, 2444063.750000
1516083603.105334, 21, 2454009.500000
1516083603.205538, 20, 2450848.500000
1516083603.305711, 20, 2448003.750000
1516083603.406245, 20, 2445443.500000
1516083603.506403, 21, 2455251.250000
1516083603.606539, 17, 2415630.000000
1516083603.706758, 21, 2428419.000000
1516083603.807143, 20, 2427817.000000
1516083603.907472, 21, 2439387.250000
1516083604.007881, 20, 2437688.500000
1516083604.108233, 18, 2411935.750000
1516083604.208464, 20, 2412982.250000
1516083604.308994, 20, 2413924.000000
1516083604.409445, 21, 2426883.500000
1516083604.509771, 19, 2414323.250000
1516083604.610169, 20, 2415131.000000
1516083604.710476, 21, 2427970.000000
1516083604.810899, 20, 2427413.000000
1516083604.911059, 20, 2426911.750000
1516083605.011322, 19, 2414348.500000
1516083605.111451, 19, 2403041.750000
1516083605.211597, 20, 2404977.500000
1516083605.311737, 21, 2418831.750000
1516083605.411918, 20, 2419188.500000
1516083605.512107, 20, 2419509.750000
1516083605.612296, 20, 2419798.750000
1516083605.712465, 19, 2407947.000000
1516083605.812720, 22, 2433616.250000
1516083605.912823, 20, 2432494.500000
1516083606.012901, 20, 2431485.000000
1516083606.113070, 21, 2442688.500000
1516083606.213204, 21, 2452771.750000
1516083606.313306, 20, 2449734.500000
1516083606.413418, 21, 2459113.000000
1516083606.513500, 20, 2455441.750000
1516083606.613666, 21, 2464249.500000
1516083606.714149, 21, 2472176.500000
1516083606.814388, 20, 2467198.750000
1516083606.914558, 21, 2474831.000000
1516083607.014694, 21, 2481700.000000
1516083607.114857, 20, 2475770.000000
1516083607.214957, 20, 2470433.000000
1516083607.315144, 20, 2465629.750000
1516083607.415297, 21, 2473418.750000
1516083607.515494, 20, 2468317.000000
1516083607.615771, 20, 2463725.250000
1516083607.715953, 21, 2471704.750000
1516083607.816077, 19, 2454662.250000
1516083607.916261, 21, 2463548.000000
1516083608.016412, 21, 2471545.250000
1516083608.116527, 20, 2466630.750000
1516083608.216813, 21, 2474319.750000
1516083608.317284, 20, 2469127.750000
1516083608.417542, 19, 2452343.000000
1516083608.517651, 20, 2449348.750000
1516083608.617851, 20, 2446654.000000
1516083608.717982, 20, 2444228.500000
1516083608.818443, 20, 2442045.750000
1516083608.918858, 21, 2452193.250000
1516083609.019215, 19, 2437102.000000
1516083609.119463, 21, 2447743.750000
1516083609.219686, 21, 2457321.500000
1516083609.320067, 20, 2453829.250000
1516083609.420498, 19, 2438574.250000
1516083609.520748, 20, 2436956.750000
1516083609.620838, 19, 2423389.000000
1516083609.720920, 21, 2435402.000000
1516083609.821111, 20, 2434101.750000
1516083609.921278, 19, 2420819.500000
1516083610.021452, 21, 2433089.500000
1516083610.121586, 21, 2444132.500000
1516083610.221763, 21, 2454071.250000
1516083610.321939, 20, 2450904.000000
1516083610.422116, 20, 2448053.500000
1516083610.522616, 19, 2433376.250000
1516083610.622830, 19, 2420166.500000
1516083610.723018, 20, 2420389.750000
1516083610.823105, 21, 2432702.750000
1516083610.923259, 20, 2431672.500000
1516083611.023618, 21, 2442857.250000
1516083611.124016, 20, 2440811.500000
1516083611.224531, 19, 2426858.250000
1516083611.324804, 20, 2426412.500000
1516083611.424934, 21, 2438123.250000
1516083611.525370, 20, 2436551.000000
1516083611.625705, 21, 2447248.000000
1516083611.726022, 20, 2444763.250000
1516083611.826258, 20, 2442527.000000
1516083611.926344, 21, 2452626.250000
1516083612.026479, 21, 2461715.500000
1516083612.126548, 20, 2457784.000000
1516083612.226681, 20, 2454245.500000
1516083612.326873, 20, 2451061.000000
1516083612.427037, 21, 2460307.000000
1516083612.527107, 21, 2468628.250000
1516083612.627284, 19, 2451893.500000
1516083612.727370, 20, 2448944.250000
1516083612.827503, 20, 2446289.750000
1516083612.927897, 21, 2456012.750000
1516083613.028004, 21, 2464763.500000
1516083613.128292, 20, 2460527.250000
1516083613.228405, 20, 2456714.500000
1516083613.328586, 20, 2453283.000000
1516083613.428761, 21, 2462306.750000
1516083613.528849, 20, 2458316.000000
1516083613.629015, 21, 2466836.500000
1516083613.729179, 20, 2462392.750000
1516083613.829386, 21, 2470505.500000
1516083613.929537, 21, 2477807.000000
1516083614.029624, 21, 2484378.250000
1516083614.129801, 20, 2478180.500000
1516083614.229958, 21, 2484714.500000
1516083614.330196, 21, 2490595.000000
1516083614.430298, 21, 2495887.500000
1516083614.530383, 21, 2500650.750000
1516083614.630490, 20, 2492825.750000
1516083614.730749, 21, 2497895.250000
1516083614.830889, 20, 2490345.750000
1516083614.931067, 20, 2483551.250000
1516083615.031235, 21, 2489548.000000
1516083615.131409, 21, 2494945.250000
1516083615.231482, 21, 2499802.750000
1516083615.331558, 20, 2492062.500000
1516083615.431644, 19, 2472984.250000
1516083615.531869, 21, 2480037.750000
1516083615.631984, 20, 2474274.000000
1516083615.732346, 21, 2481198.500000
1516083615.832602, 20, 2475318.750000
1516083615.933026, 19, 2457915.000000
1516083616.033290, 21, 2466475.500000
1516083616.133464, 21, 2474180.000000
1516083616.233659, 21, 2481114.000000
1516083616.333867, 20, 2475242.500000
1516083616.434004, 20, 2469958.250000
1516083616.534206, 19, 2453090.500000
1516083616.634352, 20, 2450021.500000
1516083616.734525, 21, 2459371.250000
1516083616.834600, 21, 2467786.000000
1516083616.934803, 20, 2463247.500000
1516083617.034989, 22, 2483386.750000
1516083617.135072, 20, 2477288.000000
1516083617.235160, 20, 2471799.250000
1516083617.335519, 21, 2478971.250000
1516083617.435703, 20, 2473314.000000
1516083617.535884, 21, 2480334.500000
1516083617.636060, 21, 2486653.000000
1516083617.736248, 21, 2492339.750000
1516083617.836486, 20, 2485345.750000
1516083617.936746, 21, 2491163.250000
1516083618.036937, 20, 2484287.000000
1516083618.137113, 20, 2478098.250000
1516083618.237257, 21, 2484640.500000
1516083618.337466, 21, 2490528.500000
1516083618.437603, 20, 2483715.750000
1516083618.537770, 21, 2489696.250000
1516083618.637915, 19, 2470854.500000
1516083618.738351, 20, 2466009.000000
1516083618.838513, 21, 2473760.000000
1516083618.938612, 20, 2468624.000000
1516083619.038954, 21, 2476113.500000
1516083619.139423, 20, 2470742.250000
1516083619.239777, 21, 2478020.000000
1516083619.340249, 20, 2472458.000000
1516083619.440540, 21, 2479564.250000
1516083619.540681, 19, 2461735.750000
1516083619.640748, 20, 2457802.250000
1516083619.740848, 20, 2454262.000000
1516083619.840921, 21, 2463187.750000
1516083619.941319, 20, 2459109.000000
1516083620.041476, 20, 2455438.000000
1516083620.141825, 21, 2464246.250000
1516083620.242280, 19, 2447949.500000
1516083620.342756, 21, 2457506.500000
1516083620.443017, 19, 2441883.750000
1516083620.543271, 20, 2439935.500000
1516083620.643370, 18, 2413958.000000
1516083620.743451, 20, 2414802.250000
1516083620.843830, 21, 2427674.000000
1516083620.944480, 20, 2427146.500000
1516083621.044749, 20, 2426671.750000
1516083621.145028, 20, 2426244.500000
1516083621.245327, 21, 2437972.000000
1516083621.345713, 20, 2436414.750000
1516083621.445860, 20, 2435013.250000
1516083621.545990, 20, 2433752.000000
1516083621.646312, 22, 2456840.750000
1516083621.746473, 20, 2453396.750000
1516083621.846610, 21, 2462409.000000
1516083621.946738, 20, 2458408.000000
1516083622.047028, 20, 2454807.250000
1516083622.147214, 18, 2427342.500000
1516083622.247552, 20, 2426848.250000
1516083622.347734, 21, 2438515.500000
1516083622.448114, 20, 2436904.000000
1516083622.548266, 21, 2447565.500000
1516083622.648435, 20, 2445049.000000
1516083622.748580, 20, 2442784.000000
1516083622.848656, 20, 2440745.500000
1516083622.948797, 20, 2438911.000000
1516083623.048897, 20, 2437260.000000
1516083623.149664, 21, 2447886.000000
1516083623.249793, 21, 2457449.500000
1516083623.349972, 19, 2441832.500000
1516083623.450146, 21, 2452001.250000
1516083623.550247, 20, 2449041.000000
1516083623.650630, 21, 2458489.000000
1516083623.750769, 20, 2454880.000000
1516083623.851138, 21, 2463744.000000
1516083623.951265, 21, 2471721.500000
1516083624.051332, 21, 2478901.250000
1516083624.151403, 20, 2473251.000000
1516083624.251689, 20, 2468166.000000
1516083624.352082, 19, 2451477.500000
1516083624.452348, 19, 2436457.750000
1516083624.552526, 19, 2422940.000000
1516083624.652675, 21, 2434998.000000
1516083624.752866, 21, 2445850.250000
1516083624.852961, 21, 2455617.250000
1516083624.953038, 19, 2440183.500000
1516083625.053448, 19, 2426293.250000
1516083625.153776, 21, 2438016.000000
1516083625.254240, 20, 2436454.500000
1516083625.354730, 20, 2435049.000000
1516083625.455006, 20, 2433784.000000
1516083625.555378, 19, 2420533.500000
1516083625.655701, 21, 2432832.250000
1516083625.755847, 21, 2443901.000000
1516083625.855933, 20, 2441751.000000
1516083625.956010, 21, 2451928.000000
1516083626.056158, 21, 2461087.250000
1516083626.156245, 21, 2469330.500000
1516083626.256357, 20, 2464637.500000
1516083626.356559, 21, 2472525.750000
1516083626.456706, 20, 2467513.250000
1516083626.556930, 21, 2475114.000000
1516083626.657070, 20, 2469842.500000
1516083626.757181, 20, 2465098.250000
1516083626.857260, 21, 2472940.500000
1516083626.957361, 20, 2467886.500000
1516083627.057452, 20, 2463337.750000
1516083627.157571, 21, 2471356.000000
1516083627.257829, 20, 2466460.500000
1516083627.358027, 21, 2474166.500000
1516083627.458223, 20, 2468989.750000
1516083627.558314, 21, 2476442.750000
1516083627.658409, 20, 2471038.500000
1516083627.759071, 21, 2478286.750000
1516083627.859424, 20, 2472698.000000
1516083627.959615, 21, 2479780.250000
1516083628.059886, 20, 2474042.250000
1516083628.159993, 21, 2480990.000000
1516083628.260337, 21, 2487243.000000
1516083628.360541, 20, 2480758.750000
1516083628.460849, 20, 2474923.000000
1516083628.560964, 21, 2481782.750000
1516083628.661393, 21, 2487956.500000
1516083628.761731, 21, 2493512.750000
1516083628.862130, 20, 2486401.500000
1516083628.962255, 20, 2480001.250000
1516083629.062743, 20, 2474241.000000
1516083629.163132, 21, 2481169.000000
1516083629.263417, 20, 2475292.000000
1516083629.363579, 20, 2470002.750000
1516083629.463945, 20, 2465242.500000
1516083629.564122, 20, 2460958.250000
1516083629.664540, 21, 2469214.500000
1516083629.764975, 19, 2452421.000000
1516083629.865137, 21, 2461531.000000
1516083629.965283, 20, 2457618.000000
1516083630.065852, 20, 2454096.250000
1516083630.166007, 20, 2450926.500000
1516083630.266129, 21, 2460185.750000
1516083630.366210, 21, 2468519.250000
1516083630.466471, 20, 2463907.250000
1516083630.566581, 21, 2471868.500000
1516083630.666751, 21, 2479033.750000
1516083630.766881, 21, 2485482.500000
1516083630.867039, 20, 2479174.250000
1516083630.967202, 20, 2473496.750000
1516083631.067552, 21, 2480499.000000
1516083631.167708, 19, 2462577.000000
1516083631.268047, 21, 2470671.250000
1516083631.368241, 21, 2477956.000000
1516083631.468620, 20, 2472400.500000
1516083631.568710, 21, 2479512.500000
1516083631.668850, 19, 2461689.250000
1516083631.768939, 20, 2457760.250000
1516083631.869202, 20, 2454224.250000
1516083631.969614, 21, 2463153.750000
1516083632.069721, 21, 2471190.500000
1516083632.169804, 20, 2466311.500000
1516083632.269917, 17, 2425584.250000
1516083632.370002, 21, 2437377.750000
1516083632.470373, 21, 2447992.000000
1516083632.570604, 21, 2457544.750000
1516083632.670695, 19, 2441918.250000
1516083632.770860, 20, 2439966.500000
1516083632.871072, 19, 2426097.750000
1516083632.971443, 20, 2425728.000000
1516083633.071590, 22, 2449619.250000
1516083633.172098, 20, 2446897.250000
1516083633.272493, 21, 2456559.500000
1516083633.372636, 19, 2441031.500000
1516083633.473125, 21, 2451280.250000
1516083633.573292, 20, 2448392.250000
1516083633.673449, 21, 2457905.000000
1516083633.773557, 20, 2454354.500000
1516083633.873660, 21, 2463271.000000
1516083633.973760, 21, 2471296.000000
1516083634.074463, 21, 2478518.500000
1516083634.174655, 20, 2472906.750000
1516083634.274741, 21, 2479968.000000
1516083634.374829, 19, 2462099.250000
1516083634.474924, 20, 2458129.250000
1516083634.575053, 19, 2442444.250000
1516083634.675149, 21, 2452551.750000
1516083634.775341, 21, 2461648.500000
1516083634.875523, 20, 2457723.750000
1516083634.975622, 20, 2454191.500000
1516083635.076002, 19, 2438900.250000
1516083635.176170, 20, 2437250.250000
1516083635.276238, 21, 2447877.250000
1516083635.376330, 20, 2445329.500000
1516083635.476928, 21, 2455148.500000
1516083635.577125, 20, 2451873.750000
1516083635.677613, 19, 2436814.500000
1516083635.778037, 20, 2435373.000000
1516083635.878166, 20, 2434075.750000
1516083635.978256, 21, 2445020.250000
1516083636.078398, 21, 2454870.250000
1516083636.178636, 20, 2451623.250000
1516083636.278826, 21, 2460813.000000
1516083636.379038, 19, 2444859.750000
1516083636.479403, 21, 2454725.750000
1516083636.579493, 21, 2463605.250000
1516083636.679590, 21, 2471596.750000
1516083636.779670, 20, 2466677.000000
1516083636.879748, 19, 2450137.250000
1516083636.979819, 21, 2459475.500000
1516083637.080124, 21, 2467880.000000
1516083637.180389, 20, 2463332.000000
1516083637.280518, 19, 2447126.750000
1516083637.380695, 19, 2432542.000000
1516083637.481034, 19, 2419415.750000
1516083637.581198, 21, 2431826.250000
1516083637.681499, 21, 2442995.500000
1516083637.781631, 20, 2440936.000000
1516083637.881957, 21, 2451194.500000
1516083637.982172, 21, 2460427.000000
1516083638.082567, 20, 2456624.250000
1516083638.182914, 21, 2465313.750000
1516083638.283082, 21, 2473134.500000
1516083638.383156, 21, 2480173.000000
1516083638.483256, 19, 2462283.750000
1516083638.583338, 20, 2458295.500000
1516083638.683699, 19, 2442594.000000
1516083638.783861, 21, 2452686.500000
1516083638.884181, 20, 2449657.750000
1516083638.984379, 21, 2459044.000000
1516083639.084554, 20, 2455379.500000
1516083639.184654, 20, 2452081.500000
1516083639.284728, 21, 2461225.250000
1516083639.384792, 21, 2469454.750000
1516083639.485084, 20, 2464749.250000
1516083639.585246, 20, 2460514.250000
1516083639.685320, 18, 2432478.750000
1516083639.785403, 20, 2431471.000000
1516083639.885542, 21, 2442676.000000
1516083639.985705, 21, 2452760.500000
1516083640.085851, 20, 2449724.500000
1516083640.186003, 21, 2459104.000000
1516083640.286115, 19, 2443321.500000
1516083640.386260, 20, 2441229.250000
1516083640.486354, 22, 2463570.250000
1516083640.586493, 20, 2459453.250000
1516083640.686596, 20, 2455748.000000
1516083640.786670, 21, 2464525.250000
1516083640.886751, 19, 2448200.750000
1516083640.986851, 20, 2445620.750000
1516083641.087037, 21, 2455410.750000
1516083641.187110, 21, 2464221.750000
1516083641.287231, 20, 2460039.500000
1516083641.387323, 20, 2456275.500000
1516083641.487464, 20, 2452888.000000
1516083641.587550, 20, 2449839.250000
1516083641.687724, 21, 2459207.250000
1516083641.788167, 21, 2467638.500000
1516083641.888251, 20, 2463114.750000
1516083641.988351, 20, 2459043.250000
1516083642.088503, 19, 2443267.000000
1516083642.188762, 21, 2453292.250000
1516083642.288929, 21, 2462315.000000
1516083642.389004, 21, 2470435.500000
1516083642.489077, 19, 2453520.000000
1516083642.589202, 20, 2450408.000000
1516083642.689358, 20, 2447607.250000
1516083642.789517, 21, 2457198.500000
1516083642.889683, 20, 2453718.750000
1516083642.989902, 20, 2450587.000000
1516083643.089983, 20, 2447768.250000
1516083643.190542, 19, 2433119.500000
1516083643.290701, 20, 2432047.500000
1516083643.390853, 21, 2443194.750000
1516083643.490958, 20, 2441115.250000
1516083643.591045, 21, 2451355.750000
1516083643.691174, 20, 2448460.250000
1516083643.791363, 20, 2445854.250000
1516083643.891529, 20, 2443508.750000
1516083643.991625, 21, 2453510.000000
1516083644.091698, 21, 2462511.000000
1516083644.191832, 20, 2458500.000000
1516083644.291922, 22, 2479114.000000
1516083644.392011, 19, 2461330.500000
1516083644.492104, 20, 2457437.500000
1516083644.592213, 21, 2466045.750000
1516083644.692348, 21, 2473793.250000
1516083644.792516, 21, 2480766.000000
1516083644.892712, 20, 2474929.500000
1516083644.992817, 19, 2457564.500000
1516083645.092988, 21, 2466160.000000
1516083645.193075, 21, 2473896.000000
1516083645.293155, 21, 2480858.500000
1516083645.393246, 19, 2462900.750000
1516083645.493366, 22, 2483074.750000
1516083645.593477, 19, 2464895.250000
1516083645.693580, 20, 2460645.750000
1516083645.793727, 21, 2468933.250000
1516083645.893906, 21, 2476392.000000
1516083645.994104, 20, 2470992.750000
1516083646.094271, 20, 2466133.500000
1516083646.194449, 19, 2449648.250000
1516083646.294545, 20, 2446923.500000
1516083646.394645, 20, 2444471.250000
1516083646.494758, 21, 2454376.000000
1516083646.594849, 21, 2463290.500000
1516083646.694949, 19, 2447089.500000
1516083646.795364, 21, 2456732.500000
1516083646.895458, 20, 2453299.250000
1516083646.995599, 20, 2450209.250000
1516083647.095725, 21, 2459540.250000
1516083647.195813, 21, 2467938.250000
1516083647.295921, 20, 2463384.500000
1516083647.396013, 20, 2459286.000000
1516083647.496142, 18, 2431373.500000
1516083647.596325, 19, 2418364.250000
1516083647.696525, 21, 2430879.750000
1516083647.796685, 21, 2442143.750000
1516083647.896872, 21, 2452281.500000
1516083647.997168, 19, 2437181.250000
1516083648.097254, 22, 2459927.000000
1516083648.197363, 18, 2431950.250000
1516083648.297484, 20, 2430995.250000
1516083648.397613, 21, 2442247.750000
1516083648.497847, 21, 2452375.000000
1516083648.598006, 21, 2461489.500000
1516083648.698191, 21, 2469692.500000
1516083648.798385, 20, 2464963.250000
1516083648.898555, 21, 2472819.000000
1516083648.998736, 21, 2479889.000000
1516083649.098914, 21, 2486252.000000
1516083649.199195, 19, 2467754.750000
1516083649.299389, 20, 2463219.250000
1516083649.399484, 20, 2459137.250000
1516083649.499568, 21, 2467575.500000
1516083649.599918, 21, 2475170.000000
1516083649.700009, 21, 2482005.000000
1516083649.800173, 19, 2463932.500000
1516083649.900670, 20, 2459779.250000
1516083650.000777, 19, 2443929.250000
1516083650.100860, 20, 2441776.250000
1516083650.200953, 21, 2451950.500000
1516083650.301247, 21, 2461107.500000
1516083650.401412, 20, 2457236.750000
1516083650.501828, 20, 2453753.000000
1516083650.602050, 20, 2450617.750000
1516083650.702244, 20, 2447796.000000
1516083650.802420, 21, 2457368.500000
1516083650.902820, 21, 2465983.750000
