1512307290.354002, 1
1512307290.454169, 0
1512307290.554301, 11
1512307290.654416, 20
1512307290.754641, 19
1512307290.854865, 8
1512307290.954967, 3
1512307291.055085, 4
1512307291.155138, 4
1512307291.255190, 4
1512307291.355244, 4
1512307291.455292, 5
1512307291.555341, 5
1512307291.655449, 5
1512307291.755564, 6
1512307291.855627, 7
1512307291.955681, 7
1512307292.055732, 8
1512307292.155786, 10
1512307292.255925, 11
1512307292.356060, 12
1512307292.456304, 13
1512307292.556510, 15
1512307292.656665, 17
1512307292.756991, 20
1512307292.857112, 21
1512307292.957308, 23
1512307293.057538, 22
1512307293.157793, 22
1512307293.260827, 22
1512307293.361064, 22
1512307293.461255, 19
1512307293.561366, 20
1512307293.661477, 20
1512307293.761613, 20
1512307293.861737, 21
1512307293.961858, 21
1512307294.061975, 22
1512307294.162110, 22
1512307294.262250, 21
1512307294.362396, 21
1512307294.463294, 20
1512307294.565350, 21
1512307294.666410, 19
1512307294.768351, 20
1512307294.872327, 22
1512307294.972818, 21
1512307295.073240, 21
1512307295.174537, 21
1512307295.274848, 21
1512307295.375020, 18
1512307295.475194, 18
1512307295.575309, 18
1512307295.675434, 20
1512307295.775570, 20
1512307295.875690, 21
1512307295.975869, 20
1512307296.076070, 21
1512307296.176270, 20
1512307296.276464, 20
1512307296.376645, 18
1512307296.476752, 19
1512307296.576858, 20
1512307296.677009, 20
1512307296.777121, 21
1512307296.877253, 21
1512307296.977384, 20
1512307297.077558, 20
1512307297.177673, 19
1512307297.277853, 18
1512307297.378001, 19
1512307297.478188, 20
1512307297.578305, 21
1512307297.678416, 20
1512307297.778557, 21
1512307297.879102, 21
1512307297.979525, 20
1512307298.079592, 19
1512307298.179795, 18
1512307298.281705, 19
1512307298.383106, 21
1512307298.483238, 20
1512307298.583310, 21
1512307298.683385, 21
1512307298.783559, 20
1512307298.883632, 22
1512307298.983902, 18
1512307299.084107, 19
1512307299.184302, 20
1512307299.284433, 21
1512307299.384529, 20
1512307299.484659, 21
1512307299.584725, 20
1512307299.684885, 20
1512307299.785233, 19
1512307299.885446, 19
1512307299.985653, 20
1512307300.085863, 20
1512307300.186358, 21
1512307300.286590, 20
1512307300.386805, 21
1512307300.487006, 20
1512307300.587213, 19
1512307300.687364, 18
1512307300.788563, 18
1512307300.888691, 20
1512307300.988798, 21
1512307301.088913, 20
1512307301.189102, 21
1512307301.289276, 21
1512307301.389350, 20
1512307301.489463, 21
1512307301.589666, 18
1512307301.689764, 19
1512307301.789820, 20
1512307301.889872, 21
1512307301.989925, 20
1512307302.090049, 21
1512307302.190180, 20
1512307302.290432, 21
1512307302.390691, 18
1512307302.490927, 19
1512307302.591219, 20
1512307302.691865, 20
1512307302.792116, 21
1512307302.892251, 21
1512307302.992389, 21
1512307303.092552, 20
1512307303.192736, 18
1512307303.294339, 19
1512307303.396863, 20
1512307303.496983, 22
1512307303.597086, 20
1512307303.697547, 20
1512307303.799122, 21
1512307303.899242, 20
1512307303.999348, 17
1512307304.099401, 18
1512307304.199537, 18
1512307304.299745, 20
1512307304.400116, 20
1512307304.500431, 21
1512307304.600721, 20
1512307304.700889, 21
1512307304.800973, 21
1512307304.901520, 20
1512307305.001673, 20
1512307305.101837, 20
1512307305.201916, 20
1512307305.302020, 21
1512307305.402147, 20
1512307305.502219, 21
1512307305.602280, 20
1512307305.702444, 19
1512307305.802498, 18
1512307305.902633, 20
1512307306.002773, 20
1512307306.102895, 20
1512307306.203089, 21
1512307306.303135, 21
1512307306.403296, 20
1512307306.503439, 19
1512307306.603489, 20
1512307306.703604, 20
1512307306.803694, 20
1512307306.904156, 21
1512307307.006233, 20
1512307307.106656, 21
1512307307.206895, 19
1512307307.307056, 20
1512307307.407176, 20
1512307307.507317, 21
1512307307.607573, 20
1512307307.707776, 21
1512307307.807912, 20
1512307307.908030, 19
1512307308.008170, 19
1512307308.108696, 20
1512307308.208785, 20
1512307308.308910, 21
1512307308.409075, 20
1512307308.509582, 21
1512307308.609721, 20
1512307308.709836, 19
1512307308.809928, 20
1512307308.910101, 21
1512307309.010464, 21
1512307309.110708, 20
1512307309.210930, 21
1512307309.311179, 20
1512307309.411312, 18
1512307309.511380, 19
1512307309.611511, 20
1512307309.711584, 20
1512307309.811784, 20
1512307309.911951, 21
1512307310.012630, 20
1512307310.116878, 20
1512307310.216987, 21
1512307310.317058, 20
1512307310.417202, 20
1512307310.517355, 20
1512307310.618932, 21
1512307310.719135, 21
1512307310.819252, 19
1512307310.919473, 21
1512307311.019606, 19
1512307311.119732, 20
1512307311.219885, 20
1512307311.320002, 20
1512307311.420057, 21
1512307311.520144, 20
1512307311.620200, 20
1512307311.720343, 19
1512307311.821859, 20
1512307311.922019, 21
1512307312.022659, 20
1512307312.123961, 21
1512307312.224046, 19
1512307312.324190, 20
1512307312.424303, 19
1512307312.524382, 19
1512307312.624430, 21
1512307312.724567, 20
1512307312.824626, 21
1512307312.924771, 20
1512307313.024877, 21
1512307313.125043, 19
1512307313.225136, 20
1512307313.325484, 21
1512307313.425621, 20
1512307313.525785, 21
1512307313.625960, 20
1512307313.726090, 20
1512307313.826243, 19
1512307313.926501, 20
1512307314.026683, 20
1512307314.126861, 20
1512307314.227129, 21
1512307314.327276, 21
1512307314.427481, 19
1512307314.528225, 19
1512307314.628468, 20
1512307314.728616, 20
1512307314.828793, 21
1512307314.929799, 21
1512307315.030001, 20
1512307315.130150, 21
1512307315.230282, 20
1512307315.330484, 19
1512307315.430731, 21
1512307315.530820, 20
1512307315.631098, 21
1512307315.731304, 20
1512307315.831507, 20
1512307315.932024, 20
1512307316.032616, 19
1512307316.132781, 21
1512307316.233126, 21
1512307316.333471, 20
1512307316.436366, 20
1512307316.537014, 21
1512307316.637125, 19
1512307316.737271, 19
1512307316.837515, 19
1512307316.937990, 21
1512307317.038448, 21
1512307317.139574, 20
1512307317.239706, 21
1512307317.340154, 20
1512307317.440376, 20
1512307317.543538, 18
1512307317.643698, 21
1512307317.744519, 20
1512307317.845155, 21
1512307317.945324, 20
1512307318.045528, 20
1512307318.146002, 19
1512307318.246243, 21
1512307318.346489, 20
1512307318.446626, 21
1512307318.546833, 20
1512307318.649464, 20
1512307318.749697, 20
1512307318.851356, 18
1512307318.953504, 18
1512307319.054204, 19
1512307319.154432, 20
1512307319.254650, 21
1512307319.354933, 20
1512307319.455117, 21
1512307319.555292, 20
1512307319.655478, 21
1512307319.755675, 19
1512307319.855971, 20
1512307319.956279, 21
1512307320.057920, 21
1512307320.161501, 21
1512307320.261954, 21
1512307320.362451, 18
1512307320.462824, 20
1512307320.563320, 19
1512307320.663463, 19
1512307320.763585, 20
1512307320.863758, 21
1512307320.963975, 21
1512307321.064137, 20
1512307321.164333, 20
1512307321.264462, 19
1512307321.365107, 19
1512307321.465737, 20
1512307321.566148, 20
1512307321.666801, 21
1512307321.767435, 21
1512307321.867775, 21
1512307321.970032, 20
1512307322.071906, 20
1512307322.172393, 20
1512307322.272556, 20
1512307322.372736, 20
1512307322.474599, 20
1512307322.574728, 21
1512307322.674985, 20
1512307322.775209, 20
1512307322.875451, 19
1512307322.975610, 20
1512307323.075797, 21
1512307323.177631, 21
1512307323.277925, 21
1512307323.378046, 19
1512307323.478419, 19
1512307323.578839, 18
1512307323.679046, 19
1512307323.779155, 20
1512307323.879339, 21
1512307323.979630, 20
1512307324.079791, 21
1512307324.179882, 21
1512307324.280126, 20
1512307324.380327, 18
1512307324.480471, 19
1512307324.580742, 20
1512307324.681043, 21
1512307324.781525, 20
1512307324.882064, 21
1512307324.982225, 21
1512307325.082404, 19
1512307325.182578, 18
1512307325.282793, 18
1512307325.383348, 20
1512307325.483629, 20
1512307325.583871, 21
1512307325.685086, 21
1512307325.785140, 21
1512307325.885211, 20
1512307325.985281, 20
1512307326.085466, 19
1512307326.185709, 19
1512307326.285893, 21
1512307326.386014, 21
1512307326.486198, 20
1512307326.586294, 21
1512307326.686565, 19
1512307326.786830, 20
1512307326.886968, 20
1512307326.989375, 21
1512307327.090258, 21
1512307327.190480, 21
1512307327.290658, 19
1512307327.390906, 20
1512307327.491096, 18
1512307327.591241, 17
1512307327.692079, 19
1512307327.793861, 20
1512307327.894068, 21
1512307327.994226, 21
1512307328.094732, 20
1512307328.194895, 21
1512307328.295024, 20
1512307328.395215, 20
1512307328.495395, 19
1512307328.597004, 20
1512307328.697130, 21
1512307328.797237, 20
1512307328.897956, 21
1512307329.000996, 21
1512307329.101117, 20
1512307329.201348, 17
1512307329.301995, 18
1512307329.402190, 18
1512307329.502315, 19
1512307329.602422, 20
1512307329.704127, 21
1512307329.806059, 21
1512307329.906250, 22
1512307330.006357, 20
1512307330.106507, 21
1512307330.206622, 19
1512307330.306738, 19
1512307330.406852, 21
1512307330.506964, 20
1512307330.607099, 20
1512307330.709212, 21
1512307330.809363, 21
1512307330.909584, 20
1512307331.009778, 19
1512307331.110002, 20
1512307331.210312, 21
1512307331.310462, 21
1512307331.410627, 20
1512307331.510876, 20
1512307331.611042, 22
1512307331.712472, 19
1512307331.812606, 20
1512307331.912808, 20
1512307332.012994, 21
1512307332.113093, 21
1512307332.213558, 20
1512307332.315055, 20
1512307332.415482, 19
1512307332.516878, 20
1512307332.617062, 20
1512307332.717986, 20
1512307332.818440, 21
1512307332.921218, 21
1512307333.021444, 20
1512307333.121610, 19
1512307333.221787, 20
1512307333.321960, 21
1512307333.422237, 21
1512307333.522507, 20
1512307333.622650, 21
1512307333.722785, 20
1512307333.822923, 19
1512307333.922962, 20
1512307334.023015, 21
1512307334.123146, 21
1512307334.223308, 20
1512307334.325379, 21
1512307334.425586, 20
1512307334.526095, 19
1512307334.626437, 20
1512307334.728085, 20
1512307334.830227, 21
1512307334.930608, 21
1512307335.030795, 21
1512307335.130965, 19
1512307335.231066, 20
1512307335.331181, 20
1512307335.431346, 21
1512307335.531638, 20
1512307335.631697, 21
1512307335.731830, 19
1512307335.831889, 20
1512307335.931967, 18
1512307336.032106, 19
1512307336.132305, 20
1512307336.232453, 21
1512307336.332505, 20
1512307336.432774, 21
1512307336.533014, 20
1512307336.633090, 19
1512307336.733166, 20
1512307336.833365, 20
1512307336.933491, 21
1512307337.033937, 21
1512307337.134459, 21
1512307337.234611, 20
1512307337.334736, 20
1512307337.434794, 19
1512307337.534866, 20
1512307337.634925, 21
1512307337.734973, 21
1512307337.835080, 20
1512307337.935172, 20
1512307338.035578, 20
1512307338.135749, 20
1512307338.235894, 21
1512307338.336025, 20
1512307338.437649, 21
1512307338.538129, 21
1512307338.639426, 20
1512307338.740319, 18
1512307338.840827, 19
1512307338.941445, 19
1512307339.041843, 21
1512307339.142055, 20
1512307339.242507, 21
1512307339.343071, 21
1512307339.443288, 20
1512307339.543848, 19
1512307339.644160, 20
1512307339.745008, 20
1512307339.845217, 21
1512307339.945437, 21
1512307340.045583, 20
1512307340.146053, 21
1512307340.246282, 19
1512307340.346407, 19
1512307340.446654, 21
1512307340.546835, 20
1512307340.646887, 21
1512307340.746943, 20
1512307340.847040, 21
1512307340.947155, 21
1512307341.047814, 21
1512307341.147967, 19
1512307341.248272, 20
1512307341.348392, 21
1512307341.448511, 20
1512307341.548584, 21
1512307341.648639, 20
1512307341.748769, 21
1512307341.849336, 19
1512307341.949443, 20
1512307342.049514, 21
1512307342.149615, 21
1512307342.249693, 20
1512307342.349848, 21
1512307342.449945, 19
1512307342.550068, 18
1512307342.650202, 18
1512307342.750335, 20
1512307342.850389, 21
1512307342.950515, 20
1512307343.050674, 20
1512307343.150837, 21
1512307343.250885, 20
1512307343.351484, 18
1512307343.452147, 20
1512307343.552403, 20
1512307343.652531, 20
1512307343.752693, 21
1512307343.852806, 21
1512307343.952992, 20
1512307344.053109, 20
1512307344.153264, 20
1512307344.253484, 20
1512307344.353579, 21
1512307344.453718, 21
1512307344.553794, 20
1512307344.653957, 20
1512307344.754094, 19
1512307344.854260, 19
1512307344.954418, 20
1512307345.054487, 20
1512307345.154562, 21
1512307345.254800, 21
1512307345.354859, 20
1512307345.454921, 21
1512307345.554988, 19
1512307345.655151, 20
1512307345.755213, 21
1512307345.855362, 20
1512307345.955425, 21
1512307346.055472, 21
1512307346.155530, 19
1512307346.255583, 20
1512307346.355644, 19
1512307346.455710, 20
1512307346.555792, 21
1512307346.656585, 21
1512307346.756670, 20
1512307346.856721, 21
1512307346.956840, 20
1512307347.057017, 18
1512307347.157161, 19
1512307347.257318, 20
1512307347.357473, 21
1512307347.457612, 21
1512307347.558046, 20
1512307347.660133, 21
1512307347.760369, 21
1512307347.860657, 17
1512307347.960841, 18
1512307348.061085, 20
1512307348.161212, 20
1512307348.261403, 21
1512307348.361742, 21
1512307348.462177, 20
1512307348.562499, 21
1512307348.663019, 19
1512307348.763492, 19
1512307348.863996, 20
1512307348.964267, 21
1512307349.064779, 20
1512307349.164990, 21
1512307349.265163, 21
1512307349.365330, 20
1512307349.465544, 19
1512307349.565712, 20
1512307349.666220, 20
1512307349.766638, 20
1512307349.867153, 21
1512307349.967348, 21
1512307350.069118, 19
1512307350.169531, 20
1512307350.271608, 19
1512307350.372501, 20
1512307350.472648, 20
1512307350.573001, 21
1512307350.673202, 21
1512307350.773340, 20
1512307350.873429, 20
1512307350.973490, 21
1512307351.073624, 19
1512307351.173708, 20
1512307351.273780, 20
1512307351.377033, 21
1512307351.477100, 21
1512307351.577602, 21
1512307351.677678, 20
1512307351.777745, 18
1512307351.877856, 19
1512307351.977986, 20
1512307352.078053, 20
1512307352.178104, 21
1512307352.278156, 20
1512307352.379164, 21
1512307352.479315, 20
1512307352.579532, 20
1512307352.679700, 19
1512307352.780057, 20
1512307352.880165, 21
1512307352.980819, 20
1512307353.081016, 21
1512307353.181227, 20
1512307353.281467, 20
1512307353.381658, 19
1512307353.481780, 20
1512307353.581967, 21
1512307353.682170, 20
1512307353.782358, 21
1512307353.882585, 20
1512307353.982810, 19
1512307354.082967, 19
1512307354.183027, 20
1512307354.283095, 21
1512307354.383178, 20
1512307354.483238, 21
1512307354.583285, 20
1512307354.683355, 20
1512307354.783442, 18
1512307354.883495, 19
1512307354.983540, 20
1512307355.083608, 20
1512307355.183692, 21
1512307355.283827, 20
1512307355.383935, 21
1512307355.484079, 20
1512307355.584224, 20
1512307355.684349, 19
1512307355.784475, 20
1512307355.884577, 20
1512307355.984739, 21
1512307356.084886, 21
1512307356.185052, 20
1512307356.285230, 20
1512307356.385410, 18
1512307356.485548, 20
1512307356.585699, 20
1512307356.685955, 21
1512307356.786251, 21
1512307356.886410, 20
1512307356.986592, 20
1512307357.086711, 20
1512307357.186832, 19
1512307357.287006, 20
1512307357.387208, 21
1512307357.487335, 20
1512307357.587435, 21
1512307357.687608, 21
1512307357.787762, 20
1512307357.887888, 20
1512307357.987999, 19
1512307358.088133, 20
1512307358.188251, 21
1512307358.288799, 20
1512307358.390960, 21
1512307358.491495, 21
1512307358.591706, 19
1512307358.691942, 20
1512307358.791993, 20
1512307358.892121, 21
1512307358.992264, 20
1512307359.092311, 21
1512307359.192442, 20
1512307359.292583, 20
1512307359.392793, 19
1512307359.492969, 19
1512307359.593080, 21
1512307359.693221, 20
1512307359.793400, 21
1512307359.893541, 21
1512307359.993670, 19
1512307360.093796, 20
1512307360.193909, 19
1512307360.294057, 21
1512307360.394232, 20
1512307360.494303, 21
1512307360.594426, 21
1512307360.694594, 19
1512307360.794780, 20
1512307360.895127, 20
1512307360.996068, 19
1512307361.096267, 21
1512307361.196498, 21
1512307361.296713, 20
1512307361.396852, 21
1512307361.497027, 20
1512307361.597212, 19
1512307361.697447, 21
1512307361.797691, 20
1512307361.897847, 21
1512307361.998137, 21
1512307362.098310, 20
1512307362.198391, 20
1512307362.298466, 19
1512307362.398586, 19
1512307362.498660, 20
1512307362.598759, 21
1512307362.698818, 20
1512307362.798878, 21
1512307362.898936, 20
1512307362.999090, 21
1512307363.099216, 19
1512307363.200181, 20
1512307363.300298, 21
1512307363.400420, 21
1512307363.500604, 20
1512307363.600747, 20
1512307363.700872, 20
1512307363.801034, 19
1512307363.901185, 20
1512307364.001801, 20
1512307364.101919, 21
1512307364.202044, 21
1512307364.302377, 20
1512307364.402519, 21
1512307364.502697, 19
1512307364.603189, 20
1512307364.703615, 20
1512307364.804093, 21
1512307364.904402, 20
1512307365.004689, 21
1512307365.104994, 19
1512307365.205398, 19
1512307365.305566, 18
1512307365.405702, 19
1512307365.505826, 20
1512307365.605951, 21
1512307365.706191, 20
1512307365.806429, 22
1512307365.906495, 20
1512307366.006538, 20
1512307366.106587, 18
1512307366.206661, 19
1512307366.306713, 20
1512307366.406820, 21
1512307366.506955, 21
1512307366.607128, 20
1512307366.707259, 20
1512307366.807376, 20
1512307366.907528, 19
1512307367.007714, 19
1512307367.107932, 20
1512307367.208179, 21
1512307367.308405, 21
1512307367.408714, 20
1512307367.509134, 21
1512307367.609314, 20
1512307367.709374, 18
1512307367.809426, 20
1512307367.909578, 20
1512307368.010070, 21
1512307368.110311, 20
1512307368.210588, 21
1512307368.310711, 20
1512307368.410931, 18
1512307368.511164, 18
1512307368.611420, 18
1512307368.711635, 20
1512307368.811853, 20
1512307368.911983, 21
1512307369.012068, 21
1512307369.112133, 20
1512307369.212291, 20
1512307369.312403, 20
1512307369.412694, 17
1512307369.513006, 16
1512307369.613216, 18
1512307369.713280, 19
1512307369.813407, 19
1512307369.913538, 20
1512307370.013780, 22
1512307370.113849, 20
1512307370.214031, 21
1512307370.314608, 20
1512307370.414817, 21
1512307370.515017, 15
1512307370.615185, 16
1512307370.715375, 17
1512307370.815544, 18
1512307370.915777, 18
1512307371.015883, 19
1512307371.116014, 20
1512307371.216170, 21
1512307371.316297, 21
1512307371.416439, 21
1512307371.516604, 21
1512307371.617169, 19
1512307371.717289, 20
1512307371.817392, 20
1512307371.917511, 21
1512307372.017564, 21
1512307372.117965, 21
1512307372.218039, 21
1512307372.318301, 20
1512307372.418533, 19
1512307372.518656, 20
1512307372.618770, 21
1512307372.718926, 20
1512307372.819055, 21
1512307372.919195, 21
1512307373.019368, 19
1512307373.119621, 21
1512307373.219886, 20
1512307373.320211, 20
1512307373.420674, 21
1512307373.521318, 21
1512307373.621509, 20
1512307373.721676, 21
1512307373.823644, 19
1512307373.924296, 20
1512307374.024722, 20
1512307374.125193, 20
1512307374.226181, 21
1512307374.326370, 21
1512307374.426570, 20
1512307374.528276, 20
1512307374.628513, 20
1512307374.728641, 20
1512307374.828771, 21
1512307374.929022, 21
1512307375.029631, 21
1512307375.130165, 20
1512307375.230389, 20
1512307375.330601, 19
1512307375.430813, 21
1512307375.531329, 21
1512307375.631910, 21
1512307375.732161, 20
1512307375.832428, 20
1512307375.932559, 20
1512307376.032749, 20
1512307376.132879, 20
1512307376.233018, 21
1512307376.333236, 20
1512307376.433289, 21
1512307376.533392, 21
1512307376.633452, 18
1512307376.733523, 20
1512307376.833633, 20
1512307376.934172, 22
1512307377.034725, 20
1512307377.135116, 21
1512307377.235466, 19
1512307377.335764, 20
1512307377.436290, 19
1512307377.536474, 21
1512307377.636656, 20
1512307377.736813, 21
1512307377.837074, 20
1512307377.937286, 21
1512307378.037390, 18
1512307378.137504, 20
1512307378.237650, 20
1512307378.337846, 20
1512307378.437981, 21
1512307378.538172, 21
1512307378.638589, 19
1512307378.739067, 20
1512307378.839262, 19
1512307378.939454, 21
1512307379.039795, 20
1512307379.140308, 21
1512307379.240884, 21
1512307379.343083, 21
1512307379.443267, 19
1512307379.544839, 20
1512307379.645485, 21
1512307379.745697, 20
1512307379.845813, 20
1512307379.945960, 21
1512307380.046178, 21
1512307380.146425, 21
1512307380.246613, 20
1512307380.346855, 21
1512307380.447057, 21
1512307380.547503, 21
1512307380.648258, 21
1512307380.748461, 20
1512307380.848716, 21
1512307380.951673, 21
1512307381.053382, 20
1512307381.155438, 20
1512307381.257343, 20
1512307381.359146, 21
1512307381.459357, 20
1512307381.559563, 21
1512307381.659781, 21
1512307381.759959, 20
1512307381.860177, 19
1512307381.960319, 20
1512307382.060582, 21
1512307382.160863, 21
1512307382.261039, 20
1512307382.361268, 21
1512307382.461491, 20
1512307382.561731, 18
1512307382.661917, 19
1512307382.762055, 20
1512307382.862231, 20
1512307382.962422, 21
1512307383.062649, 20
1512307383.162821, 21
1512307383.263070, 20
1512307383.363296, 20
1512307383.463734, 20
1512307383.563868, 21
1512307383.663982, 20
1512307383.764106, 21
1512307383.865282, 20
1512307383.967186, 19
1512307384.067270, 20
1512307384.167388, 20
1512307384.267644, 21
1512307384.367802, 20
1512307384.468753, 21
1512307384.568850, 21
1512307384.669011, 19
1512307384.769154, 20
1512307384.871075, 21
1512307384.972987, 21
1512307385.073087, 21
1512307385.173256, 20
1512307385.273445, 20
1512307385.373606, 20
1512307385.474401, 19
1512307385.574619, 20
1512307385.674860, 21
1512307385.775087, 20
1512307385.875250, 21
1512307385.975420, 20
1512307386.076170, 19
1512307386.179141, 20
1512307386.279389, 21
1512307386.379572, 21
1512307386.480645, 21
1512307386.581173, 20
1512307386.683091, 20
1512307386.783281, 20
1512307386.883418, 20
1512307386.983536, 21
1512307387.083732, 20
1512307387.184985, 20
1512307387.285120, 21
1512307387.385332, 20
1512307387.485587, 19
1512307387.585772, 21
1512307387.686064, 20
1512307387.786419, 21
1512307387.886615, 21
1512307387.986804, 19
1512307388.086920, 19
1512307388.187077, 17
1512307388.287211, 19
1512307388.387441, 19
1512307388.487663, 20
1512307388.587989, 21
1512307388.688322, 21
1512307388.788666, 21
1512307388.888879, 19
1512307388.989278, 21
1512307389.089529, 20
1512307389.189767, 21
1512307389.290083, 21
1512307389.390359, 21
1512307389.490680, 19
1512307389.590894, 21
1512307389.691156, 19
1512307389.791299, 20
1512307389.891578, 20
1512307389.991876, 21
1512307390.092128, 20
1512307390.192433, 21
1512307390.292844, 21
1512307390.393122, 20
1512307390.493342, 19
1512307390.593575, 21
1512307390.693692, 20
1512307390.793814, 21
1512307390.893939, 20
1512307390.994105, 20
1512307391.094293, 20
1512307391.194504, 20
1512307391.297369, 20
1512307391.397531, 20
1512307391.497664, 21
1512307391.597893, 20
1512307391.698130, 21
1512307391.800639, 20
1512307391.900869, 19
1512307392.001697, 17
1512307392.101882, 17
1512307392.202034, 18
1512307392.302613, 18
1512307392.402833, 20
1512307392.503004, 20
1512307392.605183, 22
1512307392.705449, 20
1512307392.805666, 22
1512307392.905904, 20
1512307393.006267, 20
1512307393.106520, 18
1512307393.206738, 17
1512307393.306954, 19
1512307393.407145, 19
1512307393.507447, 20
1512307393.607682, 21
1512307393.707912, 21
1512307393.808153, 20
1512307393.908353, 21
1512307394.008571, 21
1512307394.108720, 18
1512307394.208866, 19
1512307394.309007, 20
1512307394.410414, 20
1512307394.512473, 21
1512307394.612625, 21
1512307394.712757, 21
1512307394.813243, 20
1512307394.913631, 19
1512307395.013819, 17
1512307395.113933, 18
1512307395.214041, 18
1512307395.314367, 19
1512307395.414696, 20
1512307395.514884, 20
1512307395.615118, 21
1512307395.715296, 21
1512307395.815479, 20
1512307395.915721, 21
1512307396.015900, 19
1512307396.116062, 19
1512307396.216262, 20
1512307396.317280, 21
1512307396.417478, 21
1512307396.517618, 21
1512307396.617767, 19
1512307396.717894, 20
1512307396.818041, 16
1512307396.918224, 17
1512307397.018454, 17
1512307397.118598, 19
1512307397.218709, 19
1512307397.319024, 20
1512307397.419244, 21
1512307397.519373, 21
1512307397.619493, 21
1512307397.719712, 20
1512307397.820147, 20
1512307397.920959, 17
1512307398.021117, 18
1512307398.121307, 18
1512307398.221422, 20
1512307398.321566, 20
1512307398.421623, 20
1512307398.521683, 22
1512307398.621739, 21
1512307398.721786, 21
1512307398.821898, 18
1512307398.922018, 18
1512307399.022140, 15
1512307399.122306, 17
1512307399.222367, 17
1512307399.322531, 18
1512307399.422615, 18
1512307399.523100, 20
1512307399.625944, 21
1512307399.727614, 22
1512307399.827826, 21
1512307399.928120, 20
1512307400.028263, 20
1512307400.128983, 21
1512307400.229100, 20
1512307400.329266, 20
1512307400.429395, 21
1512307400.529620, 21
1512307400.629748, 19
1512307400.729908, 21
1512307400.830017, 19
1512307400.930077, 18
1512307401.030129, 18
1512307401.132018, 20
1512307401.232078, 20
1512307401.332137, 21
1512307401.432192, 21
1512307401.532250, 20
1512307401.632375, 21
1512307401.732494, 19
1512307401.832563, 20
1512307401.932699, 21
1512307402.032815, 21
1512307402.132882, 21
1512307402.233136, 20
1512307402.333189, 20
1512307402.433324, 18
1512307402.533692, 17
1512307402.634100, 19
1512307402.734915, 19
1512307402.835032, 20
1512307402.935180, 21
1512307403.035290, 20
1512307403.135449, 21
1512307403.235629, 21
1512307403.335841, 23
1512307403.436054, 15
1512307403.536196, 17
1512307403.636620, 19
1512307403.738755, 19
1512307403.839232, 21
1512307403.941247, 21
1512307404.041851, 21
1512307404.142357, 22
1512307404.244287, 20
1512307404.346369, 21
1512307404.446835, 18
1512307404.547806, 16
1512307404.647941, 18
1512307404.749778, 18
1512307404.851348, 20
1512307404.951578, 20
1512307405.051741, 21
1512307405.151906, 21
1512307405.252219, 21
1512307405.352405, 21
1512307405.452557, 20
1512307405.552707, 18
1512307405.652871, 18
1512307405.753035, 19
1512307405.853241, 20
1512307405.954198, 21
1512307406.054405, 21
1512307406.154522, 21
1512307406.256524, 21
1512307406.358765, 20
1512307406.459200, 19
1512307406.560618, 18
1512307406.660849, 20
1512307406.761005, 20
1512307406.861324, 20
1512307406.961467, 21
1512307407.061657, 21
1512307407.161712, 20
1512307407.261771, 21
1512307407.361891, 20
1512307407.462921, 20
1512307407.563105, 21
1512307407.663168, 20
1512307407.763237, 21
1512307407.863344, 20
1512307407.963513, 18
1512307408.063678, 19
1512307408.163797, 19
1512307408.263924, 20
1512307408.364058, 21
1512307408.464188, 21
1512307408.564352, 20
1512307408.664617, 21
1512307408.764875, 21
1512307408.865241, 19
1512307408.965433, 20
1512307409.065651, 20
1512307409.165813, 21
1512307409.266154, 21
1512307409.366352, 21
1512307409.466529, 19
1512307409.566811, 18
1512307409.666996, 19
1512307409.767051, 19
1512307409.867115, 20
1512307409.967233, 21
1512307410.067286, 21
1512307410.167327, 21
1512307410.267421, 20
1512307410.367469, 20
1512307410.467523, 19
1512307410.567678, 21
1512307410.667802, 20
1512307410.767930, 21
1512307410.868202, 20
1512307410.968451, 20
1512307411.068567, 19
1512307411.168686, 20
1512307411.268813, 20
1512307411.369002, 20
1512307411.469135, 21
1512307411.569324, 21
1512307411.669547, 20
1512307411.769738, 20
1512307411.869978, 19
1512307411.970049, 20
1512307412.070097, 20
1512307412.170236, 21
1512307412.270484, 20
1512307412.370676, 20
1512307412.470878, 20
1512307412.571130, 19
1512307412.671516, 21
1512307412.771672, 20
1512307412.871795, 21
1512307412.972755, 21
1512307413.073220, 19
1512307413.173460, 21
1512307413.273581, 19
1512307413.373778, 20
1512307413.474021, 21
1512307413.574322, 21
1512307413.674588, 20
1512307413.774866, 21
1512307413.875131, 20
1512307413.975392, 18
1512307414.075594, 20
1512307414.175858, 20
1512307414.276066, 21
1512307414.376238, 21
1512307414.476454, 20
1512307414.576693, 20
1512307414.676859, 20
1512307414.777036, 19
1512307414.877172, 19
1512307414.977301, 21
1512307415.077426, 20
1512307415.177549, 21
1512307415.277672, 20
1512307415.377960, 21
1512307415.478100, 19
1512307415.578237, 20
1512307415.678367, 20
1512307415.778510, 21
1512307415.880452, 20
1512307415.980614, 21
1512307416.080792, 20
1512307416.181239, 19
1512307416.282300, 18
1512307416.382427, 19
1512307416.482651, 20
1512307416.582864, 21
1512307416.682997, 21
1512307416.783978, 20
1512307416.884099, 21
1512307416.984284, 19
1512307417.084533, 19
1512307417.184591, 20
1512307417.284736, 21
1512307417.386419, 21
1512307417.488311, 21
1512307417.590289, 21
1512307417.690436, 21
1512307417.791871, 19
1512307417.892038, 20
1512307417.992227, 20
1512307418.092496, 21
1512307418.192720, 21
1512307418.292913, 20
1512307418.393129, 20
1512307418.493348, 21
1512307418.593402, 18
1512307418.693510, 20
1512307418.793637, 20
1512307418.893779, 21
1512307418.993963, 20
1512307419.094094, 21
1512307419.194233, 20
1512307419.294531, 19
1512307419.394675, 17
1512307419.494887, 18
1512307419.595754, 19
1512307419.695947, 20
1512307419.796064, 20
1512307419.896125, 21
1512307419.996199, 21
1512307420.096405, 21
1512307420.196494, 19
1512307420.296548, 20
1512307420.396598, 18
1512307420.496660, 19
1512307420.596790, 20
1512307420.696902, 20
1512307420.797048, 20
1512307420.897425, 22
1512307420.997534, 20
1512307421.097578, 20
1512307421.197637, 20
1512307421.297687, 20
1512307421.397735, 20
1512307421.497950, 20
1512307421.598067, 21
1512307421.698123, 20
1512307421.798281, 20
1512307421.898349, 20
1512307421.998421, 19
1512307422.098580, 19
1512307422.198649, 21
1512307422.298855, 20
1512307422.398993, 21
1512307422.499133, 20
1512307422.599285, 21
1512307422.699483, 19
1512307422.799574, 18
1512307422.899785, 19
1512307422.999856, 20
1512307423.100013, 21
1512307423.200225, 20
1512307423.300391, 21
1512307423.400496, 21
1512307423.501055, 20
1512307423.601353, 18
1512307423.702083, 18
1512307423.802119, 20
1512307423.904298, 20
1512307424.004776, 21
1512307424.106230, 20
1512307424.206877, 21
1512307424.307544, 22
1512307424.407963, 19
1512307424.508046, 19
1512307424.608248, 19
1512307424.708352, 20
1512307424.808514, 21
1512307424.908792, 20
1512307425.009268, 21
1512307425.109417, 21
1512307425.209619, 20
1512307425.309728, 18
1512307425.409996, 19
1512307425.510126, 20
1512307425.610215, 20
1512307425.710364, 21
1512307425.810523, 20
1512307425.911056, 21
1512307426.012376, 20
1512307426.112544, 18
1512307426.213906, 18
1512307426.314024, 20
1512307426.414195, 21
1512307426.514498, 20
1512307426.614781, 21
1512307426.714893, 21
1512307426.815075, 20
1512307426.916671, 19
1512307427.016783, 20
1512307427.117017, 20
1512307427.217144, 21
1512307427.317347, 21
1512307427.417985, 20
1512307427.518122, 21
1512307427.618253, 19
1512307427.718388, 18
1512307427.818621, 19
1512307427.918745, 20
1512307428.018894, 21
1512307428.119035, 20
1512307428.219179, 22
1512307428.319292, 20
1512307428.421380, 20
1512307428.521573, 17
1512307428.621801, 17
1512307428.722278, 19
1512307428.822686, 20
1512307428.922892, 20
1512307429.023365, 21
1512307429.123921, 21
1512307429.224076, 21
1512307429.324213, 20
1512307429.425006, 20
1512307429.525134, 18
1512307429.625305, 18
1512307429.725420, 20
1512307429.825592, 20
1512307429.925795, 21
1512307430.026012, 21
1512307430.126458, 20
1512307430.228853, 21
1512307430.329062, 19
1512307430.429383, 18
1512307430.529982, 19
1512307430.632049, 20
1512307430.732240, 21
1512307430.832368, 20
1512307430.932620, 21
1512307431.032847, 20
1512307431.133342, 22
1512307431.233527, 19
1512307431.333818, 20
1512307431.433993, 20
1512307431.534171, 21
1512307431.634302, 21
1512307431.734417, 21
1512307431.834652, 19
1512307431.934804, 19
1512307432.035116, 20
1512307432.135302, 21
1512307432.235466, 20
1512307432.335536, 21
1512307432.435587, 21
1512307432.535848, 19
1512307432.635964, 19
1512307432.737084, 18
1512307432.837207, 19
1512307432.937338, 20
1512307433.037617, 21
1512307433.137812, 20
1512307433.238075, 21
1512307433.338238, 21
1512307433.438406, 20
1512307433.538594, 20
1512307433.638757, 19
1512307433.739006, 21
1512307433.839152, 21
1512307433.939345, 20
1512307434.039518, 21
1512307434.139709, 20
1512307434.240192, 18
1512307434.340353, 18
1512307434.440557, 19
1512307434.540705, 19
1512307434.640934, 21
1512307434.741185, 21
1512307434.841336, 20
1512307434.941484, 21
1512307435.041606, 20
1512307435.141689, 19
1512307435.241745, 19
1512307435.343436, 20
1512307435.443612, 21
1512307435.543784, 21
1512307435.643940, 20
1512307435.744051, 21
1512307435.844179, 19
1512307435.944698, 18
1512307436.045154, 18
1512307436.147542, 19
1512307436.248716, 20
1512307436.349276, 21
1512307436.449867, 21
1512307436.552477, 21
1512307436.652609, 21
1512307436.752729, 19
1512307436.854947, 19
1512307436.955345, 17
1512307437.055534, 19
1512307437.155672, 19
1512307437.255840, 20
1512307437.355998, 21
1512307437.456863, 20
1512307437.556976, 22
1512307437.657046, 21
1512307437.757234, 19
1512307437.857692, 18
1512307437.957854, 17
1512307438.057924, 18
1512307438.158255, 19
1512307438.258396, 20
1512307438.358525, 20
1512307438.458614, 21
1512307438.558668, 21
1512307438.658718, 21
1512307438.758824, 19
1512307438.858939, 20
1512307438.959052, 18
1512307439.059168, 20
1512307439.159315, 20
1512307439.261431, 21
1512307439.361777, 20
1512307439.461910, 21
1512307439.562052, 20
1512307439.662212, 20
1512307439.762506, 19
1512307439.862996, 20
1512307439.963226, 21
1512307440.065557, 20
1512307440.167417, 21
1512307440.267566, 21
1512307440.367711, 19
1512307440.467837, 18
1512307440.569758, 20
1512307440.671435, 20
1512307440.771940, 21
1512307440.873416, 21
1512307440.973911, 20
1512307441.074871, 20
1512307441.175115, 19
1512307441.275389, 18
1512307441.375560, 20
1512307441.475804, 21
1512307441.575985, 21
1512307441.676172, 20
1512307441.776311, 21
1512307441.876995, 20
1512307441.977116, 18
1512307442.077245, 18
1512307442.177375, 20
1512307442.277526, 21
1512307442.377669, 20
1512307442.477726, 21
1512307442.578242, 21
1512307442.678422, 20
1512307442.778512, 20
1512307442.878618, 18
1512307442.978717, 19
1512307443.078837, 20
1512307443.178928, 21
1512307443.278985, 21
1512307443.379033, 20
1512307443.479140, 21
1512307443.579299, 21
1512307443.679419, 19
1512307443.781350, 20
1512307443.881548, 20
1512307443.981667, 21
1512307444.081827, 20
1512307444.182252, 21
1512307444.282428, 20
1512307444.384085, 19
1512307444.484532, 19
1512307444.586652, 19
1512307444.687102, 22
1512307444.788609, 21
1512307444.889638, 20
1512307444.989823, 21
1512307445.090253, 20
1512307445.190300, 20
1512307445.290455, 19
1512307445.390524, 21
1512307445.490587, 20
1512307445.590634, 21
1512307445.690676, 21
1512307445.790802, 20
1512307445.890913, 19
1512307445.990968, 19
1512307446.091114, 20
1512307446.191224, 21
1512307446.291341, 21
1512307446.391466, 20
1512307446.491623, 21
1512307446.591695, 19
1512307446.691819, 19
1512307446.791924, 21
1512307446.892054, 21
1512307446.992112, 20
1512307447.092154, 21
1512307447.192204, 20
1512307447.292249, 20
1512307447.392323, 19
1512307447.492386, 20
1512307447.592542, 21
1512307447.692617, 21
1512307447.792746, 21
1512307447.892849, 19
1512307447.993135, 19
1512307448.093260, 19
1512307448.193397, 20
1512307448.293515, 20
1512307448.393568, 21
1512307448.493625, 20
1512307448.593727, 21
1512307448.693818, 20
1512307448.793931, 19
1512307448.893979, 21
1512307448.994020, 21
1512307449.094063, 20
1512307449.194119, 20
1512307449.294239, 21
1512307449.394368, 18
1512307449.494544, 20
1512307449.594696, 20
1512307449.694878, 21
1512307449.795033, 20
1512307449.895179, 21
1512307449.995341, 20
1512307450.095511, 20
1512307450.195655, 18
1512307450.295768, 19
1512307450.396133, 20
1512307450.496341, 20
1512307450.596519, 21
1512307450.696749, 20
1512307450.797759, 21
1512307450.897956, 21
1512307450.998088, 19
1512307451.098197, 19
1512307451.198370, 21
1512307451.298495, 20
1512307451.399009, 21
1512307451.500733, 21
1512307451.602803, 20
1512307451.702952, 20
1512307451.804395, 20
1512307451.906094, 20
1512307452.006196, 21
1512307452.106321, 21
1512307452.207985, 20
1512307452.308127, 20
1512307452.408272, 18
1512307452.508462, 20
1512307452.608635, 21
1512307452.708747, 21
