1512307603.66 0 0
1512307603.76 0 0
1512307603.86 0 0
1512307603.96 0 0
1512307604.06 0 0
1512307604.19 0 0
1512307604.27 0 0
1512307604.37 0 0
1512307604.47 0 0
1512307604.57 0 0
1512307604.69 0 0
1512307604.77 0 0
1512307604.87 0 0
1512307604.97 0 0
1512307605.07 0 0
1512307605.17 0 0
1512307605.27 0 0
1512307605.37 0 0
1512307605.47 0 0
1512307605.57 0 0
1512307605.67 0 0
1512307605.78 0 0
1512307605.87 0 0
1512307605.97 0 0
1512307606.07 0 0
1512307606.17 0 0
1512307606.27 0 0
1512307606.37 0 0
1512307606.47 0 0
1512307606.57 0 0
1512307606.67 0 0
1512307606.78 0 0
1512307606.87 0 0
1512307606.98 0 0
1512307607.08 0 0
1512307607.18 0 0
1512307607.28 0 0
1512307607.38 0 0
1512307607.48 0 0
1512307607.59 0 0
1512307607.68 0 0
1512307607.78 0 0
1512307607.88 0 0
1512307607.98 0 0
1512307608.08 0 0
1512307608.18 0 0
1512307608.28 0 0
1512307608.38 0 0
1512307608.48 0 0
1512307608.58 0 0
1512307608.68 0 0
1512307608.78 0 0
1512307608.88 0 0
1512307608.98 0 0
1512307609.09 0 0
1512307609.18 0 0
1512307609.28 0 0
1512307609.38 0 0
1512307609.49 0 0
1512307609.59 0 0
1512307609.69 0 0
1512307609.79 0 0
1512307609.89 0 0
1512307609.99 0 0
1512307610.09 0 0
1512307610.19 0 0
1512307610.29 0 0
1512307610.39 0 0
1512307610.49 0 0
1512307610.59 0 0
1512307610.69 0 0
1512307610.79 0 0
1512307610.89 0 0
1512307610.99 0 0
1512307611.09 0 0
1512307611.19 0 0
1512307611.29 0 0
1512307611.39 0 0
1512307611.49 0 0
1512307611.59 0 0
1512307611.69 0 0
1512307611.79 0 0
1512307611.9 0 0
1512307611.99 0 0
1512307612.1 0 0
1512307612.18 0 0
1512307612.28 0 0
1512307612.38 0 0
1512307612.48 0 0
1512307612.58 0 0
1512307612.69 0 0
1512307612.78 0 0
1512307612.9 0 0
1512307612.99 0 0
1512307613.08 0 0
1512307613.18 0 0
1512307613.28 0 0
1512307613.38 0 0
1512307613.48 0 0
1512307613.58 0 0
1512307613.69 0 0
1512307613.78 0 0
1512307613.89 0 0
1512307613.99 0 0
1512307614.09 0 0
1512307614.2 0 0
1512307614.29 0 0
1512307614.38 0 0
1512307614.49 0 0
1512307614.59 0 0
1512307614.69 0 0
1512307614.79 0 0
1512307614.89 0 0
1512307614.99 0 0
1512307615.09 0 0
1512307615.19 0 0
1512307615.29 0 0
1512307615.39 0 0
1512307615.49 0 0
1512307615.59 0 0
1512307615.69 0 0
1512307615.79 0 0
1512307615.89 0 0
1512307615.99 0 0
1512307616.09 0 0
1512307616.19 0 0
1512307616.29 0 0
1512307616.39 0 0
1512307616.49 0 0
1512307616.59 0 0
1512307616.69 0 0
1512307616.79 0 0
1512307616.89 0 0
1512307616.99 0 0
1512307617.09 0 0
1512307617.19 0 0
1512307617.29 0 0
1512307617.39 0 0
1512307617.49 0 0
1512307617.59 0 0
1512307617.69 0 0
1512307617.79 0 0
1512307617.89 0 0
1512307617.99 0 0
1512307618.09 0 0
1512307618.19 0 0
1512307618.29 0 0
1512307618.39 0 0
1512307618.49 0 0
1512307618.59 0 0
1512307618.69 0 0
1512307618.79 0 0
1512307618.89 0 0
1512307619.0 0 0
1512307619.1 0 0
1512307619.2 0 0
1512307619.3 0 0
1512307619.4 0 0
1512307619.5 0 0
1512307619.6 0 0
1512307619.7 0 0
1512307619.8 0 0
1512307619.9 0 0
1512307620.0 0 0
1512307620.1 0 0
1512307620.2 0 0
1512307620.3 0 0
1512307620.4 0 0
1512307620.5 0 0
1512307620.6 0 0
1512307620.7 0 0
1512307620.8 0 0
1512307620.9 0 0
1512307621.0 0 0
1512307621.1 0 0
1512307621.2 0 0
1512307621.3 0 0
1512307621.4 0 0
1512307621.5 0 0
1512307621.6 0 0
1512307621.7 0 0
1512307621.8 0 0
1512307621.9 0 0
1512307622.0 0 0
1512307622.1 0 0
1512307622.2 0 0
1512307622.3 0 0
1512307622.4 0 0
1512307622.51 0 0
1512307622.6 0 0
1512307622.71 0 0
1512307622.8 0 0
1512307622.9 0 0
1512307623.0 0 0
1512307623.11 0 0
1512307623.21 0 0
1512307623.3 0 0
1512307623.4 0 0
1512307623.5 0 0
1512307623.61 0 0
1512307623.71 0 0
1512307623.81 0 0
1512307623.91 0 0
1512307624.01 0 0
1512307624.11 0 0
1512307624.22 0 0
1512307624.32 0 0
1512307624.42 0 0
1512307624.52 0 0
1512307624.62 0 0
1512307624.72 0 0
1512307624.82 0 0
1512307624.92 0 0
1512307625.02 0 0
1512307625.13 0 0
1512307625.23 0 0
1512307625.33 0 0
1512307625.43 0 0
1512307625.53 0 0
1512307625.63 0 0
1512307625.73 0 0
1512307625.83 0 0
1512307625.93 0 0
1512307626.03 0 0
1512307626.13 0 0
1512307626.23 0 0
1512307626.33 0 0
1512307626.43 0 0
1512307626.53 0 0
1512307626.63 0 0
1512307626.73 0 0
1512307626.83 0 0
1512307626.93 0 0
1512307627.03 0 0
1512307627.13 0 0
1512307627.23 0 0
1512307627.33 0 0
1512307627.43 0 0
1512307627.53 0 0
1512307627.63 0 0
1512307627.73 0 0
1512307627.83 0 0
1512307627.93 0 0
1512307628.03 0 0
1512307628.13 0 0
1512307628.23 0 0
1512307628.34 0 0
1512307628.43 0 0
1512307628.54 0 0
1512307628.63 0 0
1512307628.74 0 0
1512307628.83 0 0
1512307628.94 0 0
1512307629.04 0 0
1512307629.13 0 0
1512307629.24 0 0
1512307629.34 0 0
1512307629.44 0 0
1512307629.54 0 0
1512307629.64 0 0
1512307629.74 0 0
1512307629.84 0 0
1512307629.94 0 0
1512307630.04 0 0
1512307630.14 0 0
1512307630.24 0 0
1512307630.34 0 0
1512307630.44 0 0
1512307630.54 0 0
1512307630.64 0 0
1512307630.75 0 0
1512307630.85 0 0
1512307630.95 0 0
1512307631.04 0 0
1512307631.14 0 0
1512307631.24 0 0
1512307631.34 0 0
1512307631.44 0 0
1512307631.55 0 0
1512307631.64 0 0
1512307631.74 0 0
1512307631.84 0 0
1512307631.95 0 0
1512307632.05 0 0
1512307632.15 0 0
1512307632.25 0 0
1512307632.35 0 0
1512307632.45 0 0
1512307632.55 0 0
1512307632.65 0 0
1512307632.75 0 0
1512307632.85 0 0
1512307632.95 0 0
1512307633.05 0 0
1512307633.15 0 0
1512307633.25 0 0
1512307633.35 0 0
1512307633.45 0 0
1512307633.55 0 0
1512307633.65 0 0
1512307633.75 0 0
1512307633.85 0 0
1512307633.95 0 0
1512307634.05 0 0
1512307634.15 0 0
1512307634.25 0 0
1512307634.35 0 0
1512307634.45 0 0
1512307634.55 0 0
1512307634.65 0 0
1512307634.75 0 0
1512307634.85 0 0
1512307634.95 0 0
1512307635.05 0 0
1512307635.15 0 0
1512307635.26 0 0
1512307635.35 0 0
1512307635.46 0 0
1512307635.56 0 0
1512307635.66 0 0
1512307635.76 0 0
1512307635.86 0 0
1512307635.96 0 0
1512307636.06 0 0
1512307636.16 0 0
1512307636.26 0 0
1512307636.35 0 0
1512307636.47 0 0
1512307636.55 0 0
1512307636.65 0 0
1512307636.77 0 0
1512307636.87 0 0
1512307636.97 0 0
1512307637.07 0 0
1512307637.18 0 0
1512307637.28 0 0
1512307637.38 0 0
1512307637.48 0 0
1512307637.57 0 0
1512307637.67 0 0
1512307637.78 0 0
1512307637.88 0 0
1512307637.98 0 0
1512307638.08 0 0
1512307638.18 0 0
1512307638.3 0 0
1512307638.41 0 0
1512307638.51 0 0
1512307638.61 0 0
1512307638.71 0 0
1512307638.81 0 0
1512307638.91 0 0
1512307639.01 0 0
1512307639.11 0 0
1512307639.21 0 0
1512307639.31 0 0
1512307639.41 0 0
1512307639.51 0 0
1512307639.61 0 0
1512307639.73 0 0
1512307639.83 0 0
1512307639.93 0 0
1512307640.03 0 0
1512307640.13 0 0
1512307640.23 0 0
1512307640.33 0 0
1512307640.43 0 0
1512307640.53 0 0
1512307640.63 0 0
1512307640.73 0 0
1512307640.83 0 0
1512307640.93 0 0
1512307641.03 0 0
1512307641.13 0 0
1512307641.24 0 0
1512307641.34 0 0
1512307641.44 0 0
1512307641.53 0 0
1512307641.63 0 0
1512307641.73 0 0
1512307641.83 0 0
1512307641.93 0 0
1512307642.03 0 0
1512307642.13 0 0
1512307642.24 0 0
1512307642.34 0 0
1512307642.43 0 0
1512307642.53 0 0
1512307642.63 0 0
1512307642.74 0 0
1512307642.84 0 0
1512307642.94 0 0
1512307643.03 0 0
1512307643.14 0 0
1512307643.24 0 0
1512307643.34 0 0
1512307643.44 0 0
1512307643.54 0 0
1512307643.64 0 0
1512307643.74 0 0
1512307643.87 0 0
1512307643.98 0 0
1512307644.08 0 0
1512307644.18 0 0
1512307644.28 0 0
1512307644.39 0 0
1512307644.5 0 0
1512307644.58 0 0
1512307644.7 0 0
1512307644.79 0 0
1512307644.89 0 0
1512307644.99 0 0
1512307645.09 0 0
1512307645.19 0 0
1512307645.29 0 0
1512307645.39 0 0
1512307645.49 0 0
1512307645.6 0 0
1512307645.7 0 0
1512307645.8 0 0
1512307645.94 0 0
1512307646.03 0 0
1512307646.13 0 0
1512307646.23 0 0
1512307646.34 0 0
1512307646.45 0 0
1512307646.55 0 0
1512307646.63 0 0
1512307646.73 0 0
1512307646.83 0 0
1512307646.93 0 0
1512307647.03 0 0
1512307647.14 0 0
1512307647.24 0 0
1512307647.34 0 0
1512307647.44 0 0
1512307647.53 0 0
1512307647.64 0 0
1512307647.74 0 0
1512307647.84 0 0
1512307647.93 0 0
1512307648.04 0 0
1512307648.13 0 0
1512307648.24 0 0
1512307648.34 0 0
1512307648.44 0 0
1512307648.54 0 0
1512307648.64 0 0
1512307648.74 0 0
1512307648.84 0 0
1512307648.93 0 0
1512307649.04 0 0
1512307649.14 0 0
1512307649.24 0 0
1512307649.34 0 0
1512307649.44 0 0
1512307649.54 0 0
1512307649.64 0 0
1512307649.74 0 0
1512307649.84 0 0
1512307649.94 0 0
1512307650.04 0 0
1512307650.14 0 0
1512307650.24 0 0
1512307650.35 0 0
1512307650.45 0 0
1512307650.55 0 0
1512307650.67 0 0
1512307650.78 0 0
1512307650.88 0 0
1512307650.98 0 0
1512307651.09 0 0
1512307651.18 0 0
1512307651.28 0 0
1512307651.42 0 0
1512307651.53 0 0
1512307651.62 0 0
1512307651.73 0 0
1512307651.82 0 0
1512307651.92 0 0
1512307652.02 0 0
1512307652.12 0 0
1512307652.22 0 0
1512307652.32 0 0
1512307652.42 0 0
1512307652.52 0 0
1512307652.62 0 0
1512307652.72 0 0
1512307652.82 0 0
1512307652.92 0 0
1512307653.02 0 0
1512307653.12 0 0
1512307653.22 0 0
1512307653.34 0 0
1512307653.45 0 0
1512307653.55 0 0
1512307653.66 0 0
1512307653.83 0 0
1512307653.92 0 0
1512307654.02 0 0
1512307654.12 0 0
1512307654.22 0 0
1512307654.32 0 0
1512307654.44 0 0
1512307654.54 0 0
1512307654.64 0 0
1512307654.74 0 0
1512307654.84 0 0
1512307654.94 0 0
1512307655.05 0 0
1512307655.14 0 60
1512307655.25 0 0
1512307655.35 0 0
1512307655.45 0 60
1512307655.55 0 120
1512307655.65 0 60
1512307655.75 0 720
1512307655.85 0 2520
1512307655.95 0 2520
1512307656.05 0 2400
1512307656.15 0 2400
1512307656.25 0 2400
1512307656.35 0 2460
1512307656.45 0 2460
1512307656.55 0 2520
1512307656.65 0 2340
1512307656.75 0 2580
1512307656.85 0 2460
1512307656.95 0 2400
1512307657.05 0 2520
1512307657.15 0 2520
1512307657.25 0 2460
1512307657.35 0 2520
1512307657.45 0 2340
1512307657.56 0 2700
1512307657.66 0 2580
1512307657.76 0 2160
1512307657.85 0 2400
1512307657.95 0 2460
1512307658.06 0 2580
1512307658.16 0 2580
1512307658.25 0 2400
1512307658.36 0 2520
1512307658.45 0 2400
1512307658.55 0 2460
1512307658.65 0 2400
1512307658.76 0 2580
1512307658.86 0 2580
1512307658.96 0 2340
1512307659.06 0 2520
1512307659.16 0 2400
1512307659.26 0 2460
1512307659.36 0 2640
1512307659.46 0 2280
1512307659.56 0 2460
1512307659.66 0 2640
1512307659.76 0 2340
1512307659.86 0 2340
1512307659.96 0 2580
1512307660.06 0 2520
1512307660.16 0 2460
1512307660.26 0 2460
1512307660.36 0 2520
1512307660.46 0 2460
1512307660.56 0 2460
1512307660.66 0 2460
1512307660.76 0 2520
1512307660.86 0 2520
1512307660.96 0 2460
1512307661.06 0 2520
1512307661.16 0 2400
1512307661.26 0 2460
1512307661.37 0 2700
1512307661.46 0 2280
1512307661.56 0 2460
1512307661.66 0 2520
1512307661.78 0 2760
1512307661.87 0 2220
1512307661.97 0 2580
1512307662.07 0 2520
1512307662.16 0 2280
1512307662.27 0 2520
1512307662.37 0 2640
1512307662.47 0 2280
1512307662.57 0 2460
1512307662.67 0 2520
1512307662.77 0 2520
1512307662.87 0 2460
1512307662.97 0 2340
1512307663.07 0 2460
1512307663.17 0 2520
1512307663.27 0 2520
1512307663.37 0 2520
1512307663.47 0 2460
1512307663.57 0 2460
1512307663.67 0 2280
1512307663.77 0 2580
1512307663.87 0 2520
1512307663.97 0 2520
1512307664.07 0 2460
1512307664.17 0 2340
1512307664.27 0 2640
1512307664.38 0 2520
1512307664.47 0 2400
1512307664.58 0 2520
1512307664.67 0 2340
1512307664.78 0 2520
1512307664.88 0 2700
1512307664.98 0 2460
1512307665.08 0 2520
1512307665.19 0 2520
1512307665.28 0 2460
1512307665.39 0 2520
1512307665.49 0 2520
1512307665.59 0 2520
1512307665.69 0 2520
1512307665.79 0 2400
1512307665.89 0 2520
1512307666.0 0 2520
1512307666.1 0 2580
1512307666.2 0 2220
1512307666.3 0 2520
1512307666.4 0 2580
1512307666.5 0 2460
1512307666.6 0 2520
1512307666.7 0 2520
1512307666.8 0 2340
1512307666.9 0 2640
1512307667.0 0 2340
1512307667.1 0 2520
1512307667.2 0 2460
1512307667.3 0 2400
1512307667.4 0 2460
1512307667.5 0 2520
1512307667.6 0 2460
1512307667.7 0 2520
1512307667.8 0 2460
1512307667.9 0 2460
1512307668.0 0 2460
1512307668.1 0 2460
1512307668.2 0 2460
1512307668.3 0 2520
1512307668.41 0 2520
1512307668.5 0 2400
1512307668.6 0 2460
1512307668.7 0 2520
1512307668.81 0 2520
1512307668.91 0 2460
1512307669.0 0 2460
1512307669.11 0 2460
1512307669.21 0 2460
1512307669.31 0 2460
1512307669.4 0 2400
1512307669.51 0 2460
1512307669.61 0 2580
1512307669.7 0 2400
1512307669.81 0 2520
1512307669.91 0 2460
1512307670.01 0 2460
1512307670.11 0 2520
1512307670.21 0 2520
1512307670.31 0 2460
1512307670.42 0 2520
1512307670.52 0 2700
1512307670.61 0 2040
1512307670.71 0 2520
1512307670.81 0 2580
1512307670.91 0 2400
1512307671.01 0 2400
1512307671.11 0 2580
1512307671.21 0 2460
1512307671.31 0 2520
1512307671.41 0 2400
1512307671.51 0 2520
1512307671.61 0 2460
1512307671.71 0 2460
1512307671.81 0 2460
1512307671.91 0 2520
1512307672.01 0 2460
1512307672.12 0 2520
1512307672.21 0 2400
1512307672.31 0 2460
1512307672.41 0 2460
1512307672.51 0 2460
1512307672.61 0 2520
1512307672.72 0 2700
1512307672.81 0 2220
1512307672.91 0 2460
1512307673.01 0 2460
1512307673.11 0 2460
1512307673.21 0 2520
1512307673.31 0 2460
1512307673.41 0 2460
1512307673.51 0 2460
1512307673.62 0 2580
1512307673.72 0 2340
1512307673.81 0 2460
1512307673.92 0 2700
1512307674.02 0 2460
1512307674.12 0 2460
1512307674.22 0 2400
1512307674.32 0 2640
1512307674.42 0 2580
1512307674.52 0 2520
1512307674.62 0 3720
1512307674.72 0 2580
1512307674.82 0 2460
1512307674.92 0 1920
1512307675.02 0 2100
1512307675.12 0 1800
1512307675.22 0 360
1512307675.32 0 420
1512307675.42 0 960
1512307675.52 0 960
1512307675.62 0 840
1512307675.72 0 780
1512307675.82 0 960
1512307675.92 0 840
1512307676.02 0 900
1512307676.12 0 960
1512307676.23 0 1260
1512307676.32 0 1200
1512307676.43 0 1380
1512307676.52 0 1440
1512307676.62 0 1620
1512307676.72 0 1800
1512307676.82 0 2040
1512307676.92 0 2160
1512307677.03 0 2460
1512307677.13 0 2520
1512307677.22 0 2580
1512307677.33 0 2700
1512307677.43 0 2640
1512307677.53 0 2520
1512307677.63 0 2040
1512307677.73 0 1920
1512307677.83 0 2100
1512307677.93 0 2100
1512307678.03 0 2220
1512307678.13 0 2340
1512307678.23 0 2160
1512307678.33 0 2340
1512307678.43 0 2520
1512307678.53 0 2520
1512307678.63 0 2520
1512307678.73 0 2580
1512307678.83 0 2640
1512307678.93 0 2520
1512307679.03 0 1920
1512307679.13 0 1680
1512307679.23 0 2160
1512307679.33 0 2220
1512307679.43 0 2280
1512307679.53 0 2400
1512307679.63 0 2400
1512307679.73 0 2520
1512307679.83 0 2520
1512307679.93 0 2640
1512307680.03 0 2520
1512307680.13 0 2580
1512307680.23 0 2340
1512307680.33 0 1620
1512307680.43 0 1620
1512307680.53 0 1980
1512307680.64 0 2100
1512307680.74 0 2280
1512307680.84 0 2220
1512307680.94 0 2160
1512307681.04 0 2520
1512307681.14 0 2400
1512307681.25 0 2640
1512307681.34 0 2520
1512307681.44 0 2580
1512307681.54 0 2220
1512307681.64 0 2040
1512307681.74 0 1920
1512307681.84 0 1980
1512307681.94 0 2400
1512307682.04 0 2400
1512307682.14 0 2460
1512307682.24 0 2460
1512307682.34 0 2580
1512307682.44 0 2580
1512307682.54 0 2640
1512307682.64 0 2580
1512307682.74 0 2340
1512307682.84 0 2400
1512307682.94 0 2400
1512307683.04 0 2520
1512307683.14 0 2640
1512307683.25 0 2580
1512307683.35 0 2640
1512307683.44 0 2460
1512307683.55 0 2640
1512307683.64 0 2400
1512307683.75 0 2520
1512307683.85 0 2760
1512307683.96 0 2760
1512307684.05 0 2340
1512307684.15 0 2580
1512307684.25 0 2580
1512307684.35 0 2220
1512307684.46 0 2760
1512307684.56 0 2640
1512307684.66 0 2520
1512307684.76 0 2640
1512307684.86 0 2460
1512307684.95 0 2280
1512307685.05 0 2460
1512307685.15 0 2520
1512307685.25 0 2580
1512307685.35 0 2580
1512307685.45 0 2640
1512307685.56 0 2580
1512307685.65 0 2280
1512307685.75 0 2340
1512307685.85 0 2580
1512307685.95 0 2520
1512307686.05 0 2640
1512307686.16 0 2640
1512307686.26 0 2580
1512307686.36 0 2580
1512307686.46 0 2400
1512307686.56 0 2460
1512307686.66 0 2580
1512307686.76 0 2580
1512307686.86 0 2700
1512307686.96 0 2580
1512307687.06 0 2460
1512307687.16 0 2460
1512307687.26 0 2400
1512307687.36 0 2580
1512307687.46 0 2520
1512307687.56 0 2640
1512307687.66 0 2520
1512307687.76 0 2520
1512307687.86 0 2460
1512307687.96 0 2460
1512307688.06 0 2520
1512307688.17 0 2580
1512307688.27 0 2640
1512307688.37 0 2760
1512307688.47 0 2520
1512307688.57 0 2460
1512307688.68 0 2520
1512307688.77 0 2400
1512307688.87 0 2640
1512307688.98 0 2760
1512307689.08 0 2460
1512307689.17 0 2520
1512307689.27 0 2460
1512307689.37 0 2220
1512307689.47 0 2340
1512307689.57 0 2460
1512307689.67 0 2580
1512307689.77 0 2580
1512307689.87 0 2640
1512307689.98 0 2520
1512307690.08 0 2580
1512307690.18 0 2220
1512307690.27 0 2100
1512307690.37 0 2460
1512307690.46 0 2580
1512307690.57 0 2640
1512307690.67 0 2580
1512307690.77 0 2580
1512307690.87 0 2400
1512307690.97 0 2340
1512307691.07 0 2100
1512307691.17 0 2340
1512307691.27 0 2280
1512307691.37 0 2640
1512307691.47 0 2520
1512307691.57 0 2460
1512307691.67 0 2700
1512307691.77 0 2520
1512307691.87 0 2640
1512307691.97 0 2280
1512307692.08 0 2700
1512307692.17 0 2220
1512307692.27 0 2580
1512307692.37 0 2580
1512307692.48 0 2760
1512307692.58 0 2640
1512307692.68 0 2520
1512307692.78 0 2280
1512307692.89 0 2400
1512307692.99 0 2400
1512307693.1 0 2820
1512307693.19 0 2160
1512307693.29 0 2100
1512307693.39 0 2160
1512307693.49 0 2040
1512307693.59 0 1920
1512307693.69 0 2100
1512307693.79 0 1200
1512307693.89 0 900
1512307693.99 0 720
1512307694.09 0 780
1512307694.19 0 900
1512307694.29 0 900
1512307694.39 0 960
1512307694.49 0 960
1512307694.59 0 1020
1512307694.69 0 1080
1512307694.79 0 1140
1512307694.89 0 1200
1512307694.99 0 1320
1512307695.09 0 1560
1512307695.19 0 1620
1512307695.29 0 1800
1512307695.39 0 1860
1512307695.49 0 1740
1512307695.59 0 1860
1512307695.69 0 2040
1512307695.79 0 2100
1512307695.89 0 1680
1512307695.99 0 1080
1512307696.1 0 1140
1512307696.2 0 1380
1512307696.29 0 1440
1512307696.39 0 1440
1512307696.5 0 1560
1512307696.6 0 1560
1512307696.71 0 1680
1512307696.8 0 1680
1512307696.91 0 1860
1512307697.01 0 1920
1512307697.13 0 2100
1512307697.21 0 1560
1512307697.32 0 1860
1512307697.42 0 2220
1512307697.53 0 1920
1512307697.62 0 1200
1512307697.72 0 780
1512307697.83 0 1380
1512307697.93 0 1260
1512307698.03 0 1440
1512307698.13 0 1320
1512307698.22 0 1140
1512307698.32 0 1500
1512307698.42 0 1560
1512307698.52 0 1620
1512307698.62 0 1860
1512307698.72 0 1800
1512307698.82 0 1680
1512307698.92 0 1920
1512307699.02 0 1860
1512307699.12 0 1800
1512307699.22 0 1560
1512307699.32 0 2160
1512307699.42 0 1080
1512307699.52 0 480
1512307699.63 0 780
1512307699.72 0 600
1512307699.82 0 900
1512307699.92 0 660
1512307700.02 0 780
1512307700.12 0 840
1512307700.22 0 960
1512307700.32 0 900
1512307700.44 0 1080
1512307700.53 0 960
1512307700.62 0 1200
1512307700.72 0 1260
1512307700.82 0 1440
1512307700.92 0 1560
1512307701.02 0 1740
1512307701.12 0 1860
1512307701.24 0 1920
1512307701.33 0 1920
1512307701.43 0 2160
1512307701.54 0 2100
1512307701.64 0 1800
1512307701.73 0 1800
1512307701.83 0 1560
1512307701.94 0 1620
1512307702.04 0 1500
1512307702.14 0 1320
1512307702.24 0 1500
1512307702.34 0 1500
1512307702.43 0 1620
1512307702.53 0 1680
1512307702.63 0 1620
1512307702.74 0 1860
1512307702.83 0 1800
1512307702.93 0 1800
1512307703.03 0 1620
1512307703.12 0 1680
1512307703.22 0 2160
1512307703.32 0 2220
1512307703.42 0 1740
1512307703.52 0 1980
1512307703.61 0 1440
1512307703.72 0 1380
1512307703.82 0 900
1512307703.93 0 1260
1512307704.03 0 960
1512307704.13 0 1140
1512307704.23 0 1140
1512307704.33 0 1080
1512307704.44 0 1140
1512307704.54 0 1200
1512307704.64 0 1320
1512307704.73 0 1560
1512307704.84 0 1620
1512307704.93 0 1560
1512307705.04 0 1860
1512307705.14 0 1920
1512307705.24 0 1740
1512307705.33 0 1740
1512307705.43 0 1920
1512307705.54 0 1800
1512307705.63 0 1620
1512307705.74 0 1920
1512307705.83 0 540
1512307705.94 0 540
1512307706.04 0 660
1512307706.14 0 720
1512307706.24 0 720
1512307706.34 0 600
1512307706.44 0 660
1512307706.54 0 780
1512307706.64 0 780
1512307706.74 0 840
1512307706.84 0 780
1512307706.94 0 1080
1512307707.04 0 1140
1512307707.15 0 1260
1512307707.25 0 1560
1512307707.35 0 1500
1512307707.45 0 1440
1512307707.55 0 1740
1512307707.65 0 1980
1512307707.75 0 2100
1512307707.85 0 1920
1512307707.95 0 1800
1512307708.05 0 1980
1512307708.15 0 1800
1512307708.26 0 2040
1512307708.36 0 1440
1512307708.45 0 1080
1512307708.55 0 540
1512307708.65 0 720
1512307708.75 0 840
1512307708.85 0 900
1512307708.96 0 840
1512307709.06 0 900
1512307709.15 0 840
1512307709.26 0 960
1512307709.35 0 960
1512307709.46 0 1140
1512307709.56 0 1260
1512307709.66 0 1440
1512307709.76 0 1260
1512307709.86 0 1620
1512307709.96 0 1680
1512307710.06 0 1860
1512307710.16 0 2280
1512307710.25 0 1800
1512307710.35 0 1800
1512307710.45 0 2040
1512307710.55 0 1800
1512307710.65 0 1860
1512307710.75 0 1620
1512307710.86 0 1740
1512307710.96 0 720
1512307711.06 0 420
1512307711.16 0 480
1512307711.26 0 720
1512307711.36 0 780
1512307711.47 0 660
1512307711.57 0 780
1512307711.67 0 600
1512307711.77 0 720
1512307711.87 0 780
1512307711.97 0 840
1512307712.07 0 1020
1512307712.17 0 1080
1512307712.27 0 1260
1512307712.37 0 1440
1512307712.47 0 1440
1512307712.57 0 1620
1512307712.67 0 1740
1512307712.77 0 1800
1512307712.87 0 1980
1512307712.97 0 1680
1512307713.07 0 1800
1512307713.17 0 1920
1512307713.27 0 1680
1512307713.37 0 1680
1512307713.48 0 1860
1512307713.57 0 420
1512307713.67 0 420
1512307713.77 0 600
1512307713.87 0 600
1512307713.97 0 600
1512307714.07 0 600
1512307714.17 0 540
1512307714.28 0 720
1512307714.37 0 600
1512307714.48 0 780
1512307714.57 0 720
1512307714.67 0 900
1512307714.78 0 1080
1512307714.87 0 1020
1512307714.97 0 1080
1512307715.08 0 1380
1512307715.17 0 1320
1512307715.27 0 1560
1512307715.37 0 1680
1512307715.47 0 1860
1512307715.57 0 1740
1512307715.67 0 1920
1512307715.77 0 1860
1512307715.88 0 2160
1512307715.97 0 1860
1512307716.07 0 2100
1512307716.17 0 1260
1512307716.27 0 480
1512307716.37 0 1200
1512307716.47 0 1200
1512307716.57 0 1080
1512307716.67 0 960
1512307716.77 0 1080
1512307716.88 0 1020
1512307716.98 0 1080
1512307717.08 0 1260
1512307717.18 0 1260
1512307717.28 0 1500
1512307717.38 0 1500
1512307717.48 0 1560
1512307717.58 0 1680
1512307717.68 0 1800
1512307717.78 0 1860
1512307717.88 0 2340
1512307717.98 0 2160
1512307718.08 0 1860
1512307718.18 0 1920
1512307718.29 0 1860
1512307718.39 0 1980
1512307718.49 0 1200
1512307718.59 0 1080
1512307718.7 0 1200
1512307718.78 0 1140
1512307718.88 0 1320
1512307718.99 0 1320
1512307719.09 0 1440
1512307719.19 0 1440
1512307719.28 0 1440
1512307719.39 0 1500
1512307719.49 0 1740
1512307719.59 0 1800
1512307719.69 0 1920
1512307719.79 0 2040
1512307719.89 0 2040
1512307719.99 0 1920
1512307720.09 0 1920
1512307720.19 0 1800
1512307720.29 0 1980
1512307720.38 0 1680
1512307720.48 0 1860
1512307720.58 0 1260
1512307720.68 0 420
1512307720.78 0 420
1512307720.89 0 900
1512307720.98 0 660
1512307721.08 0 720
1512307721.18 0 720
1512307721.28 0 780
1512307721.38 0 840
1512307721.48 0 900
1512307721.59 0 900
1512307721.69 0 960
1512307721.81 0 1260
1512307721.89 0 1080
1512307721.99 0 1380
1512307722.1 0 1560
1512307722.2 0 1680
1512307722.3 0 1740
1512307722.4 0 1980
1512307722.51 0 1980
1512307722.61 0 2100
1512307722.71 0 2220
1512307722.8 0 1680
1512307722.9 0 2100
1512307723.0 0 1020
1512307723.1 0 1500
1512307723.2 0 1380
1512307723.31 0 1440
1512307723.41 0 1380
1512307723.51 0 1380
1512307723.61 0 1380
1512307723.71 0 1380
1512307723.81 0 1380
1512307723.91 0 1560
1512307724.01 0 1620
1512307724.11 0 1740
1512307724.21 0 1860
1512307724.31 0 1920
1512307724.4 0 2220
1512307724.5 0 2040
1512307724.6 0 1860
1512307724.7 0 1860
1512307724.8 0 1740
1512307724.9 0 1980
1512307725.0 0 1860
1512307725.1 0 780
1512307725.2 0 480
1512307725.3 0 840
1512307725.41 0 900
1512307725.51 0 960
1512307725.61 0 960
1512307725.71 0 960
1512307725.81 0 1080
1512307725.91 0 1140
1512307726.02 0 1320
1512307726.12 0 1500
1512307726.22 0 1560
1512307726.32 0 1920
1512307726.42 0 1860
1512307726.52 0 2280
1512307726.62 0 2400
1512307726.72 0 2640
1512307726.82 0 2640
1512307726.92 0 2580
1512307727.02 0 2580
1512307727.12 0 2280
1512307727.22 0 2280
1512307727.32 0 1680
1512307727.42 0 2040
1512307727.52 0 2220
1512307727.62 0 2220
1512307727.72 0 2160
1512307727.82 0 2220
1512307727.92 0 2340
1512307728.02 0 2400
1512307728.12 0 2520
1512307728.22 0 2580
1512307728.32 0 2640
1512307728.42 0 2640
1512307728.52 0 2460
1512307728.62 0 2400
1512307728.72 0 2460
1512307728.82 0 2460
1512307728.92 0 2580
1512307729.02 0 2640
1512307729.13 0 2580
1512307729.22 0 2640
1512307729.33 0 2700
1512307729.43 0 2340
1512307729.53 0 2580
1512307729.63 0 2580
1512307729.73 0 2640
1512307729.84 0 2700
1512307729.93 0 2400
1512307730.03 0 2640
1512307730.14 0 2520
1512307730.24 0 2520
1512307730.34 0 2580
1512307730.42 0 2340
1512307730.52 0 2520
1512307730.62 0 2580
1512307730.73 0 2580
1512307730.82 0 2400
1512307730.92 0 2460
1512307731.03 0 2580
1512307731.13 0 2640
1512307731.23 0 2580
1512307731.33 60 2580
1512307731.42 0 2520
1512307731.53 0 2400
1512307731.63 0 2400
1512307731.73 0 2460
1512307731.83 0 2580
1512307731.93 0 2520
1512307732.03 0 2640
1512307732.13 0 2580
1512307732.23 0 2700
1512307732.33 0 2400
1512307732.43 0 2520
1512307732.53 0 2520
1512307732.64 0 2640
1512307732.74 0 2760
1512307732.84 0 2520
1512307732.94 0 2640
1512307733.04 0 2460
1512307733.14 0 2460
1512307733.25 0 2580
1512307733.34 0 2520
1512307733.45 0 2760
1512307733.54 0 2520
1512307733.64 0 2580
1512307733.74 0 2400
1512307733.84 0 2280
1512307733.94 0 2520
1512307734.04 0 2640
1512307734.14 0 2520
1512307734.24 0 2640
1512307734.34 0 2580
1512307734.45 0 2580
1512307734.54 0 2460
1512307734.65 0 2520
1512307734.74 0 2520
1512307734.84 0 2580
1512307734.94 0 2640
1512307735.04 0 2520
1512307735.14 0 2400
1512307735.24 0 1920
1512307735.35 0 2280
1512307735.44 0 2280
1512307735.54 0 2460
1512307735.65 0 2580
1512307735.75 0 2580
1512307735.85 0 2640
1512307735.95 0 2580
1512307736.05 0 2580
1512307736.15 0 2700
1512307736.26 0 2520
1512307736.36 0 2280
1512307736.45 0 2460
1512307736.55 0 2640
1512307736.65 0 2520
1512307736.75 0 2520
1512307736.85 0 2520
1512307736.95 0 2580
1512307737.05 0 2520
1512307737.15 0 2400
1512307737.26 0 2700
1512307737.36 0 2520
1512307737.46 0 2640
1512307737.56 0 2400
1512307737.65 0 2460
1512307737.76 0 2340
1512307737.86 0 2520
1512307737.96 0 2580
1512307738.06 0 2520
1512307738.16 0 2880
1512307738.26 0 2400
1512307738.36 0 2520
1512307738.46 0 2520
1512307738.56 0 2400
1512307738.66 0 2580
1512307738.76 0 2640
1512307738.86 0 2640
1512307738.96 0 2400
1512307739.06 0 2700
1512307739.16 0 2400
1512307739.26 0 2340
1512307739.36 0 2520
1512307739.46 0 2520
1512307739.56 0 2580
1512307739.66 0 2460
1512307739.76 0 2760
1512307739.86 0 2280
1512307739.96 0 2520
1512307740.07 0 2760
1512307740.17 0 2640
1512307740.28 0 2700
1512307740.37 0 2580
1512307740.48 0 2400
1512307740.57 0 2220
1512307740.67 0 2460
1512307740.77 0 2520
1512307740.88 0 2640
1512307740.97 0 2580
1512307741.08 0 2640
1512307741.18 0 2640
1512307741.28 0 2640
1512307741.38 0 2580
1512307741.48 0 2460
1512307741.57 0 2520
1512307741.68 0 2520
1512307741.78 0 2340
1512307741.88 0 2280
1512307741.98 0 2460
1512307742.08 0 2400
1512307742.18 0 2520
1512307742.28 0 2640
1512307742.37 0 2580
1512307742.48 0 2640
1512307742.58 0 2160
1512307742.68 0 2220
1512307742.78 0 2340
1512307742.88 0 2460
1512307742.98 0 2640
1512307743.08 0 2520
1512307743.18 0 2640
1512307743.28 0 2700
1512307743.38 0 2400
1512307743.48 0 2340
1512307743.58 0 2280
1512307743.68 0 2340
1512307743.78 0 2520
1512307743.89 0 2640
1512307743.99 0 2640
1512307744.09 0 2640
1512307744.19 0 2520
1512307744.29 0 2580
1512307744.38 0 2400
1512307744.48 0 2280
1512307744.58 0 2340
1512307744.68 0 2460
1512307744.79 0 2580
1512307744.88 0 2580
1512307744.98 0 2580
1512307745.09 0 2640
1512307745.19 0 2460
1512307745.29 0 2220
1512307745.39 0 2100
1512307745.48 0 2280
1512307745.58 0 2400
1512307745.68 0 2460
1512307745.79 0 2580
1512307745.88 0 2580
1512307745.98 0 2580
1512307746.08 0 2520
1512307746.18 0 2640
1512307746.28 0 2340
1512307746.39 0 2280
1512307746.49 0 2340
1512307746.59 0 2400
1512307746.69 0 2460
1512307746.79 0 2520
1512307746.89 0 2640
1512307746.99 0 2640
1512307747.09 0 2580
1512307747.19 0 2520
1512307747.29 0 2580
1512307747.39 0 2460
1512307747.49 0 2640
1512307747.59 0 2640
1512307747.69 0 2640
1512307747.8 0 2700
1512307747.9 0 2220
1512307747.99 0 2100
1512307748.09 0 2280
1512307748.19 0 2280
1512307748.3 0 2700
1512307748.39 0 2460
1512307748.5 0 2700
1512307748.6 0 2700
1512307748.7 0 2640
1512307748.8 0 2460
1512307748.9 0 2220
1512307749.0 0 1860
1512307749.1 0 2040
1512307749.2 0 2220
1512307749.3 0 2280
1512307749.4 0 2340
1512307749.5 0 2280
1512307749.6 0 2580
1512307749.7 0 2520
1512307749.8 0 2580
1512307749.9 0 2580
1512307750.0 0 2640
1512307750.1 0 2460
1512307750.2 0 2280
1512307750.3 0 2280
1512307750.4 0 2460
1512307750.5 0 2400
1512307750.6 0 2640
1512307750.7 0 2520
1512307750.8 0 2580
1512307750.91 0 2820
1512307751.0 0 2460
1512307751.11 0 2400
1512307751.21 0 2520
1512307751.31 0 2520
1512307751.42 0 2760
1512307751.51 0 2460
1512307751.62 0 2700
1512307751.72 0 2640
1512307751.81 0 2280
1512307751.91 0 2160
1512307752.02 0 2520
1512307752.12 0 2520
1512307752.22 0 2400
1512307752.31 0 2460
1512307752.41 0 2580
1512307752.51 0 2520
1512307752.61 0 2520
1512307752.71 0 2640
1512307752.8 0 2340
1512307752.9 0 2340
1512307753.0 0 2460
1512307753.11 0 2760
1512307753.2 0 2400
1512307753.3 0 2640
1512307753.4 0 2520
1512307753.5 0 2460
1512307753.6 0 2040
1512307753.7 0 2280
1512307753.8 0 2520
1512307753.9 0 2580
1512307754.01 0 2640
1512307754.1 0 2520
1512307754.2 0 2520
1512307754.31 0 2640
1512307754.41 0 2400
1512307754.51 0 2280
1512307754.61 0 2700
1512307754.71 0 2640
1512307754.81 0 2400
1512307754.91 0 2640
1512307755.01 0 2520
1512307755.11 0 2580
1512307755.21 0 2460
1512307755.31 0 2460
1512307755.41 0 2460
1512307755.51 0 2760
1512307755.61 0 2520
1512307755.71 0 2640
1512307755.81 0 2460
1512307755.91 0 2400
1512307756.01 0 2400
1512307756.11 0 2400
1512307756.21 0 2640
1512307756.31 0 2640
1512307756.41 0 2520
1512307756.51 0 2700
1512307756.61 0 2520
1512307756.71 0 2640
1512307756.81 0 2520
1512307756.91 0 2340
1512307757.01 0 2100
1512307757.11 0 2220
1512307757.22 0 2520
1512307757.31 0 2520
1512307757.42 0 2640
1512307757.51 0 2520
1512307757.62 0 2640
1512307757.72 0 2640
1512307757.82 0 2640
1512307757.92 0 2460
1512307758.02 0 2400
1512307758.12 0 2460
1512307758.22 0 2580
1512307758.32 0 2580
1512307758.42 0 2580
1512307758.52 0 2640
1512307758.62 0 2400
1512307758.72 0 2280
1512307758.82 0 2340
1512307758.92 0 2520
1512307759.03 0 2700
1512307759.13 0 2640
1512307759.23 0 2580
1512307759.33 0 2700
1512307759.43 0 2520
1512307759.53 0 2340
1512307759.63 0 2220
1512307759.73 0 2340
1512307759.83 0 2580
1512307759.93 0 2520
1512307760.03 0 2640
1512307760.13 0 2640
1512307760.23 0 2520
1512307760.33 0 2580
1512307760.43 0 2400
1512307760.53 0 2340
1512307760.63 0 2520
1512307760.73 0 2640
1512307760.83 0 2520
1512307760.93 0 2580
1512307761.03 0 2580
1512307761.13 0 2520
1512307761.23 0 2280
1512307761.33 0 2520
1512307761.43 0 2640
1512307761.53 0 2580
1512307761.63 0 2580
1512307761.73 0 2580
1512307761.83 0 2580
1512307761.94 0 2460
1512307762.04 0 2280
1512307762.14 0 2460
1512307762.24 0 2580
1512307762.34 0 2580
1512307762.45 0 2580
1512307762.54 0 2580
1512307762.64 0 2580
1512307762.75 0 2400
1512307762.84 0 1980
1512307762.94 0 2220
1512307763.04 0 2340
1512307763.14 0 2400
1512307763.26 0 2820
1512307763.36 0 2520
1512307763.46 0 2640
1512307763.56 0 2640
1512307763.64 0 2220
1512307763.74 0 2520
1512307763.85 0 2160
1512307763.94 0 1680
1512307764.04 0 2160
1512307764.14 0 2280
1512307764.24 0 2340
1512307764.35 0 2400
1512307764.44 0 2520
1512307764.54 0 2640
1512307764.65 0 2580
1512307764.74 0 2580
1512307764.85 0 2640
1512307764.95 0 2520
1512307765.05 0 1860
1512307765.14 0 1380
1512307765.25 0 2040
1512307765.35 0 2160
1512307765.45 0 2160
1512307765.55 0 2340
1512307765.65 0 2280
1512307765.75 0 2460
1512307765.85 0 2520
1512307765.95 0 2640
1512307766.05 0 2580
1512307766.15 0 2520
1512307766.25 0 2460
1512307766.35 0 1860
1512307766.45 0 1560
1512307766.55 0 2160
1512307766.65 0 2220
1512307766.75 0 2220
1512307766.85 0 2340
1512307766.95 0 2340
1512307767.05 0 2460
1512307767.15 0 2640
1512307767.25 0 2520
1512307767.35 0 2700
1512307767.45 0 2520
1512307767.55 0 2220
1512307767.65 0 1680
1512307767.75 0 1740
1512307767.85 0 1980
1512307767.95 0 2160
1512307768.05 0 2160
1512307768.15 0 2160
1512307768.26 0 2400
1512307768.35 0 2340
1512307768.46 0 2520
1512307768.55 0 2520
1512307768.66 0 2580
1512307768.75 0 2580
1512307768.85 0 2520
1512307768.96 0 2340
1512307769.06 0 1740
1512307769.16 0 1920
1512307769.26 0 2160
1512307769.36 0 2340
1512307769.46 0 2280
1512307769.56 0 2400
1512307769.66 0 2580
1512307769.76 0 2580
1512307769.86 0 2520
1512307769.96 0 2580
1512307770.06 0 2640
1512307770.16 0 2340
1512307770.26 0 1860
1512307770.37 0 1800
1512307770.47 0 2220
1512307770.56 0 2040
1512307770.67 0 2160
1512307770.76 0 2340
1512307770.86 0 2460
1512307770.96 0 2580
1512307771.06 0 2460
1512307771.17 0 2640
1512307771.27 0 2640
1512307771.36 0 2580
1512307771.47 0 2160
1512307771.56 0 1920
1512307771.66 0 2220
1512307771.76 0 2460
1512307771.86 0 2400
1512307771.96 0 2520
1512307772.07 0 2760
1512307772.17 0 2520
1512307772.27 0 2580
1512307772.37 0 2580
1512307772.47 0 2520
1512307772.57 0 2340
1512307772.68 0 2160
1512307772.77 0 2280
1512307772.87 0 2520
1512307772.98 0 2580
1512307773.08 0 2580
1512307773.18 0 2580
1512307773.28 0 2700
1512307773.37 0 2460
1512307773.47 0 2580
1512307773.58 0 2580
1512307773.68 0 2460
1512307773.78 0 2580
1512307773.88 0 2520
1512307773.98 0 2580
1512307774.08 0 2580
1512307774.18 0 2640
1512307774.28 0 2460
1512307774.38 0 2280
1512307774.48 0 2460
1512307774.58 0 2460
1512307774.68 0 2640
1512307774.78 0 2580
1512307774.88 0 2460
1512307774.98 0 2640
1512307775.08 0 2280
1512307775.18 0 2400
1512307775.28 0 2460
1512307775.38 0 2700
1512307775.48 0 2580
1512307775.58 0 2520
1512307775.68 0 2580
1512307775.78 0 2520
1512307775.88 0 2340
1512307775.98 0 2460
1512307776.08 0 2520
1512307776.18 0 2640
1512307776.28 0 2700
1512307776.38 0 2460
1512307776.48 0 2640
1512307776.58 0 2340
1512307776.68 0 2220
1512307776.78 0 2280
1512307776.89 0 2820
1512307776.99 0 2460
1512307777.09 0 2580
1512307777.19 0 2580
1512307777.29 0 2580
1512307777.39 0 2460
1512307777.49 0 2520
1512307777.59 0 2280
1512307777.69 0 2520
1512307777.78 0 2400
1512307777.89 0 2640
1512307777.97 0 2280
1512307778.08 0 2640
1512307778.18 0 2460
1512307778.28 0 2220
1512307778.38 0 2460
1512307778.47 0 2520
1512307778.58 0 2700
1512307778.68 0 2700
1512307778.78 0 2640
1512307778.88 0 2280
1512307778.98 0 2160
1512307779.08 0 2460
1512307779.18 0 2640
1512307779.28 0 2580
1512307779.38 0 2640
1512307779.49 0 2640
1512307779.58 0 2520
1512307779.68 0 2280
1512307779.78 0 2160
1512307779.88 0 2400
1512307779.99 0 2640
1512307780.08 0 2520
1512307780.18 0 2640
1512307780.28 0 2520
1512307780.38 0 2640
1512307780.48 0 2580
1512307780.59 0 2280
1512307780.68 0 2220
1512307780.79 0 2580
1512307780.87 0 2100
1512307780.97 0 2460
1512307781.07 0 2580
1512307781.17 0 2760
1512307781.27 0 2520
1512307781.37 0 2640
1512307781.48 0 2580
1512307781.57 0 2280
1512307781.68 0 2640
1512307781.78 0 2580
1512307781.89 0 2820
1512307781.98 0 2280
1512307782.08 0 2580
1512307782.18 0 2760
1512307782.28 0 2280
1512307782.38 0 2400
1512307782.47 0 2280
1512307782.57 0 2460
1512307782.67 0 2640
1512307782.77 0 2640
1512307782.87 0 2520
1512307782.97 0 2580
1512307783.07 0 2400
1512307783.17 0 2280
1512307783.27 0 2400
1512307783.37 0 2400
1512307783.47 0 2640
1512307783.57 0 2520
1512307783.67 0 2580
1512307783.77 0 2580
1512307783.87 0 2460
1512307783.97 0 2160
1512307784.07 0 2220
1512307784.17 0 2400
1512307784.27 0 2640
1512307784.37 0 2520
1512307784.47 0 2640
1512307784.57 0 2520
1512307784.67 0 2640
1512307784.77 0 2400
1512307784.87 0 2460
1512307784.97 0 2340
1512307785.07 0 2340
1512307785.17 0 2520
1512307785.28 0 2760
1512307785.38 0 2640
1512307785.48 0 2580
1512307785.58 0 2700
1512307785.68 0 2460
1512307785.79 0 2520
1512307785.89 0 2340
1512307785.99 0 2340
1512307786.08 0 2280
1512307786.18 0 2580
1512307786.29 0 2760
1512307786.39 0 2460
1512307786.48 0 2520
1512307786.59 0 2580
1512307786.68 0 2400
1512307786.79 0 2100
1512307786.89 0 2400
1512307786.99 0 2460
1512307787.09 0 2520
1512307787.19 0 2640
1512307787.29 0 2640
1512307787.39 0 2640
1512307787.48 0 2400
1512307787.59 0 2580
1512307787.69 0 2340
1512307787.79 0 2400
1512307787.89 0 2460
1512307787.99 0 2700
1512307788.09 0 2700
1512307788.2 0 2640
1512307788.29 0 2400
1512307788.39 0 2460
1512307788.49 0 2100
1512307788.59 0 2280
1512307788.69 0 2400
1512307788.79 0 2520
1512307788.9 0 2640
1512307789.0 0 2700
1512307789.1 0 2520
1512307789.2 0 2640
1512307789.31 0 2820
1512307789.4 0 2220
1512307789.5 0 2400
1512307789.6 0 2400
1512307789.71 0 2640
1512307789.8 0 2520
1512307789.91 0 2640
1512307790.0 0 2340
1512307790.1 0 2640
1512307790.2 0 2400
1512307790.3 0 2280
1512307790.4 0 2280
1512307790.51 0 2760
1512307790.6 0 2340
1512307790.7 0 2580
1512307790.8 0 2580
1512307790.9 0 2580
1512307791.0 0 2460
1512307791.1 0 2100
1512307791.2 0 2040
1512307791.3 0 2220
1512307791.4 0 2280
1512307791.5 0 2520
1512307791.6 0 2520
1512307791.7 0 2580
1512307791.8 0 2580
1512307791.9 0 2640
1512307792.01 0 2580
1512307792.1 0 2400
1512307792.2 0 2100
1512307792.3 0 1980
1512307792.4 0 2160
1512307792.5 0 2280
1512307792.61 0 2580
1512307792.71 0 2280
1512307792.81 0 2520
1512307792.91 0 2880
1512307793.01 0 2340
1512307793.12 0 2880
1512307793.23 0 2760
1512307793.32 0 2340
1512307793.42 0 2160
1512307793.51 0 2100
1512307793.61 0 2460
1512307793.71 0 2280
1512307793.8 0 2460
1512307793.91 0 2100
1512307793.99 0 1020
1512307794.1 0 1440
1512307794.19 0 1200
1512307794.29 0 1320
1512307794.39 0 1260
1512307794.49 0 1320
1512307794.6 0 1440
1512307794.7 0 1560
1512307794.8 0 1620
1512307794.9 0 1680
1512307795.0 0 1860
1512307795.1 0 1920
1512307795.2 0 1980
1512307795.3 0 2160
1512307795.4 0 2220
1512307795.51 0 2460
1512307795.61 0 2400
1512307795.7 0 2100
1512307795.81 0 2520
1512307795.9 0 2280
1512307796.0 0 2520
1512307796.11 0 2640
1512307796.21 0 2760
1512307796.3 0 2160
1512307796.4 0 2520
1512307796.5 0 2460
1512307796.61 0 2460
1512307796.71 0 2340
1512307796.8 0 2400
1512307796.9 0 2520
1512307797.0 0 2580
1512307797.11 0 2520
1512307797.2 0 2340
1512307797.3 0 2520
1512307797.4 0 2520
1512307797.51 0 2460
1512307797.6 0 2460
1512307797.7 0 2460
1512307797.81 0 2460
1512307797.91 0 2520
1512307798.01 0 2460
1512307798.11 0 2520
1512307798.21 0 2400
1512307798.31 0 2520
1512307798.41 0 2400
1512307798.51 0 2400
1512307798.61 0 2580
1512307798.71 0 2460
1512307798.81 0 2520
1512307798.91 0 2460
1512307799.01 0 2400
1512307799.11 0 2460
1512307799.21 0 2520
1512307799.31 0 2400
1512307799.41 0 2460
1512307799.51 0 2640
1512307799.61 0 2280
1512307799.71 0 2520
1512307799.81 0 2460
1512307799.91 0 2520
1512307800.01 0 2460
1512307800.11 0 2460
1512307800.21 0 2400
1512307800.31 0 2520
1512307800.41 0 2520
1512307800.51 0 2340
1512307800.61 0 2580
1512307800.71 0 2460
1512307800.81 0 2400
1512307800.91 0 2580
1512307801.01 0 2400
1512307801.11 0 2460
1512307801.21 0 2460
1512307801.31 0 2520
1512307801.41 0 2520
1512307801.51 0 2280
1512307801.61 0 2520
1512307801.71 0 2520
1512307801.82 0 2640
1512307801.91 0 2100
1512307802.02 0 2700
1512307802.12 0 2520
1512307802.22 0 2520
1512307802.32 0 2400
1512307802.42 0 2520
1512307802.52 0 2460
1512307802.62 0 2580
1512307802.72 0 2280
1512307802.82 0 2520
1512307802.91 0 2220
1512307803.02 0 2580
1512307803.12 0 2580
1512307803.22 0 2520
1512307803.32 0 2460
1512307803.42 0 2400
1512307803.52 0 2520
1512307803.62 0 2400
1512307803.72 0 2580
1512307803.82 0 2400
1512307803.92 0 2520
1512307804.02 0 2460
1512307804.12 0 2460
1512307804.22 0 1500
1512307804.32 0 0
1512307804.42 0 0
1512307804.52 0 0
1512307804.62 0 0
1512307804.72 0 0
1512307804.82 0 0
1512307804.92 0 0
1512307805.02 0 0
1512307805.12 0 0
1512307805.22 0 0
1512307805.32 0 0
1512307805.42 0 0
1512307805.52 0 0
1512307805.62 0 0
1512307805.72 0 0
1512307805.82 0 0
1512307805.92 0 0
1512307806.02 0 0
1512307806.12 0 0
1512307806.22 0 0
1512307806.32 0 0
1512307806.42 0 0
1512307806.52 0 0
1512307806.62 0 0
1512307806.72 0 0
1512307806.82 0 0
1512307806.93 0 0
1512307807.03 0 0
1512307807.13 0 0
1512307807.23 0 0
1512307807.33 0 0
1512307807.43 0 0
1512307807.53 0 0
1512307807.64 0 0
1512307807.73 0 0
1512307807.83 0 0
1512307807.93 0 0
1512307808.03 0 0
1512307808.13 0 0
1512307808.23 0 0
1512307808.33 0 0
1512307808.43 0 0
1512307808.53 0 0
1512307808.63 0 0
1512307808.73 0 0
1512307808.83 0 0
1512307808.93 0 0
1512307809.03 0 0
1512307809.13 0 0
1512307809.23 0 0
1512307809.33 0 0
1512307809.43 0 0
1512307809.53 0 0
1512307809.63 0 0
1512307809.73 0 0
1512307809.83 0 0
1512307809.93 0 0
1512307810.03 0 0
1512307810.14 0 0
1512307810.24 0 0
1512307810.33 0 0
1512307810.44 0 0
1512307810.54 0 0
1512307810.64 0 0
1512307810.74 0 0
1512307810.84 0 0
1512307810.94 0 0
1512307811.04 0 0
1512307811.14 0 0
1512307811.24 0 0
1512307811.34 0 0
1512307811.44 0 0
1512307811.54 0 0
1512307811.64 0 0
1512307811.74 0 0
1512307811.84 0 0
1512307811.94 0 0
1512307812.04 0 0
1512307812.14 0 0
1512307812.25 0 0
1512307812.35 0 0
1512307812.45 0 0
1512307812.55 0 0
1512307812.65 0 0
1512307812.75 0 0
1512307812.85 0 0
1512307812.95 0 0
1512307813.05 0 0
1512307813.16 0 0
1512307813.26 0 0
1512307813.36 0 0
1512307813.46 0 0
1512307813.56 0 0
1512307813.67 0 0
1512307813.77 0 0
1512307813.87 0 0
1512307813.97 0 0
1512307814.07 0 0
1512307814.17 0 0
1512307814.28 0 0
1512307814.37 0 0
1512307814.47 0 0
1512307814.59 0 0
