1512307603.7 2500.0 3166.66666667
1512307603.79 2500.0 3611.11111111
1512307603.9 2500.0 3907.40740741
1512307603.99 2500.0 4104.9382716
1512307604.1 2500.0 4236.6255144
1512307604.23 2500.0 4324.4170096
1512307604.31 2500.0 4382.94467307
1512307604.4 2500.0 4421.96311538
1512307604.51 2500.0 4447.97541025
1512307604.62 2500.0 4465.31694017
1512307604.74 2500.0 4476.87796011
1512307604.81 2500.0 4484.58530674
1512307604.91 2500.0 4489.72353783
1512307605.01 2500.0 4493.14902522
1512307605.11 2500.0 4495.43268348
1512307605.2 2500.0 4496.95512232
1512307605.3 2500.0 4497.97008155
1512307605.4 2500.0 4498.64672103
1512307605.51 2500.0 4499.09781402
1512307605.61 2500.0 4499.39854268
1512307605.71 2500.0 4499.59902845
1512307605.82 2500.0 4499.73268564
1512307605.92 2500.0 4499.82179042
1512307606.01 2500.0 4499.88119362
1512307606.11 2500.0 4499.92079574
1512307606.22 2500.0 4499.94719716
1512307606.32 2500.0 4499.96479811
1512307606.41 2500.0 4499.97653207
1512307606.51 2500.0 4499.98435471
1512307606.62 2500.0 4499.98956981
1512307606.71 2500.0 4499.99304654
1512307606.82 2500.0 4499.99536436
1512307606.91 2500.0 4499.99690957
1512307607.01 2500.0 4499.99793972
1512307607.12 2500.0 4499.99862648
1512307607.22 2500.0 4499.99908432
1512307607.32 2500.0 4499.99938955
1512307607.41 2500.0 4499.99959303
1512307607.53 2500.0 4499.99972869
1512307607.64 2500.0 4499.99981912
1512307607.72 2500.0 4499.99987942
1512307607.82 2500.0 4499.99991961
1512307607.92 2500.0 4499.99994641
1512307608.02 2500.0 4499.99996427
1512307608.12 2500.0 4499.99997618
1512307608.22 2500.0 4499.99998412
1512307608.33 2500.0 4499.99998941
1512307608.42 2500.0 4499.99999294
1512307608.52 2500.0 4499.9999953
1512307608.62 2500.0 4499.99999686
1512307608.71 2500.0 4499.99999791
1512307608.81 2500.0 4499.99999861
1512307608.92 2500.0 4499.99999907
1512307609.02 2500.0 4499.99999938
1512307609.13 2500.0 4499.99999959
1512307609.22 2500.0 4499.99999972
1512307609.32 2500.0 4499.99999982
1512307609.42 2500.0 4499.99999988
1512307609.53 2500.0 4499.99999992
1512307609.62 2500.0 4499.99999995
1512307609.73 2500.0 4499.99999996
1512307609.83 2500.0 4499.99999998
1512307609.93 2500.0 4499.99999998
1512307610.04 2500.0 4499.99999999
1512307610.14 2500.0 4499.99999999
1512307610.23 2500.0 4500.0
1512307610.33 2500.0 4500.0
1512307610.43 2500.0 4500.0
1512307610.53 2500.0 4500.0
1512307610.64 2500.0 4500.0
1512307610.73 2500.0 4500.0
1512307610.83 2500.0 4500.0
1512307610.93 2500.0 4500.0
1512307611.03 2500.0 4500.0
1512307611.13 2500.0 4500.0
1512307611.23 2500.0 4500.0
1512307611.33 2500.0 4500.0
1512307611.42 2500.0 4500.0
1512307611.53 2500.0 4500.0
1512307611.63 2500.0 4500.0
1512307611.73 2500.0 4500.0
1512307611.83 2500.0 4500.0
1512307611.95 2500.0 4500.0
1512307612.03 2500.0 4500.0
1512307612.17 2500.0 4500.0
1512307612.23 2500.0 4500.0
1512307612.32 2500.0 4500.0
1512307612.42 2500.0 4500.0
1512307612.52 2500.0 4500.0
1512307612.62 2500.0 4500.0
1512307612.73 2500.0 4500.0
1512307612.83 2500.0 4500.0
1512307612.97 2500.0 4500.0
1512307613.04 2500.0 4500.0
1512307613.12 2500.0 4500.0
1512307613.22 2500.0 4500.0
1512307613.32 2500.0 4500.0
1512307613.42 2500.0 4500.0
1512307613.52 2500.0 4500.0
1512307613.61 2500.0 4500.0
1512307613.72 2500.0 4500.0
1512307613.82 2500.0 4500.0
1512307613.92 2500.0 4500.0
1512307614.02 2500.0 4500.0
1512307614.13 2500.0 4500.0
1512307614.23 2500.0 4500.0
1512307614.33 2500.0 4500.0
1512307614.42 2500.0 4500.0
1512307614.53 2500.0 4500.0
1512307614.63 2500.0 4500.0
1512307614.72 2500.0 4500.0
1512307614.83 2500.0 4500.0
1512307614.93 2500.0 4500.0
1512307615.03 2500.0 4500.0
1512307615.13 2500.0 4500.0
1512307615.23 2500.0 4500.0
1512307615.33 2500.0 4500.0
1512307615.42 2500.0 4500.0
1512307615.53 2500.0 4500.0
1512307615.62 2500.0 4500.0
1512307615.73 2500.0 4500.0
1512307615.83 2500.0 4500.0
1512307615.93 2500.0 4500.0
1512307616.02 2500.0 4500.0
1512307616.13 2500.0 4500.0
1512307616.22 2500.0 4500.0
1512307616.33 2500.0 4500.0
1512307616.43 2500.0 4500.0
1512307616.53 2500.0 4500.0
1512307616.63 2500.0 4500.0
1512307616.73 2500.0 4500.0
1512307616.83 2500.0 4500.0
1512307616.93 2500.0 4500.0
1512307617.03 2500.0 4500.0
1512307617.13 2500.0 4500.0
1512307617.22 2500.0 4500.0
1512307617.33 2500.0 4500.0
1512307617.43 2500.0 4500.0
1512307617.53 2500.0 4500.0
1512307617.63 2500.0 4500.0
1512307617.73 2500.0 4500.0
1512307617.83 2500.0 4500.0
1512307617.94 2500.0 4500.0
1512307618.03 2500.0 4500.0
1512307618.13 2500.0 4500.0
1512307618.23 2500.0 4500.0
1512307618.33 2500.0 4500.0
1512307618.43 2500.0 4500.0
1512307618.53 2500.0 4500.0
1512307618.63 2500.0 4500.0
1512307618.73 2500.0 4500.0
1512307618.83 2500.0 4500.0
1512307618.93 2500.0 4500.0
1512307619.03 2500.0 4500.0
1512307619.14 2500.0 4500.0
1512307619.24 2500.0 4500.0
1512307619.34 2500.0 4500.0
1512307619.44 2500.0 4500.0
1512307619.55 2500.0 4500.0
1512307619.64 2500.0 4500.0
1512307619.74 2500.0 4500.0
1512307619.85 2500.0 4500.0
1512307619.95 2500.0 4500.0
1512307620.04 2500.0 4500.0
1512307620.14 2500.0 4500.0
1512307620.25 2500.0 4500.0
1512307620.34 2500.0 4500.0
1512307620.45 2500.0 4500.0
1512307620.54 2500.0 4500.0
1512307620.64 2500.0 4500.0
1512307620.74 2500.0 4500.0
1512307620.84 2500.0 4500.0
1512307620.94 2500.0 4500.0
1512307621.04 2500.0 4500.0
1512307621.15 2500.0 4500.0
1512307621.24 2500.0 4500.0
1512307621.35 2500.0 4500.0
1512307621.44 2500.0 4500.0
1512307621.54 2500.0 4500.0
1512307621.64 2500.0 4500.0
1512307621.74 2500.0 4500.0
1512307621.84 2500.0 4500.0
1512307621.95 2500.0 4500.0
1512307622.05 2500.0 4500.0
1512307622.15 2458.33333333 4500.0
1512307622.25 2418.75 4500.0
1512307622.35 2381.14583333 4500.0
1512307622.45 2324.58854167 4500.0
1512307622.55 2291.69244792 4500.0
1512307622.64 2302.10782552 4500.0
1512307622.75 2270.33576758 4500.0
1512307622.85 2240.15231253 4500.0
1512307622.94 2211.47803024 4500.0
1512307623.05 2225.90412873 4500.0
1512307623.15 2177.10892229 4500.0
1512307623.25 2193.25347618 4500.0
1512307623.35 2166.9241357 4500.0
1512307623.44 2141.91126225 4500.0
1512307623.55 2118.14903247 4500.0
1512307623.64 2137.24158085 4500.0
1512307623.75 2092.8795018 4500.0
1512307623.85 2113.23552671 4500.0
1512307623.94 2132.57375038 4500.0
1512307624.05 2109.27839619 4500.0
1512307624.15 2128.81447638 4500.0
1512307624.26 2147.37375256 4500.0
1512307624.36 2123.33839827 4500.0
1512307624.46 2142.17147836 4500.0
1512307624.56 2160.06290444 4500.0
1512307624.66 2135.39309255 4500.0
1512307624.76 2153.62343792 4500.0
1512307624.86 2170.94226603 4500.0
1512307624.96 2187.39515272 4500.0
1512307625.06 2203.02539509 4500.0
1512307625.17 2217.87412533 4500.0
1512307625.27 2231.98041907 4500.0
1512307625.37 2245.38139811 4500.0
1512307625.47 2258.11232821 4500.0
1512307625.57 2270.2067118 4500.0
1512307625.67 2281.69637621 4500.0
1512307625.77 2292.6115574 4500.0
1512307625.87 2302.98097953 4500.0
1512307625.97 2312.83193055 4500.0
1512307626.07 2322.19033402 4500.0
1512307626.17 2331.08081732 4500.0
1512307626.27 2339.52677646 4500.0
1512307626.37 2347.55043763 4500.0
1512307626.47 2355.17291575 4500.0
1512307626.57 2362.41426996 4500.0
1512307626.67 2369.29355647 4500.0
1512307626.78 2375.82887864 4500.0
1512307626.88 2382.03743471 4500.0
1512307626.98 2387.93556298 4500.0
1512307627.08 2393.53878483 4500.0
1512307627.17 2398.86184558 4500.0
1512307627.27 2403.91875331 4500.0
1512307627.37 2408.72281564 4500.0
1512307627.47 2413.28667486 4500.0
1512307627.57 2417.62234112 4500.0
1512307627.67 2421.74122406 4500.0
1512307627.77 2425.65416286 4500.0
1512307627.87 2429.37145471 4500.0
1512307627.97 2432.90288198 4500.0
1512307628.07 2436.25773788 4500.0
1512307628.17 2439.44485099 4500.0
1512307628.27 2442.47260844 4500.0
1512307628.37 2445.34897801 4500.0
1512307628.47 2448.08152911 4500.0
1512307628.58 2450.67745266 4500.0
1512307628.67 2453.14358002 4500.0
1512307628.77 2455.48640102 4500.0
1512307628.87 2457.71208097 4500.0
1512307628.97 2459.82647692 4500.0
1512307629.07 2461.83515308 4500.0
1512307629.17 2463.74339542 4500.0
1512307629.27 2465.55622565 4500.0
1512307629.37 2467.27841437 4500.0
1512307629.47 2468.91449365 4500.0
1512307629.58 2470.46876897 4500.0
1512307629.68 2471.94533052 4500.0
1512307629.78 2473.34806399 4500.0
1512307629.88 2474.68066079 4500.0
1512307629.98 2475.94662776 4500.0
1512307630.08 2477.14929637 4500.0
1512307630.19 2478.29183155 4500.0
1512307630.27 2479.37723997 4500.0
1512307630.38 2480.40837797 4500.0
1512307630.47 2481.38795907 4500.0
1512307630.58 2482.31856112 4500.0
1512307630.69 2483.20263306 4500.0
1512307630.79 2484.04250141 4500.0
1512307630.89 2484.84037634 4500.0
1512307630.99 2485.59835752 4500.0
1512307631.09 2486.31843965 4500.0
1512307631.19 2487.00251767 4500.0
1512307631.29 2487.65239178 4500.0
1512307631.38 2488.26977219 4500.0
1512307631.49 2488.85628358 4500.0
1512307631.59 2489.4134694 4500.0
1512307631.68 2489.94279593 4500.0
1512307631.79 2490.44565614 4500.0
1512307631.89 2490.92337333 4500.0
1512307631.99 2491.37720466 4500.0
1512307632.09 2491.80834443 4500.0
1512307632.19 2492.21792721 4500.0
1512307632.29 2492.60703085 4500.0
1512307632.39 2492.97667931 4500.0
1512307632.49 2493.32784534 4500.0
1512307632.6 2493.66145307 4500.0
1512307632.68 2493.97838042 4500.0
1512307632.79 2494.2794614 4500.0
1512307632.89 2494.56548833 4500.0
1512307632.99 2494.83721391 4500.0
1512307633.09 2495.09535322 4500.0
1512307633.19 2495.34058556 4500.0
1512307633.29 2495.57355628 4500.0
1512307633.39 2495.79487846 4500.0
1512307633.49 2496.00513454 4500.0
1512307633.59 2496.20487781 4500.0
1512307633.69 2496.39463392 4500.0
1512307633.79 2496.57490223 4500.0
1512307633.89 2496.74615712 4500.0
1512307633.99 2496.90884926 4500.0
1512307634.09 2497.0634068 4500.0
1512307634.2 2497.21023646 4500.0
1512307634.29 2497.34972463 4500.0
1512307634.39 2497.4822384 4500.0
1512307634.49 2497.60812648 4500.0
1512307634.59 2497.72772016 4500.0
1512307634.69 2497.84133415 4500.0
1512307634.79 2497.94926744 4500.0
1512307634.89 2498.05180407 4500.0
1512307635.0 2498.14921387 4500.0
1512307635.09 2498.24175317 4500.0
1512307635.19 2498.32966552 4500.0
1512307635.31 2498.41318224 4500.0
1512307635.4 2498.49252313 4500.0
1512307635.5 2498.56789697 4500.0
1512307635.6 2498.63950212 4500.0
1512307635.7 2498.70752702 4500.0
1512307635.81 2498.77215067 4500.0
1512307635.91 2498.83354313 4500.0
1512307636.01 2498.89186598 4500.0
1512307636.11 2498.94727268 4500.0
1512307636.2 2498.99990904 4500.0
1512307636.3 2499.04991359 4500.0
1512307636.4 2499.09741791 4500.0
1512307636.54 2499.14254702 4500.0
1512307636.6 2499.18541967 4500.0
1512307636.7 2499.22614868 4500.0
1512307636.86 2499.26484125 4500.0
1512307636.93 2499.30159919 4500.0
1512307637.02 2499.33651923 4500.0
1512307637.12 2499.36969326 4500.0
1512307637.22 2499.4012086 4500.0
1512307637.33 2499.43114817 4500.0
1512307637.42 2499.45959076 4500.0
1512307637.52 2499.48661122 4500.0
1512307637.62 2499.51228066 4500.0
1512307637.72 2499.53666663 4500.0
1512307637.82 2499.5598333 4500.0
1512307637.92 2499.58184163 4500.0
1512307638.03 2499.60274955 4500.0
1512307638.12 2499.62261207 4500.0
1512307638.22 2499.64148147 4500.0
1512307638.4 2499.6594074 4500.0
1512307638.47 2499.67643703 4500.0
1512307638.56 2499.69261518 4500.0
1512307638.66 2499.70798442 4500.0
1512307638.77 2499.7225852 4500.0
1512307638.86 2499.73645594 4500.0
1512307638.98 2499.74963314 4500.0
1512307639.07 2499.76215148 4500.0
1512307639.17 2499.77404391 4500.0
1512307639.26 2499.78534171 4500.0
1512307639.35 2499.79607463 4500.0
1512307639.46 2499.8062709 4500.0
1512307639.56 2499.81595735 4500.0
1512307639.66 2499.82515948 4500.0
1512307639.82 2499.83390151 4500.0
1512307639.88 2499.84220643 4500.0
1512307639.98 2499.85009611 4500.0
1512307640.07 2499.85759131 4500.0
1512307640.18 2499.86471174 4500.0
1512307640.28 2499.87147615 4500.0
1512307640.37 2499.87790235 4500.0
1512307640.48 2499.88400723 4500.0
1512307640.58 2499.88980687 4500.0
1512307640.68 2499.89531652 4500.0
1512307640.78 2499.9005507 4500.0
1512307640.88 2499.90552316 4500.0
1512307640.98 2499.91024701 4500.0
1512307641.08 2499.91473465 4500.0
1512307641.18 2499.91899792 4500.0
1512307641.29 2499.92304803 4500.0
1512307641.38 2499.92689562 4500.0
1512307641.49 2499.93055084 4500.0
1512307641.59 2499.9340233 4500.0
1512307641.69 2499.93732214 4500.0
1512307641.79 2499.94045603 4500.0
1512307641.89 2499.94343323 4500.0
1512307641.99 2499.94626157 4500.0
1512307642.09 2499.94894849 4500.0
1512307642.19 2499.95150106 4500.0
1512307642.29 2499.95392601 4500.0
1512307642.39 2499.95622971 4500.0
1512307642.49 2499.95841822 4500.0
1512307642.58 2499.96049731 4500.0
1512307642.69 2499.96247245 4500.0
1512307642.8 2499.96434883 4500.0
1512307642.89 2499.96613138 4500.0
1512307643.0 2499.96782481 4500.0
1512307643.08 2499.96943357 4500.0
1512307643.18 2499.9709619 4500.0
1512307643.28 2499.9724138 4500.0
1512307643.39 2499.97379311 4500.0
1512307643.49 2499.97510346 4500.0
1512307643.59 2499.97634828 4500.0
1512307643.69 2499.97753087 4500.0
1512307643.79 2499.97865432 4500.0
1512307643.97 2499.97972161 4500.0
1512307644.04 2499.98073553 4500.0
1512307644.13 2499.98169875 4500.0
1512307644.24 2499.98261381 4500.0
1512307644.34 2499.98348312 4500.0
1512307644.44 2499.98430897 4500.0
1512307644.57 2499.98509352 4500.0
1512307644.64 2499.98583884 4500.0
1512307644.78 2499.9865469 4500.0
1512307644.85 2499.98721956 4500.0
1512307644.93 2499.98785858 4500.0
1512307645.05 2499.98846565 4500.0
1512307645.14 2499.98904237 4500.0
1512307645.23 2499.98959025 4500.0
1512307645.34 2499.99011074 4500.0
1512307645.44 2499.9906052 4500.0
1512307645.54 2499.99107494 4500.0
1512307645.65 2499.99152119 4500.0
1512307645.75 2499.99194513 4500.0
1512307645.85 2499.99234788 4500.0
1512307646.02 2499.99273048 4500.0
1512307646.08 2499.99309396 4500.0
1512307646.18 2499.99343926 4500.0
1512307646.28 2499.9937673 4500.0
1512307646.39 2499.99407893 4500.0
1512307646.5 2499.99437499 4500.0
1512307646.59 2499.99465624 4500.0
1512307646.69 2499.99492342 4500.0
1512307646.8 2499.99517725 4500.0
1512307646.9 2499.99541839 4500.0
1512307647.0 2499.99564747 4500.0
1512307647.09 2499.9958651 4500.0
1512307647.19 2499.99607184 4500.0
1512307647.3 2499.99626825 4500.0
1512307647.4 2499.99645484 4500.0
1512307647.49 2499.9966321 4500.0
1512307647.59 2499.99680049 4500.0
1512307647.69 2499.99696047 4500.0
1512307647.78 2499.99711244 4500.0
1512307647.89 2499.99725682 4500.0
1512307647.98 2499.99739398 4500.0
1512307648.09 2499.99752428 4500.0
1512307648.18 2499.99764807 4500.0
1512307648.28 2499.99776566 4500.0
1512307648.38 2499.99787738 4500.0
1512307648.48 2499.99798351 4500.0
1512307648.59 2499.99808434 4500.0
1512307648.69 2499.99818012 4500.0
1512307648.78 2499.99827111 4500.0
1512307648.88 2499.99835756 4500.0
1512307648.98 2499.99843968 4500.0
1512307649.08 2499.9985177 4500.0
1512307649.19 2499.99859181 4500.0
1512307649.29 2499.99866222 4500.0
1512307649.39 2499.99872911 4500.0
1512307649.48 2499.99879265 4500.0
1512307649.59 2499.99885302 4500.0
1512307649.68 2499.99891037 4500.0
1512307649.78 2499.99896485 4500.0
1512307649.89 2499.99901661 4500.0
1512307649.99 2499.99906578 4500.0
1512307650.09 2499.99911249 4500.0
1512307650.19 2499.99915687 4500.0
1512307650.29 2499.99919902 4500.0
1512307650.39 2499.99923907 4500.0
1512307650.5 2499.99927712 4500.0
1512307650.6 2499.99931326 4500.0
1512307650.77 2499.9993476 4500.0
1512307650.83 2499.99938022 4500.0
1512307650.93 2499.99941121 4500.0
1512307651.03 2499.99944065 4500.0
1512307651.13 2499.99946861 4500.0
1512307651.24 2499.99949518 4500.0
1512307651.33 2499.99952042 4500.0
1512307651.51 2499.9995444 4500.0
1512307651.57 2499.99956718 4500.0
1512307651.66 2499.99958882 4500.0
1512307651.77 2499.99960938 4500.0
1512307651.87 2499.99962891 4500.0
1512307651.97 2499.99964747 4500.0
1512307652.07 2499.99966509 4500.0
1512307652.17 2499.99968184 4500.0
1512307652.27 2499.99969775 4500.0
1512307652.37 2499.99971286 4500.0
1512307652.47 2499.99972722 4500.0
1512307652.57 2499.99974086 4500.0
1512307652.67 2499.99975381 4500.0
1512307652.78 2499.99976612 4500.0
1512307652.87 2499.99977782 4500.0
1512307652.96 2499.99978893 4500.0
1512307653.08 2499.99979948 4500.0
1512307653.17 2499.99980951 4500.0
1512307653.27 2499.99981903 4500.0
1512307653.44 2499.99982808 4500.0
1512307653.49 2499.99983668 4500.0
1512307653.59 2499.99984484 4500.0
1512307653.81 2499.9998526 4500.0
1512307653.88 2499.99985997 4500.0
1512307653.97 2499.99986697 4500.0
1512307654.06 2499.99987362 4500.0
1512307654.17 2499.99987994 4500.0
1512307654.27 2499.99988594 4500.0
1512307654.37 2499.99989165 4500.0
1512307654.53 2499.99989706 4500.0
1512307654.6 2499.99990221 4500.0
1512307654.69 2499.9999071 4500.0
1512307654.79 2499.99991175 4500.0
1512307654.9 2499.99991616 4500.0
1512307655.0 2499.99992035 4500.0
1512307655.1 2499.99992433 4500.0
1512307655.2 2499.99992812 4500.0
1512307655.3 2499.99993171 4500.0
1512307655.4 2499.99993513 4500.0
1512307655.5 2499.99993837 4500.0
1512307655.6 2541.66660812 4500.0
1512307655.7 2581.24994438 4500.0
1512307655.8 2618.85411383 4500.0
1512307655.91 2654.5780748 4500.0
1512307656.01 2688.51583773 4500.0
1512307656.1 2720.75671251 4500.0
1512307656.2 2751.38554355 4500.0
1512307656.31 2780.48293304 4500.0
1512307656.41 2808.12545305 4500.0
1512307656.51 2834.38584707 4500.0
1512307656.6 2859.33322138 4500.0
1512307656.7 2883.03322698 4500.0
1512307656.8 2905.5482323 4500.0
1512307656.91 2926.93748735 4500.0
1512307657.0 2947.25727965 4500.0
1512307657.11 2966.56108233 4500.0
1512307657.21 2984.89969488 4500.0
1512307657.3 3002.3213768 4500.0
1512307657.41 3018.87197463 4500.0
1512307657.5 3034.59504257 4500.0
1512307657.62 3049.5319571 4500.0
1512307657.72 3063.72202592 4500.0
1512307657.81 3077.20259129 4500.0
1512307657.91 3090.00912839 4500.0
1512307658.01 3102.17533864 4500.0
1512307658.12 3113.73323837 4500.0
1512307658.22 3124.71324312 4500.0
1512307658.32 3135.14424763 4500.0
1512307658.42 3145.05370191 4500.0
1512307658.51 3154.46768349 4500.0
1512307658.61 3163.41096598 4500.0
1512307658.71 3171.90708435 4500.0
1512307658.81 3179.9783968 4500.0
1512307658.92 3187.64614362 4500.0
1512307659.02 3194.93050311 4500.0
1512307659.12 3201.85064462 4500.0
1512307659.22 3208.42477905 4500.0
1512307659.32 3214.67020677 4500.0
1512307659.42 3220.6033631 4500.0
1512307659.51 3226.23986161 4500.0
1512307659.61 3231.59453519 4500.0
1512307659.72 3236.6814751 4500.0
1512307659.81 3241.51406801 4500.0
1512307659.9 3246.10503128 4500.0
1512307660.01 3250.46644638 4500.0
1512307660.12 3254.60979073 4500.0
1512307660.21 3258.54596786 4500.0
1512307660.31 3262.28533613 4500.0
1512307660.42 3265.83773599 4500.0
1512307660.52 3269.21251586 4500.0
1512307660.62 3272.41855673 4500.0
1512307660.7 3275.46429556 4500.0
1512307660.81 3278.35774745 4500.0
1512307660.92 3281.10652675 4500.0
1512307661.01 3283.71786708 4500.0
1512307661.11 3286.19864039 4500.0
1512307661.22 3288.55537504 4500.0
1512307661.32 3290.79427295 4500.0
1512307661.43 3292.92122597 4500.0
1512307661.52 3294.94183134 4500.0
1512307661.62 3296.86140644 4500.0
1512307661.72 3298.68500278 4500.0
1512307661.82 3300.41741931 4500.0
1512307661.92 3302.06321501 4500.0
1512307662.03 3303.62672093 4500.0
1512307662.13 3305.11205155 4500.0
1512307662.22 3306.52311564 4500.0
1512307662.33 3307.86362652 4500.0
1512307662.43 3309.13711186 4500.0
1512307662.53 3310.34692294 4500.0
1512307662.62 3311.49624346 4500.0
1512307662.73 3312.58809795 4500.0
1512307662.84 3313.62535972 4500.0
1512307662.92 3314.6107584 4500.0
1512307663.02 3315.54688715 4500.0
1512307663.13 3316.43620946 4500.0
1512307663.22 3317.28106565 4500.0
1512307663.32 3318.08367903 4500.0
1512307663.43 3318.84616175 4500.0
1512307663.53 3319.57052033 4500.0
1512307663.63 3320.25866098 4500.0
1512307663.73 3320.9123946 4500.0
1512307663.83 3321.53344153 4500.0
1512307663.93 3322.12343612 4500.0
1512307664.03 3322.68393098 4500.0
1512307664.12 3323.2164011 4500.0
1512307664.22 3323.72224771 4500.0
1512307664.32 3324.20280199 4500.0
1512307664.42 3324.65932856 4500.0
1512307664.53 3325.0930288 4500.0
1512307664.63 3325.50504403 4500.0
1512307664.72 3325.89645849 4500.0
1512307664.83 3326.26830223 4500.0
1512307664.94 3326.62155379 4500.0
1512307665.04 3326.95714277 4500.0
1512307665.14 3327.27595229 4500.0
1512307665.24 3327.57882135 4500.0
1512307665.34 3327.86654695 4500.0
1512307665.44 3328.13988626 4500.0
1512307665.54 3328.39955862 4500.0
1512307665.65 3328.64624735 4500.0
1512307665.74 3328.88060165 4500.0
1512307665.85 3329.10323824 4500.0
1512307665.94 3329.31474299 4500.0
1512307666.05 3329.51567251 4500.0
1512307666.15 3329.70655555 4500.0
1512307666.25 3329.88789444 4500.0
1512307666.35 3330.06016638 4500.0
1512307666.45 3330.22382473 4500.0
1512307666.56 3330.37930016 4500.0
1512307666.66 3330.52700182 4500.0
1512307666.76 3330.6673184 4500.0
1512307666.85 3330.80061914 4500.0
1512307666.96 3330.92725485 4500.0
1512307667.06 3331.04755878 4500.0
1512307667.16 3331.1618475 4500.0
1512307667.27 3331.2704218 4500.0
1512307667.35 3331.37356737 4500.0
1512307667.46 3331.47155567 4500.0
1512307667.55 3331.56464455 4500.0
1512307667.66 3331.65307899 4500.0
1512307667.76 3331.73709171 4500.0
1512307667.86 3331.81690379 4500.0
1512307667.96 3331.89272527 4500.0
1512307668.06 3331.96475567 4500.0
1512307668.16 3332.03318455 4500.0
1512307668.26 3332.09819199 4500.0
1512307668.37 3332.15994906 4500.0
1512307668.46 3332.21861827 4500.0
1512307668.57 3332.27435403 4500.0
1512307668.67 3332.32730299 4500.0
1512307668.76 3332.37760451 4500.0
1512307668.87 3332.42539095 4500.0
1512307668.97 3332.47078807 4500.0
1512307669.06 3332.51391533 4500.0
1512307669.16 3332.55488623 4500.0
1512307669.26 3332.59380859 4500.0
1512307669.36 3332.63078483 4500.0
1512307669.46 3332.66591225 4500.0
1512307669.56 3332.6992833 4500.0
1512307669.66 3332.73098581 4500.0
1512307669.75 3332.76110318 4500.0
1512307669.86 3332.78971469 4500.0
1512307669.96 3332.81689562 4500.0
1512307670.06 3332.84271751 4500.0
1512307670.16 3332.8672483 4500.0
1512307670.27 3332.89055255 4500.0
1512307670.36 3332.91269159 4500.0
1512307670.47 3332.93372368 4500.0
1512307670.58 3332.95370416 4500.0
1512307670.66 3332.97268562 4500.0
1512307670.76 3332.990718 4500.0
1512307670.88 3333.00784877 4500.0
1512307670.97 3333.024123 4500.0
1512307671.06 3333.03958352 4500.0
1512307671.17 3333.05427101 4500.0
1512307671.26 3333.06822412 4500.0
1512307671.37 3333.08147958 4500.0
1512307671.46 3333.09407227 4500.0
1512307671.57 3333.10603532 4500.0
1512307671.67 3333.11740022 4500.0
1512307671.77 3333.12819688 4500.0
1512307671.87 3333.1384537 4500.0
1512307671.98 3333.14819768 4500.0
1512307672.08 3333.15745447 4500.0
1512307672.17 3333.16624841 4500.0
1512307672.28 3333.17460266 4500.0
1512307672.37 3333.18253919 4500.0
1512307672.46 3333.1900789 4500.0
1512307672.56 3333.19724162 4500.0
1512307672.66 3333.2040462 4500.0
1512307672.77 3333.21051056 4500.0
1512307672.86 3333.2166517 4500.0
1512307672.96 3333.22248578 4500.0
1512307673.06 3333.22802816 4500.0
1512307673.16 3333.23329342 4500.0
1512307673.27 3333.23829541 4500.0
1512307673.37 3333.24304731 4500.0
1512307673.46 3333.24756161 4500.0
1512307673.57 3333.2518502 4500.0
1512307673.67 3333.25592435 4500.0
1512307673.77 3333.2597948 4500.0
1512307673.87 3333.26347173 4500.0
1512307673.97 3333.26696481 4500.0
1512307674.08 3333.27028324 4500.0
1512307674.18 3333.27343574 4500.0
1512307674.29 3333.27643062 4500.0
1512307674.38 3333.27927576 4500.0
1512307674.49 3354.11531197 4500.0
1512307674.59 3373.90954637 4500.0
1512307674.68 3392.71406905 4500.0
1512307674.78 3410.5783656 4500.0
1512307674.88 3427.54944732 4500.0
1512307674.97 3422.83864162 4500.0
1512307675.08 3418.36337621 4500.0
1512307675.17 3434.94520739 4500.0
1512307675.28 3450.69794703 4500.0
1512307675.38 3465.66304967 4500.0
1512307675.48 3479.87989719 4500.0
1512307675.57 3493.38590233 4500.0
1512307675.67 3506.21660721 4500.0
1512307675.78 3518.40577685 4500.0
1512307675.86 3529.98548801 4500.0
1512307675.97 3540.98621361 4500.0
1512307676.08 3551.43690293 4500.0
1512307676.17 3561.36505778 4500.0
1512307676.27 3570.79680489 4500.0
1512307676.38 3579.75696465 4500.0
1512307676.48 3588.26911642 4500.0
1512307676.57 3596.3556606 4500.0
1512307676.67 3604.03787757 4500.0
1512307676.78 3611.33598369 4500.0
1512307676.88 3618.2691845 4500.0
1512307676.99 3624.85572528 4500.0
1512307677.08 3631.11293901 4500.0
1512307677.18 3637.05729206 4500.0
1512307677.28 3642.70442746 4500.0
1512307677.39 3648.06920609 4500.0
1512307677.49 3653.16574578 4500.0
1512307677.58 3658.00745849 4500.0
1512307677.68 3662.60708557 4500.0
1512307677.79 3666.97673129 4500.0
1512307677.9 3671.12789473 4500.0
1512307677.98 3675.07149999 4500.0
1512307678.09 3678.81792499 4500.0
1512307678.19 3682.37702874 4500.0
1512307678.29 3685.7581773 4500.0
1512307678.4 3688.97026844 4500.0
1512307678.49 3692.02175502 4500.0
1512307678.6 3694.92066727 4500.0
1512307678.69 3697.6746339 4500.0
1512307678.79 3700.29090221 4500.0
1512307678.9 3702.7763571 4500.0
1512307678.99 3705.13753924 4500.0
1512307679.08 3707.38066228 4500.0
1512307679.19 3709.51162917 4500.0
1512307679.3 3711.53604771 4500.0
1512307679.4 3713.45924532 4500.0
1512307679.49 3715.28628306 4500.0
1512307679.59 3717.0219689 4500.0
1512307679.69 3718.67087046 4500.0
1512307679.79 3720.23732694 4500.0
1512307679.91 3721.72546059 4500.0
1512307680.0 3723.13918756 4500.0
1512307680.09 3724.48222818 4500.0
1512307680.19 3725.75811677 4500.0
1512307680.28 3726.97021093 4500.0
1512307680.38 3728.12170039 4500.0
1512307680.49 3729.21561537 4500.0
1512307680.58 3730.2548346 4500.0
1512307680.69 3731.24209287 4500.0
1512307680.8 3732.17998823 4500.0
1512307680.9 3733.07098881 4500.0
1512307680.99 3733.91743937 4500.0
1512307681.11 3734.72156741 4500.0
1512307681.2 3735.48548903 4500.0
1512307681.31 3736.21121458 4500.0
1512307681.4 3736.90065385 4500.0
1512307681.5 3737.55562116 4500.0
1512307681.6 3738.1778401 4500.0
1512307681.69 3738.7689481 4500.0
1512307681.8 3739.33050069 4500.0
1512307681.9 3739.86397566 4500.0
1512307682.0 3740.37077688 4500.0
1512307682.11 3740.85223803 4500.0
1512307682.21 3741.30962613 4500.0
1512307682.31 3741.74414482 4500.0
1512307682.41 3742.15693758 4500.0
1512307682.52 3742.5490907 4500.0
1512307682.6 3742.92163617 4500.0
1512307682.7 3743.27555436 4500.0
1512307682.79 3743.61177664 4500.0
1512307682.89 3743.93118781 4500.0
1512307683.0 3744.23462842 4500.0
1512307683.09 3744.522897 4500.0
1512307683.19 3744.79675215 4500.0
1512307683.3 3745.05691454 4500.0
1512307683.41 3745.30406881 4500.0
1512307683.51 3745.53886537 4500.0
1512307683.6 3745.7619221 4500.0
1512307683.69 3745.973826 4500.0
1512307683.8 3746.1751347 4500.0
1512307683.91 3746.36637796 4500.0
1512307684.01 3746.54805907 4500.0
1512307684.1 3746.72065611 4500.0
1512307684.2 3746.88462331 4500.0
1512307684.31 3747.04039214 4500.0
1512307684.4 3747.18837253 4500.0
1512307684.51 3747.32895391 4500.0
1512307684.62 3747.46250621 4500.0
1512307684.72 3747.5893809 4500.0
1512307684.81 3747.70991186 4500.0
1512307684.92 3747.82441626 4500.0
1512307685.01 3747.93319545 4500.0
1512307685.13 3748.03653568 4500.0
1512307685.21 3748.13470889 4500.0
1512307685.32 3748.22797345 4500.0
1512307685.42 3748.31657478 4500.0
1512307685.52 3748.40074604 4500.0
1512307685.62 3748.48070874 4500.0
1512307685.71 3748.5566733 4500.0
1512307685.82 3748.62883963 4500.0
1512307685.92 3748.69739765 4500.0
1512307686.02 3748.76252777 4500.0
1512307686.12 3748.82440138 4500.0
1512307686.22 3748.88318131 4500.0
1512307686.32 3748.93902225 4500.0
1512307686.41 3748.99207113 4500.0
1512307686.51 3749.04246758 4500.0
1512307686.61 3749.0903442 4500.0
1512307686.71 3749.13582699 4500.0
1512307686.82 3749.17903564 4500.0
1512307686.92 3749.22008386 4500.0
1512307687.02 3749.25907966 4500.0
1512307687.11 3749.29612568 4500.0
1512307687.21 3749.3313194 4500.0
1512307687.31 3749.36475343 4500.0
1512307687.43 3749.39651576 4500.0
1512307687.52 3749.42668997 4500.0
1512307687.63 3749.45535547 4500.0
1512307687.71 3749.4825877 4500.0
1512307687.82 3749.50845831 4500.0
1512307687.92 3749.5330354 4500.0
1512307688.02 3749.55638363 4500.0
1512307688.13 3749.57856444 4500.0
1512307688.23 3749.59963622 4500.0
1512307688.33 3749.61965441 4500.0
1512307688.44 3749.63867169 4500.0
1512307688.54 3749.65673811 4500.0
1512307688.63 3749.6739012 4500.0
1512307688.74 3749.69020614 4500.0
1512307688.84 3749.70569583 4500.0
1512307688.94 3749.72041104 4500.0
1512307689.04 3749.73439049 4500.0
1512307689.15 3749.74767097 4500.0
1512307689.24 3749.76028742 4500.0
1512307689.34 3749.77227305 4500.0
1512307689.44 3749.78365939 4500.0
1512307689.54 3749.79447642 4500.0
1512307689.64 3749.8047526 4500.0
1512307689.74 3749.81451497 4500.0
1512307689.84 3749.82378922 4500.0
1512307689.94 3749.83259976 4500.0
1512307690.04 3749.84096978 4500.0
1512307690.15 3749.84892129 4500.0
1512307690.26 3749.85647522 4500.0
1512307690.33 3749.86365146 4500.0
1512307690.42 3749.87046889 4500.0
1512307690.53 3749.87694544 4500.0
1512307690.63 3749.88309817 4500.0
1512307690.73 3749.88894326 4500.0
1512307690.83 3749.8944961 4500.0
1512307690.92 3749.89977129 4500.0
1512307691.03 3749.90478273 4500.0
1512307691.13 3749.90954359 4500.0
1512307691.23 3749.91406641 4500.0
1512307691.33 3749.91836309 4500.0
1512307691.42 3749.92244494 4500.0
1512307691.53 3749.92632269 4500.0
1512307691.63 3749.93000656 4500.0
1512307691.72 3749.93350623 4500.0
1512307691.83 3749.93683092 4500.0
1512307691.93 3749.93998937 4500.0
1512307692.03 3749.9429899 4500.0
1512307692.14 3749.94584041 4500.0
1512307692.23 3749.94854839 4500.0
1512307692.33 3749.95112097 4500.0
1512307692.43 3749.95356492 4500.0
1512307692.53 3749.95588667 4500.0
1512307692.64 3749.95809234 4500.0
1512307692.74 3749.96018772 4500.0
1512307692.85 3749.96217834 4500.0
1512307692.96 3749.96406942 4500.0
1512307693.06 3712.46586595 4500.0
1512307693.16 3676.84257265 4500.0
1512307693.25 3643.00044402 4500.0
1512307693.35 3610.85042182 4214.33348134
1512307693.46 3580.30790073 4013.1724615
1512307693.55 3551.29250569 3868.88427458
1512307693.66 3561.22788041 3763.02035161
1512307693.76 3570.66648639 4008.68023441
1512307693.86 3542.13316207 3862.67565173
1512307693.95 3552.52650396 4075.11710116
1512307694.06 3524.90017877 3900.92023543
1512307694.16 3498.65516983 3775.58021654
1512307694.25 3473.72241134 3683.27186763
1512307694.35 3487.53629077 3613.42204887
1512307694.45 3463.15947623 3908.94803258
1512307694.55 3477.50150242 3760.35184713
1512307694.65 3491.1264273 3666.06839889
1512307694.75 3504.07010593 3944.04559926
1512307694.85 3478.86660064 3797.38710149
1512307694.95 3454.9232706 3691.2136012
1512307695.05 3432.17710707 3612.45015767
1512307695.16 3410.56825172 3552.3591408
1512307695.25 3427.53983913 3505.09551111
1512307695.35 3443.66284718 3479.24362045
1512307695.45 3458.97970482 3467.38336269
1512307695.56 3473.53071958 3464.5821434
1512307695.66 3487.3541836 3809.72142893
1512307695.74 3462.98647442 3702.26568049
1512307695.84 3477.3371507 3622.50594513
1512307695.94 3490.97029316 3574.11634699
1512307696.05 3466.42177851 3882.74423133
1512307696.16 3443.10068958 3743.97008039
1512307696.25 3420.9456551 3643.68028345
1512307696.36 3399.89837235 3569.43540733
1512307696.45 3417.40345373 3512.92306234
1512307696.56 3434.03328104 3481.0831928
1512307696.66 3449.83161699 3465.39988888
1512307696.77 3427.34003614 3810.26659259
1512307696.87 3443.47303433 3682.62440711
1512307696.98 3458.79938262 3602.90728285
1512307697.07 3473.35941349 3554.8713161
1512307697.18 3487.19144281 3527.7006819
1512307697.27 3500.33187067 3514.1976022
1512307697.38 3475.31527714 3842.79840147
1512307697.48 3451.54951328 3720.30402669
1512307697.59 3428.97203762 3630.71918889
1512307697.69 3407.52343574 3563.47013846
1512307697.79 3424.64726395 3511.48790422
1512307697.89 3440.91490075 3840.99193615
1512307698.0 3418.86915571 3707.63292435
1512307698.09 3435.42569793 3611.3783348
1512307698.18 3451.15441303 3552.72745585
1512307698.28 3466.09669238 3518.86977491
1512307698.39 3442.79185776 3845.91318327
1512307698.49 3458.15226487 3711.5394081
1512307698.57 3435.24465163 3627.07702703
1512307698.69 3413.48241905 3563.13290189
1512307698.79 3392.8082981 3513.24940761
1512307698.88 3410.66788319 3473.10237111
1512307698.99 3427.63448903 3452.29087513
1512307699.09 3443.75276458 3444.07207977
1512307699.19 3459.06512635 3443.96564137
1512307699.29 3473.61187003 3448.99880303
1512307699.4 3449.93127653 3799.33253535
1512307699.48 3464.9347127 3682.86544908
1512307699.58 3479.18797707 3610.22187029
1512307699.69 3455.22857822 3566.54390588
1512307699.78 3432.46714931 3529.43879666
1512307699.87 3410.84379184 3497.11491421
1512307699.97 3390.30160225 3468.35787342
1512307700.08 3408.28652214 3442.33911636
1512307700.17 3387.87219603 3794.89274424
1512307700.29 3405.97858623 3659.21922817
1512307700.39 3423.17965692 3574.80568086
1512307700.49 3402.02067407 3524.26367288
1512307700.59 3381.91964037 3483.51600661
1512307700.68 3362.82365835 3449.65055119
1512307700.79 3344.68247543 3420.70825358
1512307700.88 3364.94835166 3395.36632753
1512307700.97 3384.20093408 3385.22700224
1512307701.08 3402.49088737 3384.88497952
1512307701.19 3419.866343 3390.75361547
1512307701.3 3436.37302585 3760.50241031
1512307701.39 3414.55437456 3652.45928216
1512307701.49 3431.32665583 3573.15764629
1512307701.6 3447.26032304 3525.88064947
1512307701.7 3462.39730689 3499.673874
1512307701.8 3476.77744154 3833.115916
1512307701.89 3452.93856947 3714.33642451
1512307702.0 3430.29164099 3627.20380616
1512307702.1 3408.77705894 3561.56641777
1512307702.21 3425.838206 3510.6366315
1512307702.3 3442.0462957 3482.37048966
1512307702.41 3457.44398091 3468.92909168
1512307702.51 3472.07178187 3465.10072142
1512307702.61 3485.96819277 3467.42440824
1512307702.7 3499.16978313 3811.61627216
1512307702.81 3474.21129398 3707.46744248
1512307702.91 3488.00072928 3629.71539298
1512307703.01 3501.10069282 3582.47717175
1512307703.11 3513.54565817 3555.35167877
1512307703.18 3487.86837527 3870.23445251
1512307703.28 3500.9749565 3742.77909343
1512307703.38 3475.92620868 3662.17771445
1512307703.48 3452.12989824 3600.0938792
1512307703.58 3429.52340333 3550.77255221
1512307703.68 3445.54723316 3510.35616925
1512307703.78 3460.76987151 3488.75319056
1512307703.89 3475.23137793 3479.42541754
1512307704.0 3488.96980903 3478.02740434
1512307704.1 3502.02131858 3818.68493622
1512307704.2 3476.92025265 3713.13039701
1512307704.3 3490.57424002 3634.39368223
1512307704.39 3503.54552802 3586.45386816
1512307704.5 3515.86825162 3558.81775478
1512307704.6 3527.57483904 3872.54516985
1512307704.7 3501.19609709 3757.55505958
1512307704.8 3476.13629223 3672.10207208
1512307704.91 3452.32947762 3606.78014547
1512307705.01 3429.71300374 3555.29658952
1512307705.11 3445.72735355 3513.43539426
1512307705.2 3460.94098587 3490.86604736
1512307705.3 3475.39393658 3480.89102686
1512307705.41 3489.12423975 3479.05866344
1512307705.5 3502.16802776 3482.41385554
1512307705.6 3514.55962638 3488.99857962
1512307705.71 3505.49831172 3497.51892854
1512307705.81 3517.72339614 3500.17872293
1512307705.89 3529.33722633 3833.45248195
1512307706.0 3502.87036501 3732.08073008
1512307706.1 3515.22684676 3655.67727506
1512307706.21 3526.96550443 3937.11818337
1512307706.3 3500.6172292 3800.40062372
1512307706.39 3513.08636774 3700.47282555
1512307706.49 3524.93204936 3638.01067295
1512307706.6 3498.68544689 3925.34044863
1512307706.7 3473.75117454 3783.12211472
1512307706.8 3450.06361582 3679.99846799
1512307706.9 3427.56043503 3603.35351727
1512307707.0 3443.68241328 3544.75582319
1512307707.1 3458.99829261 3511.06468655
1512307707.2 3473.54837798 3493.7092219
1512307707.32 3487.37095908 3486.9889406
1512307707.41 3500.50241113 3487.11628009
1512307707.51 3512.97729057 3491.57832377
1512307707.61 3524.82842604 3827.71888251
1512307707.71 3498.58700474 3726.75539702
1512307707.81 3511.1576545 3650.69926626
1512307707.91 3523.09977178 3604.18539568
1512307708.01 3534.44478319 3577.15685438
1512307708.12 3545.22254403 3562.91949731
1512307708.23 3555.46141683 3557.02051289
1512307708.32 3502.68834599 3871.34700859
1512307708.43 3515.05392869 3748.46078772
1512307708.51 3526.80123225 3670.65850138
1512307708.62 3537.96117064 3622.70607834
1512307708.72 3511.06311211 3915.13738556
1512307708.83 3485.5099565 3780.44596107
1512307708.92 3461.23445868 3682.13395955
1512307709.01 3438.17273574 3608.50079259
1512307709.11 3453.76409896 3551.72477364
1512307709.22 3468.57589401 3519.07121541
1512307709.33 3482.64709931 3502.23944161
1512307709.42 3496.01474434 3495.70866084
1512307709.52 3508.71400713 3830.47244056
1512307709.62 3483.27830677 3723.21962942
1512307709.73 3496.61439143 3643.23918853
1512307709.82 3509.28367186 3594.36425617
1512307709.91 3521.31948827 3566.0040614
1512307710.02 3532.75351385 3877.33604093
1512307710.12 3506.11583816 3762.47519857
1512307710.24 3518.31004625 3677.02207844
1512307710.31 3529.89454394 3624.11806771
1512307710.41 3540.89981674 3592.71022645
1512307710.51 3551.35482591 3575.44008988
1512307710.6 3561.28708461 3567.41166856
1512307710.71 3508.22273038 3565.37014057
1512307710.81 3499.47826053 3876.91342705
1512307710.92 3449.5043475 3751.10170488
1512307711.02 3427.02913013 3650.56925242
1512307711.12 3405.67767362 3576.05587832
1512307711.22 3422.89378994 3519.26314342
1512307711.32 3439.24910044 3487.14002559
1512307711.43 3454.78664542 3471.17638388
1512307711.52 3469.54731315 3814.11758925
1512307711.62 3446.06994749 3699.26083055
1512307711.73 3461.26645012 3614.86386953
1512307711.83 3475.70312761 3909.90924635
1512307711.93 3451.91797123 3765.17387344
1512307712.03 3466.82207267 3660.75523937
1512307712.14 3480.98096904 3596.11085047
1512307712.23 3494.43192058 3557.73422332
1512307712.33 3507.21032455 3871.82281555
1512307712.43 3481.84980833 3750.28531855
1512307712.53 3457.75731791 3660.80681514
1512307712.64 3434.86945201 3593.1236494
1512307712.74 3413.12597941 3540.37225027
1512307712.83 3392.46968044 3497.95682665
1512307712.94 3410.34619642 3462.79444458
1512307713.04 3427.3288866 3445.3116952
1512307713.13 3443.46244227 3439.31742566
1512307713.24 3458.78932016 3440.69909787
1512307713.32 3452.51652082 3446.72917196
1512307713.45 3446.55736144 3448.65828825
1512307713.56 3440.89616004 3447.95797931
1512307713.64 3456.35135203 3798.63865287
1512307713.74 3433.53378443 3684.54288593
1512307713.82 3449.35709521 3600.87318543
1512307713.92 3464.38924045 3900.58212362
1512307714.02 3441.16977843 3755.1844959
1512307714.12 3456.61128951 3650.51292341
1512307714.22 3471.28072503 3933.67528227
1512307714.32 3447.71668878 3779.54376319
1512307714.43 3425.33085434 3668.93473839
1512307714.52 3404.06431162 3587.73344371
1512307714.63 3383.86109604 3526.51039968
1512307714.73 3402.16804124 3478.9606318
1512307714.83 3419.55963918 3453.36310161
1512307714.93 3436.08165722 3442.0952808
1512307715.03 3451.77757436 3440.09073961
1512307715.15 3466.68869564 3793.3938264
1512307715.24 3443.35426086 3684.49211615
1512307715.34 3458.68654782 3604.11283105
1512307715.42 3473.25222042 3555.63740331
1512307715.54 3487.0896094 3528.17567568
1512307715.64 3500.23512893 3514.48032025
1512307715.75 3512.72337249 3509.73192315
1512307715.84 3524.58720386 3839.8212821
1512307715.94 3498.35784367 3734.74325602
1512307716.04 3510.93995149 3655.94811857
1512307716.14 3522.89295391 3607.61206287
1512307716.24 3534.24830622 3579.37235989
1512307716.34 3507.53589091 3886.24823992
1512307716.44 3482.15909636 3760.01079025
1512307716.53 3458.05114154 3667.39355895
1512307716.63 3435.14858446 3597.61275315
1512307716.74 3450.89115524 3543.45803026
1512307716.85 3465.84659748 3512.60240525
1512307716.93 3480.05426761 3497.01713599
1512307717.03 3493.55155423 3491.36284653
1512307717.14 3506.37397651 3492.09241576
1512307717.23 3518.55527769 3828.06161051
1512307717.34 3492.6275138 3724.8928329
1512307717.43 3505.49613811 3647.47105987
1512307717.54 3517.72133121 3600.14608595
1512307717.63 3529.33526465 3572.6711677
1512307717.73 3540.36850142 3558.22586668
1512307717.84 3513.35007634 3872.15057779
1512307717.94 3525.18257253 3752.55041064
1512307718.04 3536.4234439 3676.76113127
1512307718.13 3547.10227171 3629.98190215
1512307718.24 3557.24715812 3602.35535867
1512307718.35 3566.88480021 3587.31929182
1512307718.45 3576.0405602 3891.54619455
1512307718.54 3547.23853219 3786.37764976
1512307718.66 3519.87660558 3706.66461057
1512307718.75 3493.8827753 3644.40194224
1512307718.85 3469.18863654 3594.2288866
1512307718.95 3483.22920471 3552.54880324
1512307719.05 3496.56774448 3529.4422704
1512307719.15 3509.23935725 3518.48409509
1512307719.24 3521.27738939 3515.40251581
1512307719.36 3532.71351992 3517.36080701
1512307719.45 3543.57784392 3522.47837798
1512307719.55 3553.89895173 3529.51153329
1512307719.65 3563.70400414 3853.00768886
1512307719.75 3535.51880394 3756.57312729
1512307719.86 3546.24286374 3682.88835284
1512307719.94 3556.43072055 3637.33985647
1512307720.05 3566.10918452 3610.3701445
1512307720.14 3575.3037253 3595.61649117
1512307720.25 3584.03853903 3588.84556921
1512307720.37 3592.33661208 3892.56371281
1512307720.44 3537.71978148 3792.48801257
1512307720.53 3527.50045907 3707.56526887
1512307720.64 3538.62543612 3647.5436656
1512307720.73 3549.19416431 3931.69577707
1512307720.84 3521.7344561 3804.19523948
1512307720.94 3495.64773329 3710.04164502
1512307721.03 3470.86534663 3638.57700778
1512307721.14 3484.82207929 3582.67312073
1512307721.24 3498.08097533 3550.05610692
1512307721.34 3510.67692656 3532.73106305
1512307721.44 3522.64308024 3855.15404204
1512307721.55 3496.51092622 3744.31705477
1512307721.64 3509.18537991 3661.71501192
1512307721.74 3521.22611092 3610.87180125
1512307721.86 3495.16480537 3907.2478675
1512307721.94 3507.9065651 3769.88684679
1512307722.06 3520.01123685 3682.56008623
1512307722.15 3531.510675 3628.37713643
1512307722.25 3542.43514125 3596.08831596
1512307722.35 3552.81338419 3578.20392439
1512307722.46 3562.67271498 3569.74041099
1512307722.58 3572.03907923 3879.82694066
1512307722.67 3543.43712527 3777.23098685
1512307722.77 3516.26526901 3699.29969966
1512307722.87 3490.45200556 3638.28822277
1512307722.97 3465.92940528 3589.0094837
1512307723.07 3442.63293502 3547.98279089
1512307723.17 3458.00128826 3512.86617227
1512307723.27 3472.60122385 3494.5778776
1512307723.36 3486.47116266 3487.25232635
1512307723.47 3499.64760453 3486.99193845
1512307723.57 3512.1652243 3491.21049381
1512307723.68 3524.05696308 3827.47366254
1512307723.77 3497.85411493 3726.33476272
1512307723.88 3510.46140918 3650.17454679
1512307723.98 3522.43833872 3603.60350092
1512307724.07 3533.81642179 3576.54844686
1512307724.16 3544.6256007 3562.3044385
1512307724.3 3554.89432066 3874.86962567
1512307724.39 3527.14960463 3768.21119067
1512307724.48 3538.2921244 3687.85732865
1512307724.57 3548.87751818 3638.00226057
1512307724.65 3558.93364227 3608.29401311
1512307724.75 3568.48696016 3591.84055616
1512307724.86 3577.56261215 3584.05602416
1512307724.96 3586.18448154 3581.89155349
1512307725.05 3594.37525746 3887.92770233
1512307725.15 3564.65649459 4091.95180155
1512307725.25 3573.92366986 4227.9678677
1512307725.36 3582.72748637 4318.64524513
1512307725.46 3591.09111205 4379.09683009
1512307725.57 3599.03655645 4419.39788673
1512307725.66 3606.58472863 4446.26525782
1512307725.76 3613.75549219 4464.17683854
1512307725.87 3620.56771758 4476.11789236
1512307725.96 3627.03933171 4484.07859491
1512307726.08 3633.18736512 4489.38572994
1512307726.17 3639.02799686 4492.92381996
1512307726.28 3644.57659702 4495.28254664
1512307726.39 3649.84776717 4496.85503109
1512307726.47 3654.85537881 4497.90335406
1512307726.59 3659.61260987 4498.60223604
1512307726.68 3664.13197938 4499.06815736
1512307726.78 3668.42538041 4499.37877157
1512307726.89 3672.50411139 4499.58584772
1512307726.99 3676.37890582 4499.72389848
1512307727.08 3680.05996053 4499.81593232
1512307727.19 3683.5569625 4499.87728821
1512307727.28 3686.87911438 4499.91819214
1512307727.39 3690.03515866 4499.94546143
1512307727.48 3693.03340072 4499.96364095
1512307727.59 3695.88173069 4499.97576063
1512307727.69 3698.58764415 4499.98384042
1512307727.78 3701.15826195 4499.98922695
1512307727.88 3703.60034885 4499.99281797
1512307727.99 3705.92033141 4499.99521198
1512307728.08 3708.12431484 4499.99680798
1512307728.19 3710.21809909 4499.99787199
1512307728.27 3712.20719414 4499.99858133
1512307728.38 3714.09683443 4499.99905422
1512307728.49 3715.89199271 4499.99936948
1512307728.57 3717.59739308 4499.99957965
1512307728.68 3719.21752342 4499.99971977
1512307728.78 3720.75664725 4499.99981318
1512307728.88 3722.21881489 4499.99987545
1512307728.98 3723.60787414 4499.99991697
1512307729.08 3724.92748044 4499.99994465
1512307729.19 3726.18110641 4499.9999631
1512307729.29 3727.37205109 4499.9999754
1512307729.38 3728.50344854 4499.9999836
1512307729.49 3729.57827611 4499.99998907
1512307729.59 3730.59936231 4499.99999271
1512307729.69 3731.56939419 4499.99999514
1512307729.8 3732.49092448 4499.99999676
1512307729.89 3733.36637826 4499.99999784
1512307729.99 3734.19805934 4499.99999856
1512307730.1 3734.98815638 4499.99999904
1512307730.19 3735.73874856 4499.99999936
1512307730.31 3736.45181113 4499.99999957
1512307730.41 3737.12922057 4499.99999972
1512307730.49 3737.77275955 4499.99999981
1512307730.59 3738.38412157 4499.99999987
1512307730.68 3738.96491549 4499.99999992
1512307730.79 3739.51666972 4499.99999994
1512307730.89 3740.04083623 4499.99999996
1512307730.99 3740.53879442 4499.99999998
1512307731.09 3741.0118547 4499.99999998
1512307731.2 3741.46126196 4499.99999999
1512307731.3 3741.88819886 4499.99999999
1512307731.38 3742.29378892 4500.0
1512307731.48 3742.67909947 4500.0
1512307731.59 3743.0451445 4500.0
1512307731.69 3743.39288728 4500.0
1512307731.8 3743.72324291 4500.0
1512307731.89 3744.03708077 4500.0
1512307731.99 3744.33522673 4500.0
1512307732.09 3744.61846539 4500.0
1512307732.18 3744.88754212 4500.0
1512307732.28 3745.14316502 4500.0
1512307732.39 3745.38600677 4500.0
1512307732.48 3745.61670643 4500.0
1512307732.58 3745.83587111 4500.0
1512307732.69 3746.04407755 4500.0
1512307732.8 3746.24187367 4500.0
1512307732.89 3746.42977999 4500.0
1512307733.0 3746.60829099 4500.0
1512307733.09 3746.77787644 4500.0
1512307733.2 3746.93898262 4500.0
1512307733.31 3747.09203349 4500.0
1512307733.41 3747.23743181 4500.0
1512307733.51 3747.37556022 4500.0
1512307733.61 3747.50678221 4500.0
1512307733.7 3747.6314431 4500.0
1512307733.8 3747.74987095 4500.0
1512307733.91 3747.8623774 4500.0
1512307734.0 3747.96925853 4500.0
1512307734.11 3748.0707956 4500.0
1512307734.2 3748.16725582 4500.0
1512307734.31 3748.25889303 4500.0
1512307734.41 3748.34594838 4500.0
1512307734.52 3748.42865096 4500.0
1512307734.61 3748.50721841 4500.0
1512307734.72 3748.58185749 4500.0
1512307734.81 3748.65276462 4500.0
1512307734.92 3748.72012639 4500.0
1512307735.0 3748.78412007 4500.0
1512307735.1 3748.84491406 4500.0
1512307735.2 3748.90266836 4500.0
1512307735.3 3748.95753494 4500.0
1512307735.4 3749.0096582 4500.0
1512307735.51 3749.05917529 4500.0
1512307735.61 3749.10621652 4500.0
1512307735.71 3749.1509057 4500.0
1512307735.81 3749.19336041 4500.0
1512307735.91 3749.23369239 4500.0
1512307736.01 3749.27200777 4500.0
1512307736.12 3749.30840738 4500.0
1512307736.22 3749.34298701 4500.0
1512307736.34 3749.37583766 4500.0
1512307736.41 3749.40704578 4500.0
1512307736.51 3749.43669349 4500.0
1512307736.61 3749.46485882 4500.0
1512307736.7 3749.49161587 4500.0
1512307736.8 3749.51703508 4500.0
1512307736.9 3749.54118333 4500.0
1512307737.01 3749.56412416 4500.0
1512307737.11 3749.58591795 4500.0
1512307737.22 3749.60662205 4500.0
1512307737.31 3749.62629095 4500.0
1512307737.42 3749.6449764 4500.0
1512307737.51 3749.66272758 4500.0
1512307737.62 3749.67959121 4500.0
1512307737.72 3749.69561164 4500.0
1512307737.82 3749.71083106 4500.0
1512307737.92 3749.72528951 4500.0
1512307738.02 3749.73902503 4500.0
1512307738.13 3749.75207378 4500.0
1512307738.23 3749.76447009 4500.0
1512307738.33 3749.77624659 4500.0
1512307738.41 3749.78743426 4500.0
1512307738.52 3749.79806255 4500.0
1512307738.62 3749.80815942 4500.0
1512307738.73 3749.81775145 4500.0
1512307738.83 3749.82686388 4500.0
1512307738.92 3749.83552068 4500.0
1512307739.02 3749.84374465 4500.0
1512307739.12 3749.85155742 4500.0
1512307739.22 3749.85897954 4500.0
1512307739.31 3749.86603057 4500.0
1512307739.41 3749.87272904 4500.0
1512307739.52 3749.87909259 4500.0
1512307739.62 3749.88513796 4500.0
1512307739.72 3749.89088106 4500.0
1512307739.82 3749.89633701 4500.0
1512307739.91 3749.90152016 4500.0
1512307740.03 3749.90644415 4500.0
1512307740.13 3749.91112194 4500.0
1512307740.22 3749.91556584 4500.0
1512307740.33 3749.91978755 4500.0
1512307740.43 3749.92379817 4500.0
1512307740.53 3749.92760827 4500.0
1512307740.64 3749.93122785 4500.0
1512307740.74 3749.93466646 4500.0
1512307740.83 3749.93793314 4500.0
1512307740.93 3749.94103648 4500.0
1512307741.03 3749.94398466 4500.0
1512307741.14 3749.94678542 4500.0
1512307741.23 3749.94944615 4500.0
1512307741.34 3749.95197384 4500.0
1512307741.44 3749.95437515 4500.0
1512307741.54 3749.95665639 4500.0
1512307741.65 3749.95882357 4500.0
1512307741.73 3749.9608824 4500.0
1512307741.84 3749.96283828 4500.0
1512307741.94 3749.96469636 4500.0
1512307742.05 3749.96646154 4500.0
1512307742.15 3749.96813847 4500.0
1512307742.25 3749.96973154 4500.0
1512307742.35 3749.97124497 4500.0
1512307742.44 3749.97268272 4500.0
1512307742.55 3749.97404858 4500.0
1512307742.64 3749.97534615 4500.0
1512307742.75 3749.97657885 4500.0
1512307742.83 3749.9777499 4500.0
1512307742.95 3749.97886241 4500.0
1512307743.04 3749.97991929 4500.0
1512307743.14 3749.98092332 4500.0
1512307743.25 3749.98187716 4500.0
1512307743.34 3749.9827833 4500.0
1512307743.44 3749.98364413 4500.0
1512307743.54 3749.98446193 4500.0
1512307743.63 3749.98523883 4500.0
1512307743.73 3749.98597689 4500.0
1512307743.86 3749.98667805 4500.0
1512307743.95 3749.98734414 4500.0
1512307744.05 3749.98797694 4500.0
1512307744.15 3749.98857809 4500.0
1512307744.25 3749.98914918 4500.0
1512307744.35 3749.98969173 4500.0
1512307744.44 3749.99020714 4500.0
1512307744.54 3749.99069678 4500.0
1512307744.65 3749.99116194 4500.0
1512307744.75 3749.99160385 4500.0
1512307744.85 3749.99202365 4500.0
1512307744.95 3749.99242247 4500.0
1512307745.05 3749.99280135 4500.0
1512307745.14 3749.99316128 4500.0
1512307745.26 3749.99350322 4500.0
1512307745.35 3749.99382806 4500.0
1512307745.45 3749.99413665 4500.0
1512307745.55 3749.99442982 4500.0
1512307745.65 3749.99470833 4500.0
1512307745.75 3749.99497291 4500.0
1512307745.85 3749.99522427 4500.0
1512307745.95 3749.99546305 4500.0
1512307746.05 3749.9956899 4500.0
1512307746.15 3749.99590541 4500.0
1512307746.25 3749.99611014 4500.0
1512307746.36 3749.99630463 4500.0
1512307746.44 3749.9964894 4500.0
1512307746.55 3749.99666493 4500.0
1512307746.65 3749.99683168 4500.0
1512307746.75 3749.9969901 4500.0
1512307746.84 3749.99714059 4500.0
1512307746.94 3749.99728356 4500.0
1512307747.04 3749.99741938 4500.0
1512307747.16 3749.99754842 4500.0
1512307747.25 3749.99767099 4500.0
1512307747.34 3749.99778744 4500.0
1512307747.44 3749.99789807 4500.0
1512307747.54 3749.99800317 4500.0
1512307747.64 3749.99810301 4500.0
1512307747.75 3749.99819786 4500.0
1512307747.85 3749.99828797 4500.0
1512307747.95 3749.99837357 4500.0
1512307748.05 3749.99845489 4500.0
1512307748.15 3749.99853215 4500.0
1512307748.25 3749.99860554 4500.0
1512307748.37 3749.99867526 4500.0
1512307748.45 3749.9987415 4500.0
1512307748.56 3749.99880442 4500.0
1512307748.66 3749.9988642 4500.0
1512307748.77 3749.99892099 4500.0
1512307748.86 3749.99897494 4500.0
1512307748.95 3749.9990262 4500.0
1512307749.06 3749.99907489 4500.0
1512307749.16 3749.99912114 4500.0
1512307749.26 3749.99916508 4500.0
1512307749.36 3749.99920683 4500.0
1512307749.47 3749.99924649 4500.0
1512307749.57 3749.99928416 4500.0
1512307749.67 3749.99931996 4500.0
1512307749.77 3749.99935396 4500.0
1512307749.86 3749.99938626 4500.0
1512307749.95 3749.99941695 4500.0
1512307750.06 3749.9994461 4500.0
1512307750.15 3749.99947379 4500.0
1512307750.26 3749.99950011 4500.0
1512307750.36 3749.9995251 4500.0
1512307750.47 3749.99954884 4500.0
1512307750.56 3749.9995714 4500.0
1512307750.66 3749.99959283 4500.0
1512307750.76 3749.99961319 4500.0
1512307750.85 3749.99963253 4500.0
1512307750.97 3749.9996509 4500.0
1512307751.07 3749.99966836 4500.0
1512307751.17 3749.99968494 4500.0
1512307751.27 3749.99970069 4500.0
1512307751.38 3749.99971566 4500.0
1512307751.49 3749.99972988 4500.0
1512307751.58 3749.99974338 4500.0
1512307751.68 3749.99975621 4500.0
1512307751.8 3749.9997684 4500.0
1512307751.88 3749.99977998 4500.0
1512307751.97 3749.99979098 4500.0
1512307752.09 3749.99980143 4500.0
1512307752.18 3749.99981136 4500.0
1512307752.29 3749.99982079 4500.0
1512307752.38 3749.99982975 4500.0
1512307752.47 3749.99983827 4500.0
1512307752.57 3749.99984635 4500.0
1512307752.68 3749.99985404 4500.0
1512307752.79 3749.99986133 4500.0
1512307752.87 3749.99986827 4500.0
1512307752.97 3749.99987485 4500.0
1512307753.07 3749.99988111 4500.0
1512307753.18 3749.99988706 4500.0
1512307753.27 3749.9998927 4500.0
1512307753.36 3749.99989807 4500.0
1512307753.46 3749.99990316 4500.0
1512307753.57 3749.99990801 4500.0
1512307753.67 3749.99991261 4500.0
1512307753.76 3749.99991698 4500.0
1512307753.86 3749.99992113 4500.0
1512307753.97 3749.99992507 4500.0
1512307754.08 3749.99992882 4500.0
1512307754.16 3749.99993238 4500.0
1512307754.27 3749.99993576 4500.0
1512307754.36 3749.99993897 4500.0
1512307754.47 3749.99994202 4500.0
1512307754.56 3749.99994492 4500.0
1512307754.67 3749.99994767 4500.0
1512307754.77 3749.99995029 4500.0
1512307754.86 3749.99995278 4500.0
1512307754.96 3749.99995514 4500.0
1512307755.07 3749.99995738 4500.0
1512307755.17 3749.99995951 4500.0
1512307755.27 3749.99996154 4500.0
1512307755.37 3749.99996346 4500.0
1512307755.47 3749.99996529 4500.0
1512307755.57 3749.99996702 4500.0
1512307755.67 3749.99996867 4500.0
1512307755.78 3749.99997024 4500.0
1512307755.88 3749.99997173 4500.0
1512307755.97 3749.99997314 4500.0
1512307756.08 3749.99997448 4500.0
1512307756.18 3749.99997576 4500.0
1512307756.27 3749.99997697 4500.0
1512307756.37 3749.99997812 4500.0
1512307756.47 3749.99997922 4500.0
1512307756.59 3749.99998025 4500.0
1512307756.68 3749.99998124 4500.0
1512307756.78 3749.99998218 4500.0
1512307756.87 3749.99998307 4500.0
1512307756.97 3749.99998392 4500.0
1512307757.09 3749.99998472 4500.0
1512307757.17 3749.99998549 4500.0
1512307757.27 3749.99998621 4500.0
1512307757.37 3749.9999869 4500.0
1512307757.49 3749.99998756 4500.0
1512307757.58 3749.99998818 4500.0
1512307757.67 3749.99998877 4500.0
1512307757.77 3749.99998933 4500.0
1512307757.89 3749.99998986 4500.0
1512307757.98 3749.99999037 4500.0
1512307758.08 3749.99999085 4500.0
1512307758.18 3749.99999131 4500.0
1512307758.27 3749.99999174 4500.0
1512307758.38 3749.99999216 4500.0
1512307758.48 3749.99999255 4500.0
1512307758.58 3749.99999292 4500.0
1512307758.68 3749.99999328 4500.0
1512307758.78 3749.99999361 4500.0
1512307758.87 3749.99999393 4500.0
1512307758.98 3749.99999423 4500.0
1512307759.08 3749.99999452 4500.0
1512307759.19 3749.9999948 4500.0
1512307759.29 3749.99999506 4500.0
1512307759.4 3749.9999953 4500.0
1512307759.49 3749.99999554 4500.0
1512307759.6 3749.99999576 4500.0
1512307759.7 3749.99999597 4500.0
1512307759.79 3749.99999618 4500.0
1512307759.9 3749.99999637 4500.0
1512307759.99 3749.99999655 4500.0
1512307760.09 3749.99999672 4500.0
1512307760.21 3749.99999688 4500.0
1512307760.3 3749.99999704 4500.0
1512307760.39 3749.99999719 4500.0
1512307760.5 3749.99999733 4500.0
1512307760.59 3749.99999746 4500.0
1512307760.7 3749.99999759 4500.0
1512307760.79 3749.99999771 4500.0
1512307760.89 3749.99999782 4500.0
1512307761.0 3749.99999793 4500.0
1512307761.09 3749.99999804 4500.0
1512307761.21 3749.99999813 4500.0
1512307761.28 3749.99999823 4500.0
1512307761.4 3749.99999832 4500.0
1512307761.5 3749.9999984 4500.0
1512307761.59 3749.99999848 4500.0
1512307761.69 3749.99999856 4500.0
1512307761.79 3749.99999863 4500.0
1512307761.89 3749.9999987 4500.0
1512307762.0 3749.99999876 4500.0
1512307762.1 3749.99999882 4500.0
1512307762.19 3749.99999888 4500.0
1512307762.3 3749.99999894 4500.0
1512307762.4 3749.99999899 4500.0
1512307762.51 3749.99999904 4500.0
1512307762.6 3749.99999909 4500.0
1512307762.7 3749.99999914 4500.0
1512307762.81 3749.99999918 4500.0
1512307762.9 3749.99999922 4500.0
1512307763.0 3749.99999926 4500.0
1512307763.11 3749.9999993 4500.0
1512307763.21 3749.99999933 4500.0
1512307763.32 3749.99999936 4500.0
1512307763.41 3749.9999994 4500.0
1512307763.53 3749.99999943 4500.0
1512307763.63 3749.99999946 4500.0
1512307763.71 3749.99999948 4500.0
1512307763.8 3749.99999951 4500.0
1512307763.9 3749.99999953 4500.0
1512307764.01 3749.99999956 4500.0
1512307764.11 3749.99999958 4500.0
1512307764.2 3749.9999996 4500.0
1512307764.3 3749.99999962 4500.0
1512307764.4 3749.99999964 4500.0
1512307764.5 3749.99999966 4500.0
1512307764.6 3749.99999967 4500.0
1512307764.71 3749.99999969 4500.0
1512307764.8 3749.99999971 4500.0
1512307764.9 3749.99999972 4500.0
1512307765.0 3749.99999973 4500.0
1512307765.11 3749.99999975 4500.0
1512307765.19 3749.99999976 4500.0
1512307765.31 3749.99999977 4500.0
1512307765.4 3749.99999978 4500.0
1512307765.5 3749.99999979 4500.0
1512307765.6 3749.9999998 4500.0
1512307765.71 3749.99999981 4500.0
1512307765.81 3749.99999982 4500.0
1512307765.91 3749.99999983 4500.0
1512307766.01 3749.99999984 4500.0
1512307766.11 3749.99999985 4500.0
1512307766.21 3749.99999986 4500.0
1512307766.3 3749.99999986 4500.0
1512307766.41 3749.99999987 4500.0
1512307766.51 3749.99999988 4500.0
1512307766.61 3749.99999988 4500.0
1512307766.71 3749.99999989 4500.0
1512307766.81 3749.99999989 4500.0
1512307766.91 3749.9999999 4500.0
1512307767.0 3749.9999999 4500.0
1512307767.1 3749.99999991 4500.0
1512307767.21 3749.99999991 4500.0
1512307767.32 3749.99999992 4500.0
1512307767.43 3749.99999992 4500.0
1512307767.51 3749.99999993 4500.0
1512307767.61 3749.99999993 4500.0
1512307767.71 3749.99999993 4500.0
1512307767.82 3749.99999994 4500.0
1512307767.9 3749.99999994 4500.0
1512307768.01 3749.99999994 4500.0
1512307768.11 3749.99999995 4500.0
1512307768.21 3749.99999995 4500.0
1512307768.31 3749.99999995 4500.0
1512307768.41 3749.99999995 4500.0
1512307768.52 3749.99999996 4500.0
1512307768.61 3749.99999996 4500.0
1512307768.71 3749.99999996 4500.0
1512307768.82 3749.99999996 4500.0
1512307768.93 3749.99999996 4500.0
1512307769.02 3749.99999997 4500.0
1512307769.11 3749.99999997 4500.0
1512307769.22 3749.99999997 4500.0
1512307769.32 3749.99999997 4500.0
1512307769.42 3749.99999997 4500.0
1512307769.52 3749.99999997 4500.0
1512307769.61 3749.99999997 4500.0
1512307769.71 3749.99999998 4500.0
1512307769.82 3749.99999998 4500.0
1512307769.91 3749.99999998 4500.0
1512307770.02 3749.99999998 4500.0
1512307770.11 3749.99999998 4500.0
1512307770.22 3749.99999998 4500.0
1512307770.32 3749.99999998 4500.0
1512307770.43 3749.99999998 4500.0
1512307770.52 3749.99999998 4500.0
1512307770.62 3749.99999998 4500.0
1512307770.72 3749.99999999 4500.0
1512307770.82 3749.99999999 4500.0
1512307770.92 3749.99999999 4500.0
1512307771.03 3749.99999999 4500.0
1512307771.13 3749.99999999 4500.0
1512307771.23 3749.99999999 4500.0
1512307771.33 3749.99999999 4500.0
1512307771.42 3749.99999999 4500.0
1512307771.53 3749.99999999 4500.0
1512307771.62 3749.99999999 4500.0
1512307771.72 3749.99999999 4500.0
1512307771.83 3749.99999999 4500.0
1512307771.93 3749.99999999 4500.0
1512307772.03 3749.99999999 4500.0
1512307772.14 3749.99999999 4500.0
1512307772.24 3749.99999999 4500.0
1512307772.33 3749.99999999 4500.0
1512307772.43 3749.99999999 4500.0
1512307772.52 3749.99999999 4500.0
1512307772.62 3749.99999999 4500.0
1512307772.73 3749.99999999 4500.0
1512307772.83 3750.0 4500.0
1512307772.93 3750.0 4500.0
1512307773.03 3750.0 4500.0
1512307773.13 3750.0 4500.0
1512307773.23 3750.0 4500.0
1512307773.34 3750.0 4500.0
1512307773.44 3750.0 4500.0
1512307773.53 3750.0 4500.0
1512307773.65 3750.0 4500.0
1512307773.74 3750.0 4500.0
1512307773.84 3750.0 4500.0
1512307773.94 3750.0 4500.0
1512307774.03 3750.0 4500.0
1512307774.15 3750.0 4500.0
1512307774.25 3750.0 4500.0
1512307774.34 3750.0 4500.0
1512307774.45 3750.0 4500.0
1512307774.54 3750.0 4500.0
1512307774.63 3750.0 4500.0
1512307774.75 3750.0 4500.0
1512307774.84 3750.0 4500.0
1512307774.94 3750.0 4500.0
1512307775.03 3750.0 4500.0
1512307775.14 3750.0 4500.0
1512307775.23 3750.0 4500.0
1512307775.34 3750.0 4500.0
1512307775.46 3750.0 4500.0
1512307775.53 3750.0 4500.0
1512307775.64 3750.0 4500.0
1512307775.73 3750.0 4500.0
1512307775.83 3750.0 4500.0
1512307775.94 3750.0 4500.0
1512307776.04 3750.0 4500.0
1512307776.14 3750.0 4500.0
1512307776.24 3750.0 4500.0
1512307776.35 3750.0 4500.0
1512307776.45 3750.0 4500.0
1512307776.54 3750.0 4500.0
1512307776.64 3750.0 4500.0
1512307776.75 3750.0 4500.0
1512307776.85 3750.0 4500.0
1512307776.96 3750.0 4500.0
1512307777.06 3750.0 4500.0
1512307777.15 3750.0 4500.0
1512307777.25 3750.0 4500.0
1512307777.35 3750.0 4500.0
1512307777.44 3750.0 4500.0
1512307777.56 3750.0 4500.0
1512307777.66 3750.0 4500.0
1512307777.77 3750.0 4500.0
1512307777.85 3750.0 4500.0
1512307777.96 3750.0 4500.0
1512307778.03 3750.0 4500.0
1512307778.14 3750.0 4500.0
1512307778.23 3750.0 4500.0
1512307778.33 3750.0 4500.0
1512307778.43 3750.0 4500.0
1512307778.54 3750.0 4500.0
1512307778.64 3750.0 4500.0
1512307778.73 3750.0 4500.0
1512307778.83 3750.0 4500.0
1512307778.93 3750.0 4500.0
1512307779.04 3750.0 4500.0
1512307779.13 3750.0 4500.0
1512307779.24 3750.0 4500.0
1512307779.35 3750.0 4500.0
1512307779.44 3750.0 4500.0
1512307779.55 3750.0 4500.0
1512307779.65 3750.0 4500.0
1512307779.75 3750.0 4500.0
1512307779.86 3750.0 4500.0
1512307779.95 3750.0 4500.0
1512307780.07 3750.0 4500.0
1512307780.15 3750.0 4500.0
1512307780.25 3750.0 4500.0
1512307780.34 3750.0 4500.0
1512307780.45 3750.0 4500.0
1512307780.54 3750.0 4500.0
1512307780.65 3750.0 4500.0
1512307780.75 3750.0 4500.0
1512307780.86 3750.0 4500.0
1512307780.94 3750.0 4500.0
1512307781.03 3750.0 4500.0
1512307781.13 3750.0 4500.0
1512307781.24 3750.0 4500.0
1512307781.33 3750.0 4500.0
1512307781.44 3750.0 4500.0
1512307781.54 3750.0 4500.0
1512307781.64 3750.0 4500.0
1512307781.74 3750.0 4500.0
1512307781.84 3750.0 4500.0
1512307781.95 3750.0 4500.0
1512307782.05 3750.0 4500.0
1512307782.15 3750.0 4500.0
1512307782.24 3750.0 4500.0
1512307782.34 3750.0 4500.0
1512307782.46 3750.0 4500.0
1512307782.54 3750.0 4500.0
1512307782.63 3750.0 4500.0
1512307782.74 3750.0 4500.0
1512307782.83 3750.0 4500.0
1512307782.93 3750.0 4500.0
1512307783.04 3750.0 4500.0
1512307783.13 3750.0 4500.0
1512307783.23 3750.0 4500.0
1512307783.34 3750.0 4500.0
1512307783.43 3750.0 4500.0
1512307783.54 3750.0 4500.0
1512307783.63 3750.0 4500.0
1512307783.72 3750.0 4500.0
1512307783.84 3750.0 4500.0
1512307783.92 3750.0 4500.0
1512307784.03 3750.0 4500.0
1512307784.13 3750.0 4500.0
1512307784.23 3750.0 4500.0
1512307784.34 3750.0 4500.0
1512307784.44 3750.0 4500.0
1512307784.53 3750.0 4500.0
1512307784.63 3750.0 4500.0
1512307784.73 3750.0 4500.0
1512307784.84 3750.0 4500.0
1512307784.93 3750.0 4500.0
1512307785.04 3750.0 4500.0
1512307785.13 3750.0 4500.0
1512307785.23 3750.0 4500.0
1512307785.34 3750.0 4500.0
1512307785.44 3750.0 4500.0
1512307785.53 3750.0 4500.0
1512307785.64 3750.0 4500.0
1512307785.74 3750.0 4500.0
1512307785.84 3750.0 4500.0
1512307785.95 3750.0 4500.0
1512307786.05 3750.0 4500.0
1512307786.16 3750.0 4500.0
1512307786.26 3750.0 4500.0
1512307786.35 3750.0 4500.0
1512307786.46 3750.0 4500.0
1512307786.55 3750.0 4500.0
1512307786.64 3750.0 4500.0
1512307786.75 3750.0 4500.0
1512307786.86 3750.0 4500.0
1512307786.95 3750.0 4500.0
1512307787.05 3750.0 4500.0
1512307787.15 3750.0 4500.0
1512307787.26 3750.0 4500.0
1512307787.35 3750.0 4500.0
1512307787.45 3750.0 4500.0
1512307787.55 3750.0 4500.0
1512307787.65 3750.0 4500.0
1512307787.75 3750.0 4500.0
1512307787.85 3750.0 4500.0
1512307787.95 3750.0 4500.0
1512307788.06 3750.0 4500.0
1512307788.16 3750.0 4500.0
1512307788.25 3750.0 4500.0
1512307788.35 3750.0 4500.0
1512307788.45 3750.0 4500.0
1512307788.55 3750.0 4500.0
1512307788.65 3750.0 4500.0
1512307788.75 3750.0 4500.0
1512307788.86 3750.0 4500.0
1512307788.95 3750.0 4500.0
1512307789.05 3750.0 4500.0
1512307789.15 3750.0 4500.0
1512307789.26 3750.0 4500.0
1512307789.36 3750.0 4500.0
1512307789.45 3750.0 4500.0
1512307789.56 3750.0 4500.0
1512307789.66 3750.0 4500.0
1512307789.77 3750.0 4500.0
1512307789.87 3750.0 4500.0
1512307789.98 3750.0 4500.0
1512307790.06 3750.0 4500.0
1512307790.16 3750.0 4500.0
1512307790.27 3750.0 4500.0
1512307790.36 3750.0 4500.0
1512307790.47 3750.0 4500.0
1512307790.58 3750.0 4500.0
1512307790.67 3750.0 4500.0
1512307790.77 3750.0 4500.0
1512307790.86 3750.0 4500.0
1512307790.96 3750.0 4500.0
1512307791.06 3750.0 4500.0
1512307791.16 3750.0 4500.0
1512307791.27 3750.0 4500.0
1512307791.37 3750.0 4500.0
1512307791.46 3750.0 4500.0
1512307791.58 3750.0 4500.0
1512307791.67 3750.0 4500.0
1512307791.77 3750.0 4500.0
1512307791.87 3750.0 4500.0
1512307791.96 3750.0 4500.0
1512307792.06 3750.0 4500.0
1512307792.16 3750.0 4500.0
1512307792.26 3750.0 4500.0
1512307792.35 3750.0 4500.0
1512307792.47 3750.0 4500.0
1512307792.57 3750.0 4500.0
1512307792.67 3750.0 4500.0
1512307792.77 3750.0 4500.0
1512307792.86 3750.0 4500.0
1512307792.97 3750.0 4500.0
1512307793.07 3750.0 4500.0
1512307793.18 3750.0 4500.0
1512307793.29 3750.0 4500.0
1512307793.38 3750.0 4500.0
1512307793.47 3750.0 4500.0
1512307793.58 3750.0 4500.0
1512307793.69 3750.0 4500.0
1512307793.78 3750.0 4500.0
1512307793.89 3750.0 4500.0
1512307793.98 3750.0 4500.0
1512307794.06 3750.0 4500.0
1512307794.15 3729.16666667 4500.0
1512307794.25 3709.375 4500.0
1512307794.34 3690.57291667 4500.0
1512307794.45 3672.7109375 4500.0
1512307794.55 3655.74205729 4500.0
1512307794.65 3639.62162109 4500.0
1512307794.75 3624.30720671 4500.0
1512307794.85 3609.75851304 4500.0
1512307794.95 3616.77058739 4500.0
1512307795.05 3602.59872468 4500.0
1512307795.16 3609.96878845 4500.0
1512307795.25 3616.97034903 4500.0
1512307795.35 3623.62183157 4500.0
1512307795.45 3629.94074 4500.0
1512307795.57 3635.943703 4500.0
1512307795.66 3641.64651785 4500.0
1512307795.76 3647.06419195 4500.0
1512307795.87 3631.37764902 4500.0
1512307795.97 3616.47543324 4500.0
1512307796.05 3602.31832824 4500.0
1512307796.17 3588.8690785 4500.0
1512307796.28 3576.09229124 4500.0
1512307796.37 3563.95434334 4500.0
1512307796.47 3573.25662618 4500.0
1512307796.57 3582.09379487 4500.0
1512307796.67 3590.48910512 4500.0
1512307796.78 3577.63131654 4500.0
1512307796.86 3565.41641738 4500.0
1512307796.96 3553.81226317 4500.0
1512307797.08 3542.78831668 4500.0
1512307797.17 3532.31556751 4500.0
1512307797.27 3522.3664558 4500.0
1512307797.36 3512.91479968 4500.0
1512307797.47 3503.93572636 4500.0
1512307797.56 3495.40560671 4500.0
1512307797.66 3487.30199304 4500.0
1512307797.76 3479.60356006 4500.0
1512307797.86 3472.29004872 4500.0
1512307797.96 3465.34221295 4500.0
1512307798.07 3458.74176897 4500.0
1512307798.17 3452.47134719 4500.0
1512307798.26 3446.5144465 4500.0
1512307798.37 3440.85539084 4500.0
1512307798.47 3435.47928796 4500.0
1512307798.56 3430.37199023 4500.0
1512307798.67 3425.52005739 4500.0
1512307798.77 3420.91072118 4500.0
1512307798.87 3416.53185179 4500.0
1512307798.97 3412.37192587 4500.0
1512307799.06 3408.41999624 4500.0
1512307799.16 3404.6656631 4500.0
1512307799.27 3401.09904661 4500.0
1512307799.37 3397.71076094 4500.0
1512307799.46 3394.49188956 4500.0
1512307799.58 3391.43396175 4500.0
1512307799.67 3388.52893033 4500.0
1512307799.77 3385.76915048 4500.0
1512307799.87 3383.14735962 4500.0
1512307799.98 3380.65665831 4500.0
1512307800.08 3378.29049206 4500.0
1512307800.18 3376.04263412 4500.0
1512307800.27 3373.90716908 4500.0
1512307800.38 3371.8784773 4500.0
1512307800.47 3369.9512201 4500.0
1512307800.57 3368.12032576 4500.0
1512307800.67 3366.38097614 4500.0
1512307800.77 3364.728594 4500.0
1512307800.87 3363.15883097 4500.0
1512307800.97 3361.66755608 4500.0
1512307801.07 3360.25084495 4500.0
1512307801.18 3358.90496937 4500.0
1512307801.26 3357.62638756 4500.0
1512307801.38 3356.41173485 4500.0
1512307801.47 3355.25781478 4500.0
1512307801.57 3354.1615907 4500.0
1512307801.66 3353.12017784 4500.0
1512307801.76 3352.13083561 4500.0
1512307801.87 3351.1909605 4500.0
1512307801.97 3350.29807914 4500.0
1512307802.07 3349.44984185 4500.0
1512307802.18 3348.64401642 4500.0
1512307802.27 3347.87848227 4500.0
1512307802.37 3347.15122482 4500.0
1512307802.46 3346.46033025 4500.0
1512307802.58 3345.8039804 4500.0
1512307802.68 3345.18044805 4500.0
1512307802.77 3344.58809231 4500.0
1512307802.88 3344.02535436 4500.0
1512307802.97 3343.49075331 4500.0
1512307803.07 3342.98288231 4500.0
1512307803.18 3342.50040486 4500.0
1512307803.27 3342.04205129 4500.0
1512307803.38 3341.60661539 4500.0
1512307803.48 3341.19295129 4500.0
1512307803.57 3340.79997039 4500.0
1512307803.67 3340.42663854 4500.0
15