1516083807.053246, 0, 0.000000
1516083807.153795, 1, 12112.000000
1516083807.254074, 0, 10900.799805
1516083807.354341, 0, 9810.719727
1516083807.454635, 6, 81501.648438
1516083807.554969, 38, 533607.500000
1516083807.655194, 37, 928390.750000
1516083807.755409, 37, 1283695.750000
1516083807.855710, 37, 1603470.250000
1516083807.955961, 38, 1903379.250000
1516083808.056175, 37, 2161185.250000
1516083808.156419, 37, 2393210.750000
1516083808.256669, 37, 2602033.750000
1516083808.357057, 37, 2789974.500000
1516083808.457252, 38, 2971233.000000
1516083808.557437, 37, 3122253.750000
1516083808.657700, 37, 3258172.500000
1516083808.757953, 37, 3380499.250000
1516083808.858148, 37, 3490593.250000
1516083808.958344, 37, 3589678.000000
1516083809.058628, 37, 3678854.250000
1516083809.158888, 37, 3759112.750000
1516083809.259241, 38, 3843457.500000
1516083809.359616, 37, 3907255.750000
1516083809.460026, 37, 3964674.250000
1516083809.560324, 37, 4016350.750000
1516083809.660650, 38, 4074971.750000
1516083809.760968, 37, 4115618.500000
1516083809.861239, 37, 4152200.750000
1516083809.961776, 37, 4185124.750000
1516083810.062238, 38, 4226868.500000
1516083810.162663, 37, 4252325.500000
1516083810.262851, 37, 4275237.000000
1516083810.363284, 37, 4295857.500000
1516083810.463629, 38, 4326528.000000
1516083810.564014, 37, 4342019.000000
1516083810.664429, 37, 4355961.000000
1516083810.764864, 38, 4380621.000000
1516083810.865318, 37, 4390703.000000
1516083810.965788, 37, 4399776.500000
1516083811.066147, 38, 4420055.000000
1516083811.166357, 37, 4426193.500000
1516083811.266561, 37, 4431718.000000
1516083811.367181, 37, 4436690.000000
1516083811.467541, 38, 4453277.000000
1516083811.567778, 37, 4456093.500000
1516083811.668070, 37, 4458628.000000
1516083811.768330, 38, 4473021.000000
1516083811.868735, 37, 4473863.000000
1516083811.969106, 37, 4474620.500000
1516083812.069647, 37, 4475302.500000
1516083812.170013, 38, 4488028.000000
1516083812.270352, 37, 4487369.000000
1516083812.370560, 37, 4486776.000000
1516083812.471170, 38, 4498354.500000
1516083812.571362, 37, 4496663.000000
1516083812.671872, 37, 4495140.500000
1516083812.772239, 37, 4493770.500000
1516083812.872626, 38, 4504649.500000
1516083812.972836, 37, 4502328.500000
1516083813.073000, 37, 4500239.500000
1516083813.173490, 37, 4498359.500000
1516083813.273816, 38, 4508779.500000
1516083813.374192, 37, 4506045.500000
1516083813.474679, 37, 4503585.000000
1516083813.574997, 38, 4513482.500000
1516083813.675393, 36, 4498166.000000
1516083813.775759, 37, 4496493.500000
1516083813.875911, 37, 4494988.000000
1516083813.976120, 36, 4481521.000000
1516083814.076275, 37, 4481513.000000
1516083814.176632, 37, 4481505.500000
1516083814.276987, 37, 4481499.000000
1516083814.377296, 38, 4493605.000000
1516083814.477652, 37, 4492388.500000
1516083814.577902, 37, 4491293.500000
1516083814.678112, 37, 4490308.000000
1516083814.778242, 38, 4501533.000000
1516083814.878413, 37, 4499523.500000
1516083814.978806, 37, 4497715.000000
1516083815.079025, 37, 4496087.500000
1516083815.179399, 38, 4506735.000000
1516083815.279582, 37, 4504205.500000
1516083815.379798, 37, 4501929.000000
1516083815.479986, 37, 4499880.000000
1516083815.580266, 37, 4498036.000000
1516083815.680604, 36, 4484264.500000
1516083815.780942, 37, 4483982.000000
1516083815.881156, 37, 4483728.000000
1516083815.981360, 37, 4483499.000000
1516083816.081517, 38, 4495405.000000
1516083816.181687, 37, 4494008.500000
1516083816.281868, 37, 4492751.500000
1516083816.382024, 37, 4491620.500000
1516083816.482206, 37, 4490602.500000
1516083816.582580, 38, 4501798.000000
1516083816.682805, 37, 4499762.000000
1516083816.782940, 37, 4497930.000000
1516083816.883135, 37, 4496281.000000
1516083816.983555, 37, 4494797.000000
1516083817.083759, 38, 4505573.500000
1516083817.183976, 37, 4503160.000000
1516083817.284178, 37, 4500988.000000
1516083817.384336, 38, 4511145.000000
1516083817.484507, 37, 4508174.500000
1516083817.584693, 37, 4505501.000000
1516083817.684868, 37, 4503095.000000
1516083817.785043, 37, 4500929.500000
1516083817.885212, 38, 4511092.500000
1516083817.985772, 37, 4508127.000000
1516083818.085998, 37, 4505458.500000
1516083818.186180, 37, 4503056.500000
1516083818.286390, 37, 4500895.000000
1516083818.386787, 37, 4498949.500000
1516083818.487006, 37, 4497198.500000
1516083818.587398, 37, 4495622.500000
1516083818.687582, 38, 4506316.000000
1516083818.787954, 37, 4503828.500000
1516083818.888143, 36, 4489477.500000
1516083818.988552, 37, 4488674.000000
1516083819.088885, 38, 4500062.500000
1516083819.189059, 37, 4498200.000000
1516083819.289243, 37, 4496524.000000
1516083819.389697, 37, 4495015.500000
1516083819.490043, 38, 4505770.000000
1516083819.590265, 37, 4503337.000000
1516083819.690423, 37, 4501147.500000
1516083819.790596, 37, 4499177.000000
1516083819.890805, 38, 4509515.500000
1516083819.991246, 37, 4506708.000000
1516083820.091516, 37, 4504181.000000
1516083820.191684, 37, 4501907.000000
1516083820.292033, 38, 4511972.500000
1516083820.392183, 37, 4508919.000000
1516083820.492362, 37, 4506171.000000
1516083820.592544, 37, 4503698.000000
1516083820.692728, 37, 4501472.000000
1516083820.792879, 38, 4511581.000000
1516083820.893048, 37, 4508567.000000
1516083820.993200, 37, 4505854.500000
1516083821.093365, 37, 4503413.000000
1516083821.193777, 37, 4501215.500000
1516083821.294114, 38, 4511350.000000
1516083821.394491, 37, 4508359.000000
1516083821.494725, 37, 4505667.000000
1516083821.594885, 38, 4515356.500000
1516083821.695055, 37, 4511965.000000
1516083821.795231, 37, 4508912.500000
1516083821.895410, 37, 4506165.000000
1516083821.995882, 37, 4503692.500000
1516083822.096087, 37, 4501467.000000
1516083822.196234, 37, 4499464.500000
1516083822.296416, 38, 4509774.000000
1516083822.396597, 37, 4506940.500000
1516083822.496793, 37, 4504390.500000
1516083822.596961, 37, 4502095.500000
1516083822.697115, 36, 4487918.000000
1516083822.797281, 37, 4487270.000000
1516083822.897470, 37, 4486687.000000
1516083822.997797, 38, 4498274.500000
1516083823.097975, 36, 4484479.000000
1516083823.198211, 37, 4484175.000000
1516083823.298446, 36, 4471789.500000
1516083823.398660, 37, 4472754.500000
1516083823.498824, 38, 4485735.000000
1516083823.599031, 37, 4485305.500000
1516083823.699208, 37, 4484919.000000
1516083823.799378, 37, 4484571.000000
1516083823.899554, 35, 4460034.000000
1516083823.999670, 38, 4474286.500000
1516083824.099878, 37, 4475002.000000
1516083824.200067, 37, 4475646.000000
1516083824.300235, 36, 4464113.500000
1516083824.400337, 37, 4465846.000000
1516083824.500722, 37, 4467405.500000
1516083824.601117, 38, 4480921.000000
1516083824.701454, 34, 4444637.000000
1516083824.801857, 37, 4448317.500000
1516083824.902048, 37, 4451630.000000
1516083825.002469, 38, 4466723.000000
1516083825.102926, 36, 4456082.500000
1516083825.203304, 37, 4458618.000000
1516083825.303849, 38, 4473012.000000
1516083825.404198, 37, 4473855.000000
1516083825.504621, 37, 4474613.500000
1516083825.604928, 36, 4463184.000000
1516083825.705340, 38, 4477121.500000
1516083825.805765, 36, 4465441.500000
1516083825.906199, 37, 4467041.500000
1516083826.006476, 37, 4468481.500000
1516083826.106618, 37, 4469777.500000
1516083826.207073, 37, 4470944.000000
1516083826.307445, 37, 4471993.500000
1516083826.407672, 21, 4279146.000000
1516083826.508096, 21, 4105583.500000
1516083826.608517, 20, 3937265.250000
1516083826.708914, 40, 4028018.750000
1516083826.809336, 10, 3746337.000000
1516083826.909727, 5, 3432263.250000
1516083827.010121, 21, 3343389.000000
1516083827.110708, 34, 3420858.000000
1516083827.211169, 24, 3369460.250000
1516083827.311549, 0, 3032514.250000
1516083827.411993, 17, 2935166.750000
1516083827.512330, 27, 2968674.000000
1516083827.612695, 27, 2998830.500000
1516083827.713079, 10, 2820067.500000
1516083827.813462, 16, 2731852.750000
1516083827.913675, 24, 2749355.500000
1516083828.014113, 26, 2789332.000000
1516083828.114599, 17, 2716302.750000
1516083828.214936, 23, 2723248.500000
1516083828.315279, 23, 2729499.750000
1516083828.415701, 24, 2747237.750000
1516083828.516527, 25, 2775314.000000
1516083828.616767, 24, 2788470.500000
1516083828.717115, 25, 2812423.500000
1516083828.817314, 25, 2833981.250000
1516083828.917828, 23, 2829159.000000
1516083829.018024, 25, 2849043.000000
1516083829.118183, 21, 2818490.750000
1516083829.218356, 22, 2803105.750000
1516083829.318611, 24, 2813483.250000
1516083829.419067, 23, 2810711.000000
1516083829.519469, 23, 2808216.000000
1516083829.619945, 23, 2805970.500000
1516083829.720109, 22, 2791837.500000
1516083829.820453, 22, 2779117.750000
1516083829.920782, 23, 2779782.000000
1516083830.020951, 23, 2780379.750000
1516083830.121390, 22, 2768805.750000
1516083830.221624, 20, 2734165.250000
1516083830.321777, 22, 2727212.750000
1516083830.422262, 22, 2720955.500000
1516083830.522440, 21, 2703212.000000
1516083830.622601, 23, 2711466.750000
1516083830.722786, 20, 2682560.000000
1516083830.822981, 19, 2644432.000000
1516083830.923440, 21, 2634340.750000
1516083831.023922, 22, 2637370.750000
1516083831.124112, 21, 2627985.750000
1516083831.224262, 22, 2631651.250000
1516083831.324423, 21, 2622838.000000
1516083831.424951, 20, 2602794.250000
1516083831.525306, 20, 2584754.750000
1516083831.625791, 21, 2580631.250000
1516083831.726289, 22, 2589032.000000
1516083831.826753, 21, 2584480.750000
1516083831.926962, 21, 2580384.750000
1516083832.027141, 19, 2552474.250000
1516083832.127331, 20, 2539466.750000
1516083832.227559, 20, 2527760.000000
1516083832.327743, 22, 2541448.000000
1516083832.428152, 21, 2541655.250000
1516083832.528394, 21, 2541841.750000
1516083832.628554, 19, 2517785.500000
1516083832.728720, 22, 2532471.000000
1516083832.828899, 21, 2533576.000000
1516083832.929195, 21, 2534570.500000
1516083833.029711, 20, 2523353.500000
1516083833.129921, 21, 2525370.250000
1516083833.230329, 20, 2515073.250000
1516083833.330591, 21, 2517918.000000
1516083833.430833, 21, 2520478.250000
1516083833.531060, 21, 2522782.500000
1516083833.631247, 21, 2524856.250000
1516083833.731457, 17, 2478274.500000
1516083833.831629, 20, 2472687.000000
1516083833.932135, 20, 2467658.250000
1516083834.032453, 21, 2475244.500000
1516083834.132793, 21, 2482072.000000
1516083834.233135, 21, 2488216.750000
1516083834.333369, 19, 2469523.000000
1516083834.433783, 18, 2440586.750000
1516083834.534274, 20, 2438768.000000
1516083834.634481, 22, 2461355.250000
1516083834.734679, 20, 2457459.750000
1516083834.834886, 20, 2453953.750000
1516083834.935044, 20, 2450798.500000
1516083835.035240, 20, 2447958.750000
1516083835.135436, 21, 2457515.000000
1516083835.235604, 21, 2466115.500000
1516083835.336184, 21, 2473856.000000
1516083835.436613, 19, 2456598.500000
1516083835.536824, 17, 2416842.750000
1516083835.636998, 19, 2405286.500000
1516083835.737182, 20, 2406997.750000
1516083835.837340, 21, 2420650.000000
1516083835.937543, 20, 2420825.000000
1516083836.037944, 21, 2433094.500000
1516083836.138379, 21, 2444137.000000
1516083836.238600, 20, 2441963.250000
1516083836.338795, 21, 2452119.000000
1516083836.438948, 21, 2461259.000000
1516083836.539152, 20, 2457373.000000
1516083836.639353, 17, 2417539.750000
1516083836.739529, 21, 2430137.750000
1516083836.839696, 20, 2429364.000000
1516083836.939814, 21, 2440779.500000
1516083837.039969, 20, 2438941.500000
1516083837.140161, 20, 2437287.250000
1516083837.240319, 20, 2435798.500000
1516083837.340513, 21, 2446570.750000
1516083837.440708, 21, 2456265.750000
1516083837.540912, 20, 2452879.250000
1516083837.641100, 22, 2474055.250000
1516083837.741293, 13, 2384105.750000
1516083837.841470, 18, 2363711.250000
1516083837.941653, 20, 2369580.000000
1516083838.041842, 20, 2374862.000000
1516083838.142363, 21, 2391727.750000
1516083838.242582, 20, 2394795.000000
1516083838.342818, 21, 2409667.500000
1516083838.442993, 20, 2410940.750000
1516083838.543185, 20, 2412086.750000
1516083838.643401, 20, 2413118.000000
1516083838.743590, 21, 2426158.250000
1516083838.843754, 21, 2437894.500000
1516083838.943928, 21, 2448457.000000
1516083839.044096, 20, 2445851.250000
1516083839.144290, 21, 2455618.000000
1516083839.244671, 20, 2452296.250000
1516083839.344944, 21, 2461418.500000
1516083839.445123, 21, 2469628.750000
1516083839.545294, 20, 2464906.000000
1516083839.645607, 20, 2460655.500000
1516083839.745795, 21, 2468942.000000
1516083839.845991, 21, 2476399.750000
1516083839.946135, 21, 2483111.750000
1516083840.046345, 20, 2477040.500000
1516083840.146496, 20, 2471576.500000
1516083840.246660, 19, 2454546.750000
1516083840.346834, 21, 2463444.000000
1516083840.446980, 20, 2459339.500000
1516083840.547061, 22, 2479869.500000
1516083840.647266, 19, 2462010.500000
1516083840.747804, 18, 2433825.500000
1516083840.848027, 20, 2432683.000000
1516083840.948232, 21, 2443766.750000
1516083841.048414, 21, 2453742.000000
1516083841.148492, 21, 2462719.750000
1516083841.248668, 21, 2470799.750000
1516083841.348994, 20, 2465959.750000
1516083841.449380, 20, 2461603.750000
1516083841.549813, 21, 2469795.500000
1516083841.650071, 20, 2465056.000000
1516083841.750491, 21, 2472902.500000
1516083841.850640, 19, 2455740.250000
1516083841.950989, 18, 2428182.250000
1516083842.051427, 20, 2427604.000000
1516083842.151807, 20, 2427083.500000
1516083842.252426, 21, 2438727.250000
1516083842.352634, 21, 2449206.500000
1516083842.453089, 20, 2446525.750000
1516083842.553311, 17, 2407777.250000
1516083842.653955, 19, 2397127.500000
1516083842.754574, 21, 2411766.750000
1516083842.854945, 20, 2412830.000000
1516083842.955160, 21, 2425899.000000
1516083843.055566, 20, 2425549.000000
1516083843.155824, 21, 2437346.000000
1516083843.255969, 21, 2447963.500000
1516083843.356150, 20, 2445407.250000
1516083843.456508, 21, 2455218.500000
1516083843.556894, 21, 2464048.750000
1516083843.657039, 18, 2435660.000000
1516083843.757192, 20, 2434334.000000
1516083843.857398, 20, 2433140.500000
1516083843.957592, 21, 2444178.500000
1516083844.057800, 21, 2454112.750000
1516083844.157995, 20, 2450941.500000
1516083844.258171, 19, 2435975.250000
1516083844.358342, 20, 2434617.750000
1516083844.458527, 21, 2445508.000000
1516083844.558737, 20, 2443197.250000
1516083844.658901, 21, 2453229.500000
1516083844.759278, 21, 2462258.500000
1516083844.859536, 17, 2421936.750000
1516083844.959693, 21, 2434095.000000
1516083845.059908, 20, 2432925.500000
1516083845.160105, 21, 2443985.000000
1516083845.260321, 21, 2453938.500000
1516083845.360482, 20, 2450784.750000
1516083845.460659, 20, 2447946.250000
1516083845.560836, 21, 2457503.500000
1516083845.661024, 20, 2453993.250000
1516083845.761237, 21, 2462946.000000
1516083845.861450, 21, 2471003.500000
1516083845.961668, 20, 2466143.250000
1516083846.061871, 21, 2473881.000000
1516083846.162031, 21, 2480845.000000
1516083846.262242, 20, 2475000.500000
1516083846.362452, 21, 2481852.500000
1516083846.462651, 21, 2488019.250000
1516083846.562866, 20, 2481457.250000
1516083846.663070, 21, 2487663.500000
1516083846.763265, 20, 2481137.250000
1516083846.863477, 21, 2487375.500000
1516083846.963694, 21, 2492990.000000
1516083847.063860, 21, 2498043.000000
1516083847.164023, 21, 2502590.750000
1516083847.264174, 20, 2494571.750000
1516083847.364353, 21, 2499466.500000
1516083847.464497, 21, 2503871.750000
1516083847.564669, 20, 2495724.500000
1516083847.664847, 21, 2500504.000000
1516083847.765057, 19, 2480581.500000
1516083847.865264, 20, 2474763.250000
1516083847.965420, 21, 2481639.000000
1516083848.065596, 21, 2487827.000000
1516083848.165763, 21, 2493396.250000
1516083848.265916, 19, 2474184.500000
1516083848.366105, 18, 2444782.000000
1516083848.466309, 20, 2442543.750000
1516083848.566475, 21, 2452641.500000
1516083848.666616, 21, 2461729.250000
1516083848.767052, 20, 2457796.250000
1516083848.867252, 22, 2478480.500000
1516083848.967443, 21, 2484984.500000
1516083849.067671, 20, 2478726.000000
1516083849.167908, 22, 2497317.500000
1516083849.268351, 20, 2489825.750000
1516083849.368587, 16, 2434635.250000
1516083849.468791, 20, 2433411.750000
1516083849.569003, 21, 2444422.500000
1516083849.669362, 21, 2454332.250000
1516083849.770127, 20, 2451139.000000
1516083849.870381, 21, 2460377.000000
1516083849.970833, 21, 2468691.250000
1516083850.071778, 22, 2488286.000000
1516083850.172026, 20, 2481697.500000
1516083850.272226, 20, 2475767.750000
1516083850.372566, 20, 2470431.000000
1516083850.473123, 21, 2477740.000000
1516083850.573357, 21, 2484318.000000
1516083850.673597, 20, 2478126.250000
1516083850.774251, 22, 2496777.500000
1516083850.874768, 19, 2477227.750000
1516083850.975327, 21, 2483857.000000
1516083851.075566, 21, 2489823.250000
1516083851.175743, 20, 2483081.000000
1516083851.276135, 21, 2489125.000000
1516083851.376519, 17, 2446116.500000
1516083851.476968, 20, 2443744.750000
1516083851.577202, 21, 2453722.250000
1516083851.677751, 20, 2450590.000000
1516083851.778083, 21, 2459883.000000
1516083851.878441, 21, 2468246.750000
1516083851.978648, 16, 2415214.000000
1516083852.078799, 18, 2391708.500000
1516083852.179171, 20, 2394777.750000
1516083852.279553, 21, 2409652.000000
1516083852.380107, 21, 2423038.750000
1516083852.480285, 20, 2422975.000000
1516083852.580712, 20, 2422917.500000
1516083852.681138, 19, 2410753.750000
1516083852.781498, 21, 2424030.500000
1516083852.881764, 20, 2423867.500000
1516083852.982197, 21, 2435832.750000
1516083853.082416, 20, 2434489.500000
1516083853.182856, 21, 2445392.500000
1516083853.283207, 19, 2430981.250000
1516083853.383442, 21, 2442235.000000
1516083853.483615, 20, 2440251.500000
1516083853.583839, 20, 2438466.250000
1516083853.684275, 21, 2448971.500000
1516083853.784471, 20, 2446314.250000
1516083853.884576, 21, 2456034.750000
1516083853.984792, 20, 2452671.250000
1516083854.085007, 21, 2461756.000000
1516083854.185228, 21, 2469932.500000
1516083854.285472, 16, 2416731.250000
1516083854.385808, 19, 2405186.000000
1516083854.485995, 21, 2419019.500000
1516083854.586355, 20, 2419357.500000
1516083854.686807, 21, 2431773.750000
1516083854.787015, 21, 2442948.500000
1516083854.887448, 20, 2440893.750000
1516083854.987702, 14, 2366372.500000
1516083855.087897, 20, 2371975.250000
1516083855.188064, 21, 2389129.750000
1516083855.288562, 20, 2392456.750000
1516083855.388932, 20, 2395451.000000
1516083855.489324, 21, 2410258.000000
1516083855.589823, 20, 2411472.250000
1516083855.690389, 21, 2424677.000000
1516083855.790627, 20, 2424449.250000
1516083855.891086, 21, 2436356.250000
1516083855.991540, 20, 2434960.500000
1516083856.091713, 18, 2409480.500000
1516083856.192089, 20, 2410772.500000
1516083856.292414, 20, 2411935.250000
1516083856.392916, 21, 2425093.750000
1516083856.493061, 20, 2424824.500000
1516083856.593445, 20, 2424582.000000
1516083856.693804, 20, 2424363.750000
1516083856.794156, 20, 2424167.500000
1516083856.894484, 21, 2436102.750000
1516083856.994848, 20, 2434732.500000
1516083857.095081, 20, 2433499.250000
1516083857.195225, 22, 2456613.250000
1516083857.295826, 14, 2380520.000000
1516083857.396215, 18, 2360484.000000
1516083857.496415, 20, 2366675.500000
1516083857.596586, 20, 2372248.000000
1516083857.697057, 21, 2389375.250000
1516083857.797287, 21, 2404789.750000
1516083857.897474, 20, 2406550.750000
1516083857.997665, 21, 2420247.750000
1516083858.098084, 15, 2359903.000000
1516083858.198283, 19, 2354040.750000
1516083858.298451, 20, 2360876.750000
1516083858.398658, 20, 2367029.000000
1516083858.498859, 21, 2384678.000000
1516083858.599048, 20, 2388450.250000
1516083858.699272, 21, 2403957.250000
1516083858.799508, 14, 2333129.500000
1516083858.899960, 17, 2305720.500000
1516083859.000334, 19, 2305276.500000
1516083859.100527, 20, 2316988.750000
1516083859.200910, 20, 2327530.000000
1516083859.301133, 20, 2337017.000000
1516083859.401322, 21, 2357667.250000
1516083859.501784, 21, 2376252.500000
1516083859.602005, 20, 2380867.250000
1516083859.702175, 19, 2372908.500000
1516083859.802595, 21, 2389969.750000
1516083859.902784, 20, 2393212.750000
1516083860.003235, 20, 2396131.500000
1516083860.103694, 21, 2410870.250000
1516083860.203919, 16, 2363575.250000
1516083860.304269, 19, 2357345.750000
1516083860.404655, 19, 2351739.250000
1516083860.504909, 21, 2370917.250000
1516083860.605085, 21, 2388177.500000
1516083860.705300, 20, 2391599.750000
1516083860.805496, 21, 2406791.750000
1516083860.905710, 18, 2384128.500000
1516083861.005833, 20, 2387955.750000
1516083861.106045, 21, 2403512.250000
1516083861.206284, 21, 2417513.000000
1516083861.306556, 20, 2418001.750000
1516083861.406800, 19, 2406329.500000
1516083861.507408, 18, 2383712.500000
1516083861.607610, 21, 2399693.250000
1516083861.707815, 20, 2401964.000000
1516083861.807981, 21, 2416119.500000
1516083861.908492, 21, 2428859.500000
1516083862.008816, 20, 2428213.500000
1516083862.109040, 19, 2415520.250000
1516083862.209239, 21, 2428320.250000
1516083862.309420, 20, 2427728.250000
1516083862.409634, 20, 2427195.500000
1516083862.509850, 22, 2450940.000000
1516083862.610053, 16, 2399638.000000
1516083862.710178, 20, 2401914.250000
1516083862.810716, 21, 2416074.750000
1516083862.910906, 21, 2428819.250000
1516083863.011151, 20, 2428177.250000
1516083863.111336, 21, 2439711.500000
1516083863.211790, 15, 2377420.250000
1516083863.312151, 20, 2381918.250000
1516083863.412523, 20, 2385966.500000
1516083863.513089, 21, 2401721.750000
1516083863.613328, 20, 2403789.500000
1516083863.713577, 21, 2417762.500000
1516083863.813771, 15, 2357666.250000
1516083863.914013, 19, 2352027.500000
1516083864.014214, 21, 2371176.750000
1516083864.114733, 20, 2376299.000000
1516083864.215222, 21, 2393021.000000
1516083864.315643, 20, 2395959.000000
1516083864.416162, 20, 2398603.000000
1516083864.516663, 19, 2388870.750000
1516083864.617041, 21, 2404335.750000
1516083864.717413, 20, 2406142.250000
1516083864.817614, 21, 2419880.000000
1516083864.918099, 18, 2395908.000000
1516083865.018580, 15, 2337997.250000
1516083865.119014, 15, 2285877.500000
1516083865.219430, 15, 2238969.750000
1516083865.319620, 16, 2208864.750000
1516083865.419847, 16, 2181770.250000
1516083865.520304, 17, 2169497.250000
1516083865.620551, 5, 2013107.500000
1516083865.720785, 0, 1811796.750000
1516083865.821019, 3, 1666953.125000
1516083865.921245, 5, 1560817.750000
1516083866.021522, 5, 1465296.000000
1516083866.121768, 6, 1391438.375000
1516083866.222141, 6, 1324966.500000
1516083866.322364, 7, 1277253.875000
1516083866.422585, 7, 1234312.500000
1516083866.522822, 7, 1195665.250000
1516083866.623014, 9, 1185106.750000
1516083866.723233, 9, 1175604.125000
1516083866.823476, 9, 1167051.750000
1516083866.923698, 10, 1171466.625000
1516083867.023954, 10, 1175440.000000
1516083867.124155, 12, 1203240.000000
1516083867.224313, 12, 1228260.000000
1516083867.324420, 12, 1250778.000000
1516083867.424670, 13, 1283156.250000
1516083867.524852, 14, 1324408.625000
1516083867.625043, 12, 1337311.750000
1516083867.725277, 13, 1361036.625000
1516083867.825486, 14, 1394501.000000
1516083867.926014, 13, 1412506.875000
1516083868.026510, 13, 1428712.250000
1516083868.127010, 10, 1406961.000000
1516083868.227169, 4, 1314712.875000
1516083868.327437, 9, 1292249.625000
1516083868.427987, 9, 1272032.625000
1516083868.528560, 8, 1241725.375000
1516083868.628765, 10, 1238672.875000
1516083868.728890, 10, 1235925.625000
1516083868.829497, 12, 1257677.000000
1516083868.929662, 14, 1301477.250000
1516083869.029830, 14, 1340897.500000
1516083869.130001, 14, 1376375.750000
1516083869.230144, 14, 1408306.125000
1516083869.330257, 14, 1437043.500000
1516083869.430756, 13, 1450795.125000
1516083869.530898, 15, 1487395.625000
1516083869.631039, 11, 1471888.000000
1516083869.731210, 2, 1348923.250000
1516083869.831354, 7, 1298814.875000
1516083869.932171, 8, 1265829.375000
1516083870.032635, 8, 1236142.500000
1516083870.132808, 9, 1221536.250000
1516083870.233248, 10, 1220502.625000
1516083870.333761, 10, 1219572.375000
1516083870.434211, 11, 1230847.125000
1516083870.534511, 11, 1240994.375000
1516083870.634902, 12, 1262239.000000
1516083870.735305, 13, 1293471.125000
1516083870.835760, 13, 1321580.000000
1516083870.936194, 13, 1346878.000000
1516083871.036405, 13, 1369646.250000
1516083871.136838, 12, 1378025.625000
1516083871.237202, 14, 1409791.000000
1516083871.337601, 13, 1426267.875000
1516083871.437798, 11, 1416873.125000
1516083871.537900, 5, 1335745.750000
1516083871.638027, 10, 1323291.125000
1516083871.738137, 9, 1299970.000000
1516083871.839705, 11, 1303205.000000
1516083871.940169, 10, 1294004.500000
1516083872.040616, 12, 1309948.000000
1516083872.140982, 12, 1324297.250000
1516083872.241481, 13, 1349323.500000
1516083872.341668, 13, 1371847.125000
1516083872.441761, 12, 1380006.375000
1516083872.541870, 13, 1399461.750000
1516083872.641968, 12, 1404859.625000
1516083872.742509, 14, 1433941.625000
1516083872.842975, 14, 1460115.500000
1516083872.943359, 14, 1483672.000000
1516083873.043679, 0, 1335304.750000
1516083873.144112, 9, 1310782.250000
1516083873.244556, 8, 1276600.000000
1516083873.345001, 7, 1233724.000000
1516083873.445440, 9, 1219359.625000
1516083873.545860, 10, 1218543.625000
1516083873.646030, 12, 1242033.250000
1516083873.746167, 13, 1275285.875000
1516083873.846580, 14, 1317325.250000
1516083873.946795, 12, 1330936.750000
1516083874.046951, 13, 1355299.125000
1516083874.147038, 13, 1377225.250000
1516083874.247505, 14, 1409070.750000
1516083874.347986, 12, 1413507.625000
1516083874.448432, 5, 1332716.875000
1516083874.548631, 8, 1296341.250000
1516083874.648713, 9, 1275715.125000
1516083874.748816, 9, 1257151.625000
1516083874.848930, 11, 1264668.500000
1516083874.949022, 10, 1259321.625000
1516083875.049130, 11, 1266621.500000
1516083875.149248, 12, 1285303.375000
1516083875.249393, 13, 1314229.000000
1516083875.349814, 12, 1328150.125000
1516083875.449979, 14, 1364903.125000
1516083875.550126, 12, 1373756.750000
1516083875.650646, 12, 1381725.125000
1516083875.751064, 13, 1401008.625000
1516083875.851263, 14, 1430475.750000
1516083875.951363, 9, 1396436.125000
1516083876.051791, 4, 1305240.500000
1516083876.152094, 7, 1259500.500000
1516083876.252413, 8, 1230446.500000
1516083876.352613, 9, 1216409.875000
1516083876.452975, 10, 1215888.875000
1516083876.553363, 9, 1203308.000000
1516083876.653721, 11, 1216209.250000
1516083876.754093, 12, 1239932.375000
1516083876.854417, 12, 1261283.125000
1516083876.954807, 12, 1280498.750000
1516083877.055248, 12, 1297792.875000
1516083877.155749, 13, 1325469.625000
1516083877.256181, 12, 1338266.625000
1516083877.356367, 13, 1361896.000000
1516083877.456439, 14, 1395274.375000
1516083877.556597, 12, 1401091.000000
1516083877.656697, 13, 1418437.875000
1516083877.756786, 7, 1361378.125000
1516083877.856880, 6, 1297912.250000
1516083877.957171, 7, 1252905.000000
1516083878.057729, 7, 1212398.500000
1516083878.157835, 9, 1200166.625000
1516083878.257941, 9, 1189158.000000
1516083878.358026, 9, 1179250.250000
1516083878.458494, 10, 1182445.250000
1516083878.558620, 10, 1185320.750000
1516083878.658709, 12, 1212132.625000
1516083878.758810, 12, 1236263.375000
1516083878.858897, 13, 1270093.000000
1516083878.958983, 13, 1300539.750000
1516083879.059079, 13, 1327941.750000
1516083879.159162, 13, 1352603.625000
1516083879.259266, 12, 1362687.250000
1516083879.359685, 13, 1383874.500000
1516083879.460093, 7, 1330271.000000
1516083879.560459, 5, 1257803.875000
1516083879.660711, 9, 1241031.500000
1516083879.760803, 10, 1238048.375000
1516083879.861003, 10, 1235363.500000
1516083879.961597, 10, 1232947.125000
1516083880.061729, 12, 1254996.375000
1516083880.161834, 12, 1274840.750000
1516083880.262378, 12, 1292700.625000
1516083880.362756, 12, 1308774.500000
1516083880.463155, 13, 1335353.000000
1516083880.563334, 13, 1359273.750000
1516083880.663872, 12, 1368690.375000
1516083880.764097, 13, 1389277.375000
1516083880.864767, 12, 1395693.625000
1516083880.965112, 5, 1316684.250000
1516083881.065307, 7, 1269799.875000
1516083881.165418, 10, 1263939.875000
1516083881.265751, 10, 1258665.875000
1516083881.366117, 11, 1266031.250000
1516083881.466489, 11, 1272660.125000
1516083881.566637, 11, 1278626.125000
1516083881.666722, 13, 1308219.500000
1516083881.766832, 12, 1322741.500000
1516083881.866915, 13, 1347923.375000
1516083881.966993, 12, 1358475.000000
1516083882.067103, 12, 1367971.500000
1516083882.167191, 12, 1376518.375000
1516083882.267529, 13, 1396322.500000
1516083882.367966, 12, 1402034.250000
1516083882.468305, 10, 1382950.875000
1516083882.568725, 3, 1280991.750000
1516083882.669197, 6, 1225564.625000
1516083882.769654, 6, 1175680.125000
1516083882.870035, 6, 1130784.125000
1516083882.970409, 6, 1090377.750000
1516083883.070759, 8, 1078236.000000
1516083883.170943, 9, 1079420.375000
1516083883.271066, 8, 1068374.375000
1516083883.371173, 10, 1082657.000000
1516083883.471275, 11, 1107623.250000
1516083883.571662, 11, 1130092.875000
1516083883.672155, 11, 1150315.625000
1516083883.772352, 12, 1180628.000000
1516083883.873363, 13, 1220021.250000
1516083883.973478, 12, 1243363.125000
1516083884.073596, 12, 1264370.750000
1516083884.173706, 12, 1283277.625000
1516083884.273823, 13, 1312405.875000
1516083884.374255, 12, 1326509.250000
1516083884.474580, 8, 1290754.375000
1516083884.574928, 6, 1234351.000000
1516083884.675304, 8, 1207811.875000
1516083884.775412, 10, 1208150.750000
1516083884.875491, 9, 1196343.625000
1516083884.975566, 11, 1209941.250000
1516083885.075636, 11, 1222179.125000
1516083885.175710, 11, 1233193.250000
1516083885.275801, 12, 1255217.875000
1516083885.375853, 13, 1287152.125000
1516083885.475929, 12, 1303780.875000
1516083885.576003, 12, 1318746.750000
1516083885.676081, 12, 1332216.125000
1516083885.776150, 14, 1368562.500000
1516083885.876229, 12, 1377050.250000
1516083885.976583, 8, 1336241.250000
1516083886.076982, 5, 1263177.125000
1516083886.177208, 8, 1233755.375000
1516083886.277694, 9, 1219387.875000
1516083886.377865, 9, 1206457.125000
1516083886.477956, 10, 1206931.375000
1516083886.578048, 10, 1207358.250000
1516083886.678251, 12, 1231966.375000
1516083886.778469, 13, 1266225.750000
1516083886.878614, 14, 1309171.125000
1516083886.978783, 13, 1335710.000000
1516083887.078911, 14, 1371707.000000
1516083887.178992, 13, 1391992.250000
1516083887.279089, 13, 1410249.000000
1516083887.379203, 14, 1438792.125000
1516083887.479299, 13, 1452368.875000
1516083887.579394, 8, 1404028.000000
1516083887.679493, 1, 1275737.250000
1516083887.779584, 6, 1220835.500000
1516083887.879804, 7, 1183536.000000
1516083887.980016, 8, 1162078.375000
1516083888.080126, 9, 1154878.500000
1516083888.180340, 9, 1148398.625000
1516083888.280438, 10, 1154678.750000
1516083888.380549, 10, 1160330.875000
1516083888.480645, 10, 1165417.750000
1516083888.580820, 12, 1194220.000000
1516083888.681065, 12, 1220142.000000
1516083888.781155, 13, 1255583.750000
1516083888.881323, 13, 1287481.375000
1516083888.981532, 12, 1304077.250000
1516083889.081774, 13, 1331125.500000
1516083889.181881, 13, 1355469.000000
1516083889.281971, 13, 1377378.125000
1516083889.382059, 12, 1384984.250000
1516083889.482204, 8, 1343381.875000
1516083889.582633, 5, 1269603.750000
1516083889.683030, 9, 1251651.375000
1516083889.783388, 8, 1223382.250000
1516083889.883626, 10, 1222164.000000
1516083889.983742, 11, 1233179.625000
1516083890.083852, 11, 1243093.625000
1516083890.183962, 11, 1252016.250000
1516083890.284069, 12, 1272158.625000
1516083890.384250, 13, 1302398.750000
1516083890.484422, 12, 1317502.875000
1516083890.584595, 13, 1343208.625000
1516083890.684790, 13, 1366343.750000
1516083890.785069, 12, 1375053.375000
1516083890.885272, 13, 1395004.000000
1516083890.985443, 12, 1400847.625000
1516083891.085626, 4, 1309210.875000
1516083891.185810, 6, 1250961.750000
1516083891.286003, 8, 1222761.625000
1516083891.386207, 9, 1209493.500000
1516083891.486401, 9, 1197552.125000
1516083891.586594, 12, 1223140.875000
1516083891.686795, 13, 1258282.750000
1516083891.787282, 12, 1277798.500000
1516083891.887512, 14, 1319586.625000
1516083891.987622, 14, 1357196.000000
1516083892.088103, 13, 1378932.375000
1516083892.188246, 14, 1410607.125000
1516083892.288772, 13, 1427002.375000
1516083892.389082, 14, 1453870.125000
1516083892.489501, 14, 1478051.125000
1516083892.589983, 9, 1439254.000000
1516083892.690445, 0, 1295328.625000
1516083892.790764, 3, 1202131.750000
1516083892.891256, 6, 1154590.625000
1516083892.991370, 7, 1123915.500000
1516083893.091521, 6, 1084196.000000
1516083893.191620, 7, 1060560.375000
1516083893.291789, 8, 1051400.375000
1516083893.391870, 8, 1043156.312500
1516083893.491949, 9, 1047848.687500
1516083893.592124, 9, 1052071.875000
1516083893.692632, 10, 1067984.750000
1516083893.793145, 11, 1094418.250000
1516083893.893490, 11, 1118208.375000
1516083893.993692, 11, 1139619.500000
1516083894.093998, 11, 1158889.500000
1516083894.194360, 11, 1176232.500000
1516083894.294822, 12, 1203953.250000
1516083894.394983, 12, 1228901.875000
1516083894.495311, 12, 1251355.750000
1516083894.595484, 7, 1211004.125000
1516083894.695583, 5, 1150463.750000
1516083894.795674, 8, 1132313.375000
1516083894.895806, 9, 1128090.000000
1516083894.995892, 9, 1124289.000000
1516083895.096048, 10, 1132980.125000
1516083895.196133, 11, 1152914.125000
1516083895.296539, 10, 1158742.750000
1516083895.396717, 12, 1188212.500000
1516083895.497091, 12, 1214735.250000
1516083895.597222, 12, 1238605.750000
1516083895.697580, 11, 1247977.125000
1516083895.797721, 13, 1280635.375000
1516083895.898136, 12, 1297915.875000
1516083895.998286, 14, 1337692.250000
1516083896.098376, 7, 1288707.000000
1516083896.198460, 0, 1159836.250000
1516083896.298867, 6, 1116524.625000
1516083896.399036, 7, 1089656.125000
1516083896.499198, 6, 1053362.500000
1516083896.599378, 7, 1032810.250000
1516083896.699540, 7, 1014313.250000
1516083896.799697, 8, 1009777.937500
1516083896.899874, 8, 1005696.125000
1516083897.000056, 9, 1014134.500000
1516083897.100221, 10, 1033841.062500
1516083897.200396, 10, 1051577.000000
1516083897.300621, 10, 1067539.250000
1516083897.400778, 11, 1094017.375000
1516083897.500884, 10, 1105735.625000
1516083897.600992, 11, 1128394.000000
1516083897.701178, 12, 1160898.625000
1516083897.801549, 11, 1178040.750000
1516083897.901834, 3, 1096572.625000
1516083898.002212, 6, 1059587.375000
1516083898.102521, 7, 1038412.625000
1516083898.202943, 8, 1031467.375000
1516083898.303378, 8, 1025216.625000
1516083898.403854, 9, 1031702.937500
1516083898.504367, 10, 1049652.625000
1516083898.604584, 10, 1065807.375000
1516083898.704920, 10, 1080346.625000
1516083898.805413, 12, 1117656.000000
1516083898.905846, 11, 1139122.375000
1516083899.006015, 12, 1170554.125000
1516083899.106981, 12, 1198842.750000
1516083899.207445, 11, 1212190.500000
1516083899.307599, 13, 1248427.500000
1516083899.407754, 12, 1268928.750000
1516083899.508446, 6, 1214707.875000
1516083899.609134, 6, 1165909.125000
1516083899.709571, 8, 1146214.250000
1516083899.809931, 8, 1128488.875000
1516083899.910328, 9, 1124648.000000
1516083900.010477, 9, 1121191.250000
1516083900.110914, 9, 1118080.125000
1516083900.211074, 10, 1127392.125000
1516083900.311283, 11, 1147884.875000
1516083900.411374, 12, 1178440.375000
1516083900.511485, 11, 1193828.375000
1516083900.611680, 12, 1219789.500000
1516083900.712093, 12, 1243154.500000
1516083900.812310, 12, 1264183.000000
1516083900.912430, 12, 1283108.750000
1516083901.012519, 13, 1312253.875000
1516083901.112607, 10, 1302148.500000
1516083901.212785, 4, 1220381.625000
1516083901.313165, 6, 1171015.500000
1516083901.413374, 8, 1150810.000000
1516083901.513576, 8, 1132625.000000
1516083901.613686, 10, 1140482.500000
1516083901.714069, 9, 1135442.250000
1516083901.814509, 11, 1155130.000000
1516083901.914871, 10, 1160737.000000
1516083902.015341, 12, 1190007.250000
1516083902.115908, 12, 1216350.500000
1516083902.216328, 12, 1240059.500000
1516083902.316827, 12, 1261397.500000
1516083902.417211, 12, 1280601.750000
1516083902.517525, 12, 1297885.625000
1516083902.617647, 14, 1337665.000000
1516083902.717806, 12, 1349242.500000
1516083902.817976, 5, 1274878.250000
1516083902.918339, 7, 1232174.375000
1516083903.018559, 9, 1217965.000000
1516083903.118897, 10, 1217288.500000
1516083903.219033, 10, 1216679.625000
1516083903.322792, 10, 1216131.625000
1516083903.422955, 12, 1239862.500000
1516083903.523048, 12, 1261220.250000
1516083903.623163, 12, 1280442.250000
1516083903.723238, 14, 1321966.000000
1516083903.823338, 15, 1371449.375000
1516083903.923468, 18, 1452320.500000
1516083904.023608, 19, 1537216.500000
1516083904.123704, 21, 1637846.875000
1516083904.224000, 19, 1704190.250000
1516083904.324110, 21, 1788123.250000
1516083904.424310, 20, 1851550.875000
1516083904.524421, 16, 1860187.750000
1516083904.624622, 0, 1674169.000000
1516083904.724715, 13, 1664208.125000
1516083904.824844, 13, 1655243.250000
1516083904.925096, 15, 1671398.875000
1516083905.025229, 15, 1685939.000000
1516083905.125323, 16, 1711137.125000
1516083905.225388, 17, 1745927.375000
1516083905.325508, 17, 1777238.625000
1516083905.425910, 18, 1817530.750000
1516083905.526401, 19, 1865905.625000
1516083905.626825, 21, 1933667.000000
1516083905.727117, 20, 1982540.250000
1516083905.827493, 21, 2038638.250000
1516083905.927630, 21, 2089126.375000
1516083906.027751, 19, 2110341.750000
1516083906.127844, 11, 2032539.625000
1516083906.227949, 18, 2047301.625000
1516083906.328064, 19, 2072699.500000
1516083906.428156, 21, 2119781.500000
1516083906.528245, 20, 2150043.250000
1516083906.628405, 20, 2177279.000000
1516083906.728500, 21, 2213903.000000
1516083906.828601, 20, 2234752.750000
1516083906.928780, 11, 2144509.500000
1516083907.028869, 13, 2087514.500000
1516083907.128957, 17, 2084667.000000
1516083907.229089, 18, 2094216.250000
1516083907.329235, 19, 2114922.500000
1516083907.429327, 20, 2145670.250000
1516083907.529407, 20, 2173343.250000
1516083907.629565, 21, 2210361.000000
1516083907.729725, 20, 2231565.000000
1516083907.829834, 18, 2226424.500000
1516083907.929941, 19, 2233910.000000
1516083908.030032, 20, 2252759.000000
1516083908.130155, 20, 2269723.000000
1516083908.230259, 20, 2284990.750000
1516083908.330711, 20, 2298731.750000
1516083908.431132, 21, 2323210.500000
1516083908.531494, 20, 2333129.500000
1516083908.631710, 14, 2269384.500000
1516083908.731814, 19, 2272574.000000
1516083908.832266, 20, 2287556.500000
1516083908.932609, 21, 2313152.750000
1516083909.032979, 21, 2336189.500000
1516083909.133430, 21, 2356922.500000
1516083909.233867, 17, 2327134.250000
1516083909.334076, 17, 2300324.750000
1516083909.434275, 20, 2312532.250000
1516083909.534376, 21, 2335631.000000
1516083909.634437, 21, 2356420.000000
1516083909.734846, 20, 2363018.000000
1516083909.835320, 18, 2344732.250000
1516083909.935694, 18, 2328275.000000
1516083910.035802, 20, 2337687.500000
1516083910.135980, 20, 2346158.750000
1516083910.236157, 21, 2365895.000000
1516083910.336274, 21, 2383657.500000
1516083910.436438, 19, 2375419.750000
1516083910.536536, 19, 2368005.750000
1516083910.636611, 21, 2385557.250000
1516083910.736717, 20, 2389241.500000
1516083910.836805, 21, 2404669.250000
1516083910.936906, 18, 2382218.250000
1516083911.037010, 20, 2386236.500000
1516083911.137164, 20, 2389852.750000
1516083911.237270, 21, 2405219.500000
1516083911.337380, 20, 2406937.500000
1516083911.437459, 19, 2396371.750000
1516083911.537554, 19, 2386862.500000
1516083911.637684, 20, 2390416.250000
1516083911.737800, 21, 2405726.500000
1516083911.837966, 21, 2419505.750000
1516083911.938148, 20, 2419795.250000
1516083912.038300, 21, 2432167.750000
1516083912.138515, 18, 2406967.000000
1516083912.238690, 11, 2299502.250000
1516083912.338939, 17, 2275456.000000
1516083912.439296, 19, 2278038.500000
1516083912.539551, 20, 2292474.750000
1516083912.639904, 21, 2317579.250000
1516083912.740000, 21, 2340173.250000
1516083912.840081, 20, 2348396.000000
1516083912.940156, 21, 2367908.500000
1516083913.040303, 14, 2300685.750000
1516083913.140411, 18, 2288633.250000
1516083913.240620, 20, 2302010.000000
1516083913.340747, 20, 2314049.000000
1516083913.440846, 21, 2336996.000000
1516083913.540924, 20, 2345536.500000
1516083913.641017, 21, 2365334.750000
1516083913.741186, 21, 2383153.250000
1516083913.841389, 20, 2387078.000000
1516083913.941532, 21, 2402722.250000
1516083914.041656, 20, 2404690.000000
1516083914.141765, 21, 2418573.000000
1516083914.241838, 21, 2431067.750000
1516083914.342353, 20, 2430201.000000
1516083914.442580, 21, 2441533.000000
1516083914.542769, 19, 2427507.750000
1516083914.642941, 22, 2451221.000000
1516083914.743283, 20, 2448339.000000
1516083914.843676, 21, 2457857.000000
1516083914.944097, 21, 2466423.250000
1516083915.044266, 12, 2365125.000000
1516083915.144633, 14, 2298180.500000
1516083915.244882, 19, 2298490.500000
1516083915.345066, 19, 2298769.500000
1516083915.445474, 20, 2311132.500000
1516083915.545659, 21, 2334371.250000
1516083915.646128, 20, 2343174.000000
1516083915.746303, 21, 2363208.500000
1516083915.846377, 19, 2357015.750000
1516083915.946453, 20, 2363554.250000
1516083916.046536, 20, 2369438.750000
1516083916.146702, 21, 2386847.000000
1516083916.246801, 21, 2402514.250000
1516083916.346890, 19, 2392390.750000
1516083916.446982, 19, 2383279.750000
1516083916.547407, 20, 2387191.750000
1516083916.647583, 21, 2402824.500000
1516083916.747769, 20, 2404782.000000
1516083916.848212, 21, 2418655.750000
1516083916.948664, 19, 2406918.250000
1516083917.048782, 21, 2420578.500000
1516083917.149097, 21, 2432872.750000
1516083917.249308, 20, 2431825.500000
1516083917.349415, 19, 2418771.000000
1516083917.449535, 19, 2407022.000000
1516083917.553142, 22, 2432783.750000
1516083917.653571, 21, 2443857.500000
1516083917.753988, 20, 2441711.750000
1516083917.854667, 19, 2427668.500000
1516083917.954907, 18, 2402917.750000
1516083918.055022, 21, 2416978.000000
1516083918.155206, 20, 2417520.250000
1516083918.255422, 21, 2430120.250000
1516083918.355609, 19, 2417236.250000
1516083918.455783, 20, 2417752.500000
1516083918.555899, 21, 2430329.250000
1516083918.656059, 20, 2429536.250000
1516083918.756283, 21, 2440934.500000
1516083918.856385, 19, 2426969.000000
1516083918.956512, 16, 2378064.000000
1516083919.056860, 21, 2394609.500000
1516083919.157042, 20, 2397388.500000
1516083919.257227, 21, 2412001.750000
1516083919.357466, 21, 2425153.500000
1516083919.457649, 20, 2424878.250000
1516083919.557836, 20, 2424630.500000
1516083919.658024, 20, 2424407.500000
1516083919.758108, 21, 2436318.750000
1516083919.858286, 20, 2434927.000000
1516083919.958425, 21, 2445786.250000
1516083920.058554, 20, 2443447.500000
1516083920.158653, 14, 2368670.750000
1516083920.259152, 20, 2374043.750000
1516083920.359471, 20, 2378879.500000
1516083920.459708, 21, 2395343.500000
1516083920.559906, 20, 2398049.250000
1516083920.660279, 20, 2400484.250000
1516083920.760701, 21, 2414787.750000
1516083920.861001, 21, 2427661.000000
1516083920.961133, 20, 2427135.000000
1516083921.061311, 21, 2438773.500000
1516083921.161508, 19, 2425024.250000
1516083921.261601, 21, 2436873.750000
1516083921.361844, 19, 2423314.500000
1516083921.461967, 21, 2435335.000000
1516083921.562090, 22, 2458265.500000
1516083921.662282, 18, 2430455.000000
1516083921.762512, 20, 2429649.500000
1516083921.862716, 20, 2428924.500000
1516083921.962813, 21, 2440384.000000
1516083922.063014, 21, 2450697.500000
1516083922.163210, 19, 2435755.750000
1516083922.263427, 20, 2434420.250000
1516083922.363617, 21, 2445330.250000
1516083922.463763, 20, 2443037.250000
1516083922.563999, 22, 2465197.500000
1516083922.664221, 18, 2436693.750000
1516083922.764412, 18, 2411040.500000
1516083922.864562, 21, 2424288.500000
1516083922.964641, 21, 2436211.750000
1516083923.065188, 20, 2434830.500000
1516083923.165297, 20, 2433587.500000
1516083923.265446, 20, 2432468.750000
1516083923.365541, 20, 2431462.000000
1516083923.466015, 20, 2430555.750000
1516083923.566169, 19, 2417628.250000
1516083923.666276, 19, 2405993.500000
1516083923.766555, 21, 2419746.250000
1516083923.866750, 21, 2432123.500000
1516083923.966839, 20, 2431151.250000
1516083924.067147, 21, 2442388.000000
1516083924.167427, 20, 2440389.250000
1516083924.267564, 19, 2426478.250000
1516083924.367656, 21, 2438182.500000
1516083924.467757, 21, 2448716.250000
1516083924.567865, 21, 2458196.500000
1516083924.668312, 18, 2430392.750000
1516083924.768730, 20, 2429593.500000
1516083924.869309, 20, 2428874.250000
1516083924.969712, 21, 2440338.750000
1516083925.070122, 20, 2438545.000000
1516083925.170565, 20, 2436930.500000
1516083925.270700, 16, 2387029.500000
1516083925.370875, 20, 2390566.500000
1516083925.470993, 21, 2405861.750000
1516083925.571170, 21, 2419627.500000
1516083925.671410, 20, 2419904.750000
1516083925.771966, 20, 2420154.250000
1516083925.872097, 20, 2420378.750000
1516083925.972527, 20, 2420581.000000
1516083926.072675, 21, 2432875.000000
1516083926.172850, 20, 2431827.500000
1516083926.273347, 20, 2430884.750000
1516083926.373758, 16, 2381588.250000
1516083926.474258, 21, 2397781.500000
1516083926.574444, 21, 2412355.250000
1516083926.674546, 20, 2413359.750000
1516083926.774742, 19, 2402151.750000
1516083926.874843, 19, 2392064.500000
1516083926.975040, 20, 2395098.000000
1516083927.075123, 21, 2409940.250000
1516083927.175286, 21, 2423298.250000
1516083927.275400, 18, 2398984.500000
1516083927.375551, 20, 2401326.000000
1516083927.475648, 21, 2415545.500000
1516083927.575907, 20, 2416231.000000
1516083927.676043, 21, 2428960.000000
1516083927.776201, 19, 2416192.000000
1516083927.876380, 17, 2380476.750000
1516083927.976491, 20, 2384669.000000
1516083928.076827, 21, 2400554.000000
1516083928.177068, 20, 2402738.500000
1516083928.277543, 21, 2416816.750000
1516083928.377852, 18, 2393151.000000
1516083928.478074, 20, 2396076.000000
1516083928.578422, 20, 2398708.500000
1516083928.678535, 21, 2413189.750000
1516083928.778689, 21, 2426222.750000
1516083928.878914, 20, 2425840.500000
1516083928.979480, 18, 2401272.500000
1516083929.079959, 20, 2403385.250000
1516083929.180068, 21, 2417398.750000
1516083929.280452, 21, 2430011.000000
1516083929.380804, 19, 2417138.000000
1516083929.481132, 20, 2417664.250000
1516083929.581589, 20, 2418137.750000
1516083929.681774, 21, 2430676.000000
1516083929.782121, 21, 2441960.500000
1516083929.882509, 19, 2427892.500000
1516083929.982935, 18, 2403119.250000
1516083930.083105, 20, 2405047.250000
1516083930.183330, 21, 2418894.500000
1516083930.283435, 20, 2419245.000000
1516083930.383520, 20, 2419560.500000
1516083930.483669, 19, 2407732.500000
1516083930.584107, 20, 2409199.250000
1516083930.684517, 21, 2422631.250000
1516083930.784639, 21, 2434720.000000
1516083930.884822, 18, 2409264.000000
1516083930.984999, 17, 2374241.500000
1516083931.085089, 21, 2391169.250000
1516083931.185209, 20, 2394292.250000
1516083931.285300, 21, 2409215.000000
1516083931.385402, 20, 2410533.500000
1516083931.485542, 21, 2423832.250000
1516083931.585672, 20, 2423689.000000
1516083931.686072, 21, 2435672.000000
1516083931.786438, 20, 2434344.750000
1516083931.886851, 22, 2457374.250000
1516083931.986998, 19, 2441764.750000
1516083932.087192, 21, 2451940.250000
1516083932.187695, 21, 2461098.250000
1516083932.287895, 20, 2457228.500000
1516083932.388006, 20, 2453745.750000
1516083932.488109, 21, 2462723.250000
1516083932.588351, 21, 2470803.000000
1516083932.688492, 21, 2478074.750000
1516083932.788592, 21, 2484619.250000
1516083932.888713, 19, 2466285.250000
1516083932.988786, 19, 2449784.750000
1516083933.088884, 20, 2447046.250000
1516083933.189121, 21, 2456693.500000
1516083933.289255, 20, 2453264.250000
1516083933.389381, 21, 2462289.750000
1516083933.489471, 21, 2470412.750000
1516083933.589654, 20, 2465611.500000
1516083933.689850, 21, 2473402.250000
1516083933.790019, 21, 2480414.000000
1516083933.890372, 21, 2486724.500000
1516083933.990706, 20, 2480292.000000
1516083934.090865, 21, 2486614.750000
1516083934.191018, 21, 2492305.250000
1516083934.291142, 19, 2473202.750000
1516083934.391327, 18, 2443898.500000
1516083934.491530, 20, 2441748.750000
1516083934.591765, 21, 2451926.000000
1516083934.691845, 21, 2461085.500000
1516083934.791989, 20, 2457217.000000
1516083934.892094, 20, 2453735.250000
1516083934.992252, 21, 2462713.750000
1516083935.092432, 21, 2470794.500000
1516083935.192547, 20, 2465955.000000
1516083935.292706, 20, 2461599.500000
1516083935.392909, 20, 2457679.500000
1516083935.493000, 21, 2466263.500000
1516083935.593102, 20, 2461877.250000
1516083935.693287, 21, 2470041.500000
1516083935.793688, 20, 2465277.250000
1516083935.893809, 18, 2436765.500000
1516083935.993998, 20, 2435329.000000
1516083936.094176, 21, 2446148.000000
1516083936.194356, 21, 2455885.250000
1516083936.294755, 19, 2440424.750000
1516083936.394978, 18, 2414398.250000
1516083936.495182, 21, 2427310.500000
1516083936.595384, 21, 2438931.500000
1516083936.695544, 20, 2437278.250000
1516083936.795743, 21, 2447902.500000
1516083936.895886, 20, 2445352.250000
1516083936.996054, 20, 2443057.000000
1516083937.096236, 21, 2453103.250000
1516083937.196436, 20, 2450033.000000
1516083937.296589, 21, 2459381.750000
1516083937.396767, 19, 2443571.500000
1516083937.496880, 21, 2453566.250000
1516083937.597097, 20, 2450449.500000
1516083937.697509, 20, 2447644.500000
1516083937.797806, 22, 2469344.000000
1516083937.898034, 12, 2367753.500000
1516083937.998124, 20, 2373218.250000
1516083938.098235, 20, 2378136.500000
1516083938.198328, 21, 2394674.750000
1516083938.298405, 21, 2409559.250000
1516083938.398568, 20, 2410843.250000
1516083938.498695, 20, 2411999.000000
1516083938.598835, 20, 2413039.000000
1516083938.698952, 21, 2426087.000000
1516083938.799056, 20, 2425718.250000
1516083938.899430, 21, 2437498.500000
1516083938.999567, 21, 2448100.750000
1516083939.099747, 20, 2445530.750000
1516083939.199887, 21, 2455329.750000
1516083939.300102, 21, 2464148.750000
1516083939.400468, 20, 2459974.000000
1516083939.500615, 19, 2444104.500000
1516083939.600785, 21, 2454046.000000
1516083939.701010, 20, 2450881.500000
1516083939.801256, 21, 2460145.250000
1516083939.901347, 21, 2468482.750000
1516083940.001759, 16, 2415426.500000
1516083940.102008, 20, 2416123.750000
1516083940.202131, 21, 2428863.500000
1516083940.302261, 21, 2440329.250000
1516083940.402704, 20, 2438536.250000
1516083940.502942, 21, 2449034.500000
1516083940.603039, 20, 2446371.000000
