1516083760.13 0 0 0 0
1516083760.23 0 0 0 0
1516083760.33 0 0 0 0
1516083760.43 0 0 0 0
1516083760.53 0 0 0 0
1516083760.63 0 0 0 0
1516083760.73 0 0 0 0
1516083760.83 0 0 0 0
1516083760.93 0 0 0 0
1516083761.03 0 0 0 0
1516083761.13 0 0 0 0
1516083761.23 0 0 0 0
1516083761.33 0 0 0 0
1516083761.43 0 0 0 0
1516083761.53 0 0 0 0
1516083761.63 0 0 0 0
1516083761.73 0 0 0 0
1516083761.83 0 0 0 0
1516083761.93 0 0 0 0
1516083762.03 0 0 0 0
1516083762.13 0 0 0 0
1516083762.24 0 0 0 0
1516083762.34 0 0 0 0
1516083762.43 0 0 0 0
1516083762.53 0 0 0 0
1516083762.63 0 0 0 0
1516083762.73 0 0 0 0
1516083762.83 0 0 0 0
1516083762.94 0 0 0 0
1516083763.03 0 0 0 0
1516083763.13 0 0 0 0
1516083763.24 0 0 0 0
1516083763.33 0 0 0 0
1516083763.43 0 0 0 0
1516083763.53 0 0 0 0
1516083763.63 0 0 0 0
1516083763.73 0 0 0 0
1516083763.83 0 0 0 0
1516083763.94 0 0 0 0
1516083764.04 0 0 0 0
1516083764.13 0 0 0 0
1516083764.24 0 0 0 0
1516083764.34 0 0 0 0
1516083764.44 0 0 0 0
1516083764.54 0 0 0 0
1516083764.64 0 0 0 0
1516083764.74 0 0 0 0
1516083764.84 0 0 0 0
1516083764.95 0 0 0 0
1516083765.06 0 0 0 0
1516083765.16 0 0 0 0
1516083765.27 0 0 0 0
1516083765.35 0 0 0 0
1516083765.45 0 0 0 0
1516083765.55 0 0 0 0
1516083765.65 0 0 0 0
1516083765.75 0 0 0 0
1516083765.85 0 0 0 0
1516083765.95 0 0 0 0
1516083766.05 0 0 0 0
1516083766.15 0 0 0 0
1516083766.25 0 0 0 0
1516083766.35 0 0 0 0
1516083766.45 0 0 0 0
1516083766.55 0 0 0 0
1516083766.65 0 0 0 0
1516083766.75 0 0 0 0
1516083766.85 0 0 0 0
1516083766.95 0 0 0 0
1516083767.05 0 0 0 0
1516083767.17 0 0 0 0
1516083767.3 0 0 0 0
1516083767.4 0 0 0 0
1516083767.5 0 0 0 0
1516083767.6 0 0 0 0
1516083767.7 0 0 0 0
1516083767.81 0 0 0 0
1516083767.93 0 0 0 0
1516083768.05 0 0 0 0
1516083768.17 0 0 0 0
1516083768.27 0 0 0 0
1516083768.38 0 0 0 0
1516083768.51 0 0 0 0
1516083768.61 0 0 0 0
1516083768.71 0 0 0 0
1516083768.81 0 0 0 0
1516083768.91 0 0 0 0
1516083769.03 0 0 0 0
1516083769.14 0 0 0 0
1516083769.24 0 0 0 0
1516083769.34 0 0 0 0
1516083769.44 0 0 0 0
1516083769.54 0 0 0 0
1516083769.64 0 0 0 0
1516083769.74 0 0 0 0
1516083769.84 0 0 0 0
1516083769.94 0 0 0 0
1516083770.04 0 0 0 0
1516083770.14 0 0 0 0
1516083770.24 0 0 0 0
1516083770.34 0 0 0 0
1516083770.44 0 0 0 0
1516083770.54 0 0 0 0
1516083770.64 0 0 0 0
1516083770.74 0 0 0 0
1516083770.84 0 0 0 0
1516083770.94 0 0 0 0
1516083771.04 0 0 0 0
1516083771.14 0 0 0 0
1516083771.24 0 0 0 0
1516083771.34 0 0 0 0
1516083771.44 0 0 0 0
1516083771.54 0 0 0 0
1516083771.64 0 0 0 0
1516083771.74 0 0 0 0
1516083771.84 0 0 0 0
1516083771.94 0 0 0 0
1516083772.04 0 0 0 0
1516083772.14 0 0 0 0
1516083772.24 0 0 0 0
1516083772.34 0 0 0 0
1516083772.44 0 0 0 0
1516083772.54 0 0 0 0
1516083772.65 0 0 0 0
1516083772.75 0 0 0 0
1516083772.84 0 0 0 0
1516083772.94 0 0 0 0
1516083773.04 0 0 0 0
1516083773.14 0 0 0 0
1516083773.26 0 0 0 0
1516083773.39 0 0 0 0
1516083773.49 0 0 0 0
1516083773.59 0 0 0 0
1516083773.69 0 0 0 74
1516083773.79 0 0 0 0
1516083773.89 0 0 0 0
1516083773.99 0 0 0 1689
1516083774.09 0 0 0 0
1516083774.19 0 0 0 0
1516083774.29 0 0 0 266
1516083774.39 0 0 0 66
1516083774.49 0 0 0 0
1516083774.59 0 0 0 0
1516083774.69 0 0 0 412
1516083774.79 0 0 0 0
1516083774.89 0 0 0 0
1516083774.99 0 0 0 66
1516083775.09 0 0 0 0
1516083775.19 0 0 0 0
1516083775.29 0 0 0 176
1516083775.39 0 0 0 0
1516083775.49 0 0 0 0
1516083775.6 0 0 0 118
1516083775.7 0 0 0 0
1516083775.8 0 0 0 0
1516083775.9 0 0 0 646
1516083776.0 0 0 0 0
1516083776.1 0 0 0 0
1516083776.2 0 0 0 94
1516083776.3 0 0 0 0
1516083776.4 0 0 0 0
1516083776.5 0 0 0 110
1516083776.6 0 0 0 0
1516083776.7 0 0 0 0
1516083776.8 0 0 0 446
1516083776.9 0 0 0 0
1516083777.0 0 0 0 0
1516083777.1 0 0 0 0
1516083777.2 0 0 0 198
1516083777.3 0 0 0 0
1516083777.4 0 0 0 0
1516083777.5 0 0 0 0
1516083777.6 0 0 0 0
1516083777.7 0 0 0 0
1516083777.8 0 0 0 0
1516083777.9 0 0 0 0
1516083778.02 0 0 0 0
1516083778.12 0 0 0 0
1516083778.21 0 0 0 0
1516083778.31 0 0 0 0
1516083778.41 0 0 0 0
1516083778.51 0 0 0 0
1516083778.62 0 0 0 0
1516083778.71 0 0 0 42
1516083778.82 0 0 0 0
1516083778.91 0 0 0 0
1516083779.02 0 0 0 0
1516083779.12 0 0 0 0
1516083779.21 0 0 0 0
1516083779.32 0 0 0 0
1516083779.42 0 0 0 0
1516083779.52 0 0 0 0
1516083779.62 0 0 0 0
1516083779.72 0 0 0 0
1516083779.82 0 0 0 0
1516083779.92 0 0 0 0
1516083780.02 0 0 0 0
1516083780.12 0 0 0 0
1516083780.22 0 0 0 0
1516083780.32 0 0 0 0
1516083780.42 0 0 0 0
1516083780.52 0 0 0 0
1516083780.62 0 0 0 0
1516083780.72 0 0 0 0
1516083780.82 0 0 0 0
1516083780.92 0 0 0 0
1516083781.02 0 0 0 0
1516083781.12 0 0 0 0
1516083781.22 0 0 0 0
1516083781.32 0 0 0 0
1516083781.42 0 0 0 0
1516083781.52 0 0 0 0
1516083781.62 0 0 0 0
1516083781.72 0 0 0 0
1516083781.82 0 0 0 0
1516083781.92 0 0 0 0
1516083782.03 0 0 0 0
1516083782.15 0 0 0 0
1516083782.24 0 0 0 0
1516083782.34 0 0 0 0
1516083782.44 0 0 0 0
1516083782.54 0 0 0 0
1516083782.64 0 0 0 0
1516083782.74 0 0 0 0
1516083782.84 0 0 0 0
1516083782.94 0 0 0 0
1516083783.05 0 0 0 0
1516083783.14 0 0 0 0
1516083783.24 0 0 0 0
1516083783.34 0 0 0 0
1516083783.44 0 0 0 0
1516083783.55 0 0 0 0
1516083783.65 0 0 0 0
1516083783.75 0 0 0 0
1516083783.85 0 0 0 0
1516083783.96 0 0 0 0
1516083784.08 0 0 0 0
1516083784.17 0 0 0 0
1516083784.27 0 0 0 0
1516083784.37 0 0 0 0
1516083784.47 0 0 0 0
1516083784.57 0 0 0 0
1516083784.67 0 0 0 0
1516083784.79 0 0 0 0
1516083784.92 0 0 0 0
1516083785.01 0 0 0 0
1516083785.11 0 0 0 0
1516083785.21 0 0 0 0
1516083785.31 0 0 0 0
1516083785.41 0 0 0 0
1516083785.51 0 0 0 0
1516083785.61 0 0 0 0
1516083785.71 0 0 0 0
1516083785.81 0 0 0 0
1516083785.91 0 0 0 0
1516083786.02 0 0 0 0
1516083786.12 0 0 0 0
1516083786.21 0 0 0 0
1516083786.32 0 0 0 0
1516083786.43 0 0 0 0
1516083786.53 0 0 0 0
1516083786.65 0 0 0 0
1516083786.75 0 0 0 0
1516083786.85 0 0 0 0
1516083786.95 0 0 0 0
1516083787.05 0 0 0 0
1516083787.15 0 0 0 0
1516083787.26 0 0 0 0
1516083787.35 0 0 0 0
1516083787.45 0 0 0 0
1516083787.56 0 0 0 0
1516083787.66 0 0 0 0
1516083787.76 0 0 0 0
1516083787.86 0 0 0 0
1516083787.95 0 0 0 0
1516083788.05 0 0 0 0
1516083788.17 0 0 0 0
1516083788.28 0 0 0 0
1516083788.38 0 0 0 0
1516083788.48 0 0 0 0
1516083788.59 0 0 0 0
1516083788.72 0 0 0 0
1516083788.83 0 0 0 0
1516083788.92 0 0 0 0
1516083789.02 0 0 0 0
1516083789.12 0 0 0 0
1516083789.22 0 0 0 0
1516083789.32 0 0 0 0
1516083789.42 0 0 0 0
1516083789.52 0 0 0 0
1516083789.64 0 0 0 0
1516083789.76 0 0 0 0
1516083789.86 0 0 0 0
1516083789.96 0 0 0 0
1516083790.06 0 0 0 0
1516083790.16 0 0 0 0
1516083790.26 0 0 0 0
1516083790.36 0 0 0 0
1516083790.46 0 0 0 0
1516083790.58 0 0 0 0
1516083790.71 0 0 0 0
1516083790.81 0 0 0 0
1516083790.91 0 0 0 0
1516083791.01 0 0 0 0
1516083791.11 0 0 0 0
1516083791.21 0 0 0 0
1516083791.31 0 0 0 0
1516083791.41 0 0 0 0
1516083791.51 0 0 0 0
1516083791.61 0 0 0 0
1516083791.71 0 0 0 0
1516083791.81 0 0 0 0
1516083791.91 0 0 0 0
1516083792.01 0 0 0 0
1516083792.13 0 0 0 0
1516083792.24 0 0 0 0
1516083792.34 0 0 0 0
1516083792.45 0 0 0 0
1516083792.55 0 0 0 0
1516083792.65 0 0 0 0
1516083792.75 0 0 0 0
1516083792.85 0 0 0 0
1516083792.96 0 0 0 0
1516083793.09 0 0 0 0
1516083793.18 0 0 0 0
1516083793.28 0 0 0 0
1516083793.41 0 0 0 0
1516083793.53 0 0 0 0
1516083793.63 0 0 0 0
1516083793.72 0 0 0 0
1516083793.82 0 0 0 0
1516083793.93 0 0 0 0
1516083794.03 0 0 0 0
1516083794.14 0 0 0 0
1516083794.25 0 0 0 0
1516083794.35 0 0 0 0
1516083794.45 0 0 0 0
1516083794.55 0 0 0 0
1516083794.65 0 0 0 0
1516083794.75 0 0 0 0
1516083794.85 0 0 0 0
1516083794.95 0 0 0 0
1516083795.05 0 0 0 0
1516083795.15 0 0 0 0
1516083795.26 0 0 0 0
1516083795.36 0 0 0 0
1516083795.46 0 0 0 0
1516083795.56 0 0 0 0
1516083795.66 0 0 0 0
1516083795.76 0 0 0 0
1516083795.86 0 0 0 0
1516083795.96 0 0 0 0
1516083796.06 0 0 0 0
1516083796.16 0 0 0 0
1516083796.26 0 0 0 0
1516083796.38 0 0 0 0
1516083796.5 0 0 0 0
1516083796.6 0 0 0 0
1516083796.7 0 0 0 0
1516083796.83 0 0 0 0
1516083796.94 0 0 0 0
1516083797.05 0 0 0 0
1516083797.15 0 0 0 0
1516083797.25 0 0 0 0
1516083797.35 0 0 0 0
1516083797.45 0 0 0 0
1516083797.55 0 0 0 0
1516083797.65 0 0 0 0
1516083797.75 0 0 0 0
1516083797.85 0 0 0 0
1516083797.95 0 0 0 0
1516083798.05 0 0 0 0
1516083798.15 0 0 0 0
1516083798.25 0 0 0 0
1516083798.35 0 0 0 0
1516083798.45 0 0 0 0
1516083798.55 0 0 0 0
1516083798.65 0 0 0 0
1516083798.75 0 0 0 0
1516083798.85 0 0 0 0
1516083798.97 0 0 0 0
1516083799.09 0 0 0 0
1516083799.2 0 0 0 0
1516083799.34 0 0 0 0
1516083799.44 0 0 0 0
1516083799.54 0 0 0 0
1516083799.64 0 0 0 0
1516083799.74 0 0 0 0
1516083799.84 0 0 0 0
1516083799.94 0 0 0 0
1516083800.05 0 0 0 0
1516083800.15 0 0 0 0
1516083800.25 0 0 0 0
1516083800.35 0 0 0 0
1516083800.45 0 0 0 0
1516083800.55 0 0 0 0
1516083800.65 0 0 0 0
1516083800.75 0 0 0 0
1516083800.85 0 0 0 0
1516083800.95 0 0 0 0
1516083801.05 0 0 0 0
1516083801.16 0 0 0 0
1516083801.25 0 0 0 0
1516083801.35 0 0 0 0
1516083801.45 0 0 0 0
1516083801.55 0 0 0 0
1516083801.65 0 0 0 0
1516083801.75 0 0 0 0
1516083801.85 0 0 0 0
1516083801.95 0 0 0 0
1516083802.05 0 0 0 0
1516083802.15 0 0 0 0
1516083802.26 0 0 0 0
1516083802.36 0 0 0 0
1516083802.46 0 0 0 0
1516083802.56 0 0 0 0
1516083802.66 0 0 0 0
1516083802.76 0 0 0 0
1516083802.86 0 0 0 0
1516083802.96 0 0 0 0
1516083803.06 0 0 0 0
1516083803.16 0 0 0 0
1516083803.26 0 0 0 0
1516083803.37 0 0 0 0
1516083803.5 0 0 0 0
1516083803.6 0 0 0 0
1516083803.7 0 0 0 0
1516083803.8 0 0 0 0
1516083803.92 0 0 0 0
1516083804.03 0 0 0 0
1516083804.13 0 0 0 0
1516083804.23 0 0 0 0
1516083804.33 0 0 0 0
1516083804.43 0 0 0 0
1516083804.53 0 0 0 0
1516083804.63 0 0 0 0
1516083804.73 0 0 0 0
1516083804.83 0 0 0 0
1516083804.93 0 0 0 0
1516083805.03 0 0 0 0
1516083805.13 0 0 0 0
1516083805.23 0 0 0 0
1516083805.35 0 0 0 0
1516083805.45 0 0 0 0
1516083805.55 0 0 0 0
1516083805.65 0 0 0 0
1516083805.75 0 0 0 0
1516083805.85 0 0 0 0
1516083805.95 0 0 0 0
1516083806.05 0 0 0 0
1516083806.16 0 0 0 0
1516083806.28 0 0 0 0
1516083806.37 0 0 0 0
1516083806.47 0 0 0 0
1516083806.57 0 0 0 0
1516083806.67 0 0 0 0
1516083806.78 0 0 0 0
1516083806.89 0 58 0 0
1516083806.98 0 0 0 0
1516083807.08 0 58 0 0
1516083807.18 0 116 0 0
1516083807.28 0 58 0 0
1516083807.38 0 58 0 0
1516083807.48 0 1044 0 0
1516083807.58 0 2204 0 0
1516083807.68 0 2204 0 0
1516083807.78 0 2204 0 0
1516083807.88 0 2204 0 0
1516083807.99 0 2262 0 0
1516083808.08 0 2204 0 0
1516083808.18 0 2204 0 0
1516083808.28 0 2204 0 0
1516083808.38 0 2204 0 0
1516083808.48 0 2262 0 0
1516083808.58 0 2204 0 0
1516083808.68 0 2204 0 0
1516083808.79 0 2204 0 0
1516083808.89 0 2204 0 0
1516083808.99 0 2204 0 0
1516083809.09 0 2204 0 0
1516083809.19 0 2262 0 0
1516083809.29 0 2262 0 0
1516083809.39 0 2204 0 0
1516083809.49 0 2320 0 0
1516083809.59 0 2146 0 0
1516083809.69 0 2262 0 0
1516083809.79 0 2146 0 0
1516083809.9 0 2320 0 0
1516083809.99 0 2088 0 0
1516083810.09 0 2262 0 0
1516083810.19 0 2204 0 0
1516083810.29 0 2204 0 0
1516083810.39 0 2204 0 0
1516083810.49 0 2204 0 0
1516083810.59 0 2262 0 0
1516083810.69 0 2204 0 0
1516083810.79 0 2262 0 0
1516083810.89 0 2146 0 0
1516083810.99 0 2262 0 0
1516083811.1 0 2320 0 0
1516083811.19 0 2088 0 0
1516083811.29 0 2204 0 0
1516083811.39 0 2262 0 0
1516083811.49 0 2146 0 0
1516083811.6 0 2262 0 0
1516083811.69 0 2204 0 0
1516083811.79 0 2204 0 0
1516083811.89 0 2204 0 0
1516083812.0 0 2262 0 0
1516083812.09 0 2204 0 0
1516083812.2 0 2204 0 0
1516083812.3 0 2204 0 0
1516083812.4 0 2204 0 0
1516083812.5 0 2262 0 0
1516083812.6 0 2204 0 0
1516083812.7 0 2204 0 0
1516083812.8 0 2262 0 0
1516083812.9 0 2204 0 0
1516083813.0 0 2262 0 0
1516083813.1 0 2146 0 0
1516083813.2 0 2204 0 0
1516083813.3 0 2204 0 0
1516083813.4 0 2262 0 0
1516083813.5 0 2146 0 0
1516083813.6 0 2262 0 0
1516083813.7 0 2204 0 0
1516083813.8 0 2204 0 0
1516083813.9 0 2262 0 0
1516083814.0 0 2030 0 0
1516083814.1 0 2262 0 0
1516083814.2 0 2146 0 0
1516083814.3 0 2262 0 0
1516083814.4 0 2204 0 0
1516083814.5 0 2204 0 0
1516083814.6 0 2204 0 0
1516083814.7 0 2204 0 0
1516083814.8 0 2262 0 0
1516083814.9 0 2204 0 0
1516083815.0 0 2262 0 0
1516083815.11 0 2262 0 0
1516083815.2 0 2088 0 0
1516083815.3 0 2204 0 0
1516083815.4 0 2262 0 0
1516083815.5 0 2204 0 0
1516083815.6 0 2204 0 0
1516083815.7 0 2088 0 0
1516083815.8 0 2262 0 0
1516083815.9 0 2204 0 0
1516083816.0 0 2204 0 0
1516083816.1 0 2204 0 0
1516083816.2 0 2204 0 0
1516083816.3 0 2262 0 0
1516083816.4 0 2204 0 0
1516083816.5 0 2204 0 0
1516083816.6 0 2262 0 0
1516083816.7 0 2204 0 0
1516083816.8 0 2204 0 0
1516083816.9 0 2204 0 0
1516083817.0 0 2204 0 0
1516083817.11 0 2262 0 0
1516083817.21 0 2262 0 0
1516083817.31 0 2204 0 0
1516083817.4 0 2146 0 0
1516083817.51 0 2204 0 0
1516083817.61 0 2204 0 0
1516083817.71 0 2320 0 0
1516083817.81 0 2146 0 0
1516083817.91 0 2146 0 0
1516083818.01 0 2262 0 0
1516083818.11 0 2320 0 0
1516083818.21 0 2146 0 0
1516083818.31 0 2204 0 0
1516083818.41 0 2146 0 0
1516083818.51 0 2204 0 0
1516083818.61 0 2262 0 0
1516083818.71 0 2204 0 0
1516083818.81 0 2204 0 0
1516083818.91 0 2146 0 0
1516083819.01 0 2262 0 0
1516083819.11 0 2146 0 0
1516083819.21 0 2262 0 0
1516083819.32 0 2378 0 0
1516083819.41 0 2088 0 0
1516083819.51 0 2146 0 0
1516083819.61 0 2262 0 0
1516083819.71 0 2262 0 0
1516083819.81 0 2146 0 0
1516083819.91 0 2204 0 0
1516083820.01 0 2204 0 0
1516083820.11 0 2204 0 0
1516083820.21 0 2262 0 0
1516083820.32 0 2378 0 0
1516083820.41 0 2088 0 0
1516083820.51 0 2146 0 0
1516083820.61 0 2262 0 0
1516083820.71 0 2204 0 0
1516083820.81 0 2204 0 0
1516083820.92 0 2320 0 0
1516083821.01 0 2146 0 0
1516083821.11 0 2204 0 0
1516083821.21 0 2204 0 0
1516083821.32 0 2320 0 0
1516083821.42 0 2146 0 0
1516083821.52 0 2262 0 0
1516083821.61 0 2204 0 0
1516083821.72 0 2204 0 0
1516083821.81 0 2204 0 0
1516083821.93 0 2436 0 0
1516083822.02 0 1972 0 0
1516083822.12 0 2436 0 0
1516083822.22 0 1972 0 0
1516083822.33 0 2552 0 0
1516083822.42 0 1972 0 0
1516083822.52 0 2262 0 0
1516083822.62 0 2146 0 0
1516083822.73 0 2262 0 0
1516083822.83 0 2204 0 0
1516083822.93 0 2320 0 0
1516083823.03 0 2262 0 0
1516083823.13 0 2146 0 0
1516083823.23 0 2204 0 0
1516083823.33 0 2146 0 0
1516083823.43 0 2204 0 0
1516083823.53 0 2204 0 0
1516083823.63 0 2262 0 0
1516083823.73 0 2204 0 0
1516083823.83 0 2146 0 0
1516083823.93 0 2146 0 0
1516083824.03 0 2204 0 0
1516083824.13 0 2262 0 0
1516083824.23 0 2088 0 0
1516083824.34 0 2378 0 0
1516083824.44 0 2146 0 0
1516083824.54 0 2204 0 0
1516083824.64 0 2204 0 0
1516083824.73 0 2030 0 0
1516083824.84 0 2320 0 0
1516083824.94 0 2146 0 0
1516083825.04 0 2262 0 0
1516083825.14 0 2088 0 0
1516083825.24 0 2146 0 0
1516083825.34 0 2320 0 0
1516083825.44 0 2146 0 0
1516083825.54 0 2320 0 0
1516083825.64 0 2204 0 0
1516083825.74 0 2146 0 0
1516083825.84 0 2146 0 0
1516083825.94 0 2204 0 0
1516083826.04 0 2262 0 0
1516083826.14 0 2088 0 0
1516083826.24 0 2378 0 0
1516083826.34 0 1798 0 0
1516083826.44 0 1276 0 0
1516083826.54 0 1276 0 0
1516083826.64 0 1450 0 0
1516083826.74 0 2320 0 0
1516083826.84 0 58 0 0
1516083826.94 0 638 0 0
1516083827.04 0 1566 0 0
1516083827.14 0 2030 0 0
1516083827.24 0 870 0 0
1516083827.34 0 232 0 0
1516083827.45 0 1450 0 42
1516083827.54 0 1624 0 0
1516083827.64 0 1160 0 0
1516083827.74 0 638 0 0
1516083827.84 0 1276 0 0
1516083827.94 0 1450 0 0
1516083828.04 0 1508 0 0
1516083828.14 0 1044 0 0
1516083828.24 0 1392 0 0
1516083828.34 0 1450 0 0
1516083828.44 0 1450 0 0
1516083828.54 0 1450 0 0
1516083828.64 0 1450 0 0
1516083828.74 0 1508 0 0
1516083828.84 0 1450 0 0
1516083828.94 0 1508 0 0
1516083829.04 0 1450 0 0
1516083829.14 0 1218 0 0
1516083829.24 0 1392 0 0
1516083829.35 0 1450 0 0
1516083829.45 0 1392 0 0
1516083829.55 0 1392 0 0
1516083829.65 0 1334 0 0
1516083829.75 0 1392 0 0
1516083829.85 0 1334 0 0
1516083829.95 0 1392 0 0
1516083830.05 0 1334 0 0
1516083830.15 0 1334 0 0
1516083830.25 0 1218 0 0
1516083830.35 0 1334 0 0
1516083830.45 0 1334 0 0
1516083830.55 0 1334 0 0
1516083830.65 0 1334 0 0
1516083830.75 0 1218 0 0
1516083830.85 0 1160 0 0
1516083830.95 0 1276 0 0
1516083831.05 0 1276 0 0
1516083831.15 0 1334 0 0
1516083831.25 0 1334 0 0
1516083831.35 0 1334 0 0
1516083831.45 0 1044 0 0
1516083831.55 0 1276 0 0
1516083831.65 0 1334 0 0
1516083831.75 0 1334 0 0
1516083831.85 0 1276 0 0
1516083831.95 0 1218 0 0
1516083832.05 0 1160 0 0
1516083832.15 0 1218 0 0
1516083832.25 0 1276 0 0
1516083832.35 0 1276 0 0
1516083832.45 0 1276 0 0
1516083832.55 0 1276 0 0
1516083832.65 0 1218 0 0
1516083832.75 0 1276 0 0
1516083832.85 0 1276 0 0
1516083832.95 0 1276 0 0
1516083833.05 0 1276 0 0
1516083833.15 0 1218 0 0
1516083833.25 0 1276 0 0
1516083833.35 0 1218 0 0
1516083833.45 0 1334 0 0
1516083833.55 0 1276 0 0
1516083833.66 0 1276 0 0
1516083833.76 0 1102 0 0
1516083833.86 0 1160 0 0
1516083833.96 0 1334 0 0
1516083834.07 0 1218 0 0
1516083834.17 0 1276 0 0
1516083834.26 0 1276 0 0
1516083834.37 0 1160 0 0
1516083834.47 0 1102 0 0
1516083834.57 0 1276 0 0
1516083834.67 0 1276 0 0
1516083834.77 0 1218 0 0
1516083834.86 0 1218 0 0
1516083834.97 0 1276 0 0
1516083835.07 0 1160 0 0
1516083835.17 0 1334 0 0
1516083835.27 0 1276 0 0
1516083835.37 0 1218 0 0
1516083835.47 0 1102 0 0
1516083835.57 0 1102 0 0
1516083835.67 0 1102 0 0
1516083835.77 0 1276 0 0
1516083835.87 0 1276 0 0
1516083835.97 0 1334 0 0
1516083836.07 0 1160 0 0
1516083836.17 0 1218 0 0
1516083836.27 0 1276 0 0
1516083836.37 0 1276 0 0
1516083836.47 0 1276 0 0
1516083836.57 0 1044 0 0
1516083836.67 0 1218 0 0
1516083836.77 0 1276 0 0
1516083836.87 0 1218 0 0
1516083836.97 0 1276 0 0
1516083837.07 0 1218 0 0
1516083837.17 0 1218 0 0
1516083837.27 0 1218 0 0
1516083837.37 0 1276 0 0
1516083837.47 0 1218 0 0
1516083837.57 0 1276 0 0
1516083837.67 0 1160 0 0
1516083837.77 0 928 0 0
1516083837.87 0 1160 0 0
1516083837.97 0 1160 0 0
1516083838.07 0 1218 0 0
1516083838.17 0 1334 0 0
1516083838.27 0 1218 0 0
1516083838.37 0 1276 0 0
1516083838.47 0 1160 0 0
1516083838.57 0 1218 0 0
1516083838.67 0 1276 0 0
1516083838.77 0 1276 0 0
1516083838.87 0 1218 0 0
1516083838.97 0 1276 0 0
1516083839.07 0 1218 0 0
1516083839.17 0 1334 0 0
1516083839.27 0 1218 0 0
1516083839.37 0 1218 0 0
1516083839.47 0 1276 0 0
1516083839.57 0 1276 0 0
1516083839.68 0 1218 0 0
1516083839.77 0 1276 0 0
1516083839.87 0 1218 0 0
1516083839.97 0 1276 0 0
1516083840.07 0 1276 0 0
1516083840.18 0 1160 0 0
1516083840.27 0 1160 0 0
1516083840.37 0 1276 0 0
1516083840.47 0 1276 0 0
1516083840.58 0 1334 0 0
1516083840.68 0 1044 0 0
1516083840.77 0 1160 0 0
1516083840.88 0 1276 0 0
1516083840.98 0 1276 0 0
1516083841.08 0 1218 0 0
1516083841.18 0 1334 0 0
1516083841.28 0 1276 0 0
1516083841.38 0 1218 0 0
1516083841.48 0 1218 0 0
1516083841.58 0 1276 0 0
1516083841.68 0 1218 0 0
1516083841.78 0 1218 0 0
1516083841.88 0 1160 0 0
1516083841.98 0 1102 0 0
1516083842.08 0 1218 0 0
1516083842.18 0 1276 0 0
1516083842.28 0 1276 0 0
1516083842.38 0 1276 0 0
1516083842.48 0 1044 0 0
1516083842.58 0 1160 0 0
1516083842.68 0 1160 0 0
1516083842.78 0 1276 0 0
1516083842.88 0 1218 0 0
1516083842.98 0 1276 0 0
1516083843.08 0 1218 0 0
1516083843.18 0 1334 0 0
1516083843.28 0 1218 0 0
1516083843.38 0 1218 0 0
1516083843.48 0 1276 0 0
1516083843.58 0 1218 0 0
1516083843.68 0 1160 0 0
1516083843.78 0 1218 0 0
1516083843.88 0 1276 0 0
1516083843.98 0 1218 0 0
1516083844.08 0 1276 0 0
1516083844.18 0 1160 0 0
1516083844.28 0 1218 0 0
1516083844.38 0 1218 0 0
1516083844.48 0 1276 0 0
1516083844.58 0 1218 0 0
1516083844.68 0 1276 0 0
1516083844.78 0 1160 0 0
1516083844.88 0 1160 0 0
1516083844.98 0 1276 0 0
1516083845.08 0 1218 0 0
1516083845.19 0 1276 0 0
1516083845.28 0 1276 0 0
1516083845.39 0 1218 0 0
1516083845.49 0 1218 0 0
1516083845.58 0 1218 0 0
1516083845.68 0 1276 0 0
1516083845.79 0 1276 0 0
1516083845.88 0 1218 0 0
1516083845.98 0 1276 0 0
1516083846.09 0 1276 0 0
1516083846.18 0 1218 0 0
1516083846.28 0 1276 0 0
1516083846.38 0 1218 0 0
1516083846.49 0 1334 0 0
1516083846.59 0 1218 0 0
1516083846.69 0 1276 0 0
1516083846.79 0 1218 0 0
1516083846.89 0 1276 0 0
1516083846.99 0 1276 0 0
1516083847.09 0 1276 0 0
1516083847.19 0 1276 0 0
1516083847.29 0 1218 0 0
1516083847.39 0 1276 0 0
1516083847.49 0 1276 0 0
1516083847.59 0 1218 0 0
1516083847.69 0 1276 0 0
1516083847.79 0 1160 0 0
1516083847.89 0 1218 0 0
1516083847.99 0 1276 0 0
1516083848.09 0 1276 0 0
1516083848.19 0 1276 0 0
1516083848.29 0 1044 0 0
1516083848.39 0 1218 0 0
1516083848.49 0 1218 0 0
1516083848.59 0 1218 0 0
1516083848.69 0 1334 0 0
1516083848.79 0 1218 0 0
1516083848.89 0 1334 0 0
1516083848.99 0 1218 0 0
1516083849.09 0 1276 0 0
1516083849.19 0 1334 0 0
1516083849.29 0 986 0 0
1516083849.39 0 1218 0 0
1516083849.49 0 1218 0 0
1516083849.59 0 1276 0 0
1516083849.69 0 1276 0 0
1516083849.79 0 1218 0 0
1516083849.89 0 1276 0 0
1516083849.99 0 1276 0 42
1516083850.09 0 1276 0 0
1516083850.2 0 1276 0 0
1516083850.3 0 1218 0 0
1516083850.4 0 1276 0 0
1516083850.5 0 1218 0 0
1516083850.6 0 1276 0 0
1516083850.7 0 1276 0 0
1516083850.8 0 1276 0 0
1516083850.9 0 1160 0 0
1516083851.0 0 1276 0 0
1516083851.1 0 1276 0 0
1516083851.2 0 1218 0 0
1516083851.3 0 1102 0 0
1516083851.4 0 1160 0 0
1516083851.5 0 1276 0 0
1516083851.6 0 1218 0 0
1516083851.7 0 1276 0 0
1516083851.8 0 1218 0 0
1516083851.9 0 1160 0 0
1516083852.0 0 1160 0 0
1516083852.1 0 1044 0 0
1516083852.2 0 1218 0 0
1516083852.3 0 1276 0 0
1516083852.4 0 1276 0 0
1516083852.5 0 1218 0 0
1516083852.6 0 1276 0 0
1516083852.7 0 1102 0 0
1516083852.8 0 1276 0 0
1516083852.9 0 1218 0 0
1516083853.0 0 1276 0 0
1516083853.1 0 1218 0 0
1516083853.2 0 1276 0 0
1516083853.3 0 1160 0 0
1516083853.4 0 1276 0 0
1516083853.5 0 1218 0 0
1516083853.6 0 1276 0 0
1516083853.7 0 1160 0 0
1516083853.8 0 1276 0 0
1516083853.91 0 1276 0 0
1516083854.0 0 1218 0 0
1516083854.1 0 1276 0 0
1516083854.2 0 1160 0 0
1516083854.3 0 1102 0 0
1516083854.41 0 1160 0 0
1516083854.51 0 1276 0 0
1516083854.61 0 1276 0 0
1516083854.71 0 1276 0 0
1516083854.81 0 1218 0 0
1516083854.91 0 986 0 0
1516083855.01 0 1102 0 0
1516083855.11 0 1218 0 0
1516083855.21 0 1276 0 0
1516083855.31 0 1276 0 0
1516083855.41 0 1218 0 0
1516083855.51 0 1218 0 0
1516083855.61 0 1276 0 0
1516083855.71 0 1160 0 0
1516083855.81 0 1276 0 0
1516083855.91 0 1276 0 0
1516083856.01 0 1160 0 0
1516083856.11 0 1160 0 0
1516083856.21 0 1160 0 0
1516083856.31 0 1276 0 0
1516083856.41 0 1218 0 0
1516083856.51 0 1218 0 0
1516083856.61 0 1218 0 0
1516083856.71 0 1218 0 0
1516083856.81 0 1218 0 0
1516083856.91 0 1276 0 0
1516083857.01 0 1218 0 0
1516083857.11 0 1276 0 0
1516083857.21 0 1160 0 0
1516083857.31 0 986 0 0
1516083857.41 0 1102 0 0
1516083857.51 0 1218 0 0
1516083857.61 0 1276 0 0
1516083857.71 0 1276 0 0
1516083857.81 0 1218 0 0
1516083857.91 0 1276 0 0
1516083858.01 0 1102 0 0
1516083858.11 0 1044 0 0
1516083858.21 0 1102 0 0
1516083858.31 0 1276 0 0
1516083858.41 0 1218 0 0
1516083858.51 0 1276 0 0
1516083858.61 0 1218 0 0
1516083858.72 0 1276 0 0
1516083858.82 0 812 0 0
1516083858.91 0 1044 0 0
1516083859.02 0 1218 0 0
1516083859.12 0 1218 0 0
1516083859.22 0 1218 0 0
1516083859.32 0 1218 0 0
1516083859.42 0 1276 0 0
1516083859.52 0 1218 0 0
1516083859.62 0 1276 0 0
1516083859.72 0 1160 0 0
1516083859.82 0 1218 0 0
1516083859.92 0 1276 0 0
1516083860.02 0 1218 0 0
1516083860.12 0 1276 0 0
1516083860.22 0 928 0 0
1516083860.32 0 1160 0 0
1516083860.42 0 1218 0 0
1516083860.52 0 1218 0 0
1516083860.62 0 1276 0 0
1516083860.72 0 1276 0 0
1516083860.82 0 1160 0 0
1516083860.92 0 1160 0 0
1516083861.02 0 1276 0 0
1516083861.12 0 1276 0 0
1516083861.22 0 1218 0 0
1516083861.32 0 1334 0 0
1516083861.42 0 1044 0 0
1516083861.52 0 1160 0 0
1516083861.62 0 1276 0 0
1516083861.72 0 1218 0 0
1516083861.82 0 1276 0 0
1516083861.92 0 1218 0 0
1516083862.02 0 1218 0 0
1516083862.12 0 1160 0 0
1516083862.22 0 1334 0 0
1516083862.32 0 1218 0 0
1516083862.42 0 1218 0 0
1516083862.52 0 1276 0 0
1516083862.63 0 1044 0 0
1516083862.72 0 1160 0 0
1516083862.82 0 1276 0 0
1516083862.92 0 1334 0 0
1516083863.02 0 1218 0 0
1516083863.13 0 1160 0 0
1516083863.22 0 986 0 0
1516083863.33 0 1218 0 0
1516083863.43 0 1276 0 0
1516083863.53 0 1218 0 0
1516083863.62 0 1218 0 0
1516083863.73 0 1334 0 0
1516083863.83 0 870 0 0
1516083863.93 0 1160 0 0
1516083864.03 0 1276 0 0
1516083864.13 0 1218 0 0
1516083864.23 0 1276 0 0
1516083864.33 0 1276 0 0
1516083864.43 0 1160 0 0
1516083864.53 0 1160 0 0
1516083864.63 0 1276 0 0
1516083864.73 0 1218 0 0
1516083864.83 0 1276 0 0
1516083864.93 0 1102 0 0
1516083865.03 0 928 0 0
1516083865.13 0 928 0 0
1516083865.23 0 928 0 0
1516083865.33 0 928 0 0
1516083865.43 0 1102 0 0
1516083865.53 0 986 0 0
1516083865.63 0 232 0 0
1516083865.73 0 58 0 0
1516083865.83 0 290 0 0
1516083865.93 0 290 0 0
1516083866.03 0 406 0 0
1516083866.13 0 406 0 0
1516083866.23 0 406 0 0
1516083866.33 0 406 0 0
1516083866.43 0 464 0 0
1516083866.53 0 522 0 0
1516083866.63 0 522 0 0
1516083866.74 0 580 0 0
1516083866.84 0 638 0 0
1516083866.93 0 638 0 0
1516083867.03 0 638 0 0
1516083867.14 0 754 0 0
1516083867.24 0 754 0 0
1516083867.34 0 812 0 0
1516083867.44 0 812 0 0
1516083867.54 0 812 0 0
1516083867.64 0 812 0 0
1516083867.73 0 812 0 0
1516083867.84 0 812 0 0
1516083867.94 0 870 0 0
1516083868.04 0 812 0 0
1516083868.14 0 522 0 0
1516083868.24 0 348 0 0
1516083868.34 0 580 0 0
1516083868.44 0 522 0 0
1516083868.54 0 580 0 0
1516083868.64 0 638 0 0
1516083868.74 0 638 0 0
1516083868.84 0 754 0 0
1516083868.94 0 870 0 0
1516083869.04 0 870 0 0
1516083869.14 0 870 0 0
1516083869.24 0 870 0 0
1516083869.34 0 812 0 0
1516083869.44 0 928 0 0
1516083869.54 0 870 0 0
1516083869.64 0 638 0 0
1516083869.74 0 174 0 0
1516083869.84 0 522 0 0
1516083869.94 0 522 0 0
1516083870.04 0 522 0 0
1516083870.14 0 580 0 0
1516083870.24 0 638 0 0
1516083870.34 0 638 0 0
1516083870.44 0 696 0 0
1516083870.54 0 696 0 0
1516083870.64 0 754 0 0
1516083870.74 0 812 0 0
1516083870.84 0 812 0 0
1516083870.94 0 812 0 0
1516083871.04 0 812 0 0
1516083871.14 0 754 0 0
1516083871.24 0 870 0 0
1516083871.34 0 754 0 0
1516083871.44 0 696 0 0
1516083871.54 0 406 0 0
1516083871.64 0 580 0 0
1516083871.74 0 638 0 0
1516083871.85 0 638 0 0
1516083871.95 0 696 0 0
1516083872.05 0 754 0 0
1516083872.15 0 754 0 0
1516083872.25 0 754 0 0
1516083872.35 0 812 0 0
1516083872.45 0 812 0 0
1516083872.55 0 754 0 0
1516083872.65 0 812 0 0
1516083872.75 0 870 0 0
1516083872.85 0 812 0 0
1516083872.95 0 870 0 0
1516083873.05 0 58 0 0
1516083873.15 0 580 0 0
1516083873.25 0 522 0 0
1516083873.35 0 522 0 0
1516083873.45 0 522 0 0
1516083873.55 0 638 0 0
1516083873.65 0 754 0 0
1516083873.75 0 812 0 0
1516083873.85 0 870 0 0
1516083873.95 0 812 0 0
1516083874.05 0 812 0 0
1516083874.15 0 812 0 0
1516083874.25 0 812 0 0
1516083874.35 0 754 0 0
1516083874.45 0 348 0 0
1516083874.55 0 522 0 0
1516083874.65 0 580 0 0
1516083874.75 0 580 0 0
1516083874.85 0 696 0 0
1516083874.95 0 638 0 0
1516083875.05 0 754 0 0
1516083875.15 0 754 0 0
1516083875.25 0 754 0 0
1516083875.35 0 812 0 0
1516083875.45 0 812 0 0
1516083875.55 0 754 0 0
1516083875.65 0 812 0 0
1516083875.75 0 754 0 0
1516083875.85 0 870 0 0
1516083875.95 0 580 0 0
1516083876.05 0 290 0 0
1516083876.15 0 464 0 0
1516083876.25 0 522 0 42
1516083876.35 0 522 0 0
1516083876.45 0 696 0 0
1516083876.55 0 638 0 0
1516083876.65 0 638 0 0
1516083876.75 0 696 0 0
1516083876.85 0 696 0 0
1516083876.96 0 870 0 0
1516083877.06 0 696 0 0
1516083877.16 0 812 0 0
1516083877.25 0 754 0 0
1516083877.36 0 812 0 0
1516083877.46 0 812 0 0
1516083877.56 0 812 0 0
1516083877.66 0 812 0 0
1516083877.76 0 464 0 0
1516083877.86 0 406 0 0
1516083877.96 0 464 0 0
1516083878.06 0 464 0 0
1516083878.16 0 580 0 0
1516083878.26 0 522 0 0
1516083878.36 0 638 0 0
1516083878.46 0 638 0 0
1516083878.56 0 638 0 0
1516083878.66 0 696 0 0
1516083878.76 0 812 0 0
1516083878.86 0 812 0 0
1516083878.96 0 812 0 0
1516083879.06 0 870 0 0
1516083879.16 0 696 0 0
1516083879.26 0 870 0 0
1516083879.36 0 754 0 0
1516083879.46 0 464 0 0
1516083879.56 0 348 0 0
1516083879.66 0 580 0 0
1516083879.76 0 696 0 0
1516083879.86 0 638 0 0
1516083879.97 0 696 0 0
1516083880.07 0 696 0 0
1516083880.17 0 754 0 0
1516083880.27 0 754 0 0
1516083880.37 0 812 0 0
1516083880.47 0 812 0 0
1516083880.57 0 754 0 0
1516083880.67 0 812 0 0
1516083880.77 0 754 0 0
1516083880.87 0 754 0 0
1516083880.97 0 348 0 0
1516083881.07 0 406 0 0
1516083881.17 0 696 0 0
1516083881.27 0 638 0 0
1516083881.37 0 696 0 0
1516083881.47 0 638 0 0
1516083881.57 0 812 0 0
1516083881.67 0 754 0 0
1516083881.77 0 812 0 0
1516083881.87 0 754 0 0
1516083881.97 0 754 0 0
1516083882.07 0 812 0 0
1516083882.17 0 754 0 0
1516083882.27 0 754 0 0
1516083882.37 0 754 0 0
1516083882.47 0 638 0 0
1516083882.57 0 174 0 0
1516083882.67 0 464 0 0
1516083882.77 0 406 0 0
1516083882.87 0 348 0 0
1516083882.97 0 464 0 0
1516083883.07 0 464 0 0
1516083883.17 0 580 0 0
1516083883.27 0 522 0 0
1516083883.37 0 638 0 0
1516083883.47 0 754 0 0
1516083883.57 0 638 0 0
1516083883.67 0 754 0 0
1516083883.77 0 696 0 0
1516083883.88 0 870 0 0
1516083883.97 0 638 0 0
1516083884.07 0 812 0 0
1516083884.17 0 696 0 0
1516083884.27 0 870 0 0
1516083884.37 0 754 0 0
1516083884.47 0 522 0 0
1516083884.57 0 348 0 0
1516083884.68 0 696 0 0
1516083884.78 0 580 0 0
1516083884.88 0 638 0 0
1516083884.98 0 638 0 0
1516083885.08 0 638 0 0
1516083885.18 0 754 0 0
1516083885.28 0 812 0 0
1516083885.38 0 754 0 0
1516083885.48 0 754 0 0
1516083885.58 0 754 0 0
1516083885.68 0 754 0 0
1516083885.78 0 870 0 0
1516083885.88 0 754 0 0
1516083885.98 0 522 0 0
1516083886.08 0 348 0 0
1516083886.18 0 522 0 0
1516083886.28 0 580 0 0
1516083886.38 0 638 0 0
1516083886.48 0 580 0 0
1516083886.58 0 696 0 0
1516083886.68 0 696 0 0
1516083886.78 0 870 0 0
1516083886.88 0 812 0 0
1516083886.98 0 870 0 0
1516083887.08 0 812 0 0
1516083887.18 0 812 0 0
1516083887.28 0 870 0 0
1516083887.38 0 870 0 0
1516083887.48 0 754 0 0
1516083887.58 0 522 0 0
1516083887.68 0 116 0 0
1516083887.78 0 406 0 0
1516083887.88 0 522 0 0
1516083887.99 0 522 0 0
1516083888.08 0 522 0 0
1516083888.18 0 580 0 0
1516083888.28 0 638 0 0
1516083888.38 0 638 0 0
1516083888.48 0 696 0 0
1516083888.58 0 696 0 0
1516083888.68 0 812 0 0
1516083888.79 0 812 0 0
1516083888.89 0 754 0 0
1516083888.99 0 812 0 0
1516083889.09 0 812 0 0
1516083889.19 0 754 0 0
1516083889.29 0 812 0 0
1516083889.39 0 812 0 0
1516083889.49 0 464 0 0
1516083889.59 0 348 0 0
1516083889.69 0 580 0 0
1516083889.79 0 580 0 0
1516083889.89 0 638 0 0
1516083889.99 0 638 0 0
1516083890.09 0 696 0 0
1516083890.19 0 696 0 0
1516083890.29 0 812 0 0
1516083890.39 0 754 0 0
1516083890.49 0 812 0 0
1516083890.59 0 812 0 0
1516083890.69 0 754 0 0
1516083890.79 0 754 0 0
1516083890.89 0 870 0 0
1516083890.99 0 754 0 0
1516083891.09 0 290 0 0
1516083891.19 0 348 0 0
1516083891.29 0 522 0 0
1516083891.39 0 580 0 0
1516083891.49 0 638 0 0
1516083891.59 0 754 0 0
1516083891.69 0 754 0 0
1516083891.79 0 812 0 0
1516083891.89 0 812 0 0
1516083891.99 0 870 0 0
1516083892.09 0 870 0 0
1516083892.19 0 812 0 0
1516083892.29 0 870 0 0
1516083892.39 0 870 0 42
1516083892.49 0 812 0 0
1516083892.59 0 580 0 0
1516083892.69 0 58 0 0
1516083892.79 0 232 0 0
1516083892.89 0 406 0 0
1516083892.99 0 464 0 0
1516083893.09 0 406 0 0
1516083893.19 0 464 0 0
1516083893.29 0 522 0 0
1516083893.39 0 522 0 0
1516083893.5 0 580 0 0
1516083893.59 0 580 0 0
1516083893.7 0 638 0 0
1516083893.8 0 696 0 0
1516083893.89 0 696 0 0
1516083893.99 0 638 0 0
1516083894.09 0 754 0 0
1516083894.2 0 696 0 0
1516083894.3 0 754 0 0
1516083894.4 0 812 0 0
1516083894.5 0 696 0 0
1516083894.6 0 464 0 0
1516083894.7 0 290 0 0
1516083894.8 0 638 0 0
1516083894.9 0 522 0 0
1516083895.0 0 580 0 0
1516083895.1 0 638 0 0
1516083895.2 0 696 0 0
1516083895.3 0 638 0 0
1516083895.4 0 754 0 0
1516083895.5 0 696 0 0
1516083895.6 0 812 0 0
1516083895.7 0 696 0 0
1516083895.8 0 812 0 0
1516083895.9 0 754 0 0
1516083896.0 0 870 0 0
1516083896.1 0 406 0 0
1516083896.2 0 116 0 0
1516083896.3 0 406 0 0
1516083896.4 0 464 0 0
1516083896.5 0 406 0 0
1516083896.6 0 464 0 0
1516083896.7 0 406 0 0
1516083896.8 0 580 0 0
1516083896.9 0 580 0 0
1516083897.0 0 464 0 0
1516083897.1 0 696 0 0
1516083897.2 0 580 0 0
1516083897.3 0 638 0 0
1516083897.4 0 754 0 0
1516083897.51 0 696 0 0
1516083897.61 0 696 0 0
1516083897.71 0 754 0 0
1516083897.8 0 638 0 0
1516083897.9 0 232 0 0
1516083898.0 0 406 0 0
1516083898.1 0 464 0 0
1516083898.2 0 522 0 0
1516083898.3 0 464 0 0
1516083898.4 0 638 0 0
1516083898.51 0 638 0 0
1516083898.6 0 580 0 0
1516083898.7 0 638 0 0
1516083898.81 0 754 0 0
1516083898.91 0 696 0 0
1516083899.0 0 754 0 0
1516083899.11 0 754 0 0
1516083899.21 0 696 0 0
1516083899.31 0 812 0 0
1516083899.41 0 754 0 0
1516083899.51 0 406 0 0
1516083899.61 0 348 0 0
1516083899.71 0 580 0 0
1516083899.81 0 522 0 0
1516083899.91 0 522 0 0
1516083900.01 0 580 0 0
1516083900.11 0 580 0 0
1516083900.21 0 696 0 0
1516083900.31 0 696 0 0
1516083900.41 0 696 0 0
1516083900.51 0 754 0 0
1516083900.61 0 754 0 0
1516083900.71 0 754 0 0
1516083900.81 0 754 0 0
1516083900.91 0 696 0 0
1516083901.01 0 754 0 0
1516083901.11 0 696 0 0
1516083901.21 0 348 0 0
1516083901.31 0 406 0 0
1516083901.41 0 522 0 0
1516083901.51 0 522 0 0
1516083901.61 0 580 0 0
1516083901.71 0 638 0 0
1516083901.81 0 638 0 0
1516083901.91 0 696 0 0
1516083902.02 0 754 0 0
1516083902.12 0 812 0 0
1516083902.22 0 754 0 0
1516083902.32 0 754 0 0
1516083902.42 0 754 0 0
1516083902.52 0 754 0 0
1516083902.62 0 812 0 0
1516083902.72 0 812 0 0
1516083902.82 0 348 0 0
1516083902.92 0 406 0 0
1516083903.02 0 638 0 0
1516083903.12 0 522 0 0
1516083903.22 0 696 0 0
1516083903.32 0 696 0 0
1516083903.42 0 696 0 0
1516083903.52 0 754 0 0
1516083903.62 0 754 0 0
1516083903.72 0 812 0 0
1516083903.82 0 986 0 0
1516083903.92 0 1044 0 0
1516083904.02 0 1218 0 0
1516083904.13 0 1334 0 0
1516083904.23 0 1218 0 0
1516083904.32 0 1160 0 0
1516083904.42 0 1218 0 0
1516083904.52 0 986 0 0
1516083904.62 0 58 0 0
1516083904.72 0 754 0 0
1516083904.83 0 870 0 0
1516083904.92 0 928 0 0
1516083905.02 0 928 0 0
1516083905.12 0 928 0 0
1516083905.22 0 1044 0 0
1516083905.33 0 1102 0 0
1516083905.43 0 1102 0 0
1516083905.53 0 1160 0 0
1516083905.63 0 1276 0 0
1516083905.72 0 1218 0 0
1516083905.82 0 1218 0 0
1516083905.93 0 1276 0 0
1516083906.03 0 1218 0 0
1516083906.13 0 754 0 0
1516083906.23 0 1160 0 0
1516083906.33 0 1044 0 0
1516083906.43 0 1218 0 0
1516083906.53 0 1276 0 0
1516083906.63 0 1276 0 0
1516083906.73 0 1218 0 0
1516083906.83 0 1334 0 0
1516083906.93 0 580 0 0
1516083907.03 0 812 0 0
1516083907.13 0 1044 0 0
1516083907.23 0 1102 0 0
1516083907.33 0 1102 0 0
1516083907.43 0 1218 0 0
1516083907.53 0 1276 0 0
1516083907.63 0 1334 0 0
1516083907.73 0 1160 0 0
1516083907.83 0 1160 0 0
1516083907.93 0 1102 0 0
1516083908.03 0 1218 0 0
1516083908.13 0 1276 0 0
1516083908.23 0 1218 0 0
1516083908.33 0 1160 0 0
1516083908.43 0 1276 0 0
1516083908.53 0 1218 0 0
1516083908.63 0 870 0 0
1516083908.73 0 1276 0 0
1516083908.83 0 1102 0 0
1516083908.93 0 1334 0 0
1516083909.03 0 1218 0 0
1516083909.13 0 1276 0 0
1516083909.23 0 1044 0 0
1516083909.33 0 1044 0 0
1516083909.43 0 1218 0 0
1516083909.53 0 1276 0 0
1516083909.64 0 1334 0 0
1516083909.73 0 1160 0 0
1516083909.84 0 1102 0 0
1516083909.94 0 1102 0 0
1516083910.04 0 1276 0 0
1516083910.14 0 1276 0 0
1516083910.24 0 1218 0 0
1516083910.34 0 1276 0 0
1516083910.44 0 1102 0 0
1516083910.54 0 1218 0 0
1516083910.64 0 1218 0 0
1516083910.74 0 1218 0 0
1516083910.84 0 1218 0 0
1516083910.94 0 1218 0 0
1516083911.04 0 1218 0 0
1516083911.14 0 1276 0 0
1516083911.24 0 1218 0 0
1516083911.34 0 1276 0 0
1516083911.44 0 1102 0 0
1516083911.54 0 1160 0 0
1516083911.64 0 1276 0 0
1516083911.74 0 1218 0 0
1516083911.84 0 1276 0 0
1516083911.94 0 1218 0 0
1516083912.04 0 1334 0 0
1516083912.14 0 1044 0 0
1516083912.25 0 754 0 0
1516083912.34 0 1044 0 0
1516083912.44 0 1160 0 0
1516083912.54 0 1218 0 0
1516083912.64 0 1276 0 0
1516083912.74 0 1218 0 0
1516083912.84 0 1276 0 0
1516083912.94 0 1218 0 0
1516083913.04 0 870 0 0
1516083913.14 0 1160 0 0
1516083913.24 0 1160 0 0
1516083913.34 0 1218 0 0
1516083913.44 0 1276 0 0
1516083913.54 0 1218 0 0
1516083913.64 0 1276 0 0
1516083913.74 0 1276 0 0
1516083913.85 0 1276 0 0
1516083913.94 0 1218 0 0
1516083914.05 0 1276 0 0
1516083914.14 0 1218 0 0
1516083914.24 0 1276 0 0
1516083914.35 0 1276 0 0
1516083914.45 0 1276 0 0
1516083914.55 0 1276 0 0
1516083914.65 0 1160 0 0
1516083914.75 0 1218 0 0
1516083914.85 0 1276 0 0
1516083914.95 0 1276 0 0
1516083915.05 0 754 0 0
1516083915.15 0 870 0 0
1516083915.24 0 1044 0 0
1516083915.35 0 1218 0 0
1516083915.45 0 1276 0 0
1516083915.55 0 1218 0 0
1516083915.65 0 1218 0 0
1516083915.75 0 1276 0 0
1516083915.85 0 1160 0 0
1516083915.95 0 1276 0 0
1516083916.05 0 1276 0 0
1516083916.15 0 1218 0 0
1516083916.25 0 1276 0 0
1516083916.35 0 1160 0 0
1516083916.45 0 1160 0 0
1516083916.55 0 1218 0 0
1516083916.65 0 1218 0 0
1516083916.75 0 1218 0 0
1516083916.85 0 1334 0 0
1516083916.95 0 1102 0 0
1516083917.05 0 1334 0 0
1516083917.15 0 1276 0 0
1516083917.25 0 1218 0 0
1516083917.35 0 1160 0 0
1516083917.45 0 1102 0 0
1516083917.55 0 1392 0 0
1516083917.65 0 1160 0 0
1516083917.75 0 1218 0 0
1516083917.85 0 1218 0 0
1516083917.95 0 1044 0 0
1516083918.05 0 1218 0 0
1516083918.15 0 1276 0 0
1516083918.25 0 1276 0 0
1516083918.35 0 1160 0 0
1516083918.45 0 1218 0 0
1516083918.55 0 1218 0 0
1516083918.65 0 1276 0 0
1516083918.76 0 1276 0 0
1516083918.85 0 1218 0 0
1516083918.95 0 928 0 0
1516083919.05 0 1218 0 0
1516083919.15 0 1276 0 0
1516083919.25 0 1276 0 0
1516083919.35 0 1218 0 0
1516083919.45 0 1276 0 0
1516083919.55 0 1218 0 0
1516083919.65 0 1218 0 0
1516083919.75 0 1276 0 0
1516083919.85 0 1218 0 0
1516083919.96 0 1276 0 0
1516083920.06 0 1276 0 0
1516083920.16 0 870 0 0
1516083920.26 0 1160 0 0
1516083920.36 0 1218 0 0
1516083920.46 0 1334 0 0
1516083920.56 0 1160 0 0
1516083920.66 0 1276 0 0
1516083920.76 0 1218 0 0
1516083920.86 0 1276 0 0
1516083920.96 0 1276 0 0
1516083921.06 0 1218 0 0
1516083921.16 0 1218 0 0
1516083921.26 0 1218 0 0
1516083921.36 0 1218 0 0
1516083921.46 0 1276 0 0
1516083921.56 0 1276 0 0
1516083921.66 0 1102 0 0
1516083921.76 0 1218 0 0
1516083921.86 0 1218 0 0
1516083921.96 0 1276 0 0
1516083922.06 0 1276 0 0
1516083922.16 0 1160 0 0
1516083922.26 0 1218 0 0
1516083922.36 0 1276 0 0
1516083922.46 0 1218 0 0
1516083922.56 0 1276 0 0
1516083922.66 0 1218 0 0
1516083922.76 0 1102 0 0
1516083922.87 0 1334 0 0
1516083922.97 0 1276 0 0
1516083923.07 0 1160 0 0
1516083923.17 0 1218 0 0
1516083923.26 0 1218 0 0
1516083923.37 0 1218 0 0
1516083923.46 0 1218 0 0
1516083923.56 0 1160 0 0
1516083923.67 0 1160 0 0
1516083923.77 0 1276 0 0
1516083923.87 0 1276 0 0
1516083923.97 0 1218 0 0
1516083924.07 0 1276 0 0
1516083924.16 0 1218 0 0
1516083924.27 0 1160 0 0
1516083924.37 0 1276 0 0
1516083924.47 0 1276 0 0
1516083924.57 0 1276 0 0
1516083924.67 0 1044 0 0
1516083924.77 0 1218 0 0
1516083924.87 0 1276 0 0
1516083924.97 0 1276 0 0
1516083925.07 0 1218 0 42
1516083925.17 0 1218 0 0
1516083925.27 0 928 0 0
1516083925.37 0 1218 0 0
1516083925.47 0 1276 0 0
1516083925.57 0 1276 0 0
1516083925.67 0 1218 0 0
1516083925.77 0 1218 0 0
1516083925.87 0 1160 0 0
1516083925.97 0 1276 0 0
1516083926.07 0 1276 0 0
1516083926.17 0 1218 0 0
1516083926.27 0 1276 0 0
1516083926.37 0 928 0 0
1516083926.47 0 1276 0 0
1516083926.57 0 1276 0 0
1516083926.67 0 1218 0 0
1516083926.77 0 1218 0 0
1516083926.87 0 1102 0 0
1516083926.97 0 1218 0 0
1516083927.08 0 1392 0 0
1516083927.17 0 1160 0 0
1516083927.27 0 1160 0 0
1516083927.37 0 1160 0 0
1516083927.47 0 1276 0 0
1516083927.57 0 1218 0 0
1516083927.67 0 1276 0 0
1516083927.77 0 1218 0 0
1516083927.87 0 986 0 0
1516083927.97 0 1218 0 0
1516083928.07 0 1218 0 0
1516083928.17 0 1276 0 0
1516083928.27 0 1276 0 0
1516083928.37 0 1102 0 0
1516083928.47 0 1160 0 0
1516083928.57 0 1276 0 0
1516083928.67 0 1276 0 0
1516083928.77 0 1276 0 0
1516083928.87 0 1276 0 0
1516083928.98 0 1044 0 0
1516083929.07 0 1218 0 0
1516083929.17 0 1276 0 0
1516083929.27 0 1276 0 0
1516083929.37 0 1218 0 0
1516083929.47 0 1102 0 0
1516083929.58 0 1276 0 0
1516083929.68 0 1218 0 0
1516083929.78 0 1276 0 0
1516083929.87 0 1276 0 0
1516083929.97 0 986 0 0
1516083930.08 0 1276 0 0
1516083930.18 0 1218 0 0
1516083930.28 0 1276 0 0
1516083930.38 0 1276 0 0
1516083930.48 0 1044 0 0
1516083930.58 0 1276 0 0
1516083930.68 0 1276 0 0
1516083930.79 0 1392 0 0
1516083930.88 0 1044 0 0
1516083930.98 0 1044 0 0
1516083931.09 0 1334 0 0
1516083931.18 0 1160 0 0
1516083931.28 0 1218 0 0
1516083931.38 0 1276 0 0
1516083931.48 0 1218 0 0
1516083931.58 0 1276 0 0
1516083931.68 0 1218 0 0
1516083931.78 0 1276 0 0
1516083931.88 0 1276 0 0
1516083931.98 0 1218 0 0
1516083932.08 0 1218 0 0
1516083932.18 0 1276 0 0
1516083932.29 0 1276 0 0
1516083932.39 0 1218 0 0
1516083932.49 0 1276 0 0
1516083932.58 0 1218 0 0
1516083932.69 0 1334 0 0
1516083932.79 0 1218 0 0
1516083932.89 0 1218 0 0
1516083932.99 0 1102 0 0
1516083933.09 0 1218 0 0
1516083933.19 0 1276 0 0
1516083933.29 0 1218 0 0
1516083933.39 0 1276 0 0
1516083933.49 0 1276 0 0
1516083933.59 0 1218 0 0
1516083933.69 0 1276 0 0
1516083933.79 0 1276 0 0
1516083933.89 0 1276 0 0
1516083933.99 0 1276 0 0
1516083934.09 0 1218 0 0
1516083934.19 0 1276 0 0
1516083934.29 0 1218 0 0
1516083934.39 0 1102 0 0
1516083934.49 0 1160 0 0
1516083934.59 0 1276 0 0
1516083934.69 0 1276 0 0
1516083934.79 0 1276 0 42
1516083934.89 0 1218 0 0
1516083934.99 0 1276 0 0
1516083935.09 0 1218 0 0
1516083935.19 0 1218 0 0
1516083935.29 0 1218 0 0
1516083935.39 0 1218 0 0
1516083935.49 0 1276 0 0
1516083935.59 0 1218 0 0
1516083935.69 0 1276 0 0
1516083935.79 0 1276 0 0
1516083935.89 0 1044 0 0
1516083935.99 0 1218 0 0
1516083936.09 0 1276 0 0
1516083936.19 0 1276 0 0
1516083936.29 0 1160 0 0
1516083936.39 0 1102 0 0
1516083936.49 0 1276 0 0
1516083936.59 0 1276 0 0
1516083936.69 0 1276 0 0
1516083936.79 0 1218 0 0
1516083936.89 0 1218 0 0
1516083936.99 0 1218 0 0
1516083937.09 0 1276 0 0
1516083937.19 0 1218 0 0
1516083937.29 0 1334 0 0
1516083937.39 0 1102 0 0
1516083937.49 0 1276 0 0
1516083937.59 0 1218 0 0
1516083937.69 0 1218 0 0
1516083937.79 0 1276 0 0
1516083937.89 0 812 0 0
1516083937.99 0 1218 0 0
1516083938.1 0 1276 0 0
1516083938.2 0 1276 0 0
1516083938.3 0 1276 0 0
1516083938.39 0 1218 0 0
1516083938.5 0 1160 0 0
1516083938.6 0 1276 0 0
1516083938.7 0 1276 0 0
1516083938.8 0 1160 0 0
1516083938.9 0 1334 0 0
1516083939.0 0 1218 0 0
1516083939.1 0 1218 0 0
1516083939.2 0 1276 0 0
1516083939.3 0 1276 0 0
1516083939.4 0 1218 0 0
1516083939.5 0 1160 0 0
1516083939.6 0 1276 0 0
1516083939.7 0 1218 0 0
1516083939.8 0 1276 0 0
1516083939.9 0 1334 0 0
1516083940.0 0 986 0 0
1516083940.1 0 1160 0 0
1516083940.2 0 1276 0 0
1516083940.3 0 1334 0 0
1516083940.4 0 1218 0 0
1516083940.5 0 1276 0 0
1516083940.6 0 1160 0 0
1516083940.7 0 174 0 3540
1516083940.8 0 0 0 0
1516083940.9 0 0 0 0
1516083941.0 0 0 0 0
1516083941.1 0 0 0 0
1516083941.2 0 0 0 0
1516083941.3 0 0 0 0
1516083941.4 0 0 0 0
1516083941.5 0 0 0 0
1516083941.6 0 0 0 0
1516083941.7 0 0 0 590
1516083941.8 0 0 0 0
1516083941.9 0 0 0 0
1516083942.0 0 0 0 0
1516083942.1 0 0 0 0
1516083942.2 0 0 0 0
1516083942.3 0 0 0 0
1516083942.4 0 0 0 0
1516083942.5 0 0 0 0
1516083942.6 0 0 0 0
1516083942.7 0 0 0 590
1516083942.8 0 0 0 0
1516083942.9 0 0 0 0
1516083943.01 0 0 0 0
1516083943.1 0 0 0 0
1516083943.2 0 0 0 0
1516083943.3 0 0 0 0
1516083943.41 0 0 0 0
1516083943.5 0 0 0 0
1516083943.61 0 0 0 0
1516083943.71 0 0 0 0
1516083943.81 0 0 0 0
1516083943.91 0 0 0 0
1516083944.01 0 0 0 0
1516083944.11 0 0 0 0
1516083944.21 0 0 0 0
1516083944.31 0 0 0 0
1516083944.41 0 0 0 0
1516083944.51 0 0 0 0
1516083944.61 0 0 0 0
1516083944.71 0 0 0 0
1516083944.81 0 0 0 0
1516083944.91 0 0 0 0
1516083945.01 0 0 0 0
1516083945.11 0 0 0 0
1516083945.21 0 0 0 0
1516083945.31 0 0 0 0
1516083945.41 0 0 0 0
1516083945.51 0 0 0 0
1516083945.61 0 0 0 0
1516083945.71 0 0 0 0
1516083945.81 0 0 0 0
1516083945.91 0 0 0 0
1516083946.01 0 0 0 0
1516083946.11 0 0 0 0
1516083946.21 0 0 0 0
1516083946.31 0 0 0 0
1516083946.41 0 0 0 0
1516083946.51 0 0 0 0
1516083946.61 0 0 0 0
1516083946.71 0 0 0 0
1516083946.81 0 0 0 0
1516083946.91 0 0 0 0
1516083947.01 0 0 0 0
1516083947.11 0 0 0 0
1516083947.21 0 0 0 0
1516083947.31 0 0 0 0
1516083947.41 0 0 0 0
1516083947.51 0 0 0 0
1516083947.61 0 0 0 0
1516083947.71 0 0 0 0
1516083947.81 0 0 0 0
1516083947.91 0 0 0 0
1516083948.01 0 0 0 0
1516083948.11 0 0 0 0
1516083948.21 0 0 0 0
1516083948.31 0 0 0 0
1516083948.41 0 0 0 0
1516083948.51 0 0 0 0
1516083948.61 0 0 0 0
1516083948.71 0 0 0 0
1516083948.82 0 0 0 0
1516083948.91 0 0 0 0
1516083949.01 0 0 0 0
1516083949.12 0 0 0 0
1516083949.21 0 0 0 0
1516083949.32 0 0 0 0
1516083949.42 0 0 0 0
1516083949.52 0 0 0 0
1516083949.62 0 0 0 0
1516083949.72 0 0 0 0
1516083949.82 0 0 0 0
1516083949.92 0 0 0 0
1516083950.02 0 0 0 0
1516083950.12 0 0 0 0
1516083950.22 0 0 0 0
1516083950.32 0 0 0 0
1516083950.42 0 0 0 0
1516083950.52 0 0 0 0
1516083950.62 0 0 0 0
1516083950.73 0 0 0 0
1516083950.83 0 0 0 0
1516083950.91 0 0 0 0
1516083951.01 0 0 0 0
1516083951.11 0 0 0 0
1516083951.21 0 0 0 0
1516083951.31 0 0 0 0
1516083951.41 0 0 0 0
1516083951.51 0 0 0 0
1516083951.62 0 0 0 0
1516083951.71 0 0 0 0
1516083951.81 0 0 0 0
1516083951.91 0 0 0 0
1516083952.02 0 0 0 0
1516083952.11 0 0 0 0
1516083952.21 0 0 0 0
1516083952.31 0 0 0 0
1516083952.43 0 0 0 0
1516083952.52 0 0 0 0
1516083952.62 0 0 0 0
1516083952.73 0 0 0 0
1516083952.82 0 0 0 0
1516083952.93 0 0 0 0
1516083953.01 0 0 0 0
1516083953.12 0 0 0 0
1516083953.21 0 0 0 0
1516083953.32 0 0 0 0
1516083953.41 0 0 0 0
