1516083825.926051, 1, 12112.000000
1516083826.026249, 0, 10900.799805
1516083826.126468, 0, 9810.719727
1516083826.226660, 8, 105725.648438
1516083826.326784, 21, 349505.062500
1516083826.427016, 21, 568906.562500
1516083826.527210, 15, 693695.937500
1516083826.627339, 0, 624326.375000
1516083826.727511, 2, 586117.750000
1516083826.827724, 4, 575954.000000
1516083826.927849, 4, 566806.625000
1516083827.028008, 4, 558573.937500
1516083827.128185, 5, 563276.562500
1516083827.228384, 5, 567508.875000
1516083827.328695, 6, 583430.000000
1516083827.428839, 6, 597759.000000
1516083827.528957, 7, 622767.125000
1516083827.629166, 7, 645274.437500
1516083827.729409, 8, 677643.000000
1516083827.829630, 9, 718886.687500
1516083827.929757, 10, 768118.000000
1516083828.029969, 11, 824538.187500
1516083828.130192, 11, 875316.375000
1516083828.230634, 12, 933128.750000
1516083828.330867, 14, 1009383.875000
1516083828.431175, 14, 1078013.500000
1516083828.531592, 16, 1164004.125000
1516083828.631906, 17, 1253507.750000
1516083828.732068, 17, 1334061.000000
1516083828.832434, 17, 1406558.875000
1516083828.932561, 18, 1483919.000000
1516083829.032836, 15, 1517207.125000
1516083829.132957, 17, 1571390.375000
1516083829.233145, 18, 1632267.375000
1516083829.333235, 18, 1687056.625000
1516083829.433659, 18, 1736367.000000
1516083829.533985, 20, 1804970.250000
1516083829.634466, 17, 1830377.250000
1516083829.734582, 18, 1865355.500000
1516083829.834694, 19, 1908948.000000
1516083829.934905, 19, 1948181.250000
1516083830.035140, 19, 1983491.125000
1516083830.135293, 18, 2003158.000000
1516083830.235578, 18, 2020858.250000
1516083830.335676, 19, 2048900.375000
1516083830.436123, 19, 2074138.375000
1516083830.536242, 20, 2108964.500000
1516083830.636381, 16, 2091860.000000
1516083830.736580, 18, 2100690.000000
1516083830.837015, 19, 2120749.000000
1516083830.937140, 19, 2138802.000000
1516083831.037563, 19, 2155049.750000
1516083831.137680, 21, 2193896.750000
1516083831.237855, 19, 2204635.000000
1516083831.338030, 18, 2202187.500000
1516083831.438582, 19, 2212096.750000
1516083831.539228, 21, 2245239.000000
1516083831.639559, 20, 2262955.000000
1516083831.739745, 20, 2278899.500000
1516083831.840103, 18, 2269025.500000
1516083831.940280, 19, 2272251.000000
1516083832.040755, 19, 2275154.000000
1516083832.140929, 20, 2289878.500000
1516083832.241350, 20, 2303130.750000
1516083832.341468, 21, 2327169.750000
1516083832.441593, 19, 2324580.750000
1516083832.541694, 19, 2322250.750000
1516083832.641822, 21, 2344377.750000
1516083832.742111, 20, 2352180.000000
1516083832.842225, 20, 2359202.000000
1516083832.942302, 20, 2365521.750000
1516083833.042659, 17, 2334873.500000
1516083833.142773, 20, 2343626.250000
1516083833.243173, 21, 2363615.500000
1516083833.343344, 20, 2369494.000000
1516083833.443733, 20, 2374784.500000
1516083833.543905, 21, 2391658.000000
1516083833.643979, 17, 2358396.250000
1516083833.744138, 19, 2352684.500000
1516083833.844811, 20, 2359656.000000
1516083833.945199, 21, 2378042.500000
1516083834.045347, 20, 2382478.250000
1516083834.145434, 20, 2386470.500000
1516083834.245804, 20, 2390063.500000
1516083834.345925, 20, 2393297.250000
1516083834.446393, 20, 2396207.500000
1516083834.546541, 20, 2398826.750000
1516083834.646635, 21, 2413296.000000
1516083834.746808, 19, 2402094.500000
1516083834.847270, 18, 2379901.000000
1516083834.947470, 20, 2384151.000000
1516083835.047645, 21, 2400088.000000
1516083835.147863, 20, 2402319.250000
1516083835.247982, 21, 2416439.250000
1516083835.348128, 19, 2404923.250000
1516083835.448323, 19, 2394559.000000
1516083835.548438, 19, 2385231.000000
1516083835.648541, 20, 2388948.000000
1516083835.748651, 21, 2404405.250000
1516083835.848775, 21, 2418316.750000
1516083835.948888, 20, 2418725.000000
1516083836.048997, 19, 2406980.500000
1516083836.149115, 20, 2408522.500000
1516083836.249227, 21, 2422022.250000
1516083836.349360, 20, 2422060.000000
1516083836.449739, 19, 2409982.000000
1516083836.550025, 20, 2411223.750000
1516083836.650407, 20, 2412341.500000
1516083836.750535, 21, 2425459.250000
1516083836.851040, 20, 2425153.250000
1516083836.951187, 21, 2436990.000000
1516083837.051456, 19, 2423419.000000
1516083837.151646, 20, 2423317.000000
1516083837.252121, 21, 2435337.250000
1516083837.352560, 21, 2446155.500000
1516083837.452904, 21, 2455892.000000
1516083837.553344, 20, 2452542.750000
1516083837.653701, 16, 2401080.500000
1516083837.753896, 19, 2391100.500000
1516083837.853982, 20, 2394230.500000
1516083837.954130, 20, 2397047.500000
1516083838.054595, 21, 2411694.750000
1516083838.155039, 21, 2424877.250000
1516083838.255187, 21, 2436741.500000
1516083838.355348, 19, 2423195.250000
1516083838.455532, 20, 2423115.750000
1516083838.555710, 21, 2435156.250000
1516083838.655889, 21, 2445992.500000
1516083838.756095, 20, 2443633.250000
1516083838.856306, 20, 2441510.000000
1516083838.956602, 22, 2463823.000000
1516083839.056776, 20, 2459680.750000
1516083839.156918, 21, 2468064.750000
1516083839.257097, 21, 2475610.250000
1516083839.357302, 20, 2470289.250000
1516083839.457540, 21, 2477612.250000
1516083839.557711, 21, 2484203.000000
1516083839.657910, 21, 2490134.750000
1516083839.758086, 20, 2483361.250000
1516083839.858263, 21, 2489377.000000
1516083839.958767, 20, 2482679.250000
1516083840.059178, 21, 2488763.250000
1516083840.159459, 21, 2494239.000000
1516083840.259858, 20, 2487055.000000
1516083840.360085, 21, 2492701.500000
1516083840.460256, 20, 2485671.250000
1516083840.560440, 19, 2467232.000000
1516083840.660605, 20, 2462748.750000
1516083840.760715, 20, 2458714.000000
1516083840.860812, 21, 2467194.500000
1516083840.960955, 21, 2474827.000000
1516083841.061117, 20, 2469584.250000
1516083841.161265, 21, 2476977.750000
1516083841.261452, 21, 2483632.000000
1516083841.361620, 21, 2489620.750000
1516083841.461753, 21, 2495010.750000
1516083841.561831, 20, 2487749.750000
1516083841.662000, 21, 2493326.750000
1516083841.762217, 19, 2474122.000000
1516083841.862475, 20, 2468949.750000
1516083841.962797, 20, 2464294.750000
1516083842.063293, 21, 2472217.250000
1516083842.163526, 20, 2467235.500000
1516083842.263700, 21, 2474864.000000
1516083842.363916, 19, 2457505.500000
1516083842.464087, 19, 2441883.000000
1516083842.564286, 20, 2439934.750000
1516083842.664523, 21, 2450293.250000
1516083842.764638, 20, 2447504.000000
1516083842.864809, 21, 2457105.500000
1516083842.964954, 21, 2465747.000000
1516083843.065231, 20, 2461412.250000
1516083843.165998, 21, 2469623.000000
1516083843.266158, 21, 2477012.750000
1516083843.366398, 20, 2471551.500000
1516083843.466652, 20, 2466636.250000
1516083843.567283, 20, 2462212.500000
1516083843.667481, 21, 2470343.250000
1516083843.767664, 21, 2477661.000000
1516083843.867856, 20, 2472135.000000
1516083843.968020, 20, 2467161.500000
1516083844.068172, 20, 2462685.250000
1516083844.168375, 20, 2458656.750000
1516083844.268536, 20, 2455031.000000
1516083844.368770, 21, 2463880.000000
1516083844.468997, 20, 2459732.000000
1516083844.569180, 20, 2455998.750000
1516083844.669438, 20, 2452639.000000
1516083844.769607, 20, 2449615.000000
1516083844.869802, 20, 2446893.500000
1516083844.970014, 21, 2456556.250000
1516083845.070202, 21, 2465252.500000
1516083845.170339, 21, 2473079.250000
1516083845.270477, 20, 2468011.250000
1516083845.370571, 20, 2463450.000000
1516083845.470680, 21, 2471457.000000
1516083845.570814, 20, 2466551.250000
1516083845.670991, 21, 2474248.000000
1516083845.771160, 21, 2481175.250000
1516083845.871455, 20, 2475297.750000
1516083845.971661, 21, 2482120.000000
1516083846.071822, 21, 2488260.000000
1516083846.172024, 20, 2481674.000000
1516083846.272190, 21, 2487858.500000
1516083846.372349, 21, 2493424.750000
1516083846.472530, 20, 2486322.250000
1516083846.572980, 21, 2492042.000000
1516083846.673246, 21, 2497189.750000
1516083846.773426, 20, 2489710.750000
1516083846.873621, 21, 2495091.750000
1516083846.975161, 21, 2499934.500000
1516083847.075395, 20, 2492181.000000
1516083847.175831, 21, 2497315.000000
1516083847.276039, 20, 2489823.500000
1516083847.376647, 21, 2495193.250000
1516083847.477118, 21, 2500026.000000
1516083847.577448, 20, 2492263.500000
1516083847.677834, 21, 2497389.250000
1516083847.778225, 18, 2465666.250000
1516083847.878439, 21, 2473451.500000
1516083847.978546, 21, 2480458.250000
1516083848.078686, 20, 2474652.500000
1516083848.178873, 19, 2457315.250000
1516083848.279028, 20, 2453823.750000
1516083848.379188, 20, 2450681.500000
1516083848.479633, 21, 2459965.250000
1516083848.580045, 20, 2456208.750000
1516083848.680498, 21, 2464940.000000
1516083848.780816, 19, 2448574.000000
1516083848.881220, 21, 2458068.500000
1516083848.981707, 20, 2454501.750000
1516083849.082043, 21, 2463403.500000
1516083849.182174, 18, 2435079.250000
1516083849.282293, 18, 2409587.250000
1516083849.382427, 20, 2410868.500000
1516083849.482520, 21, 2424133.750000
1516083849.582841, 21, 2436072.500000
1516083849.683364, 20, 2434705.250000
1516083849.783552, 21, 2445586.750000
1516083849.883743, 20, 2443268.000000
1516083849.983952, 20, 2441181.250000
1516083850.084136, 21, 2451415.000000
1516083850.184277, 21, 2460625.500000
1516083850.284652, 21, 2468915.000000
1516083850.384907, 20, 2464263.500000
1516083850.485114, 21, 2472189.250000
1516083850.585541, 21, 2479322.250000
1516083850.685898, 20, 2473630.000000
1516083850.786239, 21, 2480619.000000
1516083850.886489, 20, 2474797.000000
1516083850.986944, 21, 2481669.250000
1516083851.087163, 20, 2475742.250000
1516083851.187321, 20, 2470408.000000
1516083851.287447, 18, 2441383.250000
1516083851.387686, 20, 2439485.000000
1516083851.487821, 21, 2449888.500000
1516083851.587967, 21, 2459251.750000
1516083851.688118, 20, 2455566.500000
1516083851.788301, 19, 2440137.750000
1516083851.888415, 20, 2438364.000000
1516083851.988515, 19, 2424655.500000
1516083852.088705, 20, 2424430.000000
1516083852.188893, 21, 2436339.000000
1516083852.289172, 20, 2434945.000000
1516083852.389366, 21, 2445802.500000
1516083852.489522, 21, 2455574.250000
1516083852.589714, 21, 2464368.750000
1516083852.689881, 20, 2460172.000000
1516083852.790071, 21, 2468506.750000
1516083852.890220, 21, 2476008.000000
1516083852.990415, 21, 2482759.250000
1516083853.090581, 20, 2476723.250000
1516083853.191027, 21, 2483403.000000
1516083853.291420, 21, 2489414.750000
1516083853.391922, 20, 2482713.250000
1516083853.492113, 21, 2488794.000000
1516083853.592310, 19, 2470042.500000
1516083853.692700, 21, 2477390.250000
1516083853.793124, 21, 2484003.250000
1516083853.893413, 20, 2477843.000000
1516083853.993563, 21, 2484410.750000
1516083854.093706, 19, 2466097.750000
1516083854.193887, 19, 2449616.000000
1516083854.294034, 20, 2446894.500000
1516083854.394206, 20, 2444445.000000
1516083854.494439, 21, 2454352.500000
1516083854.594601, 20, 2451157.250000
1516083854.694790, 20, 2448281.500000
1516083854.794957, 20, 2445693.250000
1516083854.895130, 19, 2431252.000000
1516083854.995302, 20, 2430366.750000
1516083855.095637, 21, 2441682.000000
1516083855.195746, 21, 2451865.750000
1516083855.295915, 20, 2448919.250000
1516083855.396006, 21, 2458379.250000
1516083855.496158, 21, 2466893.250000
1516083855.596440, 21, 2474556.000000
1516083855.696541, 20, 2469340.500000
1516083855.796674, 21, 2476758.500000
1516083855.896884, 20, 2471322.750000
1516083855.997022, 20, 2466430.500000
1516083856.097144, 19, 2449915.500000
1516083856.197265, 21, 2459276.000000
1516083856.297420, 21, 2467700.500000
1516083856.397602, 21, 2475282.500000
1516083856.497776, 19, 2457882.250000
1516083856.597951, 19, 2442222.000000
1516083856.698083, 21, 2452351.750000
1516083856.798211, 21, 2461468.500000
1516083856.898524, 20, 2457561.750000
1516083856.998625, 20, 2454045.500000
1516083857.098701, 19, 2438769.000000
1516083857.198855, 18, 2412908.000000
1516083857.298936, 19, 2401745.250000
1516083857.399011, 20, 2403810.750000
1516083857.499088, 21, 2417781.750000
1516083857.599181, 21, 2430355.500000
1516083857.699371, 20, 2429560.000000
1516083857.799514, 20, 2428844.000000
1516083857.899592, 20, 2428199.500000
1516083857.999707, 19, 2415507.500000
1516083858.099867, 19, 2404084.750000
1516083858.200020, 20, 2405916.250000
1516083858.300125, 21, 2419676.500000
1516083858.400517, 20, 2419948.750000
1516083858.500610, 22, 2444418.000000
1516083858.600819, 18, 2417992.250000
1516083858.701029, 17, 2382097.000000
1516083858.801139, 18, 2361903.250000
1516083858.901335, 19, 2355841.000000
1516083859.001532, 20, 2362497.000000
1516083859.101685, 20, 2368487.250000
1516083859.201859, 21, 2385990.500000
1516083859.301945, 21, 2401743.500000
1516083859.402101, 21, 2415921.250000
1516083859.502562, 20, 2416569.000000
1516083859.602719, 21, 2429264.000000
1516083859.702858, 21, 2440689.500000
1516083859.803175, 21, 2450972.500000
1516083859.903295, 19, 2436003.250000
1516083860.003438, 20, 2434643.000000
1516083860.103901, 19, 2421306.750000
1516083860.204024, 19, 2409304.000000
1516083860.304119, 20, 2410613.500000
1516083860.404200, 21, 2423904.250000
1516083860.504313, 21, 2435865.750000
1516083860.604456, 20, 2434519.250000
1516083860.704576, 20, 2433307.250000
1516083860.804713, 19, 2420104.500000
1516083860.904904, 21, 2432446.000000
1516083861.005189, 21, 2443553.500000
1516083861.105295, 21, 2453550.250000
1516083861.205396, 20, 2450435.250000
1516083861.305817, 19, 2435519.750000
1516083861.406196, 20, 2434207.750000
1516083861.506303, 20, 2433027.000000
1516083861.606427, 21, 2444076.250000
1516083861.706910, 21, 2454020.500000
1516083861.807009, 21, 2462970.500000
1516083861.907108, 20, 2458913.500000
1516083862.007261, 20, 2455262.250000
1516083862.107355, 21, 2464088.000000
1516083862.207444, 21, 2472031.250000
1516083862.307610, 20, 2467068.000000
1516083862.407984, 19, 2450489.250000
1516083862.508155, 20, 2447680.250000
1516083862.608236, 20, 2445152.250000
1516083862.708411, 21, 2454989.000000
1516083862.808501, 20, 2451730.000000
1516083862.908672, 21, 2460909.000000
1516083863.008754, 20, 2457058.000000
1516083863.108841, 19, 2441480.250000
1516083863.208947, 20, 2439572.250000
1516083863.309027, 21, 2449967.000000
1516083863.409128, 21, 2459322.250000
1516083863.509220, 20, 2455630.000000
1516083863.609348, 20, 2452307.000000
1516083863.709440, 19, 2437204.250000
1516083863.809551, 20, 2435723.750000
1516083863.909635, 21, 2446503.500000
1516083864.009737, 20, 2444093.250000
1516083864.109902, 21, 2454036.000000
1516083864.210032, 20, 2450872.500000
1516083864.310147, 21, 2460137.250000
1516083864.410305, 20, 2456363.500000
1516083864.510412, 20, 2452967.250000
1516083864.610549, 22, 2474134.500000
1516083864.710660, 20, 2468961.000000
1516083864.811135, 18, 2440081.000000
1516083864.911288, 17, 2401977.000000
1516083865.011423, 16, 2355571.250000
1516083865.111516, 15, 2301694.000000
1516083865.211611, 15, 2253204.500000
1516083865.311740, 13, 2185340.000000
1516083865.411843, 13, 2124262.000000
1516083865.511944, 7, 1996619.750000
1516083865.612075, 2, 1821181.750000
1516083865.712153, 5, 1699623.625000
1516083865.812273, 5, 1590221.250000
1516083865.912400, 5, 1491759.125000
1516083866.012530, 5, 1403143.250000
1516083866.112655, 6, 1335500.875000
1516083866.214361, 7, 1286734.750000
1516083866.314459, 7, 1242845.250000
1516083866.414541, 7, 1203344.750000
1516083866.514631, 8, 1179906.250000
1516083866.614799, 9, 1170923.625000
1516083866.714903, 9, 1162839.250000
1516083866.814994, 10, 1167675.375000
1516083866.915087, 11, 1184139.875000
1516083867.015239, 11, 1198957.875000
1516083867.115433, 12, 1224406.125000
1516083867.215564, 13, 1259421.500000
1516083867.315739, 13, 1290935.375000
1516083867.415862, 13, 1319297.875000
1516083867.516043, 14, 1356936.125000
1516083867.616131, 13, 1378698.500000
1516083867.716259, 13, 1398284.625000
1516083867.816379, 13, 1415912.125000
1516083867.916561, 13, 1431776.875000
1516083868.016687, 10, 1409719.250000
1516083868.116810, 7, 1353531.375000
1516083868.217030, 9, 1327186.250000
1516083868.317152, 9, 1303475.625000
1516083868.417324, 9, 1282136.000000
1516083868.517552, 10, 1275042.375000
1516083868.617738, 10, 1268658.125000
1516083868.717883, 11, 1275024.250000
1516083868.818044, 12, 1292865.875000
1516083868.919154, 12, 1308923.250000
1516083869.019312, 11, 1311262.875000
1516083869.119412, 12, 1325480.625000
1516083869.220518, 12, 1338276.500000
1516083869.320850, 11, 1337680.875000
1516083869.420959, 12, 1349256.750000
1516083869.521076, 11, 1347563.125000
1516083869.621227, 3, 1249142.750000
1516083869.721388, 8, 1221124.500000
1516083869.821751, 7, 1183796.000000
1516083869.921928, 7, 1150200.375000
1516083870.022148, 8, 1132076.375000
1516083870.122392, 9, 1127876.750000
1516083870.222528, 9, 1124097.125000
1516083870.322693, 10, 1132807.375000
1516083870.422867, 10, 1140646.625000
1516083870.523095, 12, 1171926.000000
1516083870.623699, 11, 1187965.375000
1516083870.723975, 13, 1226624.875000
1516083870.824213, 12, 1249306.375000
1516083870.924449, 12, 1269719.750000
1516083871.024592, 13, 1300203.750000
1516083871.124718, 11, 1303415.375000
1516083871.224828, 13, 1330529.875000
1516083871.324919, 10, 1318596.875000
1516083871.425071, 7, 1271521.250000
1516083871.525687, 9, 1253377.125000
1516083871.625993, 9, 1237047.375000
1516083871.726096, 10, 1234462.625000
1516083871.826181, 10, 1232136.375000
1516083871.926329, 11, 1242154.750000
1516083872.026498, 12, 1263283.250000
1516083872.126613, 12, 1282298.875000
1516083872.226810, 12, 1299413.000000
1516083872.326975, 13, 1326927.750000
1516083872.427157, 12, 1339579.000000
1516083872.527256, 12, 1350965.125000
1516083872.627395, 11, 1349100.625000
1516083872.727559, 12, 1359534.500000
1516083872.827744, 10, 1344701.000000
1516083872.927912, 7, 1295014.875000
1516083873.028002, 9, 1274521.375000
1516083873.128093, 8, 1243965.250000
1516083873.228190, 9, 1228576.750000
1516083873.328280, 9, 1214727.125000
1516083873.428364, 11, 1226486.375000
1516083873.528655, 10, 1224957.750000
1516083873.628966, 12, 1247806.000000
1516083873.729066, 12, 1268369.375000
1516083873.829451, 12, 1286876.500000
1516083873.929748, 12, 1303532.875000
1516083874.030407, 12, 1318523.625000
1516083874.130785, 12, 1332015.250000
1516083874.231077, 12, 1344157.750000
1516083874.331316, 6, 1282414.000000
1516083874.431424, 8, 1251068.625000
1516083874.532650, 9, 1234969.750000
1516083874.632820, 8, 1208368.750000
1516083874.733010, 9, 1196539.875000
1516083874.833195, 11, 1210117.875000
1516083874.933379, 10, 1210226.125000
1516083875.033556, 12, 1234547.500000
1516083875.133747, 12, 1256436.750000
1516083875.233997, 12, 1276137.125000
1516083875.334296, 12, 1293867.375000
1516083875.434421, 13, 1321936.625000
1516083875.534525, 12, 1335087.000000
1516083875.634627, 12, 1346922.250000
1516083875.734779, 11, 1345462.000000
1516083875.834960, 11, 1344147.750000
1516083875.935044, 6, 1282405.000000
1516083876.035260, 7, 1238948.500000
1516083876.135409, 8, 1211949.625000
1516083876.235563, 9, 1199762.625000
1516083876.335756, 9, 1188794.375000
1516083876.435945, 9, 1178923.000000
1516083876.536046, 11, 1194262.750000
1516083876.636215, 11, 1208068.500000
1516083876.736408, 12, 1232605.625000
1516083876.836516, 12, 1254689.000000
1516083876.936741, 13, 1286676.125000
1516083877.036901, 12, 1303352.500000
1516083877.137059, 13, 1330473.250000
1516083877.237163, 12, 1342769.875000
1516083877.337354, 11, 1341724.875000
1516083877.437469, 12, 1352896.375000
1516083877.537637, 9, 1326614.750000
1516083877.637850, 9, 1302961.250000
1516083877.738022, 8, 1269561.125000
1516083877.838131, 5, 1203165.000000
1516083877.938455, 8, 1179744.500000
1516083878.038541, 7, 1146554.000000
1516083878.138625, 8, 1128794.625000
1516083878.238910, 9, 1124923.125000
1516083878.339143, 9, 1121438.750000
1516083878.439225, 10, 1130414.875000
1516083878.539323, 10, 1138493.375000
1516083878.639623, 12, 1169988.000000
1516083878.740065, 13, 1210445.250000
1516083878.840226, 11, 1222632.750000
1516083878.940332, 13, 1257825.500000
1516083879.040437, 12, 1277387.000000
1516083879.140668, 12, 1294992.250000
1516083879.240766, 12, 1310837.000000
1516083879.341048, 9, 1288761.250000
1516083879.441128, 6, 1232557.125000
1516083879.541255, 9, 1218309.375000
1516083879.641366, 8, 1193374.500000
1516083879.741605, 10, 1195157.000000
1516083879.841824, 10, 1196761.250000
1516083879.941970, 11, 1210317.125000
1516083880.042176, 12, 1234629.375000
1516083880.142294, 12, 1256510.500000
1516083880.242453, 12, 1276203.500000
1516083880.342623, 13, 1306039.125000
1516083880.442727, 12, 1320779.250000
1516083880.542848, 12, 1334045.375000
1516083880.643015, 12, 1345984.875000
1516083880.743255, 13, 1368842.375000
1516083880.843438, 6, 1304630.125000
1516083880.943557, 7, 1258951.125000
1516083881.046413, 10, 1254176.000000
1516083881.146537, 9, 1237766.375000
1516083881.246728, 11, 1247221.750000
1516083881.346920, 11, 1255731.625000
1516083881.447381, 11, 1263390.500000
1516083881.547700, 13, 1294507.500000
1516083881.647860, 12, 1310400.750000
1516083881.747995, 13, 1336816.625000
1516083881.848216, 12, 1348479.000000
1516083881.948632, 13, 1371087.125000
1516083882.048839, 13, 1391434.375000
1516083882.149082, 12, 1397635.000000
1516083882.249257, 13, 1415327.500000
1516083882.349442, 11, 1407026.750000
1516083882.449584, 6, 1338996.125000
1516083882.549751, 6, 1277768.500000
1516083882.649956, 7, 1234775.625000
1516083882.750043, 6, 1183970.000000
1516083882.850192, 7, 1150357.000000
1516083882.950274, 8, 1132217.250000
1516083883.050441, 8, 1115891.500000
1516083883.150774, 9, 1113310.375000
1516083883.250908, 10, 1123099.375000
1516083883.351106, 11, 1144021.500000
1516083883.451270, 11, 1162851.375000
1516083883.551435, 13, 1204022.250000
1516083883.651658, 12, 1228964.000000
1516083883.751764, 13, 1263523.625000
1516083883.851928, 13, 1294627.250000
1516083883.952096, 12, 1310508.500000
1516083884.052554, 13, 1336913.625000
1516083884.152743, 11, 1336454.250000
1516083884.253097, 13, 1360264.875000
1516083884.353337, 11, 1357470.375000
1516083884.453449, 7, 1306507.375000
1516083884.554598, 9, 1284864.625000
1516083884.654714, 9, 1265386.125000
1516083884.754796, 10, 1259967.500000
1516083884.854882, 10, 1255090.750000
1516083884.954978, 11, 1262813.625000
1516083885.055056, 12, 1281876.250000
1516083885.155150, 13, 1311144.625000
1516083885.255344, 13, 1337486.125000
1516083885.355443, 12, 1349081.500000
1516083885.455524, 13, 1371629.375000
1516083885.555645, 12, 1379810.500000
1516083885.655727, 12, 1387173.500000
1516083885.755796, 13, 1405912.125000
1516083885.855958, 10, 1386440.875000
1516083885.956129, 6, 1320468.750000
1516083886.056225, 8, 1285317.875000
1516083886.156402, 9, 1265794.125000
1516083886.256501, 10, 1260334.750000
1516083886.356592, 10, 1255421.250000
1516083886.456697, 10, 1250999.125000
1516083886.556849, 12, 1271243.250000
1516083886.656939, 11, 1277350.875000
1516083886.757053, 12, 1294959.750000
1516083886.857243, 11, 1298695.750000
1516083886.957336, 12, 1314170.125000
1516083887.057777, 11, 1315985.125000
1516083887.157947, 11, 1317618.625000
1516083887.258068, 11, 1319088.750000
1516083887.358222, 13, 1344635.875000
1516083887.458310, 7, 1294956.250000
1516083887.558425, 4, 1213908.625000
1516083887.658947, 6, 1165189.750000
1516083887.759392, 7, 1133454.750000
1516083887.859579, 7, 1104893.250000
1516083887.959665, 8, 1091299.875000
1516083888.059813, 8, 1079065.875000
1516083888.159959, 9, 1080167.250000
1516083888.260188, 9, 1081158.500000
1516083888.360265, 11, 1106274.625000
1516083888.460555, 10, 1116767.125000
1516083888.560637, 12, 1150434.375000
1516083888.660765, 12, 1180735.000000
1516083888.760840, 12, 1208005.500000
1516083888.860920, 12, 1232549.000000
1516083888.961020, 12, 1254638.125000
1516083889.061098, 12, 1274518.250000
1516083889.161179, 12, 1292410.375000
1516083889.261352, 12, 1308513.375000
1516083889.361429, 9, 1286670.000000
1516083889.461515, 7, 1242787.000000
1516083889.561624, 8, 1215404.250000
1516083889.661766, 8, 1190759.875000
1516083889.761850, 10, 1192803.875000
1516083889.862029, 10, 1194643.500000
1516083889.962183, 10, 1196299.125000
1516083890.062308, 11, 1209901.250000
1516083890.162486, 12, 1234255.125000
1516083890.262662, 13, 1268285.625000
1516083890.362758, 12, 1286801.000000
1516083890.462850, 12, 1303464.875000
1516083890.562940, 12, 1318462.375000
1516083890.663118, 13, 1344072.125000
1516083890.763211, 11, 1342896.875000
1516083890.863352, 14, 1378175.250000
1516083890.963434, 5, 1300917.750000
1516083891.063525, 7, 1255610.000000
1516083891.163636, 8, 1226945.000000
1516083891.263785, 9, 1213258.500000
1516083891.363899, 9, 1200940.625000
1516083891.464018, 10, 1201966.500000
1516083891.564110, 10, 1202889.875000
1516083891.664291, 10, 1203720.875000
1516083891.764453, 12, 1228692.750000
1516083891.864608, 11, 1239055.500000
1516083891.964728, 11, 1248382.000000
1516083892.064923, 11, 1256775.750000
1516083892.165105, 12, 1276442.125000
1516083892.265281, 11, 1282029.875000
1516083892.365383, 11, 1287058.875000
1516083892.465472, 15, 1340033.000000
1516083892.565579, 5, 1266589.750000
1516083892.665756, 4, 1188378.750000
1516083892.765863, 7, 1154324.875000
1516083892.865994, 7, 1123676.375000
1516083892.966156, 8, 1108204.750000
1516083893.066314, 8, 1094280.250000
1516083893.166413, 10, 1105972.250000
1516083893.266498, 10, 1116495.000000
1516083893.366765, 10, 1125965.500000
1516083893.466882, 12, 1158713.000000
1516083893.567081, 11, 1176073.750000
1516083893.667352, 13, 1215922.375000
1516083893.767499, 13, 1251786.125000
1516083893.867684, 14, 1296175.500000
1516083893.967842, 14, 1336126.000000
1516083894.067988, 13, 1359969.375000
1516083894.168184, 14, 1393540.500000
1516083894.268278, 12, 1399530.500000
1516083894.368646, 14, 1429145.500000
1516083894.468896, 11, 1419463.000000
1516083894.568981, 6, 1350188.750000
1516083894.669065, 10, 1336289.875000
1516083894.769221, 9, 1311668.875000
1516083894.869462, 11, 1313734.000000
1516083894.969645, 11, 1315592.625000
1516083895.069803, 11, 1317265.375000
1516083895.169937, 13, 1342994.875000
1516083895.270103, 13, 1366151.375000
1516083895.370531, 12, 1374880.250000
1516083895.470917, 13, 1394848.250000
1516083895.571091, 13, 1412819.375000
1516083895.671191, 13, 1428993.500000
1516083895.771358, 13, 1443550.125000
1516083895.871504, 10, 1420315.125000
1516083895.971627, 11, 1411515.625000
1516083896.071796, 10, 1391484.000000
1516083896.171963, 9, 1361343.625000
1516083896.272108, 8, 1322105.250000
1516083896.372283, 10, 1311014.750000
1516083896.472373, 10, 1301033.250000
1516083896.572548, 11, 1304161.875000
1516083896.672693, 11, 1306977.750000
1516083896.772873, 13, 1333736.000000
1516083896.873041, 13, 1357818.375000
1516083896.973157, 14, 1391604.500000
1516083897.073324, 15, 1434124.000000
1516083897.173508, 15, 1472391.625000
1516083897.273656, 14, 1494720.500000
1516083897.373880, 14, 1514816.500000
1516083897.474030, 14, 1532902.875000
1516083897.574340, 13, 1537068.625000
1516083897.674574, 14, 1552929.750000
1516083897.774722, 8, 1494532.750000
1516083897.874899, 7, 1429863.500000
1516083897.975046, 8, 1383773.125000
1516083898.075210, 10, 1366515.750000
1516083898.175395, 9, 1338872.125000
1516083898.275550, 11, 1338216.875000
1516083898.375755, 11, 1337627.250000
1516083898.475984, 12, 1349208.500000
1516083898.576172, 13, 1371743.625000
1516083898.676358, 13, 1392025.250000
1516083898.776556, 13, 1410278.750000
1516083898.876708, 14, 1438818.875000
1516083898.977106, 13, 1452393.000000
1516083899.077471, 13, 1464609.750000
1516083899.177872, 12, 1463492.750000
1516083899.278263, 14, 1486711.500000
1516083899.378621, 9, 1447048.375000
1516083899.478979, 7, 1387127.500000
1516083899.579170, 10, 1369534.750000
1516083899.679298, 9, 1341589.250000
1516083899.779438, 9, 1316438.375000
1516083899.879519, 10, 1305914.500000
1516083899.979669, 10, 1296443.000000
1516083900.079754, 11, 1300030.750000
1516083900.179910, 12, 1315371.625000
1516083900.280096, 12, 1329178.500000
1516083900.380276, 13, 1353716.625000
1516083900.480489, 13, 1375801.000000
1516083900.580642, 13, 1395676.875000
1516083900.680880, 12, 1401453.250000
1516083900.780986, 13, 1418763.875000
1516083900.881068, 14, 1446455.500000
1516083900.981161, 11, 1435042.000000
1516083901.081546, 8, 1388433.750000
1516083901.181712, 6, 1322262.375000
1516083901.281874, 8, 1286932.125000
1516083901.382013, 9, 1267246.875000
1516083901.482174, 10, 1261642.250000
1516083901.582347, 10, 1256598.000000
1516083901.682521, 11, 1264170.250000
1516083901.782604, 11, 1270985.250000
1516083901.882748, 12, 1289230.750000
1516083901.982916, 13, 1317763.625000
1516083902.083377, 12, 1331331.250000
1516083902.183601, 13, 1355654.125000
1516083902.283732, 13, 1377544.750000
1516083902.384088, 13, 1397246.250000
1516083902.484375, 11, 1390753.625000
1516083902.584475, 13, 1409134.250000
1516083902.684657, 9, 1377228.875000
1516083902.784792, 8, 1336402.000000
1516083902.884937, 9, 1311769.750000
1516083902.985128, 10, 1301712.750000
1516083903.085229, 10, 1292661.500000
1516083903.185392, 11, 1296627.375000
1516083903.285470, 12, 1312308.625000
1516083903.385606, 12, 1326421.750000
1516083903.485752, 13, 1351235.625000
1516083903.586176, 15, 1397792.000000
1516083903.686422, 16, 1451804.750000
1516083903.786570, 18, 1524640.250000
1516083903.886680, 20, 1614416.250000
1516083903.986774, 21, 1707326.625000
1516083904.086937, 21, 1790946.000000
1516083904.187093, 21, 1866203.375000
1516083904.287223, 21, 1933935.000000
1516083904.387372, 19, 1970669.500000
1516083904.487548, 4, 1822050.500000
1516083904.587737, 12, 1785189.500000
1516083904.687827, 14, 1776238.500000
1516083904.787892, 15, 1780294.625000
1516083904.888058, 15, 1783945.125000
1516083904.988236, 16, 1799342.625000
1516083905.088395, 17, 1825312.375000
1516083905.188535, 18, 1860797.125000
1516083905.288732, 18, 1892733.375000
1516083905.388821, 20, 1945700.000000
1516083905.488991, 21, 2005482.000000
1516083905.589087, 21, 2059285.750000
1516083905.689232, 21, 2107709.250000
1516083905.789312, 21, 2151290.250000
1516083905.889409, 20, 2178401.250000
1516083905.989864, 15, 2142241.000000
1516083906.090248, 18, 2146033.000000
1516083906.190633, 19, 2161557.750000
1516083906.291056, 21, 2199754.000000
1516083906.391489, 21, 2234130.500000
1516083906.491800, 20, 2252957.500000
1516083906.592630, 22, 2294125.750000
1516083906.692839, 20, 2306953.250000
1516083906.793314, 19, 2306386.000000
1516083906.893611, 13, 2233203.500000
1516083906.994050, 17, 2215787.250000
1516083907.094427, 18, 2212224.500000
1516083907.194758, 20, 2233242.000000
1516083907.295088, 20, 2252157.750000
1516083907.395372, 21, 2281294.000000
1516083907.495692, 21, 2307516.500000
1516083907.596009, 21, 2331116.750000
1516083907.696209, 20, 2340245.000000
1516083907.796647, 20, 2348460.500000
1516083907.897004, 19, 2343742.500000
1516083907.997179, 21, 2363720.250000
1516083908.097294, 21, 2381700.250000
1516083908.197399, 20, 2385770.250000
1516083908.297559, 21, 2401545.250000
1516083908.397793, 19, 2391518.750000
1516083908.497984, 18, 2370383.000000
1516083908.598170, 19, 2363472.750000
1516083908.698623, 21, 2381477.500000
1516083908.799064, 20, 2385569.750000
1516083908.899432, 21, 2401364.750000
1516083908.999950, 21, 2415580.250000
1516083909.100173, 20, 2416262.250000
1516083909.200309, 17, 2380540.000000
1516083909.300559, 20, 2384726.000000
1516083909.400682, 21, 2400605.500000
1516083909.500815, 21, 2414897.000000
1516083909.600993, 20, 2415647.250000
1516083909.701158, 21, 2428434.500000
1516083909.801257, 18, 2403607.000000
1516083909.901555, 20, 2405486.250000
1516083910.001712, 20, 2407177.500000
1516083910.101795, 21, 2420811.750000
1516083910.201850, 21, 2433082.500000
1516083910.301929, 20, 2432014.250000
1516083910.402037, 19, 2418940.750000
1516083910.502124, 21, 2431398.750000
1516083910.602200, 21, 2442611.000000
1516083910.702345, 21, 2452702.000000
1516083910.802561, 20, 2449671.750000
1516083910.902637, 19, 2434832.500000
1516083911.002708, 21, 2445701.250000
1516083911.102785, 21, 2455483.000000
1516083911.202922, 20, 2452174.750000
1516083911.303000, 21, 2461309.250000
1516083911.403133, 18, 2433194.250000
1516083911.503219, 20, 2432114.750000
1516083911.603298, 21, 2443255.250000
1516083911.703383, 21, 2453281.750000
1516083911.803462, 21, 2462305.500000
1516083911.903591, 20, 2458315.000000
1516083912.003674, 19, 2442611.500000
1516083912.103754, 14, 2367918.250000
1516083912.203937, 18, 2349142.500000
1516083912.304040, 19, 2344356.250000
1516083912.404118, 19, 2340048.500000
1516083912.504189, 21, 2360395.750000
1516083912.604305, 20, 2366596.250000
1516083912.704410, 21, 2384288.500000
1516083912.804497, 21, 2400211.750000
1516083912.904594, 20, 2402430.500000
1516083913.004698, 17, 2368091.500000
1516083913.104825, 19, 2361410.250000
1516083913.204907, 20, 2367509.250000
1516083913.305083, 21, 2385110.250000
1516083913.405285, 22, 2413063.250000
1516083913.505482, 20, 2413997.000000
1516083913.605627, 20, 2414837.250000
1516083913.705729, 21, 2427705.500000
1516083913.805819, 21, 2439287.000000
1516083913.906038, 21, 2449710.250000
1516083914.006118, 21, 2459091.250000
1516083914.106193, 20, 2455422.000000
1516083914.206287, 21, 2464231.750000
1516083914.306627, 21, 2472160.500000
1516083914.406965, 20, 2467184.500000
1516083914.507218, 21, 2474818.000000
1516083914.607310, 21, 2481688.250000
1516083914.707386, 20, 2475759.500000
1516083914.807508, 21, 2482535.500000
1516083914.907601, 18, 2452298.000000
1516083915.007984, 12, 2352412.250000
1516083915.108174, 18, 2335187.000000
1516083915.208256, 19, 2331796.250000
1516083915.308637, 20, 2340856.500000
1516083915.408832, 21, 2361122.750000
1516083915.509267, 21, 2379362.500000
1516083915.609397, 21, 2395778.250000
1516083915.709607, 20, 2398440.500000
1516083915.809704, 21, 2412948.500000
1516083915.909799, 21, 2426005.750000
1516083916.009889, 21, 2437757.250000
1516083916.109975, 20, 2436221.500000
1516083916.210078, 20, 2434839.250000
1516083916.310155, 20, 2433595.250000
1516083916.410238, 20, 2432475.750000
1516083916.510334, 21, 2443580.250000
1516083916.610503, 21, 2453574.250000
1516083916.710726, 21, 2462568.750000
1516083916.810826, 19, 2446440.000000
1516083916.910903, 21, 2456148.000000
1516083917.010998, 21, 2464885.250000
1516083917.111093, 21, 2472748.750000
1516083917.211200, 21, 2479826.000000
1516083917.311389, 18, 2449859.500000
1516083917.411806, 20, 2447113.500000
1516083917.511963, 21, 2456754.250000
1516083917.612292, 21, 2465430.750000
1516083917.712442, 20, 2461127.750000
1516083917.812595, 17, 2420919.000000
1516083917.912731, 21, 2433179.000000
1516083918.012817, 21, 2444213.000000
1516083918.112970, 21, 2454143.750000
1516083918.213266, 20, 2450969.500000
1516083918.313390, 20, 2448112.500000
1516083918.413512, 21, 2457653.250000
1516083918.513589, 21, 2466240.000000
1516083918.613679, 21, 2473968.000000
1516083918.713849, 20, 2468811.250000
1516083918.813921, 18, 2439946.000000
1516083918.914073, 19, 2426079.500000
1516083919.014254, 21, 2437823.500000
1516083919.114469, 21, 2448393.250000
1516083919.214599, 21, 2457906.000000
1516083919.314690, 20, 2454355.500000
1516083919.414778, 21, 2463272.000000
1516083919.514847, 21, 2471296.750000
1516083919.615056, 20, 2466407.000000
1516083919.715221, 21, 2474118.250000
1516083919.815378, 21, 2481058.500000
1516083919.915517, 20, 2475192.750000
1516083920.015611, 17, 2433577.500000
1516083920.115695, 19, 2420347.750000
1516083920.215763, 21, 2432665.000000
1516083920.315845, 20, 2431638.500000
1516083920.415926, 21, 2442826.750000
1516083920.516026, 21, 2452896.000000
1516083920.616117, 20, 2449846.500000
1516083920.716215, 21, 2459213.750000
1516083920.816308, 20, 2455532.500000
1516083920.916394, 21, 2464331.250000
1516083921.016508, 21, 2472250.000000
1516083921.116614, 19, 2455153.000000
1516083921.216778, 21, 2463989.750000
1516083921.316929, 20, 2459830.750000
1516083921.417019, 21, 2468199.750000
1516083921.517166, 21, 2475731.750000
1516083921.617245, 19, 2458286.500000
1516083921.717342, 20, 2454697.750000
1516083921.817792, 20, 2451468.000000
1516083921.918064, 21, 2460673.250000
1516083922.018496, 21, 2468958.000000
1516083922.118603, 19, 2452190.250000
1516083922.218683, 21, 2461323.250000
1516083922.318794, 20, 2457431.000000
1516083922.418962, 21, 2466040.000000
1516083922.519329, 20, 2461676.000000
1516083922.619787, 19, 2445636.500000
1516083922.720102, 21, 2455424.750000
1516083922.820319, 21, 2464234.250000
1516083922.920403, 20, 2460050.750000
1516083923.020503, 21, 2468397.750000
1516083923.120650, 20, 2463798.000000
1516083923.220742, 19, 2447546.250000
1516083923.321086, 21, 2457143.500000
1516083923.421561, 20, 2453669.250000
1516083923.525546, 20, 2450542.250000
1516083923.625967, 21, 2459840.000000
1516083923.726326, 20, 2456096.000000
1516083923.826669, 21, 2464838.500000
1516083923.926925, 21, 2472706.750000
1516083924.027088, 21, 2479788.000000
1516083924.127296, 19, 2461937.250000
1516083924.227448, 21, 2470095.500000
1516083924.327525, 21, 2477438.000000
1516083924.427603, 20, 2471934.250000
1516083924.527672, 21, 2479092.750000
1516083924.627792, 18, 2449199.500000
1516083924.727871, 21, 2458631.500000
1516083924.827953, 21, 2467120.250000
1516083924.928090, 21, 2474760.250000
1516083925.028380, 21, 2481636.250000
1516083925.128463, 16, 2427264.500000
1516083925.228598, 20, 2426778.000000
1516083925.328762, 21, 2438452.250000
1516083925.428873, 21, 2448959.000000
1516083925.528955, 21, 2458415.000000
1516083925.629042, 20, 2454813.500000
1516083925.729156, 19, 2439460.250000
1516083925.829271, 21, 2449866.250000
1516083925.929401, 21, 2459231.500000
1516083926.029484, 21, 2467660.250000
1516083926.129596, 20, 2463134.250000
1516083926.229697, 19, 2446948.750000
1516083926.329784, 20, 2444494.000000
1516083926.429862, 21, 2454396.500000
1516083926.529946, 21, 2463308.750000
1516083926.630013, 20, 2459218.000000
1516083926.730141, 19, 2443424.250000
1516083926.830233, 20, 2441321.750000
1516083926.930448, 21, 2451541.500000
1516083927.030551, 21, 2460739.250000
1516083927.130687, 20, 2456905.250000
1516083927.231100, 19, 2441342.750000
1516083927.331273, 21, 2451560.500000
1516083927.431423, 20, 2448644.500000
1516083927.531572, 21, 2458132.000000
1516083927.631673, 20, 2454558.750000
1516083927.731749, 19, 2439231.000000
1516083927.831831, 20, 2437548.000000
1516083927.931994, 20, 2436033.250000
1516083928.032080, 21, 2446782.000000
1516083928.132223, 21, 2456455.750000
1516083928.232359, 20, 2453050.250000
1516083928.332567, 20, 2449985.250000
1516083928.432855, 20, 2447226.750000
1516083928.533029, 21, 2456856.000000
1516083928.633118, 20, 2453410.500000
1516083928.733282, 22, 2474533.500000
1516083928.833475, 18, 2445096.250000
1516083928.933874, 21, 2454938.500000
1516083929.034328, 21, 2463796.750000
1516083929.134525, 21, 2471769.000000
1516083929.235030, 20, 2466832.000000
1516083929.335169, 19, 2450276.750000
1516083929.435253, 21, 2459601.000000
1516083929.535342, 21, 2467993.000000
1516083929.635444, 20, 2463433.750000
1516083929.735626, 21, 2471442.500000
1516083929.835778, 19, 2454426.250000
1516083929.935879, 20, 2451223.500000
1516083930.036175, 21, 2460453.250000
1516083930.136283, 21, 2468760.000000
1516083930.236467, 20, 2464124.000000
1516083930.336555, 19, 2447839.500000
1516083930.436679, 20, 2445295.500000
1516083930.537103, 21, 2455118.000000
1516083930.637315, 21, 2463958.250000
1516083930.737394, 20, 2459802.500000
1516083930.837478, 18, 2431838.250000
1516083930.937539, 20, 2430894.500000
1516083931.037687, 21, 2442157.000000
1516083931.137860, 20, 2440181.250000
1516083931.238191, 21, 2450515.000000
1516083931.338623, 19, 2435591.500000
1516083931.439101, 21, 2446384.250000
1516083931.539434, 21, 2456097.750000
1516083931.639958, 21, 2464840.000000
1516083931.740108, 21, 2472708.000000
1516083931.840213, 21, 2479789.250000
1516083931.940307, 20, 2474050.250000
1516083932.040392, 21, 2480997.250000
1516083932.140495, 20, 2475137.500000
1516083932.240610, 21, 2481975.750000
1516083932.340761, 21, 2488130.250000
1516083932.441133, 20, 2481557.250000
1516083932.541340, 21, 2487753.500000
1516083932.641479, 20, 2481218.250000
1516083932.741559, 22, 2499560.500000
1516083932.841637, 18, 2467620.500000
1516083932.941786, 20, 2463098.500000
1516083933.041869, 21, 2471140.750000
1516083933.141942, 20, 2466266.750000
1516083933.242031, 21, 2473992.000000
1516083933.342484, 21, 2480944.750000
1516083933.442595, 21, 2487202.250000
1516083933.543429, 20, 2480722.000000
1516083933.643646, 21, 2487001.750000
1516083933.744082, 20, 2480541.500000
1516083933.844193, 21, 2486839.250000
1516083933.944298, 20, 2480395.250000
1516083934.044462, 21, 2486707.750000
1516083934.144547, 21, 2492389.000000
1516083934.244665, 18, 2461166.000000
1516083934.345070, 21, 2469401.500000
1516083934.445224, 20, 2464701.250000
1516083934.545560, 21, 2472583.000000
1516083934.645677, 21, 2479676.750000
1516083934.746045, 21, 2486061.000000
1516083934.846169, 21, 2491807.000000
1516083934.946645, 20, 2484866.250000
1516083935.046763, 21, 2490731.500000
1516083935.147187, 20, 2483898.250000
1516083935.247321, 20, 2477748.500000
1516083935.347669, 20, 2472213.750000
1516083935.447882, 21, 2479344.500000
1516083935.547982, 21, 2485762.000000
1516083935.648228, 19, 2467313.750000
1516083935.748444, 20, 2462822.500000
1516083935.848629, 20, 2458780.250000
1516083935.948810, 21, 2467254.250000
1516083936.048969, 20, 2462768.750000
1516083936.149132, 21, 2470844.000000
1516083936.249280, 19, 2453887.500000
1516083936.349643, 20, 2450738.750000
1516083936.449787, 21, 2460017.000000
1516083936.549874, 21, 2468367.250000
1516083936.650023, 21, 2475882.500000
1516083936.750500, 20, 2470534.250000
1516083936.850619, 20, 2465720.750000
1516083936.950710, 21, 2473500.750000
1516083937.050956, 21, 2480502.750000
1516083937.151308, 20, 2474692.500000
1516083937.251665, 20, 2469463.250000
1516083937.352035, 21, 2476869.000000
1516083937.452166, 21, 2483534.000000
1516083937.552544, 21, 2489532.500000
1516083937.652708, 20, 2482819.250000
1516083937.752798, 16, 2428329.250000
1516083937.852918, 19, 2415624.250000
1516083937.953346, 20, 2416301.750000
1516083938.053474, 21, 2429023.500000
1516083938.153860, 21, 2440473.250000
1516083938.253989, 20, 2438666.000000
1516083938.354075, 20, 2437039.500000
1516083938.454212, 21, 2447687.500000
1516083938.554629, 21, 2457270.750000
1516083938.654766, 20, 2453783.750000
1516083938.755002, 20, 2450645.500000
1516083938.855183, 20, 2447821.000000
1516083938.955379, 21, 2457391.000000
1516083939.055568, 21, 2466004.000000
1516083939.155834, 21, 2473755.500000
1516083939.255979, 20, 2468620.000000
1516083939.356421, 20, 2463998.000000
1516083939.456831, 21, 2471950.250000
1516083939.557189, 21, 2479107.250000
1516083939.657290, 20, 2473436.500000
1516083939.757760, 20, 2468332.750000
1516083939.858095, 18, 2439515.500000
1516083939.958235, 20, 2437804.000000
1516083940.058467, 21, 2448375.500000
1516083940.158667, 21, 2457890.000000
1516083940.258752, 21, 2466453.000000
1516083940.358940, 20, 2462047.750000
1516083940.459030, 21, 2470195.000000
1516083940.559186, 20, 2465415.500000
1516083940.659546, 20, 2461114.000000
1516083940.759808, 20, 2457242.500000
1516083940.859963, 22, 2477982.250000
1516083940.960412, 22, 2496648.000000
1516083941.060520, 24, 2537671.250000
1516083941.160927, 25, 2586704.000000
1516083941.261146, 26, 2642945.500000
1516083941.361243, 28, 2717787.000000
1516083941.461357, 28, 2785144.250000
1516083941.561703, 30, 2869989.750000
1516083941.661794, 31, 2958462.750000
