1516083759.01 0 0 0 0
1516083759.12 0 0 0 0
1516083759.21 0 0 0 0
1516083759.31 0 0 0 0
1516083759.42 0 0 0 0
1516083759.52 0 0 0 0
1516083759.62 0 0 0 0
1516083759.71 0 0 0 0
1516083759.81 0 0 0 0
1516083759.91 0 0 0 0
1516083760.03 0 0 0 0
1516083760.12 0 0 0 0
1516083760.22 0 0 0 0
1516083760.32 0 0 0 0
1516083760.42 0 0 0 0
1516083760.52 0 0 0 0
1516083760.62 0 0 0 0
1516083760.72 0 0 0 0
1516083760.82 0 0 0 0
1516083760.92 0 0 0 0
1516083761.02 0 0 0 0
1516083761.12 0 0 0 0
1516083761.22 0 0 0 0
1516083761.32 0 0 0 0
1516083761.42 0 0 0 0
1516083761.52 0 0 0 0
1516083761.62 0 0 0 0
1516083761.72 0 0 0 0
1516083761.82 0 0 0 0
1516083761.92 0 0 0 0
1516083762.02 0 0 0 0
1516083762.12 0 0 0 0
1516083762.22 0 0 0 0
1516083762.32 0 0 0 0
1516083762.42 0 0 0 0
1516083762.52 0 0 0 0
1516083762.62 0 0 0 0
1516083762.72 0 0 0 0
1516083762.82 0 0 0 0
1516083762.92 0 0 0 0
1516083763.02 0 0 0 0
1516083763.12 0 0 0 0
1516083763.22 0 0 0 0
1516083763.32 0 0 0 0
1516083763.42 0 0 0 0
1516083763.52 0 0 0 0
1516083763.62 0 0 0 0
1516083763.72 0 0 0 0
1516083763.82 0 0 0 0
1516083763.92 0 0 0 0
1516083764.02 0 0 0 0
1516083764.12 0 0 0 0
1516083764.23 0 0 0 0
1516083764.33 0 0 0 0
1516083764.43 0 0 0 0
1516083764.53 0 0 0 0
1516083764.63 0 0 0 0
1516083764.73 0 0 0 0
1516083764.84 0 0 0 0
1516083764.98 0 0 0 0
1516083765.08 0 0 0 0
1516083765.19 0 0 0 0
1516083765.3 0 0 0 0
1516083765.39 0 0 0 0
1516083765.49 0 0 0 0
1516083765.59 0 0 0 0
1516083765.69 0 0 0 0
1516083765.79 0 0 0 0
1516083765.89 0 0 0 0
1516083766.0 0 0 0 0
1516083766.1 0 0 0 0
1516083766.19 0 0 0 0
1516083766.29 0 0 0 0
1516083766.39 0 0 0 0
1516083766.5 0 0 0 0
1516083766.6 0 0 0 0
1516083766.7 0 0 0 0
1516083766.8 0 0 0 0
1516083766.89 0 0 0 0
1516083767.0 0 0 0 0
1516083767.12 0 0 0 0
1516083767.24 0 0 0 0
1516083767.34 0 0 0 0
1516083767.44 0 0 0 0
1516083767.54 0 0 0 0
1516083767.64 0 0 0 0
1516083767.76 0 0 0 0
1516083767.87 0 0 0 0
1516083767.98 0 0 0 0
1516083768.09 0 0 0 0
1516083768.19 0 0 0 0
1516083768.31 0 0 0 0
1516083768.46 0 0 0 0
1516083768.55 0 0 0 0
1516083768.64 0 0 0 0
1516083768.74 0 0 0 0
1516083768.84 0 0 0 0
1516083768.97 0 0 0 0
1516083769.11 0 0 0 0
1516083769.21 0 0 0 0
1516083769.3 0 0 0 0
1516083769.41 0 0 0 0
1516083769.51 0 0 0 0
1516083769.61 0 0 0 0
1516083769.71 0 0 0 0
1516083769.81 0 0 0 0
1516083769.92 0 0 0 0
1516083770.02 0 0 0 0
1516083770.12 0 0 0 0
1516083770.22 0 0 0 0
1516083770.33 0 0 0 0
1516083770.43 0 0 0 0
1516083770.53 0 0 0 0
1516083770.62 0 0 0 0
1516083770.72 0 0 0 0
1516083770.82 0 0 0 0
1516083770.92 0 0 0 0
1516083771.02 0 0 0 0
1516083771.12 0 0 0 0
1516083771.22 0 0 0 0
1516083771.32 0 0 0 0
1516083771.42 0 0 0 0
1516083771.52 0 0 0 0
1516083771.62 0 0 0 0
1516083771.72 0 0 0 0
1516083771.82 0 0 0 0
1516083771.92 0 0 0 0
1516083772.02 0 0 0 0
1516083772.12 0 0 0 0
1516083772.22 0 0 0 0
1516083772.32 0 0 0 0
1516083772.42 0 0 0 0
1516083772.52 0 0 0 0
1516083772.62 0 0 0 0
1516083772.72 0 0 0 0
1516083772.82 0 0 0 0
1516083772.92 0 0 0 0
1516083773.02 0 0 0 0
1516083773.12 0 0 0 0
1516083773.25 0 0 0 0
1516083773.35 0 0 0 0
1516083773.45 0 0 0 0
1516083773.54 0 0 0 74
1516083773.65 0 0 0 74
1516083773.75 0 0 0 1689
1516083773.85 0 0 0 0
1516083773.95 0 0 0 1689
1516083774.05 0 0 0 332
1516083774.15 0 0 0 0
1516083774.25 0 0 0 412
1516083774.35 0 0 0 332
1516083774.45 0 0 0 66
1516083774.55 0 0 0 0
1516083774.65 0 0 0 588
1516083774.76 0 0 0 0
1516083774.85 0 0 0 118
1516083774.96 0 0 0 66
1516083775.06 0 0 0 646
1516083775.15 0 0 0 0
1516083775.25 0 0 0 176
1516083775.35 0 0 0 94
1516083775.45 0 0 0 0
1516083775.56 0 0 0 228
1516083775.65 0 0 0 0
1516083775.75 0 0 0 380
1516083775.85 0 0 0 646
1516083775.95 0 0 0 198
1516083776.05 0 0 0 0
1516083776.15 0 0 0 0
1516083776.25 0 0 0 94
1516083776.35 0 0 0 0
1516083776.45 0 0 0 0
1516083776.55 0 0 0 110
1516083776.66 0 0 0 0
1516083776.75 0 0 0 0
1516083776.86 0 0 0 446
1516083776.95 0 0 0 0
1516083777.05 0 0 0 0
1516083777.15 0 0 0 198
1516083777.26 0 0 0 0
1516083777.36 0 0 0 0
1516083777.45 0 0 0 0
1516083777.55 0 0 0 0
1516083777.66 0 0 0 0
1516083777.76 0 0 0 0
1516083777.86 0 0 0 0
1516083777.98 0 0 0 0
1516083778.06 0 0 0 0
1516083778.16 0 0 0 0
1516083778.26 0 0 0 0
1516083778.36 0 0 0 0
1516083778.46 0 0 0 0
1516083778.56 0 0 0 42
1516083778.66 0 0 0 60
1516083778.76 0 0 0 0
1516083778.86 0 0 0 0
1516083778.96 0 0 0 0
1516083779.06 0 0 0 0
1516083779.16 0 0 0 0
1516083779.27 0 0 0 0
1516083779.37 0 0 0 0
1516083779.47 0 0 0 0
1516083779.57 0 0 0 0
1516083779.67 0 0 0 0
1516083779.77 0 0 0 0
1516083779.87 0 0 0 0
1516083779.97 0 0 0 0
1516083780.07 0 0 0 0
1516083780.17 0 0 0 0
1516083780.27 0 0 0 0
1516083780.37 0 0 0 0
1516083780.47 0 0 0 0
1516083780.57 0 0 0 0
1516083780.67 0 0 0 0
1516083780.77 0 0 0 0
1516083780.87 0 0 0 0
1516083780.97 0 0 0 0
1516083781.07 0 0 0 0
1516083781.17 0 0 0 0
1516083781.27 0 0 0 0
1516083781.37 0 0 0 0
1516083781.47 0 0 0 0
1516083781.57 0 0 0 0
1516083781.67 0 0 0 0
1516083781.77 0 0 0 0
1516083781.87 0 0 0 0
1516083781.99 0 0 0 0
1516083782.09 0 0 0 0
1516083782.19 0 0 0 0
1516083782.29 0 0 0 0
1516083782.39 0 0 0 0
1516083782.49 0 0 0 0
1516083782.59 0 0 0 0
1516083782.69 0 0 0 0
1516083782.79 0 0 0 0
1516083782.89 0 0 0 0
1516083782.99 0 0 0 0
1516083783.09 0 0 0 0
1516083783.19 0 0 0 0
1516083783.29 0 0 0 0
1516083783.39 0 0 0 0
1516083783.49 0 0 0 0
1516083783.59 0 0 0 0
1516083783.69 0 0 0 0
1516083783.79 0 0 0 0
1516083783.91 0 0 0 0
1516083784.03 0 0 0 0
1516083784.12 0 0 0 0
1516083784.23 0 0 0 0
1516083784.32 0 0 0 0
1516083784.43 0 0 0 0
1516083784.53 0 0 0 0
1516083784.63 0 0 0 0
1516083784.75 0 0 0 0
1516083784.86 0 0 0 0
1516083784.96 0 0 0 0
1516083785.07 0 0 0 0
1516083785.17 0 0 0 0
1516083785.26 0 0 0 0
1516083785.37 0 0 0 0
1516083785.46 0 0 0 0
1516083785.57 0 0 0 0
1516083785.67 0 0 0 0
1516083785.77 0 0 0 0
1516083785.86 0 0 0 0
1516083785.96 0 0 0 0
1516083786.07 0 0 0 0
1516083786.17 0 0 0 0
1516083786.27 0 0 0 0
1516083786.4 0 0 0 0
1516083786.48 0 0 0 0
1516083786.6 0 0 0 0
1516083786.7 0 0 0 0
1516083786.8 0 0 0 0
1516083786.9 0 0 0 0
1516083787.0 0 0 0 0
1516083787.1 0 0 0 0
1516083787.2 0 0 0 0
1516083787.3 0 0 0 0
1516083787.4 0 0 0 0
1516083787.5 0 0 0 0
1516083787.6 0 0 0 0
1516083787.7 0 0 0 0
1516083787.8 0 0 0 0
1516083787.9 0 0 0 0
1516083788.0 0 0 0 0
1516083788.13 0 0 0 0
1516083788.23 0 0 0 0
1516083788.33 0 0 0 0
1516083788.43 0 0 0 0
1516083788.55 0 0 0 0
1516083788.66 0 0 0 0
1516083788.77 0 0 0 0
1516083788.87 0 0 0 0
1516083788.97 0 0 0 0
1516083789.07 0 0 0 0
1516083789.17 0 0 0 0
1516083789.27 0 0 0 0
1516083789.37 0 0 0 0
1516083789.47 0 0 0 0
1516083789.59 0 0 0 0
1516083789.71 0 0 0 0
1516083789.81 0 0 0 0
1516083789.91 0 0 0 0
1516083790.01 0 0 0 0
1516083790.11 0 0 0 0
1516083790.21 0 0 0 0
1516083790.31 0 0 0 0
1516083790.41 0 0 0 0
1516083790.52 0 0 0 0
1516083790.65 0 0 0 0
1516083790.74 0 0 0 0
1516083790.84 0 0 0 0
1516083790.95 0 0 0 0
1516083791.05 0 0 0 0
1516083791.14 0 0 0 0
1516083791.25 0 0 0 0
1516083791.35 0 0 0 0
1516083791.45 0 0 0 0
1516083791.54 0 0 0 0
1516083791.65 0 0 0 0
1516083791.75 0 0 0 0
1516083791.84 0 0 0 0
1516083791.95 0 0 0 0
1516083792.06 0 0 0 0
1516083792.2 0 0 0 0
1516083792.29 0 0 0 0
1516083792.4 0 0 0 0
1516083792.5 0 0 0 0
1516083792.6 0 0 0 0
1516083792.7 0 0 0 0
1516083792.8 0 0 0 0
1516083792.92 0 0 0 0
1516083793.04 0 0 0 0
1516083793.13 0 0 0 0
1516083793.24 0 0 0 0
1516083793.36 0 0 0 0
1516083793.48 0 0 0 0
1516083793.58 0 0 0 0
1516083793.68 0 0 0 0
1516083793.78 0 0 0 0
1516083793.88 0 0 0 0
1516083793.99 0 0 0 0
1516083794.1 0 0 0 0
1516083794.2 0 0 0 0
1516083794.3 0 0 0 0
1516083794.4 0 0 0 0
1516083794.49 0 0 0 0
1516083794.6 0 0 0 0
1516083794.7 0 0 0 0
1516083794.8 0 0 0 0
1516083794.9 0 0 0 0
1516083795.0 0 0 0 0
1516083795.1 0 0 0 0
1516083795.2 0 0 0 0
1516083795.3 0 0 0 0
1516083795.4 0 0 0 0
1516083795.5 0 0 0 0
1516083795.6 0 0 0 0
1516083795.7 0 0 0 0
1516083795.8 0 0 0 0
1516083795.9 0 0 0 0
1516083796.0 0 0 0 0
1516083796.1 0 0 0 0
1516083796.2 0 0 0 0
1516083796.32 0 0 0 0
1516083796.44 0 0 0 0
1516083796.54 0 0 0 0
1516083796.64 0 0 0 0
1516083796.75 0 0 0 0
1516083796.87 0 0 0 0
1516083797.01 0 0 0 0
1516083797.1 0 0 0 0
1516083797.21 0 0 0 0
1516083797.31 0 0 0 0
1516083797.4 0 0 0 0
1516083797.5 0 0 0 0
1516083797.6 0 0 0 0
1516083797.7 0 0 0 0
1516083797.8 0 0 0 0
1516083797.9 0 0 0 0
1516083798.0 0 0 0 0
1516083798.1 0 0 0 0
1516083798.2 0 0 0 0
1516083798.3 0 0 0 0
1516083798.4 0 0 0 0
1516083798.5 0 0 0 0
1516083798.6 0 0 0 0
1516083798.7 0 0 0 0
1516083798.81 0 0 0 0
1516083798.93 0 0 0 0
1516083799.04 0 0 0 0
1516083799.15 0 0 0 0
1516083799.27 0 0 0 0
1516083799.37 0 0 0 0
1516083799.47 0 0 0 0
1516083799.57 0 0 0 0
1516083799.67 0 0 0 0
1516083799.77 0 0 0 0
1516083799.87 0 0 0 0
1516083799.98 0 0 0 0
1516083800.09 0 0 0 0
1516083800.19 0 0 0 0
1516083800.29 0 0 0 0
1516083800.39 0 0 0 0
1516083800.49 0 0 0 0
1516083800.59 0 0 0 0
1516083800.69 0 0 0 0
1516083800.79 0 0 0 0
1516083800.9 0 0 0 0
1516083801.0 0 0 0 0
1516083801.09 0 0 0 0
1516083801.2 0 0 0 0
1516083801.29 0 0 0 0
1516083801.4 0 0 0 0
1516083801.5 0 0 0 0
1516083801.6 0 0 0 0
1516083801.7 0 0 0 0
1516083801.8 0 0 0 0
1516083801.9 0 0 0 0
1516083802.0 0 0 0 0
1516083802.1 0 0 0 0
1516083802.2 0 0 0 0
1516083802.3 0 0 0 0
1516083802.4 0 0 0 0
1516083802.5 0 0 0 0
1516083802.6 0 0 0 0
1516083802.7 0 0 0 0
1516083802.8 0 0 0 0
1516083802.91 0 0 0 0
1516083803.0 0 0 0 0
1516083803.1 0 0 0 0
1516083803.2 0 0 0 0
1516083803.33 0 0 0 0
1516083803.44 0 0 0 0
1516083803.54 0 0 0 0
1516083803.64 0 0 0 0
1516083803.75 0 0 0 0
1516083803.87 0 0 0 0
1516083803.98 0 0 0 0
1516083804.07 0 0 0 0
1516083804.17 0 0 0 0
1516083804.28 0 0 0 0
1516083804.37 0 0 0 0
1516083804.48 0 0 0 0
1516083804.58 0 0 0 0
1516083804.68 0 0 0 0
1516083804.78 0 0 0 0
1516083804.88 0 0 0 0
1516083804.99 0 0 0 0
1516083805.09 0 0 0 0
1516083805.19 0 0 0 0
1516083805.31 0 0 0 0
1516083805.4 0 0 0 0
1516083805.5 0 0 0 0
1516083805.6 0 0 0 0
1516083805.7 0 0 0 0
1516083805.8 0 0 0 0
1516083805.9 0 0 0 0
1516083806.0 0 0 0 0
1516083806.11 0 0 0 0
1516083806.23 0 0 0 0
1516083806.33 0 0 0 0
1516083806.43 0 0 0 0
1516083806.53 0 0 0 0
1516083806.63 0 0 0 0
1516083806.73 0 0 0 0
1516083806.84 0 60 0 0
1516083806.93 0 0 0 0
1516083807.03 0 0 0 0
1516083807.13 0 60 0 0
1516083807.23 0 120 0 0
1516083807.33 0 60 0 0
1516083807.43 0 360 0 0
1516083807.53 0 2280 0 0
1516083807.64 0 2520 0 0
1516083807.74 0 2280 0 0
1516083807.84 0 2220 0 0
1516083807.94 0 2400 0 0
1516083808.04 0 2280 0 0
1516083808.15 0 2400 0 0
1516083808.26 0 2460 0 0
1516083808.35 0 2040 0 0
1516083808.45 0 2400 0 0
1516083808.55 0 2160 0 0
1516083808.65 0 2280 0 0
1516083808.75 0 2340 0 0
1516083808.85 0 2220 0 0
1516083808.95 0 2340 0 0
1516083809.04 0 2220 0 0
1516083809.14 0 2280 0 0
1516083809.25 0 2280 0 0
1516083809.34 0 2280 0 0
1516083809.45 0 2340 0 0
1516083809.54 0 2220 0 0
1516083809.65 0 2460 0 0
1516083809.75 0 2340 0 0
1516083809.85 0 2220 0 0
1516083809.95 0 2340 0 0
1516083810.05 0 2220 0 0
1516083810.15 0 2280 0 0
1516083810.25 0 2280 0 0
1516083810.35 0 2340 0 0
1516083810.45 0 2280 0 0
1516083810.55 0 2280 0 0
1516083810.65 0 2280 0 0
1516083810.75 0 2280 0 0
1516083810.85 0 2220 0 0
1516083810.95 0 2280 0 0
1516083811.05 0 2400 0 0
1516083811.15 0 2280 0 0
1516083811.25 0 2340 0 0
1516083811.35 0 2280 0 0
1516083811.45 0 2220 0 0
1516083811.55 0 2400 0 0
1516083811.65 0 2160 0 0
1516083811.75 0 2400 0 0
1516083811.86 0 2340 0 60
1516083811.95 0 2280 0 0
1516083812.06 0 2280 0 0
1516083812.16 0 2400 0 0
1516083812.26 0 2220 0 0
1516083812.36 0 2280 0 0
1516083812.45 0 2160 0 0
1516083812.56 0 2400 0 0
1516083812.65 0 2160 0 0
1516083812.76 0 2460 0 0
1516083812.85 0 2160 0 0
1516083812.95 0 2280 0 0
1516083813.06 0 2340 0 0
1516083813.15 0 2280 0 0
1516083813.26 0 2280 0 0
1516083813.36 0 2340 0 0
1516083813.46 0 2280 0 0
1516083813.56 0 2400 0 0
1516083813.66 0 2340 0 0
1516083813.77 0 2280 0 0
1516083813.86 0 2220 0 0
1516083813.97 0 2220 0 0
1516083814.06 0 2220 0 0
1516083814.16 0 2220 0 0
1516083814.26 0 2280 0 0
1516083814.36 0 2460 0 0
1516083814.46 0 2220 0 0
1516083814.56 0 2280 0 0
1516083814.66 0 2340 0 0
1516083814.76 0 2280 0 0
1516083814.86 0 2280 0 0
1516083814.96 0 2280 0 0
1516083815.06 0 2220 0 0
1516083815.16 0 2280 0 0
1516083815.26 0 2280 0 0
1516083815.36 0 2340 0 0
1516083815.46 0 2220 0 0
1516083815.56 0 2340 0 0
1516083815.66 0 2160 0 0
1516083815.77 0 2400 0 0
1516083815.86 0 2220 0 0
1516083815.96 0 2280 0 0
1516083816.07 0 2460 0 0
1516083816.16 0 2100 0 0
1516083816.26 0 2340 0 0
1516083816.36 0 2280 0 0
1516083816.47 0 2400 0 0
1516083816.57 0 2280 0 0
1516083816.67 0 2400 0 0
1516083816.77 0 2280 0 0
1516083816.87 0 2220 0 0
1516083816.97 0 2280 0 60
1516083817.07 0 2280 0 0
1516083817.17 0 2340 0 0
1516083817.27 0 2280 0 0
1516083817.37 0 2340 0 0
1516083817.47 0 2280 0 0
1516083817.57 0 2280 0 0
1516083817.67 0 2280 0 0
1516083817.77 0 2220 0 0
1516083817.87 0 2400 0 0
1516083817.97 0 2160 0 0
1516083818.07 0 2400 0 0
1516083818.17 0 2160 0 0
1516083818.27 0 2340 0 0
1516083818.37 0 2280 0 0
1516083818.47 0 2340 0 0
1516083818.57 0 2220 0 0
1516083818.67 0 2340 0 0
1516083818.77 0 2340 0 0
1516083818.87 0 2100 0 0
1516083818.97 0 2280 0 0
1516083819.07 0 2280 0 0
1516083819.17 0 2340 0 0
1516083819.27 0 2340 0 0
1516083819.37 0 2220 0 0
1516083819.47 0 2280 0 0
1516083819.57 0 2340 0 0
1516083819.67 0 2280 0 0
1516083819.77 0 2280 0 0
1516083819.87 0 2280 0 0
1516083819.97 0 2280 0 0
1516083820.08 0 2340 0 0
1516083820.17 0 2280 0 0
1516083820.27 0 2280 0 0
1516083820.37 0 2280 0 0
1516083820.48 0 2460 0 0
1516083820.57 0 2100 0 0
1516083820.68 0 2520 0 0
1516083820.77 0 2100 0 0
1516083820.89 0 2640 0 0
1516083820.98 0 1980 0 0
1516083821.08 0 2280 0 0
1516083821.18 0 2280 0 0
1516083821.28 0 2280 0 0
1516083821.38 0 2340 0 0
1516083821.48 0 2280 0 0
1516083821.58 0 2280 0 0
1516083821.68 0 2340 0 0
1516083821.78 0 2220 0 0
1516083821.88 0 2340 0 0
1516083821.98 0 2220 0 0
1516083822.08 0 2460 0 0
1516083822.18 0 2280 0 0
1516083822.28 0 2340 0 0
1516083822.39 0 2460 0 0
1516083822.49 0 2220 0 0
1516083822.59 0 2280 0 0
1516083822.69 0 2280 0 0
1516083822.79 0 2280 0 0
1516083822.89 0 2220 0 0
1516083822.99 0 2340 0 0
1516083823.09 0 2220 0 0
1516083823.19 0 2340 0 0
1516083823.29 0 2220 0 0
1516083823.39 0 2220 0 0
1516083823.49 0 2280 0 0
1516083823.59 0 2340 0 0
1516083823.69 0 2280 0 0
1516083823.79 0 2280 0 0
1516083823.89 0 2160 0 0
1516083823.99 0 2280 0 0
1516083824.09 0 2280 0 0
1516083824.19 0 2400 0 0
1516083824.29 0 2160 0 0
1516083824.39 0 2280 0 0
1516083824.49 0 2280 0 0
1516083824.59 0 2280 0 0
1516083824.69 0 2100 0 0
1516083824.79 0 2340 0 0
1516083824.89 0 2220 0 0
1516083824.99 0 2340 0 0
1516083825.09 0 2220 0 0
1516083825.2 0 2400 0 0
1516083825.3 0 2220 0 0
1516083825.4 0 2340 0 0
1516083825.5 0 2280 0 0
1516083825.6 0 2400 0 0
1516083825.7 0 2158 0 0
1516083825.8 0 2400 0 0
1516083825.91 0 2458 0 0
1516083826.01 0 2338 0 0
1516083826.11 0 2398 0 0
1516083826.21 0 2628 0 0
1516083826.32 0 3376 0 0
1516083826.42 0 2714 0 0
1516083826.52 0 2304 0 0
1516083826.62 0 1678 0 0
1516083826.72 0 2574 0 0
1516083826.82 0 350 0 0
1516083826.92 0 832 0 0
1516083827.02 0 1968 0 0
1516083827.12 0 2388 0 0
1516083827.22 0 1368 0 0
1516083827.32 0 528 0 0
1516083827.42 0 1726 0 0
1516083827.52 0 2324 0 0
1516083827.62 0 1722 0 0
1516083827.72 0 1182 0 0
1516083827.83 0 1960 0 0
1516083827.93 0 2198 0 0
1516083828.03 0 2258 0 0
1516083828.13 0 1774 0 0
1516083828.23 0 2310 0 0
1516083828.33 0 2254 0 0
1516083828.43 0 2310 0 0
1516083828.53 0 2486 0 0
1516083828.63 0 2546 0 0
1516083828.73 0 2662 0 0
1516083828.83 0 2604 0 0
1516083828.93 0 2602 0 0
1516083829.03 0 2368 0 0
1516083829.13 0 2364 0 0
1516083829.23 0 2542 0 0
1516083829.33 0 2542 0 0
1516083829.43 0 2602 0 0
1516083829.53 0 2600 0 0
1516083829.63 0 2422 0 0
1516083829.73 0 2542 0 0
1516083829.83 0 2600 0 0
1516083829.93 0 2482 0 0
1516083830.03 0 2658 0 0
1516083830.13 0 2482 0 0
1516083830.23 0 2304 0 0
1516083830.34 0 2598 0 0
1516083830.44 0 2482 0 0
1516083830.53 0 2598 0 0
1516083830.63 0 2306 0 0
1516083830.74 0 2656 0 0
1516083830.84 0 2302 0 0
1516083830.94 0 2478 0 42
1516083831.04 0 2540 0 0
1516083831.14 0 2598 0 0
1516083831.24 0 2598 0 0
1516083831.34 0 2422 0 0
1516083831.44 0 2300 0 0
1516083831.54 0 2538 0 0
1516083831.64 0 2598 0 0
1516083831.74 0 2538 0 0
1516083831.84 0 2364 0 0
1516083831.94 0 2480 0 0
1516083832.04 0 2300 0 0
1516083832.14 0 2714 0 0
1516083832.24 0 2302 0 0
1516083832.35 0 2832 0 0
1516083832.44 0 2420 0 0
1516083832.55 0 2480 0 0
1516083832.64 0 2538 0 0
1516083832.75 0 2538 0 0
1516083832.84 0 2538 0 0
1516083832.94 0 2538 0 0
1516083833.04 0 2244 0 0
1516083833.14 0 2538 0 0
1516083833.25 0 2536 0 0
1516083833.35 0 2598 0 0
1516083833.44 0 2538 0 0
1516083833.55 0 2596 0 0
1516083833.65 0 2304 0 0
1516083833.75 0 2240 0 0
1516083833.85 0 2478 0 0
1516083833.95 0 2596 0 0
1516083834.05 0 2536 0 0
1516083834.15 0 2538 0 0
1516083834.25 0 2480 0 0
1516083834.35 0 2476 0 0
1516083834.46 0 2358 0 0
1516083834.55 0 2656 0 0
1516083834.66 0 2596 0 0
1516083834.76 0 2540 0 0
1516083834.86 0 2184 0 0
1516083834.97 0 2536 0 0
1516083835.06 0 2596 0 0
1516083835.16 0 2598 0 0
1516083835.26 0 2476 0 0
1516083835.36 0 2480 0 0
1516083835.46 0 2300 0 0
1516083835.56 0 2242 0 0
1516083835.66 0 2476 0 0
1516083835.76 0 2538 0 0
1516083835.86 0 2594 0 0
1516083835.96 0 2538 0 0
1516083836.06 0 2480 0 0
1516083836.16 0 2478 0 0
1516083836.26 0 2596 0 0
1516083836.36 0 2596 0 0
1516083836.46 0 2362 0 0
1516083836.56 0 2300 0 0
1516083836.66 0 2594 0 0
1516083836.78 0 2892 0 0
1516083836.86 0 2064 0 0
1516083836.97 0 2716 0 0
1516083837.06 0 2360 0 0
1516083837.17 0 2654 0 0
1516083837.26 0 2418 0 0
1516083837.36 0 2538 0 0
1516083837.46 0 2536 0 0
1516083837.56 0 2480 0 0
1516083837.66 0 2244 0 0
1516083837.76 0 2004 0 0
1516083837.87 0 2534 0 0
1516083837.97 0 2596 0 0
1516083838.07 0 2654 0 0
1516083838.18 0 2596 0 0
1516083838.28 0 2596 0 0
1516083838.38 0 2538 0 0
1516083838.48 0 2478 0 0
1516083838.59 0 2654 0 0
1516083838.69 0 2596 0 0
1516083838.79 0 2714 0 0
1516083838.9 0 2538 0 0
1516083838.99 0 2476 0 0
1516083839.09 0 2478 0 0
1516083839.2 0 2774 0 0
1516083839.29 0 2300 0 0
1516083839.39 0 2656 0 60
1516083839.49 0 2536 0 0
1516083839.59 0 2478 0 0
1516083839.69 0 2596 0 0
1516083839.79 0 2536 0 0
1516083839.89 0 2596 0 0
1516083839.99 0 2480 0 0
1516083840.09 0 2596 0 0
1516083840.19 0 2476 0 0
1516083840.29 0 2418 0 0
1516083840.39 0 2596 0 0
1516083840.49 0 2538 0 0
1516083840.59 0 2422 0 0
1516083840.69 0 2356 0 0
1516083840.79 0 2418 0 0
1516083840.89 0 2656 0 0
1516083840.99 0 2536 0 0
1516083841.09 0 2538 0 0
1516083841.19 0 2538 0 0
1516083841.29 0 2654 0 0
1516083841.39 0 2536 0 0
1516083841.49 0 2536 0 0
1516083841.59 0 2538 0 0
1516083841.69 0 2536 0 0
1516083841.79 0 2420 0 0
1516083841.89 0 2240 0 0
1516083841.99 0 2536 0 0
1516083842.09 0 2478 0 0
1516083842.19 0 2596 0 0
1516083842.3 0 2772 0 0
1516083842.4 0 2304 0 0
1516083842.49 0 2240 0 0
1516083842.6 0 2536 0 0
1516083842.71 0 2654 0 0
1516083842.8 0 2418 0 0
1516083842.91 0 2714 0 0
1516083843.0 0 2478 0 0
1516083843.11 0 2596 0 0
1516083843.19 0 2184 0 0
1516083843.29 0 2536 0 0
1516083843.39 0 2538 0 0
1516083843.49 0 2538 0 0
1516083843.59 0 2478 0 0
1516083843.69 0 2416 0 0
1516083843.79 0 2478 0 0
1516083843.89 0 2596 0 0
1516083843.99 0 2538 0 0
1516083844.09 0 2538 0 0
1516083844.19 0 2300 0 0
1516083844.29 0 2536 0 0
1516083844.39 0 2596 0 0
1516083844.49 0 2478 0 0
1516083844.59 0 2596 0 0
1516083844.69 0 2480 0 0
1516083844.79 0 2240 0 0
1516083844.89 0 2596 0 0
1516083845.0 0 2596 0 0
1516083845.1 0 2536 0 0
1516083845.2 0 2596 0 0
1516083845.29 0 2478 0 0
1516083845.39 0 2478 0 0
1516083845.5 0 2596 0 0
1516083845.59 0 2478 0 0
1516083845.7 0 2596 0 0
1516083845.8 0 2478 0 0
1516083845.9 0 2596 0 0
1516083845.99 0 2596 0 0
1516083846.1 0 2478 0 0
1516083846.2 0 2596 0 0
1516083846.3 0 2596 0 0
1516083846.4 0 2536 0 0
1516083846.5 0 2598 0 0
1516083846.6 0 2536 0 0
1516083846.71 0 2596 0 0
1516083846.8 0 2478 0 0
1516083846.9 0 2596 0 0
1516083847.0 0 2478 0 0
1516083847.1 0 2656 0 0
1516083847.2 0 2478 0 0
1516083847.3 0 2596 0 0
1516083847.4 0 2596 0 0
1516083847.5 0 2478 0 0
1516083847.6 0 2596 0 0
1516083847.7 0 2538 0 0
1516083847.8 0 2300 0 0
1516083847.9 0 2538 0 0
1516083848.0 0 2596 0 0
1516083848.1 0 2420 0 0
1516083848.2 0 2598 0 0
1516083848.3 0 2238 0 0
1516083848.4 0 2536 0 0
1516083848.5 0 2538 0 0
1516083848.6 0 2478 0 0
1516083848.7 0 2596 0 60
1516083848.8 0 2480 0 0
1516083848.9 0 2596 0 0
1516083849.0 0 2538 0 0
1516083849.1 0 2596 0 0
1516083849.2 0 2422 0 0
1516083849.3 0 2122 0 0
1516083849.4 0 2478 0 0
1516083849.5 0 2596 0 0
1516083849.6 0 2596 0 0
1516083849.71 0 2596 0 0
1516083849.81 0 2714 0 0
1516083849.91 0 2360 0 0
1516083850.01 0 2538 0 0
1516083850.11 0 2656 0 0
1516083850.21 0 2654 0 0
1516083850.32 0 2536 0 0
1516083850.41 0 2478 0 0
1516083850.52 0 2714 0 0
1516083850.63 0 2714 0 0
1516083850.73 0 2302 0 0
1516083850.81 0 2418 0 0
1516083850.91 0 2596 0 0
1516083851.01 0 2538 0 0
1516083851.11 0 2478 0 0
1516083851.21 0 2480 0 0
1516083851.32 0 2240 0 0
1516083851.42 0 2536 0 0
1516083851.52 0 2536 0 0
1516083851.62 0 2538 0 0
1516083851.72 0 2596 0 0
1516083851.82 0 2420 0 0
1516083851.92 0 2300 0 0
1516083852.02 0 2240 0 0
1516083852.12 0 2478 0 0
1516083852.22 0 2594 0 0
1516083852.32 0 2538 0 0
1516083852.42 0 2536 0 0
1516083852.52 0 2536 0 0
1516083852.62 0 2478 0 0
1516083852.72 0 2536 0 0
1516083852.82 0 2536 0 0
1516083852.92 0 2656 0 0
1516083853.02 0 2476 0 0
1516083853.12 0 2538 0 0
1516083853.22 0 2476 0 0
1516083853.32 0 2538 0 42
1516083853.42 0 2538 0 0
1516083853.52 0 2536 0 0
1516083853.62 0 2420 0 0
1516083853.72 0 2536 0 0
1516083853.83 0 2772 0 0
1516083853.92 0 2478 0 0
1516083854.02 0 2478 0 0
1516083854.12 0 2480 0 0
1516083854.22 0 2360 0 0
1516083854.33 0 2476 0 0
1516083854.43 0 2476 0 0
1516083854.53 0 2596 0 0
1516083854.64 0 2596 0 0
1516083854.74 0 2538 0 0
1516083854.83 0 2362 0 0
1516083854.94 0 2238 0 0
1516083855.05 0 2654 0 0
1516083855.14 0 2478 0 0
1516083855.24 0 2596 0 0
1516083855.35 0 2536 0 0
1516083855.45 0 2654 0 0
1516083855.55 0 2536 0 0
1516083855.65 0 2536 0 0
1516083855.75 0 2478 0 0
1516083855.85 0 2656 0 0
1516083855.95 0 2420 0 0
1516083856.05 0 2478 0 0
1516083856.15 0 2298 0 0
1516083856.25 0 2596 0 0
1516083856.35 0 2536 0 0
1516083856.45 0 2596 0 0
1516083856.55 0 2420 0 0
1516083856.65 0 2420 0 0
1516083856.75 0 2536 0 0
1516083856.85 0 2478 0 0
1516083856.95 0 2596 0 0
1516083857.05 0 2536 0 0
1516083857.15 0 2304 0 0
1516083857.25 0 2122 0 0
1516083857.35 0 2358 0 0
1516083857.45 0 2418 0 0
1516083857.55 0 2596 0 0
1516083857.65 0 2596 0 0
1516083857.76 0 2596 0 0
1516083857.86 0 2536 0 0
1516083857.95 0 2304 0 0
1516083858.06 0 2180 0 0
1516083858.16 0 2418 0 0
1516083858.26 0 2476 0 0
1516083858.36 0 2538 0 0
1516083858.45 0 2536 0 0
1516083858.56 0 2596 0 0
1516083858.66 0 2304 0 0
1516083858.75 0 2066 0 0
1516083858.86 0 2120 0 0
1516083858.95 0 2358 0 0
1516083859.06 0 2478 0 0
1516083859.16 0 2596 0 0
1516083859.26 0 2536 0 0
1516083859.36 0 2596 0 0
1516083859.46 0 2596 0 0
1516083859.57 0 2596 0 0
1516083859.68 0 2712 0 0
1516083859.77 0 2478 0 0
1516083859.88 0 2714 0 0
1516083859.98 0 2420 0 0
1516083860.08 0 2420 0 0
1516083860.18 0 2182 0 0
1516083860.28 0 2416 0 0
1516083860.38 0 2594 0 0
1516083860.49 0 2656 0 0
1516083860.59 0 2478 0 0
1516083860.69 0 2714 0 0
1516083860.79 0 2362 0 0
1516083860.9 0 2712 0 0
1516083861.0 0 2418 0 0
1516083861.09 0 2360 0 0
1516083861.19 0 2596 0 0
1516083861.29 0 2478 0 0
1516083861.39 0 2302 0 0
1516083861.49 0 2416 0 0
1516083861.59 0 2478 0 0
1516083861.69 0 2714 0 0
1516083861.79 0 2538 0 0
1516083861.89 0 2596 0 60
1516083861.99 0 2418 0 0
1516083862.09 0 2418 0 0
1516083862.19 0 2714 0 0
1516083862.3 0 2536 0 0
1516083862.39 0 2420 0 0
1516083862.49 0 2540 0 0
1516083862.6 0 2356 0 0
1516083862.7 0 2418 0 0
1516083862.79 0 2478 0 0
1516083862.89 0 2536 0 0
1516083862.99 0 2596 0 0
1516083863.09 0 2362 0 0
1516083863.19 0 2238 0 0
1516083863.3 0 2536 0 0
1516083863.4 0 2478 0 0
1516083863.5 0 2596 0 0
1516083863.6 0 2536 0 0
1516083863.7 0 2422 0 0
1516083863.8 0 2178 0 0
1516083863.9 0 2476 0 0
1516083864.0 0 2478 0 0
1516083864.1 0 2714 0 0
1516083864.21 0 2774 0 0
1516083864.3 0 2360 0 0
1516083864.4 0 2300 0 0
1516083864.5 0 2476 0 0
1516083864.6 0 2536 0 0
1516083864.7 0 2596 0 74
1516083864.8 0 2362 0 420
1516083864.91 0 2420 0 594
1516083865.0 0 1828 0 660
1516083865.1 0 1948 0 792
1516083865.2 0 1828 0 726
1516083865.3 0 1772 0 792
1516083865.4 0 1892 0 726
1516083865.5 0 1602 0 1650
1516083865.6 0 534 0 1650
1516083865.7 0 408 0 2112
1516083865.8 0 530 0 1056
1516083865.9 0 708 0 1056
1516083866.0 0 766 0 924
1516083866.1 0 826 0 1056
1516083866.2 0 826 0 924
1516083866.3 0 884 0 858
1516083866.4 0 1004 0 924
1516083866.5 0 1002 0 792
1516083866.61 0 1180 0 792
1516083866.71 0 1120 0 726
1516083866.81 0 1298 0 726
1516083866.91 0 1296 0 660
1516083867.01 0 1416 0 660
1516083867.11 0 1534 0 594
1516083867.21 0 1532 0 528
1516083867.31 0 1594 0 462
1516083867.41 0 1710 0 528
1516083867.51 0 1710 0 462
1516083867.61 0 1652 0 528
1516083867.71 0 1652 0 462
1516083867.81 0 1652 0 528
1516083867.91 0 1712 0 462
1516083868.01 0 1536 0 660
1516083868.11 0 1124 0 1056
1516083868.21 0 882 0 792
1516083868.31 0 1120 0 792
1516083868.41 0 1120 0 792
1516083868.51 0 1238 0 660
1516083868.61 0 1298 0 726
1516083868.71 0 1414 0 594
1516083868.81 0 1476 0 594
1516083868.91 0 1714 0 462
1516083869.02 0 1714 0 528
1516083869.12 0 1770 0 594
1516083869.22 0 1596 0 528
1516083869.32 0 1596 0 528
1516083869.42 0 1478 0 462
1516083869.52 0 1654 0 660
1516083869.62 0 952 0 1188
1516083869.72 0 702 0 900
1516083869.82 0 944 0 858
1516083869.92 0 1004 0 858
1516083870.02 0 1122 0 792
1516083870.12 0 1122 0 792
1516083870.22 0 1238 0 726
1516083870.32 0 1180 0 660
1516083870.42 0 1476 0 660
1516083870.52 0 1416 0 594
1516083870.62 0 1474 0 528
1516083870.72 0 1594 0 528
1516083870.82 0 1594 0 528
1516083870.92 0 1712 0 594
1516083871.02 0 1654 0 528
1516083871.12 0 1414 0 528
1516083871.22 0 1654 0 528
1516083871.32 0 1536 0 660
1516083871.42 0 1244 0 924
1516083871.52 0 1000 0 792
1516083871.62 0 1180 0 726
1516083871.72 0 1120 0 726
1516083871.82 0 1358 0 660
1516083871.92 0 1414 0 594
1516083872.02 0 1476 0 594
1516083872.12 0 1534 0 594
1516083872.22 0 1592 0 528
1516083872.32 0 1594 0 570
1516083872.42 0 1652 0 528
1516083872.53 0 1654 0 594
1516083872.62 0 1416 0 462
1516083872.72 0 1596 0 594
1516083872.82 0 1596 0 528
1516083872.92 0 1246 0 1848
1516083873.02 0 758 0 1584
1516083873.12 0 1062 0 1650
1516083873.23 0 1298 0 1716
1516083873.33 0 1120 0 1386
1516083873.43 0 1236 0 660
1516083873.53 0 1356 0 594
1516083873.64 0 1712 0 660
1516083873.74 0 1536 0 462
1516083873.83 0 1476 0 528
1516083873.93 0 1594 0 528
1516083874.03 0 1416 0 528
1516083874.13 0 1536 0 528
1516083874.23 0 1652 0 594
1516083874.33 0 1186 0 924
1516083874.43 0 884 0 858
1516083874.53 0 1120 0 792
1516083874.63 0 1120 0 792
1516083874.73 0 1240 0 726
1516083874.83 0 1298 0 660
1516083874.93 0 1416 0 1188
1516083875.03 0 1474 0 1188
1516083875.13 0 1476 0 1122
1516083875.23 0 1652 0 1056
1516083875.33 0 1534 0 1122
1516083875.43 0 1714 0 1122
1516083875.53 0 1532 0 1224
1516083875.63 0 1476 0 1326
1516083875.73 0 1594 0 1272
1516083875.83 0 1536 0 1942
1516083875.93 0 1066 0 2820
1516083876.03 0 764 0 2632
1516083876.13 0 1002 0 2350
1516083876.23 0 1120 0 2256
1516083876.33 0 1180 0 2256
1516083876.43 0 1180 0 2068
1516083876.53 0 1356 0 1880
1516083876.63 0 1416 0 1786
1516083876.73 0 1416 0 1598
1516083876.83 0 1592 0 1598
1516083876.93 0 1534 0 1504
1516083877.03 0 1594 0 1598
1516083877.13 0 1592 0 1504
1516083877.24 0 1652 0 1598
1516083877.33 0 1476 0 1546
1516083877.44 0 1832 0 1692
1516083877.54 0 1242 0 1692
1516083877.64 0 1420 0 2350
1516083877.73 0 1002 0 2538
1516083877.83 0 768 0 2820
1516083877.94 0 884 0 2538
1516083878.04 0 1062 0 1824
1516083878.14 0 1062 0 1584
1516083878.25 0 1358 0 1650
1516083878.34 0 1120 0 1386
1516083878.44 0 1180 0 1320
1516083878.54 0 1358 0 1320
1516083878.64 0 1474 0 1122
1516083878.74 0 1594 0 1056
1516083878.84 0 1534 0 1056
1516083878.94 0 1712 0 1122
1516083879.04 0 1476 0 1122
1516083879.14 0 1594 0 1056
1516083879.24 0 1594 0 1122
1516083879.34 0 1478 0 1584
1516083879.44 0 886 0 2046
1516083879.54 0 882 0 1584
1516083879.64 0 1180 0 1518
1516083879.74 0 1238 0 1386
1516083879.84 0 1298 0 1386
1516083879.94 0 1416 0 1406
1516083880.04 0 1474 0 1628
1516083880.14 0 1534 0 1598
1516083880.24 0 1534 0 1504
1516083880.34 0 1594 0 1598
1516083880.44 0 1710 0 1598
1516083880.54 0 1476 0 1504
1516083880.64 0 1534 0 1504
1516083880.74 0 1652 0 1598
1516083880.84 0 1186 0 2726
1516083880.94 0 884 0 2538
1516083881.04 0 1060 0 2256
1516083881.14 0 1238 0 1974
1516083881.24 0 1298 0 1880
1516083881.34 0 1416 0 1880
1516083881.44 0 1474 0 1692
1516083881.54 0 1474 0 1504
1516083881.64 0 1652 0 1598
1516083881.75 0 1652 0 1598
1516083881.84 0 1534 0 1504
1516083881.94 0 1534 0 1504
1516083882.04 0 1652 0 1598
1516083882.15 0 1534 0 1598
1516083882.25 0 1592 0 1504
1516083882.35 0 1594 0 1880
1516083882.45 0 1066 0 2536
1516083882.55 0 646 0 1188
1516083882.66 0 1002 0 1056
1516083882.76 0 826 0 858
1516083882.85 0 884 0 924
1516083882.95 0 824 0 792
1516083883.06 0 1298 0 858
1516083883.15 0 1002 0 792
1516083883.25 0 1236 0 660
1516083883.35 0 1240 0 660
1516083883.45 0 1356 0 660
1516083883.55 0 1532 0 528
1516083883.66 0 1650 0 594
1516083883.75 0 1534 0 528
1516083883.85 0 1592 0 528
1516083883.95 0 1476 0 594
1516083884.05 0 1592 0 528
1516083884.15 0 1476 0 528
1516083884.25 0 1712 0 528
1516083884.35 0 1534 0 852
1516083884.46 0 1004 0 990
1516083884.56 0 940 0 792
1516083884.65 0 1064 0 726
1516083884.75 0 1238 0 726
1516083884.86 0 1356 0 660
1516083884.95 0 1356 0 660
1516083885.06 0 1532 0 594
1516083885.16 0 1534 0 528
1516083885.26 0 1650 0 528
1516083885.36 0 1534 0 528
1516083885.46 0 1534 0 528
1516083885.55 0 1534 0 594
1516083885.66 0 1594 0 528
1516083885.76 0 1652 0 528
1516083885.86 0 1418 0 792
1516083885.96 0 1064 0 990
1516083886.06 0 764 0 792
1516083886.16 0 1238 0 792
1516083886.26 0 1238 0 792
1516083886.36 0 1238 0 660
1516083886.47 0 1534 0 726
1516083886.56 0 1356 0 594
1516083886.67 0 1416 0 528
1516083886.77 0 1654 0 594
1516083886.86 0 1476 0 528
1516083886.96 0 1596 0 528
1516083887.06 0 1536 0 528
1516083887.16 0 1594 0 528
1516083887.26 0 1536 0 528
1516083887.36 0 1654 0 528
1516083887.46 0 1304 0 924
1516083887.56 0 770 0 1122
1516083887.66 0 644 0 990
1516083887.76 0 826 0 924
1516083887.86 0 944 0 858
1516083887.96 0 1062 0 858
1516083888.06 0 1062 0 792
1516083888.16 0 1240 0 726
1516083888.26 0 1180 0 726
1516083888.36 0 1356 0 660
1516083888.46 0 1358 0 660
1516083888.56 0 1534 0 528
1516083888.66 0 1534 0 594
1516083888.76 0 1534 0 528
1516083888.86 0 1654 0 528
1516083888.96 0 1534 0 594
1516083889.06 0 1652 0 528
1516083889.16 0 1476 0 528
1516083889.26 0 1712 0 528
1516083889.36 0 1360 0 918
1516083889.46 0 886 0 990
1516083889.56 0 942 0 792
1516083889.66 0 1062 0 792
1516083889.76 0 1238 0 726
1516083889.86 0 1298 0 726
1516083889.97 0 1298 0 660
1516083890.07 0 1474 0 594
1516083890.17 0 1534 0 528
1516083890.27 0 1534 0 594
1516083890.37 0 1594 0 528
1516083890.46 0 1534 0 528
1516083890.57 0 1652 0 528
1516083890.67 0 1534 0 528
1516083890.77 0 1654 0 594
1516083890.87 0 1770 0 528
1516083890.97 0 890 0 1056
1516083891.07 0 882 0 924
1516083891.17 0 1002 0 858
1516083891.27 0 1002 0 792
1516083891.37 0 1238 0 726
1516083891.47 0 1238 0 660
1516083891.57 0 1418 0 594
1516083891.67 0 1418 0 660
1516083891.77 0 1656 0 528
1516083891.87 0 1476 0 528
1516083891.97 0 1714 0 528
1516083892.07 0 1476 0 636
1516083892.17 0 1714 0 528
1516083892.27 0 1476 0 528
1516083892.37 0 1596 0 528
1516083892.47 0 1828 0 594
1516083892.57 0 948 0 1188
1516083892.67 0 292 0 1122
1516083892.77 0 704 0 1438
1516083892.87 0 942 0 2536
1516083892.97 0 942 0 2538
1516083893.07 0 1002 0 2350
1516083893.17 0 1060 0 2350
1516083893.27 0 1178 0 2162
1516083893.37 0 1236 0 2068
1516083893.47 0 1296 0 1974
1516083893.57 0 1354 0 1786
1516083893.67 0 1472 0 1692
1516083893.78 0 1592 0 1692
1516083893.87 0 1470 0 1504
1516083893.97 0 1532 0 1598
1516083894.08 0 1650 0 1504
1516083894.18 0 1590 0 1598
1516083894.28 0 1474 0 1598
1516083894.38 0 1710 0 1504
1516083894.48 0 1416 0 2162
1516083894.58 0 946 0 2626
1516083894.68 0 1058 0 1188
1516083894.78 0 1120 0 792
1516083894.88 0 1296 0 660
1516083895.0 0 1474 0 726
1516083895.09 0 1354 0 594
1516083895.19 0 1474 0 594
1516083895.29 0 1414 0 528
1516083895.39 0 1592 0 594
1516083895.49 0 1650 0 528
1516083895.59 0 1592 0 528
1516083895.69 0 1474 0 594
1516083895.79 0 1594 0 528
1516083895.89 0 1476 0 528
1516083895.99 0 1538 0 858
1516083896.09 0 1058 0 1056
1516083896.19 0 758 0 858
1516083896.29 0 942 0 858
1516083896.4 0 1058 0 858
1516083896.51 0 1176 0 924
1516083896.6 0 1118 0 660
1516083896.69 0 1234 0 660
1516083896.8 0 1352 0 726
1516083896.9 0 1352 0 594
1516083896.99 0 1470 0 528
1516083897.1 0 1588 0 594
1516083897.19 0 1530 0 528
1516083897.29 0 1590 0 528
1516083897.4 0 1588 0 528
1516083897.5 0 1590 0 594
1516083897.6 0 1474 0 528
1516083897.7 0 1768 0 594
1516083897.8 0 1004 0 990
1516083897.9 0 706 0 990
1516083898.0 0 1000 0 792
1516083898.1 0 1118 0 792
1516083898.2 0 1178 0 792
1516083898.3 0 1178 0 726
1516083898.4 0 1354 0 660
1516083898.5 0 1354 0 594
1516083898.6 0 1472 0 594
1516083898.7 0 1532 0 528
1516083898.8 0 1592 0 594
1516083898.9 0 1532 0 528
1516083899.0 0 1768 0 594
1516083899.12 0 1592 0 594
1516083899.21 0 1474 0 528
1516083899.31 0 1770 0 528
1516083899.41 0 1182 0 858
1516083899.51 0 944 0 1280
1516083899.61 0 940 0 2136
1516083899.71 0 1120 0 2204
1516083899.82 0 1238 0 2162
1516083899.91 0 1178 0 2162
1516083900.01 0 1238 0 1974
1516083900.11 0 1414 0 1880
1516083900.21 0 1356 0 1786
1516083900.32 0 1532 0 1598
1516083900.41 0 1472 0 1504
1516083900.51 0 1712 0 1598
1516083900.61 0 1532 0 1504
1516083900.71 0 1592 0 1598
1516083900.82 0 1592 0 1504
1516083900.92 0 1594 0 1786
1516083901.02 0 1474 0 1692
1516083901.12 0 1184 0 3102
1516083901.21 0 646 0 2444
1516083901.31 0 942 0 2150
1516083901.41 0 1120 0 1872
1516083901.52 0 1238 0 1344
1516083901.61 0 1238 0 660
1516083901.71 0 1296 0 660
1516083901.81 0 1416 0 660
1516083901.91 0 1532 0 594
1516083902.01 0 1474 0 528
1516083902.12 0 1710 0 594
1516083902.21 0 1474 0 462
1516083902.32 0 1594 0 594
1516083902.42 0 1650 0 528
1516083902.52 0 1358 0 528
1516083902.62 0 1710 0 594
1516083902.72 0 1362 0 924
1516083902.82 0 882 0 858
1516083902.92 0 1060 0 594
1516083903.01 0 1238 0 0
1516083903.12 0 1238 0 0
1516083903.22 0 1416 0 0
1516083903.32 0 1474 0 0
1516083903.42 0 1472 0 0
1516083903.52 0 1594 0 0
1516083903.62 0 1766 0 0
1516083903.72 0 1944 0 0
1516083903.82 0 2180 0 0
1516083903.93 0 2534 0 0
1516083904.02 0 2476 0 0
1516083904.13 0 2654 0 0
1516083904.22 0 2478 0 0
1516083904.32 0 2418 0 0
1516083904.42 0 2250 0 0
1516083904.52 0 1186 0 0
1516083904.63 0 992 0 0
1516083904.73 0 1828 0 0
1516083904.83 0 1710 0 0
1516083904.92 0 1828 0 0
1516083905.02 0 1946 0 0
1516083905.13 0 2182 0 0
1516083905.23 0 2240 0 0
1516083905.34 0 2418 0 0
1516083905.43 0 2358 0 0
1516083905.54 0 2536 0 0
1516083905.63 0 2536 0 0
1516083905.74 0 2596 0 0
1516083905.83 0 2536 0 0
1516083905.93 60 2302 0 0
1516083906.03 0 2130 0 0
1516083906.13 0 1704 0 0
1516083906.23 0 2416 0 0
1516083906.33 0 2418 0 0
1516083906.43 0 2654 0 0
1516083906.53 0 2654 0 0
1516083906.63 0 2596 0 0
1516083906.73 0 2596 0 0
1516083906.83 0 2244 0 60
1516083906.94 0 1352 0 0
1516083907.04 0 2064 0 0
1516083907.14 0 2124 0 0
1516083907.24 0 2534 0 0
1516083907.34 0 2358 0 0
1516083907.44 0 2478 0 0
1516083907.54 0 2594 0 0
1516083907.63 0 2538 0 0
1516083907.74 0 2710 0 0
1516083907.84 0 2068 0 0
1516083907.93 0 2478 0 0
1516083908.04 0 2534 0 0
1516083908.14 0 2536 0 0
1516083908.23 0 2478 0 0
1516083908.34 0 2596 0 0
1516083908.44 0 2712 0 0
1516083908.54 0 1830 0 0
1516083908.64 0 2300 0 0
1516083908.75 0 2890 0 0
1516083908.85 0 2478 0 0
1516083908.96 0 2654 0 0
1516083909.06 0 2538 0 0
1516083909.16 0 2482 0 0
1516083909.26 0 2118 0 0
1516083909.36 0 2536 0 0
1516083909.46 0 2478 0 0
1516083909.56 0 2478 0 0
1516083909.66 0 2596 0 0
1516083909.76 0 2474 0 0
1516083909.86 0 2244 0 0
1516083909.96 0 2418 0 0
1516083910.07 0 2596 0 0
1516083910.18 0 2832 0 0
1516083910.27 0 2300 0 0
1516083910.37 0 2480 0 0
1516083910.46 0 2358 0 0
1516083910.57 0 2536 0 0
1516083910.67 0 2596 0 0
1516083910.77 0 2596 0 0
1516083910.87 0 2420 0 0
1516083910.97 0 2358 0 0
1516083911.07 0 2536 0 0
1516083911.17 0 2536 0 0
1516083911.27 0 2538 0 0
1516083911.37 0 2480 0 0
1516083911.47 0 2240 0 0
1516083911.57 0 2536 0 0
1516083911.67 0 2536 0 0
1516083911.77 0 2596 0 0
1516083911.87 0 2596 0 0
1516083911.97 0 2538 0 0
1516083912.07 0 2190 0 0
1516083912.17 0 1824 0 0
1516083912.27 0 2002 0 0
1516083912.37 0 2418 0 0
1516083912.47 0 2418 0 0
1516083912.57 0 2596 0 0
1516083912.67 0 2536 0 0
1516083912.77 0 2538 0 0
1516083912.87 0 2478 0 0
1516083912.97 0 2422 0 0
1516083913.07 0 2000 0 0
1516083913.17 0 2418 0 0
1516083913.27 0 2594 0 0
1516083913.37 0 2538 0 0
1516083913.48 0 2654 0 0
1516083913.58 0 2420 0 0
1516083913.68 0 2714 0 0
1516083913.78 0 2596 0 0
1516083913.88 0 2594 0 0
1516083913.99 0 2774 0 0
1516083914.09 0 2360 0 0
1516083914.19 0 2596 0 0
1516083914.28 0 2536 0 0
1516083914.38 0 2538 0 0
1516083914.48 0 2478 0 0
1516083914.58 0 2594 0 0
1516083914.68 0 2538 0 0
1516083914.78 0 2536 0 0
1516083914.89 0 2598 0 0
1516083914.98 0 1778 0 0
1516083915.08 0 1702 0 0
1516083915.18 0 2300 0 0
1516083915.28 0 2418 0 0
1516083915.38 0 2536 0 0
1516083915.48 0 2536 0 0
1516083915.59 0 2596 0 0
1516083915.69 0 2538 0 0
1516083915.79 0 2596 0 0
1516083915.88 0 2298 0 0
1516083915.99 0 2596 0 0
1516083916.09 0 2596 0 0
1516083916.19 0 2596 0 0
1516083916.29 0 2420 0 0
1516083916.39 0 2416 0 42
1516083916.48 0 2360 0 0
1516083916.59 0 2714 0 0
1516083916.69 0 2478 0 0
1516083916.79 0 2538 0 0
1516083916.89 0 2476 0 0
1516083916.99 0 2536 0 0
1516083917.09 0 2656 0 0
1516083917.19 0 2536 0 0
1516083917.29 0 2422 0 0
1516083917.4 0 2534 0 0
1516083917.49 0 2478 0 0
1516083917.6 0 2714 0 0
1516083917.7 0 2656 0 0
1516083917.79 0 2068 0 0
1516083917.9 0 2356 0 0
1516083918.0 0 2654 0 0
1516083918.1 0 2596 0 0
1516083918.19 0 2360 0 0
1516083918.29 0 2478 0 0
1516083918.4 0 2476 0 0
1516083918.49 0 2478 0 0
1516083918.59 0 2654 0 0
1516083918.69 0 2478 0 0
1516083918.79 0 2422 0 0
1516083918.9 0 2238 0 0
1516083919.0 0 2476 0 0
1516083919.1 0 2478 0 0
1516083919.2 0 2656 0 0
1516083919.3 0 2478 0 0
1516083919.4 0 2596 0 0
1516083919.5 0 2596 0 0
1516083919.6 0 2418 0 0
1516083919.7 0 2596 0 0
1516083919.8 0 2536 0 0
1516083919.9 0 2596 0 0
1516083920.0 0 2306 0 0
1516083920.1 0 2118 0 0
1516083920.2 0 2418 0 0
1516083920.3 0 2476 0 0
1516083920.4 0 2598 0 0
1516083920.5 0 2536 0 0
1516083920.6 0 2538 0 0
1516083920.7 0 2536 0 0
1516083920.8 0 2478 0 0
1516083920.9 0 2596 0 0
1516083921.0 0 2536 0 0
1516083921.1 0 2420 0 0
1516083921.2 0 2476 0 0
1516083921.3 0 2538 0 0
1516083921.41 0 2772 0 0
1516083921.5 0 2420 0 0
1516083921.6 0 2538 0 0
1516083921.7 0 2240 0 0
1516083921.8 0 2478 0 0
1516083921.9 0 2596 0 0
1516083922.0 0 2538 0 0
1516083922.1 0 2538 0 42
1516083922.2 0 2476 0 0
1516083922.3 0 2596 0 0
1516083922.4 0 2478 0 0
1516083922.5 0 2478 0 0
1516083922.6 0 2598 0 0
1516083922.7 0 2238 0 0
1516083922.8 0 2536 0 0
1516083922.9 0 2538 0 0
1516083923.0 0 2596 0 0
1516083923.1 0 2478 0 0
1516083923.2 0 2478 0 0
1516083923.3 0 2420 0 0
1516083923.4 0 2534 0 0
1516083923.5 0 2420 0 0
1516083923.6 0 2478 0 0
1516083923.7 0 2476 0 0
1516083923.81 0 2596 0 0
1516083923.9 0 2538 0 0
1516083924.01 0 2654 0 0
1516083924.1 0 2362 0 0
1516083924.21 0 2476 0 0
1516083924.31 0 2596 0 0
1516083924.41 0 2596 0 0
1516083924.51 0 2478 0 0
1516083924.61 0 2422 0 0
1516083924.7 0 2356 0 0
1516083924.81 0 2596 0 0
1516083924.91 0 2536 0 0
1516083925.01 0 2596 0 0
1516083925.12 0 2542 0 0
1516083925.21 0 2000 0 0
1516083925.31 0 2654 0 0
1516083925.42 0 2714 0 0
1516083925.52 0 2596 0 0
1516083925.61 0 2360 0 0
1516083925.72 0 2538 0 0
1516083925.81 0 2300 0 0
1516083925.91 0 2536 0 0
1516083926.01 0 2596 0 0
1516083926.11 0 2478 0 0
1516083926.21 0 2480 0 0
1516083926.32 0 2296 0 60
1516083926.41 0 2478 0 0
1516083926.51 0 2654 0 0
1516083926.61 0 2478 0 0
1516083926.71 0 2420 0 0
1516083926.81 0 2358 0 0
1516083926.91 0 2478 0 0
1516083927.01 0 2596 0 0
1516083927.12 0 2596 0 0
1516083927.22 0 2480 0 0
1516083927.32 0 2298 0 0
1516083927.42 0 2596 0 0
1516083927.52 0 2596 0 0
1516083927.62 0 2478 0 0
1516083927.71 0 2422 0 0
1516083927.82 0 2296 0 0
1516083927.92 0 2536 0 0
1516083928.02 0 2478 0 0
1516083928.12 0 2478 0 0
1516083928.22 0 2596 0 0
1516083928.32 0 2538 0 0
1516083928.42 0 2298 0 0
1516083928.52 0 2596 0 0
1516083928.62 0 2478 0 0
1516083928.72 0 2654 0 0
1516083928.82 0 2362 0 0
1516083928.92 0 2416 0 0
1516083929.02 0 2596 0 0
1516083929.12 0 2478 0 0
1516083929.22 0 2596 0 0
1516083929.32 0 2480 0 0
1516083929.42 0 2416 0 0
1516083929.53 0 2596 0 0
1516083929.63 0 2832 0 0
1516083929.73 0 2360 0 0
1516083929.82 0 2302 0 0
1516083929.92 0 2298 0 0
1516083930.02 0 2536 0 0
1516083930.12 0 2596 0 0
1516083930.22 0 2478 0 0
1516083930.32 0 2422 0 0
1516083930.42 0 2416 0 0
1516083930.52 0 2536 0 0
1516083930.62 0 2596 0 0
1516083930.72 0 2420 0 0
1516083930.83 0 2600 0 0
1516083930.92 0 2118 0 0
1516083931.02 0 2536 0 0
1516083931.13 0 2478 0 0
1516083931.23 0 2596 0 0
1516083931.32 0 2360 0 0
1516083931.43 0 2716 0 60
1516083931.53 0 2476 0 0
1516083931.63 0 2596 0 0
1516083931.73 0 2478 0 0
1516083931.83 0 2654 0 0
1516083931.93 0 2478 0 0
1516083932.03 0 2596 0 0
1516083932.13 0 2596 0 0
1516083932.23 0 2536 0 0
1516083932.33 0 2538 0 0
1516083932.43 0 2478 0 0
1516083932.53 0 2596 0 0
1516083932.63 0 2656 0 0
1516083932.73 0 2536 0 0
1516083932.83 0 2362 0 0
1516083932.93 0 2358 0 0
1516083933.03 0 2536 0 0
1516083933.13 0 2596 0 0
1516083933.23 0 2596 0 0
1516083933.34 0 2596 0 0
1516083933.44 0 2596 0 0
1516083933.54 0 2654 0 0
1516083933.64 0 2478 0 0
1516083933.74 0 2598 0 0
1516083933.84 0 2596 0 0
1516083933.95 0 2830 0 0
1516083934.05 0 2420 0 0
1516083934.15 0 2596 0 0
1516083934.25 0 2480 0 0
1516083934.35 0 2180 0 0
1516083934.44 0 2478 0 0
1516083934.54 0 2536 0 0
1516083934.64 0 2538 0 0
1516083934.74 0 2596 0 0
1516083934.84 0 2536 0 0
1516083934.95 0 2596 0 0
1516083935.04 0 2478 0 0
1516083935.15 0 2596 0 0
1516083935.25 0 2480 0 0
1516083935.35 0 2416 0 0
1516083935.45 0 2538 0 0
1516083935.55 0 2596 0 0
1516083935.64 0 2478 0 0
1516083935.75 0 2480 0 0
1516083935.85 0 2358 0 0
1516083935.95 0 2536 0 0
1516083936.05 0 2536 0 0
1516083936.15 0 2596 0 0
1516083936.25 0 2362 0 0
1516083936.35 0 2416 0 0
1516083936.45 0 2536 0 0
1516083936.55 0 2538 0 0
1516083936.65 0 2596 0 0
1516083936.75 0 2478 0 0
1516083936.85 0 2596 0 0
1516083936.95 0 2478 0 0
1516083937.05 0 2596 0 0
1516083937.15 0 2478 0 0
1516083937.25 0 2596 0 0
1516083937.35 0 2476 0 0
1516083937.45 0 2478 0 0
1516083937.55 0 2772 0 0
1516083937.65 0 2362 0 0
1516083937.76 0 2540 0 0
1516083937.86 0 2118 0 0
1516083937.96 0 2300 0 0
1516083938.06 0 2596 0 0
1516083938.16 0 2596 0 0
1516083938.26 0 2654 0 0
1516083938.36 0 2420 0 0
1516083938.48 0 3008 0 0
1516083938.58 0 2478 0 0
1516083938.67 0 2302 0 0
1516083938.77 0 2478 0 0
1516083938.87 0 2420 0 0
1516083938.97 0 2536 0 0
1516083939.07 0 2596 0 0
1516083939.17 0 2596 0 0
1516083939.27 0 2478 0 0
1516083939.37 0 2420 0 0
1516083939.47 0 2476 0 0
1516083939.57 0 2654 0 0
1516083939.67 0 2596 0 0
1516083939.77 0 2480 0 0
1516083939.87 0 2422 0 0
1516083939.97 0 2178 0 0
1516083940.07 0 2596 0 0
1516083940.17 0 2596 0 0
1516083940.27 0 2536 0 0
1516083940.37 0 2538 0 0
1516083940.47 0 2596 0 0
1516083940.57 0 2420 0 0
1516083940.66 0 1518 0 3540
1516083940.76 0 1102 0 0
1516083940.86 0 1392 0 0
1516083940.96 0 1276 0 0
1516083941.06 0 1392 0 0
1516083941.16 0 1624 0 0
1516083941.26 0 1624 0 0
1516083941.37 0 1682 0 0
1516083941.46 0 1682 0 0
1516083941.57 0 1856 0 0
1516083941.67 0 1798 0 0
1516083941.77 0 1682 0 2360
1516083941.86 0 0 0 1770
1516083941.97 0 0 0 0
1516083942.07 0 0 0 0
1516083942.17 0 0 0 0
1516083942.27 0 0 0 0
1516083942.37 0 0 0 0
1516083942.47 0 0 0 0
1516083942.57 0 0 0 0
1516083942.67 0 0 0 0
1516083942.77 0 0 0 590
1516083942.87 0 0 0 590
1516083942.97 0 0 0 0
1516083943.07 0 0 0 0
1516083943.17 0 0 0 0
1516083943.27 0 0 0 0
1516083943.37 0 0 0 0
1516083943.47 0 0 0 0
1516083943.57 0 0 0 0
1516083943.67 0 0 0 0
1516083943.77 0 0 0 0
1516083943.87 0 0 0 0
1516083943.97 0 0 0 0
1516083944.07 0 0 0 0
1516083944.17 0 0 0 0
1516083944.27 0 0 0 0
1516083944.37 0 0 0 0
1516083944.47 0 0 0 0
1516083944.57 0 0 0 0
1516083944.67 0 0 0 0
1516083944.77 0 0 0 0
1516083944.87 0 0 0 0
1516083944.97 0 0 0 0
1516083945.07 0 0 0 0
1516083945.17 0 0 0 0
1516083945.27 0 0 0 0
1516083945.37 0 0 0 0
1516083945.47 0 0 0 0
1516083945.57 0 0 0 0
1516083945.67 0 0 0 0
1516083945.78 0 0 0 0
1516083945.88 0 0 0 0
1516083945.97 0 0 0 0
1516083946.08 0 0 0 0
1516083946.18 0 0 0 0
1516083946.28 0 0 0 0
1516083946.38 0 0 0 0
1516083946.48 0 0 0 0
1516083946.58 0 0 0 0
1516083946.68 0 0 0 0
1516083946.79 0 0 0 0
1516083946.89 0 0 0 0
1516083946.98 0 0 0 0
1516083947.08 0 0 0 0
1516083947.19 0 0 0 0
1516083947.29 0 0 0 0
1516083947.39 0 0 0 0
1516083947.49 0 0 0 0
1516083947.59 0 0 0 0
1516083947.69 0 0 0 0
1516083947.79 0 0 0 0
1516083947.89 0 0 0 0
1516083947.99 0 0 0 0
1516083948.09 0 0 0 0
1516083948.19 0 0 0 0
1516083948.29 0 0 0 0
1516083948.39 0 0 0 0
1516083948.49 0 0 0 0
1516083948.59 0 0 0 0
1516083948.69 0 0 0 0
1516083948.79 0 0 0 0
1516083948.89 0 0 0 0
1516083948.99 0 0 0 0
1516083949.09 0 0 0 0
1516083949.19 0 0 0 0
1516083949.29 0 0 0 0
1516083949.39 0 0 0 0
1516083949.49 0 0 0 0
1516083949.59 0 0 0 0
1516083949.69 0 0 0 0
1516083949.79 0 0 0 0
1516083949.89 0 0 0 0
1516083949.99 0 0 0 0
1516083950.09 0 0 0 0
1516083950.19 0 0 0 0
1516083950.29 0 0 0 0
1516083950.39 0 0 0 0
1516083950.49 0 0 0 0
1516083950.59 0 0 0 0
1516083950.7 0 0 0 0
1516083950.8 0 0 0 0
1516083950.89 0 0 0 0
1516083950.99 0 0 0 0
1516083951.09 0 0 0 0
1516083951.19 0 0 0 0
1516083951.29 0 0 0 0
1516083951.39 0 0 0 0
1516083951.49 0 0 0 0
1516083951.6 0 0 0 0
1516083951.69 0 0 0 0
1516083951.79 0 0 0 0
1516083951.89 0 0 0 0
1516083951.99 0 0 0 0
1516083952.09 0 0 0 0
1516083952.19 0 0 0 0
