1516083759.04 1 1 2500.0 2500.0 4500.0 3166.66666667
1516083759.16 1 1 2500.0 2500.0 4500.0 3611.11111111
1516083759.23 1 1 2500.0 2500.0 4500.0 3907.40740741
1516083759.33 1 1 2500.0 2500.0 4500.0 4104.9382716
1516083759.45 1 1 2500.0 2500.0 4500.0 4236.6255144
1516083759.54 1 1 2500.0 2500.0 4500.0 4324.4170096
1516083759.64 1 1 2500.0 2500.0 4500.0 4382.94467307
1516083759.73 1 1 2500.0 2500.0 4500.0 4421.96311538
1516083759.84 1 1 2500.0 2500.0 4500.0 4447.97541025
1516083759.94 1 1 2500.0 2500.0 4500.0 4465.31694017
1516083760.07 1 1 2500.0 2500.0 4500.0 4476.87796011
1516083760.14 1 1 2500.0 2500.0 4500.0 4484.58530674
1516083760.24 1 1 2500.0 2500.0 4500.0 4489.72353783
1516083760.35 1 1 2500.0 2500.0 4500.0 4493.14902522
1516083760.44 1 1 2500.0 2500.0 4500.0 4495.43268348
1516083760.55 1 1 2500.0 2500.0 4500.0 4496.95512232
1516083760.65 1 1 2500.0 2500.0 4500.0 4497.97008155
1516083760.75 1 1 2500.0 2500.0 4500.0 4498.64672103
1516083760.84 1 1 2500.0 2500.0 4500.0 4499.09781402
1516083760.94 1 1 2500.0 2500.0 4500.0 4499.39854268
1516083761.05 1 1 2500.0 2500.0 4500.0 4499.59902845
1516083761.14 1 1 2500.0 2500.0 4500.0 4499.73268564
1516083761.24 1 1 2500.0 2500.0 4500.0 4499.82179042
1516083761.34 1 1 2500.0 2500.0 4500.0 4499.88119362
1516083761.44 1 1 2500.0 2500.0 4500.0 4499.92079574
1516083761.54 1 1 2500.0 2500.0 4500.0 4499.94719716
1516083761.64 1 1 2500.0 2500.0 4500.0 4499.96479811
1516083761.75 1 1 2500.0 2500.0 4500.0 4499.97653207
1516083761.84 1 1 2500.0 2500.0 4500.0 4499.98435471
1516083761.95 1 1 2500.0 2500.0 4500.0 4499.98956981
1516083762.04 1 1 2500.0 2500.0 4500.0 4499.99304654
1516083762.14 1 1 2500.0 2500.0 4500.0 4499.99536436
1516083762.25 1 1 2500.0 2500.0 4500.0 4499.99690957
1516083762.35 1 1 2500.0 2500.0 4500.0 4499.99793972
1516083762.45 1 1 2500.0 2500.0 4500.0 4499.99862648
1516083762.55 1 1 2500.0 2500.0 4500.0 4499.99908432
1516083762.65 1 1 2500.0 2500.0 4500.0 4499.99938955
1516083762.74 1 1 2500.0 2500.0 4500.0 4499.99959303
1516083762.85 1 1 2500.0 2500.0 4500.0 4499.99972869
1516083762.94 1 1 2500.0 2500.0 4500.0 4499.99981912
1516083763.04 1 1 2500.0 2500.0 4500.0 4499.99987942
1516083763.14 1 1 2500.0 2500.0 4500.0 4499.99991961
1516083763.24 1 1 2500.0 2500.0 4500.0 4499.99994641
1516083763.34 1 1 2500.0 2500.0 4500.0 4499.99996427
1516083763.44 1 1 2500.0 2500.0 4500.0 4499.99997618
1516083763.54 1 1 2500.0 2500.0 4500.0 4499.99998412
1516083763.64 1 1 2500.0 2500.0 4500.0 4499.99998941
1516083763.75 1 1 2500.0 2500.0 4500.0 4499.99999294
1516083763.84 1 1 2500.0 2500.0 4500.0 4499.9999953
1516083763.94 1 1 2500.0 2500.0 4500.0 4499.99999686
1516083764.04 1 1 2500.0 2500.0 4500.0 4499.99999791
1516083764.14 1 1 2500.0 2500.0 4500.0 4499.99999861
1516083764.25 1 1 2500.0 2500.0 4500.0 4499.99999907
1516083764.35 1 1 2500.0 2500.0 4500.0 4499.99999938
1516083764.45 1 1 2500.0 2500.0 4500.0 4499.99999959
1516083764.55 1 1 2500.0 2500.0 4500.0 4499.99999972
1516083764.65 1 1 2500.0 2500.0 4500.0 4499.99999982
1516083764.75 1 1 2500.0 2500.0 4500.0 4499.99999988
1516083764.91 1 1 2500.0 2500.0 4500.0 4499.99999992
1516083765.01 1 1 2500.0 2500.0 4500.0 4499.99999995
1516083765.11 1 1 2500.0 2500.0 4500.0 4499.99999996
1516083765.26 1 1 2500.0 2500.0 4500.0 4499.99999998
1516083765.33 1 1 2500.0 2500.0 4500.0 4499.99999998
1516083765.43 1 1 2500.0 2500.0 4500.0 4499.99999999
1516083765.52 1 1 2500.0 2500.0 4500.0 4499.99999999
1516083765.62 1 1 2500.0 2500.0 4500.0 4500.0
1516083765.73 1 1 2500.0 2500.0 4500.0 4500.0
1516083765.83 1 1 2500.0 2500.0 4500.0 4500.0
1516083765.93 1 1 2500.0 2500.0 4500.0 4500.0
1516083766.03 1 1 2500.0 2500.0 4500.0 4500.0
1516083766.13 1 1 2500.0 2500.0 4500.0 4500.0
1516083766.23 1 1 2500.0 2500.0 4500.0 4500.0
1516083766.33 1 1 2500.0 2500.0 4500.0 4500.0
1516083766.43 1 1 2500.0 2500.0 4500.0 4500.0
1516083766.53 1 1 2500.0 2500.0 4500.0 4500.0
1516083766.63 1 1 2500.0 2500.0 4500.0 4500.0
1516083766.73 1 1 2500.0 2500.0 4500.0 4500.0
1516083766.84 1 1 2500.0 2500.0 4500.0 4500.0
1516083766.93 1 1 2500.0 2500.0 4500.0 4500.0
1516083767.04 1 1 2500.0 2500.0 4500.0 4500.0
1516083767.18 1 1 2500.0 2500.0 4500.0 4500.0
1516083767.27 1 1 2500.0 2500.0 4500.0 4500.0
1516083767.37 1 1 2500.0 2500.0 4500.0 4500.0
1516083767.47 1 1 2500.0 2500.0 4500.0 4500.0
1516083767.57 1 1 2500.0 2500.0 4500.0 4500.0
1516083767.67 1 1 2500.0 2500.0 4500.0 4500.0
1516083767.84 1 1 2500.0 2500.0 4500.0 4500.0
1516083767.9 1 1 2500.0 2500.0 4500.0 4500.0
1516083768.06 1 1 2500.0 2500.0 4500.0 4500.0
1516083768.14 1 1 2500.0 2500.0 4500.0 4500.0
1516083768.24 1 1 2500.0 2500.0 4500.0 4500.0
1516083768.41 1 1 2500.0 2500.0 4500.0 4500.0
1516083768.49 1 1 2500.0 2500.0 4500.0 4500.0
1516083768.58 1 1 2500.0 2500.0 4500.0 4500.0
1516083768.68 1 1 2500.0 2500.0 4500.0 4500.0
1516083768.78 1 1 2500.0 2500.0 4500.0 4500.0
1516083768.88 1 1 2500.0 2500.0 4500.0 4500.0
1516083769.06 1 1 2500.0 2500.0 4500.0 4500.0
1516083769.14 1 1 2500.0 2500.0 4500.0 4500.0
1516083769.23 1 1 2500.0 2500.0 4500.0 4500.0
1516083769.33 1 1 2500.0 2500.0 4500.0 4500.0
1516083769.45 1 1 2500.0 2500.0 4500.0 4500.0
1516083769.54 1 1 2500.0 2500.0 4500.0 4500.0
1516083769.64 1 1 2500.0 2500.0 4500.0 4500.0
1516083769.74 1 1 2500.0 2500.0 4500.0 4500.0
1516083769.84 1 1 2500.0 2500.0 4500.0 4500.0
1516083769.95 1 1 2500.0 2500.0 4500.0 4500.0
1516083770.05 1 1 2500.0 2500.0 4500.0 4500.0
1516083770.15 1 1 2500.0 2500.0 4500.0 4500.0
1516083770.25 1 1 2500.0 2500.0 4500.0 4500.0
1516083770.35 1 1 2500.0 2500.0 4500.0 4500.0
1516083770.45 1 1 2500.0 2500.0 4500.0 4500.0
1516083770.55 1 1 2500.0 2500.0 4500.0 4500.0
1516083770.65 1 1 2500.0 2500.0 4500.0 4500.0
1516083770.75 1 1 2500.0 2500.0 4500.0 4500.0
1516083770.85 1 1 2500.0 2500.0 4500.0 4500.0
1516083770.95 1 1 2500.0 2500.0 4500.0 4500.0
1516083771.05 1 1 2500.0 2500.0 4500.0 4500.0
1516083771.15 1 1 2500.0 2500.0 4500.0 4500.0
1516083771.25 1 1 2500.0 2500.0 4500.0 4500.0
1516083771.36 1 1 2500.0 2500.0 4500.0 4500.0
1516083771.45 1 1 2500.0 2500.0 4500.0 4500.0
1516083771.54 1 1 2500.0 2500.0 4500.0 4500.0
1516083771.64 1 1 2500.0 2500.0 4500.0 4500.0
1516083771.74 1 1 2500.0 2500.0 4500.0 4500.0
1516083771.84 1 1 2500.0 2500.0 4500.0 4500.0
1516083771.94 1 1 2500.0 2500.0 4500.0 4500.0
1516083772.04 1 1 2500.0 2500.0 4500.0 4500.0
1516083772.14 1 1 2500.0 2500.0 4500.0 4500.0
1516083772.24 1 1 2500.0 2500.0 4500.0 4500.0
1516083772.34 1 1 2500.0 2500.0 4500.0 4500.0
1516083772.44 1 1 2500.0 2500.0 4500.0 4500.0
1516083772.55 1 1 2500.0 2500.0 4500.0 4500.0
1516083772.65 1 1 2500.0 2500.0 4500.0 4500.0
1516083772.76 1 1 2500.0 2500.0 4500.0 4500.0
1516083772.85 1 1 2500.0 2500.0 4500.0 4500.0
1516083772.95 1 1 2500.0 2500.0 4500.0 4500.0
1516083773.05 1 1 2500.0 2500.0 4500.0 4500.0
1516083773.15 1 1 2500.0 2500.0 4500.0 4500.0
1516083773.31 1 1 2500.0 2500.0 4500.0 4500.0
1516083773.38 1 1 2500.0 2500.0 4500.0 4500.0
1516083773.48 1 1 2500.0 2500.0 4500.0 4500.0
1516083773.58 1 1 2500.0 2500.0 4500.0 4500.0
1516083773.68 1 1 2500.0 2500.0 4500.0 4500.0
1516083773.78 1 2 1666.66666667 2458.33333333 4500.0 4500.0
1516083773.88 1 2 1666.66666667 2418.75 4500.0 4500.0
1516083773.98 1 3 1250.0 2360.3125 4500.0 4500.0
1516083774.08 1 3 1250.0 2304.796875 4500.0 4500.0
1516083774.18 1 3 1250.0 2252.05703125 4500.0 4500.0
1516083774.28 1 3 1250.0 2201.95417969 4500.0 4500.0
1516083774.38 1 3 1250.0 2154.3564707 4500.0 4500.0
1516083774.48 1 3 1250.0 2109.13864717 4500.0 4500.0
1516083774.58 1 3 1250.0 2066.18171481 4500.0 4500.0
1516083774.68 1 3 1250.0 2025.37262907 4500.0 4500.0
1516083774.79 1 3 1250.0 1986.60399762 4500.0 4500.0
1516083774.88 1 3 1250.0 1949.77379773 4500.0 4500.0
1516083774.99 1 3 1250.0 1914.78510785 4500.0 4500.0
1516083775.09 1 3 1250.0 1881.54585246 4500.0 4500.0
1516083775.18 1 3 1250.0 1849.96855983 4500.0 4500.0
1516083775.28 1 3 1250.0 1819.97013184 4500.0 4500.0
1516083775.38 1 3 1250.0 1791.47162525 4500.0 4500.0
1516083775.49 1 3 1250.0 1764.39804399 4500.0 4500.0
1516083775.59 1 3 1250.0 1738.67814179 4500.0 4500.0
1516083775.7 1 3 1250.0 1714.2442347 4500.0 4500.0
1516083775.79 1 3 1250.0 1691.03202296 4500.0 4500.0
1516083775.89 1 3 1250.0 1668.98042181 4500.0 4500.0
1516083776.0 1 3 1250.0 1648.03140072 4500.0 4500.0
1516083776.1 1 3 1250.0 1628.12983069 4500.0 4500.0
1516083776.19 1 3 1250.0 1609.22333915 4500.0 4500.0
1516083776.28 1 3 1250.0 1591.2621722 4500.0 4500.0
1516083776.39 1 3 1250.0 1574.19906359 4500.0 4500.0
1516083776.49 1 3 1250.0 1557.98911041 4500.0 4500.0
1516083776.59 1 3 1250.0 1542.58965489 4500.0 4500.0
1516083776.69 1 3 1250.0 1527.96017214 4500.0 4500.0
1516083776.79 1 3 1250.0 1514.06216354 4500.0 4500.0
1516083776.88 1 3 1250.0 1500.85905536 4500.0 4500.0
1516083776.98 1 3 1250.0 1488.31610259 4500.0 4500.0
1516083777.09 1 3 1250.0 1476.40029746 4500.0 4500.0
1516083777.19 1 3 1250.0 1465.08028259 4500.0 4500.0
1516083777.29 1 3 1250.0 1454.32626846 4500.0 4500.0
1516083777.39 1 3 1250.0 1444.10995504 4500.0 4500.0
1516083777.48 1 2 1666.66666667 1455.23779062 4500.0 4500.0
1516083777.58 1 2 1666.66666667 1465.80923442 4500.0 4500.0
1516083777.69 1 2 1666.66666667 1475.85210603 4500.0 4500.0
1516083777.79 1 2 1666.66666667 1485.39283406 4500.0 4500.0
1516083777.88 1 2 1666.66666667 1494.45652569 4500.0 4500.0
1516083778.02 1 2 1666.66666667 1503.06703274 4500.0 4500.0
1516083778.1 1 2 1666.66666667 1511.24701444 4500.0 4500.0
1516083778.19 1 2 1666.66666667 1519.01799705 4500.0 4500.0
1516083778.3 1 2 1666.66666667 1526.40043053 4500.0 4500.0
1516083778.4 1 2 1666.66666667 1533.41374234 4500.0 4500.0
1516083778.5 1 1 2500.0 1581.74305522 4500.0 4500.0
1516083778.6 1 1 2500.0 1627.65590246 4500.0 4500.0
1516083778.7 1 1 2500.0 1671.27310734 4500.0 4500.0
1516083778.8 1 1 2500.0 1712.70945197 4500.0 4500.0
1516083778.9 1 1 2500.0 1752.07397937 4500.0 4500.0
1516083779.0 1 1 2500.0 1789.4702804 4500.0 4500.0
1516083779.09 1 1 2500.0 1824.99676638 4500.0 4500.0
1516083779.2 1 1 2500.0 1858.74692806 4500.0 4500.0
1516083779.3 1 1 2500.0 1890.80958166 4500.0 4500.0
1516083779.4 1 1 2500.0 1921.26910258 4500.0 4500.0
1516083779.5 1 1 2500.0 1950.20564745 4500.0 4500.0
1516083779.6 1 1 2500.0 1977.69536508 4500.0 4500.0
1516083779.7 1 1 2500.0 2003.81059682 4500.0 4500.0
1516083779.8 1 1 2500.0 2028.62006698 4500.0 4500.0
1516083779.91 1 1 2500.0 2052.18906363 4500.0 4500.0
1516083780.01 1 1 2500.0 2074.57961045 4500.0 4500.0
1516083780.1 1 1 2500.0 2095.85062993 4500.0 4500.0
1516083780.2 1 1 2500.0 2116.05809843 4500.0 4500.0
1516083780.31 1 1 2500.0 2135.25519351 4500.0 4500.0
1516083780.41 1 1 2500.0 2153.49243383 4500.0 4500.0
1516083780.51 1 1 2500.0 2170.81781214 4500.0 4500.0
1516083780.61 1 1 2500.0 2187.27692154 4500.0 4500.0
1516083780.69 1 1 2500.0 2202.91307546 4500.0 4500.0
1516083780.8 1 1 2500.0 2217.76742169 4500.0 4500.0
1516083780.91 1 1 2500.0 2231.8790506 4500.0 4500.0
1516083781.01 1 1 2500.0 2245.28509807 4500.0 4500.0
1516083781.1 1 1 2500.0 2258.02084317 4500.0 4500.0
1516083781.2 1 1 2500.0 2270.11980101 4500.0 4500.0
1516083781.3 1 1 2500.0 2281.61381096 4500.0 4500.0
1516083781.4 1 1 2500.0 2292.53312041 4500.0 4500.0
1516083781.5 1 1 2500.0 2302.90646439 4500.0 4500.0
1516083781.6 1 1 2500.0 2312.76114117 4500.0 4500.0
1516083781.7 1 1 2500.0 2322.12308411 4500.0 4500.0
1516083781.8 1 1 2500.0 2331.01692991 4500.0 4500.0
1516083781.9 1 1 2500.0 2339.46608341 4500.0 4500.0
1516083782.06 1 1 2500.0 2347.49277924 4500.0 4500.0
1516083782.12 1 1 2500.0 2355.11814028 4500.0 4500.0
1516083782.22 1 1 2500.0 2362.36223326 4500.0 4500.0
1516083782.32 1 1 2500.0 2369.2441216 4500.0 4500.0
1516083782.42 1 1 2500.0 2375.78191552 4500.0 4500.0
1516083782.53 1 1 2500.0 2381.99281975 4500.0 4500.0
1516083782.62 1 1 2500.0 2387.89317876 4500.0 4500.0
1516083782.72 1 1 2500.0 2393.49851982 4500.0 4500.0
1516083782.82 1 1 2500.0 2398.82359383 4500.0 4500.0
1516083782.92 1 1 2500.0 2403.88241414 4500.0 4500.0
1516083783.03 1 1 2500.0 2408.68829343 4500.0 4500.0
1516083783.12 1 1 2500.0 2413.25387876 4500.0 4500.0
1516083783.22 1 1 2500.0 2417.59118482 4500.0 4500.0
1516083783.32 1 1 2500.0 2421.71162558 4500.0 4500.0
1516083783.42 1 1 2500.0 2425.6260443 4500.0 4500.0
1516083783.52 1 1 2500.0 2429.34474209 4500.0 4500.0
1516083783.63 1 1 2500.0 2432.87750498 4500.0 4500.0
1516083783.72 1 1 2500.0 2436.23362973 4500.0 4500.0
1516083783.82 1 1 2500.0 2439.42194825 4500.0 4500.0
1516083783.98 1 1 2500.0 2442.45085083 4500.0 4500.0
1516083784.06 1 1 2500.0 2445.32830829 4500.0 4500.0
1516083784.15 1 1 2500.0 2448.06189288 4500.0 4500.0
1516083784.26 1 1 2500.0 2450.65879823 4500.0 4500.0
1516083784.35 1 1 2500.0 2453.12585832 4500.0 4500.0
1516083784.46 1 1 2500.0 2455.46956541 4500.0 4500.0
1516083784.56 1 1 2500.0 2457.69608714 4500.0 4500.0
1516083784.66 1 1 2500.0 2459.81128278 4500.0 4500.0
1516083784.83 1 1 2500.0 2461.82071864 4500.0 4500.0
1516083784.9 1 1 2500.0 2463.72968271 4500.0 4500.0
1516083785.0 1 1 2500.0 2465.54319857 4500.0 4500.0
1516083785.1 1 1 2500.0 2467.26603864 4500.0 4500.0
1516083785.2 1 1 2500.0 2468.90273671 4500.0 4500.0
1516083785.3 1 1 2500.0 2470.45759988 4500.0 4500.0
1516083785.4 1 1 2500.0 2471.93471988 4500.0 4500.0
1516083785.5 1 1 2500.0 2473.33798389 4500.0 4500.0
1516083785.6 1 1 2500.0 2474.67108469 4500.0 4500.0
1516083785.7 1 1 2500.0 2475.93753046 4500.0 4500.0
1516083785.79 1 1 2500.0 2477.14065394 4500.0 4500.0
1516083785.89 1 1 2500.0 2478.28362124 4500.0 4500.0
1516083785.99 1 1 2500.0 2479.36944018 4500.0 4500.0
1516083786.1 1 1 2500.0 2480.40096817 4500.0 4500.0
1516083786.2 1 1 2500.0 2481.38091976 4500.0 4500.0
1516083786.29 1 1 2500.0 2482.31187377 4500.0 4500.0
1516083786.44 1 1 2500.0 2483.19628008 4500.0 4500.0
1516083786.51 1 1 2500.0 2484.03646608 4500.0 4500.0
1516083786.66 1 1 2500.0 2484.83464278 4500.0 4500.0
1516083786.73 1 1 2500.0 2485.59291064 4500.0 4500.0
1516083786.83 1 1 2500.0 2486.3132651 4500.0 4500.0
1516083786.93 1 1 2500.0 2486.99760185 4500.0 4500.0
1516083787.03 1 1 2500.0 2487.64772176 4500.0 4500.0
1516083787.12 1 1 2500.0 2488.26533567 4500.0 4500.0
1516083787.23 1 1 2500.0 2488.85206889 4500.0 4500.0
1516083787.33 1 1 2500.0 2489.40946544 4500.0 4500.0
1516083787.43 1 1 2500.0 2489.93899217 4500.0 4500.0
1516083787.53 1 1 2500.0 2490.44204256 4500.0 4500.0
1516083787.64 1 1 2500.0 2490.91994043 4500.0 4500.0
1516083787.73 1 1 2500.0 2491.37394341 4500.0 4500.0
1516083787.84 1 1 2500.0 2491.80524624 4500.0 4500.0
1516083787.93 1 1 2500.0 2492.21498393 4500.0 4500.0
1516083788.03 1 1 2500.0 2492.60423473 4500.0 4500.0
1516083788.19 1 1 2500.0 2492.974023 4500.0 4500.0
1516083788.27 1 1 2500.0 2493.32532185 4500.0 4500.0
1516083788.36 1 1 2500.0 2493.65905575 4500.0 4500.0
1516083788.46 1 1 2500.0 2493.97610297 4500.0 4500.0
1516083788.62 1 1 2500.0 2494.27729782 4500.0 4500.0
1516083788.7 1 1 2500.0 2494.56343293 4500.0 4500.0
1516083788.84 1 1 2500.0 2494.83526128 4500.0 4500.0
1516083788.9 1 1 2500.0 2495.09349822 4500.0 4500.0
1516083789.0 1 1 2500.0 2495.33882331 4500.0 4500.0
1516083789.1 1 1 2500.0 2495.57188214 4500.0 4500.0
1516083789.2 1 1 2500.0 2495.79328803 4500.0 4500.0
1516083789.3 1 1 2500.0 2496.00362363 4500.0 4500.0
1516083789.4 1 1 2500.0 2496.20344245 4500.0 4500.0
1516083789.5 1 1 2500.0 2496.39327033 4500.0 4500.0
1516083789.67 1 1 2500.0 2496.57360681 4500.0 4500.0
1516083789.74 1 1 2500.0 2496.74492647 4500.0 4500.0
1516083789.83 1 1 2500.0 2496.90768015 4500.0 4500.0
1516083789.94 1 1 2500.0 2497.06229614 4500.0 4500.0
1516083790.04 1 1 2500.0 2497.20918133 4500.0 4500.0
1516083790.14 1 1 2500.0 2497.34872227 4500.0 4500.0
1516083790.24 1 1 2500.0 2497.48128615 4500.0 4500.0
1516083790.34 1 1 2500.0 2497.60722185 4500.0 4500.0
1516083790.44 1 1 2500.0 2497.72686075 4500.0 4500.0
1516083790.61 1 1 2500.0 2497.84051772 4500.0 4500.0
1516083790.69 1 1 2500.0 2497.94849183 4500.0 4500.0
1516083790.79 1 1 2500.0 2498.05106724 4500.0 4500.0
1516083790.89 1 1 2500.0 2498.14851388 4500.0 4500.0
1516083790.99 1 1 2500.0 2498.24108818 4500.0 4500.0
1516083791.08 1 1 2500.0 2498.32903377 4500.0 4500.0
1516083791.18 1 1 2500.0 2498.41258208 4500.0 4500.0
1516083791.28 1 1 2500.0 2498.49195298 4500.0 4500.0
1516083791.38 1 1 2500.0 2498.56735533 4500.0 4500.0
1516083791.48 1 1 2500.0 2498.63898756 4500.0 4500.0
1516083791.58 1 1 2500.0 2498.70703819 4500.0 4500.0
1516083791.68 1 1 2500.0 2498.77168628 4500.0 4500.0
1516083791.78 1 1 2500.0 2498.83310196 4500.0 4500.0
1516083791.87 1 1 2500.0 2498.89144687 4500.0 4500.0
1516083791.98 1 1 2500.0 2498.94687452 4500.0 4500.0
1516083792.16 1 1 2500.0 2498.9995308 4500.0 4500.0
1516083792.24 1 1 2500.0 2499.04955426 4500.0 4500.0
1516083792.33 1 1 2500.0 2499.09707654 4500.0 4500.0
1516083792.44 1 1 2500.0 2499.14222272 4500.0 4500.0
1516083792.54 1 1 2500.0 2499.18511158 4500.0 4500.0
1516083792.64 1 1 2500.0 2499.225856 4500.0 4500.0
1516083792.73 1 1 2500.0 2499.2645632 4500.0 4500.0
1516083792.83 1 1 2500.0 2499.30133504 4500.0 4500.0
1516083793.0 1 1 2500.0 2499.33626829 4500.0 4500.0
1516083793.08 1 1 2500.0 2499.36945487 4500.0 4500.0
1516083793.17 1 1 2500.0 2499.40098213 4500.0 4500.0
1516083793.28 1 1 2500.0 2499.43093302 4500.0 4500.0
1516083793.44 1 1 2500.0 2499.45938637 4500.0 4500.0
1516083793.52 1 1 2500.0 2499.48641705 4500.0 4500.0
1516083793.61 1 1 2500.0 2499.5120962 4500.0 4500.0
1516083793.72 1 1 2500.0 2499.53649139 4500.0 4500.0
1516083793.81 1 1 2500.0 2499.55966682 4500.0 4500.0
1516083793.91 1 1 2500.0 2499.58168348 4500.0 4500.0
1516083794.02 1 1 2500.0 2499.60259931 4500.0 4500.0
1516083794.16 1 1 2500.0 2499.62246934 4500.0 4500.0
1516083794.23 1 1 2500.0 2499.64134587 4500.0 4500.0
1516083794.34 1 1 2500.0 2499.65927858 4500.0 4500.0
1516083794.43 1 1 2500.0 2499.67631465 4500.0 4500.0
1516083794.53 1 1 2500.0 2499.69249892 4500.0 4500.0
1516083794.65 1 1 2500.0 2499.70787397 4500.0 4500.0
1516083794.73 1 1 2500.0 2499.72248027 4500.0 4500.0
1516083794.84 1 1 2500.0 2499.73635626 4500.0 4500.0
1516083794.93 1 1 2500.0 2499.74953845 4500.0 4500.0
1516083795.04 1 1 2500.0 2499.76206153 4500.0 4500.0
1516083795.14 1 1 2500.0 2499.77395845 4500.0 4500.0
1516083795.24 1 1 2500.0 2499.78526053 4500.0 4500.0
1516083795.33 1 1 2500.0 2499.7959975 4500.0 4500.0
1516083795.43 1 1 2500.0 2499.80619763 4500.0 4500.0
1516083795.53 1 1 2500.0 2499.81588774 4500.0 4500.0
1516083795.63 1 1 2500.0 2499.82509336 4500.0 4500.0
1516083795.73 1 1 2500.0 2499.83383869 4500.0 4500.0
1516083795.83 1 1 2500.0 2499.84214675 4500.0 4500.0
1516083795.93 1 1 2500.0 2499.85003942 4500.0 4500.0
1516083796.03 1 1 2500.0 2499.85753745 4500.0 4500.0
1516083796.14 1 1 2500.0 2499.86466057 4500.0 4500.0
1516083796.24 1 1 2500.0 2499.87142754 4500.0 4500.0
1516083796.4 1 1 2500.0 2499.87785617 4500.0 4500.0
1516083796.47 1 1 2500.0 2499.88396336 4500.0 4500.0
1516083796.57 1 1 2500.0 2499.88976519 4500.0 4500.0
1516083796.66 1 1 2500.0 2499.89527693 4500.0 4500.0
1516083796.83 1 1 2500.0 2499.90051309 4500.0 4500.0
1516083796.91 1 1 2500.0 2499.90548743 4500.0 4500.0
1516083797.07 1 1 2500.0 2499.91021306 4500.0 4500.0
1516083797.14 1 1 2500.0 2499.91470241 4500.0 4500.0
1516083797.25 1 1 2500.0 2499.91896729 4500.0 4500.0
1516083797.34 1 1 2500.0 2499.92301892 4500.0 4500.0
1516083797.44 1 1 2500.0 2499.92686798 4500.0 4500.0
1516083797.54 1 1 2500.0 2499.93052458 4500.0 4500.0
1516083797.64 1 1 2500.0 2499.93399835 4500.0 4500.0
1516083797.73 1 1 2500.0 2499.93729843 4500.0 4500.0
1516083797.84 1 1 2500.0 2499.94043351 4500.0 4500.0
1516083797.94 1 1 2500.0 2499.94341183 4500.0 4500.0
1516083798.04 1 1 2500.0 2499.94624124 4500.0 4500.0
1516083798.13 1 1 2500.0 2499.94892918 4500.0 4500.0
1516083798.23 1 1 2500.0 2499.95148272 4500.0 4500.0
1516083798.34 1 1 2500.0 2499.95390858 4500.0 4500.0
1516083798.44 1 1 2500.0 2499.95621316 4500.0 4500.0
1516083798.53 1 1 2500.0 2499.9584025 4500.0 4500.0
1516083798.63 1 1 2500.0 2499.96048237 4500.0 4500.0
1516083798.74 1 1 2500.0 2499.96245825 4500.0 4500.0
1516083798.84 1 1 2500.0 2499.96433534 4500.0 4500.0
1516083799.0 1 1 2500.0 2499.96611857 4500.0 4500.0
1516083799.07 1 1 2500.0 2499.96781265 4500.0 4500.0
1516083799.23 1 1 2500.0 2499.96942201 4500.0 4500.0
1516083799.31 1 1 2500.0 2499.97095091 4500.0 4500.0
1516083799.4 1 1 2500.0 2499.97240337 4500.0 4500.0
1516083799.5 1 1 2500.0 2499.9737832 4500.0 4500.0
1516083799.6 1 1 2500.0 2499.97509404 4500.0 4500.0
1516083799.7 1 1 2500.0 2499.97633934 4500.0 4500.0
1516083799.8 1 1 2500.0 2499.97752237 4500.0 4500.0
1516083799.9 1 1 2500.0 2499.97864625 4500.0 4500.0
1516083800.06 1 1 2500.0 2499.97971394 4500.0 4500.0
1516083800.12 1 1 2500.0 2499.98072824 4500.0 4500.0
1516083800.23 1 1 2500.0 2499.98169183 4500.0 4500.0
1516083800.33 1 1 2500.0 2499.98260724 4500.0 4500.0
1516083800.43 1 1 2500.0 2499.98347688 4500.0 4500.0
1516083800.53 1 1 2500.0 2499.98430303 4500.0 4500.0
1516083800.63 1 1 2500.0 2499.98508788 4500.0 4500.0
1516083800.73 1 1 2500.0 2499.98583349 4500.0 4500.0
1516083800.83 1 1 2500.0 2499.98654181 4500.0 4500.0
1516083800.93 1 1 2500.0 2499.98721472 4500.0 4500.0
1516083801.03 1 1 2500.0 2499.98785399 4500.0 4500.0
1516083801.13 1 1 2500.0 2499.98846129 4500.0 4500.0
1516083801.23 1 1 2500.0 2499.98903822 4500.0 4500.0
1516083801.33 1 1 2500.0 2499.98958631 4500.0 4500.0
1516083801.43 1 1 2500.0 2499.990107 4500.0 4500.0
1516083801.53 1 1 2500.0 2499.99060165 4500.0 4500.0
1516083801.63 1 1 2500.0 2499.99107156 4500.0 4500.0
1516083801.73 1 1 2500.0 2499.99151799 4500.0 4500.0
1516083801.82 1 1 2500.0 2499.99194209 4500.0 4500.0
1516083801.93 1 1 2500.0 2499.99234498 4500.0 4500.0
1516083802.03 1 1 2500.0 2499.99272773 4500.0 4500.0
1516083802.13 1 1 2500.0 2499.99309135 4500.0 4500.0
1516083802.23 1 1 2500.0 2499.99343678 4500.0 4500.0
1516083802.33 1 1 2500.0 2499.99376494 4500.0 4500.0
1516083802.43 1 1 2500.0 2499.99407669 4500.0 4500.0
1516083802.54 1 1 2500.0 2499.99437286 4500.0 4500.0
1516083802.63 1 1 2500.0 2499.99465422 4500.0 4500.0
1516083802.74 1 1 2500.0 2499.9949215 4500.0 4500.0
1516083802.84 1 1 2500.0 2499.99517543 4500.0 4500.0
1516083802.94 1 1 2500.0 2499.99541666 4500.0 4500.0
1516083803.03 1 1 2500.0 2499.99564582 4500.0 4500.0
1516083803.14 1 1 2500.0 2499.99586353 4500.0 4500.0
1516083803.24 1 1 2500.0 2499.99607036 4500.0 4500.0
1516083803.41 1 1 2500.0 2499.99626684 4500.0 4500.0
1516083803.48 1 1 2500.0 2499.9964535 4500.0 4500.0
1516083803.58 1 1 2500.0 2499.99663082 4500.0 4500.0
1516083803.67 1 1 2500.0 2499.99679928 4500.0 4500.0
1516083803.78 1 1 2500.0 2499.99695932 4500.0 4500.0
1516083803.94 1 1 2500.0 2499.99711135 4500.0 4500.0
1516083804.01 1 1 2500.0 2499.99725578 4500.0 4500.0
1516083804.1 1 1 2500.0 2499.99739299 4500.0 4500.0
1516083804.21 1 1 2500.0 2499.99752334 4500.0 4500.0
1516083804.31 1 1 2500.0 2499.99764718 4500.0 4500.0
1516083804.41 1 1 2500.0 2499.99776482 4500.0 4500.0
1516083804.51 1 1 2500.0 2499.99787658 4500.0 4500.0
1516083804.61 1 1 2500.0 2499.99798275 4500.0 4500.0
1516083804.71 1 1 2500.0 2499.99808361 4500.0 4500.0
1516083804.81 1 1 2500.0 2499.99817943 4500.0 4500.0
1516083804.91 1 1 2500.0 2499.99827046 4500.0 4500.0
1516083805.02 1 1 2500.0 2499.99835694 4500.0 4500.0
1516083805.12 1 1 2500.0 2499.99843909 4500.0 4500.0
1516083805.22 1 1 2500.0 2499.99851714 4500.0 4500.0
1516083805.36 1 1 2500.0 2499.99859128 4500.0 4500.0
1516083805.43 1 1 2500.0 2499.99866171 4500.0 4500.0
1516083805.53 1 1 2500.0 2499.99872863 4500.0 4500.0
1516083805.63 1 1 2500.0 2499.9987922 4500.0 4500.0
1516083805.73 1 1 2500.0 2499.99885259 4500.0 4500.0
1516083805.84 1 1 2500.0 2499.99890996 4500.0 4500.0
1516083805.94 1 1 2500.0 2499.99896446 4500.0 4500.0
1516083806.03 1 1 2500.0 2499.99901624 4500.0 4500.0
1516083806.19 1 1 2500.0 2499.99906543 4500.0 4500.0
1516083806.26 1 1 2500.0 2499.99911215 4500.0 4500.0
1516083806.36 1 1 2500.0 2499.99915655 4500.0 4500.0
1516083806.46 1 1 2500.0 2499.99919872 4500.0 4500.0
1516083806.56 1 1 2500.0 2499.99923878 4500.0 4500.0
1516083806.66 1 1 2500.0 2499.99927684 4500.0 4500.0
1516083806.76 1 1 2500.0 2499.999313 4500.0 4500.0
1516083806.9 1 1 2500.0 2499.99934735 4500.0 4500.0
1516083806.96 1 1 2500.0 2499.99937998 4500.0 4500.0
1516083807.07 2 1 3333.33333333 2541.66607765 4500.0 4500.0
1516083807.16 2 1 3333.33333333 2581.24944044 4500.0 4500.0
1516083807.27 3 1 3750.0 2639.68696841 4500.0 4500.0
1516083807.37 3 1 3750.0 2695.20261999 4500.0 4500.0
1516083807.47 3 1 3750.0 2747.94248899 4500.0 4500.0
1516083807.57 3 1 3750.0 2798.04536454 4500.0 4500.0
1516083807.68 3 1 3750.0 2845.64309632 4500.0 4500.0
1516083807.78 3 1 3750.0 2890.8609415 4500.0 4500.0
1516083807.87 3 1 3750.0 2933.81789443 4500.0 4500.0
1516083807.98 3 1 3750.0 2974.6269997 4500.0 4500.0
1516083808.08 3 1 3750.0 3013.39564972 4500.0 4500.0
1516083808.18 3 1 3750.0 3050.22586723 4500.0 4500.0
1516083808.29 3 1 3750.0 3085.21457387 4500.0 4500.0
1516083808.38 3 1 3750.0 3118.45384518 4500.0 4500.0
1516083808.49 3 1 3750.0 3150.03115292 4500.0 4500.0
1516083808.58 3 1 3750.0 3180.02959527 4500.0 4500.0
1516083808.68 3 1 3750.0 3208.52811551 4500.0 4500.0
1516083808.78 3 1 3750.0 3235.60170973 4500.0 4500.0
1516083808.89 3 1 3750.0 3261.32162425 4500.0 4500.0
1516083808.99 3 1 3750.0 3285.75554303 4500.0 4500.0
1516083809.09 2 1 3333.33333333 3288.13443255 4500.0 4500.0
1516083809.18 2 1 3333.33333333 3290.39437759 4500.0 4500.0
1516083809.29 2 1 3333.33333333 3292.54132538 4500.0 4500.0
1516083809.38 2 1 3333.33333333 3294.58092577 4500.0 4500.0
1516083809.48 2 1 3333.33333333 3296.51854615 4500.0 4500.0
1516083809.58 2 1 3333.33333333 3298.35928551 4500.0 4500.0
1516083809.68 2 1 3333.33333333 3300.1079879 4500.0 4500.0
1516083809.78 2 1 3333.33333333 3301.76925517 4500.0 4500.0
1516083809.88 2 1 3333.33333333 3303.34745908 4500.0 4500.0
1516083809.98 2 1 3333.33333333 3304.84675279 4500.0 4500.0
1516083810.09 2 1 3333.33333333 3306.27108182 4500.0 4500.0
1516083810.18 2 1 3333.33333333 3307.6241944 4500.0 4500.0
1516083810.29 2 1 3333.33333333 3308.90965134 4500.0 4500.0
1516083810.39 2 1 3333.33333333 3310.13083544 4500.0 4500.0
1516083810.48 2 1 3333.33333333 3311.29096034 4500.0 4500.0
1516083810.59 2 1 3333.33333333 3312.39307899 4500.0 4500.0
1516083810.68 2 1 3333.33333333 3313.4400917 4500.0 4500.0
1516083810.78 2 1 3333.33333333 3314.43475379 4500.0 4500.0
1516083810.88 2 1 3333.33333333 3315.37968276 4500.0 4500.0
1516083810.99 2 1 3333.33333333 3316.27736529 4500.0 4500.0
1516083811.09 2 1 3333.33333333 3317.13016369 4500.0 4500.0
1516083811.19 2 1 3333.33333333 3317.94032218 4500.0 4500.0
1516083811.29 2 1 3333.33333333 3318.70997273 4500.0 4500.0
1516083811.39 2 1 3333.33333333 3319.44114076 4500.0 4500.0
1516083811.49 2 1 3333.33333333 3320.13575039 4500.0 4500.0
1516083811.59 2 1 3333.33333333 3320.79562954 4500.0 4500.0
1516083811.68 2 1 3333.33333333 3321.42251473 4500.0 4500.0
1516083811.79 2 1 3333.33333333 3322.01805566 4500.0 4500.0
1516083811.89 2 1 3333.33333333 3322.58381954 4500.0 4500.0
1516083811.99 2 1 3333.33333333 3323.12129523 4500.0 4500.0
1516083812.1 2 1 3333.33333333 3323.63189714 4500.0 4500.0
1516083812.19 2 1 3333.33333333 3324.11696895 4500.0 4500.0
1516083812.29 2 1 3333.33333333 3324.57778717 4500.0 4500.0
1516083812.39 2 1 3333.33333333 3325.01556448 4500.0 4500.0
1516083812.49 2 1 3333.33333333 3325.43145292 4500.0 4500.0
1516083812.6 2 1 3333.33333333 3325.82654694 4500.0 4500.0
1516083812.69 2 1 3333.33333333 3326.20188626 4500.0 4500.0
1516083812.8 2 1 3333.33333333 3326.55845861 4500.0 4500.0
1516083812.9 2 1 3333.33333333 3326.89720235 4500.0 4500.0
1516083812.99 2 1 3333.33333333 3327.2190089 4500.0 4500.0
1516083813.09 2 1 3333.33333333 3327.52472512 4500.0 4500.0
1516083813.19 2 1 3333.33333333 3327.81515553 4500.0 4500.0
1516083813.29 2 1 3333.33333333 3328.09106442 4500.0 4500.0
1516083813.39 2 1 3333.33333333 3328.35317787 4500.0 4500.0
1516083813.5 2 1 3333.33333333 3328.60218564 4500.0 4500.0
1516083813.59 2 1 3333.33333333 3328.83874302 4500.0 4500.0
1516083813.7 2 1 3333.33333333 3329.06347254 4500.0 4500.0
1516083813.8 2 1 3333.33333333 3329.27696558 4500.0 4500.0
1516083813.9 2 1 3333.33333333 3329.47978397 4500.0 4500.0
1516083814.0 2 1 3333.33333333 3329.67246144 4500.0 4500.0
1516083814.1 2 1 3333.33333333 3329.85550503 4500.0 4500.0
1516083814.2 2 1 3333.33333333 3330.02939645 4500.0 4500.0
1516083814.3 2 1 3333.33333333 3330.19459329 4500.0 4500.0
1516083814.4 2 1 3333.33333333 3330.35153029 4500.0 4500.0
1516083814.5 2 1 3333.33333333 3330.50062044 4500.0 4500.0
1516083814.6 2 1 3333.33333333 3330.64225609 4500.0 4500.0
1516083814.7 2 1 3333.33333333 3330.77680995 4500.0 4500.0
1516083814.8 2 1 3333.33333333 3330.90463612 4500.0 4500.0
1516083814.9 2 1 3333.33333333 3331.02607098 4500.0 4500.0
1516083815.0 2 1 3333.33333333 3331.1414341 4500.0 4500.0
1516083815.1 2 1 3333.33333333 3331.25102906 4500.0 4500.0
1516083815.2 2 1 3333.33333333 3331.35514427 4500.0 4500.0
1516083815.3 2 1 3333.33333333 3331.45405373 4500.0 4500.0
1516083815.4 2 1 3333.33333333 3331.54801771 4500.0 4500.0
1516083815.49 2 1 3333.33333333 3331.63728349 4500.0 4500.0
1516083815.6 2 1 3333.33333333 3331.72208598 4500.0 4500.0
1516083815.7 2 1 3333.33333333 3331.80264835 4500.0 4500.0
1516083815.8 2 1 3333.33333333 3331.8791826 4500.0 4500.0
1516083815.9 2 1 3333.33333333 3331.95189013 4500.0 4500.0
1516083816.0 2 1 3333.33333333 3332.02096229 4500.0 4500.0
1516083816.1 2 1 3333.33333333 3332.08658085 4500.0 4500.0
1516083816.2 2 1 3333.33333333 3332.14891847 4500.0 4500.0
1516083816.3 2 1 3333.33333333 3332.20813921 4500.0 4500.0
1516083816.4 2 1 3333.33333333 3332.26439892 4500.0 4500.0
1516083816.51 2 1 3333.33333333 3332.31784564 4500.0 4500.0
1516083816.6 2 1 3333.33333333 3332.36862002 4500.0 4500.0
1516083816.71 2 1 3333.33333333 3332.41685569 4500.0 4500.0
1516083816.8 2 1 3333.33333333 3332.46267957 4500.0 4500.0
1516083816.9 2 1 3333.33333333 3332.50621226 4500.0 4500.0
1516083817.01 2 1 3333.33333333 3332.54756831 4500.0 4500.0
1516083817.11 2 1 3333.33333333 3332.58685657 4500.0 4500.0
1516083817.21 2 1 3333.33333333 3332.6241804 4500.0 4500.0
1516083817.3 2 1 3333.33333333 3332.65963805 4500.0 4500.0
1516083817.4 2 1 3333.33333333 3332.69332281 4500.0 4500.0
1516083817.51 2 1 3333.33333333 3332.72532334 4500.0 4500.0
1516083817.61 2 1 3333.33333333 3332.75572384 4500.0 4500.0
1516083817.71 2 1 3333.33333333 3332.78460431 4500.0 4500.0
1516083817.8 2 1 3333.33333333 3332.81204077 4500.0 4500.0
1516083817.91 2 1 3333.33333333 3332.83810539 4500.0 4500.0
1516083818.01 2 1 3333.33333333 3332.86286679 4500.0 4500.0
1516083818.11 2 1 3333.33333333 3332.88639012 4500.0 4500.0
1516083818.21 2 1 3333.33333333 3332.90873728 4500.0 4500.0
1516083818.3 2 1 3333.33333333 3332.92996708 4500.0 4500.0
1516083818.41 2 1 3333.33333333 3332.95013539 4500.0 4500.0
1516083818.52 2 1 3333.33333333 3332.96929529 4500.0 4500.0
1516083818.61 2 1 3333.33333333 3332.98749719 4500.0 4500.0
1516083818.71 2 1 3333.33333333 3333.004789 4500.0 4500.0
1516083818.81 2 1 3333.33333333 3333.02121622 4500.0 4500.0
1516083818.9 2 1 3333.33333333 3333.03682207 4500.0 4500.0
1516083819.01 2 1 3333.33333333 3333.05164764 4500.0 4500.0
1516083819.1 2 1 3333.33333333 3333.06573192 4500.0 4500.0
1516083819.2 2 1 3333.33333333 3333.07911199 4500.0 4500.0
1516083819.31 2 1 3333.33333333 3333.09182306 4500.0 4500.0
1516083819.41 2 1 3333.33333333 3333.10389857 4500.0 4500.0
1516083819.5 2 1 3333.33333333 3333.11537031 4500.0 4500.0
1516083819.61 2 1 3333.33333333 3333.12626846 4500.0 4500.0
1516083819.71 2 1 3333.33333333 3333.1366217 4500.0 4500.0
1516083819.8 2 1 3333.33333333 3333.14645729 4500.0 4500.0
1516083819.91 2 1 3333.33333333 3333.15580109 4500.0 4500.0
1516083820.0 2 1 3333.33333333 3333.1646777 4500.0 4500.0
1516083820.11 2 1 3333.33333333 3333.17311048 4500.0 4500.0
1516083820.21 2 1 3333.33333333 3333.18112163 4500.0 4500.0
1516083820.31 2 1 3333.33333333 3333.18873221 4500.0 4500.0
1516083820.4 2 1 3333.33333333 3333.19596227 4500.0 4500.0
1516083820.51 2 1 3333.33333333 3333.20283082 4500.0 4500.0
1516083820.61 2 1 3333.33333333 3333.20935595 4500.0 4500.0
1516083820.72 2 1 3333.33333333 3333.21555481 4500.0 4500.0
1516083820.81 2 1 3333.33333333 3333.22144374 4500.0 4500.0
1516083820.92 2 1 3333.33333333 3333.22703822 4500.0 4500.0
1516083821.01 2 1 3333.33333333 3333.23235298 4500.0 4500.0
1516083821.11 2 1 3333.33333333 3333.23740199 4500.0 4500.0
1516083821.21 2 1 3333.33333333 3333.24219856 4500.0 4500.0
1516083821.32 2 1 3333.33333333 3333.2467553 4500.0 4500.0
1516083821.42 2 1 3333.33333333 3333.2510842 4500.0 4500.0
1516083821.51 2 1 3333.33333333 3333.25519666 4500.0 4500.0
1516083821.61 2 1 3333.33333333 3333.25910349 4500.0 4500.0
1516083821.72 2 1 3333.33333333 3333.26281498 4500.0 4500.0
1516083821.82 2 1 3333.33333333 3333.2663409 4500.0 4500.0
1516083821.91 2 1 3333.33333333 3333.26969052 4500.0 4500.0
1516083822.01 2 1 3333.33333333 3333.27287266 4500.0 4500.0
1516083822.12 2 1 3333.33333333 3333.2758957 4500.0 4500.0
1516083822.22 2 1 3333.33333333 3333.27876758 4500.0 4500.0
1516083822.32 2 1 3333.33333333 3333.28149587 4500.0 4500.0
1516083822.43 2 1 3333.33333333 3333.28408774 4500.0 4500.0
1516083822.53 2 1 3333.33333333 3333.28655002 4500.0 4500.0
1516083822.62 2 1 3333.33333333 3333.28888919 4500.0 4500.0
1516083822.73 2 1 3333.33333333 3333.29111139 4500.0 4500.0
1516083822.83 2 1 3333.33333333 3333.29322249 4500.0 4500.0
1516083822.93 2 1 3333.33333333 3333.29522803 4500.0 4500.0
1516083823.02 2 1 3333.33333333 3333.2971333 4500.0 4500.0
1516083823.13 2 1 3333.33333333 3333.2989433 4500.0 4500.0
1516083823.23 2 1 3333.33333333 3333.3006628 4500.0 4500.0
1516083823.34 2 1 3333.33333333 3333.30229633 4500.0 4500.0
1516083823.42 2 1 3333.33333333 3333.30384818 4500.0 4500.0
1516083823.53 2 1 3333.33333333 3333.30532244 4500.0 4500.0
1516083823.63 2 1 3333.33333333 3333.30672298 4500.0 4500.0
1516083823.73 2 1 3333.33333333 3333.3080535 4500.0 4500.0
1516083823.82 2 1 3333.33333333 3333.30931749 4500.0 4500.0
1516083823.93 2 1 3333.33333333 3333.31051828 4500.0 4500.0
1516083824.03 2 1 3333.33333333 3333.31165903 4500.0 4500.0
1516083824.13 2 1 3333.33333333 3333.31274275 4500.0 4500.0
1516083824.23 2 1 3333.33333333 3333.31377228 4500.0 4500.0
1516083824.33 2 1 3333.33333333 3333.31475033 4500.0 4500.0
1516083824.43 2 1 3333.33333333 3333.31567948 4500.0 4500.0
1516083824.53 2 1 3333.33333333 3333.31656217 4500.0 4500.0
1516083824.63 2 1 3333.33333333 3333.31740073 4500.0 4500.0
1516083824.72 2 1 3333.33333333 3333.31819736 4500.0 4500.0
1516083824.82 2 1 3333.33333333 3333.31895416 4500.0 4500.0
1516083824.92 2 1 3333.33333333 3333.31967312 4500.0 4500.0
1516083825.03 2 1 3333.33333333 3333.32035613 4500.0 4500.0
1516083825.13 2 1 3333.33333333 3333.32100499 4500.0 4500.0
1516083825.23 2 1 3333.33333333 3333.32162141 4500.0 4500.0
1516083825.33 2 1 3333.33333333 3333.322207 4500.0 4500.0
1516083825.43 2 1 3333.33333333 3333.32276332 4500.0 4500.0
1516083825.54 2 1 3333.33333333 3333.32329182 4500.0 4500.0
1516083825.64 2 1 3333.33333333 3333.3237939 4500.0 4500.0
1516083825.74 2 1 3333.33333333 3333.32427087 4500.0 4500.0
1516083825.84 2 1 3333.33333333 3333.32472399 4500.0 4500.0
1516083825.95 2 1 3333.33333333 3333.32515446 4500.0 4500.0
1516083826.04 3 1 3750.0 3354.15889674 4500.0 4500.0
1516083826.15 3 1 3750.0 3373.9509519 4500.0 4500.0
1516083826.25 3 1 3750.0 3392.7534043 4500.0 4500.0
1516083826.35 3 1 3750.0 3410.61573409 4500.0 4500.0
1516083826.45 3 1 3750.0 3427.58494738 4500.0 4500.0
1516083826.55 3 1 3750.0 3443.70570002 4500.0 4500.0
1516083826.65 3 1 3750.0 3459.02041501 4500.0 4500.0
1516083826.75 3 1 3750.0 3473.56939426 4500.0 4500.0
1516083826.85 3 1 3750.0 3487.39092455 4500.0 4500.0
1516083826.95 3 1 3750.0 3500.52137832 4500.0 4500.0
1516083827.05 3 1 3750.0 3512.99530941 4500.0 4500.0
1516083827.16 3 1 3750.0 3524.84554394 4500.0 4500.0
1516083827.25 3 1 3750.0 3536.10326674 4500.0 4500.0
1516083827.35 3 1 3750.0 3546.7981034 4500.0 4500.0
1516083827.45 3 1 3750.0 3556.95819823 4500.0 4500.0
1516083827.55 3 1 3750.0 3566.61028832 4500.0 4500.0
1516083827.65 3 1 3750.0 3575.7797739 4500.0 4500.0
1516083827.75 3 1 3750.0 3584.49078521 4500.0 4500.0
1516083827.86 3 1 3750.0 3592.76624595 4500.0 4500.0
1516083827.96 3 1 3750.0 3600.62793365 4500.0 4500.0
1516083828.06 3 1 3750.0 3608.09653697 4500.0 4500.0
1516083828.16 3 1 3750.0 3615.19171012 4500.0 4500.0
1516083828.27 3 1 3750.0 3621.93212461 4500.0 4500.0
1516083828.36 3 1 3750.0 3628.33551838 4500.0 4500.0
1516083828.46 3 1 3750.0 3634.41874246 4500.0 4500.0
1516083828.57 3 1 3750.0 3640.19780534 4500.0 4500.0
1516083828.66 3 1 3750.0 3645.68791507 4500.0 4500.0
1516083828.77 3 1 3750.0 3650.90351932 4500.0 4500.0
1516083828.87 3 1 3750.0 3655.85834335 4500.0 4500.0
1516083828.96 3 1 3750.0 3660.56542619 4500.0 4500.0
1516083829.06 3 1 3750.0 3665.03715488 4500.0 4500.0
1516083829.17 3 1 3750.0 3669.28529713 4500.0 4500.0
1516083829.27 3 1 3750.0 3673.32103228 4500.0 4500.0
1516083829.37 3 1 3750.0 3677.15498066 4500.0 4500.0
1516083829.47 3 1 3750.0 3680.79723163 4500.0 4500.0
1516083829.57 3 1 3750.0 3684.25737005 4500.0 4500.0
1516083829.67 3 1 3750.0 3687.54450155 4500.0 4500.0
1516083829.77 3 1 3750.0 3690.66727647 4500.0 4500.0
1516083829.87 3 1 3750.0 3693.63391265 4500.0 4500.0
1516083829.96 3 1 3750.0 3696.45221701 4500.0 4500.0
1516083830.06 3 1 3750.0 3699.12960616 4500.0 4500.0
1516083830.17 3 1 3750.0 3701.67312585 4500.0 4500.0
1516083830.26 3 1 3750.0 3704.08946956 4500.0 4500.0
1516083830.37 3 1 3750.0 3706.38499608 4500.0 4500.0
1516083830.46 3 1 3750.0 3708.56574628 4500.0 4500.0
1516083830.56 3 1 3750.0 3710.63745897 4500.0 4500.0
1516083830.66 3 1 3750.0 3712.60558602 4500.0 4500.0
1516083830.78 3 1 3750.0 3714.47530672 4500.0 4500.0
1516083830.87 3 1 3750.0 3716.25154138 4500.0 4500.0
1516083830.97 3 1 3750.0 3717.93896431 4500.0 4500.0
1516083831.08 3 1 3750.0 3719.5420161 4500.0 4500.0
1516083831.18 3 1 3750.0 3721.06491529 4500.0 4500.0
1516083831.27 3 1 3750.0 3722.51166953 4500.0 4500.0
1516083831.38 3 1 3750.0 3723.88608605 4500.0 4500.0
1516083831.49 3 1 3750.0 3725.19178175 4500.0 4500.0
1516083831.58 3 1 3750.0 3726.43219266 4500.0 4500.0
1516083831.67 3 1 3750.0 3727.61058303 4500.0 4500.0
1516083831.78 3 1 3750.0 3728.73005388 4500.0 4500.0
1516083831.88 3 1 3750.0 3729.79355118 4500.0 4500.0
1516083831.97 3 1 3750.0 3730.80387362 4500.0 4500.0
1516083832.07 3 1 3750.0 3731.76367994 4500.0 4500.0
1516083832.18 3 1 3750.0 3732.67549594 4500.0 4500.0
1516083832.28 3 1 3750.0 3733.54172115 4500.0 4500.0
1516083832.38 3 1 3750.0 3734.36463509 4500.0 4500.0
1516083832.47 3 1 3750.0 3735.14640334 4500.0 4500.0
1516083832.58 3 1 3750.0 3735.88908317 4500.0 4500.0
1516083832.68 3 1 3750.0 3736.59462901 4500.0 4500.0
1516083832.78 3 1 3750.0 3737.26489756 4500.0 4500.0
1516083832.88 3 1 3750.0 3737.90165268 4500.0 4500.0
1516083832.98 3 1 3750.0 3738.50657005 4500.0 4500.0
1516083833.07 3 1 3750.0 3739.08124155 4500.0 4500.0
1516083833.18 3 1 3750.0 3739.62717947 4500.0 4500.0
1516083833.29 3 1 3750.0 3740.14582049 4500.0 4500.0
1516083833.38 3 1 3750.0 3740.63852947 4500.0 4500.0
1516083833.47 3 1 3750.0 3741.106603 4500.0 4500.0
1516083833.58 3 1 3750.0 3741.55127285 4500.0 4500.0
1516083833.67 3 1 3750.0 3741.9737092 4500.0 4500.0
1516083833.79 3 1 3750.0 3742.37502374 4500.0 4500.0
1516083833.88 3 1 3750.0 3742.75627256 4500.0 4500.0
1516083833.98 3 1 3750.0 3743.11845893 4500.0 4500.0
1516083834.08 3 1 3750.0 3743.46253598 4500.0 4500.0
1516083834.19 3 1 3750.0 3743.78940918 4500.0 4500.0
1516083834.28 3 1 3750.0 3744.09993872 4500.0 4500.0
1516083834.38 3 1 3750.0 3744.39494179 4500.0 4500.0
1516083834.49 3 1 3750.0 3744.6751947 4500.0 4500.0
1516083834.59 3 1 3750.0 3744.94143496 4500.0 4500.0
1516083834.69 3 1 3750.0 3745.19436322 4500.0 4500.0
1516083834.79 3 1 3750.0 3745.43464505 4500.0 4500.0
1516083834.89 3 1 3750.0 3745.6629128 4500.0 4500.0
1516083835.0 3 1 3750.0 3745.87976716 4500.0 4500.0
1516083835.09 3 1 3750.0 3746.0857788 4500.0 4500.0
1516083835.19 3 1 3750.0 3746.28148986 4500.0 4500.0
1516083835.3 3 1 3750.0 3746.46741537 4500.0 4500.0
1516083835.39 3 1 3750.0 3746.6440446 4500.0 4500.0
1516083835.5 3 1 3750.0 3746.81184237 4500.0 4500.0
1516083835.58 3 1 3750.0 3746.97125025 4500.0 4500.0
1516083835.69 3 1 3750.0 3747.12268774 4500.0 4500.0
1516083835.79 3 1 3750.0 3747.26655335 4500.0 4500.0
1516083835.89 3 1 3750.0 3747.40322569 4500.0 4500.0
1516083835.99 3 1 3750.0 3747.5330644 4500.0 4500.0
1516083836.09 3 1 3750.0 3747.65641118 4500.0 4500.0
1516083836.19 3 1 3750.0 3747.77359062 4500.0 4500.0
1516083836.29 3 1 3750.0 3747.88491109 4500.0 4500.0
1516083836.39 3 1 3750.0 3747.99066554 4500.0 4500.0
1516083836.49 3 1 3750.0 3748.09113226 4500.0 4500.0
1516083836.59 3 1 3750.0 3748.18657565 4500.0 4500.0
1516083836.7 3 1 3750.0 3748.27724686 4500.0 4500.0
1516083836.81 3 1 3750.0 3748.36338452 4500.0 4500.0
1516083836.89 3 1 3750.0 3748.4452153 4500.0 4500.0
1516083837.0 3 1 3750.0 3748.52295453 4500.0 4500.0
1516083837.1 3 1 3750.0 3748.5968068 4500.0 4500.0
1516083837.2 3 1 3750.0 3748.66696646 4500.0 4500.0
1516083837.3 3 1 3750.0 3748.73361814 4500.0 4500.0
1516083837.39 3 1 3750.0 3748.79693723 4500.0 4500.0
1516083837.49 3 1 3750.0 3748.85709037 4500.0 4500.0
1516083837.59 3 1 3750.0 3748.91423585 4500.0 4500.0
1516083837.7 3 1 3750.0 3748.96852406 4500.0 4500.0
1516083837.8 3 1 3750.0 3749.02009786 4500.0 4500.0
1516083837.9 3 1 3750.0 3749.06909296 4500.0 4500.0
1516083838.0 3 1 3750.0 3749.11563832 4500.0 4500.0
1516083838.11 3 1 3750.0 3749.1598564 4500.0 4500.0
1516083838.21 3 1 3750.0 3749.20186358 4500.0 4500.0
1516083838.31 3 1 3750.0 3749.2417704 4500.0 4500.0
1516083838.41 3 1 3750.0 3749.27968188 4500.0 4500.0
1516083838.52 3 1 3750.0 3749.31569779 4500.0 4500.0
1516083838.62 3 1 3750.0 3749.3499129 4500.0 4500.0
1516083838.73 3 1 3750.0 3749.38241725 4500.0 4500.0
1516083838.83 3 1 3750.0 3749.41329639 4500.0 4500.0
1516083838.93 3 1 3750.0 3749.44263157 4500.0 4500.0
1516083839.03 3 1 3750.0 3749.47049999 4500.0 4500.0
1516083839.12 3 1 3750.0 3749.49697499 4500.0 4500.0
1516083839.23 3 1 3750.0 3749.52212624 4500.0 4500.0
1516083839.33 3 1 3750.0 3749.54601993 4500.0 4500.0
1516083839.42 3 1 3750.0 3749.56871893 4500.0 4500.0
1516083839.52 3 1 3750.0 3749.59028299 4500.0 4500.0
1516083839.63 3 1 3750.0 3749.61076884 4500.0 4500.0
1516083839.73 3 1 3750.0 3749.6302304 4500.0 4500.0
1516083839.83 3 1 3750.0 3749.64871888 4500.0 4500.0
1516083839.93 3 1 3750.0 3749.66628293 4500.0 4500.0
1516083840.04 3 1 3750.0 3749.68296879 4500.0 4500.0
1516083840.12 3 1 3750.0 3749.69882035 4500.0 4500.0
1516083840.22 3 1 3750.0 3749.71387933 4500.0 4500.0
1516083840.32 3 1 3750.0 3749.72818536 4500.0 4500.0
1516083840.42 3 1 3750.0 3749.74177609 4500.0 4500.0
1516083840.52 3 1 3750.0 3749.75468729 4500.0 4500.0
1516083840.62 3 1 3750.0 3749.76695293 4500.0 4500.0
1516083840.72 3 1 3750.0 3749.77860528 4500.0 4500.0
1516083840.82 3 1 3750.0 3749.78967502 4500.0 4500.0
1516083840.92 3 1 3750.0 3749.80019126 4500.0 4500.0
1516083841.02 3 1 3750.0 3749.8101817 4500.0 4500.0
1516083841.12 3 1 3750.0 3749.81967262 4500.0 4500.0
1516083841.22 3 1 3750.0 3749.82868899 4500.0 4500.0
1516083841.32 3 1 3750.0 3749.83725454 4500.0 4500.0
1516083841.43 3 1 3750.0 3749.84539181 4500.0 4500.0
1516083841.53 3 1 3750.0 3749.85312222 4500.0 4500.0
1516083841.63 3 1 3750.0 3749.86046611 4500.0 4500.0
1516083841.72 3 1 3750.0 3749.8674428 4500.0 4500.0
1516083841.83 3 1 3750.0 3749.87407066 4500.0 4500.0
1516083841.93 3 1 3750.0 3749.88036713 4500.0 4500.0
1516083842.03 3 1 3750.0 3749.88634877 4500.0 4500.0
1516083842.12 3 1 3750.0 3749.89203133 4500.0 4500.0
1516083842.22 3 1 3750.0 3749.89742977 4500.0 4500.0
1516083842.33 3 1 3750.0 3749.90255828 4500.0 4500.0
1516083842.43 3 1 3750.0 3749.90743037 4500.0 4500.0
1516083842.53 3 1 3750.0 3749.91205885 4500.0 4500.0
1516083842.63 3 1 3750.0 3749.9164559 4500.0 4500.0
1516083842.74 3 1 3750.0 3749.92063311 4500.0 4500.0
1516083842.83 3 1 3750.0 3749.92460145 4500.0 4500.0
1516083842.94 3 1 3750.0 3749.92837138 4500.0 4500.0
1516083843.04 3 1 3750.0 3749.93195281 4500.0 4500.0
1516083843.15 3 1 3750.0 3749.93535517 4500.0 4500.0
1516083843.23 3 1 3750.0 3749.93858741 4500.0 4500.0
1516083843.33 3 1 3750.0 3749.94165804 4500.0 4500.0
1516083843.42 3 1 3750.0 3749.94457514 4500.0 4500.0
1516083843.53 3 1 3750.0 3749.94734638 4500.0 4500.0
1516083843.62 3 1 3750.0 3749.94997906 4500.0 4500.0
1516083843.73 3 1 3750.0 3749.95248011 4500.0 4500.0
1516083843.83 3 1 3750.0 3749.95485611 4500.0 4500.0
1516083843.93 3 1 3750.0 3749.9571133 4500.0 4500.0
1516083844.03 3 1 3750.0 3749.95925764 4500.0 4500.0
1516083844.12 3 1 3750.0 3749.96129475 4500.0 4500.0
1516083844.23 3 1 3750.0 3749.96323002 4500.0 4500.0
1516083844.33 3 1 3750.0 3749.96506851 4500.0 4500.0
1516083844.43 3 1 3750.0 3749.96681509 4500.0 4500.0
1516083844.53 3 1 3750.0 3749.96847433 4500.0 4500.0
1516083844.62 3 1 3750.0 3749.97005062 4500.0 4500.0
1516083844.72 3 1 3750.0 3749.97154809 4500.0 4500.0
1516083844.82 3 1 3750.0 3749.97297068 4500.0 4500.0
1516083844.93 3 1 3750.0 3749.97432215 4500.0 4500.0
1516083845.03 3 1 3750.0 3749.97560604 4500.0 4500.0
1516083845.12 3 1 3750.0 3749.97682574 4500.0 4500.0
1516083845.23 3 1 3750.0 3749.97798445 4500.0 4500.0
1516083845.32 3 1 3750.0 3749.97908523 4500.0 4500.0
1516083845.42 3 1 3750.0 3749.98013097 4500.0 4500.0
1516083845.52 3 1 3750.0 3749.98112442 4500.0 4500.0
1516083845.62 3 1 3750.0 3749.9820682 4500.0 4500.0
1516083845.73 3 1 3750.0 3749.98296479 4500.0 4500.0
1516083845.83 3 1 3750.0 3749.98381655 4500.0 4500.0
1516083845.92 3 1 3750.0 3749.98462572 4500.0 4500.0
1516083846.02 3 1 3750.0 3749.98539444 4500.0 4500.0
1516083846.13 3 1 3750.0 3749.98612471 4500.0 4500.0
1516083846.23 3 1 3750.0 3749.98681848 4500.0 4500.0
1516083846.33 3 1 3750.0 3749.98747755 4500.0 4500.0
1516083846.43 3 1 3750.0 3749.98810368 4500.0 4500.0
1516083846.54 3 1 3750.0 3749.98869849 4500.0 4500.0
1516083846.64 3 1 3750.0 3749.98926357 4500.0 4500.0
1516083846.74 3 1 3750.0 3749.98980039 4500.0 4500.0
1516083846.83 3 1 3750.0 3749.99031037 4500.0 4500.0
1516083846.94 3 1 3750.0 3749.99079485 4500.0 4500.0
1516083847.04 3 1 3750.0 3749.99125511 4500.0 4500.0
1516083847.14 3 1 3750.0 3749.99169235 4500.0 4500.0
1516083847.25 3 1 3750.0 3749.99210774 4500.0 4500.0
1516083847.35 3 1 3750.0 3749.99250235 4500.0 4500.0
1516083847.43 3 1 3750.0 3749.99287723 4500.0 4500.0
1516083847.53 3 1 3750.0 3749.99323337 4500.0 4500.0
1516083847.63 3 1 3750.0 3749.9935717 4500.0 4500.0
1516083847.73 3 1 3750.0 3749.99389312 4500.0 4500.0
1516083847.83 3 1 3750.0 3749.99419846 4500.0 4500.0
1516083847.93 3 1 3750.0 3749.99448854 4500.0 4500.0
1516083848.04 3 1 3750.0 3749.99476411 4500.0 4500.0
1516083848.14 3 1 3750.0 3749.99502591 4500.0 4500.0
1516083848.23 3 1 3750.0 3749.99527461 4500.0 4500.0
1516083848.33 3 1 3750.0 3749.99551088 4500.0 4500.0
1516083848.43 3 1 3750.0 3749.99573534 4500.0 4500.0
1516083848.53 3 1 3750.0 3749.99594857 4500.0 4500.0
1516083848.63 3 1 3750.0 3749.99615114 4500.0 4500.0
1516083848.73 3 1 3750.0 3749.99634358 4500.0 4500.0
1516083848.83 3 1 3750.0 3749.9965264 4500.0 4500.0
1516083848.93 3 1 3750.0 3749.99670008 4500.0 4500.0
1516083849.03 3 1 3750.0 3749.99686508 4500.0 4500.0
1516083849.13 3 1 3750.0 3749.99702183 4500.0 4500.0
1516083849.24 3 1 3750.0 3749.99717073 4500.0 4500.0
1516083849.34 3 1 3750.0 3749.9973122 4500.0 4500.0
1516083849.44 3 1 3750.0 3749.99744659 4500.0 4500.0
1516083849.54 3 1 3750.0 3749.99757426 4500.0 4500.0
1516083849.63 3 1 3750.0 3749.99769555 4500.0 4500.0
1516083849.75 3 1 3750.0 3749.99781077 4500.0 4500.0
1516083849.85 3 1 3750.0 3749.99792023 4500.0 4500.0
1516083849.95 3 1 3750.0 3749.99802422 4500.0 4500.0
1516083850.05 3 1 3750.0 3749.99812301 4500.0 4500.0
1516083850.14 3 1 3750.0 3749.99821686 4500.0 4500.0
1516083850.24 3 1 3750.0 3749.99830601 4500.0 4500.0
1516083850.36 3 1 3750.0 3749.99839071 4500.0 4500.0
1516083850.45 3 1 3750.0 3749.99847118 4500.0 4500.0
1516083850.56 3 1 3750.0 3749.99854762 4500.0 4500.0
1516083850.66 3 1 3750.0 3749.99862024 4500.0 4500.0
1516083850.77 3 1 3750.0 3749.99868923 4500.0 4500.0
1516083850.86 3 1 3750.0 3749.99875476 4500.0 4500.0
1516083850.96 3 1 3750.0 3749.99881703 4500.0 4500.0
1516083851.05 3 1 3750.0 3749.99887618 4500.0 4500.0
1516083851.16 3 1 3750.0 3749.99893237 4500.0 4500.0
1516083851.25 3 1 3750.0 3749.99898575 4500.0 4500.0
1516083851.35 3 1 3750.0 3749.99903646 4500.0 4500.0
1516083851.46 3 1 3750.0 3749.99908464 4500.0 4500.0
1516083851.54 3 1 3750.0 3749.99913041 4500.0 4500.0
1516083851.66 3 1 3750.0 3749.99917389 4500.0 4500.0
1516083851.76 3 1 3750.0 3749.99921519 4500.0 4500.0
1516083851.85 3 1 3750.0 3749.99925443 4500.0 4500.0
1516083851.95 3 1 3750.0 3749.99929171 4500.0 4500.0
1516083852.05 3 1 3750.0 3749.99932712 4500.0 4500.0
1516083852.15 3 1 3750.0 3749.99936077 4500.0 4500.0
1516083852.25 3 1 3750.0 3749.99939273 4500.0 4500.0
1516083852.35 3 1 3750.0 3749.99942309 4500.0 4500.0
1516083852.45 3 1 3750.0 3749.99945194 4500.0 4500.0
1516083852.55 3 1 3750.0 3749.99947934 4500.0 4500.0
1516083852.65 3 1 3750.0 3749.99950537 4500.0 4500.0
1516083852.75 3 1 3750.0 3749.99953011 4500.0 4500.0
1516083852.86 3 1 3750.0 3749.9995536 4500.0 4500.0
1516083852.95 3 1 3750.0 3749.99957592 4500.0 4500.0
1516083853.05 3 1 3750.0 3749.99959712 4500.0 4500.0
1516083853.15 3 1 3750.0 3749.99961727 4500.0 4500.0
1516083853.26 3 1 3750.0 3749.9996364 4500.0 4500.0
1516083853.35 3 1 3750.0 3749.99965458 4500.0 4500.0
1516083853.45 3 1 3750.0 3749.99967186 4500.0 4500.0
1516083853.55 3 1 3750.0 3749.99968826 4500.0 4500.0
1516083853.66 3 1 3750.0 3749.99970385 4500.0 4500.0
1516083853.75 3 1 3750.0 3749.99971866 4500.0 4500.0
1516083853.87 3 1 3750.0 3749.99973272 4500.0 4500.0
1516083853.95 3 1 3750.0 3749.99974609 4500.0 4500.0
1516083854.06 3 1 3750.0 3749.99975878 4500.0 4500.0
1516083854.15 3 1 3750.0 3749.99977084 4500.0 4500.0
1516083854.26 3 1 3750.0 3749.9997823 4500.0 4500.0
1516083854.37 3 1 3750.0 3749.99979319 4500.0 4500.0
1516083854.47 3 1 3750.0 3749.99980353 4500.0 4500.0
1516083854.57 3 1 3750.0 3749.99981335 4500.0 4500.0
1516083854.67 3 1 3750.0 3749.99982268 4500.0 4500.0
1516083854.77 3 1 3750.0 3749.99983155 4500.0 4500.0
1516083854.87 3 1 3750.0 3749.99983997 4500.0 4500.0
1516083854.98 3 1 3750.0 3749.99984797 4500.0 4500.0
1516083855.08 3 1 3750.0 3749.99985557 4500.0 4500.0
1516083855.18 3 1 3750.0 3749.9998628 4500.0 4500.0
1516083855.27 3 1 3750.0 3749.99986966 4500.0 4500.0
1516083855.38 3 1 3750.0 3749.99987617 4500.0 4500.0
1516083855.48 3 1 3750.0 3749.99988236 4500.0 4500.0
1516083855.58 3 1 3750.0 3749.99988825 4500.0 4500.0
1516083855.7 3 1 3750.0 3749.99989383 4500.0 4500.0
1516083855.79 3 1 3750.0 3749.99989914 4500.0 4500.0
1516083855.89 3 1 3750.0 3749.99990419 4500.0 4500.0
1516083855.99 3 1 3750.0 3749.99990898 4500.0 4500.0
1516083856.09 3 1 3750.0 3749.99991353 4500.0 4500.0
1516083856.18 3 1 3750.0 3749.99991785 4500.0 4500.0
1516083856.28 3 1 3750.0 3749.99992196 4500.0 4500.0
1516083856.4 3 1 3750.0 3749.99992586 4500.0 4500.0
1516083856.49 3 1 3750.0 3749.99992957 4500.0 4500.0
1516083856.58 3 1 3750.0 3749.99993309 4500.0 4500.0
1516083856.7 3 1 3750.0 3749.99993643 4500.0 4500.0
1516083856.79 3 1 3750.0 3749.99993961 4500.0 4500.0
1516083856.89 3 1 3750.0 3749.99994263 4500.0 4500.0
1516083856.99 3 1 3750.0 3749.9999455 4500.0 4500.0
1516083857.09 3 1 3750.0 3749.99994823 4500.0 4500.0
1516083857.19 3 1 3750.0 3749.99995081 4500.0 4500.0
1516083857.28 3 1 3750.0 3749.99995327 4500.0 4500.0
1516083857.39 3 1 3750.0 3749.99995561 4500.0 4500.0
1516083857.49 3 1 3750.0 3749.99995783 4500.0 4500.0
1516083857.59 3 1 3750.0 3749.99995994 4500.0 4500.0
1516083857.69 3 1 3750.0 3749.99996194 4500.0 4500.0
1516083857.79 3 1 3750.0 3749.99996384 4500.0 4500.0
1516083857.89 3 1 3750.0 3749.99996565 4500.0 4500.0
1516083857.99 3 1 3750.0 3749.99996737 4500.0 4500.0
1516083858.09 3 1 3750.0 3749.999969 4500.0 4500.0
1516083858.19 3 1 3750.0 3749.99997055 4500.0 4500.0
1516083858.29 3 1 3750.0 3749.99997202 4500.0 4500.0
1516083858.39 3 1 3750.0 3749.99997342 4500.0 4500.0
1516083858.49 3 1 3750.0 3749.99997475 4500.0 4500.0
1516083858.59 3 1 3750.0 3749.99997601 4500.0 4500.0
1516083858.69 3 1 3750.0 3749.99997721 4500.0 4500.0
1516083858.79 3 1 3750.0 3749.99997835 4500.0 4500.0
1516083858.89 3 1 3750.0 3749.99997943 4500.0 4500.0
1516083858.99 3 1 3750.0 3749.99998046 4500.0 4500.0
1516083859.09 3 1 3750.0 3749.99998144 4500.0 4500.0
1516083859.2 3 1 3750.0 3749.99998237 4500.0 4500.0
1516083859.29 3 1 3750.0 3749.99998325 4500.0 4500.0
1516083859.39 3 1 3750.0 3749.99998409 4500.0 4500.0
1516083859.5 3 1 3750.0 3749.99998488 4500.0 4500.0
1516083859.6 3 1 3750.0 3749.99998564 4500.0 4500.0
1516083859.71 3 1 3750.0 3749.99998636 4500.0 4500.0
1516083859.81 3 1 3750.0 3749.99998704 4500.0 4500.0
1516083859.91 3 1 3750.0 3749.99998769 4500.0 4500.0
1516083860.01 3 1 3750.0 3749.9999883 4500.0 4500.0
1516083860.11 3 1 3750.0 3749.99998889 4500.0 4500.0
1516083860.21 3 1 3750.0 3749.99998944 4500.0 4500.0
1516083860.31 3 1 3750.0 3749.99998997 4500.0 4500.0
1516083860.42 3 1 3750.0 3749.99999047 4500.0 4500.0
1516083860.52 3 1 3750.0 3749.99999095 4500.0 4500.0
1516083860.62 3 1 3750.0 3749.9999914 4500.0 4500.0
1516083860.72 3 1 3750.0 3749.99999183 4500.0 4500.0
1516083860.82 3 1 3750.0 3749.99999224 4500.0 4500.0
1516083860.93 3 1 3750.0 3749.99999263 4500.0 4500.0
1516083861.04 3 1 3750.0 3749.999993 4500.0 4500.0
1516083861.12 3 1 3750.0 3749.99999335 4500.0 4500.0
1516083861.22 3 1 3750.0 3749.99999368 4500.0 4500.0
1516083861.33 3 1 3750.0 3749.999994 4500.0 4500.0
1516083861.43 3 1 3750.0 3749.9999943 4500.0 4500.0
1516083861.53 3 1 3750.0 3749.99999458 4500.0 4500.0
1516083861.63 3 1 3750.0 3749.99999485 4500.0 4500.0
1516083861.73 3 1 3750.0 3749.99999511 4500.0 4500.0
1516083861.83 3 1 3750.0 3749.99999535 4500.0 4500.0
1516083861.93 3 1 3750.0 3749.99999559 4500.0 4500.0
1516083862.03 3 1 3750.0 3749.99999581 4500.0 4500.0
1516083862.13 3 1 3750.0 3749.99999602 4500.0 4500.0
1516083862.23 3 1 3750.0 3749.99999622 4500.0 4500.0
1516083862.32 3 1 3750.0 3749.9999964 4500.0 4500.0
1516083862.42 3 1 3750.0 3749.99999658 4500.0 4500.0
1516083862.52 3 1 3750.0 3749.99999676 4500.0 4500.0
1516083862.63 3 1 3750.0 3749.99999692 4500.0 4500.0
1516083862.73 3 1 3750.0 3749.99999707 4500.0 4500.0
1516083862.83 3 1 3750.0 3749.99999722 4500.0 4500.0
1516083862.92 3 1 3750.0 3749.99999736 4500.0 4500.0
1516083863.02 3 1 3750.0 3749.99999749 4500.0 4500.0
1516083863.12 3 1 3750.0 3749.99999761 4500.0 4500.0
1516083863.22 3 1 3750.0 3749.99999773 4500.0 4500.0
1516083863.33 3 1 3750.0 3749.99999785 4500.0 4500.0
1516083863.43 3 1 3750.0 3749.99999795 4500.0 4500.0
1516083863.53 3 1 3750.0 3749.99999806 4500.0 4500.0
1516083863.63 3 1 3750.0 3749.99999815 4500.0 4500.0
1516083863.73 3 1 3750.0 3749.99999825 4500.0 4500.0
1516083863.83 3 1 3750.0 3749.99999833 4500.0 4500.0
1516083863.94 3 1 3750.0 3749.99999842 4500.0 4500.0
1516083864.03 3 1 3750.0 3749.9999985 4500.0 4500.0
1516083864.13 3 1 3750.0 3749.99999857 4500.0 4500.0
1516083864.24 3 1 3750.0 3749.99999864 4500.0 4500.0
1516083864.33 3 1 3750.0 3749.99999871 4500.0 4500.0
1516083864.43 3 1 3750.0 3749.99999878 4500.0 4500.0
1516083864.53 3 1 3750.0 3749.99999884 4500.0 4500.0
1516083864.63 3 1 3750.0 3749.99999889 4500.0 4500.0
1516083864.74 3 1 3750.0 3749.99999895 4500.0 4500.0
1516083864.84 3 2 3000.0 3712.499999 4500.0 4500.0
1516083864.95 3 2 3000.0 3676.87499905 4500.0 4500.0
1516083865.04 3 2 3000.0 3643.0312491 4500.0 4500.0
1516083865.15 3 2 3000.0 3610.87968664 4500.0 4500.0
1516083865.24 3 2 3000.0 3580.33570231 4500.0 4500.0
1516083865.35 3 2 3000.0 3551.3189172 4500.0 4500.0
1516083865.45 3 2 3000.0 3523.75297134 4500.0 4500.0
1516083865.54 3 2 3000.0 3497.56532277 4500.0 4500.0
1516083865.64 3 2 3000.0 3472.68705663 4500.0 4500.0
1516083865.73 3 2 3000.0 3449.0527038 4500.0 4500.0
1516083865.83 3 2 3000.0 3426.60006861 4500.0 4500.0
1516083865.94 3 2 3000.0 3405.27006518 4500.0 4500.0
1516083866.03 3 2 3000.0 3385.00656192 4500.0 4500.0
1516083866.14 3 2 3000.0 3365.75623382 4500.0 4500.0
1516083866.24 3 2 3000.0 3347.46842213 4500.0 4500.0
1516083866.33 3 2 3000.0 3330.09500103 4500.0 4500.0
1516083866.43 3 2 3000.0 3313.59025098 4500.0 4500.0
1516083866.53 3 2 3000.0 3297.91073843 4500.0 4500.0
1516083866.64 3 2 3000.0 3283.01520151 4500.0 4500.0
1516083866.74 3 2 3000.0 3268.86444143 4500.0 4500.0
1516083866.84 3 2 3000.0 3255.42121936 4500.0 4500.0
1516083866.94 3 2 3000.0 3242.65015839 4500.0 4500.0
1516083867.03 3 2 3000.0 3230.51765047 4500.0 4500.0
1516083867.14 3 2 3000.0 3218.99176795 4500.0 4500.0
1516083867.24 3 2 3000.0 3208.04217955 4500.0 4500.0
1516083867.34 3 2 3000.0 3197.64007057 4500.0 4500.0
1516083867.44 3 2 3000.0 3187.75806704 4500.0 4500.0
1516083867.54 3 2 3000.0 3178.37016369 4500.0 4500.0
1516083867.64 3 2 3000.0 3169.45165551 4500.0 4500.0
1516083867.74 3 2 3000.0 3160.97907273 4500.0 4500.0
1516083867.84 3 2 3000.0 3152.9301191 4500.0 4500.0
1516083867.94 3 2 3000.0 3145.28361314 4500.0 4500.0
1516083868.04 3 2 3000.0 3138.01943248 4500.0 4500.0
1516083868.14 3 2 3000.0 3131.11846086 4500.0 4500.0
1516083868.25 3 2 3000.0 3124.56253782 4500.0 4500.0
1516083868.34 3 2 3000.0 3118.33441093 4500.0 4500.0
1516083868.44 3 2 3000.0 3112.41769038 4500.0 4500.0
1516083868.54 3 2 3000.0 3106.79680586 4500.0 4500.0
1516083868.64 3 2 3000.0 3101.45696557 4500.0 4500.0
1516083868.75 3 2 3000.0 3096.38411729 4500.0 4500.0
1516083868.84 3 2 3000.0 3091.56491142 4500.0 4500.0
1516083868.96 3 2 3000.0 3086.98666585 4500.0 4500.0
1516083869.05 3 2 3000.0 3082.63733256 4500.0 4500.0
1516083869.15 3 2 3000.0 3078.50546593 4500.0 4500.0
1516083869.25 3 2 3000.0 3074.58019264 4500.0 4500.0
1516083869.36 3 2 3000.0 3070.851183 4500.0 4500.0
1516083869.45 3 2 3000.0 3067.30862385 4500.0 4500.0
1516083869.55 3 2 3000.0 3063.94319266 4500.0 4500.0
1516083869.66 3 2 3000.0 3060.74603303 4500.0 4500.0
1516083869.76 3 2 3000.0 3057.70873138 4500.0 4500.0
1516083869.85 3 2 3000.0 3054.82329481 4500.0 4500.0
1516083869.95 3 2 3000.0 3052.08213007 4500.0 4500.0
1516083870.06 3 2 3000.0 3049.47802356 4500.0 4500.0
1516083870.16 3 2 3000.0 3047.00412239 4500.0 4500.0
1516083870.26 3 2 3000.0 3044.65391627 4500.0 4500.0
1516083870.35 3 2 3000.0 3042.42122045 4500.0 4500.0
1516083870.46 3 2 3000.0 3040.30015943 4500.0 4500.0
1516083870.55 3 2 3000.0 3038.28515146 4500.0 4500.0
1516083870.65 3 2 3000.0 3036.37089389 4500.0 4500.0
1516083870.76 3 2 3000.0 3034.55234919 4500.0 4500.0
1516083870.86 3 2 3000.0 3032.82473173 4500.0 4500.0
1516083870.97 3 2 3000.0 3031.18349515 4500.0 4500.0
1516083871.05 3 2 3000.0 3029.62432039 4500.0 4500.0
1516083871.15 3 2 3000.0 3028.14310437 4500.0 4500.0
1516083871.25 3 2 3000.0 3026.73594915 4500.0 4500.0
1516083871.35 3 2 3000.0 3025.39915169 4500.0 4500.0
1516083871.45 3 2 3000.0 3024.12919411 4500.0 4500.0
1516083871.55 3 2 3000.0 3022.9227344 4500.0 4500.0
1516083871.65 3 2 3000.0 3021.77659768 4500.0 4500.0
1516083871.75 3 2 3000.0 3020.6877678 4500.0 4500.0
1516083871.85 3 2 3000.0 3019.65337941 4500.0 4500.0
1516083871.95 3 2 3000.0 3018.67071044 4500.0 4500.0
1516083872.05 3 2 3000.0 3017.73717492 4500.0 4500.0
1516083872.16 3 2 3000.0 3016.85031617 4500.0 4500.0
1516083872.25 3 2 3000.0 3016.00780036 4500.0 4500.0
1516083872.36 3 2 3000.0 3015.20741034 4500.0 4500.0
1516083872.46 3 2 3000.0 3014.44703983 4500.0 4500.0
1516083872.56 3 2 3000.0 3013.72468784 4500.0 4500.0
1516083872.65 3 2 3000.0 3013.03845344 4500.0 4500.0
1516083872.75 3 2 3000.0 3012.38653077 4500.0 4500.0
1516083872.86 3 2 3000.0 3011.76720423 4500.0 4500.0
1516083872.96 3 2 3000.0 3011.17884402 4500.0 4500.0
1516083873.05 3 2 3000.0 3010.61990182 4500.0 4500.0
1516083873.15 3 2 3000.0 3010.08890673 4500.0 4500.0
1516083873.26 3 2 3000.0 3009.58446139 4500.0 4500.0
1516083873.37 3 2 3000.0 3009.10523832 4500.0 4500.0
1516083873.46 3 2 3000.0 3008.64997641 4500.0 4500.0
1516083873.56 3 2 3000.0 3008.21747759 4500.0 4500.0
1516083873.68 3 2 3000.0 3007.80660371 4500.0 4500.0
1516083873.77 3 2 3000.0 3007.41627352 4500.0 4500.0
1516083873.87 3 2 3000.0 3007.04545985 4500.0 4500.0
1516083873.97 3 2 3000.0 3006.69318685 4500.0 4500.0
1516083874.07 3 2 3000.0 3006.35852751 4500.0 4500.0
1516083874.17 3 2 3000.0 3006.04060114 4500.0 4500.0
1516083874.27 3 2 3000.0 3005.73857108 4500.0 4500.0
1516083874.36 3 2 3000.0 3005.45164252 4500.0 4500.0
1516083874.46 3 2 3000.0 3005.1790604 4500.0 4500.0
1516083874.56 3 2 3000.0 3004.92010738 4500.0 4500.0
1516083874.67 3 2 3000.0 3004.67410201 4500.0 4500.0
1516083874.77 3 2 3000.0 3004.44039691 4500.0 4500.0
1516083874.87 3 2 3000.0 3004.21837706 4500.0 4500.0
1516083874.97 3 2 3000.0 3004.00745821 4500.0 4500.0
1516083875.08 3 2 3000.0 3003.8070853 4500.0 4500.0
1516083875.17 3 2 3000.0 3003.61673103 4500.0 4500.0
1516083875.26 3 2 3000.0 3003.43589448 4500.0 4500.0
1516083875.37 3 2 3000.0 3003.26409976 4500.0 4500.0
1516083875.48 3 2 3000.0 3003.10089477 4500.0 4500.0
1516083875.56 3 2 3000.0 3002.94585003 4500.0 4500.0
1516083875.66 3 2 3000.0 3002.79855753 4500.0 4500.0
1516083875.77 3 2 3000.0 3002.65862965 4500.0 4500.0
1516083875.86 3 2 3000.0 3002.52569817 4500.0 4500.0
1516083875.96 3 2 3000.0 3002.39941326 4500.0 4500.0
1516083876.06 3 2 3000.0 3002.2794426 4500.0 4500.0
1516083876.16 3 2 3000.0 3002.16547047 4500.0 4500.0
1516083876.26 3 2 3000.0 3002.05719695 4500.0 4500.0
1516083876.36 3 2 3000.0 3001.9543371 4500.0 4500.0
1516083876.46 3 2 3000.0 3001.85662024 4500.0 4500.0
1516083876.57 3 2 3000.0 3001.76378923 4500.0 4500.0
1516083876.67 3 2 3000.0 3001.67559977 4500.0 4500.0
1516083876.76 3 2 3000.0 3001.59181978 4500.0 4500.0
1516083876.87 3 2 3000.0 3001.51222879 4500.0 4500.0
1516083876.96 3 2 3000.0 3001.43661735 4500.0 4500.0
1516083877.06 3 2 3000.0 3001.36478649 4500.0 4500.0
1516083877.17 3 2 3000.0 3001.29654716 4500.0 4500.0
1516083877.27 3 2 3000.0 3001.2317198 4500.0 4500.0
1516083877.36 3 2 3000.0 3001.17013381 4500.0 4500.0
1516083877.47 3 2 3000.0 3001.11162712 4500.0 4500.0
1516083877.57 3 2 3000.0 3001.05604577 4500.0 4500.0
1516083877.67 3 2 3000.0 3001.00324348 4500.0 4500.0
1516083877.77 3 2 3000.0 3000.9530813 4500.0 4500.0
1516083877.86 3 2 3000.0 3000.90542724 4500.0 4500.0
1516083877.97 3 2 3000.0 3000.86015588 4500.0 4500.0
1516083878.07 3 2 3000.0 3000.81714808 4500.0 4500.0
1516083878.18 3 2 3000.0 3000.77629068 4500.0 4500.0
1516083878.28 3 2 3000.0 3000.73747614 4500.0 4500.0
1516083878.39 3 2 3000.0 3000.70060234 4500.0 4500.0
1516083878.47 3 2 3000.0 3000.66557222 4500.0 4500.0
1516083878.58 3 2 3000.0 3000.63229361 4500.0 4500.0
1516083878.69 3 2 3000.0 3000.60067893 4500.0 4500.0
1516083878.79 3 2 3000.0 3000.57064498 4500.0 4500.0
1516083878.87 3 2 3000.0 3000.54211273 4500.0 4500.0
1516083878.98 3 2 3000.0 3000.5150071 4500.0 4500.0
1516083879.07 3 2 3000.0 3000.48925674 4500.0 4500.0
1516083879.17 3 2 3000.0 3000.46479391 4500.0 4500.0
1516083879.29 3 2 3000.0 3000.44155421 4500.0 4500.0
1516083879.38 3 2 3000.0 3000.4194765 4500.0 4500.0
1516083879.47 3 2 3000.0 3000.39850267 4500.0 4500.0
1516083879.57 3 2 3000.0 3000.37857754 4500.0 4500.0
1516083879.68 3 2 3000.0 3000.35964866 4500.0 4500.0
1516083879.77 3 2 3000.0 3000.34166623 4500.0 4500.0
1516083879.87 3 2 3000.0 3000.32458292 4500.0 4500.0
1516083879.98 3 2 3000.0 3000.30835377 4500.0 4500.0
1516083880.07 3 2 3000.0 3000.29293608 4500.0 4500.0
1516083880.18 3 2 3000.0 3000.27828928 4500.0 4500.0
1516083880.27 3 2 3000.0 3000.26437482 4500.0 4500.0
1516083880.38 3 2 3000.0 3000.25115608 4500.0 4500.0
1516083880.47 3 2 3000.0 3000.23859827 4500.0 4500.0
1516083880.57 3 2 3000.0 3000.22666836 4500.0 4500.0
1516083880.67 3 2 3000.0 3000.21533494 4500.0 4500.0
1516083880.78 3 2 3000.0 3000.20456819 4500.0 4500.0
1516083880.88 3 2 3000.0 3000.19433978 4500.0 4500.0
1516083880.97 3 2 3000.0 3000.18462279 4500.0 4500.0
1516083881.08 3 2 3000.0 3000.17539165 4500.0 4500.0
1516083881.17 3 2 3000.0 3000.16662207 4500.0 4500.0
1516083881.28 3 2 3000.0 3000.15829097 4500.0 4500.0
1516083881.39 3 2 3000.0 3000.15037642 4500.0 4500.0
1516083881.48 3 2 3000.0 3000.1428576 4500.0 4500.0
1516083881.58 3 2 3000.0 3000.13571472 4500.0 4500.0
1516083881.68 3 2 3000.0 3000.12892898 4500.0 4500.0
1516083881.78 3 2 3000.0 3000.12248253 4500.0 4500.0
1516083881.88 3 2 3000.0 3000.11635841 4500.0 4500.0
1516083881.98 3 2 3000.0 3000.11054049 4500.0 4500.0
1516083882.08 3 2 3000.0 3000.10501346 4500.0 4500.0
1516083882.18 3 2 3000.0 3000.09976279 4500.0 4500.0
1516083882.28 3 2 3000.0 3000.09477465 4500.0 4500.0
1516083882.38 3 2 3000.0 3000.09003592 4500.0 4500.0
1516083882.48 3 2 3000.0 3000.08553412 4500.0 4500.0
1516083882.58 3 2 3000.0 3000.08125742 4500.0 4500.0
1516083882.69 3 2 3000.0 3000.07719454 4500.0 4500.0
1516083882.8 3 2 3000.0 3000.07333482 4500.0 4500.0
1516083882.89 3 2 3000.0 3000.06966808 4500.0 4500.0
1516083882.99 3 2 3000.0 3000.06618467 4500.0 4500.0
1516083883.09 3 2 3000.0 3000.06287544 4500.0 4500.0
1516083883.19 3 2 3000.0 3000.05973167 4500.0 4500.0
1516083883.3 3 2 3000.0 3000.05674508 4500.0 4500.0
1516083883.4 3 2 3000.0 3000.05390783 4500.0 4500.0
1516083883.5 3 2 3000.0 3000.05121244 4500.0 4500.0
1516083883.58 3 2 3000.0 3000.04865182 4500.0 4500.0
1516083883.7 3 2 3000.0 3000.04621923 4500.0 4500.0
1516083883.8 3 2 3000.0 3000.04390826 4500.0 4500.0
1516083883.9 3 2 3000.0 3000.04171285 4500.0 4500.0
1516083883.99 3 2 3000.0 3000.03962721 4500.0 4500.0
1516083884.09 3 2 3000.0 3000.03764585 4500.0 4500.0
1516083884.18 3 2 3000.0 3000.03576356 4500.0 4500.0
1516083884.29 3 2 3000.0 3000.03397538 4500.0 4500.0
1516083884.38 3 2 3000.0 3000.03227661 4500.0 4500.0
1516083884.49 3 2 3000.0 3000.03066278 4500.0 4500.0
1516083884.59 3 2 3000.0 3000.02912964 4500.0 4500.0
1516083884.69 3 2 3000.0 3000.02767316 4500.0 4500.0
1516083884.78 3 2 3000.0 3000.0262895 4500.0 4500.0
1516083884.89 3 2 3000.0 3000.02497502 4500.0 4500.0
1516083884.99 3 2 3000.0 3000.02372627 4500.0 4500.0
1516083885.09 3 2 3000.0 3000.02253996 4500.0 4500.0
1516083885.19 3 2 3000.0 3000.02141296 4500.0 4500.0
1516083885.29 3 2 3000.0 3000.02034231 4500.0 4500.0
1516083885.39 3 2 3000.0 3000.0193252 4500.0 4500.0
1516083885.49 3 2 3000.0 3000.01835894 4500.0 4500.0
1516083885.58 3 2 3000.0 3000.01744099 4500.0 4500.0
1516083885.69 3 2 3000.0 3000.01656894 4500.0 4500.0
1516083885.79 3 2 3000.0 3000.01574049 4500.0 4500.0
1516083885.89 3 2 3000.0 3000.01495347 4500.0 4500.0
1516083886.0 3 2 3000.0 3000.0142058 4500.0 4500.0
1516083886.09 3 2 3000.0 3000.01349551 4500.0 4500.0
1516083886.19 3 2 3000.0 3000.01282073 4500.0 4500.0
1516083886.29 3 2 3000.0 3000.01217969 4500.0 4500.0
1516083886.4 3 2 3000.0 3000.01157071 4500.0 4500.0
1516083886.5 3 2 3000.0 3000.01099217 4500.0 4500.0
1516083886.59 3 2 3000.0 3000.01044257 4500.0 4500.0
1516083886.7 3 2 3000.0 3000.00992044 4500.0 4500.0
1516083886.8 3 2 3000.0 3000.00942442 4500.0 4500.0
1516083886.9 3 2 3000.0 3000.00895319 4500.0 4500.0
1516083886.99 3 2 3000.0 3000.00850554 4500.0 4500.0
1516083887.09 3 2 3000.0 3000.00808026 4500.0 4500.0
1516083887.2 3 2 3000.0 3000.00767625 4500.0 4500.0
1516083887.31 3 2 3000.0 3000.00729243 4500.0 4500.0
1516083887.4 3 2 3000.0 3000.00692781 4500.0 4500.0
1516083887.5 3 2 3000.0 3000.00658142 4500.0 4500.0
1516083887.6 3 2 3000.0 3000.00625235 4500.0 4500.0
1516083887.7 3 2 3000.0 3000.00593973 4500.0 4500.0
1516083887.8 3 2 3000.0 3000.00564275 4500.0 4500.0
1516083887.9 3 2 3000.0 3000.00536061 4500.0 4500.0
1516083888.01 3 2 3000.0 3000.00509258 4500.0 4500.0
1516083888.1 3 2 3000.0 3000.00483795 4500.0 4500.0
1516083888.2 3 2 3000.0 3000.00459605 4500.0 4500.0
1516083888.3 3 2 3000.0 3000.00436625 4500.0 4500.0
1516083888.4 3 2 3000.0 3000.00414794 4500.0 4500.0
1516083888.49 3 2 3000.0 3000.00394054 4500.0 4500.0
1516083888.59 3 2 3000.0 3000.00374351 4500.0 4500.0
1516083888.69 3 2 3000.0 3000.00355634 4500.0 4500.0
1516083888.8 3 2 3000.0 3000.00337852 4500.0 4500.0
1516083888.89 3 2 3000.0 3000.00320959 4500.0 4500.0
1516083889.0 3 2 3000.0 3000.00304911 4500.0 4500.0
1516083889.1 3 2 3000.0 3000.00289666 4500.0 4500.0
1516083889.19 3 2 3000.0 3000.00275183 4500.0 4500.0
1516083889.3 3 2 3000.0 3000.00261423 4500.0 4500.0
1516083889.39 3 2 3000.0 3000.00248352 4500.0 4500.0
1516083889.49 3 2 3000.0 3000.00235935 4500.0 4500.0
1516083889.6 3 2 3000.0 3000.00224138 4500.0 4500.0
1516083889.69 3 2 3000.0 3000.00212931 4500.0 4500.0
1516083889.8 3 2 3000.0 3000.00202284 4500.0 4500.0
1516083889.9 3 2 3000.0 3000.0019217 4500.0 4500.0
1516083890.0 3 2 3000.0 3000.00182562 4500.0 4500.0
1516083890.1 3 2 3000.0 3000.00173434 4500.0 4500.0
1516083890.2 3 2 3000.0 3000.00164762 4500.0 4500.0
1516083890.3 3 2 3000.0 3000.00156524 4500.0 4500.0
1516083890.4 3 2 3000.0 3000.00148698 4500.0 4500.0
1516083890.49 3 2 3000.0 3000.00141263 4500.0 4500.0
1516083890.6 3 2 3000.0 3000.001342 4500.0 4500.0
1516083890.7 3 2 3000.0 3000.0012749 4500.0 4500.0
1516083890.8 3 2 3000.0 3000.00121115 4500.0 4500.0
1516083890.9 3 2 3000.0 3000.00115059 4500.0 4500.0
1516083891.0 3 2 3000.0 3000.00109306 4500.0 4500.0
1516083891.11 3 2 3000.0 3000.00103841 4500.0 4500.0
1516083891.2 3 2 3000.0 3000.00098649 4500.0 4500.0
1516083891.3 3 2 3000.0 3000.00093717 4500.0 4500.0
1516083891.4 3 2 3000.0 3000.00089031 4500.0 4500.0
1516083891.51 3 2 3000.0 3000.00084579 4500.0 4500.0
1516083891.62 3 2 3000.0 3000.0008035 4500.0 4500.0
1516083891.71 3 2 3000.0 3000.00076333 4500.0 4500.0
1516083891.81 3 2 3000.0 3000.00072516 4500.0 4500.0
1516083891.92 3 2 3000.0 3000.0006889 4500.0 4500.0
1516083892.01 3 2 3000.0 3000.00065446 4500.0 4500.0
1516083892.12 3 2 3000.0 3000.00062174 4500.0 4500.0
1516083892.21 3 2 3000.0 3000.00059065 4500.0 4500.0
1516083892.32 3 2 3000.0 3000.00056112 4500.0 4500.0
1516083892.4 3 2 3000.0 3000.00053306 4500.0 4500.0
1516083892.51 3 2 3000.0 3000.00050641 4500.0 4500.0
1516083892.61 3 2 3000.0 3000.00048109 4500.0 4500.0
1516083892.71 3 2 3000.0 3000.00045703 4500.0 4500.0
1516083892.81 3 2 3000.0 3000.00043418 4500.0 4500.0
1516083892.9 3 2 3000.0 3000.00041247 4500.0 4500.0
1516083893.01 3 2 3000.0 3000.00039185 4500.0 4500.0
1516083893.11 3 2 3000.0 3000.00037226 4500.0 4500.0
1516083893.2 3 2 3000.0 3000.00035364 4500.0 4500.0
1516083893.31 3 2 3000.0 3000.00033596 4500.0 4500.0
1516083893.41 3 2 3000.0 3000.00031916 4500.0 4500.0
1516083893.51 3 2 3000.0 3000.0003032 4500.0 4500.0
1516083893.61 3 2 3000.0 3000.00028804 4500.0 4500.0
1516083893.71 3 2 3000.0 3000.00027364 4500.0 4500.0
1516083893.82 3 2 3000.0 3000.00025996 4500.0 4500.0
1516083893.92 3 2 3000.0 3000.00024696 4500.0 4500.0
1516083894.01 3 2 3000.0 3000.00023461 4500.0 4500.0
1516083894.11 3 2 3000.0 3000.00022288 4500.0 4500.0
1516083894.21 3 2 3000.0 3000.00021174 4500.0 4500.0
1516083894.32 3 2 3000.0 3000.00020115 4500.0 4500.0
1516083894.42 3 2 3000.0 3000.00019109 4500.0 4500.0
1516083894.52 3 2 3000.0 3000.00018154 4500.0 4500.0
1516083894.63 3 2 3000.0 3000.00017246 4500.0 4500.0
1516083894.72 3 2 3000.0 3000.00016384 4500.0 4500.0
1516083894.81 3 2 3000.0 3000.00015565 4500.0 4500.0
1516083894.92 3 2 3000.0 3000.00014787 4500.0 4500.0
1516083895.04 3 2 3000.0 3000.00014047 4500.0 4500.0
1516083895.13 3 2 3000.0 3000.00013345 4500.0 4500.0
1516083895.23 3 2 3000.0 3000.00012678 4500.0 4500.0
1516083895.32 3 2 3000.0 3000.00012044 4500.0 4500.0
1516083895.42 3 2 3000.0 3000.00011442 4500.0 4500.0
1516083895.52 3 2 3000.0 3000.00010869 4500.0 4500.0
1516083895.62 3 2 3000.0 3000.00010326 4500.0 4500.0
1516083895.74 3 2 3000.0 3000.0000981 4500.0 4500.0
1516083895.82 3 2 3000.0 3000.00009319 4500.0 4500.0
1516083895.93 3 2 3000.0 3000.00008853 4500.0 4500.0
1516083896.03 3 2 3000.0 3000.00008411 4500.0 4500.0
1516083896.13 3 2 3000.0 3000.0000799 4500.0 4500.0
1516083896.22 3 2 3000.0 3000.00007591 4500.0 4500.0
1516083896.34 3 2 3000.0 3000.00007211 4500.0 4500.0
1516083896.44 3 2 3000.0 3000.0000685 4500.0 4500.0
1516083896.54 3 2 3000.0 3000.00006508 4500.0 4500.0
1516083896.63 3 2 3000.0 3000.00006183 4500.0 4500.0
1516083896.73 3 2 3000.0 3000.00005873 4500.0 4500.0
1516083896.84 3 2 3000.0 3000.0000558 4500.0 4500.0
1516083896.93 3 2 3000.0 3000.00005301 4500.0 4500.0
1516083897.02 3 2 3000.0 3000.00005036 4500.0 4500.0
1516083897.13 3 2 3000.0 3000.00004784 4500.0 4500.0
1516083897.23 3 2 3000.0 3000.00004545 4500.0 4500.0
1516083897.32 3 2 3000.0 3000.00004318 4500.0 4500.0
1516083897.43 3 2 3000.0 3000.00004102 4500.0 4500.0
1516083897.53 3 2 3000.0 3000.00003897 4500.0 4500.0
1516083897.64 3 2 3000.0 3000.00003702 4500.0 4500.0
1516083897.73 3 2 3000.0 3000.00003517 4500.0 4500.0
1516083897.83 3 2 3000.0 3000.00003341 4500.0 4500.0
1516083897.93 3 2 3000.0 3000.00003174 4500.0 4500.0
1516083898.03 3 2 3000.0 3000.00003015 4500.0 4500.0
1516083898.13 3 2 3000.0 3000.00002864 4500.0 4500.0
1516083898.23 3 2 3000.0 3000.00002721 4500.0 4500.0
1516083898.34 3 2 3000.0 3000.00002585 4500.0 4500.0
1516083898.43 3 2 3000.0 3000.00002456 4500.0 4500.0
1516083898.53 3 2 3000.0 3000.00002333 4500.0 4500.0
1516083898.63 3 2 3000.0 3000.00002216 4500.0 4500.0
1516083898.73 3 2 3000.0 3000.00002106 4500.0 4500.0
1516083898.83 3 2 3000.0 3000.00002 4500.0 4500.0
1516083898.93 3 2 3000.0 3000.000019 4500.0 4500.0
1516083899.04 3 2 3000.0 3000.00001805 4500.0 4500.0
1516083899.15 3 2 3000.0 3000.00001715 4500.0 4500.0
1516083899.24 3 2 3000.0 3000.00001629 4500.0 4500.0
1516083899.35 3 2 3000.0 3000.00001548 4500.0 4500.0
1516083899.44 3 2 3000.0 3000.0000147 4500.0 4500.0
1516083899.55 3 2 3000.0 3000.00001397 4500.0 4500.0
1516083899.65 3 2 3000.0 3000.00001327 4500.0 4500.0
1516083899.75 3 2 3000.0 3000.00001261 4500.0 4500.0
1516083899.85 3 2 3000.0 3000.00001198 4500.0 4500.0
1516083899.94 3 2 3000.0 3000.00001138 4500.0 4500.0
1516083900.05 3 2 3000.0 3000.00001081 4500.0 4500.0
1516083900.15 3 2 3000.0 3000.00001027 4500.0 4500.0
1516083900.25 3 2 3000.0 3000.00000975 4500.0 4500.0
1516083900.35 3 2 3000.0 3000.00000927 4500.0 4500.0
1516083900.45 3 2 3000.0 3000.0000088 4500.0 4500.0
1516083900.55 3 2 3000.0 3000.00000836 4500.0 4500.0
1516083900.65 3 2 3000.0 3000.00000795 4500.0 4500.0
1516083900.75 3 2 3000.0 3000.00000755 4500.0 4500.0
1516083900.85 3 2 3000.0 3000.00000717 4500.0 4500.0
1516083900.96 3 2 3000.0 3000.00000681 4500.0 4500.0
1516083901.05 3 2 3000.0 3000.00000647 4500.0 4500.0
1516083901.16 3 2 3000.0 3000.00000615 4500.0 4500.0
1516083901.25 3 2 3000.0 3000.00000584 4500.0 4500.0
1516083901.35 3 2 3000.0 3000.00000555 4500.0 4500.0
1516083901.45 3 2 3000.0 3000.00000527 4500.0 4500.0
1516083901.55 3 2 3000.0 3000.00000501 4500.0 4500.0
1516083901.65 3 2 3000.0 3000.00000476 4500.0 4500.0
1516083901.75 3 2 3000.0 3000.00000452 4500.0 4500.0
1516083901.85 3 2 3000.0 3000.00000429 4500.0 4500.0
1516083901.95 3 2 3000.0 3000.00000408 4500.0 4500.0
1516083902.06 3 2 3000.0 3000.00000387 4500.0 4500.0
1516083902.16 3 2 3000.0 3000.00000368 4500.0 4500.0
1516083902.25 3 2 3000.0 3000.0000035 4500.0 4500.0
1516083902.35 3 2 3000.0 3000.00000332 4500.0 4500.0
1516083902.44 3 2 3000.0 3000.00000316 4500.0 4500.0
1516083902.55 3 2 3000.0 3000.000003 4500.0 4500.0
1516083902.64 3 2 3000.0 3000.00000285 4500.0 4500.0
1516083902.75 3 2 3000.0 3000.00000271 4500.0 4500.0
1516083902.85 3 2 3000.0 3000.00000257 4500.0 4500.0
1516083902.95 3 2 3000.0 3000.00000244 4500.0 4500.0
1516083903.05 3 2 3000.0 3000.00000232 4500.0 4500.0
1516083903.15 3 2 3000.0 3000.0000022 4500.0 4500.0
1516083903.25 3 2 3000.0 3000.00000209 4500.0 4500.0
1516083903.34 3 2 3000.0 3000.00000199 4500.0 4500.0
1516083903.45 3 2 3000.0 3000.00000189 4500.0 4500.0
1516083903.55 3 2 3000.0 3000.0000018 4500.0 4500.0
1516083903.65 3 2 3000.0 3000.00000171 4500.0 4500.0
1516083903.75 3 2 3000.0 3000.00000162 4500.0 4500.0
1516083903.86 3 2 3000.0 3000.00000154 4500.0 4500.0
1516083903.96 3 2 3000.0 3000.00000146 4500.0 4500.0
1516083904.05 3 2 3000.0 3000.00000139 4500.0 4500.0
1516083904.17 3 2 3000.0 3000.00000132 4500.0 4500.0
1516083904.26 3 2 3000.0 3000.00000125 4500.0 4500.0
1516083904.35 3 2 3000.0 3000.00000119 4500.0 4500.0
1516083904.46 3 2 3000.0 3000.00000113 4500.0 4500.0
1516083904.56 3 2 3000.0 3000.00000107 4500.0 4500.0
1516083904.67 3 2 3000.0 3000.00000102 4500.0 4500.0
1516083904.77 3 2 3000.0 3000.00000097 4500.0 4500.0
1516083904.86 3 2 3000.0 3000.00000092 4500.0 4500.0
1516083904.95 3 1 3750.0 3037.50000088 4500.0 4500.0
1516083905.06 3 1 3750.0 3073.12500083 4500.0 4500.0
1516083905.16 3 1 3750.0 3106.96875079 4500.0 4500.0
1516083905.26 3 1 3750.0 3139.12031325 4500.0 4500.0
1516083905.38 3 1 3750.0 3169.66429759 4500.0 4500.0
1516083905.47 3 1 3750.0 3198.68108271 4500.0 4500.0
1516083905.58 3 1 3750.0 3226.24702857 4500.0 4500.0
1516083905.67 3 1 3750.0 3252.43467714 4500.0 4500.0
1516083905.77 3 1 3750.0 3277.31294329 4500.0 4500.0
1516083905.87 3 1 3750.0 3300.94729612 4500.0 4500.0
1516083905.97 3 1 3750.0 3323.39993132 4500.0 4500.0
1516083906.06 3 1 3750.0 3344.72993475 4500.0 4500.0
1516083906.16 3 1 3750.0 3364.99343801 4500.0 4500.0
1516083906.27 3 1 3750.0 3384.24376611 4500.0 4500.0
1516083906.37 3 1 3750.0 3402.53157781 4500.0 4500.0
1516083906.47 3 1 3750.0 3419.90499892 4500.0 4500.0
1516083906.57 3 1 3750.0 3436.40974897 4500.0 4500.0
1516083906.67 3 1 3750.0 3452.08926152 4500.0 4500.0
1516083906.77 3 1 3750.0 3466.98479845 4500.0 4500.0
1516083906.87 3 1 3750.0 3481.13555852 4500.0 4500.0
1516083906.97 3 1 3750.0 3494.5787806 4500.0 4500.0
1516083907.07 3 1 3750.0 3507.34984157 4500.0 4500.0
1516083907.16 3 1 3750.0 3519.48234949 4500.0 4500.0
1516083907.27 3 1 3750.0 3531.00823201 4500.0 4500.0
1516083907.37 3 1 3750.0 3541.95782041 4500.0 4500.0
1516083907.47 3 1 3750.0 3552.35992939 4500.0 4500.0
1516083907.57 3 1 3750.0 3562.24193292 4500.0 4500.0
1516083907.66 3 1 3750.0 3571.62983628 4500.0 4500.0
1516083907.77 3 1 3750.0 3580.54834446 4500.0 4500.0
1516083907.86 3 1 3750.0 3589.02092724 4500.0 4500.0
1516083907.97 3 1 3750.0 3597.06988088 4500.0 4500.0
1516083908.07 3 1 3750.0 3604.71638683 4500.0 4500.0
1516083908.18 3 1 3750.0 3611.98056749 4500.0 4500.0
1516083908.27 3 1 3750.0 3618.88153912 4500.0 4500.0
1516083908.37 3 1 3750.0 3625.43746216 4500.0 4500.0
1516083908.47 3 1 3750.0 3631.66558905 4500.0 4500.0
1516083908.57 3 1 3750.0 3637.5823096 4500.0 4500.0
1516083908.67 3 1 3750.0 3643.20319412 4500.0 4500.0
1516083908.79 3 1 3750.0 3648.54303442 4500.0 4500.0
1516083908.88 3 1 3750.0 3653.61588269 4500.0 4500.0
1516083908.99 3 1 3750.0 3658.43508856 4500.0 4500.0
1516083909.09 3 1 3750.0 3663.01333413 4500.0 4500.0
1516083909.19 3 1 3750.0 3667.36266743 4500.0 4500.0
1516083909.3 3 1 3750.0 3671.49453405 4500.0 4500.0
1516083909.39 3 1 3750.0 3675.41980735 4500.0 4500.0
1516083909.49 3 1 3750.0 3679.14881698 4500.0 4500.0
1516083909.59 3 1 3750.0 3682.69137613 4500.0 4500.0
1516083909.69 3 1 3750.0 3686.05680733 4500.0 4500.0
1516083909.8 3 1 3750.0 3689.25396696 4500.0 4500.0
1516083909.9 3 1 3750.0 3692.29126861 4500.0 4500.0
1516083910.01 3 1 3750.0 3695.17670518 4500.0 4500.0
1516083910.1 3 1 3750.0 3697.91786992 4500.0 4500.0
1516083910.2 3 1 3750.0 3700.52197643 4500.0 4500.0
1516083910.3 3 1 3750.0 3702.99587761 4500.0 4500.0
1516083910.41 3 1 3750.0 3705.34608373 4500.0 4500.0
1516083910.5 3 1 3750.0 3707.57877954 4500.0 4500.0
1516083910.61 3 1 3750.0 3709.69984056 4500.0 4500.0
1516083910.7 3 1 3750.0 3711.71484853 4500.0 4500.0
1516083910.81 3 1 3750.0 3713.62910611 4500.0 4500.0
1516083910.9 3 1 3750.0 3715.4476508 4500.0 4500.0
1516083911.0 3 1 3750.0 3717.17526826 4500.0 4500.0
1516083911.1 3 1 3750.0 3718.81650485 4500.0 4500.0
1516083911.2 3 1 3750.0 3720.37567961 4500.0 4500.0
1516083911.3 3 1 3750.0 3721.85689563 4500.0 4500.0
1516083911.4 3 1 3750.0 3723.26405084 4500.0 4500.0
1516083911.5 3 1 3750.0 3724.6008483 4500.0 4500.0
1516083911.61 3 1 3750.0 3725.87080589 4500.0 4500.0
1516083911.7 3 1 3750.0 3727.07726559 4500.0 4500.0
1516083911.8 3 1 3750.0 3728.22340231 4500.0 4500.0
1516083911.9 3 1 3750.0 3729.3122322 4500.0 4500.0
1516083912.0 3 1 3750.0 3730.34662059 4500.0 4500.0
1516083912.1 3 1 3750.0 3731.32928956 4500.0 4500.0
1516083912.2 3 1 3750.0 3732.26282508 4500.0 4500.0
1516083912.3 3 1 3750.0 3733.14968383 4500.0 4500.0
1516083912.4 3 1 3750.0 3733.99219964 4500.0 4500.0
1516083912.5 3 1 3750.0 3734.79258965 4500.0 4500.0
1516083912.6 3 1 3750.0 3735.55296017 4500.0 4500.0
1516083912.7 3 1 3750.0 3736.27531216 4500.0 4500.0
1516083912.8 3 1 3750.0 3736.96154655 4500.0 4500.0
1516083912.9 3 1 3750.0 3737.61346923 4500.0 4500.0
1516083913.01 3 1 3750.0 3738.23279577 4500.0 4500.0
1516083913.1 3 1 3750.0 3738.82115598 4500.0 4500.0
1516083913.2 3 1 3750.0 3739.38009818 4500.0 4500.0
1516083913.3 3 1 3750.0 3739.91109327 4500.0 4500.0
1516083913.41 3 1 3750.0 3740.41553861 4500.0 4500.0
1516083913.51 3 1 3750.0 3740.89476168 4500.0 4500.0
1516083913.6 3 1 3750.0 3741.35002359 4500.0 4500.0
1516083913.71 3 1 3750.0 3741.78252241 4500.0 4500.0
1516083913.82 3 1 3750.0 3742.19339629 4500.0 4500.0
1516083913.92 3 1 3750.0 3742.58372648 4500.0 4500.0
1516083914.02 3 1 3750.0 3742.95454015 4500.0 4500.0
1516083914.12 3 1 3750.0 3743.30681315 4500.0 4500.0
1516083914.23 3 1 3750.0 3743.64147249 4500.0 4500.0
1516083914.32 3 1 3750.0 3743.95939886 4500.0 4500.0
1516083914.43 3 1 3750.0 3744.26142892 4500.0 4500.0
1516083914.52 3 1 3750.0 3744.54835747 4500.0 4500.0
1516083914.62 3 1 3750.0 3744.8209396 4500.0 4500.0
1516083914.72 3 1 3750.0 3745.07989262 4500.0 4500.0
1516083914.82 3 1 3750.0 3745.32589799 4500.0 4500.0
1516083914.93 3 1 3750.0 3745.55960309 4500.0 4500.0
1516083915.01 3 1 3750.0 3745.78162294 4500.0 4500.0
1516083915.11 3 1 3750.0 3745.99254179 4500.0 4500.0
1516083915.22 3 1 3750.0 3746.1929147 4500.0 4500.0
1516083915.31 3 1 3750.0 3746.38326896 4500.0 4500.0
1516083915.41 3 1 3750.0 3746.56410552 4500.0 4500.0
1516083915.52 3 1 3750.0 3746.73590024 4500.0 4500.0
1516083915.62 3 1 3750.0 3746.89910523 4500.0 4500.0
1516083915.72 3 1 3750.0 3747.05414997 4500.0 4500.0
1516083915.82 3 1 3750.0 3747.20144247 4500.0 4500.0
1516083915.92 3 1 3750.0 3747.34137035 4500.0 4500.0
1516083916.02 3 1 3750.0 3747.47430183 4500.0 4500.0
1516083916.12 3 1 3750.0 3747.60058674 4500.0 4500.0
1516083916.22 3 1 3750.0 3747.7205574 4500.0 4500.0
1516083916.32 3 1 3750.0 3747.83452953 4500.0 4500.0
1516083916.42 3 1 3750.0 3747.94280305 4500.0 4500.0
1516083916.52 3 1 3750.0 3748.0456629 4500.0 4500.0
1516083916.62 3 1 3750.0 3748.14337976 4500.0 4500.0
1516083916.72 3 1 3750.0 3748.23621077 4500.0 4500.0
1516083916.82 3 1 3750.0 3748.32440023 4500.0 4500.0
1516083916.92 3 1 3750.0 3748.40818022 4500.0 4500.0
1516083917.02 3 1 3750.0 3748.48777121 4500.0 4500.0
1516083917.12 3 1 3750.0 3748.56338265 4500.0 4500.0
1516083917.22 3 1 3750.0 3748.63521351 4500.0 4500.0
1516083917.32 3 1 3750.0 3748.70345284 4500.0 4500.0
1516083917.43 3 1 3750.0 3748.7682802 4500.0 4500.0
1516083917.52 3 1 3750.0 3748.82986619 4500.0 4500.0
1516083917.63 3 1 3750.0 3748.88837288 4500.0 4500.0
1516083917.74 3 1 3750.0 3748.94395423 4500.0 4500.0
1516083917.82 3 1 3750.0 3748.99675652 4500.0 4500.0
1516083917.93 3 1 3750.0 3749.0469187 4500.0 4500.0
1516083918.04 3 1 3750.0 3749.09457276 4500.0 4500.0
1516083918.14 3 1 3750.0 3749.13984412 4500.0 4500.0
1516083918.23 3 1 3750.0 3749.18285192 4500.0 4500.0
1516083918.33 3 1 3750.0 3749.22370932 4500.0 4500.0
1516083918.43 3 1 3750.0 3749.26252385 4500.0 4500.0
1516083918.53 3 1 3750.0 3749.29939766 4500.0 4500.0
1516083918.64 3 1 3750.0 3749.33442778 4500.0 4500.0
1516083918.74 3 1 3750.0 3749.36770639 4500.0 4500.0
1516083918.83 3 1 3750.0 3749.39932107 4500.0 4500.0
1516083918.93 3 1 3750.0 3749.42935502 4500.0 4500.0
1516083919.03 3 1 3750.0 3749.45788727 4500.0 4500.0
1516083919.13 3 1 3750.0 3749.4849929 4500.0 4500.0
1516083919.23 3 1 3750.0 3749.51074326 4500.0 4500.0
1516083919.33 3 1 3750.0 3749.53520609 4500.0 4500.0
1516083919.42 3 1 3750.0 3749.55844579 4500.0 4500.0
1516083919.53 3 1 3750.0 3749.5805235 4500.0 4500.0
1516083919.63 3 1 3750.0 3749.60149733 4500.0 4500.0
1516083919.73 3 1 3750.0 3749.62142246 4500.0 4500.0
1516083919.83 3 1 3750.0 3749.64035134 4500.0 4500.0
1516083919.93 3 1 3750.0 3749.65833377 4500.0 4500.0
1516083920.03 3 1 3750.0 3749.67541708 4500.0 4500.0
1516083920.13 3 1 3750.0 3749.69164623 4500.0 4500.0
1516083920.23 3 1 3750.0 3749.70706392 4500.0 4500.0
1516083920.33 3 1 3750.0 3749.72171072 4500.0 4500.0
1516083920.43 3 1 3750.0 3749.73562518 4500.0 4500.0
1516083920.53 3 1 3750.0 3749.74884392 4500.0 4500.0
1516083920.63 3 1 3750.0 3749.76140173 4500.0 4500.0
1516083920.73 3 1 3750.0 3749.77333164 4500.0 4500.0
1516083920.83 3 1 3750.0 3749.78466506 4500.0 4500.0
1516083920.93 3 1 3750.0 3749.79543181 4500.0 4500.0
1516083921.03 3 1 3750.0 3749.80566022 4500.0 4500.0
1516083921.13 3 1 3750.0 3749.81537721 4500.0 4500.0
1516083921.23 3 1 3750.0 3749.82460835 4500.0 4500.0
1516083921.34 3 1 3750.0 3749.83337793 4500.0 4500.0
1516083921.44 3 1 3750.0 3749.84170903 4500.0 4500.0
1516083921.54 3 1 3750.0 3749.84962358 4500.0 4500.0
1516083921.64 3 1 3750.0 3749.8571424 4500.0 4500.0
1516083921.74 3 1 3750.0 3749.86428528 4500.0 4500.0
1516083921.83 3 1 3750.0 3749.87107102 4500.0 4500.0
1516083921.93 3 1 3750.0 3749.87751747 4500.0 4500.0
1516083922.04 3 1 3750.0 3749.88364159 4500.0 4500.0
1516083922.14 3 1 3750.0 3749.88945951 4500.0 4500.0
1516083922.24 3 1 3750.0 3749.89498654 4500.0 4500.0
1516083922.35 3 1 3750.0 3749.90023721 4500.0 4500.0
1516083922.43 3 1 3750.0 3749.90522535 4500.0 4500.0
1516083922.53 3 1 3750.0 3749.90996408 4500.0 4500.0
1516083922.64 3 1 3750.0 3749.91446588 4500.0 4500.0
1516083922.74 3 1 3750.0 3749.91874258 4500.0 4500.0
1516083922.84 3 1 3750.0 3749.92280546 4500.0 4500.0
1516083922.93 3 1 3750.0 3749.92666518 4500.0 4500.0
1516083923.03 3 1 3750.0 3749.93033192 4500.0 4500.0
1516083923.14 3 1 3750.0 3749.93381533 4500.0 4500.0
1516083923.24 3 1 3750.0 3749.93712456 4500.0 4500.0
1516083923.34 3 1 3750.0 3749.94026833 4500.0 4500.0
1516083923.43 3 1 3750.0 3749.94325492 4500.0 4500.0
1516083923.54 3 1 3750.0 3749.94609217 4500.0 4500.0
1516083923.64 3 1 3750.0 3749.94878756 4500.0 4500.0
1516083923.73 3 1 3750.0 3749.95134818 4500.0 4500.0
1516083923.84 3 1 3750.0 3749.95378077 4500.0 4500.0
1516083923.93 3 1 3750.0 3749.95609174 4500.0 4500.0
1516083924.04 3 1 3750.0 3749.95828715 4500.0 4500.0
1516083924.14 3 1 3750.0 3749.96037279 4500.0 4500.0
1516083924.23 3 1 3750.0 3749.96235415 4500.0 4500.0
1516083924.34 3 1 3750.0 3749.96423644 4500.0 4500.0
1516083924.44 3 1 3750.0 3749.96602462 4500.0 4500.0
1516083924.53 3 1 3750.0 3749.96772339 4500.0 4500.0
1516083924.64 3 1 3750.0 3749.96933722 4500.0 4500.0
1516083924.73 3 1 3750.0 3749.97087036 4500.0 4500.0
1516083924.84 3 1 3750.0 3749.97232684 4500.0 4500.0
1516083924.94 3 1 3750.0 3749.9737105 4500.0 4500.0
1516083925.04 3 1 3750.0 3749.97502498 4500.0 4500.0
1516083925.15 3 1 3750.0 3749.97627373 4500.0 4500.0
1516083925.24 3 1 3750.0 3749.97746004 4500.0 4500.0
1516083925.35 3 1 3750.0 3749.97858704 4500.0 4500.0
1516083925.46 3 1 3750.0 3749.97965769 4500.0 4500.0
1516083925.55 3 1 3750.0 3749.9806748 4500.0 4500.0
1516083925.65 3 1 3750.0 3749.98164106 4500.0 4500.0
1516083925.76 3 1 3750.0 3749.98255901 4500.0 4500.0
1516083925.85 3 1 3750.0 3749.98343106 4500.0 4500.0
1516083925.95 3 1 3750.0 3749.98425951 4500.0 4500.0
1516083926.05 3 1 3750.0 3749.98504653 4500.0 4500.0
1516083926.16 3 1 3750.0 3749.9857942 4500.0 4500.0
1516083926.25 3 1 3750.0 3749.98650449 4500.0 4500.0
1516083926.35 3 1 3750.0 3749.98717927 4500.0 4500.0
1516083926.45 3 1 3750.0 3749.98782031 4500.0 4500.0
1516083926.55 3 1 3750.0 3749.98842929 4500.0 4500.0
1516083926.65 3 1 3750.0 3749.98900783 4500.0 4500.0
1516083926.74 3 1 3750.0 3749.98955743 4500.0 4500.0
1516083926.85 3 1 3750.0 3749.99007956 4500.0 4500.0
1516083926.94 3 1 3750.0 3749.99057558 4500.0 4500.0
1516083927.05 3 1 3750.0 3749.99104681 4500.0 4500.0
1516083927.15 3 1 3750.0 3749.99149446 4500.0 4500.0
1516083927.25 3 1 3750.0 3749.99191974 4500.0 4500.0
1516083927.35 3 1 3750.0 3749.99232375 4500.0 4500.0
1516083927.44 3 1 3750.0 3749.99270757 4500.0 4500.0
1516083927.55 3 1 3750.0 3749.99307219 4500.0 4500.0
1516083927.65 3 1 3750.0 3749.99341858 4500.0 4500.0
1516083927.74 3 1 3750.0 3749.99374765 4500.0 4500.0
1516083927.85 3 1 3750.0 3749.99406027 4500.0 4500.0
1516083927.95 3 1 3750.0 3749.99435725 4500.0 4500.0
1516083928.05 3 1 3750.0 3749.99463939 4500.0 4500.0
1516083928.15 3 1 3750.0 3749.99490742 4500.0 4500.0
1516083928.25 3 1 3750.0 3749.99516205 4500.0 4500.0
1516083928.35 3 1 3750.0 3749.99540395 4500.0 4500.0
1516083928.45 3 1 3750.0 3749.99563375 4500.0 4500.0
1516083928.55 3 1 3750.0 3749.99585206 4500.0 4500.0
1516083928.65 3 1 3750.0 3749.99605946 4500.0 4500.0
1516083928.76 3 1 3750.0 3749.99625649 4500.0 4500.0
1516083928.85 3 1 3750.0 3749.99644366 4500.0 4500.0
1516083928.95 3 1 3750.0 3749.99662148 4500.0 4500.0
1516083929.06 3 1 3750.0 3749.99679041 4500.0 4500.0
1516083929.16 3 1 3750.0 3749.99695089 4500.0 4500.0
1516083929.25 3 1 3750.0 3749.99710334 4500.0 4500.0
1516083929.35 3 1 3750.0 3749.99724817 4500.0 4500.0
1516083929.45 3 1 3750.0 3749.99738577 4500.0 4500.0
1516083929.56 3 1 3750.0 3749.99751648 4500.0 4500.0
1516083929.67 3 1 3750.0 3749.99764065 4500.0 4500.0
1516083929.76 3 1 3750.0 3749.99775862 4500.0 4500.0
1516083929.86 3 1 3750.0 3749.99787069 4500.0 4500.0
1516083929.97 3 1 3750.0 3749.99797716 4500.0 4500.0
1516083930.06 3 1 3750.0 3749.9980783 4500.0 4500.0
1516083930.18 3 1 3750.0 3749.99817438 4500.0 4500.0
1516083930.26 3 1 3750.0 3749.99826566 4500.0 4500.0
1516083930.35 3 1 3750.0 3749.99835238 4500.0 4500.0
1516083930.46 3 1 3750.0 3749.99843476 4500.0 4500.0
1516083930.56 3 1 3750.0 3749.99851302 4500.0 4500.0
1516083930.66 3 1 3750.0 3749.99858737 4500.0 4500.0
1516083930.75 3 1 3750.0 3749.998658 4500.0 4500.0
1516083930.88 3 1 3750.0 3749.9987251 4500.0 4500.0
1516083930.96 3 1 3750.0 3749.99878885 4500.0 4500.0
1516083931.05 3 1 3750.0 3749.99884941 4500.0 4500.0
1516083931.16 3 1 3750.0 3749.99890694 4500.0 4500.0
1516083931.26 3 1 3750.0 3749.99896159 4500.0 4500.0
1516083931.36 3 1 3750.0 3749.99901351 4500.0 4500.0
1516083931.46 3 1 3750.0 3749.99906283 4500.0 4500.0
1516083931.56 3 1 3750.0 3749.99910969 4500.0 4500.0
1516083931.66 3 1 3750.0 3749.99915421 4500.0 4500.0
1516083931.76 3 1 3750.0 3749.9991965 4500.0 4500.0
1516083931.85 3 1 3750.0 3749.99923667 4500.0 4500.0
1516083931.96 3 1 3750.0 3749.99927484 4500.0 4500.0
1516083932.06 3 1 3750.0 3749.9993111 4500.0 4500.0
1516083932.16 3 1 3750.0 3749.99934554 4500.0 4500.0
1516083932.26 3 1 3750.0 3749.99937826 4500.0 4500.0
1516083932.36 3 1 3750.0 3749.99940935 4500.0 4500.0
1516083932.46 3 1 3750.0 3749.99943888 4500.0 4500.0
1516083932.56 3 1 3750.0 3749.99946694 4500.0 4500.0
1516083932.66 3 1 3750.0 3749.99949359 4500.0 4500.0
1516083932.76 3 1 3750.0 3749.99951891 4500.0 4500.0
1516083932.86 3 1 3750.0 3749.99954297 4500.0 4500.0
1516083932.96 3 1 3750.0 3749.99956582 4500.0 4500.0
1516083933.07 3 1 3750.0 3749.99958753 4500.0 4500.0
1516083933.16 3 1 3750.0 3749.99960815 4500.0 4500.0
1516083933.27 3 1 3750.0 3749.99962774 4500.0 4500.0
1516083933.37 3 1 3750.0 3749.99964636 4500.0 4500.0
1516083933.47 3 1 3750.0 3749.99966404 4500.0 4500.0
1516083933.57 3 1 3750.0 3749.99968084 4500.0 4500.0
1516083933.68 3 1 3750.0 3749.9996968 4500.0 4500.0
1516083933.78 3 1 3750.0 3749.99971196 4500.0 4500.0
1516083933.88 3 1 3750.0 3749.99972636 4500.0 4500.0
1516083933.99 3 1 3750.0 3749.99974004 4500.0 4500.0
1516083934.08 3 1 3750.0 3749.99975304 4500.0 4500.0
1516083934.18 3 1 3750.0 3749.99976539 4500.0 4500.0
1516083934.29 3 1 3750.0 3749.99977712 4500.0 4500.0
1516083934.38 3 1 3750.0 3749.99978826 4500.0 4500.0
1516083934.48 3 1 3750.0 3749.99979885 4500.0 4500.0
1516083934.59 3 1 3750.0 3749.99980891 4500.0 4500.0
1516083934.68 3 1 3750.0 3749.99981846 4500.0 4500.0
1516083934.79 3 1 3750.0 3749.99982754 4500.0 4500.0
1516083934.89 3 1 3750.0 3749.99983616 4500.0 4500.0
1516083934.98 3 1 3750.0 3749.99984435 4500.0 4500.0
1516083935.09 3 1 3750.0 3749.99985213 4500.0 4500.0
1516083935.19 3 1 3750.0 3749.99985953 4500.0 4500.0
1516083935.29 3 1 3750.0 3749.99986655 4500.0 4500.0
1516083935.38 3 1 3750.0 3749.99987322 4500.0 4500.0
1516083935.49 3 1 3750.0 3749.99987956 4500.0 4500.0
1516083935.58 3 1 3750.0 3749.99988558 4500.0 4500.0
1516083935.68 3 1 3750.0 3749.99989131 4500.0 4500.0
1516083935.78 3 1 3750.0 3749.99989674 4500.0 4500.0
1516083935.88 3 1 3750.0 3749.9999019 4500.0 4500.0
1516083935.98 3 1 3750.0 3749.99990681 4500.0 4500.0
1516083936.09 3 1 3750.0 3749.99991147 4500.0 4500.0
1516083936.17 3 1 3750.0 3749.99991589 4500.0 4500.0
1516083936.29 3 1 3750.0 3749.9999201 4500.0 4500.0
1516083936.38 3 1 3750.0 3749.99992409 4500.0 4500.0
1516083936.49 3 1 3750.0 3749.99992789 4500.0 4500.0
1516083936.58 3 1 3750.0 3749.9999315 4500.0 4500.0
1516083936.68 3 1 3750.0 3749.99993492 4500.0 4500.0
1516083936.78 3 1 3750.0 3749.99993817 4500.0 4500.0
1516083936.88 3 1 3750.0 3749.99994127 4500.0 4500.0
1516083936.98 3 1 3750.0 3749.9999442 4500.0 4500.0
1516083937.09 3 1 3750.0 3749.99994699 4500.0 4500.0
1516083937.18 3 1 3750.0 3749.99994964 4500.0 4500.0
1516083937.29 3 1 3750.0 3749.99995216 4500.0 4500.0
1516083937.39 3 1 3750.0 3749.99995455 4500.0 4500.0
1516083937.49 3 1 3750.0 3749.99995682 4500.0 4500.0
1516083937.6 3 1 3750.0 3749.99995898 4500.0 4500.0
1516083937.68 3 1 3750.0 3749.99996103 4500.0 4500.0
1516083937.8 3 1 3750.0 3749.99996298 4500.0 4500.0
1516083937.89 3 1 3750.0 3749.99996483 4500.0 4500.0
1516083938.0 3 1 3750.0 3749.99996659 4500.0 4500.0
1516083938.1 3 1 3750.0 3749.99996826 4500.0 4500.0
1516083938.2 3 1 3750.0 3749.99996985 4500.0 4500.0
1516083938.3 3 1 3750.0 3749.99997136 4500.0 4500.0
1516083938.4 3 1 3750.0 3749.99997279 4500.0 4500.0
1516083938.52 3 1 3750.0 3749.99997415 4500.0 4500.0
1516083938.61 3 1 3750.0 3749.99997544 4500.0 4500.0
1516083938.71 3 1 3750.0 3749.99997667 4500.0 4500.0
1516083938.81 3 1 3750.0 3749.99997784 4500.0 4500.0
1516083938.91 3 1 3750.0 3749.99997894 4500.0 4500.0
1516083939.0 3 1 3750.0 3749.99998 4500.0 4500.0
1516083939.1 3 1 3750.0 3749.999981 4500.0 4500.0
1516083939.21 3 1 3750.0 3749.99998195 4500.0 4500.0
1516083939.31 3 1 3750.0 3749.99998285 4500.0 4500.0
1516083939.4 3 1 3750.0 3749.99998371 4500.0 4500.0
1516083939.5 3 1 3750.0 3749.99998452 4500.0 4500.0
1516083939.61 3 1 3750.0 3749.9999853 4500.0 4500.0
1516083939.7 3 1 3750.0 3749.99998603 4500.0 4500.0
1516083939.81 3 1 3750.0 3749.99998673 4500.0 4500.0
1516083939.9 3 1 3750.0 3749.99998739 4500.0 4500.0
1516083940.01 3 1 3750.0 3749.99998802 4500.0 4500.0
1516083940.1 3 1 3750.0 3749.99998862 4500.0 4500.0
1516083940.2 3 1 3750.0 3749.99998919 4500.0 4500.0
1516083940.3 3 1 3750.0 3749.99998973 4500.0 4500.0
1516083940.41 3 1 3750.0 3749.99999025 4500.0 4500.0
1516083940.5 3 1 3750.0 3749.99999073 4500.0 4500.0
1516083940.61 3 1 3750.0 3749.9999912 4500.0 4500.0
1516083940.7 3 1 3750.0 3749.99999164 4500.0 4500.0
1516083940.79 3 1 3750.0 3749.99999205 4500.0 4500.0
1516083940.89 3 1 3750.0 3749.99999245 4500.0 4500.0
1516083940.99 3 1 3750.0 3749.99999283 4500.0 4500.0
1516083941.09 3 1 3750.0 3749.99999319 4500.0 4500.0
1516083941.19 3 1 3750.0 3749.99999353 4500.0 4500.0
1516083941.3 3 1 3750.0 3749.99999385 4500.0 4500.0
1516083941.4 3 1 3750.0 3749.99999416 4500.0 4500.0
1516083941.5 3 1 3750.0 3749.99999445 4500.0 4500.0
1516083941.6 3 1 3750.0 3749.99999473 4500.0 4500.0
1516083941.7 3 1 3750.0 3749.99999499 4500.0 4500.0
1516083941.81 3 1 3750.0 3749.99999524 4500.0 4500.0
1516083941.9 3 1 3750.0 3749.99999548 4500.0 4500.0
1516083942.0 3 1 3750.0 3749.99999571 4500.0 4500.0
1516083942.1 3 1 3750.0 3749.99999592 4500.0 4500.0
1516083942.2 3 1 3750.0 3749.99999613 4500.0 4500.0
1516083942.3 3 1 3750.0 3749.99999632 4500.0 4500.0
1516083942.4 3 1 3750.0 3749.9999965 4500.0 4500.0
1516083942.5 3 1 3750.0 3749.99999668 4500.0 4500.0
1516083942.6 3 1 3750.0 3749.99999684 4500.0 4500.0
1516083942.7 2 1 3333.33333333 3729.16666367 4500.0 4500.0
1516083942.81 2 1 3333.33333333 3709.37499715 4500.0 4500.0
1516083942.9 2 1 3333.33333333 3690.57291396 4500.0 4500.0
1516083943.0 2 1 3333.33333333 3672.71093493 4500.0 4500.0
1516083943.1 2 1 3333.33333333 3655.74205485 4500.0 4500.0
1516083943.21 2 1 3333.33333333 3639.62161877 4500.0 4500.0
1516083943.3 2 1 3333.33333333 3624.3072045 4500.0 4500.0
1516083943.4 2 1 3333.33333333 3609.75851094 4500.0 4500.0
1516083943.5 2 1 3333.33333333 3595.93725206 4500.0 4500.0
1516083943.6 2 1 3333.33333333 3582.80705613 4500.0 4500.0
1516083943.7 2 1 3333.33333333 3570.33336999 4500.0 4500.0
1516083943.8 1 1 2500.0 3516.81670149 4500.0 4500.0
1516083943.9 1 1 2500.0 3465.97586641 4500.0 4500.0
1516083944.0 1 1 2500.0 3417.67707309 4500.0 4500.0
1516083944.1 1 1 2500.0 3371.79321944 4500.0 4500.0
1516083944.2 1 1 2500.0 3328.20355847 4500.0 4500.0
1516083944.3 1 1 2500.0 3286.79338054 4500.0 4500.0
1516083944.4 1 1 2500.0 3247.45371152 4500.0 4500.0
1516083944.49 1 1 2500.0 3210.08102594 4500.0 4500.0
1516083944.6 1 1 2500.0 3174.57697464 4500.0 4500.0
1516083944.7 1 1 2500.0 3140.84812591 4500.0 4500.0
1516083944.8 1 1 2500.0 3108.80571962 4500.0 4500.0
1516083944.9 1 1 2500.0 3078.36543363 4500.0 4500.0
1516083945.0 1 1 2500.0 3049.44716195 4500.0 4500.0
1516083945.1 1 1 2500.0 3021.97480385 4500.0 4500.0
1516083945.19 1 1 2500.0 2995.87606366 4500.0 4500.0
1516083945.3 1 1 2500.0 2971.08226048 4500.0 4500.0
1516083945.4 1 1 2500.0 2947.52814746 4500.0 4500.0
15160