1512181249.5 0 0
1512181249.59 0 0
1512181249.69 0 0
1512181249.79 0 0
1512181249.91 0 0
1512181249.99 0 0
1512181250.08 0 0
1512181250.18 0 0
1512181250.28 0 0
1512181250.38 0 0
1512181250.49 0 0
1512181250.59 0 0
1512181250.69 0 0
1512181250.79 0 0
1512181250.89 0 0
1512181250.99 0 0
1512181251.09 0 0
1512181251.19 0 0
1512181251.29 0 0
1512181251.4 0 0
1512181251.49 0 0
1512181251.59 0 0
1512181251.69 0 0
1512181251.79 0 0
1512181251.89 0 0
1512181251.99 0 0
1512181252.09 0 0
1512181252.19 0 0
1512181252.29 0 0
1512181252.39 0 0
1512181252.51 0 0
1512181252.59 0 0
1512181252.7 0 0
1512181252.79 0 0
1512181252.9 0 0
1512181252.99 0 0
1512181253.11 0 0
1512181253.19 0 0
1512181253.29 0 0
1512181253.4 0 0
1512181253.49 0 0
1512181253.6 0 0
1512181253.7 0 0
1512181253.8 0 0
1512181253.9 0 0
1512181254.0 0 0
1512181254.1 0 0
1512181254.23 0 0
1512181254.32 0 0
1512181254.42 0 0
1512181254.52 0 0
1512181254.62 0 0
1512181254.73 0 0
1512181254.82 0 0
1512181254.92 0 0
1512181255.03 0 0
1512181255.13 0 0
1512181255.23 0 0
1512181255.33 0 0
1512181255.44 0 0
1512181255.55 0 0
1512181255.65 0 0
1512181255.75 0 0
1512181255.85 0 0
1512181255.95 0 0
1512181256.05 0 0
1512181256.15 0 0
1512181256.25 0 0
1512181256.35 0 0
1512181256.45 0 0
1512181256.55 0 0
1512181256.65 0 0
1512181256.75 0 0
1512181256.85 0 0
1512181256.95 0 0
1512181257.05 0 0
1512181257.15 0 0
1512181257.25 0 0
1512181257.35 0 0
1512181257.45 0 0
1512181257.55 0 0
1512181257.65 0 0
1512181257.75 0 0
1512181257.85 0 0
1512181257.95 0 0
1512181258.05 0 0
1512181258.15 0 0
1512181258.25 0 0
1512181258.35 0 0
1512181258.45 0 0
1512181258.55 0 0
1512181258.67 0 0
1512181258.79 0 0
1512181258.89 0 0
1512181258.99 0 0
1512181259.1 0 0
1512181259.2 0 0
1512181259.3 0 0
1512181259.4 0 0
1512181259.5 0 0
1512181259.59 0 0
1512181259.71 0 0
1512181259.83 0 0
1512181259.93 0 0
1512181260.05 0 0
1512181260.15 0 0
1512181260.25 0 0
1512181260.35 0 0
1512181260.45 0 0
1512181260.56 0 0
1512181260.66 0 0
1512181260.76 0 0
1512181260.86 0 0
1512181260.96 0 0
1512181261.06 0 0
1512181261.16 0 0
1512181261.26 0 0
1512181261.36 0 0
1512181261.46 0 0
1512181261.56 0 0
1512181261.67 0 0
1512181261.77 0 0
1512181261.88 0 0
1512181261.97 0 0
1512181262.07 0 0
1512181262.18 0 0
1512181262.27 0 0
1512181262.38 0 0
1512181262.48 0 0
1512181262.58 0 0
1512181262.68 0 0
1512181262.78 0 0
1512181262.89 0 0
1512181263.01 0 0
1512181263.11 0 0
1512181263.22 0 0
1512181263.31 0 0
1512181263.41 0 0
1512181263.51 0 0
1512181263.63 0 0
1512181263.76 0 0
1512181263.86 0 0
1512181263.96 0 0
1512181264.06 0 0
1512181264.16 0 0
1512181264.26 0 0
1512181264.36 0 0
1512181264.46 0 0
1512181264.56 0 0
1512181264.67 0 0
1512181264.76 0 0
1512181264.86 0 0
1512181264.96 0 0
1512181265.06 0 0
1512181265.16 0 0
1512181265.27 0 0
1512181265.36 0 0
1512181265.46 0 0
1512181265.57 0 0
1512181265.67 0 0
1512181265.77 0 0
1512181265.87 0 0
1512181265.97 0 0
1512181266.07 0 0
1512181266.17 0 0
1512181266.27 0 0
1512181266.37 0 0
1512181266.47 0 0
1512181266.57 0 0
1512181266.67 0 0
1512181266.8 0 0
1512181266.89 0 0
1512181266.99 0 0
1512181267.09 0 0
1512181267.19 0 0
1512181267.31 0 0
1512181267.42 0 0
1512181267.52 0 0
1512181267.63 0 0
1512181267.73 0 0
1512181267.83 0 0
1512181267.94 0 0
1512181268.05 0 0
1512181268.17 0 0
1512181268.26 0 0
1512181268.36 0 0
1512181268.46 0 0
1512181268.56 0 0
1512181268.67 0 0
1512181268.76 0 0
1512181268.86 0 0
1512181268.98 0 0
1512181269.1 0 0
1512181269.21 0 0
1512181269.31 0 0
1512181269.41 0 0
1512181269.51 0 0
1512181269.61 0 0
1512181269.72 0 0
1512181269.84 0 0
1512181269.95 0 0
1512181270.06 0 0
1512181270.15 0 0
1512181270.25 0 0
1512181270.37 0 0
1512181270.46 0 0
1512181270.56 0 0
1512181270.67 0 0
1512181270.79 0 0
1512181270.89 0 0
1512181270.99 0 0
1512181271.09 0 0
1512181271.19 0 0
1512181271.29 0 0
1512181271.4 0 0
1512181271.5 0 0
1512181271.59 0 0
1512181271.69 0 0
1512181271.8 0 0
1512181271.9 0 0
1512181272.0 0 0
1512181272.1 0 0
1512181272.2 0 0
1512181272.3 0 0
1512181272.42 0 0
1512181272.54 0 0
1512181272.63 0 0
1512181272.74 0 0
1512181272.84 0 0
1512181272.93 0 0
1512181273.04 0 0
1512181273.14 0 0
1512181273.24 0 0
1512181273.34 0 0
1512181273.44 0 0
1512181273.54 0 0
1512181273.64 0 0
1512181273.74 0 0
1512181273.84 0 0
1512181273.94 0 0
1512181274.04 0 0
1512181274.14 0 0
1512181274.24 0 0
1512181274.34 0 0
1512181274.44 0 0
1512181274.54 0 0
1512181274.64 0 0
1512181274.74 0 0
1512181274.84 0 0
1512181274.94 0 0
1512181275.04 0 0
1512181275.15 0 0
1512181275.26 0 0
1512181275.36 0 0
1512181275.49 0 0
1512181275.62 0 0
1512181275.73 0 0
1512181275.84 0 0
1512181275.93 0 0
1512181276.03 0 0
1512181276.16 0 0
1512181276.28 0 0
1512181276.42 0 0
1512181276.5 0 0
1512181276.61 0 0
1512181276.71 0 0
1512181276.81 0 0
1512181276.91 0 0
1512181277.02 0 0
1512181277.14 0 0
1512181277.24 0 0
1512181277.34 0 0
1512181277.44 0 0
1512181277.54 0 0
1512181277.64 0 0
1512181277.74 0 0
1512181277.84 0 0
1512181277.94 0 0
1512181278.04 0 0
1512181278.15 0 0
1512181278.27 0 0
1512181278.37 0 0
1512181278.47 0 0
1512181278.57 0 0
1512181278.68 0 0
1512181278.79 0 0
1512181278.91 0 0
1512181279.01 0 0
1512181279.13 0 0
1512181279.22 0 0
1512181279.32 0 0
1512181279.42 0 0
1512181279.53 0 0
1512181279.63 0 0
1512181279.73 0 0
1512181279.83 0 0
1512181279.93 0 0
1512181280.02 0 0
1512181280.13 0 0
1512181280.23 0 0
1512181280.34 0 0
1512181280.45 0 0
1512181280.55 0 0
1512181280.65 0 0
1512181280.75 0 0
1512181280.85 0 0
1512181280.95 0 0
1512181281.05 0 0
1512181281.15 0 0
1512181281.25 0 0
1512181281.35 0 0
1512181281.45 0 0
1512181281.55 0 0
1512181281.65 0 0
1512181281.77 0 0
1512181281.89 0 0
1512181282.01 0 0
1512181282.11 0 0
1512181282.23 0 0
1512181282.35 0 0
1512181282.45 0 0
1512181282.55 0 0
1512181282.65 0 0
1512181282.75 0 0
1512181282.85 0 0
1512181282.95 0 0
1512181283.05 0 0
1512181283.17 0 0
1512181283.27 0 0
1512181283.37 0 0
1512181283.47 0 0
1512181283.58 0 0
1512181283.66 0 0
1512181283.76 0 0
1512181283.86 0 0
1512181283.98 0 0
1512181284.1 0 0
1512181284.2 0 0
1512181284.31 0 0
1512181284.41 0 0
1512181284.51 0 0
1512181284.6 0 0
1512181284.71 0 0
1512181284.8 0 0
1512181284.91 0 0
1512181285.0 0 0
1512181285.11 0 0
1512181285.21 0 0
1512181285.31 0 0
1512181285.4 0 0
1512181285.5 0 0
1512181285.6 0 0
1512181285.7 0 0
1512181285.8 0 0
1512181285.9 0 0
1512181286.0 0 0
1512181286.11 0 0
1512181286.21 0 0
1512181286.31 0 0
1512181286.41 0 0
1512181286.51 0 0
1512181286.6 0 0
1512181286.72 0 0
1512181286.86 0 0
1512181286.99 0 0
1512181287.09 0 0
1512181287.19 0 0
1512181287.29 0 0
1512181287.39 0 0
1512181287.49 0 0
1512181287.59 0 0
1512181287.71 0 0
1512181287.84 0 0
1512181287.97 0 0
1512181288.06 0 0
1512181288.16 0 0
1512181288.26 0 0
1512181288.36 0 0
1512181288.46 0 0
1512181288.59 0 0
1512181288.69 0 0
1512181288.79 0 0
1512181288.89 0 0
1512181288.99 0 0
1512181289.09 0 0
1512181289.2 0 0
1512181289.3 0 0
1512181289.39 0 0
1512181289.49 0 0
1512181289.59 0 0
1512181289.7 0 0
1512181289.82 0 0
1512181289.93 0 0
1512181290.03 0 0
1512181290.13 0 0
1512181290.23 0 0
1512181290.33 0 0
1512181290.43 0 0
1512181290.53 0 0
1512181290.63 0 0
1512181290.73 0 0
1512181290.83 0 0
1512181290.94 0 0
1512181291.03 0 0
1512181291.13 0 0
1512181291.23 0 0
1512181291.34 0 0
1512181291.43 0 0
1512181291.53 0 0
1512181291.64 0 0
1512181291.74 0 0
1512181291.84 0 0
1512181291.94 0 0
1512181292.04 0 0
1512181292.14 0 0
1512181292.25 0 0
1512181292.37 0 0
1512181292.47 0 0
1512181292.59 0 0
1512181292.7 0 0
1512181292.8 0 0
1512181292.9 0 0
1512181293.0 0 0
1512181293.1 0 0
1512181293.2 0 0
1512181293.3 0 0
1512181293.4 0 0
1512181293.5 0 0
1512181293.6 0 0
1512181293.73 0 0
1512181293.85 0 0
1512181293.97 0 0
1512181294.07 0 0
1512181294.17 0 0
1512181294.27 0 0
1512181294.37 0 0
1512181294.47 0 0
1512181294.57 0 0
1512181294.67 0 0
1512181294.77 0 0
1512181294.87 0 0
1512181294.97 0 0
1512181295.07 0 0
1512181295.17 0 0
1512181295.27 0 0
1512181295.37 0 0
1512181295.48 0 0
1512181295.6 0 0
1512181295.7 0 0
1512181295.8 0 0
1512181295.9 0 0
1512181296.0 0 0
1512181296.1 0 0
1512181296.2 0 0
1512181296.31 0 0
1512181296.41 0 0
1512181296.51 0 0
1512181296.61 0 0
1512181296.71 0 0
1512181296.81 0 0
1512181296.91 0 0
1512181297.01 0 0
1512181297.13 0 0
1512181297.26 0 0
1512181297.36 0 0
1512181297.46 0 0
1512181297.56 0 0
1512181297.66 0 0
1512181297.76 0 0
1512181297.86 0 0
1512181297.96 0 0
1512181298.07 0 0
1512181298.19 0 0
1512181298.3 0 0
1512181298.44 0 0
1512181298.54 0 0
1512181298.64 0 0
1512181298.74 0 0
1512181298.84 0 0
1512181298.94 0 0
1512181299.04 0 0
1512181299.14 0 0
1512181299.24 0 0
1512181299.34 0 0
1512181299.44 0 0
1512181299.54 0 0
1512181299.64 0 0
1512181299.74 0 0
1512181299.84 0 0
1512181299.94 0 0
1512181300.05 0 0
1512181300.19 0 0
1512181300.29 0 0
1512181300.39 0 0
1512181300.49 0 0
1512181300.59 0 0
1512181300.69 0 0
1512181300.79 0 0
1512181300.91 0 0
1512181301.03 0 0
1512181301.13 0 0
1512181301.24 0 0
1512181301.33 0 0
1512181301.43 0 0
1512181301.53 0 0
1512181301.63 0 0
1512181301.73 0 0
1512181301.85 0 0
1512181301.98 0 0
1512181302.1 0 0
1512181302.2 0 0
1512181302.3 0 0
1512181302.4 0 0
1512181302.5 0 0
1512181302.61 0 0
1512181302.71 0 0
1512181302.81 0 0
1512181302.91 0 0
1512181303.0 0 0
1512181303.11 0 0
1512181303.21 0 0
1512181303.31 0 0
1512181303.41 0 0
1512181303.51 0 0
1512181303.61 0 0
1512181303.71 0 0
1512181303.81 0 0
1512181303.91 0 0
1512181304.01 0 0
1512181304.11 0 0
1512181304.21 0 0
1512181304.33 0 0
1512181304.43 0 0
1512181304.53 0 0
1512181304.63 0 0
1512181304.73 0 0
1512181304.83 0 0
1512181304.93 0 0
1512181305.03 0 0
1512181305.14 0 0
1512181305.23 0 0
1512181305.33 0 0
1512181305.44 0 0
1512181305.54 0 0
1512181305.66 0 0
1512181305.79 0 0
1512181305.89 0 0
1512181305.99 0 0
1512181306.09 0 0
1512181306.19 0 0
1512181306.29 0 0
1512181306.39 0 0
1512181306.5 0 0
1512181306.59 0 0
1512181306.69 0 0
1512181306.79 0 0
1512181306.9 0 0
1512181306.99 0 0
1512181307.1 0 0
1512181307.2 0 0
1512181307.3 0 0
1512181307.42 0 0
1512181307.53 0 0
1512181307.63 0 0
1512181307.74 0 0
1512181307.86 0 0
1512181307.96 0 0
1512181308.06 0 0
1512181308.16 0 0
1512181308.26 0 0
1512181308.36 0 0
1512181308.46 0 0
1512181308.56 0 0
1512181308.66 0 0
1512181308.76 0 0
1512181308.86 0 0
1512181308.96 0 0
1512181309.06 0 0
1512181309.16 0 0
1512181309.27 0 0
1512181309.41 0 0
1512181309.51 0 0
1512181309.61 0 0
1512181309.71 0 0
1512181309.81 0 0
1512181309.91 0 0
1512181310.01 0 0
1512181310.11 0 0
1512181310.21 0 0
1512181310.31 0 0
1512181310.41 0 0
1512181310.51 0 0
1512181310.61 0 0
1512181310.73 0 0
1512181310.86 0 0
1512181310.96 0 0
1512181311.06 0 0
1512181311.16 0 0
1512181311.26 0 0
1512181311.38 0 0
1512181311.48 0 0
1512181311.58 0 0
1512181311.68 0 0
1512181311.78 0 0
1512181311.88 0 0
1512181311.98 0 0
1512181312.08 0 0
1512181312.18 0 0
1512181312.28 0 0
1512181312.38 0 0
1512181312.48 0 0
1512181312.58 0 0
1512181312.68 0 0
1512181312.78 0 0
1512181312.88 0 0
1512181312.98 0 0
1512181313.08 0 0
1512181313.18 0 0
1512181313.28 0 0
1512181313.39 0 0
1512181313.49 0 0
1512181313.59 0 0
1512181313.69 0 0
1512181313.79 0 0
1512181313.91 0 0
1512181314.04 0 0
1512181314.14 0 0
1512181314.24 0 60
1512181314.34 0 0
1512181314.44 0 60
1512181314.55 0 60
1512181314.64 0 120
1512181314.74 0 60
1512181314.84 0 60
1512181314.94 0 2100
1512181315.04 0 2580
1512181315.14 0 2520
1512181315.24 0 1200
1512181315.35 0 2280
1512181315.44 0 2520
1512181315.55 0 2580
1512181315.65 0 2520
1512181315.75 0 2520
1512181315.84 0 2460
1512181315.94 0 2580
1512181316.05 0 2640
1512181316.15 0 2460
1512181316.24 0 2460
1512181316.35 0 2640
1512181316.45 0 2580
1512181316.55 0 2460
1512181316.65 0 2520
1512181316.75 0 2580
1512181316.85 0 2460
1512181316.95 0 2520
1512181317.05 0 2580
1512181317.15 0 2520
1512181317.25 0 2520
1512181317.35 0 2580
1512181317.45 0 2580
1512181317.55 0 2580
1512181317.65 0 2520
1512181317.75 0 2640
1512181317.85 0 2280
1512181317.95 0 2640
1512181318.05 0 2460
1512181318.15 0 2580
1512181318.25 0 2460
1512181318.35 0 2580
1512181318.45 0 2580
1512181318.55 0 2520
1512181318.65 0 2520
1512181318.75 0 2460
1512181318.85 0 2520
1512181318.95 0 2580
1512181319.06 0 2700
1512181319.15 0 2460
1512181319.25 0 2460
1512181319.35 0 2580
1512181319.45 0 2520
1512181319.55 0 2520
1512181319.65 0 2520
1512181319.76 0 2580
1512181319.85 0 2460
1512181319.95 0 2580
1512181320.06 0 2580
1512181320.16 0 2580
1512181320.26 0 2460
1512181320.36 0 2520
1512181320.46 0 2580
1512181320.56 0 2520
1512181320.66 0 2520
1512181320.76 0 2520
1512181320.86 0 2520
1512181320.96 0 2640
1512181321.06 0 2460
1512181321.16 0 2580
1512181321.26 0 2520
1512181321.36 0 2520
1512181321.46 0 2520
1512181321.56 0 2580
1512181321.66 0 2580
1512181321.76 0 2460
1512181321.86 0 2580
1512181321.96 0 2520
1512181322.06 0 2580
1512181322.16 0 2520
1512181322.26 0 2520
1512181322.36 0 2580
1512181322.46 0 2580
1512181322.57 0 2640
1512181322.66 0 2340
1512181322.77 0 2700
1512181322.87 0 2520
1512181322.96 0 2400
1512181323.06 0 2520
1512181323.16 0 2580
1512181323.26 0 2520
1512181323.36 0 2580
1512181323.47 0 2640
1512181323.57 0 2520
1512181323.67 0 2520
1512181323.77 0 2520
1512181323.87 0 2520
1512181323.97 0 2580
1512181324.07 0 2580
1512181324.17 0 2460
1512181324.27 0 2520
1512181324.37 0 2580
1512181324.47 0 2520
1512181324.57 0 2460
1512181324.67 0 2580
1512181324.77 0 2520
1512181324.87 0 2580
1512181324.97 0 2460
1512181325.07 0 2580
1512181325.17 0 2700
1512181325.27 0 2340
1512181325.37 0 2580
1512181325.47 0 2520
1512181325.57 0 2580
1512181325.67 0 2520
1512181325.78 0 2700
1512181325.87 0 2400
1512181325.97 0 2580
1512181326.06 0 2280
1512181326.16 0 2460
1512181326.26 0 2520
1512181326.36 0 2580
1512181326.46 0 2520
1512181326.56 0 2520
1512181326.66 0 2580
1512181326.76 0 2580
1512181326.87 0 2640
1512181326.96 0 2400
1512181327.06 0 2460
1512181327.16 0 2580
1512181327.26 0 2520
1512181327.36 0 2460
1512181327.46 0 2520
1512181327.56 0 2580
1512181327.66 0 2580
1512181327.76 0 2460
1512181327.86 0 2520
1512181327.97 0 2580
1512181328.06 0 2580
1512181328.16 0 2340
1512181328.26 0 2520
1512181328.36 0 2520
1512181328.46 0 2580
1512181328.56 0 2520
1512181328.66 0 2460
1512181328.76 0 2580
1512181328.86 0 2520
1512181328.96 0 2580
1512181329.06 0 2520
1512181329.16 0 2520
1512181329.27 0 2460
1512181329.37 0 2460
1512181329.46 0 2580
1512181329.57 0 2520
1512181329.67 0 2580
1512181329.76 0 2460
1512181329.86 0 2580
1512181329.97 0 2520
1512181330.06 0 2520
1512181330.17 0 2580
1512181330.27 0 2340
1512181330.37 0 2520
1512181330.47 0 2520
1512181330.56 0 2580
1512181330.67 0 2520
1512181330.77 0 2580
1512181330.87 0 2460
1512181330.97 0 2580
1512181331.07 0 2520
1512181331.17 0 2580
1512181331.27 0 2520
1512181331.37 0 2520
1512181331.47 0 2520
1512181331.57 0 2520
1512181331.67 0 2520
1512181331.77 0 2520
1512181331.87 0 2580
1512181331.97 0 2520
1512181332.07 0 2580
1512181332.17 0 2460
1512181332.27 0 2520
1512181332.37 0 2520
1512181332.47 0 2640
1512181332.57 0 2460
1512181332.67 0 2580
1512181332.77 0 2520
1512181332.87 0 2340
1512181332.97 0 2520
1512181333.07 0 2580
1512181333.17 0 2520
1512181333.27 0 2520
1512181333.37 0 2520
1512181333.47 0 2520
1512181333.57 0 2580
1512181333.67 0 2520
1512181333.77 0 2520
1512181333.87 0 2580
1512181333.97 0 2520
1512181334.07 0 2520
1512181334.17 0 2640
1512181334.27 0 2520
1512181334.37 0 2520
1512181334.47 0 2640
1512181334.57 0 2580
1512181334.67 0 2640
1512181334.78 0 2640
1512181334.87 0 2520
1512181334.97 0 2580
1512181335.07 0 2640
1512181335.17 0 2580
1512181335.27 0 2100
1512181335.37 0 1920
1512181335.47 0 2400
1512181335.58 0 2520
1512181335.68 0 1320
1512181335.77 0 1380
1512181335.87 0 1980
1512181335.98 0 2160
1512181336.08 0 1140
1512181336.17 0 1740
1512181336.27 0 1980
1512181336.38 0 1980
1512181336.48 0 1860
1512181336.58 0 2100
1512181336.68 0 2280
1512181336.78 0 2340
1512181336.88 0 2520
1512181336.98 0 2520
1512181337.08 0 2520
1512181337.18 0 2460
1512181337.27 0 2580
1512181337.38 0 2340
1512181337.48 0 1740
1512181337.58 0 2220
1512181337.71 0 3300
1512181337.79 0 2100
1512181337.89 0 2580
1512181337.99 0 2580
1512181338.09 0 2640
1512181338.19 0 2580
1512181338.29 0 2580
1512181338.39 0 2400
1512181338.49 0 2280
1512181338.59 0 2340
1512181338.69 0 2460
1512181338.79 0 2640
1512181338.9 0 2580
1512181339.0 0 2640
1512181339.09 0 2460
1512181339.19 0 2520
1512181339.29 0 1680
1512181339.39 0 2220
1512181339.49 0 2460
1512181339.59 0 2520
1512181339.7 0 2580
1512181339.79 0 2520
1512181339.89 0 2640
1512181339.99 0 2520
1512181340.1 0 2700
1512181340.19 0 2340
1512181340.3 0 1860
1512181340.39 0 2280
1512181340.5 0 2520
1512181340.6 0 2520
1512181340.69 0 2460
1512181340.8 0 2520
1512181340.9 0 2640
1512181341.0 0 2520
1512181341.1 0 2580
1512181341.2 0 2640
1512181341.3 0 2460
1512181341.4 0 2460
1512181341.5 0 2580
1512181341.6 0 2640
1512181341.7 0 2580
1512181341.8 0 2580
1512181341.9 0 1560
1512181342.0 0 1860
1512181342.1 0 2040
1512181342.2 0 2400
1512181342.3 0 2400
1512181342.4 0 2400
1512181342.5 0 2520
1512181342.6 0 2580
1512181342.7 0 2640
1512181342.8 0 2580
1512181342.9 0 2580
1512181343.0 0 2580
1512181343.1 0 1500
1512181343.2 0 2100
1512181343.3 0 2280
1512181343.4 0 2400
1512181343.5 0 2400
1512181343.6 0 2640
1512181343.7 0 2520
1512181343.8 0 2580
1512181343.9 0 2640
1512181344.0 0 2520
1512181344.1 0 2520
1512181344.2 0 2400
1512181344.3 0 2460
1512181344.4 0 2580
1512181344.5 0 2580
1512181344.6 0 2580
1512181344.7 0 2580
1512181344.8 0 2340
1512181344.9 0 2220
1512181345.01 0 2520
1512181345.1 0 2520
1512181345.2 0 2520
1512181345.31 0 2640
1512181345.4 0 2400
1512181345.51 0 2760
1512181345.61 0 2520
1512181345.7 0 2280
1512181345.8 0 2460
1512181345.91 0 2640
1512181346.01 0 2520
1512181346.11 0 2580
1512181346.21 0 2580
1512181346.31 0 2400
1512181346.41 0 2280
1512181346.51 0 2280
1512181346.61 0 2460
1512181346.71 0 2580
1512181346.82 0 2820
1512181346.91 0 2340
1512181347.01 0 2580
1512181347.11 0 2580
1512181347.22 0 2760
1512181347.31 0 2220
1512181347.41 0 2520
1512181347.51 0 2760
1512181347.61 0 2520
1512181347.71 0 2400
1512181347.81 0 2640
1512181347.91 0 2520
1512181348.01 0 2340
1512181348.11 0 2520
1512181348.21 0 2580
1512181348.31 0 2520
1512181348.41 0 2580
1512181348.51 0 2580
1512181348.61 0 2580
1512181348.71 0 2400
1512181348.81 0 2460
1512181348.91 0 2460
1512181349.01 0 2700
1512181349.11 0 2580
1512181349.21 0 2520
1512181349.31 0 2460
1512181349.41 0 2040
1512181349.51 0 2160
1512181349.61 0 2280
1512181349.72 0 2640
1512181349.81 0 2400
1512181349.91 0 2640
1512181350.01 0 2580
1512181350.12 0 2760
1512181350.21 0 2460
1512181350.32 0 2880
1512181350.41 0 2280
1512181350.52 0 2520
1512181350.62 0 2580
1512181350.72 0 2700
1512181350.81 0 2280
1512181350.91 0 2640
1512181351.01 0 2520
1512181351.11 0 2160
1512181351.21 0 2100
1512181351.32 0 2040
1512181351.41 0 2100
1512181351.52 0 2160
1512181351.62 0 2160
1512181351.71 0 1740
1512181351.81 0 1980
1512181351.92 0 1620
1512181352.02 0 1440
1512181352.12 0 1560
1512181352.22 0 1740
1512181352.32 0 2040
1512181352.42 0 2040
1512181352.52 0 1860
1512181352.62 0 1920
1512181352.72 0 1860
1512181352.82 0 1920
1512181352.92 0 840
1512181353.02 0 1260
1512181353.12 0 1380
1512181353.23 0 1620
1512181353.32 0 1440
1512181353.42 0 1680
1512181353.52 0 1920
1512181353.62 0 1860
1512181353.73 0 1860
1512181353.83 0 1980
1512181353.92 0 2040
1512181354.02 0 1920
1512181354.12 0 1860
1512181354.23 0 1980
1512181354.32 0 1800
1512181354.43 0 720
1512181354.52 0 1020
1512181354.62 0 1320
1512181354.73 0 1560
1512181354.83 0 1440
1512181354.93 0 1500
1512181355.03 0 1680
1512181355.13 0 1680
1512181355.23 0 1680
1512181355.33 0 1680
1512181355.43 0 1920
1512181355.53 0 1860
1512181355.63 0 1740
1512181355.73 0 1800
1512181355.83 0 1020
1512181355.94 0 1080
1512181356.03 0 1320
1512181356.13 0 1440
1512181356.23 0 1440
1512181356.34 0 1560
1512181356.44 0 1680
1512181356.54 0 1620
1512181356.63 0 1740
1512181356.73 0 1680
1512181356.83 0 1800
1512181356.93 0 1860
1512181357.04 0 1860
1512181357.14 0 1860
1512181357.23 0 1020
1512181357.33 0 720
1512181357.43 0 1380
1512181357.54 0 1500
1512181357.63 0 1320
1512181357.74 0 1440
1512181357.84 0 1620
1512181357.93 0 1740
1512181358.03 0 1800
1512181358.13 0 1680
1512181358.23 0 1800
1512181358.34 0 1860
1512181358.44 0 1800
1512181358.54 0 1800
1512181358.64 0 1140
1512181358.74 0 780
1512181358.84 0 1320
1512181358.94 0 1440
1512181359.04 0 1440
1512181359.14 0 1320
1512181359.24 0 1680
1512181359.34 0 1740
1512181359.44 0 1800
1512181359.54 0 1680
1512181359.65 0 1920
1512181359.74 0 1620
1512181359.84 0 1740
1512181359.95 0 1800
1512181360.05 0 1140
1512181360.14 0 660
1512181360.25 0 1380
1512181360.35 0 1380
1512181360.45 0 1380
1512181360.55 0 1440
1512181360.65 0 1740
1512181360.75 0 1680
1512181360.85 0 1620
1512181360.95 0 1620
1512181361.05 0 1800
1512181361.15 0 1740
1512181361.25 0 1800
1512181361.35 0 1260
1512181361.45 0 1020
1512181361.55 0 1440
1512181361.65 0 1560
1512181361.75 0 1560
1512181361.85 0 1500
1512181361.95 0 1560
1512181362.05 0 1800
1512181362.16 0 1920
1512181362.25 0 2220
1512181362.35 0 1860
1512181362.45 0 1920
1512181362.55 0 1680
1512181362.66 0 1920
1512181362.75 0 1740
1512181362.85 0 1080
1512181362.96 0 720
1512181363.06 0 1320
1512181363.15 0 1320
1512181363.25 0 1200
1512181363.35 0 1260
1512181363.45 0 1500
1512181363.55 0 1680
1512181363.65 0 1560
1512181363.75 0 1620
1512181363.85 0 1740
1512181363.95 0 1920
1512181364.05 0 1800
1512181364.16 0 1560
1512181364.26 0 1140
1512181364.36 0 1440
1512181364.46 0 1620
1512181364.56 0 1620
1512181364.66 0 1620
1512181364.76 0 1680
1512181364.86 0 1800
1512181364.96 0 1800
1512181365.06 0 2340
1512181365.16 0 1980
1512181365.26 0 1740
1512181365.36 0 1800
1512181365.46 0 1920
1512181365.56 0 1740
1512181365.66 0 1860
1512181365.76 0 720
1512181365.86 0 1200
1512181365.96 0 1320
1512181366.06 0 1440
1512181366.16 0 1320
1512181366.27 0 1560
1512181366.37 0 1440
1512181366.47 0 2040
1512181366.56 0 1740
1512181366.67 0 1800
1512181366.76 0 1800
1512181366.87 0 1860
1512181366.97 0 1860
1512181367.07 0 1380
1512181367.17 0 660
1512181367.27 0 1380
1512181367.37 0 1320
1512181367.47 0 1560
1512181367.57 0 1320
1512181367.67 0 1440
1512181367.77 0 1680
1512181367.87 0 1920
1512181367.97 0 2040
1512181368.07 0 1800
1512181368.17 0 1800
1512181368.27 0 1800
1512181368.37 0 1860
1512181368.46 0 1320
1512181368.57 0 600
1512181368.67 0 1200
1512181368.77 0 1440
1512181368.87 0 1560
1512181368.97 0 1200
1512181369.07 0 1500
1512181369.17 0 1800
1512181369.27 0 1800
1512181369.38 0 1800
1512181369.47 0 1800
1512181369.57 0 1800
1512181369.67 0 1800
1512181369.77 0 1800
1512181369.87 0 1560
1512181369.97 0 480
1512181370.08 0 1380
1512181370.17 0 1380
1512181370.28 0 1500
1512181370.37 0 1260
1512181370.47 0 1680
1512181370.57 0 1560
1512181370.67 0 1920
1512181370.77 0 1800
1512181370.87 0 1860
1512181370.97 0 1740
1512181371.08 0 1860
1512181371.17 0 1740
1512181371.28 0 1380
1512181371.38 0 780
1512181371.48 0 1440
1512181371.58 0 1320
1512181371.68 0 1380
1512181371.78 0 1320
1512181371.88 0 1320
1512181371.98 0 1680
1512181372.08 0 1800
1512181372.18 0 1800
1512181372.28 0 1740
1512181372.38 0 1800
1512181372.48 0 1800
1512181372.58 0 1800
1512181372.68 0 1020
1512181372.78 0 1500
1512181372.88 0 1560
1512181372.98 0 1620
1512181373.08 0 1620
1512181373.19 0 1680
1512181373.28 0 1560
1512181373.39 0 1920
1512181373.48 0 1860
1512181373.58 0 2280
1512181373.68 0 1620
1512181373.78 0 1800
1512181373.89 0 1920
1512181373.99 0 1800
1512181374.08 0 1740
1512181374.18 0 1080
1512181374.29 0 1560
1512181374.39 0 1500
1512181374.49 0 1500
1512181374.59 0 1560
1512181374.69 0 1680
1512181374.79 0 1800
1512181374.89 0 1860
1512181374.99 0 1800
1512181375.09 0 1920
1512181375.19 0 1680
1512181375.29 0 1920
1512181375.4 0 1920
1512181375.49 0 1620
1512181375.59 0 1860
1512181375.69 0 1080
1512181375.8 0 1500
1512181375.9 0 1560
1512181376.0 0 1620
1512181376.1 0 1680
1512181376.2 0 1620
1512181376.29 0 1680
1512181376.4 0 1860
1512181376.5 0 1860
1512181376.6 0 2340
1512181376.7 0 1440
1512181376.8 0 1740
1512181376.9 0 1800
1512181377.0 0 1860
1512181377.1 0 1800
1512181377.2 0 1680
1512181377.3 0 1680
1512181377.4 0 1740
1512181377.5 0 1620
1512181377.6 0 1800
1512181377.7 0 1860
1512181377.8 0 1980
1512181377.9 0 1920
1512181378.0 0 1860
1512181378.1 0 1860
1512181378.21 0 1980
1512181378.31 0 2460
1512181378.41 0 1320
1512181378.51 0 1140
1512181378.61 0 1800
1512181378.71 0 1860
1512181378.81 0 1800
1512181378.91 0 1620
1512181379.01 0 1620
1512181379.11 0 1560
1512181379.21 0 1680
1512181379.31 0 1740
1512181379.41 0 1980
1512181379.51 0 1920
1512181379.61 0 1920
1512181379.71 0 1800
1512181379.82 0 2100
1512181379.91 0 2040
1512181380.01 0 120
1512181380.11 0 1380
1512181380.21 0 1680
1512181380.31 0 1860
1512181380.41 0 1620
1512181380.52 0 1620
1512181380.62 0 1560
1512181380.72 0 1680
1512181380.82 0 1620
1512181380.92 0 1920
1512181381.02 0 1920
1512181381.12 0 1920
1512181381.22 0 1920
1512181381.32 0 1800
1512181381.42 0 2460
1512181381.52 0 1440
1512181381.62 0 840
1512181381.72 0 1620
1512181381.82 0 1920
1512181381.92 0 1920
1512181382.03 0 1860
1512181382.12 0 1560
1512181382.22 0 1920
1512181382.32 0 1740
1512181382.42 0 2100
1512181382.53 0 2580
1512181382.63 0 2580
1512181382.73 0 2580
1512181382.83 0 2520
1512181382.93 0 2820
1512181383.03 0 1500
1512181383.13 0 2280
1512181383.23 0 2520
1512181383.33 0 2640
1512181383.43 0 2520
1512181383.53 0 2640
1512181383.63 0 2520
1512181383.73 0 2520
1512181383.83 0 2580
1512181383.93 0 2640
1512181384.03 0 2640
1512181384.13 0 2580
1512181384.23 0 2520
1512181384.34 0 2760
1512181384.43 0 2280
1512181384.53 0 1920
1512181384.63 0 2280
1512181384.74 0 2400
1512181384.83 0 2340
1512181384.94 0 2580
1512181385.04 0 2640
1512181385.14 0 2580
1512181385.24 0 2580
1512181385.34 0 2640
1512181385.44 0 2460
1512181385.54 0 2160
1512181385.64 0 1920
1512181385.74 0 2160
1512181385.84 0 2280
1512181385.94 0 2460
1512181386.05 0 2520
1512181386.14 0 2460
1512181386.24 0 2520
1512181386.34 0 2640
1512181386.45 0 2700
1512181386.54 0 2460
1512181386.64 0 2520
1512181386.74 0 2280
1512181386.84 0 1920
1512181386.94 0 2280
1512181387.05 0 2400
1512181387.14 0 2400
1512181387.25 0 2580
1512181387.34 0 2520
1512181387.44 0 2640
1512181387.55 0 2520
1512181387.65 0 2640
1512181387.74 0 2520
1512181387.84 0 2100
1512181387.95 0 1620
1512181388.04 0 1920
1512181388.14 0 2280
1512181388.25 0 2280
1512181388.34 0 2220
1512181388.44 0 2340
1512181388.54 0 2520
1512181388.65 0 2580
1512181388.74 0 2580
1512181388.85 0 2580
1512181388.95 0 2580
1512181389.05 0 2580
1512181389.15 0 1320
1512181389.25 0 1920
1512181389.35 0 2160
1512181389.45 0 2340
1512181389.55 0 2340
1512181389.65 0 2280
1512181389.75 0 2640
1512181389.85 0 2460
1512181389.96 0 2700
1512181390.06 0 2580
1512181390.16 0 2580
1512181390.25 0 2460
1512181390.35 0 1920
1512181390.45 0 1560
1512181390.56 0 2280
1512181390.65 0 2160
1512181390.75 0 2340
1512181390.85 0 2340
1512181390.95 0 2520
1512181391.06 0 2760
1512181391.15 0 2460
1512181391.25 0 2520
1512181391.36 0 2880
1512181391.46 0 2400
1512181391.56 0 2040
1512181391.66 0 1980
1512181391.76 0 2160
1512181391.86 0 2520
1512181391.96 0 2340
1512181392.06 0 2700
1512181392.17 0 2760
1512181392.27 0 2400
1512181392.36 0 2520
1512181392.46 0 2520
1512181392.56 0 2580
1512181392.66 0 2280
1512181392.76 0 1680
1512181392.87 0 2640
1512181392.97 0 2280
1512181393.07 0 2700
1512181393.17 0 2400
1512181393.27 0 2640
1512181393.37 0 2340
1512181393.47 0 2820
1512181393.57 0 2580
1512181393.67 0 2520
1512181393.77 0 2640
1512181393.87 0 2340
1512181393.97 0 2520
1512181394.07 0 2400
1512181394.17 0 2700
1512181394.27 0 2520
1512181394.37 0 2700
1512181394.47 0 2520
1512181394.57 0 1860
1512181394.67 0 2160
1512181394.77 0 2280
1512181394.87 0 2460
1512181394.97 0 2580
1512181395.07 0 2580
1512181395.17 0 2460
1512181395.27 0 2580
1512181395.37 0 2520
1512181395.47 0 2760
1512181395.57 0 2400
1512181395.68 0 2580
1512181395.77 0 2460
1512181395.87 0 2700
1512181395.97 0 2520
1512181396.07 0 2520
1512181396.17 0 2640
1512181396.27 0 2100
1512181396.38 0 2340
1512181396.48 0 2520
1512181396.58 0 2520
1512181396.68 0 2580
1512181396.78 0 2580
1512181396.88 0 2580
1512181396.98 0 2640
1512181397.08 0 1860
1512181397.18 0 2100
1512181397.28 0 2460
1512181397.38 0 2400
1512181397.48 0 2580
1512181397.58 0 2460
1512181397.68 0 2700
1512181397.78 0 2460
1512181397.88 0 2580
1512181397.99 0 2640
1512181398.08 0 2520
1512181398.18 0 2160
1512181398.28 0 2520
1512181398.38 0 2640
1512181398.48 0 2580
1512181398.58 0 2520
1512181398.68 0 2580
1512181398.78 0 2340
1512181398.88 0 2040
1512181398.98 0 2280
1512181399.08 0 2280
1512181399.18 0 2520
1512181399.28 0 2580
1512181399.38 0 2640
1512181399.49 0 2640
1512181399.58 0 2580
1512181399.68 0 2580
1512181399.78 0 2400
1512181399.88 0 2280
1512181399.98 0 2280
1512181400.08 0 2460
1512181400.18 0 2520
1512181400.28 0 2520
1512181400.4 0 2940
1512181400.48 0 2160
1512181400.58 0 2400
1512181400.68 0 2640
1512181400.78 0 2760
1512181400.88 0 2220
1512181400.98 0 2460
1512181401.08 0 2820
1512181401.19 0 2760
1512181401.28 0 2340
1512181401.38 0 2640
1512181401.48 0 2160
1512181401.58 0 1380
1512181401.68 0 2460
1512181401.78 0 2280
1512181401.88 0 2520
1512181401.98 0 2580
1512181402.08 0 2460
1512181402.18 0 2640
1512181402.28 0 2580
1512181402.38 0 2580
1512181402.48 0 2520
1512181402.58 0 2280
1512181402.68 0 2460
1512181402.78 0 2220
1512181402.88 0 2640
1512181402.99 0 2700
1512181403.09 0 2640
1512181403.19 0 2520
1512181403.29 0 2580
1512181403.39 0 2400
1512181403.49 0 2520
1512181403.58 0 2460
1512181403.68 0 2520
1512181403.78 0 2640
1512181403.88 0 2460
1512181403.98 0 2280
1512181404.09 0 2520
1512181404.19 0 2280
1512181404.29 0 2640
1512181404.39 0 2640
1512181404.49 0 2460
1512181404.59 0 2640
1512181404.69 0 2580
1512181404.79 0 2460
1512181404.9 0 2700
1512181405.0 0 2580
1512181405.1 0 2640
1512181405.19 0 2400
1512181405.29 0 2520
1512181405.39 0 2340
1512181405.49 0 2460
1512181405.59 0 2400
1512181405.69 0 2640
1512181405.79 0 2700
1512181405.89 0 2400
1512181406.0 0 2760
1512181406.09 0 2220
1512181406.19 0 2460
1512181406.3 0 2760
1512181406.4 0 2520
1512181406.49 0 2580
1512181406.6 0 2640
1512181406.69 0 1860
1512181406.8 0 2280
1512181406.9 0 2400
1512181407.0 0 2400
1512181407.09 0 2400
1512181407.2 0 2820
1512181407.31 0 2580
1512181407.39 0 2220
1512181407.49 0 2400
1512181407.59 0 2640
1512181407.68 0 2400
1512181407.78 0 2460
1512181407.88 0 2640
1512181407.97 0 2340
1512181408.07 0 2580
1512181408.17 0 2520
1512181408.27 0 2580
1512181408.37 0 2400
1512181408.47 0 2280
1512181408.57 0 2460
1512181408.67 0 2460
1512181408.77 0 2580
1512181408.87 0 2520
1512181408.97 0 2580
1512181409.07 0 2580
1512181409.17 0 2220
1512181409.27 0 2280
1512181409.37 0 2400
1512181409.47 0 2700
1512181409.56 0 2460
1512181409.67 0 2640
1512181409.77 0 2400
1512181409.87 0 2580
1512181409.97 0 1980
1512181410.07 0 1800
1512181410.17 0 2160
1512181410.27 0 2400
1512181410.37 0 2460
1512181410.47 0 2520
1512181410.57 0 2580
1512181410.67 0 2580
1512181410.77 0 2580
1512181410.87 0 2580
1512181410.97 0 2580
1512181411.07 0 2400
1512181411.17 0 1320
1512181411.27 0 1980
1512181411.37 0 2220
1512181411.47 0 2400
1512181411.57 0 2400
1512181411.67 0 2400
1512181411.77 0 2520
1512181411.86 0 2160
1512181411.97 0 1320
1512181412.06 0 1140
1512181412.16 0 1320
1512181412.26 0 1140
1512181412.36 0 1080
1512181412.47 0 1320
1512181412.56 0 1380
1512181412.66 0 1440
1512181412.76 0 1560
1512181412.86 0 1620
1512181412.96 0 1740
1512181413.06 0 1860
1512181413.16 0 2040
1512181413.26 0 2100
1512181413.36 0 2400
1512181413.46 0 2160
1512181413.56 0 2580
1512181413.66 0 2520
1512181413.76 0 2520
1512181413.86 0 2580
1512181413.96 0 2520
1512181414.06 0 2520
1512181414.16 0 2520
1512181414.26 0 2580
1512181414.36 0 2520
1512181414.46 0 2520
1512181414.56 0 2520
1512181414.66 0 2520
1512181414.77 0 2580
1512181414.87 0 2640
1512181414.96 0 2400
1512181415.06 0 2580
1512181415.17 0 2580
1512181415.27 0 2520
1512181415.37 0 2520
1512181415.47 0 2520
1512181415.57 0 2520
1512181415.66 0 2520
1512181415.77 0 2520
1512181415.87 0 2520
1512181415.97 0 2520
1512181416.07 0 2580
1512181416.17 0 2460
1512181416.27 0 2580
1512181416.36 0 2280
1512181416.46 0 2520
1512181416.56 0 2520
1512181416.66 0 2520
1512181416.76 0 2520
1512181416.86 0 2580
1512181416.96 0 2460
1512181417.06 0 2580
1512181417.16 0 2520
1512181417.26 0 2580
1512181417.36 0 2520
1512181417.46 0 2520
1512181417.56 0 1260
1512181417.66 0 0
1512181417.76 0 0
1512181417.86 0 0
1512181417.96 0 0
1512181418.06 0 0
1512181418.16 0 0
1512181418.26 0 0
1512181418.36 0 0
1512181418.46 0 0
1512181418.56 0 0
1512181418.66 0 0
1512181418.76 0 0
1512181418.86 0 0
1512181418.96 0 0
1512181419.06 0 0
1512181419.16 0 0
1512181419.26 0 0
1512181419.36 0 0
1512181419.46 0 0
1512181419.56 0 0
1512181419.66 0 0
1512181419.76 0 0
1512181419.86 0 0
1512181419.96 0 0
1512181420.06 0 0
1512181420.16 0 0
1512181420.26 0 0
1512181420.36 0 0
1512181420.46 0 0
1512181420.56 0 0
1512181420.66 0 0
1512181420.76 0 0
1512181420.86 0 0
1512181420.96 0 0
1512181421.06 0 0
1512181421.16 0 0
1512181421.26 0 0
1512181421.36 0 0
1512181421.46 0 0
1512181421.56 0 0
1512181421.66 0 0
1512181421.77 0 0
1512181421.86 0 0
1512181421.96 0 0
1512181422.06 0 0
1512181422.16 0 0
1512181422.26 0 0
1512181422.37 0 0
1512181422.47 0 0
1512181422.57 0 0
1512181422.66 0 0
1512181422.77 0 0
1512181422.87 0 0
1512181422.97 0 0
1512181423.07 0 0
1512181423.17 0 0
1512181423.27 0 0
1512181423.37 0 0
1512181423.47 0 0
1512181423.57 0 0
1512181423.67 0 0
1512181423.77 0 0
1512181423.87 0 0
1512181423.97 0 0
1512181424.07 0 0
1512181424.17 0 0
1512181424.27 0 0
1512181424.37 0 0
1512181424.47 0 0
1512181424.57 0 0
1512181424.67 0 0
1512181424.77 0 0
1512181424.87 0 0
1512181424.97 0 0
1512181425.07 0 0
1512181425.17 0 0
1512181425.27 0 0
1512181425.37 0 0
1512181425.47 0 0
1512181425.57 0 0
1512181425.67 0 0
1512181425.77 0 0
1512181425.87 0 0
1512181425.97 0 0
1512181426.07 0 0
1512181426.17 0 0
1512181426.27 0 0
1512181426.37 0 0
1512181426.47 0 0
1512181426.57 0 0
1512181426.67 0 0
1512181426.77 0 0
1512181426.87 0 0
1512181426.97 0 0
1512181427.07 0 0
1512181427.17 0 0
1512181427.27 0 0
1512181427.37 0 0
1512181427.47 0 0
1512181427.57 0 0
1512181427.67 0 0
1512181427.77 0 0
1512181427.88 0 0
1512181427.98 0 0
1512181428.07 0 0
1512181428.18 0 0
1512181428.28 0 0
1512181428.38 0 0
1512181428.47 0 0
1512181428.58 0 0
1512181428.68 0 0
1512181428.78 0 0
1512181428.88 0 0
1512181428.98 0 0
1512181429.08 0 0
1512181429.18 0 0
1512181429.28 0 0
1512181429.38 0 0
1512181429.48 0 0
1512181429.58 0 0
1512181429.68 0 0
1512181429.78 0 0
1512181429.88 0 0
1512181429.98 0 0
1512181430.08 0 0
1512181430.18 0 0
1512181430.28 0 0
1512181430.38 0 0
1512181430.48 0 0
1512181430.58 0 0
1512181430.68 0 0
1512181430.78 0 0
1512181430.88 0 0
1512181430.98 0 0
1512181431.08 0 0
1512181431.18 0 0
1512181431.28 0 0
1512181431.38 0 0
1512181431.48 0 0
1512181431.58 0 0
1512181431.68 0 0
1512181431.78 0 0
1512181431.88 0 0
1512181431.98 0 0
1512181432.08 0 0
1512181432.18 0 0
1512181432.28 0 0
1512181432.38 0 0
1512181432.48 0 0
1512181432.58 0 0
1512181432.68 0 0
1512181432.78 0 0
1512181432.88 0 0
1512181432.98 0 0
1512181433.08 0 0
1512181433.19 0 0
1512181433.28 0 0
1512181433.38 0 0
1512181433.48 0 0
1512181433.58 0 0
1512181433.68 0 0
1512181433.79 0 0
1512181433.88 0 0
1512181433.98 0 0
1512181434.09 0 0
1512181434.18 0 0
1512181434.29 0 0
1512181434.39 0 0
1512181434.49 0 0
1512181434.59 0 0
1512181434.69 0 0
1512181434.79 0 0
1512181434.89 0 0
1512181434.99 0 0
1512181435.09 0 0
1512181435.19 0 0
1512181435.29 0 0
1512181435.39 0 0
1512181435.49 0 0
1512181435.59 0 0
1512181435.69 0 0
1512181435.79 0 0
1512181435.89 0 0
1512181435.99 0 0
1512181436.09 0 0
1512181436.19 0 0
1512181436.29 0 0
1512181436.39 0 0
1512181436.49 0 0
1512181436.59 0 0
1512181436.69 0 0
1512181436.79 0 0
1512181436.89 0 0
1512181436.99 0 0
1512181437.09 0 0
1512181437.19 0 0
1512181437.29 0 0
1512181437.39 0 0
1512181437.49 0 0
1512181437.59 0 0
1512181437.69 0 0
1512181437.79 0 0
1512181437.89 0 0
1512181437.99 0 0
1512181438.09 0 0
1512181438.19 0 0
1512181438.29 0 0
1512181438.39 0 0
1512181438.49 0 0
1512181438.59 0 0
1512181438.69 0 0
1512181438.79 0 0
1512181438.89 0 0
1512181438.99 0 0
1512181439.09 0 0
1512181439.2 0 0
1512181439.3 0 0
1512181439.4 0 0
1512181439.5 0 0
1512181439.6 0 0
1512181439.7 0 0
1512181439.8 0 0
1512181439.9 0 0
1512181440.0 0 0
1512181440.1 0 0
1512181440.2 0 0
1512181440.3 0 0
1512181440.4 0 0
1512181440.5 0 0
1512181440.6 0 0
1512181440.7 0 0
1512181440.8 0 0
1512181440.9 0 0
1512181441.0 0 0
1512181441.1 0 0
1512181441.2 0 0
1512181441.3 0 0
1512181441.4 0 0
1512181441.5 0 0
1512181441.6 0 0
1512181441.7 0 0
1512181441.8 0 0
1512181441.9 0 0
1512181442.0 0 0
1512181442.1 0 0
1512181442.2 0 0
1512181442.3 0 0
1512181442.4 0 0
1512181442.5 0 0
1512181442.6 0 0
1512181442.7 0 0
1512181442.8 0 0
1512181442.9 0 0
1512181443.0 0 0
1512181443.1 0 0
1512181443.2 0 0
1512181443.3 0 0
1512181443.4 0 0
1512181443.5 0 0
1512181443.6 0 0
1512181443.7 0 0
1512181443.8 0 0
1512181443.9 0 0
1512181444.0 0 0
1512181444.1 0 0
1512181444.2 0 0
1512181444.3 0 0
1512181444.4 0 0
1512181444.5 0 0
1512181444.6 0 0
1512181444.7 0 0
1512181444.8 0 0
1512181444.9 0 0
1512181445.0 0 0
1512181445.1 0 0
1512181445.21 0 0
1512181445.31 0 0
1512181445.41 0 0
1512181445.51 0 0
1512181445.61 0 0
1512181445.71 0 0
1512181445.81 0 0
1512181445.91 0 0
1512181446.01 0 0
1512181446.11 0 0
1512181446.21 0 0
1512181446.31 0 0
1512181446.41 0 0
1512181446.51 0 0
1512181446.61 0 0
1512181446.71 0 0
1512181446.81 0 0
1512181446.91 0 0
1512181447.01 0 0
1512181447.11 0 0
1512181447.21 0 0
1512181447.31 0 0
1512181447.41 0 0
1512181447.51 0 0
1512181447.61 0 0
1512181447.71 0 0
1512181447.81 0 0
1512181447.91 0 0
1512181448.01 0 0
1512181448.11 0 0
1512181448.21 0 0
1512181448.31 0 0
1512181448.41 0 0
1512181448.51 0 0
1512181448.61 0 0
1512181448.71 0 0
1512181448.81 0 0
1512181448.91 0 0
1512181449.01 0 0
1512181449.11 0 0
1512181449.21 0 0
1512181449.31 0 0
1512181449.41 0 0
1512181449.51 0 0
1512181449.61 0 0
1512181449.71 0 0
1512181449.81 0 0
1512181449.92 0 0
1512181450.01 0 0
1512181450.11 0 0
1512181450.21 0 0
1512181450.32 0 0
1512181450.42 0 0
1512181450.52 0 0
1512181450.62 0 0
1512181450.72 0 0
1512181450.82 0 0
1512181450.92 0 0
1512181451.02 0 0
1512181451.12 0 0
1512181451.22 0 0
1512181451.32 0 0
1512181451.42 0 0
1512181451.52 0 0
1512181451.62 0 0
1512181451.72 0 0
1512181451.82 0 0
1512181451.92 0 0
1512181452.02 0 0
1512181452.12 0 0
1512181452.22 0 0
1512181452.32 0 0
1512181452.42 0 0
1512181452.52 0 0
1512181452.62 0 0
1512181452.72 0 0
1512181452.82 0 0
1512181452.92 0 0
1512181453.02 0 0
1512181453.12 0 0
1512181453.22 0 0
1512181453.32 0 0
1512181453.42 0 0
1512181453.52 0 0
1512181453.62 0 0
1512181453.72 0 0
1512181453.82 0 0
1512181453.92 0 0
1512181454.02 0 0
1512181454.12 0 0
1512181454.22 0 0
1512181454.32 0 0
1512181454.42 0 0
1512181454.52 0 0
1512181454.62 0 0
1512181454.72 0 0
1512181454.82 0 0
1512181454.92 0 0
1512181455.02 0 0
1512181455.12 0 0
1512181455.22 0 0
1512181455.32 0 0
1512181455.42 0 0
1512181455.52 0 0
1512181455.62 0 0
1512181455.72 0 0
1512181455.82 0 0
1512181455.92 0 0
1512181456.02 0 0
1512181456.12 0 0
1512181456.22 0 0
1512181456.33 0 0
1512181456.43 0 0
1512181456.53 0 0
1512181456.63 0 0
1512181456.73 0 0
1512181456.83 0 0
1512181456.93 0 0
1512181457.03 0 0
1512181457.13 0 0
1512181457.23 0 0
1512181457.33 0 0
1512181457.43 0 0
1512181457.53 0 0
1512181457.63 0 0
1512181457.73 0 0
1512181457.83 0 0
1512181457.93 0 0
1512181458.03 0 0
1512181458.13 0 0
1512181458.23 0 0
1512181458.33 0 0
1512181458.43 0 0
1512181458.53 0 0
1512181458.63 0 0
1512181458.73 0 0
1512181458.83 0 0
1512181458.93 0 0
1512181459.03 0 0
1512181459.13 0 0
1512181459.23 0 0
1512181459.33 0 0
1512181459.43 0 0
1512181459.53 0 0
1512181459.63 0 0
1512181459.73 0 0
1512181459.83 0 0
1512181459.93 0 0
1512181460.03 0 0
1512181460.13 0 0
1512181460.23 0 0
1512181460.33 0 0
1512181460.43 0 0
1512181460.53 0 0
1512181460.63 0 0
1512181460.73 0 0
1512181460.83 0 0
1512181460.93 0 0
1512181461.03 0 0
1512181461.13 0 0
1512181461.23 0 0
1512181461.33 0 0
1512181461.43 0 0
1512181461.53 0 0
1512181461.63 0 0
1512181461.74 0 0
1512181461.83 0 0
1512181461.93 0 0
1512181462.03 0 0
1512181462.14 0 0
1512181462.24 0 0
1512181462.34 0 0
1512181462.44 0 0
1512181462.54 0 0
