1512223936.45 2500.0 3166.66666667
1512223936.56 2500.0 3611.11111111
1512223936.65 2500.0 3907.40740741
1512223936.79 2500.0 4104.9382716
1512223936.84 2500.0 4236.6255144
1512223936.94 2500.0 4324.4170096
1512223937.04 2500.0 4382.94467307
1512223937.15 2500.0 4421.96311538
1512223937.24 2500.0 4447.97541025
1512223937.4 2500.0 4465.31694017
1512223937.45 2500.0 4476.87796011
1512223937.55 2500.0 4484.58530674
1512223937.77 2500.0 4489.72353783
1512223937.83 2500.0 4493.14902522
1512223937.93 2500.0 4495.43268348
1512223938.04 2500.0 4496.95512232
1512223938.21 2500.0 4497.97008155
1512223938.27 2500.0 4498.64672103
1512223938.37 2500.0 4499.09781402
1512223938.47 2500.0 4499.39854268
1512223938.59 2500.0 4499.59902845
1512223938.69 2500.0 4499.73268564
1512223938.77 2500.0 4499.82179042
1512223938.87 2500.0 4499.88119362
1512223939.04 2500.0 4499.92079574
1512223939.11 2500.0 4499.94719716
1512223939.2 2500.0 4499.96479811
1512223939.31 2500.0 4499.97653207
1512223939.42 2500.0 4499.98435471
1512223939.51 2500.0 4499.98956981
1512223939.62 2500.0 4499.99304654
1512223939.71 2500.0 4499.99536436
1512223939.82 2500.0 4499.99690957
1512223939.91 2500.0 4499.99793972
1512223940.08 2500.0 4499.99862648
1512223940.15 2500.0 4499.99908432
1512223940.25 2500.0 4499.99938955
1512223940.43 2500.0 4499.99959303
1512223940.49 2500.0 4499.99972869
1512223940.59 2500.0 4499.99981912
1512223940.7 2500.0 4499.99987942
1512223940.8 2500.0 4499.99991961
1512223940.89 2500.0 4499.99994641
1512223940.99 2500.0 4499.99996427
1512223941.16 2500.0 4499.99997618
1512223941.22 2500.0 4499.99998412
1512223941.37 2500.0 4499.99998941
1512223941.42 2500.0 4499.99999294
1512223941.55 2500.0 4499.9999953
1512223941.64 2500.0 4499.99999686
1512223941.74 2500.0 4499.99999791
1512223941.84 2500.0 4499.99999861
1512223941.94 2500.0 4499.99999907
1512223942.03 2500.0 4499.99999938
1512223942.13 2500.0 4499.99999959
1512223942.24 2500.0 4499.99999972
1512223942.33 2500.0 4499.99999982
1512223942.43 2500.0 4499.99999988
1512223942.54 2500.0 4499.99999992
1512223942.65 2500.0 4499.99999995
1512223942.74 2500.0 4499.99999996
1512223942.84 2500.0 4499.99999998
1512223942.93 2500.0 4499.99999998
1512223943.03 2500.0 4499.99999999
1512223943.14 2500.0 4499.99999999
1512223943.23 2500.0 4500.0
1512223943.33 2500.0 4500.0
1512223943.44 2500.0 4500.0
1512223943.54 2500.0 4500.0
1512223943.64 2500.0 4500.0
1512223943.73 2500.0 4500.0
1512223943.83 2500.0 4500.0
1512223943.94 2500.0 4500.0
1512223944.05 2500.0 4500.0
1512223944.15 2500.0 4500.0
1512223944.24 2500.0 4500.0
1512223944.34 2458.33333333 4500.0
1512223944.43 2460.41666667 4500.0
1512223944.53 2462.39583333 4500.0
1512223944.64 2422.609375 4500.0
1512223944.74 2384.81223958 4500.0
1512223944.84 2390.5716276 4500.0
1512223944.93 2354.37637956 4500.0
1512223945.05 2319.99089391 4500.0
1512223945.14 2328.99134922 4500.0
1512223945.25 2337.54178176 4500.0
1512223945.35 2303.998026 4500.0
1512223945.44 2313.7981247 4500.0
1512223945.55 2323.10821847 4500.0
1512223945.7 2290.28614088 4500.0
1512223945.76 2300.77183383 4500.0
1512223945.87 2310.73324214 4500.0
1512223945.97 2278.52991337 4500.0
1512223946.07 2289.6034177 4500.0
1512223946.17 2300.12324681 4500.0
1512223946.28 2268.45041781 4500.0
1512223946.38 2280.02789692 4500.0
1512223946.48 2291.02650207 4500.0
1512223946.57 2259.8085103 4500.0
1512223946.67 2271.81808479 4500.0
1512223946.84 2283.22718055 4500.0
1512223946.91 2252.39915485 4500.0
1512223947.0 2264.77919711 4500.0
1512223947.2 2276.54023725 4500.0
1512223947.27 2287.71322539 4500.0
1512223947.37 2298.32756412 4500.0
1512223947.46 2308.41118592 4500.0
1512223947.64 2317.99062662 4500.0
1512223947.71 2327.09109529 4500.0
1512223947.81 2335.73654052 4500.0
1512223947.97 2343.9497135 4500.0
1512223948.03 2351.75222782 4500.0
1512223948.12 2359.16461643 4500.0
1512223948.22 2366.20638561 4500.0
1512223948.34 2372.89606633 4500.0
1512223948.44 2379.25126301 4500.0
1512223948.54 2385.28869986 4500.0
1512223948.64 2391.02426487 4500.0
1512223948.74 2396.47305163 4500.0
1512223948.84 2401.64939904 4500.0
1512223948.94 2406.56692909 4500.0
1512223949.03 2411.23858264 4500.0
1512223949.15 2415.67665351 4500.0
1512223949.23 2419.89282083 4500.0
1512223949.34 2423.89817979 4500.0
1512223949.43 2427.7032708 4500.0
1512223949.54 2431.31810726 4500.0
1512223949.64 2434.7522019 4500.0
1512223949.74 2438.0145918 4500.0
1512223949.84 2441.11386221 4500.0
1512223949.94 2444.0581691 4500.0
1512223950.04 2446.85526065 4500.0
1512223950.2 2449.51249761 4500.0
1512223950.27 2452.03687273 4500.0
1512223950.36 2454.4350291 4500.0
1512223950.47 2456.71327764 4500.0
1512223950.58 2458.87761376 4500.0
1512223950.67 2460.93373307 4500.0
1512223950.77 2462.88704642 4500.0
1512223950.88 2464.7426941 4500.0
1512223951.06 2466.50555939 4500.0
1512223951.12 2468.18028142 4500.0
1512223951.28 2469.77126735 4500.0
1512223951.34 2471.28270398 4500.0
1512223951.45 2472.71856878 4500.0
1512223951.54 2474.08264035 4500.0
1512223951.65 2475.37850833 4500.0
1512223951.75 2476.60958291 4500.0
1512223951.86 2477.77910377 4500.0
1512223951.96 2478.89014858 4500.0
1512223952.05 2479.94564115 4500.0
1512223952.2 2480.94835909 4500.0
1512223952.26 2481.90094114 4500.0
1512223952.36 2482.80589408 4500.0
1512223952.54 2483.66559938 4500.0
1512223952.6 2484.48231941 4500.0
1512223952.76 2485.25820344 4500.0
1512223952.82 2485.99529327 4500.0
1512223952.96 2486.6955286 4500.0
1512223953.01 2487.36075217 4500.0
1512223953.12 2487.99271456 4500.0
1512223953.21 2488.59307884 4500.0
1512223953.31 2489.16342489 4500.0
1512223953.5 2489.70525365 4500.0
1512223953.57 2490.21999097 4500.0
1512223953.67 2490.70899142 4500.0
1512223953.76 2491.17354185 4500.0
1512223953.87 2491.61486475 4500.0
1512223953.97 2492.03412152 4500.0
1512223954.07 2492.43241544 4500.0
1512223954.18 2492.81079467 4500.0
1512223954.27 2493.17025494 4500.0
1512223954.37 2493.51174219 4500.0
1512223954.47 2493.83615508 4500.0
1512223954.57 2494.14434733 4500.0
1512223954.67 2494.43712996 4500.0
1512223954.83 2494.71527346 4500.0
1512223954.9 2494.97950979 4500.0
1512223955.0 2495.2305343 4500.0
1512223955.1 2495.46900758 4500.0
1512223955.19 2495.6955572 4500.0
1512223955.37 2495.91077934 4500.0
1512223955.43 2496.11524038 4500.0
1512223955.52 2496.30947836 4500.0
1512223955.63 2496.49400444 4500.0
1512223955.8 2496.66930422 4500.0
1512223955.86 2496.83583901 4500.0
1512223956.02 2496.99404706 4500.0
1512223956.07 2497.1443447 4500.0
1512223956.18 2497.28712747 4500.0
1512223956.27 2497.4227711 4500.0
1512223956.38 2497.55163254 4500.0
1512223956.48 2497.67405091 4500.0
1512223956.65 2497.79034837 4500.0
1512223956.71 2497.90083095 4500.0
1512223956.81 2498.0057894 4500.0
1512223957.0 2498.10549993 4500.0
1512223957.06 2498.20022494 4500.0
1512223957.15 2498.29021369 4500.0
1512223957.26 2498.375703 4500.0
1512223957.35 2498.45691785 4500.0
1512223957.5 2498.53407196 4500.0
1512223957.55 2498.60736836 4500.0
1512223957.74 2498.67699995 4500.0
1512223957.81 2498.74314995 4500.0
1512223957.9 2498.80599245 4500.0
1512223958.0 2498.86569283 4500.0
1512223958.18 2498.92240819 4500.0
1512223958.24 2498.97628778 4500.0
1512223958.34 2499.02747339 4500.0
1512223958.45 2499.07609972 4500.0
1512223958.55 2499.12229473 4500.0
1512223958.64 2499.16618 4500.0
1512223958.75 2499.207871 4500.0
1512223958.85 2499.24747745 4500.0
1512223958.95 2499.28510357 4500.0
1512223959.05 2499.3208484 4500.0
1512223959.22 2499.35480598 4500.0
1512223959.28 2499.38706568 4500.0
1512223959.41 2499.41771239 4500.0
1512223959.47 2499.44682677 4500.0
1512223959.58 2499.47448543 4500.0
1512223959.69 2499.50076116 4500.0
1512223959.79 2499.5257231 4500.0
1512223959.88 2499.54943695 4500.0
1512223959.97 2499.5719651 4500.0
1512223960.09 2499.59336685 4500.0
1512223960.18 2499.6136985 4500.0
1512223960.28 2499.63301358 4500.0
1512223960.38 2499.6513629 4500.0
1512223960.48 2499.66879476 4500.0
1512223960.64 2499.68535502 4500.0
1512223960.71 2499.70108727 4500.0
1512223960.8 2499.7160329 4500.0
1512223960.9 2499.73023126 4500.0
1512223961.01 2499.7437197 4500.0
1512223961.11 2499.75653371 4500.0
1512223961.21 2499.76870703 4500.0
1512223961.38 2499.78027167 4500.0
1512223961.44 2499.79125809 4500.0
1512223961.55 2499.80169519 4500.0
1512223961.64 2499.81161043 4500.0
1512223961.74 2499.82102991 4500.0
1512223961.86 2499.82997841 4500.0
1512223961.96 2499.83847949 4500.0
1512223962.06 2499.84655551 4500.0
1512223962.16 2499.85422774 4500.0
1512223962.26 2499.86151635 4500.0
1512223962.34 2499.86844053 4500.0
1512223962.44 2499.87501851 4500.0
1512223962.56 2499.88126758 4500.0
1512223962.65 2499.8872042 4500.0
1512223962.74 2499.89284399 4500.0
1512223962.86 2499.89820179 4500.0
1512223962.95 2499.9032917 4500.0
1512223963.05 2499.90812712 4500.0
1512223963.14 2499.91272076 4500.0
1512223963.25 2499.91708472 4500.0
1512223963.36 2499.92123049 4500.0
1512223963.45 2499.92516896 4500.0
1512223963.55 2499.92891052 4500.0
1512223963.66 2499.93246499 4500.0
1512223963.75 2499.93584174 4500.0
1512223963.85 2499.93904965 4500.0
1512223963.95 2499.94209717 4500.0
1512223964.05 2499.94499231 4500.0
1512223964.15 2499.9477427 4500.0
1512223964.26 2499.95035556 4500.0
1512223964.35 2499.95283778 4500.0
1512223964.45 2499.95519589 4500.0
1512223964.55 2499.9574361 4500.0
1512223964.65 2499.95956429 4500.0
1512223964.84 2499.96158608 4500.0
1512223964.89 2499.96350678 4500.0
1512223965.06 2499.96533144 4500.0
1512223965.12 2499.96706487 4500.0
1512223965.23 2499.96871162 4500.0
1512223965.42 2499.97027604 4500.0
1512223965.47 2499.97176224 4500.0
1512223965.58 2499.97317413 4500.0
1512223965.67 2499.97451542 4500.0
1512223965.79 2499.97578965 4500.0
1512223965.89 2499.97700017 4500.0
1512223965.99 2499.97815016 4500.0
1512223966.08 2499.97924265 4500.0
1512223966.19 2499.98028052 4500.0
1512223966.29 2499.98126649 4500.0
1512223966.39 2499.98220317 4500.0
1512223966.49 2499.98309301 4500.0
1512223966.59 2499.98393836 4500.0
1512223966.68 2499.98474144 4500.0
1512223966.78 2499.98550437 4500.0
1512223966.88 2499.98622915 4500.0
1512223966.98 2499.98691769 4500.0
1512223967.08 2499.98757181 4500.0
1512223967.18 2499.98819322 4500.0
1512223967.36 2499.98878356 4500.0
1512223967.42 2499.98934438 4500.0
1512223967.53 2499.98987716 4500.0
1512223967.63 2499.9903833 4500.0
1512223967.73 2499.99086414 4500.0
1512223967.82 2499.99132093 4500.0
1512223967.93 2499.99175488 4500.0
1512223968.06 2499.99216714 4500.0
1512223968.13 2499.99255878 4500.0
1512223968.22 2499.99293084 4500.0
1512223968.32 2499.9932843 4500.0
1512223968.45 2499.99362009 4500.0
1512223968.54 2499.99393908 4500.0
1512223968.63 2499.99424213 4500.0
1512223968.71 2499.99453002 4500.0
1512223968.81 2499.99480352 4500.0
1512223968.94 2499.99506334 4500.0
1512223969.04 2499.99531018 4500.0
1512223969.13 2499.99554467 4500.0
1512223969.23 2499.99576743 4500.0
1512223969.33 2499.99597906 4500.0
1512223969.43 2499.99618011 4500.0
1512223969.51 2499.9963711 4500.0
1512223969.62 2499.99655255 4500.0
1512223969.73 2499.99672492 4500.0
1512223969.82 2499.99688868 4500.0
1512223969.93 2499.99704424 4500.0
1512223970.02 2499.99719203 4500.0
1512223970.16 2499.99733243 4500.0
1512223970.25 2499.99746581 4500.0
1512223970.32 2499.99759252 4500.0
1512223970.42 2499.99771289 4500.0
1512223970.53 2499.99782725 4500.0
1512223970.63 2499.99793588 4500.0
1512223970.73 2499.99803909 4500.0
1512223970.83 2499.99813714 4500.0
1512223970.98 2499.99823028 4500.0
1512223971.04 2499.99831876 4500.0
1512223971.14 2499.99840283 4500.0
1512223971.24 2499.99848268 4500.0
1512223971.35 2499.99855855 4500.0
1512223971.45 2499.99863062 4500.0
1512223971.54 2499.99869909 4500.0
1512223971.64 2499.99876414 4500.0
1512223971.74 2499.99882593 4500.0
1512223971.85 2499.99888463 4500.0
1512223971.96 2499.9989404 4500.0
1512223972.06 2499.99899338 4500.0
1512223972.15 2499.99904371 4500.0
1512223972.24 2499.99909153 4500.0
1512223972.34 2499.99913695 4500.0
1512223972.51 2499.9991801 4500.0
1512223972.58 2499.9992211 4500.0
1512223972.73 2499.99926004 4500.0
1512223972.79 2499.99929704 4500.0
1512223972.89 2499.99933219 4500.0
1512223973.05 2499.99936558 4500.0
1512223973.11 2499.9993973 4500.0
1512223973.28 2499.99942744 4500.0
1512223973.35 2499.99945606 4500.0
1512223973.45 2499.99948326 4500.0
1512223973.58 2499.9995091 4500.0
1512223973.64 2499.99953364 4500.0
1512223973.8 2499.99955696 4500.0
1512223973.86 2499.99957911 4500.0
1512223973.96 2499.99960016 4500.0
1512223974.07 2499.99962015 4500.0
1512223974.18 2499.99963914 4500.0
1512223974.27 2499.99965718 4500.0
1512223974.39 2499.99967433 4500.0
1512223974.47 2499.99969061 4500.0
1512223974.57 2499.99970608 4500.0
1512223974.72 2499.99972077 4500.0
1512223974.79 2499.99973474 4500.0
1512223974.89 2499.999748 4500.0
1512223974.99 2499.9997606 4500.0
1512223975.08 2499.99977257 4500.0
1512223975.18 2499.99978394 4500.0
1512223975.29 2499.99979474 4500.0
1512223975.39 2499.99980501 4500.0
1512223975.49 2499.99981476 4500.0
1512223975.59 2499.99982402 4500.0
1512223975.77 2499.99983282 4500.0
1512223975.84 2499.99984118 4500.0
1512223975.94 2499.99984912 4500.0
1512223976.03 2499.99985666 4500.0
1512223976.15 2499.99986383 4500.0
1512223976.25 2499.99987064 4500.0
1512223976.39 2499.99987711 4500.0
1512223976.46 2499.99988325 4500.0
1512223976.56 2499.99988909 4500.0
1512223976.66 2499.99989463 4500.0
1512223976.76 2499.9998999 4500.0
1512223976.86 2499.99990491 4500.0
1512223976.97 2499.99990966 4500.0
1512223977.07 2499.99991418 4500.0
1512223977.17 2499.99991847 4500.0
1512223977.26 2499.99992255 4500.0
1512223977.36 2499.99992642 4500.0
1512223977.46 2499.9999301 4500.0
1512223977.57 2499.99993359 4500.0
1512223977.67 2499.99993691 4500.0
1512223977.77 2499.99994007 4500.0
1512223977.87 2499.99994306 4500.0
1512223977.97 2541.66661258 4500.0
1512223978.07 2581.24994862 4500.0
1512223978.16 2618.85411785 4500.0
1512223978.27 2654.57807863 4500.0
1512223978.36 2688.51584136 4500.0
1512223978.47 2720.75671596 4500.0
1512223978.58 2751.38554683 4500.0
1512223978.67 2780.48293615 4500.0
1512223978.77 2808.12545601 4500.0
1512223978.91 2834.38584988 4500.0
1512223978.98 2859.33322405 4500.0
1512223979.08 2883.03322952 4500.0
1512223979.18 2905.54823471 4500.0
1512223979.28 2926.93748964 4500.0
1512223979.39 2947.25728182 4500.0
1512223979.49 2966.5610844 4500.0
1512223979.58 2984.89969684 4500.0
1512223979.68 3002.32137867 4500.0
1512223979.78 3018.8719764 4500.0
1512223979.89 3034.59504425 4500.0
1512223979.98 3049.5319587 4500.0
1512223980.09 3063.72202743 4500.0
1512223980.18 3077.20259273 4500.0
1512223980.28 3090.00912976 4500.0
1512223980.39 3102.17533994 4500.0
1512223980.5 3113.73323961 4500.0
1512223980.58 3124.71324429 4500.0
1512223980.68 3135.14424875 4500.0
1512223980.78 3145.05370298 4500.0
1512223980.89 3154.46768449 4500.0
1512223980.99 3163.41096694 4500.0
1512223981.09 3171.90708526 4500.0
1512223981.19 3179.97839766 4500.0
1512223981.3 3187.64614444 4500.0
1512223981.39 3194.93050389 4500.0
1512223981.53 3201.85064536 4500.0
1512223981.61 3208.42477976 4500.0
1512223981.7 3214.67020744 4500.0
1512223981.81 3220.60336373 4500.0
1512223981.91 3226.23986221 4500.0
1512223982.0 3231.59453577 4500.0
1512223982.1 3236.68147565 4500.0
1512223982.24 3241.51406853 4500.0
1512223982.32 3246.10503177 4500.0
1512223982.41 3250.46644685 4500.0
1512223982.51 3254.60979117 4500.0
1512223982.62 3258.54596828 4500.0
1512223982.71 3262.28533653 4500.0
1512223982.82 3265.83773637 4500.0
1512223982.91 3269.21251622 4500.0
1512223983.02 3272.41855708 4500.0
1512223983.11 3275.46429589 4500.0
1512223983.22 3278.35774776 4500.0
1512223983.31 3281.10652704 4500.0
1512223983.42 3283.71786736 4500.0
1512223983.51 3286.19864065 4500.0
1512223983.62 3288.55537529 4500.0
1512223983.71 3290.79427319 4500.0
1512223983.82 3292.9212262 4500.0
1512223983.92 3294.94183155 4500.0
1512223984.02 3296.86140664 4500.0
1512223984.12 3298.68500298 4500.0
1512223984.21 3300.4174195 4500.0
1512223984.32 3302.06321519 4500.0
1512223984.41 3303.62672109 4500.0
1512223984.51 3305.11205171 4500.0
1512223984.62 3306.52311579 4500.0
1512223984.72 3307.86362667 4500.0
1512223984.82 3309.137112 4500.0
1512223984.92 3310.34692307 4500.0
1512223985.01 3311.49624358 4500.0
1512223985.12 3312.58809807 4500.0
1512223985.22 3313.62535983 4500.0
1512223985.32 3314.61075851 4500.0
1512223985.42 3315.54688725 4500.0
1512223985.52 3316.43620955 4500.0
1512223985.62 3317.28106574 4500.0
1512223985.72 3318.08367912 4500.0
1512223985.81 3318.84616183 4500.0
1512223985.92 3319.57052041 4500.0
1512223986.02 3320.25866105 4500.0
1512223986.12 3320.91239467 4500.0
1512223986.22 3321.5334416 4500.0
1512223986.33 3322.12343619 4500.0
1512223986.42 3322.68393104 4500.0
1512223986.52 3323.21640116 4500.0
1512223986.63 3323.72224777 4500.0
1512223986.73 3324.20280205 4500.0
1512223986.82 3324.65932861 4500.0
1512223986.92 3325.09302885 4500.0
1512223987.02 3325.50504407 4500.0
1512223987.12 3325.89645853 4500.0
1512223987.22 3326.26830227 4500.0
1512223987.33 3326.62155383 4500.0
1512223987.43 3326.9571428 4500.0
1512223987.52 3327.27595233 4500.0
1512223987.62 3327.57882138 4500.0
1512223987.72 3327.86654698 4500.0
1512223987.83 3328.13988629 4500.0
1512223987.93 3328.39955865 4500.0
1512223988.03 3328.64624738 4500.0
1512223988.13 3328.88060168 4500.0
1512223988.23 3329.10323826 4500.0
1512223988.33 3329.31474301 4500.0
1512223988.43 3329.51567253 4500.0
1512223988.52 3329.70655557 4500.0
1512223988.64 3329.88789446 4500.0
1512223988.74 3330.0601664 4500.0
1512223988.83 3330.22382475 4500.0
1512223988.93 3330.37930018 4500.0
1512223989.04 3330.52700184 4500.0
1512223989.13 3330.66731841 4500.0
1512223989.23 3330.80061916 4500.0
1512223989.34 3330.92725487 4500.0
1512223989.43 3331.04755879 4500.0
1512223989.53 3331.16184752 4500.0
1512223989.63 3331.27042181 4500.0
1512223989.73 3331.37356738 4500.0
1512223989.83 3331.47155568 4500.0
1512223989.94 3331.56464456 4500.0
1512223990.03 3331.653079 4500.0
1512223990.14 3331.73709172 4500.0
1512223990.23 3331.8169038 4500.0
1512223990.34 3331.89272528 4500.0
1512223990.43 3331.96475568 4500.0
1512223990.53 3332.03318456 4500.0
1512223990.63 3332.098192 4500.0
1512223990.73 3332.15994907 4500.0
1512223990.83 3332.21861828 4500.0
1512223990.94 3332.27435403 4500.0
1512223991.04 3332.327303 4500.0
1512223991.13 3332.37760451 4500.0
1512223991.23 3332.42539096 4500.0
1512223991.34 3332.47078807 4500.0
1512223991.44 3332.51391534 4500.0
1512223991.54 3332.55488624 4500.0
1512223991.64 3332.59380859 4500.0
1512223991.74 3332.63078483 4500.0
1512223991.84 3332.66591225 4500.0
1512223991.94 3332.69928331 4500.0
1512223992.04 3332.73098581 4500.0
1512223992.14 3332.76110319 4500.0
1512223992.24 3332.78971469 4500.0
1512223992.34 3332.81689563 4500.0
1512223992.43 3332.84271751 4500.0
1512223992.54 3332.8672483 4500.0
1512223992.64 3332.89055255 4500.0
1512223992.74 3332.91269159 4500.0
1512223992.84 3332.93372368 4500.0
1512223992.94 3332.95370416 4500.0
1512223993.04 3332.97268562 4500.0
1512223993.14 3332.99071801 4500.0
1512223993.24 3333.00784877 4500.0
1512223993.34 3333.024123 4500.0
1512223993.44 3333.03958352 4500.0
1512223993.54 3333.05427101 4500.0
1512223993.64 3333.06822412 4500.0
1512223993.75 3333.08147958 4500.0
1512223993.84 3333.09407227 4500.0
1512223993.94 3333.10603533 4500.0
1512223994.04 3333.11740023 4500.0
1512223994.15 3333.12819688 4500.0
1512223994.24 3333.1384537 4500.0
1512223994.34 3333.14819769 4500.0
1512223994.44 3333.15745447 4500.0
1512223994.54 3333.16624841 4500.0
1512223994.64 3333.17460266 4500.0
1512223994.75 3333.18253919 4500.0
1512223994.85 3333.1900789 4500.0
1512223994.95 3333.19724162 4500.0
1512223995.05 3333.20404621 4500.0
1512223995.15 3333.21051056 4500.0
1512223995.25 3333.2166517 4500.0
1512223995.35 3333.22248578 4500.0
1512223995.45 3333.22802816 4500.0
1512223995.55 3333.23329342 4500.0
1512223995.65 3333.23829541 4500.0
1512223995.75 3333.24304731 4500.0
1512223995.85 3291.58089494 4500.0
1512223995.94 3252.0018502 4500.0
1512223996.05 3256.06842435 4500.0
1512223996.14 3259.9316698 4500.0
1512223996.24 3263.60175298 4500.0
1512223996.35 3267.088332 4500.0
1512223996.45 3270.40058206 4500.0
1512223996.54 3273.54721963 4500.0
1512223996.64 3276.53652531 4500.0
1512223996.74 3279.37636571 4500.0
1512223996.84 3282.07421409 4500.0
1512223996.94 3284.63717006 4500.0
1512223997.05 3287.07197822 4500.0
1512223997.14 3289.38504598 4500.0
1512223997.25 3291.58246034 4500.0
1512223997.35 3293.67000399 4500.0
1512223997.45 3295.65317046 4500.0
1512223997.56 3297.5371786 4500.0
1512223997.66 3299.32698634 4500.0
1512223997.76 3301.02730369 4500.0
1512223997.85 3302.64260517 4500.0
1512223997.96 3304.17714158 4500.0
1512223998.05 3305.63495117 4500.0
1512223998.15 3307.01987028 4500.0
1512223998.26 3308.33554343 4500.0
1512223998.35 3309.58543292 4500.0
1512223998.45 3310.77282794 4500.0
1512223998.55 3311.90085321 4500.0
1512223998.66 3312.97247722 4500.0
1512223998.76 3313.99052003 4500.0
1512223998.86 3314.95766069 4500.0
1512223998.95 3315.87644432 4500.0
1512223999.06 3316.74928877 4500.0
1512223999.15 3317.578491 4500.0
1512223999.26 3318.36623312 4500.0
1512223999.36 3319.11458813 4500.0
1512223999.45 3319.82552539 4500.0
1512223999.55 3320.50091579 4500.0
1512223999.65 3321.14253666 4500.0
1512223999.75 3321.7520765 4500.0
1512223999.85 3322.33113934 4500.0
1512223999.95 3322.88124904 4500.0
1512224000.06 3323.40385325 4500.0
1512224000.15 3323.90032726 4500.0
1512224000.26 3324.37197756 4500.0
1512224000.36 3324.82004535 4500.0
1512224000.45 3325.24570975 4500.0
1512224000.56 3325.65009093 4500.0
1512224000.66 3326.03425305 4500.0
1512224000.76 3326.39920706 4500.0
1512224000.85 3326.74591338 4500.0
1512224000.96 3327.07528437 4500.0
1512224001.05 3327.38818682 4500.0
1512224001.15 3327.68544415 4500.0
1512224001.26 3327.96783861 4500.0
1512224001.36 3328.23611334 4500.0
1512224001.45 3328.49097434 4500.0
1512224001.56 3328.73309229 4500.0
1512224001.66 3328.96310434 4500.0
1512224001.75 3329.18161579 4500.0
1512224001.85 3329.38920167 4500.0
1512224001.95 3329.58640825 4500.0
1512224002.05 3329.77375451 4500.0
1512224002.16 3329.95173345 4500.0
1512224002.26 3330.12081344 4500.0
1512224002.35 3330.28143944 4500.0
1512224002.45 3330.43403413 4500.0
1512224002.55 3330.57899909 4500.0
1512224002.66 3330.7167158 4500.0
1512224002.75 3330.84754668 4500.0
1512224002.85 3330.97183601 4500.0
1512224002.96 3331.08991088 4500.0
1512224003.06 3331.202082 4500.0
1512224003.15 3331.30864457 4500.0
1512224003.26 3331.40987901 4500.0
1512224003.35 3331.50605172 4500.0
1512224003.46 3331.5974158 4500.0
1512224003.57 3331.68421168 4500.0
1512224003.65 3331.76666776 4500.0
1512224003.76 3331.84500104 4500.0
1512224003.86 3331.91941766 4500.0
1512224003.97 3331.99011344 4500.0
1512224004.07 3332.05727443 4500.0
1512224004.16 3332.12107738 4500.0
1512224004.26 3332.18169018 4500.0
1512224004.36 3332.23927234 4500.0
1512224004.46 3332.29397539 4500.0
1512224004.57 3332.34594328 4500.0
1512224004.66 3332.39531279 4500.0
1512224004.76 3332.44221381 4500.0
1512224004.86 3332.48676979 4500.0
1512224004.96 3332.52909797 4500.0
1512224005.06 3332.56930973 4500.0
1512224005.16 3332.60751091 4500.0
1512224005.26 3332.64380204 4500.0
1512224005.36 3332.6782786 4500.0
1512224005.46 3332.71103134 4500.0
1512224005.57 3332.74214644 4500.0
1512224005.66 3332.77170578 4500.0
1512224005.76 3332.79978716 4500.0
1512224005.86 3332.82646447 4500.0
1512224005.96 3332.85180791 4500.0
1512224006.06 3332.87588418 4500.0
1512224006.16 3332.89875664 4500.0
1512224006.27 3332.92048547 4500.0
1512224006.36 3332.94112787 4500.0
1512224006.47 3332.96073814 4500.0
1512224006.57 3332.9793679 4500.0
1512224006.67 3332.99706617 4500.0
1512224006.77 3333.01387953 4500.0
1512224006.87 3333.02985222 4500.0
1512224006.97 3333.04502628 4500.0
1512224007.07 3333.05944163 4500.0
1512224007.16 3333.07313621 4500.0
1512224007.27 3333.08614607 4500.0
1512224007.37 3333.09850543 4500.0
1512224007.47 3333.11024683 4500.0
1512224007.57 3333.12140115 4500.0
1512224007.67 3333.13199776 4500.0
1512224007.77 3333.14206454 4500.0
1512224007.87 3333.15162798 4500.0
1512224007.97 3333.16071325 4500.0
1512224008.07 3333.16934425 4500.0
1512224008.17 3333.17754371 4500.0
1512224008.26 3333.18533319 4500.0
1512224008.37 3333.1927332 4500.0
1512224008.46 3333.1997632 4500.0
1512224008.57 3333.20644171 4500.0
1512224008.67 3333.21278629 4500.0
1512224008.76 3333.21881364 4500.0
1512224008.87 3333.22453963 4500.0
1512224008.96 3333.22997931 4500.0
1512224009.07 3333.23514701 4500.0
1512224009.17 3333.24005633 4500.0
1512224009.27 3333.24472018 4500.0
1512224009.37 3333.24915084 4500.0
1512224009.47 3333.25335996 4500.0
1512224009.57 3333.25735863 4500.0
1512224009.67 3333.26115737 4500.0
1512224009.77 3333.26476616 4500.0
1512224009.87 3333.26819452 4500.0
1512224009.96 3333.27145146 4500.0
1512224010.07 3333.27454556 4500.0
1512224010.17 3333.27748495 4500.0
1512224010.27 3333.28027736 4500.0
1512224010.37 3333.28293016 4500.0
1512224010.48 3333.28545032 4500.0
1512224010.58 3333.28784447 4500.0
1512224010.67 3333.29011892 4500.0
1512224010.77 3333.29227964 4500.0
1512224010.88 3333.29433232 4500.0
1512224010.97 3333.29628237 4500.0
1512224011.08 3333.29813492 4500.0
1512224011.17 3333.29989484 4500.0
1512224011.27 3333.30156677 4500.0
1512224011.37 3333.30315509 4500.0
1512224011.47 3333.30466401 4500.0
1512224011.57 3333.30609747 4500.0
1512224011.67 3333.30745926 4500.0
1512224011.77 3333.30875297 4500.0
1512224011.87 3333.30998199 4500.0
1512224011.97 3333.31114955 4500.0
1512224012.08 3333.31225874 4500.0
1512224012.17 3333.31331247 4500.0
1512224012.27 3333.31431352 4500.0
1512224012.37 3333.31526451 4500.0
1512224012.47 3333.31616795 4500.0
1512224012.57 3333.31702622 4500.0
1512224012.67 3333.31784157 4500.0
1512224012.78 3333.31861616 4500.0
1512224012.88 3333.31935202 4500.0
1512224012.98 3333.32005109 4500.0
1512224013.07 3333.3207152 4500.0
1512224013.17 3333.3213461 4500.0
1512224013.27 3333.32194547 4500.0
1512224013.37 3333.32251486 4500.0
1512224013.48 3333.32305578 4500.0
1512224013.57 3333.32356966 4500.0
1512224013.68 3333.32405784 4500.0
1512224013.78 3333.32452162 4500.0
1512224013.88 3333.3249622 4500.0
1512224013.98 3333.32538076 4500.0
1512224014.07 3333.32577839 4500.0
1512224014.18 3333.32615614 4500.0
1512224014.28 3333.326515 4500.0
1512224014.37 3333.32685591 4500.0
1512224014.48 3333.32717978 4500.0
1512224014.57 3333.32748746 4500.0
1512224014.68 3333.32777976 4500.0
1512224014.78 3333.32805743 4500.0
1512224014.88 3333.32832123 4500.0
1512224014.98 3333.32857183 4500.0
1512224015.08 3333.32880991 4500.0
1512224015.18 3333.32903608 4500.0
1512224015.29 3333.32925094 4500.0
1512224015.39 3333.32945506 4500.0
1512224015.48 3333.32964898 4500.0
1512224015.58 3333.32983319 4500.0
1512224015.68 3333.3300082 4500.0
1512224015.78 3333.33017446 4500.0
1512224015.89 3333.3303324 4500.0
1512224016.01 3333.33048245 4500.0
1512224016.09 3333.33062499 4500.0
1512224016.19 3333.33076041 4500.0
1512224016.28 3333.33088906 4500.0
1512224016.38 3333.33101127 4500.0
1512224016.49 3333.33112737 4500.0
1512224016.58 3333.33123767 4500.0
1512224016.68 3333.33134245 4500.0
1512224016.78 3333.331442 4500.0
1512224016.88 3333.33153656 4500.0
1512224016.98 3333.3316264 4500.0
1512224017.08 3333.33171175 4500.0
1512224017.19 3333.33179283 4500.0
1512224017.29 3333.33186985 4500.0
1512224017.39 3333.33194303 4500.0
1512224017.49 3333.33201254 4500.0
1512224017.6 3333.33207858 4500.0
1512224017.7 3333.33214132 4500.0
1512224017.8 3333.33220092 4500.0
1512224017.89 3333.33225754 4500.0
1512224017.99 3333.33231133 4500.0
1512224018.1 3333.33236243 4500.0
1512224018.19 3333.33241098 4500.0
1512224018.3 3333.33245709 4500.0
1512224018.4 3333.33250091 4500.0
1512224018.5 3333.33254253 4500.0
1512224018.61 3333.33258207 4500.0
1512224018.7 3333.33261963 4500.0
1512224018.8 3333.33265532 4500.0
1512224018.9 3333.33268922 4500.0
1512224019.0 3333.33272142 4500.0
1512224019.11 3333.33275202 4500.0
1512224019.2 3333.33278108 4500.0
1512224019.3 3333.3328087 4500.0
1512224019.4 3333.33283493 4500.0
1512224019.5 3333.33285985 4500.0
1512224019.6 3333.33288352 4500.0
1512224019.7 3333.33290601 4500.0
1512224019.8 3333.33292738 4500.0
1512224019.9 3333.33294768 4500.0
1512224020.0 3333.33296696 4500.0
1512224020.1 3333.33298528 4500.0
1512224020.2 3333.33300268 4500.0
1512224020.3 3333.33301921 4500.0
1512224020.4 3333.33303492 4500.0
1512224020.5 3333.33304984 4500.0
1512224020.59 3333.33306402 4500.0
1512224020.69 3333.33307748 4500.0
1512224020.8 3333.33309027 4500.0
1512224020.9 3333.33310243 4500.0
1512224021.01 3333.33311397 4500.0
1512224021.11 3333.33312494 4500.0
1512224021.21 3333.33313536 4500.0
1512224021.31 3333.33314526 4500.0
1512224021.4 3333.33315466 4500.0
1512224021.5 3333.3331636 4500.0
1512224021.6 3333.33317208 4500.0
1512224021.7 3333.33318015 4500.0
1512224021.8 3333.3331878 4500.0
1512224021.91 3333.33319508 4500.0
1512224022.0 3333.33320199 4500.0
1512224022.1 3333.33320856 4500.0
1512224022.2 3333.3332148 4500.0
1512224022.3 3333.33322073 4500.0
1512224022.4 3333.33322636 4500.0
1512224022.5 3333.33323171 4500.0
1512224022.6 3333.33323679 4500.0
1512224022.7 3333.33324161 4500.0
1512224022.81 3333.3332462 4500.0
1512224022.91 3333.33325056 4500.0
1512224023.01 3333.3332547 4500.0
1512224023.1 3333.33325863 4500.0
1512224023.2 3333.33326236 4500.0
1512224023.3 3333.33326591 4500.0
1512224023.41 3333.33326928 4500.0
1512224023.51 3333.33327248 4500.0
1512224023.61 3333.33327553 4500.0
1512224023.71 3333.33327842 4500.0
1512224023.81 3333.33328116 4500.0
1512224023.91 3333.33328377 4500.0
1512224024.01 3333.33328625 4500.0
1512224024.11 3333.3332886 4500.0
1512224024.21 3333.33329084 4500.0
1512224024.32 3333.33329297 4500.0
1512224024.41 3333.33329498 4500.0
1512224024.51 3333.3332969 4500.0
1512224024.61 3333.33329872 4500.0
1512224024.71 3333.33330045 4500.0
1512224024.82 3333.3333021 4500.0
1512224024.91 3333.33330366 4500.0
1512224025.01 3333.33330514 4500.0
1512224025.11 3333.33330655 4500.0
1512224025.21 3333.33330789 4500.0
1512224025.31 3333.33330916 4500.0
1512224025.43 3333.33331037 4500.0
1512224025.52 3333.33331152 4500.0
1512224025.62 3333.33331261 4500.0
1512224025.72 3333.33331365 4500.0
1512224025.81 3333.33331463 4500.0
1512224025.91 3333.33331557 4500.0
1512224026.01 3333.33331645 4500.0
1512224026.11 3333.3333173 4500.0
1512224026.22 3333.3333181 4500.0
1512224026.32 3333.33331886 4500.0
1512224026.41 3333.33331959 4500.0
1512224026.52 3333.33332027 4500.0
1512224026.62 3333.33332093 4500.0
1512224026.71 3333.33332155 4500.0
1512224026.81 3333.33332214 4500.0
1512224026.91 3333.3333227 4500.0
1512224027.03 3333.33332323 4500.0
1512224027.12 3333.33332373 4500.0
1512224027.22 3333.33332421 4500.0
1512224027.32 3333.33332467 4500.0
1512224027.42 3333.3333251 4500.0
1512224027.52 3333.33332551 4500.0
1512224027.62 3333.3333259 4500.0
1512224027.72 3333.33332628 4500.0
1512224027.81 3333.33332663 4500.0
1512224027.92 3333.33332696 4500.0
1512224028.03 3333.33332728 4500.0
1512224028.13 3333.33332759 4500.0
1512224028.23 3333.33332787 4500.0
1512224028.32 3333.33332815 4500.0
1512224028.42 3333.3333284 4500.0
1512224028.53 3333.33332865 4500.0
1512224028.62 3333.33332889 4500.0
1512224028.73 3333.33332911 4500.0
1512224028.83 3333.33332932 4500.0
1512224028.92 3333.33332952 4500.0
1512224029.02 3333.33332971 4500.0
1512224029.12 3333.33332989 4500.0
1512224029.22 3333.33333006 4500.0
1512224029.32 3333.33333023 4500.0
1512224029.42 3333.33333038 4500.0
1512224029.52 3333.33333053 4500.0
1512224029.62 3333.33333067 4500.0
1512224029.72 3333.3333308 4500.0
1512224029.83 3333.33333093 4500.0
1512224029.93 3333.33333105 4500.0
1512224030.02 3333.33333116 4500.0
1512224030.12 3333.33333127 4500.0
1512224030.22 3333.33333138 4500.0
1512224030.32 3333.33333147 4500.0
1512224030.42 3333.33333157 4500.0
1512224030.53 3333.33333165 4500.0
1512224030.63 3333.33333174 4500.0
1512224030.73 3333.33333182 4500.0
1512224030.83 3333.33333189 4500.0
1512224030.93 3333.33333197 4500.0
1512224031.03 3333.33333203 4500.0
1512224031.12 3333.3333321 4500.0
1512224031.22 3333.33333216 4500.0
1512224031.33 3333.33333222 4500.0
1512224031.43 3333.33333228 4500.0
1512224031.54 3333.33333233 4500.0
1512224031.62 3333.33333238 4500.0
1512224031.73 3333.33333243 4500.0
1512224031.83 3333.33333247 4500.0
1512224031.93 3333.33333251 4500.0
1512224032.04 3333.33333256 4500.0
1512224032.14 3333.33333259 4500.0
1512224032.23 3333.33333263 4500.0
1512224032.33 3333.33333267 4500.0
1512224032.5 3333.3333327 4500.0
1512224032.56 3333.33333273 4500.0
1512224032.66 3333.33333276 4500.0
1512224032.76 3333.33333279 4500.0
1512224032.86 3333.33333282 4500.0
1512224032.98 3333.33333284 4500.0
1512224033.07 3333.33333287 4500.0
1512224033.17 3333.33333289 4500.0
1512224033.28 3333.33333291 4500.0
1512224033.37 3333.33333293 4500.0
1512224033.46 3333.33333295 4500.0
1512224033.57 3333.33333297 4500.0
1512224033.67 3333.33333299 4500.0
1512224033.76 3333.33333301 4500.0
1512224033.87 3333.33333302 4500.0
1512224033.96 3333.33333304 4500.0
1512224034.07 3333.33333305 4500.0
1512224034.17 3333.33333307 4500.0
1512224034.27 3333.33333308 4500.0
1512224034.37 3333.33333309 4500.0
1512224034.47 3333.33333311 4500.0
1512224034.56 3333.33333312 4500.0
1512224034.66 3333.33333313 4500.0
1512224034.78 3333.33333314 4500.0
1512224034.88 3333.33333315 4500.0
1512224034.98 3333.33333316 4500.0
1512224035.08 3333.33333317 4500.0
1512224035.17 3333.33333317 4500.0
1512224035.28 3333.33333318 4500.0
1512224035.37 3333.33333319 4500.0
1512224035.48 3333.3333332 4500.0
1512224035.58 3333.3333332 4500.0
1512224035.67 3333.33333321 4500.0
1512224035.77 3333.33333322 4500.0
1512224035.87 3333.33333322 4500.0
1512224035.97 3333.33333323 4500.0
1512224036.07 3333.33333323 4500.0
1512224036.17 3333.33333324 4500.0
1512224036.27 3333.33333324 4500.0
1512224036.38 3333.33333325 4500.0
1512224036.48 3333.33333325 4500.0
1512224036.57 3333.33333326 4500.0
1512224036.67 3333.33333326 4500.0
1512224036.77 3333.33333326 4500.0
1512224036.87 3333.33333327 4500.0
1512224037.03 3333.33333327 4500.0
1512224037.1 3333.33333327 4500.0
1512224037.2 3333.33333328 4500.0
1512224037.3 3333.33333328 4500.0
1512224037.4 3333.33333328 4500.0
1512224037.5 3333.33333328 4500.0
1512224037.59 3333.33333329 4500.0
1512224037.7 3333.33333329 4500.0
1512224037.8 3333.33333329 4500.0
1512224037.91 3333.33333329 4500.0
1512224038.01 3333.3333333 4500.0
1512224038.11 3333.3333333 4500.0
1512224038.2 3333.3333333 4500.0
1512224038.31 3333.3333333 4500.0
1512224038.41 3333.3333333 4500.0
1512224038.5 3333.3333333 4500.0
1512224038.61 3333.33333331 4500.0
1512224038.71 3333.33333331 4500.0
1512224038.8 3333.33333331 4500.0
1512224038.9 3333.33333331 4500.0
1512224039.0 3333.33333331 4500.0
1512224039.1 3333.33333331 4500.0
1512224039.2 3333.33333331 4500.0
1512224039.3 3333.33333331 4500.0
1512224039.41 3333.33333331 4500.0
1512224039.5 3333.33333332 4500.0
1512224039.6 3333.33333332 4500.0
1512224039.7 3333.33333332 4500.0
1512224039.8 3333.33333332 4500.0
1512224039.91 3333.33333332 4500.0
1512224040.01 3333.33333332 4500.0
1512224040.1 3333.33333332 4500.0
1512224040.21 3333.33333332 4500.0
1512224040.3 3333.33333332 4500.0
1512224040.4 3333.33333332 4500.0
1512224040.51 3333.33333332 4500.0
1512224040.61 3333.33333332 4500.0
1512224040.74 3333.33333332 4500.0
1512224040.81 3333.33333332 4500.0
1512224040.91 3333.33333332 4500.0
1512224041.0 3333.33333333 4500.0
1512224041.11 3333.33333333 4500.0
1512224041.21 3333.33333333 4500.0
1512224041.32 3333.33333333 4500.0
1512224041.42 3333.33333333 4500.0
1512224041.52 3333.33333333 4500.0
1512224041.61 3333.33333333 4500.0
1512224041.72 3333.33333333 4500.0
1512224041.81 3333.33333333 4500.0
1512224041.91 3333.33333333 4500.0
1512224042.01 3333.33333333 4500.0
1512224042.11 3333.33333333 4500.0
1512224042.21 3333.33333333 4500.0
1512224042.32 3333.33333333 4500.0
1512224042.4 3333.33333333 4500.0
1512224042.51 3333.33333333 4500.0
1512224042.6 3333.33333333 4500.0
1512224042.71 3333.33333333 4500.0
1512224042.82 3333.33333333 4500.0
1512224042.91 3333.33333333 4500.0
1512224043.01 3333.33333333 4500.0
1512224043.12 3333.33333333 4500.0
1512224043.21 3333.33333333 4500.0
1512224043.32 3333.33333333 4500.0
1512224043.42 3333.33333333 4500.0
1512224043.52 3333.33333333 4500.0
1512224043.61 3333.33333333 4500.0
1512224043.71 3333.33333333 4500.0
1512224043.81 3333.33333333 4500.0
1512224043.91 3333.33333333 4500.0
1512224044.06 3333.33333333 4500.0
1512224044.12 3333.33333333 4500.0
1512224044.22 3333.33333333 4500.0
1512224044.33 3333.33333333 4500.0
1512224044.43 3333.33333333 4500.0
1512224044.53 3333.33333333 4500.0
1512224044.63 3333.33333333 4500.0
1512224044.73 3333.33333333 4500.0
1512224044.83 3333.33333333 4500.0
1512224044.93 3333.33333333 4500.0
1512224045.03 3333.33333333 4500.0
1512224045.13 3333.33333333 4500.0
1512224045.24 3333.33333333 4500.0
1512224045.33 3333.33333333 4500.0
1512224045.43 3333.33333333 4500.0
1512224045.54 3333.33333333 4500.0
1512224045.63 3333.33333333 4500.0
1512224045.73 3333.33333333 4500.0
1512224045.83 3333.33333333 4500.0
1512224045.93 3333.33333333 4500.0
1512224046.03 3333.33333333 4500.0
1512224046.13 3333.33333333 4500.0
1512224046.24 3333.33333333 4500.0
1512224046.32 3333.33333333 4500.0
1512224046.44 3333.33333333 4500.0
1512224046.53 3333.33333333 4500.0
1512224046.64 3333.33333333 4500.0
1512224046.73 3333.33333333 4500.0
1512224046.83 3333.33333333 4500.0
1512224046.94 3333.33333333 4500.0
1512224047.04 3333.33333333 4500.0
1512224047.13 3333.33333333 4500.0
1512224047.23 3333.33333333 4500.0
1512224047.33 3333.33333333 4500.0
1512224047.44 3333.33333333 4500.0
1512224047.54 3333.33333333 4500.0
1512224047.64 3333.33333333 4500.0
1512224047.74 3333.33333333 4500.0
1512224047.84 3333.33333333 4500.0
1512224047.93 3333.33333333 4500.0
1512224048.04 3333.33333333 4500.0
1512224048.14 3333.33333333 4500.0
1512224048.24 3333.33333333 4500.0
1512224048.35 3333.33333333 4500.0
1512224048.44 3333.33333333 4500.0
1512224048.54 3333.33333333 4500.0
1512224048.64 3333.33333333 4500.0
1512224048.74 3333.33333333 4500.0
1512224048.84 3333.33333333 4500.0
1512224048.94 3333.33333333 4500.0
1512224049.04 3333.33333333 4500.0
1512224049.13 3333.33333333 4500.0
1512224049.24 3333.33333333 4500.0
1512224049.33 3333.33333333 4500.0
1512224049.43 3333.33333333 4500.0
1512224049.54 3333.33333333 4500.0
1512224049.64 3333.33333333 4500.0
1512224049.74 3333.33333333 4500.0
1512224049.84 3333.33333333 4500.0
1512224049.95 3333.33333333 4500.0
1512224050.03 3333.33333333 4500.0
1512224050.14 3333.33333333 4500.0
1512224050.24 3333.33333333 4500.0
1512224050.35 3333.33333333 4500.0
1512224050.44 3333.33333333 4500.0
1512224050.54 3333.33333333 4500.0
1512224050.65 3333.33333333 4500.0
1512224050.74 3333.33333333 4500.0
1512224050.84 3333.33333333 4500.0
1512224050.94 3333.33333333 4500.0
1512224051.04 3333.33333333 4500.0
1512224051.14 3333.33333333 4500.0
1512224051.24 3333.33333333 4500.0
1512224051.34 3333.33333333 4500.0
1512224051.44 3333.33333333 4500.0
1512224051.55 3333.33333333 4500.0
1512224051.65 3333.33333333 4500.0
1512224051.74 3333.33333333 4500.0
1512224051.85 3333.33333333 4500.0
1512224051.95 3333.33333333 4500.0
1512224052.06 3333.33333333 4500.0
1512224052.15 3333.33333333 4500.0
1512224052.25 3333.33333333 4500.0
1512224052.35 3333.33333333 4500.0
1512224052.46 3333.33333333 4500.0
1512224052.55 3333.33333333 4500.0
1512224052.65 3333.33333333 4500.0
1512224052.75 3333.33333333 4500.0
1512224052.85 3333.33333333 4500.0
1512224052.95 3333.33333333 4500.0
1512224053.05 3333.33333333 4500.0
1512224053.15 3333.33333333 4500.0
1512224053.25 3333.33333333 4500.0
1512224053.34 3333.33333333 4500.0
1512224053.45 3333.33333333 4500.0
1512224053.54 3333.33333333 4500.0
1512224053.65 3333.33333333 4500.0
1512224053.75 3333.33333333 4500.0
1512224053.85 3333.33333333 4500.0
1512224053.95 3333.33333333 4500.0
1512224054.05 3333.33333333 4500.0
1512224054.15 3333.33333333 4500.0
1512224054.24 3333.33333333 4500.0
1512224054.35 3333.33333333 4500.0
1512224054.45 3333.33333333 4500.0
1512224054.55 3333.33333333 4500.0
1512224054.65 3333.33333333 4500.0
1512224054.75 3333.33333333 4500.0
1512224054.85 3333.33333333 4500.0
1512224054.95 3333.33333333 4500.0
1512224055.05 3333.33333333 4500.0
1512224055.14 3333.33333333 4500.0
1512224055.26 3333.33333333 4500.0
1512224055.34 3333.33333333 4500.0
1512224055.45 3333.33333333 4500.0
1512224055.56 3333.33333333 4500.0
1512224055.65 3333.33333333 4500.0
1512224055.75 3333.33333333 4500.0
1512224055.87 3333.33333333 4500.0
1512224055.95 3333.33333333 4500.0
1512224056.05 3333.33333333 4500.0
1512224056.16 3333.33333333 4500.0
1512224056.25 3333.33333333 4500.0
1512224056.35 3333.33333333 4500.0
1512224056.46 3333.33333333 4500.0
1512224056.56 3333.33333333 4500.0
1512224056.66 3333.33333333 4500.0
1512224056.76 3333.33333333 4500.0
1512224056.86 3333.33333333 4500.0
1512224056.96 3333.33333333 4500.0
1512224057.07 3333.33333333 4500.0
1512224057.16 3333.33333333 4500.0
1512224057.26 3333.33333333 4500.0
1512224057.37 3333.33333333 4500.0
1512224057.46 3333.33333333 4500.0
1512224057.56 3333.33333333 4500.0
1512224057.66 3333.33333333 4500.0
1512224057.76 3333.33333333 4500.0
1512224057.86 3333.33333333 4500.0
1512224057.96 3333.33333333 4500.0
1512224058.06 3333.33333333 4500.0
1512224058.16 3333.33333333 4500.0
1512224058.26 3333.33333333 4500.0
1512224058.36 3333.33333333 4500.0
1512224058.46 3333.33333333 4500.0
1512224058.56 3333.33333333 4500.0
1512224058.67 3333.33333333 4500.0
1512224058.76 3333.33333333 4500.0
1512224058.86 3333.33333333 4500.0
1512224058.96 3333.33333333 4500.0
1512224059.06 3333.33333333 4500.0
1512224059.15 3333.33333333 4500.0
1512224059.26 3333.33333333 4500.0
1512224059.36 3333.33333333 4500.0
1512224059.46 3333.33333333 4500.0
1512224059.56 3333.33333333 4500.0
1512224059.66 3333.33333333 4500.0
1512224059.76 3333.33333333 4500.0
1512224059.86 3333.33333333 4500.0
1512224059.95 3333.33333333 4500.0
1512224060.06 3333.33333333 4500.0
1512224060.17 3333.33333333 4500.0
1512224060.26 3333.33333333 4500.0
1512224060.36 3333.33333333 4500.0
1512224060.46 3333.33333333 4500.0
1512224060.56 3333.33333333 4500.0
1512224060.66 3333.33333333 4500.0
1512224060.77 3333.33333333 4500.0
1512224060.86 3333.33333333 4500.0
1512224060.97 3333.33333333 4500.0
1512224061.07 3333.33333333 4500.0
1512224061.17 3333.33333333 4500.0
1512224061.27 3333.33333333 4500.0
1512224061.36 3333.33333333 4500.0
1512224061.46 3333.33333333 4500.0
1512224061.56 3333.33333333 4500.0
1512224061.67 3333.33333333 4500.0
1512224061.77 3333.33333333 4500.0
1512224061.87 3333.33333333 4500.0
1512224061.97 3333.33333333 4500.0
1512224062.07 3333.33333333 4500.0
1512224062.17 3333.33333333 4500.0
1512224062.27 3333.33333333 4500.0
1512224062.37 3333.33333333 4500.0
1512224062.46 3333.33333333 4500.0
1512224062.57 3333.33333333 4500.0
1512224062.67 3333.33333333 4500.0
1512224062.77 3333.33333333 4500.0
1512224062.87 3333.33333333 4500.0
1512224062.97 3333.33333333 4500.0
1512224063.07 3333.33333333 4500.0
1512224063.17 3333.33333333 4500.0
1512224063.27 3333.33333333 4500.0
1512224063.38 3333.33333333 4500.0
1512224063.47 3333.33333333 4500.0
1512224063.58 3333.33333333 4500.0
1512224063.67 3333.33333333 4500.0
1512224063.77 3333.33333333 4500.0
1512224063.88 3333.33333333 4500.0
1512224063.97 3333.33333333 4500.0
1512224064.07 3333.33333333 4500.0
1512224064.18 3333.33333333 4500.0
1512224064.27 3333.33333333 4500.0
1512224064.38 3333.33333333 4500.0
1512224064.48 3333.33333333 4500.0
1512224064.58 3333.33333333 4500.0
1512224064.67 3333.33333333 4500.0
1512224064.77 3333.33333333 4500.0
1512224064.88 3333.33333333 4500.0
1512224064.97 3333.33333333 4500.0
1512224065.08 3333.33333333 4500.0
1512224065.18 3333.33333333 4500.0
1512224065.28 3333.33333333 4500.0
1512224065.38 3333.33333333 4500.0
1512224065.46 3333.33333333 4500.0
1512224065.58 3333.33333333 4500.0
1512224065.68 3333.33333333 4500.0
1512224065.77 3333.33333333 4500.0
1512224065.87 3333.33333333 4500.0
1512224065.97 3333.33333333 4500.0
1512224066.07 3333.33333333 4500.0
1512224066.18 3333.33333333 4500.0
1512224066.27 3333.33333333 4500.0
1512224066.37 3333.33333333 4500.0
1512224066.48 3333.33333333 4500.0
1512224066.57 3333.33333333 4500.0
1512224066.67 3333.33333333 4500.0
1512224066.78 3333.33333333 4500.0
1512224066.88 3333.33333333 4500.0
1512224066.98 3333.33333333 4500.0
1512224067.07 3333.33333333 4500.0
1512224067.18 3333.33333333 4500.0
1512224067.28 3333.33333333 4500.0
1512224067.38 3333.33333333 4500.0
1512224067.47 3333.33333333 4500.0
1512224067.58 3333.33333333 4500.0
1512224067.68 3333.33333333 4500.0
1512224067.78 3333.33333333 4500.0
1512224067.88 3333.33333333 4500.0
1512224067.99 3333.33333333 4500.0
1512224068.09 3333.33333333 4500.0
1512224068.18 3333.33333333 4500.0
1512224068.28 3333.33333333 4500.0
1512224068.38 3333.33333333 4500.0
1512224068.48 3333.33333333 4500.0
1512224068.58 3333.33333333 4500.0
1512224068.69 3333.33333333 4500.0
1512224068.78 3333.33333333 4500.0
1512224068.88 3333.33333333 4500.0
1512224068.99 3333.33333333 4500.0
1512224069.09 3333.33333333 4500.0
1512224069.19 3333.33333333 4500.0
1512224069.29 3333.33333333 4500.0
1512224069.37 3333.33333333 4500.0
1512224069.47 3333.33333333 4500.0
1512224069.57 3333.33333333 4500.0
1512224069.69 3333.33333333 4500.0
1512224069.8 3333.33333333 4500.0
1512224069.89 3333.33333333 4500.0
1512224069.98 3333.33333333 4500.0
1512224070.08 3333.33333333 4500.0
1512224070.18 3333.33333333 4500.0
1512224070.29 3333.33333333 4500.0
1512224070.38 3333.33333333 4500.0
1512224070.48 3333.33333333 4500.0
1512224070.58 3333.33333333 4500.0
1512224070.69 3333.33333333 4500.0
1512224070.78 3333.33333333 4500.0
1512224070.88 3333.33333333 4500.0
1512224070.98 3333.33333333 4500.0
1512224071.09 3333.33333333 4500.0
1512224071.18 3333.33333333 4500.0
1512224071.28 3333.33333333 4500.0
1512224071.39 3333.33333333 4500.0
1512224071.48 3333.33333333 4500.0
1512224071.58 3333.33333333 4500.0
1512224071.69 3333.33333333 4500.0
1512224071.8 3333.33333333 4500.0
1512224071.89 3333.33333333 4500.0
1512224071.99 3333.33333333 4500.0
1512224072.09 3333.33333333 4500.0
1512224072.18 3333.33333333 4500.0
1512224072.29 3333.33333333 4500.0
1512224072.38 3333.33333333 4500.0
1512224072.51 3333.33333333 4500.0
1512224072.58 3333.33333333 4500.0
1512224072.69 3333.33333333 4500.0
1512224072.78 3333.33333333 4500.0
1512224072.9 3333.33333333 4500.0
1512224072.99 3333.33333333 4500.0
1512224073.1 3333.33333333 4500.0
1512224073.2 3333.33333333 4500.0
1512224073.29 3333.33333333 4500.0
1512224073.4 3333.33333333 4500.0
1512224073.5 3333.33333333 4500.0
1512224073.59 3333.33333333 4500.0
1512224073.69 3333.33333333 4500.0
1512224073.8 3333.33333333 4500.0
1512224073.89 3333.33333333 4500.0
1512224073.99 3333.33333333 4500.0
1512224074.09 3333.33333333 4500.0
1512224074.21 3333.33333333 4500.0
1512224074.31 3333.33333333 4500.0
1512224074.4 3333.33333333 4500.0
1512224074.5 3333.33333333 4500.0
1512224074.59 3333.33333333 4500.0
1512224074.7 3333.33333333 4500.0
1512224074.8 3333.33333333 4500.0
1512224074.89 3333.33333333 4500.0
1512224074.99 3333.33333333 4500.0
1512224075.1 3333.33333333 4500.0
1512224075.21 3333.33333333 4500.0
1512224075.3 3333.33333333 4500.0
1512224075.41 3333.33333333 4500.0
1512224075.51 3333.33333333 4500.0
1512224075.62 3333.33333333 4500.0
1512224075.71 3333.33333333 4500.0
1512224075.8 3333.33333333 4500.0
1512224075.91 3333.33333333 4500.0
1512224076.01 3333.33333333 4500.0
1512224076.11 3333.33333333 4500.0
1512224076.21 3333.33333333 4500.0
1512224076.31 3333.33333333 4500.0
1512224076.41 3333.33333333 4500.0
1512224076.51 3333.33333333 4500.0
1512224076.6 3333.33333333 4500.0
1512224076.7 3333.33333333 4500.0
1512224076.8 3333.33333333 4500.0
1512224076.92 3333.33333333 4500.0
1512224077.01 3333.33333333 4500.0
1512224077.1 3333.33333333 4500.0
1512224077.21 3333.33333333 4500.0
1512224077.31 3333.33333333 4500.0
1512224077.41 3333.33333333 4500.0
1512224077.52 3333.33333333 4500.0
1512224077.61 3333.33333333 4500.0
1512224077.72 3333.33333333 4500.0
1512224077.8 3333.33333333 4500.0
1512224077.91 3333.33333333 4500.0
1512224078.02 3333.33333333 4500.0
1512224078.12 3333.33333333 4500.0
1512224078.2 3333.33333333 4500.0
1512224078.31 3333.33333333 4500.0
1512224078.41 3333.33333333 4500.0
1512224078.5 3333.33333333 4500.0
1512224078.6 3333.33333333 4500.0
1512224078.71 3333.33333333 4500.0
1512224078.82 3333.33333333 4500.0
1512224078.9 3333.33333333 4500.0
1512224079.01 3333.33333333 4500.0
1512224079.12 3333.33333333 4500.0
1512224079.23 3333.33333333 4500.0
1512224079.31 3333.33333333 4500.0
1512224079.4 3333.33333333 4500.0
1512224079.51 3333.33333333 4500.0
1512224079.6 3291.66666667 4500.0
1512224079.7 3252.08333333 4500.0
1512224079.81 3214.47916667 4500.0
1512224079.9 3178.75520833 4500.0
1512224080.0 3144.81744792 4500.0
1512224080.11 3112.57657552 4500.0
1512224080.2 3123.61441341 4500.0
1512224080.32 3134.10035941 4500.0
1512224080.41 3144.0620081 4500.0
1512224080.5 3153.52557437 4500.0
1512224080.61 3162.51596231 4500.0
1512224080.7 3171.05683086 4500.0
1512224080.8 3179.17065599 4500.0
1512224080.9 3145.21212319 4500.0
1512224081.0 3112.95151703 4500.0
1512224081.1 3082.30394118 4500.0
1512224081.21 3053.18874412 4500.0
1512224081.3 3025.52930691 4500.0
1512224081.4 2999.25284157 4500.0
1512224081.5 2974.29019949 4500.0
1512224081.6 2950.57568951 4500.0
1512224081.71 2928.04690504 4500.0
1512224081.8 2906.64455979 4500.0
1512224081.91 2927.97899846 4500.0
1512224082.02 2906.58004854 4500.0
1512224082.11 2886.25104611 4500.0
1512224082.22 2866.93849381 4500.0
1512224082.32 2848.59156912 4500.0
1512224082.41 2831.16199066 4500.0
1512224082.51 2814.60389113 4500.0
1512224082.61 2798.87369657 4500.0
1512224082.72 2783.93001174 4500.0
1512224082.81 2769.73351116 4500.0
1512224082.91 2756.2468356 4500.0
1512224083.01 2743.43449382 4500.0
1512224083.12 2731.26276913 4500.0
1512224083.23 2719.69963067 4500.0
1512224083.32 2708.71464914 4500.0
1512224083.41 2698.27891668 4500.0
1512224083.51 2688.36497085 4500.0
1512224083.62 2678.9467223 4500.0
1512224083.71 2669.99938619 4500.0
1512224083.82 2661.49941688 4500.0
1512224083.92 2653.42444604 4500.0
1512224084.01 2645.75322373 4500.0
1512224084.12 2638.46556255 4500.0
1512224084.21 2631.54228442 4500.0
1512224084.31 2624.9651702 4500.0
1512224084.41 2618.71691169 4500.0
1512224084.51 2612.7810661 4500.0
1512224084.61 2607.1420128 4500.0
1512224084.71 2601.78491216 4500.0
1512224084.83 2596.69566655 4500.0
1512224084.92 2591.86088322 4500.0
1512224085.02 2587.26783906 4500.0
1512224085.12 2582.90444711 4500.0
1512224085.22 2578.75922475 4500.0
1512224085.31 2574.82126352 4500.0
1512224085.41 2571.08020034 4500.0
1512224085.51 2567.52619032 4500.0
1512224085.62 2564.14988081 4500.0
1512224085.72 2560.94238677 4500.0
1512224085.82 2557.89526743 4500.0
1512224085.92 2555.00050406 4500.0
1512224086.02 2552.25047885 4500.0
1512224086.13 2549.63795491 4500.0
1512224086.22 2547.15605717 4500.0
1512224086.32 2544.79825431 4500.0
1512224086.42 2542.55834159 4500.0
1512224086.52 2540.43042451 4500.0
1512224086.62 2538.40890329 4500.0
1512224086.72 2536.48845812 4500.0
1512224086.83 2534.66403522 4500.0
1512224086.93 2532.93083346 4500.0
1512224087.02 2531.28429178 4500.0
1512224087.12 2529.72007719 4500.0
1512224087.22 2528.23407333 4500.0
1512224087.33 2526.82236967 4500.0
1512224087.43 2525.48125118 4500.0
1512224087.53 2524.20718862 4500.0
1512224087.63 2522.99682919 4500.0
1512224087.73 2521.84698773 4500.0
1512224087.83 2520.75463835 4500.0
1512224087.93 2519.71690643 4500.0
1512224088.02 2518.73106111 4500.0
1512224088.12 2517.79450805 4500.0
1512224088.23 2516.90478265 4500.0
1512224088.33 2516.05954352 4500.0
1512224088.43 2515.25656634 4500.0
1512224088.53 2514.49373802 4500.0
1512224088.63 2513.76905112 4500.0
1512224088.73 2513.08059857 4500.0
1512224088.83 2512.42656864 4500.0
1512224088.94 2511.80524021 4500.0
1512224089.04 2511.2149782 4500.0
1512224089.13 2510.65422929 4500.0
1512224089.23 2510.12151782 4500.0
1512224089.33 2509.61544193 4500.0
1512224089.43 2509.13466983 4500.0
1512224089.53 2508.67793634 4500.0
1512224089.63 2508.24403953 4500.0
1512224089.73 2507.83183755 4500.0
1512224089.83 2507.44024567 4500.0
1512224089.94 2507.06823339 4500.0
1512224090.04 2506.71482172 4500.0
1512224090.14 2506.37908063 4500.0
1512224090.23 2506.0601266 4500.0
1512224090.33 2505.75712027 4500.0
1512224090.43 2505.46926426 4500.0
1512224090.53 2505.19580104 4500.0
1512224090.63 2504.93601099 4500.0
1512224090.74 2504.68921044 4500.0
1512224090.84 2504.45474992 4500.0
1512224090.94 2504.23201242 4500.0
1512224091.04 2504.0204118 4500.0
1512224091.14 2503.81939121 4500.0
1512224091.24 2503.62842165 4500.0
1512224091.34 2503.44700057 4500.0
1512224091.44 2503.27465054 4500.0
1512224091.53 2503.11091801 4500.0
1512224091.64 2502.95537211 4500.0
1512224091.74 2502.80760351 4500.0
1512224091.85 2502.66722333 4500.0
1512224091.94 2502.53386217 4500.0
1512224092.04 2502.40716906 4500.0
1512224092.14 2502.2868106 4500.0
1512224092.23 2502.17247007 4500.0
1512224092.34 2502.06384657 4500.0
1512224092.44 2501.96065424 4500.0
1512224092.54 2501.86262153 4500.0
1512224092.65 2501.76949045 4500.0
1512224092.74 2501.68101593 4500.0
1512224092.85 2501.59696513 4500.0
1512224092.94 2501.51711688 4500.0
1512224093.04 2501.44126103 4500.0
1512224093.14 2501.36919798 4500.0
1512224093.25 2501.30073808 4500.0
1512224093.34 2501.23570118 4500.0
1512224093.45 2501.17391612 4500.0
1512224093.54 2501.11522031 4500.0
1512224093.64 2501.0594593 4500.0
1512224093.75 2501.00648633 4500.0
1512224093.85 2500.95616202 4500.0
1512224093.94 2500.90835392 4500.0
1512224094.05 2500.86293622 4500.0
1512224094.15 2500.81978941 4500.0
1512224094.25 2500.77879994 4500.0
1512224094.34 2500.73985994 4500.0
1512224094.45 2500.70286694 4500.0
1512224094.54 2500.6677236 4500.0
1512224094.64 2500.63433742 4500.0
1512224094.74 2500.60262055 4500.0
1512224094.84 2500.57248952 4500.0
1512224094.93 2500.54386504 4500.0
1512224095.04 2500.51667179 4500.0
1512224095.14 2500.4908382 4500.0
1512224095.24 2500.46629629 4500.0
1512224095.34 2500.44298148 4500.0
1512224095.44 2500.4208324 4500.0
1512224095.54 2500.39979078 4500.0
1512224095.64 2500.37980124 4500.0
1512224095.74 2500.36081118 4500.0
1512224095.84 2500.34277062 4500.0
1512224095.94 2500.32563209 4500.0
1512224096.04 2500.30935049 4500.0
1512224096.14 2500.29388296 4500.0
1512224096.24 2500.27918881 4500.0
1512224096.34 2500.26522937 4500.0
1512224096.44 2500.2519679 4500.0
1512224096.54 2500.23936951 4500.0
1512224096.64 2500.22740103 4500.0
1512224096.74 2500.21603098 4500.0
1512224096.84 2500.20522943 4500.0
1512224096.94 2500.19496796 4500.0
1512224097.04 2500.18521956 4500.0
1512224097.14 2500.17595859 4500.0
1512224097.24 2500.16716066 4500.0
1512224097.34 2500.15880262 4500.0
1512224097.45 2500.15086249 4500.0
1512224097.55 2500.14331937 4500.0
1512224097.65 2500.1361534 4500.0
1512224097.75 2500.12934573 4500.0
1512224097.84 2500.12287844 4500.0
1512224097.95 2500.11673452 4500.0
1512224098.04 2500.11089779 4500.0
1512224098.14 2500.1053529 4500.0
1512224098.24 2500.10008526 4500.0
1512224098.34 2500.095081 4500.0
1512224098.44 2500.09032695 4500.0
1512224098.54 2500.0858106 4500.0
1512224098.65 2500.08152007 4500.0
1512224098.75 2500.07744407 4500.0
1512224098.84 2500.07357186 4500.0
1512224098.94 2500.06989327 4500.0
1512224099.04 2500.06639861 4500.0
1512224099.14 2500.06307868 4500.0
1512224099.24 2500.05992474 4500.0
1512224099.35 2500.0569285 4500.0
1512224099.45 2500.05408208 4500.0
1512224099.55 2500.05137798 4500.0
1512224099.65 2500.04880908 4500.0
1512224099.75 2500.04636862 4500.0
1512224099.85 2500.04405019 4500.0
1512224099.95 2500.04184768 4500.0
1512224100.05 2500.0397553 4500.0
1512224100.15 2500.03776753 4500.0
1512224100.25 2500.03587916 4500.0
1512224100.35 2500.0340852 4500.0
1512224100.45 2500.03238094 4500.0
1512224100.55 2500.03076189 4500.0
1512224100.64 2500.0292238 4500.0
1512224100.75 2500.02776261 4500.0
1512224100.85 2500.02637448 4500.0
1512224100.95 2500.02505575 4500.0
1512224101.05 2500.02380297 4500.0
1512224101.15 2500.02261282 4500.0
1512224101.25 2500.02148218 4500.0
1512224101.35 2500.02040807 4500.0
1512224101.45 2500.01938766 4500.0
1512224101.55 2500.01841828 4500.0
1512224101.65 2500.01749737 4500.0
1512224101.75 2500.0166225 4500.0
1512224101.85 2500.01579137 4500.0
1512224101.95 2500.0150018 4500.0
1512224102.05 2500.01425171 4500.0
1512224102.15 2500.01353913 4500.0
1512224102.25 2500.01286217 4500.0
1512224102.35 2500.01221906 4500.0
1512224102.45 2500.01160811 4500.0
1512224102.55 2500.01102771 4500.0
1512224102.65 2500.01047632 4500.0
1512224102.75 2500.0099525 4500.0
1512224102.85 2500.00945488 4500.0
1512224102.95 2500.00898213 4500.0
1512224103.05 2500.00853303 4500.0
1512224103.15 2500.00810638 4500.0
1