1512223936.4 0 0
1512223936.5 0 0
1512223936.6 0 0
1512223936.71 0 0
1512223936.8 0 0
1512223936.9 0 0
1512223937.0 0 0
1512223937.1 0 0
1512223937.2 0 0
1512223937.31 0 0
1512223937.4 0 0
1512223937.51 0 0
1512223937.62 0 0
1512223937.78 0 0
1512223937.88 0 0
1512223937.98 0 0
1512223938.1 0 0
1512223938.22 0 0
1512223938.32 0 0
1512223938.42 0 0
1512223938.53 0 0
1512223938.63 0 0
1512223938.72 0 0
1512223938.82 0 0
1512223938.93 0 0
1512223939.05 0 0
1512223939.15 0 0
1512223939.25 0 0
1512223939.35 0 0
1512223939.45 0 0
1512223939.55 0 0
1512223939.65 0 0
1512223939.75 0 0
1512223939.86 0 0
1512223939.97 0 0
1512223940.1 0 0
1512223940.2 0 0
1512223940.32 0 0
1512223940.45 0 0
1512223940.54 0 0
1512223940.65 0 0
1512223940.74 0 0
1512223940.84 0 0
1512223940.94 0 0
1512223941.07 0 0
1512223941.17 0 0
1512223941.28 0 0
1512223941.38 0 0
1512223941.48 0 0
1512223941.58 0 0
1512223941.68 0 0
1512223941.78 0 0
1512223941.88 0 0
1512223941.98 0 0
1512223942.08 0 0
1512223942.18 0 0
1512223942.28 0 0
1512223942.38 0 0
1512223942.48 0 0
1512223942.58 0 0
1512223942.68 0 0
1512223942.78 0 0
1512223942.88 0 0
1512223942.98 0 0
1512223943.08 0 0
1512223943.18 0 0
1512223943.28 0 0
1512223943.38 0 0
1512223943.48 0 0
1512223943.58 0 0
1512223943.68 0 0
1512223943.78 0 0
1512223943.88 0 0
1512223943.98 0 0
1512223944.08 0 0
1512223944.18 0 0
1512223944.28 0 0
1512223944.38 0 0
1512223944.48 0 0
1512223944.58 0 0
1512223944.68 0 0
1512223944.78 0 0
1512223944.88 0 0
1512223944.98 0 0
1512223945.08 0 0
1512223945.18 0 0
1512223945.29 0 0
1512223945.39 0 0
1512223945.49 0 0
1512223945.6 0 0
1512223945.71 0 0
1512223945.81 0 0
1512223945.92 0 0
1512223946.01 0 0
1512223946.11 0 0
1512223946.22 0 0
1512223946.32 0 0
1512223946.41 0 0
1512223946.51 0 0
1512223946.61 0 0
1512223946.74 0 0
1512223946.85 0 0
1512223946.95 0 0
1512223947.08 0 0
1512223947.21 0 0
1512223947.31 0 0
1512223947.41 0 0
1512223947.52 0 0
1512223947.65 0 0
1512223947.76 0 0
1512223947.87 0 0
1512223947.98 0 0
1512223948.08 0 0
1512223948.18 0 0
1512223948.28 0 0
1512223948.38 0 0
1512223948.48 0 0
1512223948.58 0 0
1512223948.68 0 0
1512223948.78 0 0
1512223948.88 0 0
1512223948.98 0 0
1512223949.08 0 0
1512223949.18 0 0
1512223949.28 0 0
1512223949.38 0 0
1512223949.48 0 0
1512223949.58 0 0
1512223949.68 0 0
1512223949.79 0 0
1512223949.88 0 0
1512223949.99 0 0
1512223950.1 0 0
1512223950.21 0 0
1512223950.31 0 0
1512223950.42 0 0
1512223950.51 0 0
1512223950.62 0 0
1512223950.72 0 0
1512223950.82 0 0
1512223950.94 0 0
1512223951.08 0 0
1512223951.2 0 0
1512223951.29 0 0
1512223951.39 0 0
1512223951.49 0 0
1512223951.59 0 0
1512223951.69 0 0
1512223951.8 0 0
1512223951.9 0 0
1512223951.99 0 0
1512223952.11 0 0
1512223952.21 0 0
1512223952.31 0 0
1512223952.44 0 0
1512223952.55 0 0
1512223952.66 0 0
1512223952.77 0 0
1512223952.88 0 0
1512223952.97 0 0
1512223953.06 0 0
1512223953.17 0 0
1512223953.26 0 0
1512223953.38 0 0
1512223953.52 0 0
1512223953.62 0 0
1512223953.72 0 0
1512223953.82 0 0
1512223953.92 0 0
1512223954.02 0 0
1512223954.12 0 0
1512223954.22 0 0
1512223954.32 0 0
1512223954.42 0 0
1512223954.52 0 0
1512223954.62 0 0
1512223954.73 0 0
1512223954.84 0 0
1512223954.94 0 0
1512223955.04 0 0
1512223955.14 0 0
1512223955.27 0 0
1512223955.39 0 0
1512223955.49 0 0
1512223955.59 0 0
1512223955.7 0 0
1512223955.81 0 0
1512223955.92 0 0
1512223956.03 0 0
1512223956.13 0 0
1512223956.23 0 0
1512223956.33 0 0
1512223956.43 0 0
1512223956.55 0 0
1512223956.67 0 0
1512223956.76 0 0
1512223956.89 0 0
1512223957.01 0 0
1512223957.11 0 0
1512223957.21 0 0
1512223957.31 0 0
1512223957.43 0 0
1512223957.51 0 0
1512223957.62 0 0
1512223957.75 0 0
1512223957.85 0 0
1512223957.95 0 0
1512223958.08 0 0
1512223958.19 0 0
1512223958.29 0 0
1512223958.39 0 0
1512223958.49 0 0
1512223958.59 0 0
1512223958.69 0 0
1512223958.79 0 0
1512223958.89 0 0
1512223958.99 0 0
1512223959.12 0 0
1512223959.23 0 0
1512223959.33 0 0
1512223959.42 0 0
1512223959.52 0 0
1512223959.62 0 0
1512223959.72 0 0
1512223959.82 0 0
1512223959.92 0 0
1512223960.02 0 0
1512223960.12 0 0
1512223960.22 0 0
1512223960.32 0 0
1512223960.43 0 0
1512223960.54 0 0
1512223960.66 0 0
1512223960.75 0 0
1512223960.86 0 0
1512223960.95 0 0
1512223961.05 0 0
1512223961.16 0 0
1512223961.28 0 0
1512223961.39 0 0
1512223961.5 0 0
1512223961.6 0 0
1512223961.7 0 0
1512223961.8 0 0
1512223961.9 0 0
1512223962.0 0 0
1512223962.1 0 0
1512223962.2 0 0
1512223962.3 0 0
1512223962.4 0 0
1512223962.5 0 0
1512223962.6 0 0
1512223962.7 0 0
1512223962.8 0 0
1512223962.9 0 0
1512223963.0 0 0
1512223963.1 0 0
1512223963.2 0 0
1512223963.3 0 0
1512223963.4 0 0
1512223963.5 0 0
1512223963.6 0 0
1512223963.7 0 0
1512223963.8 0 0
1512223963.9 0 0
1512223964.0 0 0
1512223964.1 0 0
1512223964.2 0 0
1512223964.3 0 0
1512223964.4 0 0
1512223964.5 0 0
1512223964.6 0 0
1512223964.73 0 0
1512223964.85 0 0
1512223964.97 0 0
1512223965.07 0 0
1512223965.17 0 0
1512223965.29 0 0
1512223965.43 0 0
1512223965.53 0 0
1512223965.63 0 0
1512223965.73 0 0
1512223965.83 0 0
1512223965.93 0 0
1512223966.03 0 0
1512223966.13 0 0
1512223966.23 0 0
1512223966.33 0 0
1512223966.43 0 0
1512223966.53 0 0
1512223966.63 0 0
1512223966.73 0 0
1512223966.83 0 0
1512223966.93 0 0
1512223967.03 0 0
1512223967.13 0 0
1512223967.25 0 0
1512223967.37 0 0
1512223967.47 0 0
1512223967.57 0 0
1512223967.67 0 0
1512223967.77 0 0
1512223967.87 0 0
1512223967.98 0 0
1512223968.07 0 0
1512223968.17 0 0
1512223968.27 0 0
1512223968.37 0 0
1512223968.47 0 0
1512223968.57 0 0
1512223968.66 0 0
1512223968.76 0 0
1512223968.87 0 0
1512223968.97 0 0
1512223969.07 0 0
1512223969.17 0 0
1512223969.27 0 0
1512223969.37 0 0
1512223969.47 0 0
1512223969.57 0 0
1512223969.67 0 0
1512223969.77 0 0
1512223969.87 0 0
1512223969.97 0 0
1512223970.07 0 0
1512223970.18 0 0
1512223970.27 0 0
1512223970.37 0 0
1512223970.47 0 0
1512223970.57 0 0
1512223970.67 0 0
1512223970.77 0 0
1512223970.89 0 0
1512223970.99 0 0
1512223971.09 0 0
1512223971.19 0 0
1512223971.29 0 0
1512223971.39 0 0
1512223971.49 0 0
1512223971.59 0 0
1512223971.69 0 0
1512223971.79 0 0
1512223971.89 0 0
1512223971.99 0 0
1512223972.09 0 0
1512223972.19 0 0
1512223972.29 0 0
1512223972.42 0 0
1512223972.53 0 0
1512223972.64 0 0
1512223972.74 0 0
1512223972.84 0 0
1512223972.96 0 0
1512223973.06 0 0
1512223973.18 0 0
1512223973.29 0 0
1512223973.39 0 0
1512223973.5 0 0
1512223973.59 0 0
1512223973.71 0 0
1512223973.81 0 0
1512223973.91 0 0
1512223974.01 0 0
1512223974.11 0 0
1512223974.21 0 0
1512223974.32 0 0
1512223974.4 0 0
1512223974.5 0 0
1512223974.63 0 0
1512223974.73 0 0
1512223974.83 0 0
1512223974.93 0 0
1512223975.03 0 0
1512223975.13 0 0
1512223975.23 0 0
1512223975.33 0 0
1512223975.43 0 0
1512223975.53 0 0
1512223975.67 0 0
1512223975.79 0 0
1512223975.89 0 0
1512223975.99 0 0
1512223976.09 0 0
1512223976.19 0 0
1512223976.3 0 0
1512223976.4 0 0
1512223976.5 0 0
1512223976.6 0 0
1512223976.7 0 0
1512223976.8 0 0
1512223976.9 0 0
1512223977.0 0 0
1512223977.1 0 0
1512223977.2 0 0
1512223977.3 0 0
1512223977.4 0 0
1512223977.5 0 0
1512223977.6 0 1514
1512223977.7 0 0
1512223977.81 0 0
1512223977.91 0 40878
1512223978.0 0 59046
1512223978.11 0 60560
1512223978.2 0 59046
1512223978.3 0 62074
1512223978.41 0 62074
1512223978.51 0 60560
1512223978.61 0 59046
1512223978.71 0 62074
1512223978.84 0 72672
1512223978.92 0 56018
1512223979.02 0 62074
1512223979.12 0 62074
1512223979.22 0 59046
1512223979.32 0 62074
1512223979.42 0 60560
1512223979.52 0 60560
1512223979.62 0 60560
1512223979.72 0 60560
1512223979.82 0 62074
1512223979.92 0 59046
1512223980.02 0 62074
1512223980.12 0 60560
1512223980.22 0 60560
1512223980.32 0 62074
1512223980.42 0 60560
1512223980.52 0 60560
1512223980.62 0 60560
1512223980.72 0 60560
1512223980.83 0 62074
1512223980.93 0 63588
1512223981.03 0 59046
1512223981.13 0 60560
1512223981.23 0 62074
1512223981.33 0 59046
1512223981.44 0 69644
1512223981.54 0 62074
1512223981.65 0 57532
1512223981.75 0 63588
1512223981.85 0 62074
1512223981.95 0 62074
1512223982.05 0 60560
1512223982.18 0 81756
1512223982.25 0 37850
1512223982.35 0 62074
1512223982.45 0 62074
1512223982.56 0 65102
1512223982.65 0 59046
1512223982.76 0 62074
1512223982.86 0 59046
1512223982.96 0 62074
1512223983.05 0 59046
1512223983.16 0 62074
1512223983.26 0 60560
1512223983.36 0 59046
1512223983.46 0 62074
1512223983.56 0 62074
1512223983.66 0 59046
1512223983.76 0 63588
1512223983.86 0 57532
1512223983.96 0 63588
1512223984.06 0 62074
1512223984.16 0 57532
1512223984.26 0 62074
1512223984.36 0 60560
1512223984.46 0 60560
1512223984.56 0 60560
1512223984.66 0 60560
1512223984.77 0 63588
1512223984.86 0 60560
1512223984.96 0 59046
1512223985.06 0 62074
1512223985.16 0 62074
1512223985.27 0 62074
1512223985.37 0 59046
1512223985.47 0 63588
1512223985.56 0 56018
1512223985.66 0 62074
1512223985.76 0 60560
1512223985.86 0 60560
1512223985.97 0 62074
1512223986.06 0 59046
1512223986.17 0 62074
1512223986.27 0 60560
1512223986.37 0 60560
1512223986.47 0 63588
1512223986.57 0 59046
1512223986.67 0 62074
1512223986.77 0 59046
1512223986.87 0 62074
1512223986.97 0 60560
1512223987.07 0 60560
1512223987.17 0 60560
1512223987.27 0 62074
1512223987.37 0 62074
1512223987.47 0 59046
1512223987.57 0 60560
1512223987.67 0 60560
1512223987.77 0 62074
1512223987.88 0 63588
1512223987.97 0 59046
1512223988.08 0 62074
1512223988.17 0 60560
1512223988.27 0 60560
1512223988.37 0 57532
1512223988.47 0 62074
1512223988.58 0 63588
1512223988.67 0 59046
1512223988.78 0 60560
1512223988.87 0 60560
1512223988.98 0 62074
1512223989.07 0 59046
1512223989.18 0 62074
1512223989.27 0 60560
1512223989.38 0 60560
1512223989.48 0 62074
1512223989.58 0 60560
1512223989.67 0 59046
1512223989.78 0 62074
1512223989.88 0 60560
1512223989.98 0 60560
1512223990.08 0 62074
1512223990.18 0 59046
1512223990.28 0 60560
1512223990.38 0 62074
1512223990.48 0 60560
1512223990.58 0 60560
1512223990.68 0 60560
1512223990.78 0 60560
1512223990.88 0 60560
1512223990.98 0 62074
1512223991.08 0 60560
1512223991.18 0 63588
1512223991.28 0 59046
1512223991.38 0 63588
1512223991.48 0 59046
1512223991.58 0 62074
1512223991.68 0 59046
1512223991.78 0 60560
1512223991.88 0 62074
1512223991.98 0 60560
1512223992.08 0 60560
1512223992.18 0 60560
1512223992.28 0 62074
1512223992.38 0 59046
1512223992.48 0 60560
1512223992.58 0 62074
1512223992.68 0 60560
1512223992.78 0 60560
1512223992.88 0 60560
1512223992.99 0 62074
1512223993.09 0 60560
1512223993.19 0 60560
1512223993.29 0 60560
1512223993.39 0 62074
1512223993.48 0 59046
1512223993.59 0 62074
1512223993.69 0 60560
1512223993.79 0 62074
1512223993.89 0 59046
1512223993.99 0 60560
1512223994.09 0 62074
1512223994.19 0 60560
1512223994.29 0 60560
1512223994.39 0 60560
1512223994.49 0 62074
1512223994.59 0 60560
1512223994.69 0 60560
1512223994.79 0 60560
1512223994.89 0 62074
1512223994.99 0 63588
1512223995.09 0 57532
1512223995.19 0 62074
1512223995.29 0 45420
1512223995.39 0 31794
1512223995.49 0 30280
1512223995.59 0 59046
1512223995.69 0 62074
1512223995.79 0 4542
1512223995.89 0 0
1512223995.99 0 16654
1512223996.09 0 21196
1512223996.19 0 18168
1512223996.29 0 9084
1512223996.39 0 15140
1512223996.49 0 12112
1512223996.59 0 9084
1512223996.69 0 13626
1512223996.79 0 13626
1512223996.9 0 18168
1512223997.0 0 15140
1512223997.09 0 18168
1512223997.2 0 19682
1512223997.3 0 21196
1512223997.4 0 24224
1512223997.5 0 24224
1512223997.6 0 28766
1512223997.7 0 28766
1512223997.8 0 28766
1512223997.9 0 28766
1512223998.0 0 30280
1512223998.1 0 25738
1512223998.2 0 21196
1512223998.3 0 24224
1512223998.4 0 28766
1512223998.5 0 27252
1512223998.6 0 28766
1512223998.7 0 30280
1512223998.8 0 30280
1512223998.9 0 28766
1512223999.0 0 30280
1512223999.1 0 30280
1512223999.2 0 27252
1512223999.3 0 24224
1512223999.4 0 27252
1512223999.5 0 28766
1512223999.6 0 28766
1512223999.7 0 31794
1512223999.8 0 30280
1512223999.9 0 31794
1512224000.0 0 30280
1512224000.1 0 30280
1512224000.2 0 30280
1512224000.3 0 28766
1512224000.4 0 28766
1512224000.5 0 31794
1512224000.6 0 31794
1512224000.7 0 30280
1512224000.8 0 31794
1512224000.9 0 30280
1512224001.0 0 27252
1512224001.1 0 28766
1512224001.2 0 31794
1512224001.3 0 30280
1512224001.4 0 31794
1512224001.51 0 31794
1512224001.6 0 30280
1512224001.7 0 30280
1512224001.8 0 28766
1512224001.9 0 30280
1512224002.01 0 33308
1512224002.11 0 30280
1512224002.2 0 31794
1512224002.3 0 31794
1512224002.41 0 27252
1512224002.51 0 25738
1512224002.61 0 27252
1512224002.71 0 30280
1512224002.8 0 30280
1512224002.91 0 33308
1512224003.01 0 31794
1512224003.11 0 30280
1512224003.21 0 31794
1512224003.31 0 30280
1512224003.41 0 27252
1512224003.51 0 30280
1512224003.61 0 31794
1512224003.71 0 31794
1512224003.81 0 30280
1512224003.91 0 33308
1512224004.01 0 31794
1512224004.11 0 24224
1512224004.21 0 28766
1512224004.31 0 30280
1512224004.41 0 31794
1512224004.51 0 31794
1512224004.61 0 30280
1512224004.71 0 31794
1512224004.81 0 33308
1512224004.91 0 22710
1512224005.01 0 27252
1512224005.11 0 28766
1512224005.21 0 30280
1512224005.31 0 31794
1512224005.41 0 30280
1512224005.51 0 31794
1512224005.61 0 31794
1512224005.71 0 30280
1512224005.81 0 28766
1512224005.91 0 25738
1512224006.01 0 28766
1512224006.11 0 30280
1512224006.21 0 31794
1512224006.31 0 31794
1512224006.41 0 31794
1512224006.51 0 30280
1512224006.61 0 31794
1512224006.72 0 30280
1512224006.81 0 27252
1512224006.92 0 30280
1512224007.02 0 33308
1512224007.12 0 30280
1512224007.21 0 30280
1512224007.32 0 31794
1512224007.41 0 31794
1512224007.52 0 25738
1512224007.62 0 27252
1512224007.71 0 30280
1512224007.81 0 31794
1512224007.92 0 31794
1512224008.02 0 30280
1512224008.12 0 31794
1512224008.22 0 31794
1512224008.32 0 25738
1512224008.42 0 28766
1512224008.52 0 30280
1512224008.62 0 31794
1512224008.72 0 31794
1512224008.82 0 30280
1512224008.92 0 30280
1512224009.02 0 33308
1512224009.12 0 30280
1512224009.22 0 28766
1512224009.32 0 30280
1512224009.42 0 30280
1512224009.52 0 31794
1512224009.62 0 31794
1512224009.72 0 31794
1512224009.82 0 30280
1512224009.92 0 27252
1512224010.02 0 28766
1512224010.12 0 30280
1512224010.22 0 31794
1512224010.32 0 31794
1512224010.42 0 31794
1512224010.52 0 30280
1512224010.62 0 31794
1512224010.72 0 27252
1512224010.82 0 30280
1512224010.92 0 30280
1512224011.02 0 31794
1512224011.12 0 30280
1512224011.22 0 31794
1512224011.32 0 31794
1512224011.42 0 28766
1512224011.52 0 28766
1512224011.62 0 30280
1512224011.72 0 31794
1512224011.82 0 30280
1512224011.92 0 31794
1512224012.02 0 31794
1512224012.12 0 31794
1512224012.22 0 25738
1512224012.32 0 28766
1512224012.42 0 31794
1512224012.52 0 31794
1512224012.62 0 30280
1512224012.73 0 33308
1512224012.83 0 30280
1512224012.93 0 27252
1512224013.03 0 27252
1512224013.13 0 31794
1512224013.22 0 30280
1512224013.32 0 31794
1512224013.42 0 31794
1512224013.53 0 30280
1512224013.63 0 33308
1512224013.73 0 25738
1512224013.83 0 28766
1512224013.93 0 30280
1512224014.03 0 27252
1512224014.13 0 28766
1512224014.23 0 31794
1512224014.33 0 24224
1512224014.43 0 18168
1512224014.53 0 22710
1512224014.63 0 22710
1512224014.73 0 24224
1512224014.83 0 24224
1512224014.93 0 22710
1512224015.03 0 16654
1512224015.13 0 19682
1512224015.23 0 22710
1512224015.33 0 25738
1512224015.43 0 24224
1512224015.53 0 22710
1512224015.63 0 22710
1512224015.73 0 25738
1512224015.83 0 15140
1512224015.94 0 13626
1512224016.03 0 16654
1512224016.13 0 21196
1512224016.23 0 19682
1512224016.33 0 18168
1512224016.43 0 21196
1512224016.53 0 22710
1512224016.63 0 21196
1512224016.73 0 22710
1512224016.83 0 21196
1512224016.93 0 21196
1512224017.03 0 19682
1512224017.13 0 22710
1512224017.23 0 21196
1512224017.34 0 24224
1512224017.44 0 22710
1512224017.54 0 16654
1512224017.64 0 18168
1512224017.75 0 21196
1512224017.84 0 19682
1512224017.94 0 21196
1512224018.04 0 21196
1512224018.14 0 21196
1512224018.25 0 22710
1512224018.35 0 22710
1512224018.45 0 19682
1512224018.55 0 12112
1512224018.65 0 18168
1512224018.75 0 19682
1512224018.85 0 21196
1512224018.95 0 22710
1512224019.05 0 21196
1512224019.15 0 21196
1512224019.25 0 21196
1512224019.35 0 21196
1512224019.45 0 19682
1512224019.55 0 22710
1512224019.65 0 22710
1512224019.75 0 22710
1512224019.85 0 19682
1512224019.95 0 21196
1512224020.05 0 27252
1512224020.15 0 9084
1512224020.25 0 12112
1512224020.35 0 16654
1512224020.45 0 19682
1512224020.55 0 19682
1512224020.65 0 21196
1512224020.75 0 19682
1512224020.85 0 19682
1512224020.95 0 21196
1512224021.05 0 21196
1512224021.15 0 21196
1512224021.25 0 30280
1512224021.35 0 19682
1512224021.45 0 21196
1512224021.55 0 21196
1512224021.65 0 22710
1512224021.75 0 22710
1512224021.85 0 12112
1512224021.95 0 18168
1512224022.05 0 18168
1512224022.15 0 21196
1512224022.25 0 21196
1512224022.35 0 22710
1512224022.45 0 21196
1512224022.55 0 21196
1512224022.65 0 22710
1512224022.76 0 22710
1512224022.86 0 21196
1512224022.96 0 22710
1512224023.05 0 19682
1512224023.15 0 22710
1512224023.25 0 21196
1512224023.36 0 24224
1512224023.46 0 22710
1512224023.56 0 22710
1512224023.66 0 13626
1512224023.76 0 18168
1512224023.86 0 21196
1512224023.96 0 22710
1512224024.06 0 22710
1512224024.16 0 22710
1512224024.26 0 21196
1512224024.36 0 21196
1512224024.46 0 21196
1512224024.56 0 22710
1512224024.66 0 21196
1512224024.76 0 21196
1512224024.86 0 22710
1512224024.96 0 24224
1512224025.06 0 24224
1512224025.16 0 22710
1512224025.26 0 21196
1512224025.37 0 27252
1512224025.46 0 15140
1512224025.56 0 9084
1512224025.67 0 16654
1512224025.76 0 19682
1512224025.86 0 21196
1512224025.96 0 19682
1512224026.06 0 19682
1512224026.17 0 21196
1512224026.27 0 19682
1512224026.36 0 21196
1512224026.47 0 21196
1512224026.57 0 30280
1512224026.67 0 22710
1512224026.76 0 19682
1512224026.87 0 22710
1512224026.97 0 25738
1512224027.07 0 19682
1512224027.17 0 9084
1512224027.27 0 16654
1512224027.37 0 21196
1512224027.47 0 21196
1512224027.57 0 19682
1512224027.67 0 21196
1512224027.77 0 21196
1512224027.87 0 21196
1512224027.97 0 21196
1512224028.07 0 22710
1512224028.17 0 25738
1512224028.27 0 19682
1512224028.37 0 19682
1512224028.47 0 22710
1512224028.57 0 21196
1512224028.67 0 24224
1512224028.77 0 25738
1512224028.87 0 15140
1512224028.97 0 22710
1512224029.07 0 21196
1512224029.17 0 21196
1512224029.27 0 24224
1512224029.37 0 22710
1512224029.47 0 19682
1512224029.57 0 19682
1512224029.67 0 21196
1512224029.77 0 24224
1512224029.87 0 21196
1512224029.97 0 27252
1512224030.07 0 22710
1512224030.17 0 22710
1512224030.27 0 21196
1512224030.37 0 21196
1512224030.47 0 30280
1512224030.57 0 9084
1512224030.68 0 16654
1512224030.78 0 21196
1512224030.87 0 22710
1512224030.98 0 22710
1512224031.07 0 21196
1512224031.18 0 22710
1512224031.28 0 21196
1512224031.38 0 21196
1512224031.48 0 22710
1512224031.58 0 22710
1512224031.68 0 22710
1512224031.78 0 22710
1512224031.88 0 21196
1512224031.98 0 21196
1512224032.08 0 22710
1512224032.18 0 22710
1512224032.28 0 22710
1512224032.42 0 16654
1512224032.5 0 18168
1512224032.61 0 19682
1512224032.71 0 19682
1512224032.81 0 22710
1512224032.91 0 22710
1512224033.01 0 22710
1512224033.11 0 25738
1512224033.21 0 22710
1512224033.31 0 21196
1512224033.41 0 21196
1512224033.51 0 22710
1512224033.61 0 27252
1512224033.71 0 7570
1512224033.81 0 18168
1512224033.91 0 18168
1512224034.01 0 19682
1512224034.11 0 18168
1512224034.21 0 22710
1512224034.31 0 21196
1512224034.41 0 21196
1512224034.51 0 22710
1512224034.61 0 21196
1512224034.71 0 22710
1512224034.81 0 24224
1512224034.91 0 15140
1512224035.01 0 21196
1512224035.11 0 21196
1512224035.21 0 21196
1512224035.31 0 22710
1512224035.41 0 22710
1512224035.51 0 21196
1512224035.61 0 31794
1512224035.71 0 12112
1512224035.81 0 21196
1512224035.91 0 21196
1512224036.01 0 22710
1512224036.11 0 22710
1512224036.21 0 22710
1512224036.31 0 15140
1512224036.41 0 16654
1512224036.51 0 19682
1512224036.61 0 21196
1512224036.71 0 21196
1512224036.81 0 21196
1512224036.95 0 25738
1512224037.04 0 24224
1512224037.14 0 19682
1512224037.24 0 36336
1512224037.34 0 7570
1512224037.44 0 12112
1512224037.54 0 18168
1512224037.65 0 25738
1512224037.74 0 21196
1512224037.85 0 21196
1512224037.95 0 21196
1512224038.04 0 19682
1512224038.14 0 15140
1512224038.25 0 22710
1512224038.35 0 22710
1512224038.44 0 22710
1512224038.54 0 22710
1512224038.65 0 22710
1512224038.74 0 19682
1512224038.84 0 27252
1512224038.94 0 9084
1512224039.04 0 13626
1512224039.14 0 16654
1512224039.24 0 19682
1512224039.35 0 21196
1512224039.44 0 18168
1512224039.54 0 19682
1512224039.64 0 21196
1512224039.75 0 19682
1512224039.85 0 22710
1512224039.95 0 24224
1512224040.05 0 25738
1512224040.14 0 22710
1512224040.25 0 21196
1512224040.35 0 21196
1512224040.44 0 27252
1512224040.55 0 12112
1512224040.67 0 21196
1512224040.75 0 16654
1512224040.85 0 19682
1512224040.95 0 22710
1512224041.06 0 21196
1512224041.15 0 21196
1512224041.25 0 21196
1512224041.36 0 22710
1512224041.45 0 21196
1512224041.55 0 22710
1512224041.66 0 24224
1512224041.75 0 19682
1512224041.85 0 22710
1512224041.96 0 22710
1512224042.05 0 21196
1512224042.16 0 24224
1512224042.26 0 25738
1512224042.35 0 7570
1512224042.46 0 19682
1512224042.55 0 22710
1512224042.65 0 22710
1512224042.75 0 21196
1512224042.86 0 22710
1512224042.96 0 21196
1512224043.06 0 22710
1512224043.16 0 21196
1512224043.26 0 22710
1512224043.36 0 21196
1512224043.46 0 24224
1512224043.55 0 19682
1512224043.66 0 21196
1512224043.75 0 21196
1512224043.86 0 22710
1512224043.99 0 33308
1512224044.07 0 15140
1512224044.17 0 19682
1512224044.27 0 21196
1512224044.37 0 22710
1512224044.47 0 22710
1512224044.57 0 24224
1512224044.67 0 18168
1512224044.77 0 12112
1512224044.87 0 18168
1512224044.97 0 18168
1512224045.07 0 22710
1512224045.17 0 19682
1512224045.27 0 21196
1512224045.37 0 22710
1512224045.47 0 19682
1512224045.57 0 28766
1512224045.67 0 24224
1512224045.77 0 15140
1512224045.87 0 22710
1512224045.97 0 25738
1512224046.07 0 28766
1512224046.17 0 30280
1512224046.27 0 30280
1512224046.37 0 30280
1512224046.47 0 30280
1512224046.57 0 31794
1512224046.67 0 22710
1512224046.77 0 19682
1512224046.87 0 25738
1512224046.97 0 27252
1512224047.07 0 27252
1512224047.17 0 27252
1512224047.27 0 28766
1512224047.37 0 30280
1512224047.47 0 30280
1512224047.58 0 31794
1512224047.67 0 30280
1512224047.77 0 30280
1512224047.87 0 28766
1512224047.98 0 18168
1512224048.07 0 25738
1512224048.17 0 27252
1512224048.28 0 28766
1512224048.38 0 28766
1512224048.48 0 30280
1512224048.57 0 30280
1512224048.68 0 31794
1512224048.78 0 30280
1512224048.88 0 30280
1512224048.98 0 27252
1512224049.08 0 27252
1512224049.18 0 28766
1512224049.28 0 28766
1512224049.38 0 31794
1512224049.48 0 31794
1512224049.58 0 30280
1512224049.68 0 31794
1512224049.78 0 30280
1512224049.88 0 30280
1512224049.98 0 21196
1512224050.08 0 25738
1512224050.18 0 30280
1512224050.28 0 28766
1512224050.38 0 30280
1512224050.48 0 30280
1512224050.58 0 33308
1512224050.68 0 28766
1512224050.78 0 31794
1512224050.88 0 33308
1512224050.98 0 19682
1512224051.08 0 19682
1512224051.18 0 24224
1512224051.28 0 27252
1512224051.38 0 28766
1512224051.48 0 27252
1512224051.58 0 28766
1512224051.68 0 30280
1512224051.78 0 31794
1512224051.89 0 30280
1512224051.99 0 31794
1512224052.09 0 30280
1512224052.19 0 30280
1512224052.28 0 12112
1512224052.39 0 24224
1512224052.49 0 25738
1512224052.58 0 27252
1512224052.69 0 27252
1512224052.79 0 30280
1512224052.89 0 30280
1512224052.99 0 31794
1512224053.08 0 28766
1512224053.19 0 30280
1512224053.29 0 31794
1512224053.39 0 33308
1512224053.49 0 16654
1512224053.59 0 24224
1512224053.69 0 27252
1512224053.79 0 28766
1512224053.89 0 28766
1512224053.99 0 28766
1512224054.09 0 31794
1512224054.19 0 30280
1512224054.29 0 31794
1512224054.39 0 30280
1512224054.49 0 30280
1512224054.59 0 25738
1512224054.69 0 30280
1512224054.79 0 30280
1512224054.89 0 31794
1512224054.99 0 31794
1512224055.09 0 30280
1512224055.19 0 30280
1512224055.29 0 25738
1512224055.39 0 22710
1512224055.49 0 28766
1512224055.59 0 28766
1512224055.7 0 33308
1512224055.79 0 28766
1512224055.89 0 31794
1512224055.99 0 30280
1512224056.09 0 31794
1512224056.19 0 31794
1512224056.29 0 28766
1512224056.4 0 30280
1512224056.5 0 31794
1512224056.6 0 31794
1512224056.7 0 30280
1512224056.8 0 31794
1512224056.9 0 31794
1512224057.0 0 30280
1512224057.1 0 27252
1512224057.2 0 30280
1512224057.3 0 33308
1512224057.4 0 30280
1512224057.5 0 30280
1512224057.6 0 31794
1512224057.7 0 24224
1512224057.8 0 24224
1512224057.9 0 27252
1512224058.0 0 28766
1512224058.1 0 30280
1512224058.2 0 30280
1512224058.3 0 31794
1512224058.4 0 31794
1512224058.5 0 30280
1512224058.6 0 31794
1512224058.7 0 27252
1512224058.8 0 30280
1512224058.9 0 31794
1512224059.0 0 30280
1512224059.1 0 30280
1512224059.2 0 31794
1512224059.3 0 31794
1512224059.4 0 31794
1512224059.51 0 30280
1512224059.6 0 28766
1512224059.71 0 31794
1512224059.8 0 31794
1512224059.9 0 33308
1512224060.0 0 27252
1512224060.1 0 27252
1512224060.2 0 28766
1512224060.31 0 33308
1512224060.4 0 30280
1512224060.5 0 31794
1512224060.6 0 30280
1512224060.7 0 31794
1512224060.81 0 28766
1512224060.91 0 27252
1512224061.01 0 28766
1512224061.11 0 31794
1512224061.21 0 31794
1512224061.31 0 31794
1512224061.41 0 30280
1512224061.51 0 31794
1512224061.61 0 31794
1512224061.71 0 28766
1512224061.81 0 30280
1512224061.91 0 30280
1512224062.01 0 31794
1512224062.11 0 31794
1512224062.21 0 30280
1512224062.31 0 33308
1512224062.41 0 28766
1512224062.51 0 28766
1512224062.61 0 31794
1512224062.71 0 30280
1512224062.81 0 33308
1512224062.91 0 31794
1512224063.01 0 31794
1512224063.11 0 30280
1512224063.22 0 30280
1512224063.31 0 28766
1512224063.42 0 31794
1512224063.52 0 31794
1512224063.62 0 31794
1512224063.72 0 30280
1512224063.81 0 31794
1512224063.92 0 30280
1512224064.02 0 28766
1512224064.12 0 31794
1512224064.22 0 31794
1512224064.32 0 31794
1512224064.42 0 30280
1512224064.52 0 31794
1512224064.62 0 28766
1512224064.72 0 30280
1512224064.82 0 30280
1512224064.91 0 30280
1512224065.02 0 31794
1512224065.12 0 31794
1512224065.22 0 31794
1512224065.32 0 28766
1512224065.42 0 30280
1512224065.52 0 30280
1512224065.62 0 31794
1512224065.72 0 31794
1512224065.82 0 30280
1512224065.92 0 31794
1512224066.02 0 28766
1512224066.12 0 30280
1512224066.22 0 30280
1512224066.32 0 31794
1512224066.42 0 31794
1512224066.52 0 31794
1512224066.62 0 31794
1512224066.72 0 31794
1512224066.82 0 28766
1512224066.92 0 30280
1512224067.02 0 31794
1512224067.12 0 31794
1512224067.22 0 31794
1512224067.32 0 31794
1512224067.42 0 28766
1512224067.52 0 30280
1512224067.62 0 30280
1512224067.72 0 33308
1512224067.82 0 30280
1512224067.92 0 33308
1512224068.02 0 30280
1512224068.12 0 27252
1512224068.22 0 28766
1512224068.32 0 31794
1512224068.42 0 30280
1512224068.53 0 33308
1512224068.62 0 30280
1512224068.72 0 31794
1512224068.83 0 28766
1512224068.93 0 28766
1512224069.03 0 31794
1512224069.13 0 28766
1512224069.23 0 31794
1512224069.32 0 31794
1512224069.42 0 30280
1512224069.52 0 27252
1512224069.62 0 28766
1512224069.72 0 30280
1512224069.83 0 33308
1512224069.93 0 30280
1512224070.03 0 33308
1512224070.13 0 30280
1512224070.23 0 28766
1512224070.33 0 28766
1512224070.43 0 28766
1512224070.53 0 31794
1512224070.63 0 31794
1512224070.73 0 31794
1512224070.83 0 27252
1512224070.93 0 28766
1512224071.03 0 31794
1512224071.13 0 31794
1512224071.23 0 30280
1512224071.33 0 33308
1512224071.43 0 30280
1512224071.53 0 24224
1512224071.63 0 28766
1512224071.73 0 30280
1512224071.83 0 31794
1512224071.93 0 30280
1512224072.04 0 33308
1512224072.13 0 28766
1512224072.24 0 31794
1512224072.33 0 24224
1512224072.44 0 30280
1512224072.54 0 28766
1512224072.63 0 31794
1512224072.73 0 31794
1512224072.84 0 28766
1512224072.94 0 27252
1512224073.04 0 28766
1512224073.14 0 30280
1512224073.24 0 33308
1512224073.34 0 30280
1512224073.44 0 31794
1512224073.54 0 30280
1512224073.64 0 28766
1512224073.74 0 28766
1512224073.84 0 31794
1512224073.94 0 30280
1512224074.04 0 31794
1512224074.14 0 33308
1512224074.24 0 28766
1512224074.34 0 27252
1512224074.44 0 30280
1512224074.54 0 30280
1512224074.64 0 30280
1512224074.74 0 31794
1512224074.84 0 31794
1512224074.95 0 31794
1512224075.05 0 30280
1512224075.14 0 28766
1512224075.25 0 33308
1512224075.35 0 33308
1512224075.45 0 28766
1512224075.55 0 33308
1512224075.65 0 30280
1512224075.75 0 28766
1512224075.85 0 27252
1512224075.95 0 30280
1512224076.05 0 31794
1512224076.16 0 31794
1512224076.26 0 31794
1512224076.35 0 31794
1512224076.45 0 28766
1512224076.55 0 27252
1512224076.65 0 27252
1512224076.75 0 30280
1512224076.86 0 31794
1512224076.95 0 30280
1512224077.06 0 31794
1512224077.16 0 31794
1512224077.26 0 31794
1512224077.36 0 22710
1512224077.46 0 25738
1512224077.56 0 27252
1512224077.66 0 28766
1512224077.76 0 30280
1512224077.86 0 30280
1512224077.96 0 33308
1512224078.06 0 30280
1512224078.16 0 31794
1512224078.26 0 31794
1512224078.36 0 27252
1512224078.46 0 24224
1512224078.56 0 27252
1512224078.66 0 30280
1512224078.76 0 30280
1512224078.86 0 31794
1512224078.96 0 30280
1512224079.06 0 31794
1512224079.16 0 31794
1512224079.26 0 31794
1512224079.36 0 22710
1512224079.46 0 24224
1512224079.56 0 0
1512224079.66 0 0
1512224079.76 0 0
1512224079.86 0 0
1512224079.96 0 0
1512224080.06 0 0
1512224080.16 0 3028
1512224080.27 0 3028
1512224080.36 0 7570
1512224080.46 0 3028
1512224080.56 0 7570
1512224080.66 0 4542
1512224080.76 0 4542
1512224080.86 0 1514
1512224080.96 0 0
1512224081.06 0 0
1512224081.16 0 0
1512224081.26 0 0
1512224081.36 0 0
1512224081.46 0 0
1512224081.56 0 0
1512224081.67 0 0
1512224081.76 0 0
1512224081.87 0 3028
1512224081.97 0 0
1512224082.07 0 0
1512224082.17 0 0
1512224082.27 0 0
1512224082.37 0 0
1512224082.47 0 0
1512224082.57 0 0
1512224082.67 0 0
1512224082.77 0 0
1512224082.87 0 0
1512224082.97 0 0
1512224083.07 0 0
1512224083.17 0 0
1512224083.27 0 0
1512224083.37 0 0
1512224083.47 0 0
1512224083.57 0 0
1512224083.67 0 0
1512224083.77 0 0
1512224083.87 0 0
1512224083.97 0 0
1512224084.07 0 0
1512224084.17 0 0
1512224084.27 0 0
1512224084.37 0 0
1512224084.47 0 0
1512224084.57 0 0
1512224084.67 0 0
1512224084.78 0 0
1512224084.88 0 0
1512224084.98 0 0
1512224085.08 0 0
1512224085.18 0 0
1512224085.28 0 0
1512224085.38 0 0
1512224085.48 0 0
1512224085.58 0 0
1512224085.68 0 0
1512224085.78 0 0
1512224085.88 0 0
1512224085.98 0 0
1512224086.08 0 0
1512224086.18 0 0
1512224086.28 0 0
1512224086.38 0 0
1512224086.48 0 0
1512224086.58 0 0
1512224086.68 0 0
1512224086.78 0 0
1512224086.88 0 0
1512224086.98 0 0
1512224087.08 0 0
1512224087.18 0 0
1512224087.28 0 0
1512224087.38 0 0
1512224087.48 0 0
1512224087.59 0 0
1512224087.69 0 0
1512224087.79 0 0
1512224087.89 0 0
1512224087.99 0 0
1512224088.09 0 0
1512224088.19 0 0
1512224088.29 0 0
1512224088.39 0 0
1512224088.49 0 0
1512224088.59 0 0
1512224088.69 0 0
1512224088.79 0 0
1512224088.89 0 0
1512224088.99 0 0
1512224089.09 0 0
1512224089.19 0 0
1512224089.29 0 0
1512224089.39 0 0
1512224089.49 0 0
1512224089.59 0 0
1512224089.69 0 0
1512224089.79 0 0
1512224089.89 0 0
1512224089.99 0 0
1512224090.09 0 0
1512224090.19 0 0
1512224090.29 0 0
1512224090.4 0 0
1512224090.49 0 0
1512224090.59 0 0
1512224090.7 0 0
1512224090.8 0 0
1512224090.9 0 0
1512224091.0 0 0
1512224091.1 0 0
1512224091.2 0 0
1512224091.3 0 0
1512224091.4 0 0
1512224091.5 0 0
1512224091.6 0 0
1512224091.7 0 0
1512224091.8 0 0
1512224091.9 0 0
1512224092.0 0 0
1512224092.1 0 0
1512224092.2 0 0
1512224092.3 0 0
1512224092.4 0 0
1512224092.5 0 0
1512224092.6 0 0
1512224092.7 0 0
1512224092.8 0 0
1512224092.9 0 0
1512224093.0 0 0
1512224093.1 0 0
1512224093.2 0 0
1512224093.3 0 0
1512224093.4 0 0
1512224093.5 0 0
1512224093.6 0 0
1512224093.7 0 0
1512224093.8 0 0
1512224093.9 0 0
1512224094.01 0 0
1512224094.11 0 0
1512224094.21 0 0
1512224094.3 0 0
1512224094.4 0 0
1512224094.5 0 0
1512224094.61 0 0
1512224094.7 0 0
1512224094.81 0 0
1512224094.9 0 0
1512224095.0 0 0
1512224095.11 0 0
1512224095.21 0 0
1512224095.31 0 0
1512224095.41 0 0
1512224095.51 0 0
1512224095.61 0 0
1512224095.71 0 0
1512224095.81 0 0
1512224095.91 0 0
1512224096.01 0 0
1512224096.11 0 0
1512224096.21 0 0
1512224096.31 0 0
1512224096.41 0 0
1512224096.51 0 0
1512224096.61 0 0
1512224096.71 0 0
1512224096.81 0 0
1512224096.91 0 0
1512224097.01 0 0
1512224097.11 0 0
1512224097.21 0 0
1512224097.31 0 0
1512224097.41 0 0
1512224097.51 0 0
1512224097.61 0 0
1512224097.71 0 0
1512224097.81 0 0
1512224097.91 0 0
1512224098.01 0 0
1512224098.11 0 0
1512224098.21 0 0
1512224098.31 0 0
1512224098.41 0 0
1512224098.51 0 0
1512224098.61 0 0
1512224098.71 0 0
1512224098.81 0 0
1512224098.91 0 0
1512224099.01 0 0
1512224099.11 0 0
1512224099.21 0 0
1512224099.31 0 0
1512224099.41 0 0
1512224099.51 0 0
1512224099.62 0 0
1512224099.71 0 0
1512224099.82 0 0
1512224099.92 0 0
1512224100.02 0 0
1512224100.12 0 0
1512224100.22 0 0
1512224100.32 0 0
1512224100.42 0 0
1512224100.52 0 0
1512224100.62 0 0
1512224100.72 0 0
1512224100.82 0 0
1512224100.92 0 0
1512224101.02 0 0
1512224101.12 0 0
1512224101.22 0 0
1512224101.32 0 0
1512224101.42 0 0
1512224101.52 0 0
1512224101.62 0 0
1512224101.72 0 0
1512224101.82 0 0
1512224101.92 0 0
1512224102.02 0 0
1512224102.12 0 0
1512224102.22 0 0
1512224102.32 0 0
1512224102.42 0 0
1512224102.52 0 0
1512224102.62 0 0
1512224102.72 0 0
1512224102.82 0 0
1512224102.92 0 0
1512224103.02 0 0
1512224103.12 0 0
1512224103.22 0 0
1512224103.32 0 0
1512224103.43 0 0
1512224103.53 0 0
1512224103.62 0 0
1512224103.72 0 0
1512224103.83 0 0
1512224103.93 0 0
1512224104.03 0 0
1512224104.12 0 0
1512224104.23 0 0
1512224104.33 0 0
1512224104.43 0 0
1512224104.53 0 0
1512224104.63 0 0
1512224104.73 0 0
1512224104.83 0 0
1512224104.93 0 0
1512224105.03 0 0
1512224105.13 0 0
1512224105.23 0 0
1512224105.33 0 0
1512224105.43 0 0
1512224105.53 0 0
1512224105.63 0 0
1512224105.73 0 0
1512224105.83 0 0
1512224105.93 0 0
1512224106.03 0 0
1512224106.13 0 0
1512224106.23 0 0
1512224106.33 0 0
1512224106.43 0 0
1512224106.53 0 0
1512224106.63 0 0
1512224106.73 0 0
1512224106.83 0 0
1512224106.93 0 0
1512224107.03 0 0
1512224107.13 0 0
1512224107.23 0 0
1512224107.33 0 0
1512224107.43 0 0
1512224107.53 0 0
1512224107.63 0 0
1512224107.74 0 0
1512224107.84 0 0
1512224107.93 0 0
