1512252736.47 2500.0 3166.66666667
1512252736.54 2500.0 3611.11111111
1512252736.65 2500.0 3907.40740741
1512252736.75 2500.0 4104.9382716
1512252736.89 2500.0 4236.6255144
1512252736.94 2500.0 4324.4170096
1512252737.05 2500.0 4382.94467307
1512252737.15 2500.0 4421.96311538
1512252737.25 2500.0 4447.97541025
1512252737.35 2500.0 4465.31694017
1512252737.49 2500.0 4476.87796011
1512252737.56 2500.0 4484.58530674
1512252737.66 2500.0 4489.72353783
1512252737.82 2500.0 4493.14902522
1512252737.92 2500.0 4495.43268348
1512252738.02 2500.0 4496.95512232
1512252738.12 2500.0 4497.97008155
1512252738.3 2500.0 4498.64672103
1512252738.36 2500.0 4499.09781402
1512252738.47 2500.0 4499.39854268
1512252738.56 2500.0 4499.59902845
1512252738.67 2500.0 4499.73268564
1512252738.78 2500.0 4499.82179042
1512252738.87 2500.0 4499.88119362
1512252738.97 2500.0 4499.92079574
1512252739.13 2500.0 4499.94719716
1512252739.2 2500.0 4499.96479811
1512252739.3 2500.0 4499.97653207
1512252739.4 2500.0 4499.98435471
1512252739.5 2500.0 4499.98956981
1512252739.61 2500.0 4499.99304654
1512252739.7 2500.0 4499.99536436
1512252739.8 2500.0 4499.99690957
1512252739.91 2500.0 4499.99793972
1512252740.0 2500.0 4499.99862648
1512252740.16 2500.0 4499.99908432
1512252740.23 2500.0 4499.99938955
1512252740.32 2500.0 4499.99959303
1512252740.5 2500.0 4499.99972869
1512252740.56 2500.0 4499.99981912
1512252740.66 2500.0 4499.99987942
1512252740.76 2500.0 4499.99991961
1512252740.86 2500.0 4499.99994641
1512252740.97 2500.0 4499.99996427
1512252741.07 2500.0 4499.99997618
1512252741.22 2500.0 4499.99998412
1512252741.28 2500.0 4499.99998941
1512252741.45 2500.0 4499.99999294
1512252741.51 2500.0 4499.9999953
1512252741.64 2500.0 4499.99999686
1512252741.71 2500.0 4499.99999791
1512252741.81 2500.0 4499.99999861
1512252741.91 2500.0 4499.99999907
1512252742.01 2500.0 4499.99999938
1512252742.11 2500.0 4499.99999959
1512252742.22 2500.0 4499.99999972
1512252742.31 2500.0 4499.99999982
1512252742.42 2500.0 4499.99999988
1512252742.52 2500.0 4499.99999992
1512252742.61 2500.0 4499.99999995
1512252742.72 2500.0 4499.99999996
1512252742.82 2500.0 4499.99999998
1512252742.91 2500.0 4499.99999998
1512252743.01 2500.0 4499.99999999
1512252743.11 2500.0 4499.99999999
1512252743.21 2500.0 4500.0
1512252743.31 2500.0 4500.0
1512252743.41 2500.0 4500.0
1512252743.51 2500.0 4500.0
1512252743.62 2500.0 4500.0
1512252743.72 2500.0 4500.0
1512252743.81 2500.0 4500.0
1512252743.91 2458.33333333 4500.0
1512252744.01 2418.75 4500.0
1512252744.12 2381.14583333 4500.0
1512252744.22 2345.421875 4500.0
1512252744.31 2311.48411458 4500.0
1512252744.42 2279.24324219 4500.0
1512252744.51 2248.61441341 4500.0
1512252744.62 2198.68369274 4500.0
1512252744.72 2172.08284144 4500.0
1512252744.82 2146.8120327 4500.0
1512252744.92 2122.8047644 4500.0
1512252745.02 2141.66452618 4500.0
1512252745.12 2159.58129987 4500.0
1512252745.23 2134.93556821 4500.0
1512252745.32 2153.1887898 4500.0
1512252745.42 2170.52935031 4500.0
1512252745.53 2187.00288279 4500.0
1512252745.62 2160.98607199 4500.0
1512252745.78 2177.93676839 4500.0
1512252745.84 2152.3732633 4500.0
1512252745.94 2169.75460014 4500.0
1512252746.04 2186.26687013 4500.0
1512252746.14 2160.28685996 4500.0
1512252746.24 2177.27251696 4500.0
1512252746.35 2193.40889111 4500.0
1512252746.45 2167.07177989 4500.0
1512252746.56 2183.71819089 4500.0
1512252746.64 2199.53228135 4500.0
1512252746.74 2214.55566728 4500.0
1512252746.91 2187.16121725 4500.0
1512252746.99 2202.80315639 4500.0
1512252747.09 2175.9963319 4500.0
1512252747.25 2192.19651531 4500.0
1512252747.33 2207.58668954 4500.0
1512252747.42 2222.20735506 4500.0
1512252747.53 2236.09698731 4500.0
1512252747.7 2249.29213795 4500.0
1512252747.78 2261.82753105 4500.0
1512252747.87 2273.7361545 4500.0
1512252748.04 2285.04934677 4500.0
1512252748.11 2295.79687943 4500.0
1512252748.21 2306.00703546 4500.0
1512252748.31 2315.70668369 4500.0
1512252748.41 2324.9213495 4500.0
1512252748.51 2333.67528203 4500.0
1512252748.61 2341.99151793 4500.0
1512252748.72 2349.89194203 4500.0
1512252748.82 2357.39734493 4500.0
1512252748.92 2364.52747768 4500.0
1512252749.01 2371.3011038 4500.0
1512252749.11 2377.73604861 4500.0
1512252749.22 2383.84924618 4500.0
1512252749.31 2389.65678387 4500.0
1512252749.42 2395.17394468 4500.0
1512252749.51 2400.41524744 4500.0
1512252749.61 2405.39448507 4500.0
1512252749.72 2410.12476082 4500.0
1512252749.81 2414.61852278 4500.0
1512252749.91 2418.88759664 4500.0
1512252750.01 2422.9432168 4500.0
1512252750.11 2426.79605596 4500.0
1512252750.28 2430.45625317 4500.0
1512252750.35 2433.93344051 4500.0
1512252750.45 2437.23676848 4500.0
1512252750.56 2440.37493006 4500.0
1512252750.65 2443.35618356 4500.0
1512252750.75 2446.18837438 4500.0
1512252750.85 2448.87895566 4500.0
1512252750.95 2451.43500788 4500.0
1512252751.13 2453.86325748 4500.0
1512252751.21 2456.17009461 4500.0
1512252751.36 2458.36158988 4500.0
1512252751.42 2460.44351038 4500.0
1512252751.51 2462.42133486 4500.0
1512252751.62 2464.30026812 4500.0
1512252751.73 2466.08525472 4500.0
1512252751.83 2467.78099198 4500.0
1512252751.93 2469.39194238 4500.0
1512252752.03 2470.92234526 4500.0
1512252752.13 2472.376228 4500.0
1512252752.28 2473.7574166 4500.0
1512252752.34 2475.06954577 4500.0
1512252752.45 2476.31606848 4500.0
1512252752.61 2477.50026506 4500.0
1512252752.69 2478.6252518 4500.0
1512252752.83 2479.69398921 4500.0
1512252752.89 2480.70928975 4500.0
1512252753.04 2481.67382526 4500.0
1512252753.11 2482.590134 4500.0
1512252753.2 2483.4606273 4500.0
1512252753.31 2484.28759594 4500.0
1512252753.4 2485.07321614 4500.0
1512252753.58 2485.81955533 4500.0
1512252753.65 2486.52857757 4500.0
1512252753.75 2487.20214869 4500.0
1512252753.85 2487.84204125 4500.0
1512252753.95 2488.44993919 4500.0
1512252754.05 2489.02744223 4500.0
1512252754.15 2489.57607012 4500.0
1512252754.25 2490.09726661 4500.0
1512252754.35 2490.59240328 4500.0
1512252754.45 2491.06278312 4500.0
1512252754.55 2491.50964396 4500.0
1512252754.65 2491.93416176 4500.0
1512252754.75 2492.33745368 4500.0
1512252754.91 2492.72058099 4500.0
1512252754.97 2493.08455194 4500.0
1512252755.08 2493.43032435 4500.0
1512252755.17 2493.75880813 4500.0
1512252755.27 2494.07086772 4500.0
1512252755.45 2494.36732434 4500.0
1512252755.51 2494.64895812 4500.0
1512252755.61 2494.91651021 4500.0
1512252755.71 2495.1706847 4500.0
1512252755.88 2495.41215047 4500.0
1512252755.95 2495.64154294 4500.0
1512252756.1 2495.8594658 4500.0
1512252756.16 2496.06649251 4500.0
1512252756.26 2496.26316788 4500.0
1512252756.36 2496.45000949 4500.0
1512252756.47 2496.62750901 4500.0
1512252756.56 2496.79613356 4500.0
1512252756.72 2496.95632688 4500.0
1512252756.79 2497.10851054 4500.0
1512252756.89 2497.25308501 4500.0
1512252757.06 2497.39043076 4500.0
1512252757.14 2497.52090922 4500.0
1512252757.23 2497.64486376 4500.0
1512252757.34 2497.76262058 4500.0
1512252757.43 2497.87448955 4500.0
1512252757.59 2497.98076507 4500.0
1512252757.66 2498.08172682 4500.0
1512252757.82 2498.17764047 4500.0
1512252757.89 2498.26875845 4500.0
1512252757.99 2498.35532053 4500.0
1512252758.1 2498.4375545 4500.0
1512252758.25 2498.51567678 4500.0
1512252758.32 2498.58989294 4500.0
1512252758.41 2498.66039829 4500.0
1512252758.52 2498.72737838 4500.0
1512252758.62 2498.79100946 4500.0
1512252758.72 2498.85145898 4500.0
1512252758.82 2498.90888604 4500.0
1512252758.92 2498.96344173 4500.0
1512252759.01 2499.01526965 4500.0
1512252759.11 2499.06450616 4500.0
1512252759.28 2499.11128086 4500.0
1512252759.35 2499.15571681 4500.0
1512252759.48 2499.19793097 4500.0
1512252759.56 2499.23803442 4500.0
1512252759.66 2499.2761327 4500.0
1512252759.76 2499.31232607 4500.0
1512252759.86 2499.34670976 4500.0
1512252759.97 2499.37937428 4500.0
1512252760.06 2499.41040556 4500.0
1512252760.16 2499.43988528 4500.0
1512252760.26 2499.46789102 4500.0
1512252760.36 2499.49449647 4500.0
1512252760.46 2499.51977165 4500.0
1512252760.57 2499.54378306 4500.0
1512252760.72 2499.56659391 4500.0
1512252760.78 2499.58826421 4500.0
1512252760.88 2499.608851 4500.0
1512252760.98 2499.62840845 4500.0
1512252761.09 2499.64698803 4500.0
1512252761.18 2499.66463863 4500.0
1512252761.28 2499.6814067 4500.0
1512252761.44 2499.69733636 4500.0
1512252761.51 2499.71246955 4500.0
1512252761.6 2499.72684607 4500.0
1512252761.7 2499.74050376 4500.0
1512252761.8 2499.75347858 4500.0
1512252761.92 2499.76580465 4500.0
1512252762.01 2499.77751442 4500.0
1512252762.11 2499.78863869 4500.0
1512252762.21 2499.79920676 4500.0
1512252762.32 2499.80924642 4500.0
1512252762.4 2499.8187841 4500.0
1512252762.51 2499.8278449 4500.0
1512252762.61 2499.83645265 4500.0
1512252762.71 2499.84463002 4500.0
1512252762.81 2499.85239852 4500.0
1512252762.91 2499.85977859 4500.0
1512252763.01 2499.86678966 4500.0
1512252763.11 2499.87345018 4500.0
1512252763.21 2499.87977767 4500.0
1512252763.31 2499.88578879 4500.0
1512252763.41 2499.89149935 4500.0
1512252763.51 2499.89692438 4500.0
1512252763.61 2499.90207816 4500.0
1512252763.71 2499.90697425 4500.0
1512252763.81 2499.91162554 4500.0
1512252763.91 2499.91604426 4500.0
1512252764.01 2499.92024205 4500.0
1512252764.11 2499.92422995 4500.0
1512252764.21 2499.92801845 4500.0
1512252764.32 2499.93161753 4500.0
1512252764.41 2499.93503665 4500.0
1512252764.52 2499.93828482 4500.0
1512252764.62 2499.94137058 4500.0
1512252764.72 2499.94430205 4500.0
1512252764.89 2499.94708695 4500.0
1512252764.97 2499.9497326 4500.0
1512252765.14 2499.95224597 4500.0
1512252765.2 2499.95463367 4500.0
1512252765.3 2499.95690199 4500.0
1512252765.46 2499.95905689 4500.0
1512252765.54 2499.96110404 4500.0
1512252765.64 2499.96304884 4500.0
1512252765.74 2499.9648964 4500.0
1512252765.85 2499.96665158 4500.0
1512252765.95 2499.968319 4500.0
1512252766.05 2499.96990305 4500.0
1512252766.16 2499.9714079 4500.0
1512252766.25 2499.9728375 4500.0
1512252766.35 2499.97419563 4500.0
1512252766.46 2499.97548585 4500.0
1512252766.55 2499.97671155 4500.0
1512252766.66 2499.97787598 4500.0
1512252766.75 2499.97898218 4500.0
1512252766.85 2499.98003307 4500.0
1512252766.95 2499.98103142 4500.0
1512252767.05 2499.98197984 4500.0
1512252767.15 2499.98288085 4500.0
1512252767.25 2499.98373681 4500.0
1512252767.43 2499.98454997 4500.0
1512252767.5 2499.98532247 4500.0
1512252767.6 2499.98605635 4500.0
1512252767.7 2499.98675353 4500.0
1512252767.8 2499.98741585 4500.0
1512252767.9 2499.98804506 4500.0
1512252768.0 2499.98864281 4500.0
1512252768.11 2499.98921067 4500.0
1512252768.21 2499.98975013 4500.0
1512252768.3 2499.99026263 4500.0
1512252768.4 2499.9907495 4500.0
1512252768.53 2499.99121202 4500.0
1512252768.62 2499.99165142 4500.0
1512252768.69 2499.99206885 4500.0
1512252768.78 2499.99246541 4500.0
1512252768.89 2499.99284214 4500.0
1512252769.0 2499.99320003 4500.0
1512252769.11 2499.99354003 4500.0
1512252769.2 2499.99386303 4500.0
1512252769.3 2499.99416988 4500.0
1512252769.4 2499.99446138 4500.0
1512252769.5 2499.99473831 4500.0
1512252769.59 2499.9950014 4500.0
1512252769.69 2499.99525133 4500.0
1512252769.79 2499.99548876 4500.0
1512252769.9 2499.99571432 4500.0
1512252769.99 2499.99592861 4500.0
1512252770.09 2499.99613218 4500.0
1512252770.21 2499.99632557 4500.0
1512252770.32 2499.99650929 4500.0
1512252770.4 2499.99668382 4500.0
1512252770.49 2499.99684963 4500.0
1512252770.6 2499.99700715 4500.0
1512252770.7 2499.99715679 4500.0
1512252770.79 2499.99729895 4500.0
1512252770.9 2499.99743401 4500.0
1512252771.05 2499.99756231 4500.0
1512252771.12 2499.99768419 4500.0
1512252771.22 2499.99779998 4500.0
1512252771.32 2499.99790998 4500.0
1512252771.43 2499.99801448 4500.0
1512252771.52 2499.99811376 4500.0
1512252771.62 2499.99820807 4500.0
1512252771.72 2499.99829767 4500.0
1512252771.82 2499.99838278 4500.0
1512252771.93 2499.99846364 4500.0
1512252772.03 2499.99854046 4500.0
1512252772.13 2499.99861344 4500.0
1512252772.22 2499.99868277 4500.0
1512252772.32 2499.99874863 4500.0
1512252772.42 2499.9988112 4500.0
1512252772.59 2499.99887064 4500.0
1512252772.66 2499.99892711 4500.0
1512252772.8 2499.99898075 4500.0
1512252772.86 2499.99903171 4500.0
1512252772.96 2499.99908013 4500.0
1512252773.13 2499.99912612 4500.0
1512252773.19 2499.99916982 4500.0
1512252773.37 2499.99921132 4500.0
1512252773.43 2499.99925076 4500.0
1512252773.53 2499.99928822 4500.0
1512252773.65 2499.99932381 4500.0
1512252773.72 2499.99935762 4500.0
1512252773.88 2499.99938974 4500.0
1512252773.94 2499.99942025 4500.0
1512252774.04 2499.99944924 4500.0
1512252774.15 2499.99947678 4500.0
1512252774.24 2499.99950294 4500.0
1512252774.34 2499.99952779 4500.0
1512252774.44 2499.9995514 4500.0
1512252774.54 2499.99957383 4500.0
1512252774.65 2499.99959514 4500.0
1512252774.81 2499.99961538 4500.0
1512252774.88 2499.99963461 4500.0
1512252774.98 2499.99965288 4500.0
1512252775.08 2499.99967024 4500.0
1512252775.17 2499.99968673 4500.0
1512252775.28 2499.99970239 4500.0
1512252775.38 2499.99971727 4500.0
1512252775.48 2499.99973141 4500.0
1512252775.58 2499.99974484 4500.0
1512252775.68 2499.9997576 4500.0
1512252775.85 2499.99976972 4500.0
1512252775.93 2499.99978123 4500.0
1512252776.03 2499.99979217 4500.0
1512252776.14 2499.99980256 4500.0
1512252776.23 2499.99981243 4500.0
1512252776.33 2499.99982181 4500.0
1512252776.48 2499.99983072 4500.0
1512252776.54 2499.99983918 4500.0
1512252776.64 2499.99984722 4500.0
1512252776.74 2499.99985486 4500.0
1512252776.85 2499.99986212 4500.0
1512252776.95 2499.99986901 4500.0
1512252777.06 2499.99987556 4500.0
1512252777.15 2499.99988179 4500.0
1512252777.25 2499.9998877 4500.0
1512252777.34 2499.99989331 4500.0
1512252777.45 2499.99989865 4500.0
1512252777.55 2499.99990371 4500.0
1512252777.65 2499.99990853 4500.0
1512252777.75 2541.66657977 4500.0
1512252777.86 2602.08325078 4500.0
1512252777.95 2596.97908824 4500.0
1512252778.06 2633.7968005 4500.0
1512252778.15 2668.77362714 4500.0
1512252778.25 2702.00161245 4500.0
1512252778.36 2733.56819849 4500.0
1512252778.46 2763.55645523 4500.0
1512252778.55 2792.04529914 4500.0
1512252778.65 2819.10970085 4500.0
1512252778.75 2844.82088247 4500.0
1512252778.85 2869.24650502 4500.0
1512252779.0 2892.45084643 4500.0
1512252779.08 2914.49497078 4500.0
1512252779.18 2935.4368889 4500.0
1512252779.27 2955.33171113 4500.0
1512252779.37 2974.23179224 4500.0
1512252779.48 2992.18686929 4500.0
1512252779.57 3009.24419249 4500.0
1512252779.68 3025.44864954 4500.0
1512252779.78 3040.84288372 4500.0
1512252779.88 3055.46740621 4500.0
1512252779.98 3069.36070256 4500.0
1512252780.07 3082.5593341 4500.0
1512252780.17 3095.09803406 4500.0
1512252780.28 3107.00979903 4500.0
1512252780.38 3118.32597574 4500.0
1512252780.48 3129.07634362 4500.0
1512252780.57 3139.28919311 4500.0
1512252780.68 3148.99140012 4500.0
1512252780.77 3158.20849678 4500.0
1512252780.89 3166.96473861 4500.0
1512252780.98 3175.28316834 4500.0
1512252781.08 3183.18567659 4500.0
1512252781.18 3190.69305943 4500.0
1512252781.27 3197.82507312 4500.0
1512252781.38 3204.60048613 4500.0
1512252781.48 3211.03712849 4500.0
1512252781.6 3217.15193874 4500.0
1512252781.68 3222.96100847 4500.0
1512252781.78 3228.47962471 4500.0
1512252781.88 3233.72231014 4500.0
1512252781.98 3238.7028613 4500.0
1512252782.08 3243.4343849 4500.0
1512252782.17 3247.92933232 4500.0
1512252782.32 3252.19953237 4500.0
1512252782.41 3256.25622242 4500.0
1512252782.51 3260.11007797 4500.0
1512252782.6 3263.77124074 4500.0
1512252782.7 3267.24934537 4500.0
1512252782.8 3270.55354476 4500.0
1512252782.9 3273.69253419 4500.0
1512252783.0 3276.67457415 4500.0
1512252783.1 3279.50751211 4500.0
1512252783.2 3282.19880317 4500.0
1512252783.3 3284.75552968 4500.0
1512252783.4 3287.18441986 4500.0
1512252783.5 3289.49186553 4500.0
1512252783.6 3291.68393892 4500.0
1512252783.7 3293.76640865 4500.0
1512252783.8 3295.74475488 4500.0
1512252783.89 3297.6241838 4500.0
1512252784.0 3299.40964128 4500.0
1512252784.1 3301.10582588 4500.0
1512252784.2 3302.71720125 4500.0
1512252784.3 3304.24800786 4500.0
1512252784.4 3305.70227413 4500.0
1512252784.5 3307.08382709 4500.0
1512252784.6 3308.3963024 4500.0
1512252784.7 3309.64315395 4500.0
1512252784.8 3310.82766292 4500.0
1512252784.9 3311.95294644 4500.0
1512252785.0 3313.02196578 4500.0
1512252785.1 3314.03753416 4500.0
1512252785.2 3315.00232412 4500.0
1512252785.3 3315.91887458 4500.0
1512252785.4 3316.78959752 4500.0
1512252785.5 3317.61678431 4500.0
1512252785.6 3318.40261176 4500.0
1512252785.7 3319.14914784 4500.0
1512252785.8 3319.85835711 4500.0
1512252785.9 3320.53210593 4500.0
1512252785.99 3321.1721673 4500.0
1512252786.1 3321.7802256 4500.0
1512252786.2 3322.35788098 4500.0
1512252786.31 3322.9066536 4500.0
1512252786.41 3323.42798759 4500.0
1512252786.5 3323.92325488 4500.0
1512252786.6 3324.3937588 4500.0
1512252786.7 3324.84073753 4500.0
1512252786.8 3325.26536732 4500.0
1512252786.9 3325.66876562 4500.0
1512252787.0 3326.051994 4500.0
1512252787.1 3326.41606097 4500.0
1512252787.19 3326.76192459 4500.0
1512252787.3 3327.09049502 4500.0
1512252787.4 3327.40263694 4500.0
1512252787.5 3327.69917176 4500.0
1512252787.6 3327.98087984 4500.0
1512252787.7 3328.24850251 4500.0
1512252787.8 3328.50274405 4500.0
1512252787.91 3328.74427352 4500.0
1512252788.01 3328.97372651 4500.0
1512252788.11 3329.19170685 4500.0
1512252788.2 3329.39878817 4500.0
1512252788.31 3329.59551543 4500.0
1512252788.4 3329.78240633 4500.0
1512252788.5 3329.95995268 4500.0
1512252788.6 3330.12862171 4500.0
1512252788.7 3330.28885729 4500.0
1512252788.8 3330.44108109 4500.0
1512252788.9 3330.58569371 4500.0
1512252789.0 3330.72307569 4500.0
1512252789.11 3330.85358857 4500.0
1512252789.21 3330.97757581 4500.0
1512252789.31 3331.09536368 4500.0
1512252789.4 3331.20726217 4500.0
1512252789.5 3331.31356572 4500.0
1512252789.6 3331.4145541 4500.0
1512252789.7 3331.51049307 4500.0
1512252789.8 3331.60163508 4500.0
1512252789.9 3331.68821999 4500.0
1512252790.01 3331.77047566 4500.0
1512252790.1 3331.84861854 4500.0
1512252790.21 3331.92285428 4500.0
1512252790.3 3331.99337824 4500.0
1512252790.4 3332.06037599 4500.0
1512252790.5 3332.12402386 4500.0
1512252790.6 3332.18448933 4500.0
1512252790.7 3332.24193153 4500.0
1512252790.8 3332.29650162 4500.0
1512252790.9 3332.34834321 4500.0
1512252791.01 3332.39759271 4500.0
1512252791.11 3332.44437974 4500.0
1512252791.2 3332.48882742 4500.0
1512252791.3 3332.53105272 4500.0
1512252791.41 3332.57116675 4500.0
1512252791.5 3332.60927508 4500.0
1512252791.6 3332.64547799 4500.0
1512252791.7 3332.67987076 4500.0
1512252791.81 3332.71254389 4500.0
1512252791.91 3332.74358336 4500.0
1512252792.01 3332.77307086 4500.0
1512252792.11 3332.80108398 4500.0
1512252792.21 3332.82769645 4500.0
1512252792.31 3332.85297829 4500.0
1512252792.41 3332.87699605 4500.0
1512252792.51 3332.89981291 4500.0
1512252792.61 3332.92148893 4500.0
1512252792.71 3332.94208115 4500.0
1512252792.81 3332.96164376 4500.0
1512252792.92 3332.98022824 4500.0
1512252793.01 3332.99788349 4500.0
1512252793.11 3333.01465599 4500.0
1512252793.21 3333.03058985 4500.0
1512252793.31 3333.04572703 4500.0
1512252793.41 3333.06010734 4500.0
1512252793.51 3333.07376864 4500.0
1512252793.61 3333.08674688 4500.0
1512252793.72 3333.0990762 4500.0
1512252793.82 3333.11078906 4500.0
1512252793.92 3333.12191627 4500.0
1512252794.01 3333.13248712 4500.0
1512252794.11 3333.14252943 4500.0
1512252794.21 3333.15206963 4500.0
1512252794.31 3333.16113281 4500.0
1512252794.41 3333.16974284 4500.0
1512252794.52 3333.17792236 4500.0
1512252794.61 3333.18569291 4500.0
1512252794.71 3333.19307493 4500.0
1512252794.82 3333.20008785 4500.0
1512252794.92 3333.20675013 4500.0
1512252795.02 3333.21307929 4500.0
1512252795.12 3333.21909199 4500.0
1512252795.22 3354.05813739 4500.0
1512252795.32 3373.85523052 4500.0
1512252795.42 3392.662469 4500.0
1512252795.52 3410.52934555 4500.0
1512252795.62 3427.50287827 4500.0
1512252795.72 3443.62773435 4500.0
1512252795.82 3458.94634764 4500.0
1512252795.91 3473.49903026 4500.0
1512252796.01 3487.32407874 4500.0
1512252796.11 3500.45787481 4500.0
1512252796.21 3512.93498107 4500.0
1512252796.31 3524.78823201 4500.0
1512252796.41 3536.04882041 4500.0
1512252796.51 3546.74637939 4500.0
1512252796.61 3556.90906042 4500.0
1512252796.71 3566.5636074 4500.0
1512252796.82 3575.73542703 4500.0
1512252796.92 3584.44865568 4500.0
1512252797.02 3592.72622289 4500.0
1512252797.12 3600.58991175 4500.0
1512252797.22 3608.06041616 4500.0
1512252797.31 3615.15739535 4500.0
1512252797.42 3621.89952559 4500.0
1512252797.52 3628.30454931 4500.0
1512252797.62 3634.38932184 4500.0
1512252797.71 3640.16985575 4500.0
1512252797.82 3645.66136296 4500.0
1512252797.92 3650.87829481 4500.0
1512252798.02 3655.83438007 4500.0
1512252798.12 3660.54266107 4500.0
1512252798.22 3665.01552802 4500.0
1512252798.32 3669.26475162 4500.0
1512252798.42 3673.30151403 4500.0
1512252798.52 3677.13643833 4500.0
1512252798.62 3680.77961642 4500.0
1512252798.72 3684.2406356 4500.0
1512252798.83 3687.52860382 4500.0
1512252798.92 3690.65217362 4500.0
1512252799.02 3693.61956494 4500.0
1512252799.12 3696.4385867 4500.0
1512252799.22 3699.11665736 4500.0
1512252799.32 3701.66082449 4500.0
1512252799.42 3704.07778327 4500.0
1512252799.52 3706.37389411 4500.0
1512252799.63 3708.5551994 4500.0
1512252799.72 3710.62743943 4500.0
1512252799.82 3712.59606746 4500.0
1512252799.92 3714.46626409 4500.0
1512252800.03 3716.24295088 4500.0
1512252800.12 3717.93080334 4500.0
1512252800.22 3719.53426317 4500.0
1512252800.32 3721.05755001 4500.0
1512252800.42 3722.50467251 4500.0
1512252800.52 3723.87943889 4500.0
1512252800.62 3725.18546694 4500.0
1512252800.72 3726.42619359 4500.0
1512252800.82 3727.60488391 4500.0
1512252800.93 3728.72463972 4500.0
1512252801.03 3729.78840773 4500.0
1512252801.12 3730.79898735 4500.0
1512252801.23 3731.75903798 4500.0
1512252801.33 3732.67108608 4500.0
1512252801.42 3733.53753178 4500.0
1512252801.53 3734.36065519 4500.0
1512252801.63 3735.14262243 4500.0
1512252801.72 3735.88549131 4500.0
1512252801.82 3736.59121674 4500.0
1512252801.92 3737.2616559 4500.0
1512252802.02 3737.89857311 4500.0
1512252802.12 3738.50364445 4500.0
1512252802.22 3739.07846223 4500.0
1512252802.32 3739.62453912 4500.0
1512252802.43 3740.14331216 4500.0
1512252802.52 3740.63614656 4500.0
1512252802.62 3741.10433923 4500.0
1512252802.72 3741.54912227 4500.0
1512252802.83 3741.97166615 4500.0
1512252802.93 3742.37308285 4500.0
1512252803.03 3742.7544287 4500.0
1512252803.13 3743.11670727 4500.0
1512252803.22 3743.4608719 4500.0
1512252803.33 3743.78782831 4500.0
1512252803.43 3744.09843689 4500.0
1512252803.53 3744.39351505 4500.0
1512252803.62 3744.6738393 4500.0
1512252803.73 3744.94014733 4500.0
1512252803.82 3745.19313997 4500.0
1512252803.93 3745.43348297 4500.0
1512252804.03 3745.66180882 4500.0
1512252804.13 3745.87871838 4500.0
1512252804.23 3746.08478246 4500.0
1512252804.33 3746.28054334 4500.0
1512252804.43 3746.46651617 4500.0
1512252804.53 3746.64319036 4500.0
1512252804.63 3746.81103084 4500.0
1512252804.73 3746.9704793 4500.0
1512252804.83 3747.12195534 4500.0
1512252804.93 3747.26585757 4500.0
1512252805.03 3747.40256469 4500.0
1512252805.13 3747.53243646 4500.0
1512252805.23 3747.65581463 4500.0
1512252805.33 3747.7730239 4500.0
1512252805.43 3747.88437271 4500.0
1512252805.53 3747.99015407 4500.0
1512252805.63 3748.09064637 4500.0
1512252805.73 3748.18611405 4500.0
1512252805.84 3748.27680835 4500.0
1512252805.93 3748.36296793 4500.0
1512252806.03 3748.44481953 4500.0
1512252806.13 3748.52257856 4500.0
1512252806.23 3748.59644963 4500.0
1512252806.34 3748.66662715 4500.0
1512252806.43 3748.73329579 4500.0
1512252806.53 3748.796631 4500.0
1512252806.63 3748.85679945 4500.0
1512252806.74 3748.91395948 4500.0
1512252806.83 3748.9682615 4500.0
1512252806.93 3749.01984843 4500.0
1512252807.03 3749.06885601 4500.0
1512252807.14 3749.11541321 4500.0
1512252807.23 3749.15964255 4500.0
1512252807.34 3749.20166042 4500.0
1512252807.43 3749.2415774 4500.0
1512252807.53 3749.27949853 4500.0
1512252807.64 3749.3155236 4500.0
1512252807.73 3749.34974742 4500.0
1512252807.83 3749.38226005 4500.0
1512252807.94 3749.41314705 4500.0
1512252808.04 3749.4424897 4500.0
1512252808.14 3749.47036521 4500.0
1512252808.24 3749.49684695 4500.0
1512252808.33 3749.5220046 4500.0
1512252808.44 3749.54590437 4500.0
1512252808.54 3749.56860915 4500.0
1512252808.63 3749.5901787 4500.0
1512252808.74 3749.61066976 4500.0
1512252808.84 3749.63013627 4500.0
1512252808.94 3749.64862946 4500.0
1512252809.04 3749.66619799 4500.0
1512252809.14 3749.68288809 4500.0
1512252809.24 3749.69874368 4500.0
1512252809.34 3749.7138065 4500.0
1512252809.44 3749.72811617 4500.0
1512252809.54 3749.74171037 4500.0
1512252809.64 3749.75462485 4500.0
1512252809.74 3749.7668936 4500.0
1512252809.84 3749.77854892 4500.0
1512252809.93 3749.78962148 4500.0
1512252810.04 3749.8001404 4500.0
1512252810.14 3749.81013338 4500.0
1512252810.23 3749.81962671 4500.0
1512252810.34 3749.82864538 4500.0
1512252810.44 3749.83721311 4500.0
1512252810.54 3749.84535245 4500.0
1512252810.64 3749.85308483 4500.0
1512252810.74 3749.86043059 4500.0
1512252810.85 3749.86740906 4500.0
1512252810.94 3749.87403861 4500.0
1512252811.05 3749.88033668 4500.0
1512252811.14 3749.88631984 4500.0
1512252811.24 3749.89200385 4500.0
1512252811.34 3749.89740366 4500.0
1512252811.44 3749.90253348 4500.0
1512252811.54 3749.9074068 4500.0
1512252811.64 3749.91203646 4500.0
1512252811.74 3749.91643464 4500.0
1512252811.84 3749.92061291 4500.0
1512252811.94 3749.92458226 4500.0
1512252812.04 3749.92835315 4500.0
1512252812.14 3749.93193549 4500.0
1512252812.24 3749.93533872 4500.0
1512252812.34 3749.93857178 4500.0
1512252812.44 3749.94164319 4500.0
1512252812.54 3749.94456103 4500.0
1512252812.64 3749.94733298 4500.0
1512252812.75 3749.94996633 4500.0
1512252812.85 3749.95246801 4500.0
1512252812.94 3749.95484461 4500.0
1512252813.05 3749.95710238 4500.0
1512252813.14 3749.95924726 4500.0
1512252813.24 3749.9612849 4500.0
1512252813.35 3749.96322066 4500.0
1512252813.45 3749.96505962 4500.0
1512252813.54 3749.96680664 4500.0
1512252813.64 3749.96846631 4500.0
1512252813.74 3749.97004299 4500.0
1512252813.85 3749.97154084 4500.0
1512252813.95 3749.9729638 4500.0
1512252814.05 3749.97431561 4500.0
1512252814.15 3749.97559983 4500.0
1512252814.25 3712.47681984 4500.0
1512252814.35 3714.35297885 4500.0
1512252814.45 3678.63532991 4500.0
1512252814.55 3682.20356341 4500.0
1512252814.65 3648.09338524 4500.0
1512252814.75 3615.68871598 4500.0
1512252814.86 3584.90428018 4500.0
1512252814.95 3555.65906617 4500.0
1512252815.05 3527.87611286 4500.0
1512252815.15 3501.48230722 4500.0
1512252815.25 3513.90819186 4500.0
1512252815.35 3488.21278226 4500.0
1512252815.46 3463.80214315 4500.0
1512252815.55 3478.11203599 4500.0
1512252815.65 3454.20643419 4500.0
1512252815.75 3431.49611248 4500.0
1512252815.85 3409.92130686 4500.0
1512252815.96 3389.42524152 4500.0
1512252816.06 3369.95397944 4500.0
1512252816.16 3351.45628047 4500.0
1512252816.26 3333.88346645 4500.0
1512252816.36 3317.18929312 4500.0
1512252816.45 3338.82982847 4500.0
1512252816.56 3321.88833704 4500.0
1512252816.66 3305.79392019 4500.0
1512252816.76 3290.50422418 4500.0
1512252816.86 3275.97901297 4500.0
1512252816.96 3262.18006232 4500.0
1512252817.06 3249.07105921 4500.0
1512252817.15 3274.11750625 4500.0
1512252817.26 3260.41163094 4500.0
1512252817.36 3247.39104939 4500.0
1512252817.46 3235.02149692 4500.0
1512252817.55 3223.27042207 4500.0
1512252817.66 3212.10690097 4500.0
1512252817.76 3201.50155592 4500.0
1512252817.86 3191.42647813 4500.0
1512252817.96 3181.85515422 4500.0
1512252818.06 3172.76239651 4500.0
1512252818.15 3201.62427668 4500.0
1512252818.25 3191.54306285 4500.0
1512252818.35 3181.96590971 4500.0
1512252818.46 3172.86761422 4500.0
1512252818.56 3164.22423351 4500.0
1512252818.66 3156.01302183 4500.0
1512252818.76 3185.71237074 4500.0
1512252818.86 3176.42675221 4500.0
1512252818.96 3167.6054146 4500.0
1512252819.06 3159.22514387 4500.0
1512252819.16 3151.26388667 4500.0
1512252819.26 3143.70069234 4500.0
1512252819.36 3136.51565772 4500.0
1512252819.47 3129.68987484 4500.0
1512252819.57 3123.20538109 4500.0
1512252819.67 3117.04511204 4500.0
1512252819.76 3111.19285644 4500.0
1512252819.86 3105.63321362 4500.0
1512252819.96 3100.35155293 4500.0
1512252820.06 3095.33397529 4500.0
1512252820.17 3090.56727652 4500.0
1512252820.26 3086.0389127 4500.0
1512252820.36 3081.73696706 4500.0
1512252820.47 3115.15011871 4500.0
1512252820.56 3109.39261277 4500.0
1512252820.66 3103.92298214 4500.0
1512252820.76 3098.72683303 4500.0
1512252820.86 3093.79049138 4500.0
1512252820.97 3089.10096681 4500.0
1512252821.06 3084.64591847 4500.0
1512252821.17 3080.41362254 4500.0
1512252821.27 3076.39294142 4500.0
1512252821.37 3072.57329435 4500.0
1512252821.46 3106.44462963 4500.0
1512252821.57 3101.12239815 4500.0
1512252821.67 3096.06627824 4500.0
1512252821.77 3091.26296433 4500.0
1512252821.87 3086.69981611 4500.0
1512252821.97 3082.36482531 4500.0
1512252822.06 3115.74658404 4500.0
1512252822.16 3109.95925484 4500.0
1512252822.26 3104.4612921 4500.0
1512252822.37 3099.23822749 4500.0
1512252822.48 3094.27631612 4500.0
1512252822.57 3089.56250031 4500.0
1512252822.67 3085.0843753 4500.0
1512252822.76 3080.83015653 4500.0
1512252822.87 3076.7886487 4500.0
1512252822.98 3072.94921627 4500.0
1512252823.07 3069.30175546 4500.0
1512252823.16 3065.83666768 4500.0
1512252823.27 3100.0448343 4500.0
1512252823.37 3095.04259258 4500.0
1512252823.47 3090.29046295 4500.0
1512252823.57 3085.77593981 4500.0
1512252823.67 3081.48714282 4500.0
1512252823.77 3077.41278568 4500.0
1512252823.87 3111.04214639 4500.0
1512252823.97 3105.49003907 4500.0
1512252824.07 3100.21553712 4500.0
1512252824.17 3095.20476026 4500.0
1512252824.27 3090.44452225 4500.0
1512252824.37 3085.92229614 4500.0
1512252824.47 3081.62618133 4500.0
1512252824.57 3077.54487226 4500.0
1512252824.68 3073.66762865 4500.0
1512252824.77 3069.98424722 4500.0
1512252824.87 3066.48503486 4500.0
1512252824.98 3063.16078311 4500.0
1512252825.07 3060.00274396 4500.0
1512252825.18 3094.50260676 4500.0
1512252825.27 3089.77747642 4500.0
1512252825.38 3085.2886026 4500.0
1512252825.48 3081.02417247 4500.0
1512252825.58 3076.97296385 4500.0
1512252825.68 3110.62431566 4500.0
1512252825.78 3105.09309987 4500.0
1512252825.87 3099.83844488 4500.0
1512252825.97 3094.84652264 4500.0
1512252826.07 3090.1041965 4500.0
1512252826.18 3085.59898668 4500.0
1512252826.28 3081.31903734 4500.0
1512252826.38 3077.25308548 4500.0
1512252826.48 3073.3904312 4500.0
1512252826.59 3069.72090964 4500.0
1512252826.69 3066.23486416 4500.0
1512252826.78 3100.42312095 4500.0
1512252826.88 3095.40196491 4500.0
1512252826.98 3090.63186666 4500.0
1512252827.08 3086.10027333 4500.0
1512252827.19 3081.79525966 4500.0
1512252827.28 3115.20549668 4500.0
1512252827.38 3109.44522184 4500.0
1512252827.48 3103.97296075 4500.0
1512252827.58 3098.77431271 4500.0
1512252827.68 3093.83559708 4500.0
1512252827.79 3089.14381722 4500.0
1512252827.89 3084.68662636 4500.0
1512252827.98 3080.45229504 4500.0
1512252828.08 3076.42968029 4500.0
1512252828.19 3072.60819628 4500.0
1512252828.29 3068.97778646 4500.0
1512252828.39 3065.52889714 4500.0
1512252828.49 3099.75245228 4500.0
1512252828.59 3094.76482967 4500.0
1512252828.69 3090.02658819 4500.0
1512252828.78 3085.52525878 4500.0
1512252828.89 3081.24899584 4500.0
1512252828.99 3114.68654605 4500.0
1512252829.09 3108.95221874 4500.0
1512252829.19 3103.50460781 4500.0
1512252829.29 3098.32937742 4500.0
1512252829.39 3093.41290855 4500.0
1512252829.49 3088.74226312 4500.0
1512252829.59 3084.30514996 4500.0
1512252829.69 3080.08989246 4500.0
1512252829.8 3076.08539784 4500.0
1512252829.89 3072.28112795 4500.0
1512252830.0 3068.66707155 4500.0
1512252830.09 3065.23371797 4500.0
1512252830.19 3061.97203208 4500.0
1512252830.29 3058.87343047 4500.0
1512252830.4 3055.92975895 4500.0
1512252830.5 3053.133271 4500.0
1512252830.6 3050.47660745 4500.0
1512252830.69 3047.95277708 4500.0
1512252830.8 3083.05513822 4500.0
1512252830.9 3078.90238131 4500.0
1512252830.99 3074.95726225 4500.0
1512252831.1 3071.20939913 4500.0
1512252831.2 3067.64892918 4500.0
1512252831.3 3064.26648272 4500.0
1512252831.4 3061.05315858 4500.0
1512252831.5 3058.00050065 4500.0
1512252831.6 3055.10047562 4500.0
1512252831.7 3052.34545184 4500.0
1512252831.81 3049.72817925 4500.0
1512252831.91 3047.24177029 4500.0
1512252832.0 3082.37968177 4500.0
1512252832.1 3078.26069768 4500.0
1512252832.2 3074.3476628 4500.0
1512252832.31 3070.63027966 4500.0
1512252832.41 3067.09876568 4500.0
1512252832.57 3063.74382739 4500.0
1512252832.65 3060.55663602 4500.0
1512252832.74 3095.02880422 4500.0
1512252832.85 3090.27736401 4500.0
1512252832.94 3085.76349581 4500.0
1512252833.04 3081.47532102 4500.0
1512252833.14 3077.40155497 4500.0
1512252833.24 3073.53147722 4500.0
1512252833.34 3107.35490336 4500.0
1512252833.45 3101.98715819 4500.0
1512252833.55 3096.88780028 4500.0
1512252833.65 3092.04341027 4500.0
1512252833.75 3087.44123975 4500.0
1512252833.84 3083.06917777 4500.0
1512252833.95 3078.91571888 4500.0
1512252834.04 3074.96993293 4500.0
1512252834.15 3108.72143629 4500.0
1512252834.25 3103.28536447 4500.0
1512252834.34 3098.12109625 4500.0
1512252834.44 3093.21504144 4500.0
1512252834.55 3088.55428937 4500.0
1512252834.64 3084.1265749 4500.0
1512252834.75 3079.92024615 4500.0
1512252834.85 3075.92423384 4500.0
1512252834.95 3072.12802215 4500.0
1512252835.05 3068.52162104 4500.0
1512252835.15 3065.09553999 4500.0
1512252835.23 3061.84076299 4500.0
1512252835.33 3096.24872484 4500.0
1512252835.44 3091.4362886 4500.0
1512252835.54 3086.86447417 4500.0
1512252835.65 3082.52125046 4500.0
1512252835.73 3078.39518794 4500.0
1512252835.83 3111.97542854 4500.0
1512252835.92 3106.37665712 4500.0
1512252836.03 3101.05782426 4500.0
1512252836.14 3096.00493305 4500.0
1512252836.23 3091.20468639 4500.0
1512252836.33 3086.64445207 4500.0
1512252836.43 3082.31222947 4500.0
1512252836.54 3078.196618 4500.0
1512252836.64 3074.2867871 4500.0
1512252836.73 3070.57244774 4500.0
1512252836.83 3067.04382536 4500.0
1512252836.93 3063.69163409 4500.0
1512252837.1 3060.50705238 4500.0
1512252837.19 3057.48169976 4500.0
1512252837.29 3054.60761478 4500.0
1512252837.39 3051.87723404 4500.0
1512252837.49 3086.78337234 4500.0
1512252837.58 3082.44420372 4500.0
1512252837.67 3078.32199353 4500.0
1512252837.78 3074.40589386 4500.0
1512252837.88 3070.68559916 4500.0
1512252837.99 3067.1513192 4500.0
1512252838.09 3063.79375324 4500.0
1512252838.18 3060.60406558 4500.0
1512252838.29 3057.5738623 4500.0
1512252838.37 3054.69516919 4500.0
1512252838.48 3051.96041073 4500.0
1512252838.58 3049.36239019 4500.0
1512252838.68 3084.39427068 4500.0
1512252838.79 3080.17455715 4500.0
1512252838.91 3076.16582929 4500.0
1512252838.97 3072.35753783 4500.0
1512252839.07 3068.73966094 4500.0
1512252839.17 3102.80267789 4500.0
1512252839.28 3097.66254399 4500.0
1512252839.38 3092.77941679 4500.0
1512252839.48 3088.14044595 4500.0
1512252839.58 3083.73342366 4500.0
1512252839.68 3079.54675247 4500.0
1512252839.77 3075.56941485 4500.0
1512252839.88 3071.79094411 4500.0
1512252839.98 3068.2013969 4500.0
1512252840.08 3064.79132706 4500.0
1512252840.18 3061.5517607 4500.0
1512252840.27 3095.97417267 4500.0
1512252840.38 3091.17546404 4500.0
1512252840.48 3086.61669083 4500.0
1512252840.58 3082.28585629 4500.0
1512252840.68 3078.17156348 4500.0
1512252840.82 3111.7629853 4500.0
1512252840.91 3106.17483604 4500.0
1512252840.99 3100.86609424 4500.0
1512252841.1 3095.82278952 4500.0
1512252841.19 3091.03165005 4500.0
1512252841.3 3086.48006755 4500.0
1512252841.4 3082.15606417 4500.0
1512252841.51 3078.04826096 4500.0
1512252841.61 3074.14584791 4500.0
1512252841.7 3070.43855552 4500.0
1512252841.81 3066.91662774 4500.0
1512252841.89 3063.57079635 4500.0
1512252842.0 3097.89225654 4500.0
1512252842.1 3092.99764371 4500.0
1512252842.21 3088.34776152 4500.0
1512252842.3 3083.93037345 4500.0
1512252842.41 3079.73385478 4500.0
1512252842.49 3113.24716204 4500.0
1512252842.61 3107.58480393 4500.0
1512252842.7 3102.20556374 4500.0
1512252842.81 3097.09528555 4500.0
1512252842.89 3092.24052127 4500.0
1512252842.99 3087.62849521 4500.0
1512252843.1 3083.24707045 4500.0
1512252843.21 3079.08471693 4500.0
1512252843.3 3075.13048108 4500.0
1512252843.4 3071.37395703 4500.0
1512252843.5 3067.80525918 4500.0
1512252843.59 3064.41499622 4500.0
1512252843.69 3098.69424641 4500.0
1512252843.8 3093.75953409 4500.0
1512252843.9 3089.07155738 4500.0
1512252844.0 3084.61797951 4500.0
1512252844.15 3080.38708054 4500.0
1512252844.23 3113.86772651 4500.0
1512252844.32 3108.17434018 4500.0
1512252844.43 3102.76562317 4500.0
1512252844.52 3097.62734202 4500.0
1512252844.63 3092.74597492 4500.0
1512252844.73 3088.10867617 4500.0
1512252844.85 3083.70324236 4500.0
1512252844.94 3079.51808024 4500.0
1512252845.03 3075.54217623 4500.0
1512252845.15 3071.76506742 4500.0
1512252845.24 3068.17681405 4500.0
1512252845.34 3102.26797335 4500.0
1512252845.43 3097.15457468 4500.0
1512252845.54 3092.29684594 4500.0
1512252845.63 3087.68200365 4500.0
1512252845.74 3083.29790347 4500.0
1512252845.84 3116.63300829 4500.0
1512252845.94 3148.30135788 4500.0
1512252846.04 3178.38628998 4500.0
1512252846.13 3206.96697548 4500.0
1512252846.24 3234.11862671 4500.0
1512252846.34 3259.91269537 4500.0
1512252846.44 3284.41706061 4500.0
1512252846.54 3307.69620758 4500.0
1512252846.63 3329.8113972 4500.0
1512252846.74 3350.82082734 4500.0
1512252846.84 3370.77978597 4500.0
1512252846.94 3389.74079667 4500.0
1512252847.04 3407.75375684 4500.0
1512252847.14 3424.866069 4500.0
1512252847.23 3441.12276555 4500.0
1512252847.33 3456.56662727 4500.0
1512252847.44 3471.23829591 4500.0
1512252847.52 3485.17638111 4500.0
1512252847.63 3498.41756205 4500.0
1512252847.74 3510.99668395 4500.0
1512252847.84 3522.94684975 4500.0
1512252847.94 3534.29950727 4500.0
1512252848.04 3545.0845319 4500.0
1512252848.13 3555.33030531 4500.0
1512252848.24 3565.06379004 4500.0
1512252848.35 3574.31060054 4500.0
1512252848.43 3583.09507051 4500.0
1512252848.52 3591.44031699 4500.0
1512252848.62 3599.36830114 4500.0
1512252848.72 3606.89988608 4500.0
1512252848.83 3614.05489178 4500.0
1512252848.93 3620.85214719 4500.0
1512252849.04 3627.30953983 4500.0
1512252849.13 3633.44406284 4500.0
1512252849.22 3639.2718597 4500.0
1512252849.32 3644.80826671 4500.0
1512252849.42 3650.06785338 4500.0
1512252849.52 3655.06446071 4500.0
1512252849.64 3659.81123767 4500.0
1512252849.74 3664.32067579 4500.0
1512252849.83 3668.604642 4500.0
1512252849.93 3672.6744099 4500.0
1512252850.03 3676.5406894 4500.0
1512252850.12 3680.21365493 4500.0
1512252850.22 3683.70297219 4500.0
1512252850.33 3687.01782358 4500.0
1512252850.43 3690.1669324 4500.0
1512252850.54 3693.15858578 4500.0
1512252850.63 3696.00065649 4500.0
1512252850.73 3698.70062367 4500.0
1512252850.84 3701.26559248 4500.0
1512252850.93 3703.70231286 4500.0
1512252851.03 3706.01719721 4500.0
1512252851.12 3708.21633735 4500.0
1512252851.24 3710.30552049 4500.0
1512252851.34 3712.29024446 4500.0
1512252851.43 3714.17573224 4500.0
1512252851.52 3715.96694563 4500.0
1512252851.64 3717.66859835 4500.0
1512252851.73 3719.28516843 4500.0
1512252851.82 3720.82091001 4500.0
1512252851.93 3722.27986451 4500.0
1512252852.02 3723.66587128 4500.0
1512252852.13 3724.98257772 4500.0
1512252852.23 3726.23344883 4500.0
1512252852.32 3727.42177639 4500.0
1512252852.44 3728.55068757 4500.0
1512252852.52 3729.62315319 4500.0
1512252852.62 3730.64199553 4500.0
1512252852.72 3731.60989576 4500.0
1512252852.82 3732.52940097 4500.0
1512252852.93 3733.40293092 4500.0
1512252853.03 3734.23278437 4500.0
1512252853.13 3735.02114515 4500.0
1512252853.24 3735.7700879 4500.0
1512252853.33 3736.4815835 4500.0
1512252853.43 3737.15750433 4500.0
1512252853.53 3737.79962911 4500.0
1512252853.62 3738.40964766 4500.0
1512252853.72 3738.98916527 4500.0
1512252853.83 3739.53970701 4500.0
1512252853.92 3740.06272166 4500.0
1512252854.03 3740.55958558 4500.0
1512252854.13 3741.0316063 4500.0
1512252854.25 3741.48002598 4500.0
1512252854.33 3741.90602468 4500.0
1512252854.44 3742.31072345 4500.0
1512252854.53 3742.69518728 4500.0
1512252854.64 3743.06042791 4500.0
1512252854.73 3743.40740652 4500.0
1512252854.84 3743.73703619 4500.0
1512252854.94 3744.05018438 4500.0
1512252855.03 3744.34767516 4500.0
1512252855.13 3744.6302914 4500.0
1512252855.23 3744.89877683 4500.0
1512252855.33 3745.15383799 4500.0
1512252855.43 3745.39614609 4500.0
1512252855.53 3745.62633879 4500.0
1512252855.63 3745.84502185 4500.0
1512252855.74 3746.05277076 4500.0
1512252855.83 3746.25013222 4500.0
1512252855.94 3746.43762561 4500.0
1512252856.04 3746.61574433 4500.0
1512252856.13 3746.78495711 4500.0
1512252856.24 3746.94570926 4500.0
1512252856.34 3747.09842379 4500.0
1512252856.44 3747.2435026 4500.0
1512252856.54 3747.38132747 4500.0
1512252856.64 3747.5122611 4500.0
1512252856.73 3747.63664804 4500.0
1512252856.84 3747.75481564 4500.0
1512252856.93 3747.86707486 4500.0
1512252857.05 3747.97372112 4500.0
1512252857.14 3748.07503506 4500.0
1512252857.24 3748.17128331 4500.0
1512252857.34 3748.26271914 4500.0
1512252857.45 3748.34958319 4500.0
1512252857.54 3748.43210403 4500.0
1512252857.64 3748.51049882 4500.0
1512252857.74 3748.58497388 4500.0
1512252857.84 3748.65572519 4500.0
1512252857.94 3748.72293893 4500.0
1512252858.04 3748.78679198 4500.0
1512252858.14 3748.84745238 4500.0
1512252858.24 3748.90507977 4500.0
1512252858.35 3748.95982578 4500.0
1512252858.44 3749.01183449 4500.0
1512252858.55 3749.06124276 4500.0
1512252858.65 3749.10818063 4500.0
1512252858.75 3749.15277159 4500.0
1512252858.84 3749.19513301 4500.0
1512252858.94 3749.23537636 4500.0
1512252859.05 3749.27360755 4500.0
1512252859.14 3749.30992717 4500.0
1512252859.24 3749.34443081 4500.0
1512252859.35 3749.37720927 4500.0
1512252859.45 3749.40834881 4500.0
1512252859.55 3749.43793137 4500.0
1512252859.64 3749.4660348 4500.0
1512252859.75 3749.49273306 4500.0
1512252859.85 3749.5180964 4500.0
1512252859.95 3749.54219158 4500.0
1512252860.05 3749.56508201 4500.0
1512252860.15 3749.5868279 4500.0
1512252860.24 3749.60748651 4500.0
1512252860.35 3749.62711218 4500.0
1512252860.44 3749.64575657 4500.0
1512252860.54 3749.66346875 4500.0
1512252860.65 3749.68029531 4500.0
1512252860.74 3749.69628054 4500.0
1512252860.85 3749.71146652 4500.0
1512252860.94 3749.72589319 4500.0
1512252861.04 3749.73959853 4500.0
1512252861.14 3749.7526186 4500.0
1512252861.24 3749.76498767 4500.0
1512252861.35 3749.77673829 4500.0
1512252861.44 3749.78790138 4500.0
1512252861.54 3749.79850631 4500.0
1512252861.65 3749.80858099 4500.0
1512252861.74 3749.81815194 4500.0
1512252861.85 3749.82724435 4500.0
1512252861.94 3749.83588213 4500.0
1512252862.05 3749.84408802 4500.0
1512252862.14 3749.85188362 4500.0
1512252862.25 3749.85928944 4500.0
1512252862.34 3749.86632497 4500.0
1512252862.45 3749.87300872 4500.0
1512252862.54 3749.87935828 4500.0
1512252862.64 3749.88539037 4500.0
1512252862.75 3749.89112085 4500.0
1512252862.85 3749.89656481 4500.0
1512252862.95 3749.90173657 4500.0
1512252863.05 3749.90664974 4500.0
1512252863.15 3749.91131725 4500.0
1512252863.25 3749.91575139 4500.0
1512252863.35 3749.91996382 4500.0
1512252863.45 3749.92396563 4500.0
1512252863.55 3749.92776735 4500.0
1512252863.65 3749.93137898 4500.0
1512252863.75 3749.93481003 4500.0
1512252863.85 3749.93806953 4500.0
1512252863.94 3749.94116605 4500.0
1512252864.05 3749.94410775 4500.0
1512252864.14 3749.94690236 4500.0
1512252864.25 3749.94955724 4500.0
1512252864.35 3749.95207938 4500.0
1512252864.44 3749.95447541 4500.0
1512252864.55 3749.95675164 4500.0
1512252864.65 3749.95891406 4500.0
1512252864.75 3749.96096836 4500.0
1512252864.85 3749.96291994 4500.0
1512252864.95 3749.96477394 4500.0
1512252865.05 3749.96653525 4500.0
1512252865.14 3749.96820848 4500.0
1512252865.25 3749.96979806 4500.0
1512252865.34 3749.97130816 4500.0
1512252865.45 3749.97274275 4500.0
1512252865.54 3749.97410561 4500.0
1512252865.65 3749.97540033 4500.0
1512252865.75 3749.97663031 4500.0
1512252865.85 3749.9777988 4500.0
1512252865.96 3749.97890886 4500.0
1512252866.05 3749.97996342 4500.0
1512252866.16 3749.98096524 4500.0
1512252866.25 3749.98191698 4500.0
1512252866.35 3749.98282113 4500.0
1512252866.45 3749.98368008 4500.0
1512252866.55 3749.98449607 4500.0
1512252866.65 3749.98527127 4500.0
1512252866.76 3749.98600771 4500.0
1512252866.85 3749.98670732 4500.0
1512252866.96 3749.98737195 4500.0
1512252867.05 3749.98800336 4500.0
1512252867.16 3749.98860319 4500.0
1512252867.26 3749.98917303 4500.0
1512252867.35 3749.98971438 4500.0
1512252867.45 3749.99022866 4500.0
1512252867.55 3749.99071723 4500.0
1512252867.65 3749.99118136 4500.0
1512252867.75 3749.9916223 4500.0
1512252867.85 3749.99204118 4500.0
1512252867.95 3749.99243912 4500.0
1512252868.05 3749.99281717 4500.0
1512252868.15 3749.99317631 4500.0
1512252868.25 3749.99351749 4500.0
1512252868.36 3749.99384162 4500.0
1512252868.46 3749.99414954 4500.0
1512252868.56 3749.99444206 4500.0
1512252868.66 3749.99471996 4500.0
1512252868.75 3749.99498396 4500.0
1512252868.85 3749.99523476 4500.0
1512252868.95 3749.99547302 4500.0
1512252869.06 3749.99569937 4500.0
1512252869.16 3749.9959144 4500.0
1512252869.26 3749.99611868 4500.0
1512252869.36 3749.99631275 4500.0
1512252869.46 3749.99649711 4500.0
1512252869.55 3749.99667226 4500.0
1512252869.66 3749.99683864 4500.0
1512252869.76 3749.99699671 4500.0
1512252869.86 3749.99714688 4500.0
1512252869.96 3749.99728953 4500.0
1512252870.06 3749.99742506 4500.0
1512252870.16 3749.9975538 4500.0
1512252870.26 3749.99767611 4500.0
1512252870.36 3749.99779231 4500.0
1512252870.46 3749.99790269 4500.0
1512252870.55 3749.99800756 4500.0
1512252870.66 3749.99810718 4500.0
1512252870.76 3749.99820182 4500.0
1512252870.86 3749.99829173 4500.0
1512252870.96 3749.99837714 4500.0
1512252871.06 3749.99845829 4500.0
1512252871.16 3749.99853537 4500.0
1512252871.26 3749.9986086 4500.0
1512252871.36 3749.99867817 4500.0
1512252871.46 3749.99874426 4500.0
1512252871.56 3749.99880705 4500.0
1512252871.66 3749.9988667 4500.0
1512252871.76 3749.99892336 4500.0
1512252871.86 3749.9989772 4500.0
1512252871.96 3749.99902834 4500.0
1512252872.06 3749.99907692 4500.0
1512252872.16 3749.99912307 4500.0
1512252872.26 3749.99916692 4500.0
1512252872.36 3749.99920857 4500.0
1512252872.47 3749.99924814 4500.0
1512252872.56 3749.99928574 4500.0
1512252872.66 3749.99932145 4500.0
1512252872.76 3749.99935538 4500.0
1512252872.87 3749.99938761 4500.0
1512252872.96 3749.99941823 4500.0
1512252873.06 3749.99944732 4500.0
1512252873.16 3749.99947495 4500.0
1512252873.27 3749.9995012 4500.0
1512252873.36 3749.99952614 4500.0
1512252873.47 3749.99954984 4500.0
1512252873.56 3749.99957234 4500.0
1512252873.67 3749.99959373 4500.0
1512252873.76 3749.99961404 4500.0
1512252873.87 3749.99963334 4500.0
1512252873.96 3749.99965167 4500.0
1512252874.07 3749.99966909 4500.0
1512252874.17 3749.99968563 4500.0
1512252874.27 3749.99970135 4500.0
1512252874.37 3749.99971628 4500.0
1512252874.47 3749.99973047 4500.0
1512252874.56 3749.99974395 4500.0
1512252874.67 3749.99975675 4500.0
1512252874.76 3749.99976891 4500.0
1512252874.87 3749.99978047 4500.0
1512252874.96 3749.99979144 4500.0
1512252875.06 3749.99980187 4500.0
1512252875.17 3749.99981178 4500.0
1512252875.27 3749.99982119 4500.0
1512252875.37 3749.99983013 4500.0
1512252875.47 3749.99983862 4500.0
1512252875.57 3749.99984669 4500.0
1512252875.67 3749.99985436 4500.0
1512252875.77 3749.99986164 4500.0
1512252875.87 3749.99986856 4500.0
1512252875.97 3749.99987513 4500.0
1512252876.07 3749.99988137 4500.0
1512252876.17 3749.9998873 4500.0
1512252876.27 3749.99989294 4500.0
1512252876.38 3749.99989829 4500.0
1512252876.47 3749.99990338 4500.0
1512252876.57 3749.99990821 4500.0
1512252876.67 3749.9999128 4500.0
1512252876.77 3749.99991716 4500.0
1512252876.87 3749.9999213 4500.0
1512252876.97 3749.99992524 4500.0
1512252877.07 3749.99992897 4500.0
1512252877.17 3749.99993252 4500.0
1512252877.27 3749.9999359 4500.0
1512252877.37 3749.9999391 4500.0
1512252877.47 3749.99994215 4500.0
1512252877.57 3749.99994504 4500.0
1512252877.67 3749.99994779 4500.0
1512252877.77 3749.9999504 4500.0
1512252877.87 3749.99995288 4500.0
1512252877.98 3749.99995524 4500.0
1512252878.07 3749.99995747 4500.0
1512252878.17 3749.9999596 4500.0
1512252878.27 3749.99996162 4500.0
1512252878.37 3749.99996354 4500.0
1512252878.47 3749.99996536 4500.0
1512252878.57 3749.99996709 4500.0
1512252878.67 3749.99996874 4500.0
1512252878.78 3749.9999703 4500.0
1512252878.87 3749.99997179 4500.0
1512252878.97 3749.9999732 4500.0
1512252879.08 3749.99997454 4500.0
1512252879.18 3749.99997581 4500.0
1512252879.28 3749.99997702 4500.0
1512252879.38 3749.99997817 4500.0
1512252879.47 3749.99997926 4500.0
1512252879.57 3729.16664696 4500.0
1512252879.67 3709.37498128 4500.0
1512252879.77 3690.57289889 4500.0
1512252879.87 3672.71092061 4500.0
1512252879.97 3655.74204124 4500.0
1512252880.07 3639.62160585 4500.0
1512252880.17 3624.30719222 4500.0
1512252880.27 3609.75849928 4500.0
1512252880.37 3595.93724098 4500.0
1512252880.47 3582.8070456 4500.0
1512252880.58 3570.33335999 4500.0
1512252880.67 3558.48335865 4500.0
1512252880.78 3547.22585739 4500.0
1512252880.87 3536.53123118 4500.0
1512252880.97 3526.37133629 4500.0
1512252881.07 3516.71943614 4500.0
1512252881.17 3507.550131 4500.0
1512252881.27 3498.83929112 4500.0
1512252881.38 3490.56399323 4500.0
1512252881.48 3482.70246024 4500.0
1512252881.57 3475.23400389 4500.0
1512252881.68 3468.13897036 4500.0
1512252881.78 3461.39868851 4500.0
1512252881.88 3454.99542075 4500.0
1512252881.98 3448.91231638 4500.0
1512252882.08 3443.13336723 4500.0
1512252882.18 3437.64336553 4500.0
1512252882.28 3432.42786392 4500.0
1512252882.38 3427.47313739 4500.0
1512252882.48 3422.76614719 4500.0
1512252882.58 3418.2945065 4500.0
1512252882.68 3414.04644784 4500.0
1512252882.78 3410.01079211 4500.0
1512252882.88 3406.17691918 4500.0
1512252882.97 3402.53473988 4500.0
1512252883.08 3399.07466956 4500.0
1512252883.17 3395.78760275 4500.0
1512252883.28 3392.66488927 4500.0
1512252883.38 3389.69831148 4500.0
1512252883.47 3386.88006257 4500.0
1512252883.58 3384.20272611 4500.0
1512252883.67 3381.65925647 4500.0
1512252883.78 3379.24296031 4500.0
1512252883.88 3376.94747896 4500.0
1512252883.98 3374.76677168 4500.0
1512252884.08 3372.69509976 4500.0
1512252884.18 3370.72701144 4500.0
1512252884.28 3368.85732754 4500.0
1512252884.38 3367.08112783 4500.0
1512252884.48 3365.3937381 4500.0
1512252884.58 3363.79071786 4500.0
1512252884.68 3362.26784864 4500.0
1512252884.78 3360.82112287 4500.0
1512252884.88 3359.4467334 4500.0
1512252884.98 3358.14106339 4500.0
1512252885.08 3356.90067689 4500.0
1512252885.18 3355.72230971 4500.0
1512252885.28 3354.60286089 4500.0
1512252885.38 3353.53938451 4500.0
1512252885.48 3352.52908196 4500.0
1512252885.58 3351.56929452 4500.0
1512252885.67 3350.65749647 4500.0
1512252885.78 3349.79128831 4500.0
1512252885.88 3348.96839056 4500.0
1512252885.98 3348.1866377 4500.0
1512252886.08 3347.44397248 4500.0
1512252886.18 3346.73844052 4500.0
1512252886.28 3346.06818516 4500.0
1512252886.38 3345.43144257 4500.0
1512252886.48 3344.82653711 4500.0
1512252886.59 3344.25187692 4500.0
1512252886.68 3343.70594974 4500.0
1512252886.78 3343.18731892 4500.0
1512252886.88 3342.69461964 4500.0
1512252886.98 3342.22655533 4500.0
1512252887.08 3341.78189423 4500.0
1512252887.18 3341.35946618 4500.0
1512252887.28 3340.95815954 4500.0
1512252887.39 3340.57691823 4500.0
1512252887.49 3340.21473898 4500.0
1512252887.58 3339.8706687 4500.0
1512252887.68 3339.54380193 4500.0
1512252887.78 3339.2332785 4500.0
1512252887.88 3338.93828125 4500.0
1512252887.98 3338.65803385 4500.0
1512252888.08 3338.39179882 4500.0
1512252888.18 3338.13887555 4500.0
1512252888.28 3337.89859844 4500.0
1512252888.38 3337.67033518 4500.0
1512252888.48 3337.45348509 4500.0
1512252888.59 3337.2474775 4500.0
1512252888.68 3337.05177029 4500.0
1512252888.78 3336.86584845 4500.0
1512252888.88 3336.68922269 4500.0
1512252888.98 3336.52142822 4500.0
1512252889.09 3336.36202348 4500.0
1512252889.18 3336.21058897 4500.0
1512252889.28 3336.06672619 4500.0
1512252889.38 3335.93005655 4500.0
1512252889.48 3335.80022039 4500.0
1512252889.58 3335.67687603 4500.0
1512252889.69 3335.5596989 4500.0
1512252889.79 3335.44838062 4500.0
1512252889.88 3335.34262826 4500.0
1512252889.99 3335.24216351 4500.0
1512252890.08 3335.146722 4500.0
1512252890.18 3335.05605257 4500.0
1512252890.29 3334.96991661 4500.0
1512252890.38 3334.88808744 4500.0
1512252890.49 3334.81034974 4500.0
1512252890.59 3334.73649892 4500.0
1512252890.68 3334.66634064 4500.0
1512252890.79 3334.59969027 4500.0
1512252890.89 3334.53637243 4500.0
1512252890.98 3334.47622047 4500.0
1512252891.08 3334.41907611 4500.0
1512252891.19 3334.36478897 4500.0
1512252891.29 3334.31321619 4500.0
1512252891.38 3334.26422205 4500.0
1512252891.48 3334.21767761 4500.0
1512252891.59 3334.1734604 4500.0
1512252891.69 3334.13145405 4500.0
1512252891.79 3334.09154801 4500.0
1512252891.89 3334.05363728 4500.0
1512252891.99 3334.01762208 4500.0
1512252892.09 3333.98340764 4500.0
1512252892.19 3333.95090393 4500.0
1512252892.29 3333.9200254 4500.0
1512252892.39 3333.89069079 4500.0
1512252892.49 3333.86282292 4500.0
1512252892.58 3333.83634844 4500.0
1512252892.68 3333.81119769 4500.0
1512252892.79 3333.78730447 4500.0
1512252892.89 3333.76460591 4500.0
1512252892.99 3333.74304228 4500.0
1512252893.09 3333.72255684 4500.0
1512252893.19 3333.70309566 4500.0
1512252893.29 3333.68460754 4500.0
1512252893.39 3333.66704383 4500.0
1512252893.49 3333.65035831 4500.0
1512252893.59 3333.63450706 4500.0
1512252893.69 3333.61944837 4500.0
1512252893.79 3333.60514262 4500.0
1512252893.89 3333.59155216 4500.0
1512252893.99 3333.57864122 4500.0
1512252894.09 3333.56637582 4500.0
1512252894.2 3333.5547237 4500.0
1512252894.29 3291.87698751 4500.0
1512252894.39 3252.28313814 4500.0
1512252894.49 3214.66898123 4500.0
1512252894.59 3178.93553217 4500.0
1512252894.69 3144.98875556 4500.0
1512252894.79 3112.73931778 4500.0
1512252894.89 3082.10235189 4500.0
1512252894.99 3052.9972343 4500.0
1512252895.09 3025.34737258 4500.0
1512252895.19 2999.08000395 4500.0
1512252895.29 2974.12600376 4500.0
1512252895.39 2950.41970357 4500.0
1512252895.49 2927.89871839 4500.0
1512252895.59 2906.50378247 4500.0
1512252895.69 2886.17859335 4500.0
1512252895.79 2866.86966368 4500.0
1512252895.9 2848.5261805 4500.0
1512252895.99 2831.09987147 4500.0
1512252896.09 2814.5448779 4500.0
1512252896.19 2798.817634 4500.0
1512252896.29 2783.8767523 4500.0
1512252896.39 2769.68291469 4500.0
1512252896.49 2756.19876895 4500.0
1512252896.59 2743.38883051 4500.0
1512252896.69 2731.21938898 4500.0
1512252896.8 2719.65841953 4500.0
1512252896.89 2708.67549855 4500.0
1512252896.99 2698.24172363 4500.0
1512252897.09 2688.32963745 4500.0
1512252897.19 2678.91315557 4500.0
1512252897.3 2669.96749779 4500.0
1512252897.4 2661.4691229 4500.0
1512252897.5 2653.39566676 4500.0
1512252897.6 2645.72588342 4500.0
1512252897.7 2638.43958925 4500.0
1512252897.79 2631.51760979 4500.0
1512252897.9 2624.9417293 4500.0
1512252898.0 2618.69464283 4500.0
1512252898.1 2612.75991069 4500.0
1512252898.2 2607.12191516 4500.0
1512252898.29 2601.7658194 4500.0
1512252898.4 2596.67752843 4500.0
1512252898.49 2591.84365201 4500.0
1512252898.59 2587.25146941 4500.0
1512252898.7 2582.88889594 4500.0
1512252898.8 2578.74445114 4500.0
1512252898.9 2574.80722858 4500.0
1512252899.0 2571.06686715 4500.0
1512252899.1 2567.5135238 4500.0
1512252899.2 2564.13784761 4500.0
1512252899.29 2560.93095523 4500.0
1512252899.4 2557.88440747 4500.0
1512252899.5 2554.99018709 4500.0
1512252899.6 2552.24067774 4500.0
1512252899.7 2549.62864385 4500.0
1512252899.8 2547.14721166 4500.0
1512252899.9 2544.78985107 4500.0
1512252900.0 2542.55035852 4500.0
1512252900.1 2540.4228406 4500.0
1512252900.19 2538.40169857 4500.0
1512252900.3 2536.48161364 4500.0
1512252900.4 2534.65753296 4500.0
1512252900.5 2532.92465631 4500.0
1512252900.6 2531.27842349 4500.0
1512252900.7 2529.71450232 4500.0
1512252900.8 2528.2287772 4500.0
1512252900.9 2526.81733834 4500.0
1512252901.0 2525.47647142 4500.0
1512252901.1 2524.20264785 4500.0
1512252901.2 2522.99251546 4500.0
1512252901.3 2521.84288969 4500.0
1512252901.4 2520.7507452 4500.0
1512252901.5 2519.71320794 4500.0
1512252901.6 2518.72754755 4500.0
1512252901.7 2517.79117017 4500.0
1512252901.8 2516.90161166 4500.0
1512252901.9 2516.05653108 4500.0
1512252902.0 2515.25370452 4500.0
1512252902.1 2514.4910193 4500.0
1512252902.2 2513.76646833 4500.0
1512252902.31 2513.07814492 4500.0
1512252902.4 2512.42423767 4500.0
1512252902.51 2511.80302579 4500.0
1512252902.61 2511.2128745 4500.0
1512252902.7 2510.65223077 4500.0
1512252902.8 2510.11961923 4500.0
1512252902.9 2509.61363827 4500.0
1512252903.01 2509.13295636 4500.0
1512252903.1 2508.67630854 4500.0
1512252903.21 2508.24249311 4500.0
1512252903.31 2507.83036