1512238849.39 0 0
1512238849.49 0 0
1512238849.59 0 0
1512238849.69 0 0
1512238849.81 0 0
1512238849.89 0 0
1512238849.99 0 0
1512238850.09 0 0
1512238850.19 0 0
1512238850.29 0 0
1512238850.39 0 0
1512238850.49 0 0
1512238850.6 0 0
1512238850.69 0 0
1512238850.79 0 0
1512238850.89 0 0
1512238850.99 0 0
1512238851.09 0 0
1512238851.19 0 0
1512238851.29 0 0
1512238851.39 0 0
1512238851.49 0 0
1512238851.59 0 0
1512238851.69 0 0
1512238851.79 0 0
1512238851.89 0 0
1512238851.99 0 0
1512238852.09 0 0
1512238852.19 0 0
1512238852.29 0 0
1512238852.4 0 0
1512238852.5 0 0
1512238852.6 0 0
1512238852.69 0 0
1512238852.8 0 0
1512238852.9 0 0
1512238853.0 0 0
1512238853.1 0 0
1512238853.2 0 0
1512238853.3 0 0
1512238853.4 0 0
1512238853.5 0 0
1512238853.6 0 0
1512238853.7 0 0
1512238853.8 0 0
1512238853.9 0 0
1512238854.01 0 0
1512238854.1 0 0
1512238854.2 0 0
1512238854.3 0 0
1512238854.4 0 0
1512238854.5 0 0
1512238854.61 0 0
1512238854.7 0 0
1512238854.8 0 0
1512238854.9 0 0
1512238855.0 0 0
1512238855.11 0 0
1512238855.2 0 0
1512238855.32 0 0
1512238855.45 0 0
1512238855.55 0 0
1512238855.65 0 0
1512238855.75 0 0
1512238855.85 0 0
1512238855.95 0 0
1512238856.05 0 0
1512238856.15 0 0
1512238856.25 0 0
1512238856.35 0 0
1512238856.45 0 0
1512238856.55 0 0
1512238856.65 0 0
1512238856.75 0 0
1512238856.85 0 0
1512238856.95 0 0
1512238857.05 0 0
1512238857.15 0 0
1512238857.25 0 0
1512238857.35 0 0
1512238857.45 0 0
1512238857.55 0 0
1512238857.65 0 0
1512238857.75 0 0
1512238857.85 0 0
1512238857.95 0 0
1512238858.05 0 0
1512238858.15 0 0
1512238858.25 0 0
1512238858.35 0 0
1512238858.45 0 0
1512238858.57 0 0
1512238858.68 0 0
1512238858.77 0 0
1512238858.88 0 0
1512238858.98 0 0
1512238859.08 0 0
1512238859.18 0 0
1512238859.28 0 0
1512238859.38 0 0
1512238859.48 0 0
1512238859.59 0 0
1512238859.72 0 0
1512238859.81 0 0
1512238859.93 0 0
1512238860.04 0 0
1512238860.14 0 0
1512238860.24 0 0
1512238860.35 0 0
1512238860.45 0 0
1512238860.54 0 0
1512238860.64 0 0
1512238860.74 0 0
1512238860.85 0 0
1512238860.94 0 0
1512238861.04 0 0
1512238861.15 0 0
1512238861.25 0 0
1512238861.34 0 0
1512238861.44 0 0
1512238861.56 0 0
1512238861.66 0 0
1512238861.76 0 0
1512238861.86 0 0
1512238861.96 0 0
1512238862.06 0 0
1512238862.16 0 0
1512238862.26 0 0
1512238862.36 0 0
1512238862.46 0 0
1512238862.56 0 0
1512238862.66 0 0
1512238862.77 0 0
1512238862.89 0 0
1512238862.98 0 0
1512238863.09 0 0
1512238863.19 0 0
1512238863.29 0 0
1512238863.39 0 0
1512238863.51 0 0
1512238863.63 0 0
1512238863.73 0 0
1512238863.83 0 0
1512238863.93 0 0
1512238864.03 0 0
1512238864.13 0 0
1512238864.23 0 0
1512238864.33 0 0
1512238864.43 0 0
1512238864.53 0 0
1512238864.64 0 0
1512238864.73 0 0
1512238864.83 0 0
1512238864.94 0 0
1512238865.03 0 0
1512238865.13 0 0
1512238865.23 0 0
1512238865.33 0 0
1512238865.43 0 0
1512238865.53 0 0
1512238865.63 0 0
1512238865.73 0 0
1512238865.83 0 0
1512238865.94 0 0
1512238866.03 0 0
1512238866.13 0 0
1512238866.24 0 0
1512238866.33 0 0
1512238866.44 0 0
1512238866.54 0 0
1512238866.66 0 0
1512238866.77 0 0
1512238866.87 0 0
1512238866.97 0 0
1512238867.07 0 0
1512238867.19 0 0
1512238867.32 0 0
1512238867.42 0 0
1512238867.52 0 0
1512238867.62 0 0
1512238867.72 0 0
1512238867.84 0 0
1512238867.94 0 0
1512238868.06 0 0
1512238868.14 0 0
1512238868.25 0 0
1512238868.34 0 0
1512238868.44 0 0
1512238868.54 0 0
1512238868.65 0 0
1512238868.75 0 0
1512238868.87 0 0
1512238868.99 0 0
1512238869.1 0 0
1512238869.19 0 0
1512238869.29 0 0
1512238869.39 0 0
1512238869.49 0 0
1512238869.61 0 0
1512238869.72 0 0
1512238869.83 0 0
1512238869.94 0 0
1512238870.05 0 0
1512238870.15 0 0
1512238870.26 0 0
1512238870.37 0 0
1512238870.47 0 0
1512238870.6 0 0
1512238870.69 0 0
1512238870.79 0 0
1512238870.89 0 0
1512238870.99 0 0
1512238871.1 0 0
1512238871.2 0 0
1512238871.29 0 0
1512238871.39 0 0
1512238871.5 0 0
1512238871.6 0 0
1512238871.7 0 0
1512238871.8 0 0
1512238871.9 0 0
1512238872.0 0 0
1512238872.1 0 0
1512238872.2 0 0
1512238872.32 0 0
1512238872.42 0 0
1512238872.52 0 0
1512238872.62 0 0
1512238872.72 0 0
1512238872.82 0 0
1512238872.92 0 0
1512238873.02 0 0
1512238873.12 0 0
1512238873.22 0 0
1512238873.32 0 0
1512238873.42 0 0
1512238873.52 0 0
1512238873.62 0 0
1512238873.72 0 0
1512238873.82 0 0
1512238873.92 0 0
1512238874.02 0 0
1512238874.12 0 0
1512238874.22 0 0
1512238874.33 0 0
1512238874.42 0 0
1512238874.53 0 0
1512238874.62 0 0
1512238874.73 0 0
1512238874.83 0 0
1512238874.92 0 0
1512238875.04 0 0
1512238875.14 0 0
1512238875.24 0 0
1512238875.35 0 0
1512238875.49 0 0
1512238875.6 0 0
1512238875.7 0 0
1512238875.8 0 0
1512238875.91 0 0
1512238876.02 0 0
1512238876.15 0 0
1512238876.26 0 0
1512238876.39 0 0
1512238876.48 0 0
1512238876.59 0 0
1512238876.68 0 0
1512238876.79 0 0
1512238876.91 0 0
1512238877.02 0 0
1512238877.12 0 0
1512238877.22 0 0
1512238877.32 0 0
1512238877.42 0 0
1512238877.52 0 0
1512238877.62 0 0
1512238877.72 0 0
1512238877.82 0 0
1512238877.93 0 0
1512238878.04 0 0
1512238878.17 0 0
1512238878.27 0 0
1512238878.37 0 0
1512238878.47 0 0
1512238878.57 0 0
1512238878.68 0 0
1512238878.81 0 0
1512238878.91 0 0
1512238879.03 0 0
1512238879.12 0 0
1512238879.22 0 0
1512238879.32 0 0
1512238879.42 0 0
1512238879.52 0 0
1512238879.62 0 0
1512238879.72 0 0
1512238879.82 0 0
1512238879.92 0 0
1512238880.02 0 0
1512238880.12 0 0
1512238880.23 0 0
1512238880.36 0 0
1512238880.46 0 0
1512238880.56 0 0
1512238880.66 0 0
1512238880.76 0 0
1512238880.86 0 0
1512238880.96 0 0
1512238881.06 0 0
1512238881.16 0 0
1512238881.26 0 0
1512238881.36 0 0
1512238881.46 0 0
1512238881.56 0 0
1512238881.68 0 0
1512238881.79 0 0
1512238881.91 0 0
1512238881.99 0 0
1512238882.1 0 0
1512238882.23 0 0
1512238882.32 0 0
1512238882.42 0 0
1512238882.52 0 0
1512238882.62 0 0
1512238882.72 0 0
1512238882.82 0 0
1512238882.92 0 0
1512238883.05 0 0
1512238883.17 0 0
1512238883.27 0 0
1512238883.37 0 0
1512238883.48 0 0
1512238883.56 0 0
1512238883.66 0 0
1512238883.76 0 0
1512238883.88 0 0
1512238884.0 0 0
1512238884.1 0 0
1512238884.21 0 0
1512238884.3 0 0
1512238884.4 0 0
1512238884.5 0 0
1512238884.6 0 0
1512238884.7 0 0
1512238884.8 0 0
1512238884.9 0 0
1512238885.0 0 0
1512238885.1 0 0
1512238885.21 0 0
1512238885.3 0 0
1512238885.4 0 0
1512238885.5 0 0
1512238885.6 0 0
1512238885.7 0 0
1512238885.8 0 0
1512238885.9 0 0
1512238886.01 0 0
1512238886.1 0 0
1512238886.21 0 0
1512238886.3 0 0
1512238886.4 0 0
1512238886.5 0 0
1512238886.62 0 0
1512238886.75 0 0
1512238886.87 0 0
1512238886.97 0 0
1512238887.06 0 0
1512238887.16 0 0
1512238887.26 0 0
1512238887.36 0 0
1512238887.46 0 0
1512238887.58 0 0
1512238887.71 0 0
1512238887.83 0 0
1512238887.94 0 0
1512238888.05 0 0
1512238888.14 0 0
1512238888.25 0 0
1512238888.35 0 0
1512238888.46 0 0
1512238888.58 0 0
1512238888.68 0 0
1512238888.78 0 0
1512238888.88 0 0
1512238888.98 0 0
1512238889.08 0 0
1512238889.18 0 0
1512238889.28 0 0
1512238889.38 0 0
1512238889.48 0 0
1512238889.58 0 0
1512238889.7 0 0
1512238889.81 0 0
1512238889.91 0 0
1512238890.01 0 0
1512238890.11 0 0
1512238890.21 0 0
1512238890.31 0 0
1512238890.41 0 0
1512238890.51 0 0
1512238890.61 0 0
1512238890.71 0 0
1512238890.81 0 0
1512238890.91 0 0
1512238891.01 0 0
1512238891.11 0 0
1512238891.21 0 0
1512238891.31 0 0
1512238891.41 0 0
1512238891.51 0 0
1512238891.61 0 0
1512238891.71 0 0
1512238891.81 0 0
1512238891.91 0 0
1512238892.01 0 0
1512238892.13 0 0
1512238892.27 0 0
1512238892.36 0 0
1512238892.49 0 0
1512238892.6 0 0
1512238892.69 0 0
1512238892.79 0 0
1512238892.89 0 0
1512238893.0 0 0
1512238893.1 0 0
1512238893.2 0 0
1512238893.3 0 0
1512238893.4 0 0
1512238893.5 0 0
1512238893.61 0 0
1512238893.73 0 0
1512238893.84 0 0
1512238893.94 0 0
1512238894.04 0 0
1512238894.14 0 0
1512238894.24 0 0
1512238894.34 0 0
1512238894.44 0 0
1512238894.54 0 0
1512238894.64 0 0
1512238894.74 0 0
1512238894.84 0 0
1512238894.94 0 0
1512238895.04 0 0
1512238895.14 0 0
1512238895.24 0 0
1512238895.37 0 0
1512238895.49 0 0
1512238895.59 0 0
1512238895.69 0 0
1512238895.79 0 0
1512238895.89 0 0
1512238895.99 0 0
1512238896.09 0 0
1512238896.21 0 0
1512238896.32 0 0
1512238896.42 0 0
1512238896.52 0 0
1512238896.62 0 0
1512238896.72 0 0
1512238896.82 0 0
1512238896.92 0 0
1512238897.04 0 0
1512238897.16 0 0
1512238897.26 0 0
1512238897.36 0 0
1512238897.46 0 0
1512238897.56 0 0
1512238897.66 0 0
1512238897.76 0 0
1512238897.87 0 0
1512238897.98 0 0
1512238898.1 0 0
1512238898.21 0 0
1512238898.32 0 0
1512238898.42 0 0
1512238898.52 0 0
1512238898.62 0 0
1512238898.72 0 0
1512238898.83 0 0
1512238898.92 0 0
1512238899.02 0 0
1512238899.12 0 0
1512238899.22 0 0
1512238899.32 0 0
1512238899.42 0 0
1512238899.52 0 0
1512238899.62 0 0
1512238899.72 0 0
1512238899.82 0 0
1512238899.95 0 0
1512238900.09 0 0
1512238900.18 0 0
1512238900.29 0 0
1512238900.39 0 0
1512238900.49 0 0
1512238900.59 0 0
1512238900.69 0 0
1512238900.79 0 0
1512238900.92 0 0
1512238901.02 0 0
1512238901.12 0 0
1512238901.22 0 0
1512238901.32 0 0
1512238901.42 0 0
1512238901.52 0 0
1512238901.62 0 0
1512238901.74 0 0
1512238901.87 0 0
1512238901.99 0 0
1512238902.09 0 0
1512238902.18 0 0
1512238902.29 0 0
1512238902.38 0 0
1512238902.49 0 0
1512238902.59 0 0
1512238902.69 0 0
1512238902.78 0 0
1512238902.89 0 0
1512238902.99 0 0
1512238903.09 0 0
1512238903.19 0 0
1512238903.29 0 0
1512238903.39 0 0
1512238903.49 0 0
1512238903.59 0 0
1512238903.69 0 0
1512238903.79 0 0
1512238903.89 0 0
1512238903.99 0 0
1512238904.09 0 0
1512238904.2 0 0
1512238904.31 0 0
1512238904.41 0 0
1512238904.51 0 0
1512238904.61 0 0
1512238904.71 0 0
1512238904.81 0 0
1512238904.91 0 0
1512238905.01 0 0
1512238905.12 0 0
1512238905.21 0 0
1512238905.32 0 0
1512238905.41 0 0
1512238905.53 0 0
1512238905.69 0 0
1512238905.79 0 0
1512238905.88 0 0
1512238905.98 0 0
1512238906.1 0 0
1512238906.19 0 0
1512238906.29 0 0
1512238906.4 0 0
1512238906.48 0 0
1512238906.59 0 0
1512238906.69 0 0
1512238906.79 0 0
1512238906.89 0 0
1512238906.99 0 0
1512238907.09 0 0
1512238907.19 0 0
1512238907.32 0 0
1512238907.42 0 0
1512238907.52 0 0
1512238907.66 0 0
1512238907.77 0 0
1512238907.87 0 0
1512238907.97 0 0
1512238908.07 0 0
1512238908.17 0 0
1512238908.27 0 0
1512238908.37 0 0
1512238908.47 0 0
1512238908.57 0 0
1512238908.67 0 0
1512238908.77 0 0
1512238908.87 0 0
1512238908.97 0 0
1512238909.07 0 0
1512238909.19 0 0
1512238909.31 0 0
1512238909.41 0 0
1512238909.52 0 0
1512238909.6 0 0
1512238909.71 0 0
1512238909.8 0 0
1512238909.91 0 0
1512238910.01 0 0
1512238910.11 0 0
1512238910.21 0 0
1512238910.31 0 0
1512238910.41 0 0
1512238910.51 0 0
1512238910.64 0 0
1512238910.76 0 0
1512238910.85 0 0
1512238910.95 0 0
1512238911.06 0 0
1512238911.15 0 0
1512238911.28 0 0
1512238911.38 0 0
1512238911.48 0 0
1512238911.58 0 0
1512238911.68 0 0
1512238911.78 0 0
1512238911.88 0 0
1512238911.98 0 0
1512238912.08 0 0
1512238912.18 0 0
1512238912.28 0 0
1512238912.38 0 0
1512238912.49 0 0
1512238912.58 0 0
1512238912.69 0 0
1512238912.79 0 0
1512238912.89 0 0
1512238912.99 0 0
1512238913.09 0 0
1512238913.19 0 0
1512238913.29 0 0
1512238913.39 0 0
1512238913.49 0 0
1512238913.59 0 0
1512238913.69 0 0
1512238913.81 0 0
1512238913.92 0 0
1512238914.02 0 0
1512238914.12 0 60
1512238914.23 0 0
1512238914.33 0 0
1512238914.45 0 120
1512238914.53 0 0
1512238914.63 0 120
1512238914.73 0 60
1512238914.84 0 1200
1512238914.93 0 2220
1512238915.03 0 2520
1512238915.13 0 1620
1512238915.23 0 1800
1512238915.33 0 2640
1512238915.43 0 2460
1512238915.53 0 2520
1512238915.63 0 2520
1512238915.73 0 2460
1512238915.83 0 2520
1512238915.93 0 2580
1512238916.03 0 2460
1512238916.13 0 2580
1512238916.23 0 2700
1512238916.33 0 2400
1512238916.43 0 2520
1512238916.53 0 2520
1512238916.63 0 2520
1512238916.73 0 2580
1512238916.84 0 2700
1512238916.94 0 2580
1512238917.03 0 2400
1512238917.13 0 2520
1512238917.23 0 2460
1512238917.33 0 2520
1512238917.43 0 2580
1512238917.54 0 2580
1512238917.63 0 2520
1512238917.74 0 2520
1512238917.84 0 2580
1512238917.93 0 2400
1512238918.04 0 2700
1512238918.13 0 2400
1512238918.24 0 2640
1512238918.34 0 2460
1512238918.44 0 2520
1512238918.54 0 2520
1512238918.64 0 2520
1512238918.73 0 2520
1512238918.84 0 2580
1512238918.94 0 2520
1512238919.04 0 2580
1512238919.14 0 2640
1512238919.24 0 2460
1512238919.34 0 2580
1512238919.44 0 2580
1512238919.54 0 2400
1512238919.64 0 2580
1512238919.74 0 2460
1512238919.85 0 2760
1512238919.95 0 2460
1512238920.04 0 2400
1512238920.14 0 2580
1512238920.24 0 2520
1512238920.34 0 2580
1512238920.44 0 2520
1512238920.54 0 2460
1512238920.64 0 2580
1512238920.74 0 2520
1512238920.84 0 2580
1512238920.94 0 2520
1512238921.04 0 2520
1512238921.14 0 2520
1512238921.24 0 2520
1512238921.34 0 2640
1512238921.44 0 2460
1512238921.55 0 2700
1512238921.65 0 2580
1512238921.75 0 2460
1512238921.85 0 2580
1512238921.95 0 2580
1512238922.05 0 2460
1512238922.14 0 2460
1512238922.25 0 2580
1512238922.35 0 2580
1512238922.45 0 2580
1512238922.55 0 2400
1512238922.65 0 2640
1512238922.75 0 2640
1512238922.85 0 2460
1512238922.95 0 2580
1512238923.05 0 2460
1512238923.15 0 2640
1512238923.25 0 2400
1512238923.35 0 2520
1512238923.45 0 2700
1512238923.55 0 2340
1512238923.65 0 2580
1512238923.75 0 2520
1512238923.85 0 2520
1512238923.95 0 2580
1512238924.05 0 2520
1512238924.16 0 2760
1512238924.25 0 2340
1512238924.35 0 2460
1512238924.45 0 2580
1512238924.55 0 2580
1512238924.66 0 2580
1512238924.75 0 2460
1512238924.85 0 2580
1512238924.95 0 2520
1512238925.05 0 2460
1512238925.15 0 2580
1512238925.25 0 2520
1512238925.35 0 2520
1512238925.46 0 2580
1512238925.55 0 2520
1512238925.66 0 2580
1512238925.75 0 2520
1512238925.86 0 2520
1512238925.96 0 2640
1512238926.06 0 2580
1512238926.15 0 2400
1512238926.26 0 2640
1512238926.36 0 2520
1512238926.46 0 2520
1512238926.56 0 2520
1512238926.66 0 2520
1512238926.76 0 2640
1512238926.86 0 2460
1512238926.96 0 2460
1512238927.06 0 2640
1512238927.16 0 2400
1512238927.26 0 2760
1512238927.36 0 2400
1512238927.46 0 2520
1512238927.56 0 2580
1512238927.66 0 2460
1512238927.76 0 2640
1512238927.86 0 2400
1512238927.96 0 2580
1512238928.06 0 2580
1512238928.16 0 2340
1512238928.27 0 2640
1512238928.36 0 2460
1512238928.47 0 2760
1512238928.57 0 2460
1512238928.66 0 2400
1512238928.77 0 2640
1512238928.86 0 2460
1512238928.97 0 2700
1512238929.07 0 2340
1512238929.17 0 2520
1512238929.27 0 2580
1512238929.37 0 2400
1512238929.47 0 2640
1512238929.56 0 2520
1512238929.67 0 2520
1512238929.76 0 2460
1512238929.87 0 2640
1512238929.96 0 2460
1512238930.07 0 2700
1512238930.17 0 2400
1512238930.26 0 2280
1512238930.37 0 2760
1512238930.46 0 2340
1512238930.57 0 2640
1512238930.67 0 2460
1512238930.76 0 2580
1512238930.87 0 2520
1512238930.97 0 2580
1512238931.07 0 2460
1512238931.17 0 2580
1512238931.27 0 2580
1512238931.37 0 2460
1512238931.47 0 2520
1512238931.57 0 2580
1512238931.67 0 2460
1512238931.77 0 2580
1512238931.87 0 2520
1512238931.97 0 2580
1512238932.07 0 2580
1512238932.17 0 2400
1512238932.27 0 2580
1512238932.37 0 2520
1512238932.47 0 2520
1512238932.57 0 2520
1512238932.67 0 2580
1512238932.77 0 2520
1512238932.87 0 2340
1512238932.97 0 2580
1512238933.07 0 2520
1512238933.17 0 2520
1512238933.27 0 2580
1512238933.38 0 2700
1512238933.47 0 2340
1512238933.57 0 2520
1512238933.67 0 2580
1512238933.77 0 2580
1512238933.87 0 2520
1512238933.97 0 2520
1512238934.07 0 2520
1512238934.17 0 2640
1512238934.27 0 2520
1512238934.37 60 2580
1512238934.47 0 2580
1512238934.57 0 2640
1512238934.67 0 2640
1512238934.78 0 2580
1512238934.87 0 2580
1512238934.97 0 2580
1512238935.08 0 2640
1512238935.18 0 2460
1512238935.28 0 1740
1512238935.38 0 2340
1512238935.48 0 2520
1512238935.58 0 1860
1512238935.68 0 1080
1512238935.78 0 1860
1512238935.88 0 2220
1512238935.98 0 1620
1512238936.08 0 1320
1512238936.18 0 1920
1512238936.28 0 1980
1512238936.38 0 1860
1512238936.48 0 1980
1512238936.58 0 2220
1512238936.68 0 2280
1512238936.78 0 2520
1512238936.88 0 2520
1512238936.98 0 2520
1512238937.08 0 2460
1512238937.18 0 2580
1512238937.28 0 2640
1512238937.38 0 1620
1512238937.48 0 2220
1512238937.6 0 2820
1512238937.68 0 2220
1512238937.78 0 2520
1512238937.89 0 2640
1512238937.98 0 2460
1512238938.08 0 2580
1512238938.18 0 2580
1512238938.29 0 2700
1512238938.39 0 2280
1512238938.48 0 2100
1512238938.59 0 2520
1512238938.68 0 2580
1512238938.78 0 2580
1512238938.89 0 2520
1512238938.99 0 2760
1512238939.09 0 2580
1512238939.19 0 1740
1512238939.29 0 2220
1512238939.39 0 2220
1512238939.49 0 2640
1512238939.59 0 2460
1512238939.69 0 2460
1512238939.79 0 2760
1512238939.89 0 2520
1512238939.99 0 2520
1512238940.09 0 2640
1512238940.19 0 1920
1512238940.29 0 2100
1512238940.39 0 2340
1512238940.49 0 2700
1512238940.59 0 2460
1512238940.69 0 2520
1512238940.79 0 2580
1512238940.89 0 2580
1512238940.99 0 2520
1512238941.09 0 2640
1512238941.19 0 2460
1512238941.28 0 2280
1512238941.38 0 2580
1512238941.48 0 2520
1512238941.58 0 2640
1512238941.68 0 2580
1512238941.78 0 2580
1512238941.88 0 1200
1512238941.98 0 2040
1512238942.08 0 2160
1512238942.18 0 2400
1512238942.28 0 2400
1512238942.38 0 2460
1512238942.49 0 2580
1512238942.58 0 2520
1512238942.68 0 2640
1512238942.78 0 2640
1512238942.89 0 2580
1512238942.99 0 2340
1512238943.09 0 1440
1512238943.18 0 2220
1512238943.28 0 2280
1512238943.39 0 2520
1512238943.48 0 2400
1512238943.58 0 2460
1512238943.69 0 2700
1512238943.79 0 2580
1512238943.89 0 2640
1512238943.99 0 2580
1512238944.09 0 2400
1512238944.19 0 2400
1512238944.29 0 2580
1512238944.39 0 2580
1512238944.49 0 2580
1512238944.59 0 2580
1512238944.69 0 2520
1512238944.79 0 2220
1512238944.89 0 2280
1512238944.99 0 2520
1512238945.09 0 2520
1512238945.19 0 2700
1512238945.29 0 2400
1512238945.39 0 2700
1512238945.49 0 2520
1512238945.59 0 2400
1512238945.68 0 2220
1512238945.78 0 2580
1512238945.88 0 2580
1512238945.99 0 2580
1512238946.08 0 2520
1512238946.18 0 2520
1512238946.28 0 2280
1512238946.38 0 2160
1512238946.48 0 2280
1512238946.58 0 2520
1512238946.68 0 2580
1512238946.78 0 2580
1512238946.88 0 2700
1512238946.98 0 2580
1512238947.08 0 2400
1512238947.18 0 2580
1512238947.28 0 2520
1512238947.38 0 2400
1512238947.48 0 2700
1512238947.58 0 2580
1512238947.68 0 2460
1512238947.78 0 2460
1512238947.88 0 2640
1512238947.98 0 2280
1512238948.08 0 2520
1512238948.18 0 2580
1512238948.28 0 2580
1512238948.38 0 2520
1512238948.48 0 2700
1512238948.58 0 2520
1512238948.68 0 2460
1512238948.78 0 2400
1512238948.89 0 2700
1512238948.98 0 2400
1512238949.08 0 2700
1512238949.18 0 2640
1512238949.28 0 2340
1512238949.38 0 2100
1512238949.48 0 1980
1512238949.58 0 2400
1512238949.69 0 2820
1512238949.77 0 2040
1512238949.87 0 2580
1512238949.97 0 2640
1512238950.08 0 2640
1512238950.17 0 2520
1512238950.27 0 2520
1512238950.37 0 2580
1512238950.47 0 2400
1512238950.57 0 2580
1512238950.67 0 2340
1512238950.76 0 2460
1512238950.87 0 2760
1512238950.97 0 2640
1512238951.07 0 2040
1512238951.17 0 2100
1512238951.27 0 1920
1512238951.37 0 2220
1512238951.47 0 2100
1512238951.57 0 1980
1512238951.67 0 1980
1512238951.77 0 1920
1512238951.87 0 1440
1512238951.97 0 1560
1512238952.07 0 1560
1512238952.17 0 1800
1512238952.27 0 1980
1512238952.37 0 1980
1512238952.47 0 1980
1512238952.57 0 1860
1512238952.67 0 1860
1512238952.77 0 1920
1512238952.87 0 660
1512238952.97 0 1320
1512238953.07 0 1440
1512238953.17 0 1560
1512238953.27 0 1560
1512238953.37 0 1740
1512238953.47 0 1800
1512238953.57 0 1860
1512238953.67 0 1800
1512238953.77 0 2040
1512238953.87 0 2100
1512238953.97 0 1980
1512238954.07 0 1860
1512238954.17 0 1860
1512238954.28 0 1860
1512238954.37 0 480
1512238954.47 0 1140
1512238954.57 0 1440
1512238954.67 0 1440
1512238954.77 0 1380
1512238954.87 0 1620
1512238954.98 0 1680
1512238955.08 0 1620
1512238955.18 0 1680
1512238955.27 0 1740
1512238955.37 0 1860
1512238955.48 0 1800
1512238955.58 0 1920
1512238955.67 0 1740
1512238955.78 0 840
1512238955.88 0 1140
1512238955.98 0 1440
1512238956.08 0 1380
1512238956.18 0 1440
1512238956.28 0 1560
1512238956.38 0 1620
1512238956.48 0 1620
1512238956.58 0 1680
1512238956.68 0 1800
1512238956.78 0 1800
1512238956.88 0 1860
1512238956.98 0 1800
1512238957.08 0 1860
1512238957.19 0 960
1512238957.28 0 840
1512238957.38 0 1320
1512238957.48 0 1560
1512238957.58 0 1320
1512238957.68 0 1440
1512238957.78 0 1680
1512238957.88 0 1740
1512238957.98 0 1740
1512238958.08 0 1800
1512238958.18 0 1740
1512238958.28 0 1800
1512238958.38 0 1800
1512238958.48 0 1800
1512238958.58 0 1020
1512238958.68 0 900
1512238958.78 0 1320
1512238958.88 0 1440
1512238958.98 0 1440
1512238959.09 0 1380
1512238959.19 0 1620
1512238959.29 0 1800
1512238959.38 0 1680
1512238959.49 0 1740
1512238959.59 0 1740
1512238959.69 0 1740
1512238959.79 0 1800
1512238959.89 0 1800
1512238959.99 0 1020
1512238960.09 0 720
1512238960.19 0 1320
1512238960.29 0 1440
1512238960.39 0 1380
1512238960.49 0 1560
1512238960.59 0 1680
1512238960.69 0 1620
1512238960.79 0 1680
1512238960.9 0 1740
1512238961.0 0 1800
1512238961.1 0 1740
1512238961.2 0 1800
1512238961.3 0 1020
1512238961.4 0 1140
1512238961.49 0 1320
1512238961.6 0 1680
1512238961.7 0 1500
1512238961.79 0 1440
1512238961.9 0 1680
1512238961.99 0 1800
1512238962.09 0 1800
1512238962.19 0 2340
1512238962.29 0 1860
1512238962.39 0 1800
1512238962.49 0 1800
1512238962.59 0 1800
1512238962.69 0 1740
1512238962.79 0 1080
1512238962.89 0 720
1512238962.99 0 1200
1512238963.09 0 1320
1512238963.18 0 1320
1512238963.29 0 1200
1512238963.39 0 1560
1512238963.49 0 1680
1512238963.59 0 1560
1512238963.68 0 1620
1512238963.79 0 1800
1512238963.89 0 1800
1512238963.99 0 1740
1512238964.09 0 1680
1512238964.19 0 1020
1512238964.29 0 1500
1512238964.39 0 1560
1512238964.49 0 1740
1512238964.59 0 1560
1512238964.69 0 1680
1512238964.79 0 1740
1512238964.88 0 1680
1512238964.98 0 2220
1512238965.09 0 2340
1512238965.18 0 1440
1512238965.29 0 1980
1512238965.38 0 1680
1512238965.48 0 1860
1512238965.59 0 1800
1512238965.68 0 960
1512238965.78 0 1080
1512238965.88 0 1200
1512238965.98 0 1440
1512238966.09 0 1440
1512238966.19 0 1380
1512238966.28 0 1440
1512238966.38 0 1980
1512238966.48 0 1800
1512238966.58 0 1740
1512238966.68 0 1800
1512238966.78 0 1860
1512238966.89 0 1920
1512238966.99 0 1680
1512238967.09 0 540
1512238967.19 0 1260
1512238967.29 0 1440
1512238967.39 0 1440
1512238967.49 0 1440
1512238967.59 0 1320
1512238967.69 0 1740
1512238967.79 0 1920
1512238967.89 0 1860
1512238967.99 0 1920
1512238968.09 0 1800
1512238968.19 0 1800
1512238968.29 0 1860
1512238968.39 0 1560
1512238968.49 0 480
1512238968.59 0 1200
1512238968.69 0 1320
1512238968.79 0 1500
1512238968.89 0 1380
1512238969.0 0 1560
1512238969.09 0 1620
1512238969.19 0 1860
1512238969.29 0 1740
1512238969.39 0 1800
1512238969.49 0 1740
1512238969.59 0 1860
1512238969.69 0 1740
1512238969.79 0 1740
1512238969.89 0 420
1512238969.99 0 1320
1512238970.09 0 1380
1512238970.2 0 1500
1512238970.3 0 1440
1512238970.4 0 1560
1512238970.5 0 1680
1512238970.59 0 1800
1512238970.69 0 1800
1512238970.8 0 1800
1512238970.9 0 1800
1512238970.99 0 1860
1512238971.09 0 1740
1512238971.19 0 1620
1512238971.3 0 600
1512238971.4 0 1200
1512238971.5 0 1500
1512238971.59 0 1320
1512238971.7 0 1440
1512238971.8 0 1260
1512238971.89 0 1560
1512238972.0 0 1860
1512238972.1 0 1800
1512238972.2 0 1680
1512238972.3 0 1860
1512238972.4 0 1800
1512238972.5 0 1800
1512238972.6 0 1080
1512238972.7 0 1440
1512238972.8 0 1620
1512238972.9 0 1560
1512238973.0 0 1560
1512238973.1 0 1680
1512238973.2 0 1620
1512238973.3 0 1920
1512238973.4 0 1680
1512238973.51 0 2520
1512238973.61 0 1680
1512238973.7 0 1680
1512238973.8 0 1800
1512238973.91 0 1920
1512238974.0 0 1680
1512238974.11 0 1260
1512238974.21 0 1500
1512238974.3 0 1320
1512238974.4 0 1560
1512238974.5 0 1560
1512238974.6 0 1560
1512238974.7 0 1740
1512238974.8 0 1800
1512238974.89 0 1800
1512238975.0 0 1980
1512238975.1 0 1740
1512238975.2 0 1920
1512238975.3 0 1740
1512238975.4 0 1740
1512238975.5 0 1800
1512238975.6 0 1320
1512238975.7 0 1380
1512238975.8 0 1440
1512238975.9 0 1620
1512238976.0 0 1560
1512238976.1 0 1680
1512238976.2 0 1680
1512238976.3 0 1800
1512238976.4 0 1860
1512238976.5 0 2040
1512238976.6 0 2040
1512238976.7 0 1440
1512238976.8 0 1860
1512238976.9 0 1800
1512238977.0 0 1860
1512238977.1 0 1740
1512238977.2 0 1620
1512238977.29 0 1620
1512238977.39 0 1680
1512238977.49 0 1680
1512238977.59 0 1860
1512238977.69 0 1800
1512238977.79 0 2160
1512238977.89 0 1800
1512238977.99 0 1740
1512238978.09 0 1860
1512238978.19 0 2160
1512238978.29 0 2520
1512238978.39 0 420
1512238978.49 0 1740
1512238978.59 0 1800
1512238978.69 0 1860
1512238978.79 0 1860
1512238978.89 0 1500
1512238978.99 0 1620
1512238979.09 0 1620
1512238979.19 0 1620
1512238979.29 0 1800
1512238979.39 0 1980
1512238979.49 0 1980
1512238979.59 0 1860
1512238979.7 0 1920
1512238979.79 0 2160
1512238979.89 0 1080
1512238979.99 0 600
1512238980.09 0 1560
1512238980.19 0 1800
1512238980.29 0 1800
1512238980.39 0 1500
1512238980.5 0 1680
1512238980.6 0 1560
1512238980.7 0 1560
1512238980.79 0 1740
1512238980.9 0 1920
1512238981.0 0 2040
1512238981.1 0 1860
1512238981.2 0 1860
1512238981.3 0 1980
1512238981.39 0 2520
1512238981.5 0 540
1512238981.6 0 1440
1512238981.7 0 1740
1512238981.8 0 1920
1512238981.9 0 1740
1512238982.0 0 1800
1512238982.1 0 1800
1512238982.2 0 1800
1512238982.3 0 1800
1512238982.4 0 2340
1512238982.5 0 2640
1512238982.61 0 2640
1512238982.7 0 2520
1512238982.81 0 2640
1512238982.91 0 2580
1512238983.0 0 1380
1512238983.11 0 2400
1512238983.21 0 2700
1512238983.31 0 2460
1512238983.41 0 2640
1512238983.51 0 2520
1512238983.6 0 2580
1512238983.71 0 2640
1512238983.81 0 2580
1512238983.91 0 2700
1512238984.01 0 2520
1512238984.1 0 2520
1512238984.21 0 2640
1512238984.31 0 2640
1512238984.4 0 1980
1512238984.5 0 1920
1512238984.6 0 2220
1512238984.7 0 2340
1512238984.8 0 2520
1512238984.9 0 2520
1512238985.0 0 2700
1512238985.1 0 2520
1512238985.2 0 2580
1512238985.3 0 2580
1512238985.4 0 2520
1512238985.5 0 2040
1512238985.6 0 1920
1512238985.7 0 2160
1512238985.8 0 2400
1512238985.9 0 2400
1512238986.0 0 2340
1512238986.1 0 2640
1512238986.2 0 2520
1512238986.3 0 2640
1512238986.4 0 2580
1512238986.5 0 2580
1512238986.6 0 2580
1512238986.7 0 2100
1512238986.8 0 1980
1512238986.9 0 2220
1512238987.0 0 2340
1512238987.1 0 2520
1512238987.21 0 2640
1512238987.3 0 2520
1512238987.4 0 2580
1512238987.5 0 2580
1512238987.6 0 2580
1512238987.7 0 2580
1512238987.8 0 2040
1512238987.9 0 1500
1512238988.0 0 2040
1512238988.1 0 2160
1512238988.2 0 2220
1512238988.3 0 2340
1512238988.4 0 2340
1512238988.5 0 2580
1512238988.6 0 2580
1512238988.7 0 2520
1512238988.8 0 2580
1512238988.9 0 2640
1512238989.0 0 2520
1512238989.1 0 1200
1512238989.2 0 1980
1512238989.3 0 2160
1512238989.4 0 2340
1512238989.5 0 2280
1512238989.6 0 2400
1512238989.71 0 2520
1512238989.81 0 2520
1512238989.91 0 2580
1512238990.01 0 2580
1512238990.1 0 2520
1512238990.2 0 2580
1512238990.31 0 1560
1512238990.41 0 1920
1512238990.51 0 2100
1512238990.61 0 2400
1512238990.71 0 2340
1512238990.81 0 2400
1512238990.91 0 2460
1512238991.0 0 2400
1512238991.1 0 2640
1512238991.21 0 2640
1512238991.3 0 2520
1512238991.4 0 2460
1512238991.5 0 1980
1512238991.61 0 2100
1512238991.7 0 2280
1512238991.8 0 2340
1512238991.9 0 2340
1512238992.0 0 2640
1512238992.1 0 2580
1512238992.2 0 2520
1512238992.3 0 2580
1512238992.41 0 2580
1512238992.5 0 2580
1512238992.6 0 2220
1512238992.7 0 1800
1512238992.8 0 2280
1512238992.9 0 2400
1512238993.0 0 2460
1512238993.1 0 2700
1512238993.2 0 2640
1512238993.3 0 2520
1512238993.41 0 2640
1512238993.5 0 2520
1512238993.6 0 2640
1512238993.7 0 2580
1512238993.81 0 2400
1512238993.91 0 2520
1512238994.01 0 2400
1512238994.11 0 2580
1512238994.21 0 2640
1512238994.31 0 2580
1512238994.41 0 2640
1512238994.51 0 1800
1512238994.61 0 2100
1512238994.71 0 2220
1512238994.81 0 2640
1512238994.91 0 2340
1512238995.01 0 2640
1512238995.11 0 2640
1512238995.21 0 2640
1512238995.31 0 2520
1512238995.41 0 2640
1512238995.51 0 2460
1512238995.61 0 2580
1512238995.7 0 2340
1512238995.8 0 2580
1512238995.9 0 2520
1512238996.0 0 2640
1512238996.1 0 2460
1512238996.2 0 2280
1512238996.3 0 2160
1512238996.4 0 2520
1512238996.5 0 2520
1512238996.6 0 2580
1512238996.7 0 2520
1512238996.8 0 2640
1512238996.9 0 2640
1512238997.0 0 1980
1512238997.1 0 1980
1512238997.2 0 2400
1512238997.3 0 2460
1512238997.4 0 2520
1512238997.51 0 2520
1512238997.61 0 2580
1512238997.7 0 2580
1512238997.8 0 2460
1512238997.91 0 2640
1512238998.0 0 2580
1512238998.11 0 2280
1512238998.21 0 2460
1512238998.3 0 2580
1512238998.41 0 2580
1512238998.51 0 2580
1512238998.61 0 2520
1512238998.7 0 2580
1512238998.81 0 1920
1512238998.91 0 2280
1512238999.01 0 2220
1512238999.11 0 2520
1512238999.21 0 2520
1512238999.31 0 2640
1512238999.41 0 2580
1512238999.51 0 2580
1512238999.61 0 2580
1512238999.71 0 2580
1512238999.81 0 2220
1512238999.91 0 2220
1512239000.01 0 2460
1512239000.11 0 2460
1512239000.21 0 2820
1512239000.31 0 2400
1512239000.41 0 2520
1512239000.51 0 2580
1512239000.61 0 2580
1512239000.71 0 2520
1512239000.81 0 2460
1512239000.91 0 2640
1512239001.01 0 2520
1512239001.11 0 2700
1512239001.21 0 2460
1512239001.31 0 2580
1512239001.41 0 2460
1512239001.51 0 1320
1512239001.61 0 2220
1512239001.71 60 2340
1512239001.81 0 2460
1512239001.91 0 2640
1512239002.01 0 2520
1512239002.11 0 2580
1512239002.21 0 2640
1512239002.31 0 2580
1512239002.41 0 2580
1512239002.52 0 2340
1512239002.61 0 2340
1512239002.71 0 2340
1512239002.81 0 2580
1512239002.92 0 2640
1512239003.02 0 2580
1512239003.12 0 2640
1512239003.22 0 2460
1512239003.32 0 2400
1512239003.42 0 2520
1512239003.52 0 2580
1512239003.62 0 2580
1512239003.72 0 2520
1512239003.82 0 2520
1512239003.92 0 2280
1512239004.02 0 2400
1512239004.12 0 2460
1512239004.22 0 2520
1512239004.32 0 2580
1512239004.42 0 2640
1512239004.52 0 2640
1512239004.62 0 2520
1512239004.72 0 2460
1512239004.82 0 2520
1512239004.92 0 2580
1512239005.02 0 2640
1512239005.12 0 2580
1512239005.22 0 2580
1512239005.33 0 2400
1512239005.43 0 2400
1512239005.53 0 2460
1512239005.63 0 2580
1512239005.73 0 2640
1512239005.83 0 2520
1512239005.93 0 2580
1512239006.03 0 2340
1512239006.13 0 2580
1512239006.23 0 2580
1512239006.33 0 2520
1512239006.43 0 2640
1512239006.53 0 2700
1512239006.63 0 1800
1512239006.73 0 2220
1512239006.83 0 2280
1512239006.93 0 2460
1512239007.03 0 2640
1512239007.13 0 2520
1512239007.23 0 2580
1512239007.33 0 2520
1512239007.43 0 2580
1512239007.53 0 2580
1512239007.63 0 2580
1512239007.73 0 2520
1512239007.83 0 2640
1512239007.93 0 2580
1512239008.03 0 2580
1512239008.13 0 2580
1512239008.23 0 2580
1512239008.34 0 2340
1512239008.43 0 2280
1512239008.54 0 2460
1512239008.63 0 2400
1512239008.73 0 2580
1512239008.84 0 2760
1512239008.93 0 2400
1512239009.04 0 2640
1512239009.14 0 2220
1512239009.24 0 2340
1512239009.34 0 2520
1512239009.44 0 2640
1512239009.53 0 2460
1512239009.63 0 2580
1512239009.73 0 2280
1512239009.83 0 2640
1512239009.93 0 1680
1512239010.04 0 2160
1512239010.14 0 2280
1512239010.24 0 2400
1512239010.34 0 2400
1512239010.44 0 2700
1512239010.54 0 2400
1512239010.64 0 2580
1512239010.74 0 2700
1512239010.84 0 2520
1512239010.94 0 2640
1512239011.04 0 1500
1512239011.14 0 1920
1512239011.24 0 2040
1512239011.34 0 2400
1512239011.44 0 2280
1512239011.54 0 2460
1512239011.64 0 2460
1512239011.75 0 2700
1512239011.84 0 1680
1512239011.95 0 1320
1512239012.05 0 1260
1512239012.15 0 1620
1512239012.25 0 660
1512239012.35 0 1200
1512239012.44 0 1260
1512239012.54 0 1440
1512239012.65 0 1560
1512239012.75 0 1560
1512239012.85 0 1740
1512239012.95 0 1800
1512239013.05 0 1860
1512239013.15 0 2280
1512239013.25 0 2220
1512239013.35 0 2280
1512239013.45 0 2280
1512239013.55 0 2520
1512239013.65 0 2460
1512239013.75 0 2640
1512239013.85 0 2460
1512239013.95 0 2580
1512239014.05 0 2580
1512239014.15 0 2460
1512239014.25 0 2520
1512239014.35 0 2580
1512239014.45 0 2580
1512239014.55 0 2520
1512239014.65 0 2580
1512239014.75 0 2520
1512239014.85 0 2580
1512239014.96 0 2520
1512239015.06 0 2580
1512239015.16 0 2580
1512239015.26 0 2460
1512239015.36 0 2580
1512239015.46 0 2520
1512239015.56 0 2520
1512239015.66 0 2580
1512239015.76 0 2520
1512239015.86 0 2460
1512239015.96 0 2580
1512239016.06 0 2520
1512239016.16 0 2520
1512239016.26 0 2580
1512239016.36 0 2460
1512239016.46 0 2520
1512239016.56 0 2520
1512239016.66 0 2580
1512239016.76 0 2520
1512239016.86 0 2580
1512239016.96 0 2460
1512239017.06 0 2580
1512239017.16 0 2520
1512239017.26 0 2520
1512239017.36 0 2640
1512239017.46 0 2040
1512239017.56 0 0
1512239017.66 0 0
1512239017.76 0 0
1512239017.86 0 0
1512239017.96 0 0
1512239018.06 0 0
1512239018.16 0 0
1512239018.26 0 0
1512239018.36 0 0
1512239018.46 0 0
1512239018.56 0 0
1512239018.66 0 0
1512239018.76 0 0
1512239018.86 0 0
1512239018.96 0 0
1512239019.06 0 0
1512239019.16 0 0
1512239019.26 0 0
1512239019.36 0 0
1512239019.46 0 0
1512239019.56 0 0
1512239019.66 0 0
1512239019.76 0 0
1512239019.86 0 0
1512239019.96 0 0
1512239020.06 0 0
1512239020.16 0 0
1512239020.26 0 0
1512239020.36 0 0
1512239020.46 0 0
1512239020.56 0 0
1512239020.66 0 0
1512239020.76 0 0
1512239020.87 0 0
1512239020.97 0 0
1512239021.06 0 0
1512239021.17 0 0
1512239021.27 0 0
1512239021.37 0 0
1512239021.47 0 0
1512239021.57 0 0
1512239021.67 0 0
1512239021.77 0 0
1512239021.87 0 0
1512239021.97 0 0
1512239022.07 0 0
1512239022.17 0 0
1512239022.27 0 0
1512239022.37 0 0
1512239022.47 0 0
1512239022.57 0 0
1512239022.67 0 0
1512239022.77 0 0
1512239022.87 0 0
1512239022.97 0 0
1512239023.07 0 0
1512239023.17 0 0
1512239023.27 0 0
1512239023.37 0 0
1512239023.47 0 0
1512239023.57 0 0
1512239023.67 0 0
1512239023.77 0 0
1512239023.87 0 0
1512239023.97 0 0
1512239024.07 0 0
1512239024.17 0 0
1512239024.27 0 0
1512239024.37 0 0
1512239024.47 0 0
1512239024.57 0 0
1512239024.67 0 0
1512239024.77 0 0
1512239024.87 0 0
1512239024.97 0 0
1512239025.07 0 0
1512239025.17 0 0
1512239025.27 0 0
1512239025.37 0 0
1512239025.47 0 0
1512239025.57 0 0
1512239025.67 0 0
1512239025.77 0 0
1512239025.87 0 0
1512239025.97 0 0
1512239026.07 0 0
1512239026.17 0 0
1512239026.27 0 0
1512239026.37 0 0
1512239026.47 0 0
1512239026.57 0 0
1512239026.68 0 0
1512239026.78 0 0
1512239026.87 0 0
1512239026.98 0 0
1512239027.08 0 0
1512239027.18 0 0
1512239027.28 0 0
1512239027.38 0 0
1512239027.48 0 0
1512239027.58 0 0
1512239027.68 0 0
1512239027.78 0 0
1512239027.88 0 0
1512239027.98 0 0
1512239028.08 0 0
1512239028.18 0 0
1512239028.28 0 0
1512239028.38 0 0
1512239028.48 0 0
1512239028.58 0 0
1512239028.68 0 0
1512239028.78 0 0
1512239028.88 0 0
1512239028.98 0 0
1512239029.08 0 0
1512239029.18 0 0
1512239029.28 0 0
1512239029.38 0 0
1512239029.48 0 0
1512239029.58 0 0
1512239029.68 0 0
1512239029.78 0 0
1512239029.88 0 0
1512239029.98 0 0
1512239030.08 0 0
1512239030.18 0 0
1512239030.28 0 0
1512239030.38 0 0
1512239030.48 0 0
1512239030.58 0 0
1512239030.68 0 0
1512239030.78 0 0
1512239030.88 0 0
1512239030.98 0 0
1512239031.08 0 0
1512239031.18 0 0
1512239031.28 0 0
1512239031.38 0 0
1512239031.48 0 0
1512239031.58 0 0
1512239031.68 0 0
1512239031.78 0 0
1512239031.88 0 0
1512239031.98 0 0
1512239032.08 0 0
1512239032.18 0 0
1512239032.28 0 0
1512239032.39 0 0
1512239032.49 0 0
1512239032.59 0 0
1512239032.69 0 0
1512239032.78 0 0
1512239032.89 0 0
1512239032.99 0 0
1512239033.09 0 0
1512239033.19 0 0
1512239033.29 0 0
1512239033.39 0 0
1512239033.49 0 0
1512239033.59 0 0
1512239033.69 0 0
1512239033.79 0 0
1512239033.89 0 0
1512239033.99 0 0
1512239034.09 0 0
1512239034.19 0 0
1512239034.29 0 0
1512239034.39 0 0
1512239034.49 0 0
1512239034.59 0 0
1512239034.69 0 0
1512239034.79 0 0
1512239034.89 0 0
1512239034.99 0 0
1512239035.09 0 0
1512239035.19 0 0
1512239035.29 0 0
1512239035.39 0 0
1512239035.49 0 0
1512239035.59 0 0
1512239035.69 0 0
1512239035.79 0 0
1512239035.89 0 0
1512239035.99 0 0
1512239036.09 0 0
1512239036.19 0 0
1512239036.29 0 0
1512239036.39 0 0
1512239036.49 0 0
1512239036.59 0 0
1512239036.69 0 0
1512239036.79 0 0
1512239036.89 0 0
1512239036.99 0 0
1512239037.09 0 0
1512239037.19 0 0
1512239037.29 0 0
1512239037.39 0 0
1512239037.49 0 0
1512239037.59 0 0
1512239037.69 0 0
1512239037.79 0 0
1512239037.89 0 0
1512239037.99 0 0
1512239038.09 0 0
1512239038.19 0 0
1512239038.29 0 0
1512239038.4 0 0
1512239038.5 0 0
1512239038.6 0 0
1512239038.7 0 0
1512239038.8 0 0
1512239038.9 0 0
1512239039.0 0 0
1512239039.1 0 0
1512239039.2 0 0
1512239039.3 0 0
1512239039.4 0 0
1512239039.5 0 0
1512239039.6 0 0
1512239039.7 0 0
1512239039.8 0 0
1512239039.9 0 0
1512239040.0 0 0
1512239040.1 0 0
1512239040.2 0 0
1512239040.3 0 0
1512239040.4 0 0
1512239040.5 0 0
1512239040.6 0 0
1512239040.7 0 0
1512239040.8 0 0
1512239040.9 0 0
1512239041.0 0 0
1512239041.1 0 0
1512239041.2 0 0
1512239041.3 0 0
1512239041.4 0 0
1512239041.5 0 0
1512239041.6 0 0
1512239041.7 0 0
1512239041.8 0 0
1512239041.9 0 0
1512239042.0 0 0
1512239042.1 0 0
1512239042.2 0 0
1512239042.3 0 0
1512239042.4 0 0
1512239042.5 0 0
1512239042.6 0 0
1512239042.7 0 0
1512239042.8 0 0
1512239042.91 0 0
1512239043.0 0 0
1512239043.1 0 0
1512239043.21 0 0
1512239043.3 0 0
1512239043.4 0 0
1512239043.51 0 0
1512239043.61 0 0
1512239043.7 0 0
1512239043.81 0 0
1512239043.91 0 0
1512239044.01 0 0
1512239044.1 0 0
1512239044.2 0 0
1512239044.3 0 0
1512239044.41 0 0
1512239044.51 0 0
1512239044.61 0 0
1512239044.71 0 0
1512239044.81 0 0
1512239044.91 0 0
1512239045.01 0 0
1512239045.11 0 0
1512239045.21 0 0
1512239045.31 0 0
1512239045.41 0 0
1512239045.51 0 0
1512239045.61 0 0
1512239045.71 0 0
1512239045.81 0 0
1512239045.91 0 0
1512239046.01 0 0
1512239046.11 0 0
1512239046.21 0 0
1512239046.31 0 0
1512239046.41 0 0
1512239046.51 0 0
1512239046.61 0 0
1512239046.71 0 0
1512239046.81 0 0
1512239046.91 0 0
1512239047.01 0 0
1512239047.11 0 0
1512239047.21 0 0
1512239047.31 0 0
1512239047.41 0 0
1512239047.51 0 0
1512239047.61 0 0
1512239047.71 0 0
1512239047.81 0 0
1512239047.91 0 0
1512239048.01 0 0
1512239048.11 0 0
1512239048.21 0 0
1512239048.31 0 0
1512239048.41 0 0
1512239048.51 0 0
1512239048.61 0 0
1512239048.71 0 0
1512239048.81 0 0
1512239048.91 0 0
1512239049.02 0 0
1512239049.12 0 0
1512239049.21 0 0
1512239049.32 0 0
1512239049.42 0 0
1512239049.52 0 0
1512239049.62 0 0
1512239049.72 0 0
1512239049.82 0 0
1512239049.92 0 0
1512239050.02 0 0
1512239050.12 0 0
1512239050.22 0 0
1512239050.32 0 0
1512239050.42 0 0
1512239050.52 0 0
