1512252736.43 0 0
1512252736.51 0 0
1512252736.61 0 0
1512252736.71 0 0
1512252736.83 0 0
1512252736.91 0 0
1512252737.01 0 0
1512252737.11 0 0
1512252737.21 0 0
1512252737.31 0 0
1512252737.44 0 0
1512252737.52 0 0
1512252737.62 0 0
1512252737.73 0 0
1512252737.89 0 0
1512252737.99 0 0
1512252738.09 0 0
1512252738.2 0 0
1512252738.33 0 0
1512252738.43 0 0
1512252738.53 0 0
1512252738.63 0 0
1512252738.73 0 0
1512252738.83 0 0
1512252738.94 0 0
1512252739.07 0 0
1512252739.17 0 0
1512252739.27 0 0
1512252739.37 0 0
1512252739.47 0 0
1512252739.57 0 0
1512252739.67 0 0
1512252739.77 0 0
1512252739.87 0 0
1512252739.97 0 0
1512252740.09 0 0
1512252740.2 0 0
1512252740.3 0 0
1512252740.41 0 0
1512252740.53 0 0
1512252740.63 0 0
1512252740.73 0 0
1512252740.83 0 0
1512252740.93 0 0
1512252741.03 0 0
1512252741.17 0 0
1512252741.25 0 0
1512252741.37 0 0
1512252741.48 0 0
1512252741.59 0 0
1512252741.68 0 0
1512252741.78 0 0
1512252741.88 0 0
1512252741.98 0 0
1512252742.08 0 0
1512252742.18 0 0
1512252742.28 0 0
1512252742.38 0 0
1512252742.48 0 0
1512252742.58 0 0
1512252742.68 0 0
1512252742.78 0 0
1512252742.88 0 0
1512252742.98 0 0
1512252743.08 0 0
1512252743.18 0 0
1512252743.28 0 0
1512252743.38 0 0
1512252743.48 0 0
1512252743.58 0 0
1512252743.68 0 0
1512252743.78 0 0
1512252743.88 0 0
1512252743.98 0 0
1512252744.08 0 0
1512252744.18 0 0
1512252744.28 0 0
1512252744.38 0 0
1512252744.48 0 0
1512252744.58 0 0
1512252744.68 0 0
1512252744.79 0 0
1512252744.88 0 0
1512252744.98 0 0
1512252745.09 0 0
1512252745.19 0 0
1512252745.29 0 0
1512252745.39 0 0
1512252745.49 0 0
1512252745.59 0 0
1512252745.7 0 0
1512252745.8 0 0
1512252745.9 0 0
1512252746.0 0 0
1512252746.11 0 0
1512252746.21 0 0
1512252746.31 0 0
1512252746.41 0 0
1512252746.51 0 0
1512252746.61 0 0
1512252746.71 0 0
1512252746.83 0 0
1512252746.95 0 0
1512252747.05 0 0
1512252747.16 0 0
1512252747.29 0 0
1512252747.39 0 0
1512252747.5 0 0
1512252747.61 0 0
1512252747.74 0 0
1512252747.84 0 0
1512252747.96 0 0
1512252748.08 0 0
1512252748.18 0 0
1512252748.28 0 0
1512252748.38 0 0
1512252748.48 0 0
1512252748.58 0 0
1512252748.68 0 0
1512252748.78 0 0
1512252748.88 0 0
1512252748.98 0 0
1512252749.08 0 0
1512252749.18 0 0
1512252749.28 0 0
1512252749.38 0 0
1512252749.48 0 0
1512252749.58 0 0
1512252749.69 0 0
1512252749.79 0 0
1512252749.88 0 0
1512252749.98 0 0
1512252750.08 0 0
1512252750.2 0 0
1512252750.32 0 0
1512252750.42 0 0
1512252750.52 0 0
1512252750.62 0 0
1512252750.72 0 0
1512252750.82 0 0
1512252750.92 0 0
1512252751.05 0 0
1512252751.17 0 0
1512252751.29 0 0
1512252751.39 0 0
1512252751.49 0 0
1512252751.59 0 0
1512252751.69 0 0
1512252751.79 0 0
1512252751.89 0 0
1512252751.99 0 0
1512252752.09 0 0
1512252752.22 0 0
1512252752.31 0 0
1512252752.41 0 0
1512252752.52 0 0
1512252752.65 0 0
1512252752.76 0 0
1512252752.86 0 0
1512252752.97 0 0
1512252753.07 0 0
1512252753.17 0 0
1512252753.27 0 0
1512252753.37 0 0
1512252753.5 0 0
1512252753.62 0 0
1512252753.72 0 0
1512252753.82 0 0
1512252753.92 0 0
1512252754.02 0 0
1512252754.12 0 0
1512252754.22 0 0
1512252754.32 0 0
1512252754.42 0 0
1512252754.52 0 0
1512252754.62 0 0
1512252754.72 0 0
1512252754.83 0 0
1512252754.94 0 0
1512252755.04 0 0
1512252755.14 0 0
1512252755.24 0 0
1512252755.36 0 0
1512252755.48 0 0
1512252755.58 0 0
1512252755.68 0 0
1512252755.79 0 0
1512252755.91 0 0
1512252756.03 0 0
1512252756.13 0 0
1512252756.23 0 0
1512252756.33 0 0
1512252756.43 0 0
1512252756.53 0 0
1512252756.66 0 0
1512252756.76 0 0
1512252756.85 0 0
1512252756.98 0 0
1512252757.11 0 0
1512252757.2 0 0
1512252757.3 0 0
1512252757.4 0 0
1512252757.52 0 0
1512252757.63 0 0
1512252757.74 0 0
1512252757.86 0 0
1512252757.96 0 0
1512252758.06 0 0
1512252758.17 0 0
1512252758.28 0 0
1512252758.38 0 0
1512252758.48 0 0
1512252758.58 0 0
1512252758.68 0 0
1512252758.78 0 0
1512252758.88 0 0
1512252758.98 0 0
1512252759.08 0 0
1512252759.19 0 0
1512252759.32 0 0
1512252759.43 0 0
1512252759.53 0 0
1512252759.63 0 0
1512252759.73 0 0
1512252759.83 0 0
1512252759.93 0 0
1512252760.03 0 0
1512252760.13 0 0
1512252760.23 0 0
1512252760.33 0 0
1512252760.43 0 0
1512252760.53 0 0
1512252760.64 0 0
1512252760.75 0 0
1512252760.85 0 0
1512252760.95 0 0
1512252761.05 0 0
1512252761.15 0 0
1512252761.25 0 0
1512252761.36 0 0
1512252761.47 0 0
1512252761.57 0 0
1512252761.67 0 0
1512252761.77 0 0
1512252761.87 0 0
1512252761.98 0 0
1512252762.08 0 0
1512252762.18 0 0
1512252762.28 0 0
1512252762.37 0 0
1512252762.48 0 0
1512252762.58 0 0
1512252762.68 0 0
1512252762.78 0 0
1512252762.88 0 0
1512252762.98 0 0
1512252763.08 0 0
1512252763.18 0 0
1512252763.28 0 0
1512252763.38 0 0
1512252763.48 0 0
1512252763.58 0 0
1512252763.68 0 0
1512252763.78 0 0
1512252763.88 0 0
1512252763.98 0 0
1512252764.08 0 0
1512252764.18 0 0
1512252764.28 0 0
1512252764.38 0 0
1512252764.48 0 0
1512252764.58 0 0
1512252764.68 0 0
1512252764.8 0 0
1512252764.93 0 0
1512252765.04 0 0
1512252765.17 0 0
1512252765.27 0 0
1512252765.38 0 0
1512252765.51 0 0
1512252765.61 0 0
1512252765.71 0 0
1512252765.81 0 0
1512252765.91 0 0
1512252766.01 0 0
1512252766.11 0 0
1512252766.21 0 0
1512252766.31 0 0
1512252766.41 0 0
1512252766.51 0 0
1512252766.61 0 0
1512252766.71 0 0
1512252766.81 0 0
1512252766.91 0 0
1512252767.01 0 0
1512252767.11 0 0
1512252767.21 0 0
1512252767.33 0 0
1512252767.47 0 0
1512252767.56 0 0
1512252767.67 0 0
1512252767.76 0 0
1512252767.87 0 0
1512252767.96 0 0
1512252768.07 0 0
1512252768.17 0 0
1512252768.27 0 0
1512252768.37 0 0
1512252768.47 0 0
1512252768.57 0 0
1512252768.66 0 0
1512252768.76 0 0
1512252768.86 0 0
1512252768.96 0 0
1512252769.06 0 0
1512252769.16 0 0
1512252769.26 0 0
1512252769.36 0 0
1512252769.46 0 0
1512252769.56 0 0
1512252769.66 0 0
1512252769.76 0 0
1512252769.86 0 0
1512252769.96 0 0
1512252770.06 0 0
1512252770.16 0 0
1512252770.27 0 0
1512252770.36 0 0
1512252770.46 0 0
1512252770.56 0 0
1512252770.66 0 0
1512252770.76 0 0
1512252770.86 0 0
1512252770.98 0 0
1512252771.09 0 0
1512252771.19 0 0
1512252771.29 0 0
1512252771.39 0 0
1512252771.49 0 0
1512252771.59 0 0
1512252771.69 0 0
1512252771.79 0 0
1512252771.89 0 0
1512252771.99 0 0
1512252772.09 0 0
1512252772.19 0 0
1512252772.29 0 0
1512252772.39 0 0
1512252772.5 0 0
1512252772.62 0 0
1512252772.74 0 0
1512252772.83 0 0
1512252772.93 0 0
1512252773.05 0 0
1512252773.16 0 0
1512252773.28 0 0
1512252773.4 0 0
1512252773.5 0 0
1512252773.6 0 0
1512252773.69 0 0
1512252773.8 0 0
1512252773.91 0 0
1512252774.01 0 0
1512252774.12 0 0
1512252774.21 0 0
1512252774.31 0 0
1512252774.41 0 0
1512252774.51 0 0
1512252774.61 0 0
1512252774.73 0 0
1512252774.84 0 0
1512252774.94 0 0
1512252775.04 0 0
1512252775.14 0 0
1512252775.24 0 0
1512252775.35 0 0
1512252775.44 0 0
1512252775.54 0 0
1512252775.64 0 0
1512252775.76 0 0
1512252775.89 0 0
1512252775.99 0 0
1512252776.09 0 0
1512252776.19 0 0
1512252776.29 0 0
1512252776.41 0 0
1512252776.51 0 0
1512252776.61 0 0
1512252776.71 0 0
1512252776.81 0 0
1512252776.91 0 0
1512252777.02 0 0
1512252777.11 0 0
1512252777.22 0 0
1512252777.31 0 0
1512252777.41 0 0
1512252777.51 0 0
1512252777.62 0 1514
1512252777.71 0 0
1512252777.82 0 0
1512252777.91 0 10598
1512252778.01 0 62074
1512252778.11 0 60560
1512252778.21 0 60560
1512252778.31 0 60560
1512252778.42 0 62074
1512252778.51 0 59046
1512252778.61 0 60560
1512252778.72 0 62074
1512252778.81 0 60560
1512252778.94 0 74186
1512252779.04 0 62074
1512252779.14 0 59046
1512252779.24 0 62074
1512252779.34 0 60560
1512252779.44 0 60560
1512252779.54 0 62074
1512252779.64 0 59046
1512252779.74 0 62074
1512252779.84 0 60560
1512252779.94 0 60560
1512252780.04 0 62074
1512252780.14 0 59046
1512252780.24 0 62074
1512252780.34 0 59046
1512252780.44 0 62074
1512252780.54 0 62074
1512252780.64 0 60560
1512252780.74 0 59046
1512252780.84 0 62074
1512252780.95 0 66616
1512252781.04 0 56018
1512252781.14 0 60560
1512252781.24 0 60560
1512252781.34 0 60560
1512252781.44 0 60560
1512252781.55 0 66616
1512252781.64 0 48448
1512252781.74 0 63588
1512252781.84 0 63588
1512252781.94 0 60560
1512252782.04 0 60560
1512252782.14 0 59046
1512252782.26 0 69644
1512252782.36 0 62074
1512252782.46 0 62074
1512252782.56 0 62074
1512252782.66 0 60560
1512252782.76 0 59046
1512252782.86 0 60560
1512252782.96 0 60560
1512252783.06 0 62074
1512252783.16 0 60560
1512252783.26 0 60560
1512252783.36 0 59046
1512252783.46 0 62074
1512252783.56 0 59046
1512252783.66 0 62074
1512252783.76 0 60560
1512252783.86 0 60560
1512252783.96 0 62074
1512252784.06 0 59046
1512252784.16 0 62074
1512252784.26 0 59046
1512252784.36 0 62074
1512252784.46 0 60560
1512252784.56 0 62074
1512252784.66 0 59046
1512252784.76 0 60560
1512252784.86 0 60560
1512252784.96 0 60560
1512252785.06 0 62074
1512252785.16 0 60560
1512252785.26 0 59046
1512252785.36 0 62074
1512252785.46 0 62074
1512252785.56 0 60560
1512252785.66 0 59046
1512252785.76 0 62074
1512252785.86 0 60560
1512252785.96 0 59046
1512252786.06 0 62074
1512252786.16 0 62074
1512252786.26 0 60560
1512252786.36 0 60560
1512252786.46 0 60560
1512252786.56 0 60560
1512252786.67 0 60560
1512252786.76 0 60560
1512252786.87 0 62074
1512252786.97 0 60560
1512252787.07 0 60560
1512252787.17 0 60560
1512252787.26 0 60560
1512252787.37 0 62074
1512252787.47 0 60560
1512252787.56 0 57532
1512252787.66 0 62074
1512252787.77 0 62074
1512252787.87 0 60560
1512252787.97 0 62074
1512252788.07 0 59046
1512252788.17 0 60560
1512252788.27 0 60560
1512252788.37 0 62074
1512252788.47 0 60560
1512252788.57 0 59046
1512252788.67 0 62074
1512252788.77 0 60560
1512252788.87 0 59046
1512252788.97 0 63588
1512252789.07 0 60560
1512252789.17 0 60560
1512252789.27 0 60560
1512252789.37 0 60560
1512252789.47 0 60560
1512252789.57 0 60560
1512252789.67 0 60560
1512252789.77 0 62074
1512252789.87 0 60560
1512252789.97 0 60560
1512252790.07 0 60560
1512252790.17 0 60560
1512252790.27 0 62074
1512252790.37 0 60560
1512252790.47 0 60560
1512252790.57 0 60560
1512252790.67 0 60560
1512252790.77 0 60560
1512252790.87 0 60560
1512252790.97 0 62074
1512252791.07 0 60560
1512252791.17 0 60560
1512252791.27 0 60560
1512252791.37 0 62074
1512252791.47 0 62074
1512252791.57 0 59046
1512252791.67 0 60560
1512252791.77 0 60560
1512252791.87 0 60560
1512252791.97 0 62074
1512252792.07 0 62074
1512252792.17 0 57532
1512252792.27 0 62074
1512252792.37 0 62074
1512252792.47 0 60560
1512252792.58 0 62074
1512252792.67 0 59046
1512252792.78 0 63588
1512252792.88 0 60560
1512252792.98 0 60560
1512252793.08 0 60560
1512252793.18 0 62074
1512252793.28 0 59046
1512252793.38 0 63588
1512252793.48 0 59046
1512252793.58 0 63588
1512252793.68 0 59046
1512252793.78 0 60560
1512252793.88 0 62074
1512252793.98 0 60560
1512252794.08 0 59046
1512252794.18 0 60560
1512252794.28 0 62074
1512252794.38 0 60560
1512252794.48 0 60560
1512252794.58 0 60560
1512252794.68 0 59046
1512252794.78 0 63588
1512252794.88 0 60560
1512252794.98 0 59046
1512252795.08 0 63588
1512252795.18 0 59046
1512252795.28 0 59046
1512252795.38 0 37850
1512252795.48 0 30280
1512252795.58 0 37850
1512252795.68 0 63588
1512252795.78 0 43906
1512252795.88 0 0
1512252795.98 0 4542
1512252796.08 0 21196
1512252796.18 0 19682
1512252796.28 0 13626
1512252796.38 0 12112
1512252796.48 0 13626
1512252796.58 0 12112
1512252796.68 0 9084
1512252796.79 0 13626
1512252796.88 0 15140
1512252796.98 0 16654
1512252797.08 0 16654
1512252797.19 0 19682
1512252797.28 0 19682
1512252797.38 0 21196
1512252797.48 0 24224
1512252797.59 0 25738
1512252797.68 0 28766
1512252797.79 0 30280
1512252797.89 0 27252
1512252797.98 0 28766
1512252798.09 0 28766
1512252798.19 0 22710
1512252798.28 0 24224
1512252798.39 0 25738
1512252798.49 0 28766
1512252798.59 0 27252
1512252798.69 0 28766
1512252798.79 0 30280
1512252798.89 0 30280
1512252798.99 0 28766
1512252799.09 0 30280
1512252799.19 0 30280
1512252799.29 0 24224
1512252799.39 0 25738
1512252799.49 0 27252
1512252799.59 0 30280
1512252799.69 0 30280
1512252799.79 0 30280
1512252799.89 0 30280
1512252799.99 0 30280
1512252800.09 0 31794
1512252800.19 0 30280
1512252800.29 0 30280
1512252800.39 0 28766
1512252800.49 0 30280
1512252800.59 0 31794
1512252800.69 0 30280
1512252800.79 0 31794
1512252800.89 0 30280
1512252800.99 0 30280
1512252801.09 0 27252
1512252801.19 0 30280
1512252801.29 0 30280
1512252801.39 0 31794
1512252801.49 0 31794
1512252801.59 0 31794
1512252801.69 0 30280
1512252801.79 0 28766
1512252801.89 0 30280
1512252801.99 0 31794
1512252802.09 0 30280
1512252802.19 0 31794
1512252802.29 0 31794
1512252802.39 0 30280
1512252802.49 0 25738
1512252802.59 0 27252
1512252802.69 0 28766
1512252802.79 0 30280
1512252802.89 0 31794
1512252802.99 0 31794
1512252803.09 0 30280
1512252803.19 0 31794
1512252803.29 0 31794
1512252803.39 0 28766
1512252803.5 0 28766
1512252803.59 0 30280
1512252803.69 0 31794
1512252803.79 0 30280
1512252803.89 0 31794
1512252804.0 0 33308
1512252804.09 0 27252
1512252804.19 0 27252
1512252804.29 0 28766
1512252804.4 0 31794
1512252804.49 0 31794
1512252804.59 0 30280
1512252804.7 0 31794
1512252804.8 0 33308
1512252804.89 0 25738
1512252805.0 0 27252
1512252805.1 0 27252
1512252805.2 0 28766
1512252805.3 0 30280
1512252805.4 0 31794
1512252805.5 0 31794
1512252805.6 0 31794
1512252805.7 0 33308
1512252805.8 0 28766
1512252805.9 0 25738
1512252806.0 0 27252
1512252806.1 0 28766
1512252806.2 0 31794
1512252806.3 0 31794
1512252806.4 0 31794
1512252806.5 0 30280
1512252806.6 0 31794
1512252806.7 0 31794
1512252806.8 0 27252
1512252806.9 0 28766
1512252807.0 0 31794
1512252807.1 0 31794
1512252807.2 0 30280
1512252807.3 0 31794
1512252807.4 0 31794
1512252807.5 0 28766
1512252807.6 0 27252
1512252807.7 0 28766
1512252807.8 0 30280
1512252807.9 0 31794
1512252808.01 0 31794
1512252808.1 0 30280
1512252808.2 0 33308
1512252808.3 0 27252
1512252808.4 0 27252
1512252808.5 0 28766
1512252808.6 0 31794
1512252808.7 0 31794
1512252808.81 0 31794
1512252808.9 0 30280
1512252809.0 0 33308
1512252809.1 0 30280
1512252809.21 0 28766
1512252809.31 0 28766
1512252809.41 0 31794
1512252809.51 0 31794
1512252809.61 0 31794
1512252809.71 0 30280
1512252809.81 0 33308
1512252809.91 0 27252
1512252810.01 0 27252
1512252810.11 0 30280
1512252810.21 0 30280
1512252810.31 0 33308
1512252810.41 0 31794
1512252810.51 0 30280
1512252810.61 0 31794
1512252810.71 0 28766
1512252810.81 0 30280
1512252810.91 0 27252
1512252811.01 0 33308
1512252811.11 0 30280
1512252811.21 0 31794
1512252811.31 0 31794
1512252811.41 0 30280
1512252811.51 0 28766
1512252811.61 0 27252
1512252811.71 0 31794
1512252811.81 0 31794
1512252811.91 0 31794
1512252812.01 0 31794
1512252812.11 0 31794
1512252812.21 0 28766
1512252812.31 0 27252
1512252812.41 0 28766
1512252812.51 0 31794
1512252812.61 0 31794
1512252812.72 0 31794
1512252812.82 0 31794
1512252812.91 0 28766
1512252813.02 0 28766
1512252813.12 0 28766
1512252813.22 0 30280
1512252813.32 0 31794
1512252813.42 0 31794
1512252813.52 0 31794
1512252813.62 0 31794
1512252813.72 0 28766
1512252813.82 0 25738
1512252813.92 0 30280
1512252814.02 0 31794
1512252814.12 0 24224
1512252814.22 0 31794
1512252814.32 0 28766
1512252814.42 0 19682
1512252814.52 0 21196
1512252814.62 0 24224
1512252814.72 0 22710
1512252814.82 0 24224
1512252814.92 0 22710
1512252815.02 0 19682
1512252815.12 0 19682
1512252815.22 0 19682
1512252815.32 0 24224
1512252815.42 0 27252
1512252815.52 0 22710
1512252815.62 0 22710
1512252815.72 0 21196
1512252815.82 0 27252
1512252815.92 0 7570
1512252816.02 0 18168
1512252816.13 0 18168
1512252816.23 0 21196
1512252816.33 0 18168
1512252816.42 0 19682
1512252816.52 0 22710
1512252816.63 0 21196
1512252816.73 0 21196
1512252816.83 0 22710
1512252816.93 0 22710
1512252817.02 0 19682
1512252817.12 0 19682
1512252817.22 0 22710
1512252817.32 0 21196
1512252817.43 0 24224
1512252817.53 0 21196
1512252817.63 0 16654
1512252817.73 0 18168
1512252817.83 0 19682
1512252817.93 0 21196
1512252818.03 0 22710
1512252818.13 0 21196
1512252818.23 0 21196
1512252818.33 0 21196
1512252818.43 0 24224
1512252818.53 0 12112
1512252818.63 0 16654
1512252818.73 0 18168
1512252818.83 0 21196
1512252818.93 0 21196
1512252819.03 0 21196
1512252819.13 0 22710
1512252819.23 0 21196
1512252819.33 0 19682
1512252819.44 0 22710
1512252819.53 0 19682
1512252819.63 0 22710
1512252819.73 0 22710
1512252819.83 0 21196
1512252819.93 0 21196
1512252820.03 0 22710
1512252820.13 0 25738
1512252820.23 0 4542
1512252820.34 0 16654
1512252820.43 0 16654
1512252820.54 0 19682
1512252820.63 0 19682
1512252820.73 0 19682
1512252820.83 0 21196
1512252820.94 0 21196
1512252821.03 0 19682
1512252821.13 0 21196
1512252821.23 0 24224
1512252821.34 0 27252
1512252821.43 0 19682
1512252821.53 0 21196
1512252821.64 0 21196
1512252821.74 0 24224
1512252821.84 0 19682
1512252821.94 0 12112
1512252822.04 0 18168
1512252822.14 0 19682
1512252822.24 0 21196
1512252822.34 0 22710
1512252822.44 0 22710
1512252822.54 0 21196
1512252822.64 0 21196
1512252822.74 0 21196
1512252822.84 0 22710
1512252822.94 0 22710
1512252823.04 0 21196
1512252823.14 0 21196
1512252823.24 0 22710
1512252823.34 0 22710
1512252823.44 0 21196
1512252823.54 0 24224
1512252823.64 0 16654
1512252823.74 0 16654
1512252823.84 0 18168
1512252823.94 0 22710
1512252824.04 0 22710
1512252824.14 0 22710
1512252824.24 0 22710
1512252824.34 0 21196
1512252824.44 0 21196
1512252824.54 0 22710
1512252824.65 0 21196
1512252824.75 0 21196
1512252824.85 0 21196
1512252824.95 0 25738
1512252825.05 0 22710
1512252825.15 0 24224
1512252825.25 0 21196
1512252825.35 0 21196
1512252825.45 0 28766
1512252825.55 0 7570
1512252825.65 0 13626
1512252825.75 0 18168
1512252825.85 0 21196
1512252825.95 0 19682
1512252826.05 0 18168
1512252826.15 0 21196
1512252826.25 0 21196
1512252826.35 0 21196
1512252826.45 0 19682
1512252826.56 0 25738
1512252826.65 0 27252
1512252826.75 0 21196
1512252826.85 0 21196
1512252826.95 0 21196
1512252827.05 0 27252
1512252827.15 0 13626
1512252827.25 0 12112
1512252827.35 0 19682
1512252827.45 0 19682
1512252827.55 0 21196
1512252827.65 0 21196
1512252827.76 0 21196
1512252827.86 0 21196
1512252827.95 0 21196
1512252828.05 0 19682
1512252828.15 0 22710
1512252828.27 0 31794
1512252828.36 0 15140
1512252828.46 0 21196
1512252828.56 0 21196
1512252828.66 0 22710
1512252828.76 0 27252
1512252828.87 0 18168
1512252828.96 0 18168
1512252829.06 0 22710
1512252829.16 0 21196
1512252829.26 0 21196
1512252829.36 0 25738
1512252829.46 0 19682
1512252829.56 0 19682
1512252829.66 0 21196
1512252829.76 0 22710
1512252829.86 0 21196
1512252829.96 0 22710
1512252830.06 0 28766
1512252830.16 0 21196
1512252830.26 0 21196
1512252830.37 0 24224
1512252830.46 0 19682
1512252830.57 0 28766
1512252830.67 0 9084
1512252830.77 0 19682
1512252830.87 0 21196
1512252830.96 0 21196
1512252831.07 0 24224
1512252831.17 0 21196
1512252831.27 0 22710
1512252831.37 0 21196
1512252831.47 0 22710
1512252831.57 0 21196
1512252831.68 0 24224
1512252831.77 0 21196
1512252831.88 0 22710
1512252831.97 0 21196
1512252832.07 0 21196
1512252832.17 0 22710
1512252832.27 0 24224
1512252832.37 0 15140
1512252832.5 0 19682
1512252832.61 0 21196
1512252832.71 0 19682
1512252832.81 0 22710
1512252832.91 0 21196
1512252833.01 0 22710
1512252833.11 0 25738
1512252833.21 0 22710
1512252833.31 0 22710
1512252833.41 0 21196
1512252833.51 0 21196
1512252833.61 0 25738
1512252833.71 0 16654
1512252833.81 0 13626
1512252833.91 0 18168
1512252834.01 0 18168
1512252834.11 0 19682
1512252834.21 0 21196
1512252834.31 0 21196
1512252834.41 0 21196
1512252834.51 0 21196
1512252834.61 0 21196
1512252834.71 0 22710
1512252834.81 0 24224
1512252834.91 0 18168
1512252835.01 0 19682
1512252835.1 0 19682
1512252835.2 0 21196
1512252835.3 0 21196
1512252835.41 0 22710
1512252835.51 0 21196
1512252835.61 0 27252
1512252835.7 0 18168
1512252835.8 0 18168
1512252835.9 0 22710
1512252836.0 0 21196
1512252836.1 0 22710
1512252836.2 0 24224
1512252836.3 0 16654
1512252836.4 0 18168
1512252836.5 0 18168
1512252836.6 0 19682
1512252836.7 0 21196
1512252836.8 0 21196
1512252836.9 0 21196
1512252837.03 0 28766
1512252837.14 0 22710
1512252837.24 0 25738
1512252837.34 0 28766
1512252837.44 0 3028
1512252837.54 0 16654
1512252837.64 0 21196
1512252837.74 0 24224
1512252837.84 0 21196
1512252837.94 0 21196
1512252838.04 0 21196
1512252838.14 0 18168
1512252838.24 0 18168
1512252838.34 0 21196
1512252838.44 0 22710
1512252838.54 0 24224
1512252838.64 0 22710
1512252838.74 0 21196
1512252838.85 0 21196
1512252838.93 0 21196
1512252839.03 0 9084
1512252839.13 0 15140
1512252839.23 0 18168
1512252839.34 0 21196
1512252839.43 0 18168
1512252839.54 0 21196
1512252839.63 0 19682
1512252839.74 0 19682
1512252839.84 0 21196
1512252839.94 0 21196
1512252840.04 0 27252
1512252840.14 0 24224
1512252840.24 0 21196
1512252840.34 0 21196
1512252840.44 0 24224
1512252840.54 0 18168
1512252840.64 0 16654
1512252840.76 0 21196
1512252840.86 0 21196
1512252840.95 0 19682
1512252841.06 0 22710
1512252841.15 0 21196
1512252841.26 0 21196
1512252841.36 0 21196
1512252841.46 0 21196
1512252841.55 0 22710
1512252841.65 0 22710
1512252841.76 0 22710
1512252841.85 0 19682
1512252841.96 0 24224
1512252842.06 0 21196
1512252842.16 0 22710
1512252842.26 0 28766
1512252842.36 0 13626
1512252842.45 0 13626
1512252842.56 0 21196
1512252842.66 0 24224
1512252842.76 0 21196
1512252842.86 0 22710
1512252842.95 0 21196
1512252843.06 0 21196
1512252843.16 0 22710
1512252843.26 0 21196
1512252843.36 0 22710
1512252843.46 0 22710
1512252843.56 0 19682
1512252843.66 0 21196
1512252843.76 0 22710
1512252843.86 0 21196
1512252843.96 0 27252
1512252844.09 0 25738
1512252844.19 0 19682
1512252844.29 0 21196
1512252844.39 0 22710
1512252844.49 0 22710
1512252844.59 0 24224
1512252844.69 0 18168
1512252844.79 0 13626
1512252844.89 0 18168
1512252844.99 0 18168
1512252845.09 0 21196
1512252845.19 0 19682
1512252845.29 0 21196
1512252845.39 0 21196
1512252845.49 0 21196
1512252845.59 0 24224
1512252845.69 0 28766
1512252845.79 0 15140
1512252845.89 0 21196
1512252845.99 0 25738
1512252846.09 0 27252
1512252846.19 0 30280
1512252846.29 0 31794
1512252846.39 0 28766
1512252846.49 0 30280
1512252846.59 0 31794
1512252846.69 0 25738
1512252846.79 0 19682
1512252846.89 0 24224
1512252846.99 0 27252
1512252847.09 0 27252
1512252847.19 0 25738
1512252847.29 0 30280
1512252847.39 0 30280
1512252847.49 0 28766
1512252847.59 0 30280
1512252847.69 0 30280
1512252847.79 0 31794
1512252847.89 0 28766
1512252847.99 0 19682
1512252848.09 0 25738
1512252848.19 0 27252
1512252848.29 0 27252
1512252848.38 0 25738
1512252848.48 0 28766
1512252848.58 0 30280
1512252848.68 0 31794
1512252848.78 0 31794
1512252848.88 0 30280
1512252848.98 0 31794
1512252849.09 0 24224
1512252849.19 0 27252
1512252849.29 0 28766
1512252849.38 0 30280
1512252849.49 0 31794
1512252849.58 0 31794
1512252849.68 0 30280
1512252849.79 0 33308
1512252849.89 0 30280
1512252849.99 0 21196
1512252850.09 0 25738
1512252850.19 0 27252
1512252850.29 0 30280
1512252850.39 0 30280
1512252850.49 0 30280
1512252850.59 0 31794
1512252850.69 0 30280
1512252850.79 0 31794
1512252850.89 0 31794
1512252850.99 0 27252
1512252851.09 0 16654
1512252851.19 0 22710
1512252851.29 0 27252
1512252851.39 0 27252
1512252851.49 1514 27252
1512252851.59 0 28766
1512252851.69 0 30280
1512252851.79 0 30280
1512252851.89 0 30280
1512252851.99 0 30280
1512252852.09 0 30280
1512252852.19 0 31794
1512252852.29 0 19682
1512252852.39 0 19682
1512252852.49 0 24224
1512252852.59 0 27252
1512252852.69 0 27252
1512252852.79 0 30280
1512252852.89 0 28766
1512252852.99 0 30280
1512252853.09 0 31794
1512252853.19 0 30280
1512252853.29 0 30280
1512252853.39 0 31794
1512252853.49 0 24224
1512252853.59 0 21196
1512252853.69 0 25738
1512252853.8 0 30280
1512252853.89 0 27252
1512252854.0 0 30280
1512252854.1 0 30280
1512252854.2 0 31794
1512252854.3 0 28766
1512252854.4 0 31794
1512252854.5 0 31794
1512252854.6 0 27252
1512252854.7 0 27252
1512252854.8 0 31794
1512252854.9 0 30280
1512252855.0 0 31794
1512252855.1 0 31794
1512252855.2 0 30280
1512252855.3 0 30280
1512252855.4 0 19682
1512252855.5 0 27252
1512252855.6 0 27252
1512252855.7 0 30280
1512252855.8 0 30280
1512252855.9 0 33308
1512252856.0 0 30280
1512252856.1 0 31794
1512252856.2 0 30280
1512252856.3 0 33308
1512252856.4 0 27252
1512252856.5 0 28766
1512252856.6 0 31794
1512252856.7 0 31794
1512252856.8 0 31794
1512252856.9 0 31794
1512252857.01 0 31794
1512252857.1 0 27252
1512252857.2 0 28766
1512252857.3 0 30280
1512252857.41 0 33308
1512252857.5 0 31794
1512252857.61 0 31794
1512252857.71 0 31794
1512252857.81 0 18168
1512252857.91 0 25738
1512252858.01 0 28766
1512252858.11 0 28766
1512252858.2 0 28766
1512252858.31 0 31794
1512252858.41 0 33308
1512252858.51 0 30280
1512252858.61 0 30280
1512252858.71 0 30280
1512252858.81 0 28766
1512252858.9 0 30280
1512252859.01 0 31794
1512252859.11 0 30280
1512252859.21 0 31794
1512252859.31 0 31794
1512252859.41 0 31794
1512252859.51 0 28766
1512252859.61 0 30280
1512252859.71 0 31794
1512252859.81 0 31794
1512252859.91 0 30280
1512252860.01 0 33308
1512252860.11 0 25738
1512252860.21 0 28766
1512252860.31 0 30280
1512252860.41 0 31794
1512252860.51 0 30280
1512252860.61 0 31794
1512252860.71 0 31794
1512252860.81 0 30280
1512252860.91 0 27252
1512252861.01 0 27252
1512252861.11 0 30280
1512252861.21 0 31794
1512252861.31 0 31794
1512252861.41 0 30280
1512252861.51 0 31794
1512252861.61 0 31794
1512252861.71 0 28766
1512252861.81 0 30280
1512252861.91 0 28766
1512252862.01 0 33308
1512252862.11 0 30280
1512252862.21 0 31794
1512252862.31 0 31794
1512252862.41 0 31794
1512252862.51 0 28766
1512252862.61 0 28766
1512252862.71 0 33308
1512252862.81 0 31794
1512252862.92 0 31794
1512252863.01 0 30280
1512252863.11 0 31794
1512252863.21 0 31794
1512252863.31 0 27252
1512252863.42 0 31794
1512252863.51 0 31794
1512252863.61 0 30280
1512252863.72 0 31794
1512252863.81 0 31794
1512252863.91 0 31794
1512252864.02 0 28766
1512252864.11 0 28766
1512252864.22 0 31794
1512252864.32 0 31794
1512252864.41 0 31794
1512252864.52 0 30280
1512252864.62 0 31794
1512252864.72 0 28766
1512252864.82 0 30280
1512252864.91 0 28766
1512252865.02 0 33308
1512252865.11 0 30280
1512252865.22 0 33308
1512252865.32 0 30280
1512252865.42 0 28766
1512252865.52 0 30280
1512252865.62 0 31794
1512252865.72 0 31794
1512252865.82 0 30280
1512252865.92 0 31794
1512252866.02 0 31794
1512252866.12 0 28766
1512252866.22 0 28766
1512252866.32 0 31794
1512252866.42 0 31794
1512252866.52 0 30280
1512252866.62 0 31794
1512252866.72 0 34822
1512252866.82 0 28766
1512252866.92 0 28766
1512252867.02 0 30280
1512252867.12 0 31794
1512252867.22 0 31794
1512252867.32 0 31794
1512252867.42 0 31794
1512252867.52 0 28766
1512252867.62 0 30280
1512252867.72 0 31794
1512252867.82 0 31794
1512252867.92 0 31794
1512252868.02 0 31794
1512252868.12 0 28766
1512252868.22 0 27252
1512252868.32 0 31794
1512252868.42 0 31794
1512252868.53 0 31794
1512252868.62 0 30280
1512252868.72 0 30280
1512252868.82 0 30280
1512252868.92 0 27252
1512252869.02 0 31794
1512252869.12 0 30280
1512252869.23 0 31794
1512252869.33 0 31794
1512252869.43 0 31794
1512252869.52 0 27252
1512252869.62 0 28766
1512252869.73 0 30280
1512252869.83 0 30280
1512252869.92 0 31794
1512252870.03 0 31794
1512252870.13 0 31794
1512252870.23 0 28766
1512252870.33 0 28766
1512252870.43 0 30280
1512252870.53 0 28766
1512252870.63 0 31794
1512252870.73 0 31794
1512252870.83 0 28766
1512252870.93 0 28766
1512252871.03 0 30280
1512252871.13 0 31794
1512252871.23 0 31794
1512252871.33 0 30280
1512252871.43 0 33308
1512252871.53 0 24224
1512252871.63 0 27252
1512252871.73 0 30280
1512252871.83 0 30280
1512252871.93 0 33308
1512252872.03 0 28766
1512252872.13 0 31794
1512252872.23 0 34822
1512252872.33 0 24224
1512252872.43 0 28766
1512252872.53 0 30280
1512252872.63 0 27252
1512252872.73 0 31794
1512252872.83 0 33308
1512252872.93 0 25738
1512252873.03 0 28766
1512252873.13 0 27252
1512252873.23 0 33308
1512252873.33 0 30280
1512252873.43 0 30280
1512252873.53 0 31794
1512252873.63 0 31794
1512252873.73 0 27252
1512252873.84 0 30280
1512252873.93 0 31794
1512252874.03 0 31794
1512252874.13 0 30280
1512252874.23 0 33308
1512252874.33 0 25738
1512252874.43 0 28766
1512252874.53 0 28766
1512252874.63 0 31794
1512252874.73 0 30280
1512252874.83 0 31794
1512252874.93 0 31794
1512252875.03 0 31794
1512252875.13 0 28766
1512252875.23 0 30280
1512252875.33 0 31794
1512252875.44 0 33308
1512252875.53 0 30280
1512252875.63 0 31794
1512252875.73 0 28766
1512252875.83 0 28766
1512252875.94 0 28766
1512252876.04 0 31794
1512252876.14 0 30280
1512252876.24 0 31794
1512252876.34 0 31794
1512252876.44 0 31794
1512252876.53 0 27252
1512252876.64 0 27252
1512252876.74 0 28766
1512252876.84 0 30280
1512252876.94 0 30280
1512252877.04 0 31794
1512252877.14 0 31794
1512252877.24 0 30280
1512252877.34 0 30280
1512252877.44 0 22710
1512252877.54 0 25738
1512252877.64 0 28766
1512252877.74 0 30280
1512252877.84 0 30280
1512252877.94 0 30280
1512252878.04 0 30280
1512252878.14 0 31794
1512252878.24 0 31794
1512252878.34 0 30280
1512252878.44 0 25738
1512252878.54 0 25738
1512252878.64 0 28766
1512252878.74 0 28766
1512252878.84 0 31794
1512252878.94 0 31794
1512252879.04 0 31794
1512252879.14 0 30280
1512252879.24 0 31794
1512252879.34 0 30280
1512252879.44 0 21196
1512252879.54 0 19682
1512252879.64 0 0
1512252879.74 0 0
1512252879.84 0 0
1512252879.94 0 0
1512252880.04 0 0
1512252880.14 0 0
1512252880.24 0 3028
1512252880.34 0 6056
1512252880.44 0 4542
1512252880.54 0 6056
1512252880.64 0 4542
1512252880.74 0 6056
1512252880.84 0 4542
1512252880.94 0 0
1512252881.05 0 0
1512252881.15 0 0
1512252881.24 0 0
1512252881.34 0 0
1512252881.44 0 0
1512252881.54 0 0
1512252881.65 0 0
1512252881.74 0 0
1512252881.84 0 0
1512252881.94 0 3028
1512252882.04 0 0
1512252882.14 0 0
1512252882.24 0 0
1512252882.34 0 0
1512252882.44 0 0
1512252882.54 0 0
1512252882.64 0 0
1512252882.74 0 0
1512252882.84 0 0
1512252882.94 0 0
1512252883.04 0 0
1512252883.14 0 0
1512252883.25 0 0
1512252883.35 0 0
1512252883.45 0 0
1512252883.55 0 0
1512252883.65 0 0
1512252883.75 0 0
1512252883.85 0 0
1512252883.95 0 0
1512252884.05 0 0
1512252884.15 0 0
1512252884.25 0 0
1512252884.35 0 0
1512252884.45 0 0
1512252884.55 0 0
1512252884.65 0 0
1512252884.75 0 0
1512252884.85 0 0
1512252884.95 0 0
1512252885.05 0 0
1512252885.15 0 0
1512252885.25 0 0
1512252885.35 0 0
1512252885.45 0 0
1512252885.55 0 0
1512252885.65 0 0
1512252885.75 0 0
1512252885.85 0 0
1512252885.95 0 0
1512252886.05 0 0
1512252886.15 0 0
1512252886.25 0 0
1512252886.35 0 0
1512252886.45 0 0
1512252886.55 0 0
1512252886.65 0 0
1512252886.75 0 0
1512252886.85 0 0
1512252886.95 0 0
1512252887.05 0 0
1512252887.15 0 0
1512252887.25 0 0
1512252887.35 0 0
1512252887.45 0 0
1512252887.55 0 0
1512252887.65 0 0
1512252887.75 0 0
1512252887.85 0 0
1512252887.95 0 0
1512252888.05 0 0
1512252888.15 0 0
1512252888.25 0 0
1512252888.35 0 0
1512252888.45 0 0
1512252888.55 0 0
1512252888.65 0 0
1512252888.75 0 0
1512252888.85 0 0
1512252888.95 0 0
1512252889.06 0 0
1512252889.15 0 0
1512252889.25 0 0
1512252889.35 0 0
1512252889.46 0 0
1512252889.55 0 0
1512252889.66 0 0
1512252889.76 0 0
1512252889.86 0 0
1512252889.96 0 0
1512252890.06 0 0
1512252890.16 0 0
1512252890.26 0 0
1512252890.36 0 0
1512252890.46 0 0
1512252890.56 0 0
1512252890.66 0 0
1512252890.76 0 0
1512252890.86 0 0
1512252890.96 0 0
1512252891.06 0 0
1512252891.16 0 0
1512252891.26 0 0
1512252891.36 0 0
1512252891.46 0 0
1512252891.56 0 0
1512252891.66 0 0
1512252891.76 0 0
1512252891.86 0 0
1512252891.96 0 0
1512252892.06 0 0
1512252892.16 0 0
1512252892.26 0 0
1512252892.36 0 0
1512252892.46 0 0
1512252892.56 0 0
1512252892.66 0 0
1512252892.76 0 0
1512252892.86 0 0
1512252892.96 0 0
1512252893.06 0 0
1512252893.16 0 0
1512252893.26 0 0
1512252893.36 0 0
1512252893.46 0 0
1512252893.56 0 0
1512252893.66 0 0
1512252893.76 0 0
1512252893.86 0 0
1512252893.96 0 0
1512252894.06 0 0
1512252894.17 0 0
1512252894.26 0 0
1512252894.36 0 0
1512252894.46 0 0
1512252894.56 0 0
1512252894.67 0 0
1512252894.76 0 0
1512252894.86 0 0
1512252894.96 0 0
1512252895.06 0 0
1512252895.16 0 0
1512252895.27 0 0
1512252895.37 0 0
1512252895.47 0 0
1512252895.56 0 0
1512252895.66 0 0
1512252895.76 0 0
1512252895.87 0 0
1512252895.97 0 0
1512252896.07 0 0
1512252896.17 0 0
1512252896.27 0 0
1512252896.37 0 0
1512252896.47 0 0
1512252896.57 0 0
1512252896.67 0 0
1512252896.77 0 0
1512252896.87 0 0
1512252896.97 0 0
1512252897.07 0 0
1512252897.17 0 0
1512252897.27 0 0
1512252897.37 0 0
1512252897.47 0 0
1512252897.57 0 0
1512252897.67 0 0
1512252897.77 0 0
1512252897.87 0 0
1512252897.97 0 0
1512252898.07 0 0
1512252898.17 0 0
1512252898.27 0 0
1512252898.37 0 0
1512252898.47 0 0
1512252898.57 0 0
1512252898.67 0 0
1512252898.77 0 0
1512252898.87 0 0
1512252898.98 0 0
1512252899.07 0 0
1512252899.17 0 0
1512252899.27 0 0
1512252899.37 0 0
1512252899.47 0 0
1512252899.57 0 0
1512252899.67 0 0
1512252899.77 0 0
1512252899.88 0 0
1512252899.97 0 0
1512252900.08 0 0
1512252900.18 0 0
1512252900.28 0 0
1512252900.38 0 0
1512252900.48 0 0
1512252900.58 0 0
1512252900.68 0 0
1512252900.78 0 0
1512252900.88 0 0
1512252900.98 0 0
1512252901.08 0 0
1512252901.18 0 0
1512252901.28 0 0
1512252901.38 0 0
1512252901.48 0 0
1512252901.58 0 0
1512252901.68 0 0
1512252901.78 0 0
1512252901.88 0 0
1512252901.98 0 0
1512252902.08 0 0
1512252902.18 0 0
1512252902.28 0 0
1512252902.38 0 0
1512252902.48 0 0
1512252902.58 0 0
1512252902.68 0 0
1512252902.78 0 0
1512252902.88 0 0
1512252902.98 0 0
1512252903.08 0 0
1512252903.18 0 0
1512252903.28 0 0
1512252903.38 0 0
1512252903.48 0 0
1512252903.58 0 0
1512252903.68 0 0
1512252903.78 0 0
1512252903.88 0 0
1512252903.98 0 0
1512252904.09 0 0
1512252904.19 0 0
1512252904.29 0 0
1512252904.39 0 0
1512252904.49 0 0
1512252904.59 0 0
1512252904.69 0 0
1512252904.79 0 0
1512252904.89 0 0
1512252904.99 0 0
1512252905.09 0 0
1512252905.19 0 0
1512252905.29 0 0
1512252905.39 0 0
1512252905.49 0 0
1512252905.59 0 0
1512252905.69 0 0
1512252905.79 0 0
1512252905.89 0 0
1512252905.99 0 0
1512252906.09 0 0
1512252906.19 0 0
1512252906.29 0 0
1512252906.39 0 0
1512252906.49 0 0
1512252906.59 0 0
1512252906.69 0 0
1512252906.79 0 0
1512252906.89 0 0
1512252906.99 0 0
1512252907.09 0 0
1512252907.19 0 0
1512252907.29 0 0
1512252907.39 0 0
1512252907.49 0 0
1512252907.59 0 0
1512252907.69 0 0
1512252907.79 0 0
1512252907.9 0 0
