1512133478.92 2500.0 2700.0
1512133479.03 2500.0 2880.0
1512133479.12 2500.0 3042.0
1512133479.22 2500.0 3187.8
1512133479.33 2500.0 3319.02
1512133479.42 2500.0 3437.118
1512133479.52 2500.0 3543.4062
1512133479.62 2500.0 3639.06558
1512133479.72 2500.0 3725.159022
1512133479.83 2500.0 3802.6431198
1512133479.92 2500.0 3872.37880782
1512133480.02 2500.0 3935.14092704
1512133480.12 2500.0 3991.62683433
1512133480.22 2500.0 4042.4641509
1512133480.32 2500.0 4088.21773581
1512133480.42 2500.0 4129.39596223
1512133480.53 2500.0 4166.45636601
1512133480.62 2500.0 4199.81072941
1512133480.72 2500.0 4229.82965647
1512133480.82 2500.0 4256.84669082
1512133480.92 2500.0 4281.16202174
1512133481.02 2500.0 4303.04581956
1512133481.12 2500.0 4322.74123761
1512133481.22 2500.0 4340.46711385
1512133481.32 2500.0 4356.42040246
1512133481.42 2500.0 4370.77836222
1512133481.52 2500.0 4383.70052599
1512133481.62 2500.0 4395.33047339
1512133481.72 2500.0 4405.79742606
1512133481.83 2500.0 4415.21768345
1512133481.92 2500.0 4423.6959151
1512133482.03 2500.0 4431.32632359
1512133482.13 2500.0 4438.19369123
1512133482.22 2500.0 4444.37432211
1512133482.32 2500.0 4449.9368899
1512133482.42 2500.0 4454.94320091
1512133482.52 2500.0 4459.44888082
1512133482.62 2500.0 4463.50399274
1512133482.72 2500.0 4467.15359346
1512133482.82 2500.0 4470.43823412
1512133482.92 2500.0 4473.39441071
1512133483.02 2500.0 4476.05496963
1512133483.13 2500.0 4478.44947267
1512133483.24 2500.0 4480.6045254
1512133483.33 2500.0 4482.54407286
1512133483.43 2500.0 4484.28966558
1512133483.52 2500.0 4485.86069902
1512133483.62 2500.0 4487.27462912
1512133483.72 2500.0 4488.54716621
1512133483.83 2500.0 4489.69244959
1512133483.92 2500.0 4490.72320463
1512133484.03 2500.0 4491.65088416
1512133484.12 2500.0 4492.48579575
1512133484.23 2500.0 4493.23721617
1512133484.33 2500.0 4493.91349456
1512133484.43 2500.0 4494.5221451
1512133484.53 2500.0 4495.06993059
1512133484.63 2500.0 4495.56293753
1512133484.73 2500.0 4496.00664378
1512133484.83 2500.0 4496.4059794
1512133484.92 2500.0 4496.76538146
1512133485.03 2500.0 4497.08884331
1512133485.13 2500.0 4497.37995898
1512133485.23 2500.0 4497.64196308
1512133485.32 2500.0 4497.87776678
1512133485.43 2500.0 4498.0899901
1512133485.53 2500.0 4498.28099109
1512133485.63 2500.0 4498.45289198
1512133485.73 2500.0 4498.60760278
1512133485.83 2500.0 4498.7468425
1512133485.93 2500.0 4498.87215825
1512133486.03 2500.0 4498.98494243
1512133486.13 2500.0 4499.08644819
1512133486.23 2500.0 4499.17780337
1512133486.33 2500.0 4499.26002303
1512133486.43 2500.0 4499.33402073
1512133486.53 2500.0 4499.40061865
1512133486.63 2500.0 4499.46055679
1512133486.73 2500.0 4499.51450111
1512133486.83 2500.0 4499.563051
1512133486.93 2500.0 4499.6067459
1512133487.04 2500.0 4499.64607131
1512133487.14 2500.0 4499.68146418
1512133487.23 2500.0 4499.71331776
1512133487.33 2500.0 4499.74198598
1512133487.43 2500.0 4499.76778739
1512133487.53 2500.0 4499.79100865
1512133487.63 2500.0 4499.81190778
1512133487.73 2500.0 4499.830717
1512133487.83 2500.0 4499.8476453
1512133487.93 2500.0 4499.86288077
1512133488.03 2500.0 4499.8765927
1512133488.13 2500.0 4499.88893343
1512133488.23 2500.0 4499.90004008
1512133488.33 2500.0 4499.91003608
1512133488.44 2500.0 4499.91903247
1512133488.53 2500.0 4499.92712922
1512133488.64 2500.0 4499.9344163
1512133488.73 2500.0 4499.94097467
1512133488.83 2500.0 4499.9468772
1512133488.93 2500.0 4499.95218948
1512133489.03 2500.0 4499.95697053
1512133489.13 2500.0 4499.96127348
1512133489.23 2500.0 4499.96514613
1512133489.34 2500.0 4499.96863152
1512133489.43 2500.0 4499.97176837
1512133489.54 2500.0 4499.97459153
1512133489.63 2500.0 4499.97713238
1512133489.74 2500.0 4499.97941914
1512133489.84 2500.0 4499.98147723
1512133489.94 2500.0 4499.9833295
1512133490.04 2500.0 4499.98499655
1512133490.14 2500.0 4499.9864969
1512133490.24 2500.0 4499.98784721
1512133490.34 2500.0 4499.98906249
1512133490.44 2500.0 4499.99015624
1512133490.54 2500.0 4499.99114061
1512133490.64 2500.0 4499.99202655
1512133490.74 2500.0 4499.9928239
1512133490.84 2500.0 4499.99354151
1512133490.94 2500.0 4499.99418736
1512133491.04 2500.0 4499.99476862
1512133491.14 2500.0 4499.99529176
1512133491.25 2500.0 4499.99576258
1512133491.34 2500.0 4499.99618633
1512133491.44 2500.0 4499.99656769
1512133491.54 2500.0 4499.99691092
1512133491.64 2500.0 4499.99721983
1512133491.74 2500.0 4499.99749785
1512133491.84 2500.0 4499.99774806
1512133491.94 2500.0 4499.99797326
1512133492.04 2500.0 4499.99817593
1512133492.14 2500.0 4499.99835834
1512133492.24 2500.0 4499.9985225
1512133492.34 2500.0 4499.99867025
1512133492.44 2500.0 4499.99880323
1512133492.54 2500.0 4499.99892291
1512133492.64 2500.0 4499.99903061
1512133492.74 2500.0 4499.99912755
1512133492.85 2500.0 4499.9992148
1512133492.94 2500.0 4499.99929332
1512133493.04 2500.0 4499.99936399
1512133493.14 2500.0 4499.99942759
1512133493.24 2500.0 4499.99948483
1512133493.35 2500.0 4499.99953635
1512133493.44 2500.0 4499.99958271
1512133493.55 2500.0 4499.99962444
1512133493.64 2500.0 4499.999662
1512133493.75 2500.0 4499.9996958
1512133493.84 2500.0 4499.99972622
1512133493.94 2500.0 4499.9997536
1512133494.04 2500.0 4499.99977824
1512133494.14 2500.0 4499.99980041
1512133494.24 2500.0 4499.99982037
1512133494.35 2500.0 4499.99983833
1512133494.45 2500.0 4499.9998545
1512133494.54 2500.0 4499.99986905
1512133494.65 2500.0 4499.99988215
1512133494.74 2500.0 4499.99989393
1512133494.85 2500.0 4499.99990454
1512133494.95 2500.0 4499.99991408
1512133495.05 2500.0 4499.99992268
1512133495.15 2500.0 4499.99993041
1512133495.25 2500.0 4499.99993737
1512133495.35 2500.0 4499.99994363
1512133495.45 2500.0 4499.99994927
1512133495.55 2500.0 4499.99995434
1512133495.65 2500.0 4499.99995891
1512133495.75 2500.0 4499.99996302
1512133495.85 2500.0 4499.99996671
1512133495.95 2500.0 4499.99997004
1512133496.05 2500.0 4499.99997304
1512133496.15 2500.0 4499.99997573
1512133496.25 2500.0 4499.99997816
1512133496.35 2500.0 4499.99998035
1512133496.45 2500.0 4499.99998231
1512133496.55 2500.0 4499.99998408
1512133496.65 2500.0 4499.99998567
1512133496.75 2500.0 4499.9999871
1512133496.85 2500.0 4499.99998839
1512133496.96 2500.0 4499.99998955
1512133497.05 2500.0 4499.9999906
1512133497.15 2500.0 4499.99999154
1512133497.25 2500.0 4499.99999239
1512133497.35 2500.0 4499.99999315
1512133497.45 2500.0 4499.99999383
1512133497.56 2500.0 4499.99999445
1512133497.65 2500.0 4499.999995
1512133497.75 2500.0 4499.9999955
1512133497.86 2500.0 4499.99999595
1512133497.96 2500.0 4499.99999636
1512133498.05 2500.0 4499.99999672
1512133498.15 2500.0 4499.99999705
1512133498.25 2500.0 4499.99999734
1512133498.35 2500.0 4499.99999761
1512133498.45 2500.0 4499.99999785
1512133498.55 2500.0 4499.99999806
1512133498.65 2500.0 4499.99999826
1512133498.76 2500.0 4499.99999843
1512133498.85 2500.0 4499.99999859
1512133498.95 2500.0 4499.99999873
1512133499.05 2500.0 4499.99999886
1512133499.15 2500.0 4499.99999897
1512133499.25 2500.0 4499.99999907
1512133499.35 2500.0 4499.99999917
1512133499.46 2500.0 4499.99999925
1512133499.55 2500.0 4499.99999933
1512133499.68 2500.0 4499.99999939
1512133499.75 2500.0 4499.99999945
1512133499.85 2500.0 4499.99999951
1512133499.95 2500.0 4499.99999956
1512133500.06 2500.0 4499.9999996
1512133500.16 2500.0 4499.99999964
1512133500.26 2500.0 4499.99999968
1512133500.36 2500.0 4499.99999971
1512133500.46 2500.0 4499.99999974
1512133500.56 2500.0 4499.99999976
1512133500.66 2500.0 4499.99999979
1512133500.76 2500.0 4499.99999981
1512133500.86 2500.0 4499.99999983
1512133500.96 2500.0 4499.99999985
1512133501.06 2475.0 4499.99999986
1512133501.16 2475.5 4499.99999987
1512133501.26 2475.99 4499.99999989
1512133501.36 2451.4702 4499.9999999
1512133501.46 2452.440796 4499.99999991
1512133501.56 2453.39198008 4499.99999992
1512133501.66 2429.32414048 4499.99999993
1512133501.76 2430.73765767 4499.99999993
1512133501.86 2432.12290452 4499.99999994
1512133501.96 2408.48044643 4499.99999995
1512133502.06 2410.3108375 4499.99999995
1512133502.17 2412.10462075 4499.99999996
1512133502.26 2413.86252833 4499.99999996
1512133502.36 2390.58527777 4499.99999996
1512133502.46 2392.77357221 4499.99999997
1512133502.56 2394.91810077 4499.99999997
1512133502.67 2372.01973875 4499.99999997
1512133502.76 2374.57934398 4499.99999998
1512133502.86 2377.0877571 4499.99999998
1512133502.96 2354.54600195 4499.99999998
1512133503.06 2357.45508191 4499.99999998
1512133503.16 2360.30598028 4499.99999998
1512133503.26 2338.09986067 4499.99999999
1512133503.37 2341.33786346 4499.99999999
1512133503.46 2344.51110619 4499.99999999
1512133503.57 2322.62088406 4499.99999999
1512133503.67 2326.16846638 4499.99999999
1512133503.77 2329.64509706 4499.99999999
1512133503.86 2333.05219511 4499.99999999
1512133503.97 2336.39115121 4499.99999999
1512133504.07 2339.66332819 4499.99999999
1512133504.17 2342.87006162 4499.99999999
1512133504.27 2346.01266039 4500.0
1512133504.37 2349.09240718 4500.0
1512133504.46 2352.11055904 4500.0
1512133504.57 2355.06834786 4500.0
1512133504.66 2357.9669809 4500.0
1512133504.77 2360.80764128 4500.0
1512133504.87 2363.59148846 4500.0
1512133504.96 2366.31965869 4500.0
1512133505.06 2368.99326552 4500.0
1512133505.16 2371.61340021 4500.0
1512133505.27 2374.1811322 4500.0
1512133505.37 2376.69750956 4500.0
1512133505.48 2379.16355937 4500.0
1512133505.56 2381.58028818 4500.0
1512133505.67 2383.94868242 4500.0
1512133505.77 2386.26970877 4500.0
1512133505.87 2388.54431459 4500.0
1512133505.97 2390.7734283 4500.0
1512133506.07 2392.95795973 4500.0
1512133506.17 2395.09880054 4500.0
1512133506.27 2397.19682453 4500.0
1512133506.37 2399.25288804 4500.0
1512133506.47 2401.26783028 4500.0
1512133506.56 2403.24247367 4500.0
1512133506.66 2405.1776242 4500.0
1512133506.77 2407.07407171 4500.0
1512133506.87 2408.93259028 4500.0
1512133506.97 2410.75393847 4500.0
1512133507.06 2412.5388597 4500.0
1512133507.17 2414.28808251 4500.0
1512133507.27 2416.00232086 4500.0
1512133507.37 2417.68227444 4500.0
1512133507.47 2419.32862895 4500.0
1512133507.57 2420.94205638 4500.0
1512133507.68 2422.52321525 4500.0
1512133507.77 2424.07275094 4500.0
1512133507.87 2425.59129592 4500.0
1512133507.97 2427.07947001 4500.0
1512133508.07 2428.53788061 4500.0
1512133508.17 2429.96712299 4500.0
1512133508.27 2431.36778053 4500.0
1512133508.37 2432.74042492 4500.0
1512133508.47 2434.08561642 4500.0
1512133508.58 2435.4039041 4500.0
1512133508.67 2436.69582601 4500.0
1512133508.77 2437.96190949 4500.0
1512133508.88 2439.2026713 4500.0
1512133508.97 2440.41861788 4500.0
1512133509.07 2441.61024552 4500.0
1512133509.17 2442.77804061 4500.0
1512133509.27 2443.9224798 4500.0
1512133509.37 2445.0440302 4500.0
1512133509.47 2446.1431496 4500.0
1512133509.57 2447.22028661 4500.0
1512133509.67 2448.27588087 4500.0
1512133509.78 2449.31036326 4500.0
1512133509.87 2450.32415599 4500.0
1512133509.97 2451.31767287 4500.0
1512133510.07 2452.29131941 4500.0
1512133510.17 2453.24549303 4500.0
1512133510.27 2454.18058316 4500.0
1512133510.37 2455.0969715 4500.0
1512133510.48 2455.99503207 4500.0
1512133510.57 2456.87513143 4500.0
1512133510.68 2457.7376288 4500.0
1512133510.78 2458.58287623 4500.0
1512133510.87 2459.4112187 4500.0
1512133510.97 2460.22299433 4500.0
1512133511.07 2461.01853444 4500.0
1512133511.18 2461.79816375 4500.0
1512133511.27 2462.56220048 4500.0
1512133511.38 2463.31095647 4500.0
1512133511.48 2464.04473734 4500.0
1512133511.57 2464.76384259 4500.0
1512133511.67 2465.46856574 4500.0
1512133511.77 2466.15919442 4500.0
1512133511.88 2466.83601054 4500.0
1512133511.98 2467.49929033 4500.0
1512133512.07 2468.14930452 4500.0
1512133512.18 2468.78631843 4500.0
1512133512.27 2469.41059206 4500.0
1512133512.38 2470.02238022 4500.0
1512133512.48 2470.62193261 4500.0
1512133512.58 2471.20949396 4500.0
1512133512.68 2471.78530408 4500.0
1512133512.78 2472.349598 4500.0
1512133512.88 2472.90260604 4500.0
1512133512.98 2473.44455392 4500.0
1512133513.08 2473.97566284 4500.0
1512133513.18 2474.49614958 4500.0
1512133513.28 2475.00622659 4500.0
1512133513.38 2475.50610206 4500.0
1512133513.47 2475.99598002 4500.0
1512133513.58 2476.47606042 4500.0
1512133513.68 2476.94653921 4500.0
1512133513.78 2477.40760843 4500.0
1512133513.88 2477.85945626 4500.0
1512133513.98 2478.30226713 4500.0
1512133514.08 2478.73622179 4500.0
1512133514.18 2479.16149735 4500.0
1512133514.28 2479.57826741 4500.0
1512133514.38 2479.98670206 4500.0
1512133514.48 2480.38696802 4500.0
1512133514.58 2480.77922866 4500.0
1512133514.68 2481.16364408 4500.0
1512133514.79 2481.5403712 4500.0
1512133514.88 2481.90956378 4500.0
1512133514.98 2482.2713725 4500.0
1512133515.08 2482.62594505 4500.0
1512133515.18 2482.97342615 4500.0
1512133515.28 2483.31395763 4500.0
1512133515.38 2483.64767848 4500.0
1512133515.48 2483.97472491 4500.0
1512133515.58 2484.29523041 4500.0
1512133515.68 2484.6093258 4500.0
1512133515.78 2484.91713928 4500.0
1512133515.88 2485.2187965 4500.0
1512133515.98 2485.51442057 4500.0
1512133516.08 2485.80413216 4500.0
1512133516.18 2486.08804951 4500.0
1512133516.29 2486.36628852 4500.0
1512133516.38 2486.63896275 4500.0
1512133516.48 2486.9061835 4500.0
1512133516.59 2487.16805983 4500.0
1512133516.69 2487.42469863 4500.0
1512133516.79 2487.67620466 4500.0
1512133516.88 2487.92268057 4500.0
1512133516.98 2488.16422696 4500.0
1512133517.09 2488.40094242 4500.0
1512133517.19 2488.63292357 4500.0
1512133517.29 2488.8602651 4500.0
1512133517.39 2489.08305979 4500.0
1512133517.48 2489.3013986 4500.0
1512133517.59 2489.51537063 4500.0
1512133517.68 2489.72506321 4500.0
1512133517.79 2489.93056195 4500.0
1512133517.88 2490.13195071 4500.0
1512133517.99 2490.3293117 4500.0
1512133518.09 2490.52272546 4500.0
1512133518.19 2490.71227095 4500.0
1512133518.3 2490.89802553 4500.0
1512133518.39 2491.08006502 4500.0
1512133518.49 2491.25846372 4500.0
1512133518.59 2491.43329445 4500.0
1512133518.69 2491.60462856 4500.0
1512133518.8 2491.77253599 4500.0
1512133518.89 2491.93708527 4500.0
1512133518.99 2492.09834356 4500.0
1512133519.09 2492.25637669 4500.0
1512133519.19 2492.41124916 4500.0
1512133519.3 2492.56302418 4500.0
1512133519.39 2492.71176369 4500.0
1512133519.5 2492.85752842 4500.0
1512133519.6 2509.66704452 4500.0
1512133519.7 2526.14037029 4500.0
1512133519.81 2542.28422955 4500.0
1512133519.91 2558.10521163 4500.0
1512133520.02 2573.60977406 4500.0
1512133520.12 2588.80424525 4500.0
1512133520.21 2603.69482701 4500.0
1512133520.31 2618.28759714 4500.0
1512133520.41 2632.58851186 4500.0
1512133520.51 2646.60340829 4500.0
1512133520.61 2660.33800679 4500.0
1512133520.71 2673.79791332 4500.0
1512133520.82 2686.98862172 4500.0
1512133520.91 2699.91551595 4500.0
1512133521.01 2712.5838723 4500.0
1512133521.11 2724.99886152 4500.0
1512133521.22 2737.16555096 4500.0
1512133521.31 2749.08890661 4500.0
1512133521.41 2760.77379514 4500.0
1512133521.51 2772.2249859 4500.0
1512133521.61 2783.44715285 4500.0
1512133521.72 2794.44487646 4500.0
1512133521.81 2805.2226456 4500.0
1512133521.92 2815.78485935 4500.0
1512133522.01 2826.13582883 4500.0
1512133522.12 2836.27977892 4500.0
1512133522.21 2846.22085001 4500.0
1512133522.31 2855.96309968 4500.0
1512133522.42 2865.51050435 4500.0
1512133522.51 2874.86696093 4500.0
1512133522.61 2884.03628838 4500.0
1512133522.71 2893.02222928 4500.0
1512133522.81 2901.82845136 4500.0
1512133522.92 2910.458549 4500.0
1512133523.01 2918.91604469 4500.0
1512133523.11 2927.20439046 4500.0
1512133523.22 2935.32696932 4500.0
1512133523.31 2943.2870966 4500.0
1512133523.42 2951.08802133 4500.0
1512133523.52 2958.73292757 4500.0
1512133523.62 2966.22493569 4500.0
1512133523.72 2973.56710364 4500.0
1512133523.81 2980.76242823 4500.0
1512133523.92 2987.81384634 4500.0
1512133524.01 2994.72423608 4500.0
1512133524.12 3001.49641802 4500.0
1512133524.22 3008.13315633 4500.0
1512133524.33 3014.63715987 4500.0
1512133524.43 3021.01108334 4500.0
1512133524.52 3027.25752834 4500.0
1512133524.62 3033.37904444 4500.0
1512133524.72 3039.37813021 4500.0
1512133524.83 3045.25723428 4500.0
1512133524.93 3051.01875626 4500.0
1512133525.02 3056.6650478 4500.0
1512133525.13 3062.19841351 4500.0
1512133525.23 3067.62111191 4500.0
1512133525.33 3072.93535633 4500.0
1512133525.42 3078.14331587 4500.0
1512133525.53 3083.24711622 4500.0
1512133525.63 3088.24884057 4500.0
1512133525.72 3093.15053042 4500.0
1512133525.82 3097.95418648 4500.0
1512133525.92 3102.66176942 4500.0
1512133526.02 3107.2752007 4500.0
1512133526.12 3111.79636335 4500.0
1512133526.23 3116.22710275 4500.0
1512133526.33 3120.56922736 4500.0
1512133526.43 3124.82450948 4500.0
1512133526.53 3128.99468596 4500.0
1512133526.62 3133.0814589 4500.0
1512133526.73 3137.08649639 4500.0
1512133526.82 3141.01143313 4500.0
1512133526.93 3144.85787113 4500.0
1512133527.03 3148.62738038 4500.0
1512133527.12 3152.32149944 4500.0
1512133527.23 3155.94173612 4500.0
1512133527.34 3159.48956806 4500.0
1512133527.44 3162.96644337 4500.0
1512133527.53 3166.37378117 4500.0
1512133527.64 3169.71297221 4500.0
1512133527.73 3172.98537943 4500.0
1512133527.83 3176.19233851 4500.0
1512133527.94 3179.33515841 4500.0
1512133528.03 3182.4151219 4500.0
1512133528.13 3185.43348613 4500.0
1512133528.23 3188.39148308 4500.0
1512133528.32 3191.29032008 4500.0
1512133528.42 3194.13118035 4500.0
1512133528.54 3196.91522341 4500.0
1512133528.63 3199.64358561 4500.0
1512133528.74 3202.31738056 4500.0
1512133528.83 3204.93769962 4500.0
1512133528.93 3207.50561229 4500.0
1512133529.04 3210.02216671 4500.0
1512133529.13 3212.48839004 4500.0
1512133529.24 3214.90528891 4500.0
1512133529.34 3217.2738498 4500.0
1512133529.44 3219.59503947 4500.0
1512133529.54 3230.20313868 4500.0
1512133529.63 3240.5990759 4500.0
1512133529.74 3250.78709439 4500.0
1512133529.85 3260.7713525 4500.0
1512133529.93 3262.22259212 4500.0
1512133530.03 3263.64480694 4500.0
1512133530.13 3273.3719108 4500.0
1512133530.24 3282.90447259 4500.0
1512133530.34 3292.24638313 4500.0
1512133530.43 3301.40145547 4500.0
1512133530.53 3310.37342636 4500.0
1512133530.64 3319.16595783 4500.0
1512133530.73 3327.78263868 4500.0
1512133530.83 3336.2269859 4500.0
1512133530.94 3344.50244619 4500.0
1512133531.03 3352.61239726 4500.0
1512133531.13 3360.56014932 4500.0
1512133531.24 3368.34894633 4500.0
1512133531.35 3375.9819674 4500.0
1512133531.45 3383.46232806 4500.0
1512133531.54 3390.79308149 4500.0
1512133531.65 3397.97721986 4500.0
1512133531.75 3405.01767547 4500.0
1512133531.85 3411.91732196 4500.0
1512133531.96 3418.67897552 4500.0
1512133532.05 3425.30539601 4500.0
1512133532.14 3431.79928809 4500.0
1512133532.24 3438.16330233 4500.0
1512133532.35 3444.40003628 4500.0
1512133532.45 3450.51203555 4500.0
1512133532.54 3456.50179484 4500.0
1512133532.65 3462.37175895 4500.0
1512133532.76 3468.12432377 4500.0
1512133532.85 3473.76183729 4500.0
1512133532.94 3479.28660055 4500.0
1512133533.05 3484.70086854 4500.0
1512133533.14 3490.00685116 4500.0
1512133533.24 3495.20671414 4500.0
1512133533.36 3500.30257986 4500.0
1512133533.46 3505.29652826 4500.0
1512133533.56 3510.1905977 4500.0
1512133533.66 3514.98678574 4500.0
1512133533.75 3519.68705003 4500.0
1512133533.85 3524.29330903 4500.0
1512133533.95 3528.80744285 4500.0
1512133534.05 3533.23129399 4500.0
1512133534.15 3537.56666811 4500.0
1512133534.25 3541.81533475 4500.0
1512133534.35 3545.97902805 4500.0
1512133534.45 3550.05944749 4500.0
1512133534.55 3554.05825854 4500.0
1512133534.65 3557.97709337 4500.0
1512133534.76 3561.8175515 4500.0
1512133534.86 3565.58120047 4500.0
1512133534.96 3569.26957646 4500.0
1512133535.06 3572.88418493 4500.0
1512133535.15 3576.42650124 4500.0
1512133535.26 3579.89797121 4500.0
1512133535.35 3583.30001179 4500.0
1512133535.46 3586.63401155 4500.0
1512133535.56 3589.90133132 4500.0
1512133535.66 3593.10330469 4500.0
1512133535.76 3596.2412386 4500.0
1512133535.85 3599.31641383 4500.0
1512133535.97 3602.33008555 4500.0
1512133536.06 3605.28348384 4500.0
1512133536.16 3608.17781416 4500.0
1512133536.26 3611.01425788 4500.0
1512133536.36 3613.79397272 4500.0
1512133536.47 3616.51809327 4500.0
1512133536.56 3619.1877314 4500.0
1512133536.66 3621.80397677 4500.0
1512133536.77 3624.36789724 4500.0
1512133536.86 3611.88053929 4412.43678972
1512133536.97 3599.64292851 4332.38116468
1512133537.06 3587.65006994 4259.10734106
1512133537.16 3575.89706854 4191.96161395
1512133537.26 3564.37912717 4130.35515941
1512133537.36 3553.09154463 4073.75755619
1512133537.46 3515.36304707 4021.69095503
1512133537.58 3505.05578613 3971.05816423
1512133537.67 3494.9546704 3924.45792642
1512133537.77 3485.05557699 3881.50760082
1512133537.86 3475.35446545 3841.86239844
1512133537.96 3465.84737615 3805.21160514
1512133538.06 3456.53042862 3771.27518224
1512133538.15 3447.39982005 3739.80070688
1512133538.26 3438.45182365 3710.5606182
1512133538.36 3429.68278718 3683.34973874
1512133538.47 3421.08913143 3657.98304358
1512133538.56 3412.6673488 3634.29365237
1512133538.66 3404.41400183 3612.13102201
1512133538.76 3396.32572179 3591.35931999
1512133538.86 3388.39920736 3571.85596017
1512133538.97 3380.63122321 3553.51028489
1512133539.08 3373.01859874 3536.22237872
1512133539.17 3365.55822677 3519.90200073
1512133539.27 3358.24706223 3504.46762333
1512133539.37 3351.08212099 3489.84556722
1512133539.47 3344.06047857 3475.9692226
1512133539.58 3337.179269 3462.77834819
1512133539.68 3330.43568362 3450.21844027
1512133539.78 3323.82696995 3438.24016461
1512133539.89 3317.35043055 3426.79884514
1512133539.98 3311.00342194 3415.85400368
1512133540.07 3304.7833535 3405.36894551
1512133540.17 3298.68768643 3395.31038631
1512133540.27 3292.7139327 3385.64811632
1512133540.38 3286.85965404 3376.35469796
1512133540.48 3281.12246096 3367.40519357
1512133540.57 3275.50001174 3358.77692031
1512133540.67 3269.99001151 3350.44922945
1512133540.78 3264.59021128 3342.40330766
1512133540.88 3259.29840705 3334.62199802
1512133540.98 3254.11243891 3327.08963892
1512133541.08 3249.03019013 3319.79191892
1512133541.17 3244.04958633 3312.71574604
1512133541.28 3239.16859461 3305.84913007
1512133541.38 3234.38522271 3299.18107652
1512133541.47 3229.69751826 3292.70149114
1512133541.58 3225.10356789 3286.40109385
1512133541.67 3220.60149654 3280.27134126
1512133541.79 3216.18946661 3274.30435679
1512133541.88 3211.86567727 3268.49286777
1512133541.98 3207.62836373 3262.83014872
1512133542.08 3203.47579645 3257.30997022
1512133542.18 3199.40628052 3251.92655284
1512133542.28 3195.41815491 3246.67452561
1512133542.39 3191.50979182 3241.54888854
1512133542.48 3187.67959598 3236.54497887
1512133542.58 3183.92600406 3231.65844058
1512133542.68 3180.24748398 3226.88519693
1512133542.78 3176.6425343 3222.22142563
1512133542.89 3173.10968361 3217.6635365
1512133542.98 3169.64748994 3213.20815121
1512133543.08 3166.25454014 3208.85208508
1512133543.18 3162.92944934 3204.59233059
1512133543.28 3159.67086035 3200.42604246
1512133543.38 3156.47744314 3196.35052425
1512133543.48 3153.34789428 3192.36321614
1512133543.58 3150.2809364 3188.46168396
1512133543.69 3147.27531767 3184.6436092
1512133543.79 3144.32981132 3180.90678005
1512133543.89 3141.44321509 3177.24908317
1512133543.98 3138.61435079 3173.66849637
1512133544.09 3135.84206377 3170.16308181
1512133544.18 3133.1252225 3166.73098
1512133544.29 3130.46271805 3163.37040425
1512133544.39 3127.85346368 3160.07963563
1512133544.48 3125.29639441 3156.85701844
1512133544.58 3122.79046652 3153.70095603
1512133544.68 3120.33465719 3150.60990708
1512133544.79 3117.92796405 3147.58238209
1512133544.89 3115.56940477 3144.61694029
1512133544.99 3113.25801667 3141.71218674
1512133545.09 3110.99285634 3138.86676973
1512133545.18 3108.77299921 3136.07937839
1512133545.28 3106.59753923 3133.34874047
1512133545.39 3104.46558844 3130.67362035
1512133545.5 3102.37627667 3128.05281716
1512133545.59 3100.32875114 3125.48516311
1512133545.69 3098.32217612 3122.96952191
1512133545.79 3111.3557326 3120.50478733
1512133545.89 3124.12861794 3119.58988186
1512133545.99 3136.64604559 3120.04375547
1512133546.09 3148.91312467 3121.70398448
1512133546.19 3160.93486218 3124.4248985
1512133546.29 3172.71616494 3128.07589487
1512133546.39 3184.26184164 3132.53992187
1512133546.49 3195.5766048 3137.71211385
1512133546.58 3206.66507271 3143.49856295
1512133546.7 3217.53177125 3149.81521392
1512133546.79 3228.18113583 3284.83369253
1512133546.91 3223.61751311 3406.35032328
1512133547.0 3234.14516285 3515.71529095
1512133547.09 3244.46225959 3614.14376185
1512133547.2 3254.5730144 3702.72938567
1512133547.3 3264.48155411 3782.4564471
1512133547.4 3274.19192303 3854.21080239
1512133547.51 3283.70808457 3918.78972215
1512133547.62 3293.03392288 3976.91074994
1512133547.7 3302.17324442 4029.21967494
1512133547.81 3311.12977953 4076.29770745
1512133547.91 3319.90718394 4118.6679367
1512133548.0 3328.50904026 4156.80114303
1512133548.1 3336.93885946 4191.12102873
1512133548.19 3345.20008227 4222.00892586
1512133548.29 3353.29608062 4249.80803327
1512133548.4 3361.23015901 4274.82722994
1512133548.5 3369.00555583 4297.34450695
1512133548.61 3376.62544471 4317.61005626
1512133548.71 3384.09293582 4335.84905063
1512133548.8 3391.4110771 4352.26414557
1512133548.91 3398.58285556 4367.03773101
1512133549.01 3405.61119845 4380.33395791
1512133549.1 3412.49897448 4392.30056212
1512133549.21 3419.24899499 4403.07050591
1512133549.31 3425.86401509 4412.76345532
1512133549.41 3432.34673479 4421.48710978
1512133549.52 3438.69980009 4429.33839881
1512133549.6 3444.92580409 4436.40455893
1512133549.7 3451.02728801 4442.76410303
1512133549.81 3457.00674225 4448.48769273
1512133549.91 3462.86660741 4453.63892346
1512133550.01 3468.60927526 4458.27503111
1512133550.11 3474.23708975 4462.447528
1512133550.21 3479.75234796 4466.2027752
1512133550.31 3485.157301 4469.58249768
1512133550.42 3490.45415498 4472.62424791
1512133550.51 3495.64507188 4475.36182312
1512133550.61 3500.73217044 4477.82564081
1512133550.72 3505.71752703 4480.04307673
1512133550.82 3510.60317649 4482.03876905
1512133550.91 3515.39111296 4483.83489215
1512133551.01 3520.0832907 4485.45140293
1512133551.11 3524.68162489 4486.90626264
1512133551.21 3529.18799239 4488.21563638
1512133551.31 3533.60423254 4489.39407274
1512133551.41 3537.93214789 4490.45466547
1512133551.52 3542.17350493 4491.40919892
1512133551.62 3546.33003484 4492.26827903
1512133551.71 3550.40343414 4493.04145112
1512133551.81 3554.39536546 4493.73730601
1512133551.92 3558.30745815 4494.36357541
1512133552.01 3562.14130898 4494.92721787
1512133552.11 3565.8984828 4495.43449608
1512133552.21 3569.58051315 4495.89104647
1512133552.31 3573.18890289 4496.30194183
1512133552.41 3576.72512483 4496.67174764
1512133552.52 3580.19062233 4497.00457288
1512133552.62 3583.58680988 4497.30411559
1512133552.72 3586.91507369 4497.57370403
1512133552.82 3590.17677221 4497.81633363
1512133552.91 3593.37323677 4498.03470027
1512133553.02 3596.50577203 4498.23123024
1512133553.12 3599.57565659 4498.40810722
1512133553.22 3602.58414346 4498.56729649
1512133553.32 3605.53246059 4498.71056684
1512133553.42 3608.42181138 4498.83951016
1512133553.53 3611.25337515 4498.95555914
1512133553.62 3614.02830765 4499.06000323
1512133553.71 3616.7477415 4499.15400291
1512133553.82 3619.41278667 4499.23860262
1512133553.92 3622.02453093 4499.31474235
1512133554.05 3624.58404031 4499.38326812
1512133554.13 3627.09235951 4499.44494131
1512133554.22 3629.55051232 4499.50044718
1512133554.32 3631.95950207 4499.55040246
1512133554.42 3634.32031203 4499.59536221
1512133554.52 3636.63390579 4499.63582599
1512133554.62 3638.90122767 4499.67224339
1512133554.72 3641.12320312 4499.70501905
1512133554.83 3643.30073906 4499.73451715
1512133554.92 3645.43472428 4499.76106543
1512133555.02 3647.52602979 4499.78495889
1512133555.13 3649.5755092 4499.806463
1512133555.22 3651.58399901 4499.8258167
1512133555.33 3653.55231903 4499.84323503
1512133555.44 3655.48127265 4499.85891153
1512133555.53 3657.3716472 4499.87302037
1512133555.63 3659.22421425 4499.88571834
1512133555.72 3661.03972997 4499.8971465
1512133555.83 3662.81893537 4499.90743185
1512133555.93 3664.56255666 4499.91668867
1512133556.03 3666.27130553 4499.9250198
1512133556.13 3667.94587942 4499.93251782
1512133556.23 3669.58696183 4499.93926604
1512133556.33 3671.19522259 4499.94533944
1512133556.43 3672.77131814 4499.95080549
1512133556.52 3674.31589178 4499.95572494
1512133556.63 3675.82957394 4499.96015245
1512133556.72 3677.31298246 4499.9641372
1512133556.82 3678.76672281 4499.96772348
1512133556.94 3680.19138836 4499.97095113
1512133557.03 3681.58756059 4499.97385602
1512133557.13 3682.95580938 4499.97647042
1512133557.24 3684.29669319 4499.97882338
1512133557.33 3685.61075933 4499.98094104
1512133557.43 3686.89854414 4499.98284694
1512133557.54 3688.16057326 4499.98456224
1512133557.64 3689.39736179 4499.98610602
1512133557.74 3690.60941456 4499.98749542
1512133557.83 3691.79722627 4499.98874587
1512133557.94 3692.96128174 4499.98987129
1512133558.04 3694.10205611 4499.99088416
1512133558.14 3695.22001498 4499.99179574
1512133558.25 3696.31561468 4499.99261617
1512133558.34 3697.38930239 4499.99335455
1512133558.44 3698.44151634 4499.9940191
1512133558.54 3699.47268602 4499.99461719
1512133558.65 3700.4832323 4499.99515547
1512133558.74 3701.47356765 4499.99563992
1512133558.85 3702.4440963 4499.99607593
1512133558.95 3703.39521437 4499.99646834
1512133559.04 3704.32731008 4499.9968215
1512133559.15 3705.24076388 4499.99713935
1512133559.24 3706.1359486 4499.99742542
1512133559.35 3707.01322963 4499.99768288
1512133559.45 3707.87296504 4499.99791459
1512133559.54 3708.71550574 4499.99812313
1512133559.64 3709.54119562 4499.99831082
1512133559.75 3710.35037171 4499.99847973
1512133559.85 3711.14336428 4499.99863176
1512133559.94 3711.92049699 4499.99876858
1512133560.06 3712.68208705 4499.99889173
1512133560.16 3713.42844531 4499.99900255
1512133560.26 3714.1598764 4499.9991023
1512133560.34 3714.87667888 4499.99919207
1512133560.46 3715.5791453 4499.99927286
1512133560.55 3716.26756239 4499.99934558
1512133560.65 3716.94221115 4499.99941102
1512133560.75 3717.60336692 4499.99946992
1512133560.85 3718.25129958 4499.99952292
1512133560.95 3718.88627359 4499.99957063
1512133561.07 3719.50854812 4499.99961357
1512133561.15 3720.11837716 4499.99965221
1512133561.25 3720.71600961 4499.99968699
1512133561.35 3721.30168942 4499.99971829
1512133561.45 3721.87565563 4499.99974646
1512133561.55 3722.43814252 4499.99977182
1512133561.65 3722.98937967 4499.99979463
1512133561.75 3723.52959208 4499.99981517
1512133561.85 3724.05900024 4499.99983365
1512133561.96 3724.57782023 4499.99985029
1512133562.05 3725.08626383 4499.99986526
1512133562.15 3725.58453855 4499.99987873
1512133562.25 3726.07284778 4499.99989086
1512133562.34 3726.55139082 4499.99990177
1512133562.45 3727.02036301 4499.9999116
1512133562.55 3727.47995575 4499.99992044
1512133562.65 3727.93035663 4499.99992839
1512133562.76 3728.3717495 4499.99993555
1512133562.86 3728.80431451 4499.999942
1512133562.96 3729.22822822 4499.9999478
1512133563.06 3729.64366365 4499.99995302
1512133563.16 3730.05079038 4499.99995772
1512133563.25 3730.44977457 4499.99996195
1512133563.35 3730.84077908 4499.99996575
1512133563.45 3731.2239635 4499.99996918
1512133563.56 3731.59948423 4499.99997226
1512133563.66 3731.96749455 4499.99997503
1512133563.76 3732.32814466 4499.99997753
1512133563.87 3732.68158176 4499.99997978
1512133563.96 3733.02795013 4499.9999818
1512133564.06 3733.36739112 4499.99998362
1512133564.17 3733.7000433 4499.99998526
1512133564.27 3734.02604244 4499.99998673
1512133564.37 3734.34552159 4499.99998806
1512133564.48 3734.65861116 4499.99998925
1512133564.57 3734.96543893 4499.99999033
1512133564.67 3735.26613015 4499.99999129
1512133564.78 3735.56080755 4499.99999216
1512133564.86 3735.8495914 4499.99999295
1512133564.96 3736.13259957 4499.99999365
1512133565.06 3736.40994758 4499.99999429
1512133565.17 3736.68174863 4499.99999486
1512133565.27 3736.94811366 4499.99999537
1512133565.38 3737.20915138 4499.99999584
1512133565.47 3737.46496836 4499.99999625
1512133565.57 3737.71566899 4499.99999663
1512133565.67 3737.96135561 4499.99999696
1512133565.77 3738.2021285 4499.99999727
1512133565.87 3738.43808593 4499.99999754
1512133565.97 3738.66932421 4499.99999779
1512133566.07 3738.89593772 4499.99999801
1512133566.17 3739.11801897 4499.99999821
1512133566.28 3739.33565859 4499.99999839
1512133566.37 3739.54894542 4499.99999855
1512133566.47 3739.75796651 4499.99999869
1512133566.58 3739.96280718 4499.99999882
1512133566.68 3740.16355104 4499.99999894
1512133566.79 3740.36028002 4499.99999905
1512133566.88 3740.55307441 4499.99999914
1512133566.97 3740.74201293 4499.99999923
1512133567.07 3740.92717267 4499.99999931
1512133567.17 3741.10862921 4499.99999938
1512133567.26 3741.28645663 4499.99999944
1512133567.37 3741.4607275 4499.99999949
1512133567.49 3741.63151295 4499.99999954
1512133567.58 3741.79888269 4499.99999959
1512133567.67 3741.96290503 4499.99999963
1512133567.77 3742.12364693 4499.99999967
1512133567.87 3742.281174 4499.9999997
1512133567.97 3742.43555052 4499.99999973
1512133568.07 3742.58683951 4499.99999976
1512133568.17 3742.73510272 4499.99999978
1512133568.28 3742.88040066 4499.9999998
1512133568.37 3743.02279265 4499.99999982
1512133568.47 3743.16233679 4499.99999984
1512133568.57 3743.29909006 4499.99999986
1512133568.67 3743.43310826 4499.99999987
1512133568.77 3743.56444609 4499.99999988
1512133568.87 3743.69315717 4499.9999999
1512133568.98 3743.81929403 4499.99999991
1512133569.07 3743.94290815 4499.99999992
1512133569.17 3744.06404998 4499.99999992
1512133569.27 3744.18276898 4499.99999993
1512133569.38 3744.2991136 4499.99999994
1512133569.47 3744.41313133 4499.99999994
1512133569.58 3744.52486871 4499.99999995
1512133569.66 3744.63437133 4499.99999996
1512133569.77 3744.7416839 4499.99999996
1512133569.88 3744.84685023 4499.99999996
1512133569.98 3744.94991322 4499.99999997
1512133570.08 3745.05091496 4499.99999997
1512133570.18 3745.14989666 4499.99999997
1512133570.27 3745.24689873 4499.99999998
1512133570.37 3745.34196075 4499.99999998
1512133570.48 3745.43512154 4499.99999998
1512133570.57 3745.52641911 4499.99999998
1512133570.67 3745.61589072 4499.99999998
1512133570.78 3745.70357291 4499.99999999
1512133570.89 3745.78950145 4499.99999999
1512133570.97 3745.87371142 4499.99999999
1512133571.07 3745.95623719 4499.99999999
1512133571.18 3746.03711245 4499.99999999
1512133571.27 3746.1163702 4499.99999999
1512133571.38 3746.1940428 4499.99999999
1512133571.48 3746.27016194 4499.99999999
1512133571.58 3746.3447587 4499.99999999
1512133571.68 3746.41786353 4499.99999999
1512133571.78 3746.48950626 4500.0
1512133571.88 3746.55971613 4500.0
1512133571.99 3746.62852181 4500.0
1512133572.07 3746.69595137 4500.0
1512133572.18 3746.76203235 4500.0
1512133572.28 3746.8267917 4500.0
1512133572.39 3746.89025586 4500.0
1512133572.48 3746.95245075 4500.0
1512133572.59 3747.01340173 4500.0
1512133572.68 3747.0731337 4500.0
1512133572.78 3747.13167102 4500.0
1512133572.88 3747.1890376 4500.0
1512133572.98 3747.24525685 4500.0
1512133573.08 3747.30035171 4500.0
1512133573.19 3747.35434468 4500.0
1512133573.29 3747.40725779 4500.0
1512133573.38 3747.45911263 4500.0
1512133573.48 3747.50993038 4500.0
1512133573.59 3747.55973177 4500.0
1512133573.69 3747.60853714 4500.0
1512133573.79 3747.65636639 4500.0
1512133573.88 3747.70323906 4500.0
1512133573.97 3747.74917428 4500.0
1512133574.09 3747.7941908 4500.0
1512133574.19 3747.83830698 4500.0
1512133574.29 3747.88154084 4500.0
1512133574.39 3747.92391003 4500.0
1512133574.49 3747.96543182 4500.0
1512133574.59 3748.00612319 4500.0
1512133574.69 3748.04600072 4500.0
1512133574.79 3748.08508071 4500.0
1512133574.89 3748.1233791 4500.0
1512133575.0 3748.16091151 4500.0
1512133575.1 3748.19769328 4500.0
1512133575.19 3748.23373942 4500.0
1512133575.3 3748.26906463 4500.0
1512133575.4 3748.30368334 4500.0
1512133575.49 3748.33760967 4500.0
1512133575.58 3748.37085748 4500.0
1512133575.7 3748.40344033 4500.0
1512133575.81 3748.43537152 4500.0
1512133575.89 3748.46666409 4500.0
1512133575.99 3748.49733081 4500.0
1512133576.09 3748.52738419 4500.0
1512133576.19 3748.55683651 4500.0
1512133576.29 3748.58569978 4500.0
1512133576.39 3748.61398578 4500.0
1512133576.49 3748.64170607 4500.0
1512133576.59 3748.66887195 4500.0
1512133576.69 3748.69549451 4500.0
1512133576.8 3748.72158462 4500.0
1512133576.89 3748.74715292 4500.0
1512133576.99 3748.77220987 4500.0
1512133577.08 3748.79676567 4500.0
1512133577.2 3748.82083036 4500.0
1512133577.29 3748.84441375 4500.0
1512133577.39 3748.86752547 4500.0
1512133577.49 3748.89017496 4500.0
1512133577.6 3748.91237146 4500.0
1512133577.7 3748.93412404 4500.0
1512133577.8 3748.95544155 4500.0
1512133577.9 3748.97633272 4500.0
1512133577.99 3748.99680607 4500.0
1512133578.1 3749.01686995 4500.0
1512133578.2 3749.03653255 4500.0
1512133578.3 3749.0558019 4500.0
1512133578.4 3749.07468586 4500.0
1512133578.5 3749.09319214 4500.0
1512133578.59 3749.1113283 4500.0
1512133578.7 3749.12910173 4500.0
1512133578.8 3749.1465197 4500.0
1512133578.89 3749.1635893 4500.0
1512133579.0 3749.18031752 4500.0
1512133579.1 3749.19671117 4500.0
1512133579.2 3749.21277695 4500.0
1512133579.31 3749.22852141 4500.0
1512133579.39 3749.24395098 4500.0
1512133579.49 3749.25907196 4500.0
1512133579.59 3749.27389052 4500.0
1512133579.69 3749.28841271 4500.0
1512133579.79 3749.30264445 4500.0
1512133579.89 3749.31659157 4500.0
1512133579.99 3749.33025973 4500.0
1512133580.09 3749.34365454 4500.0
1512133580.2 3749.35678145 4500.0
1512133580.29 3749.36964582 4500.0
1512133580.39 3749.3822529 4500.0
1512133580.5 3749.39460785 4500.0
1512133580.59 3749.40671569 4500.0
1512133580.7 3749.41858137 4500.0
1512133580.79 3749.43020975 4500.0
1512133580.89 3749.44160555 4500.0
1512133580.99 3749.45277344 4500.0
1512133581.09 3749.46371797 4500.0
1512133581.19 3749.47444361 4500.0
1512133581.3 3749.48495474 4500.0
1512133581.39 3749.49525565 4500.0
1512133581.5 3749.50535053 4500.0
1512133581.59 3749.51524352 4500.0
1512133581.69 3749.52493865 4500.0
1512133581.8 3749.53443988 4500.0
1512133581.89 3749.54375108 4500.0
1512133581.99 3749.55287606 4500.0
1512133582.09 3749.56181854 4500.0
1512133582.18 3749.57058217 4500.0
1512133582.29 3749.57917052 4500.0
1512133582.38 3749.58758711 4500.0
1512133582.49 3749.59583537 4500.0
1512133582.59 3749.60391866 4500.0
1512133582.71 3749.61184029 4500.0
1512133582.79 3749.61960349 4500.0
1512133582.88 3749.62721142 4500.0
1512133582.99 3749.63466719 4500.0
1512133583.09 3749.64197384 4500.0
1512133583.18 3749.64913437 4500.0
1512133583.29 3749.65615168 4500.0
1512133583.38 3749.66302865 4500.0
1512133583.49 3749.66976807 4500.0
1512133583.59 3749.67637271 4500.0
1512133583.69 3749.68284526 4500.0
1512133583.78 3749.68918835 4500.0
1512133583.89 3749.69540458 4500.0
1512133583.99 3749.70149649 4500.0
1512133584.09 3749.70746656 4500.0
1512133584.18 3749.71331723 4500.0
1512133584.29 3749.71905089 4500.0
1512133584.39 3749.72466987 4500.0
1512133584.49 3749.73017647 4500.0
1512133584.59 3749.73557294 4500.0
1512133584.69 3749.74086148 4500.0
1512133584.79 3749.74604425 4500.0
1512133584.89 3749.75112337 4500.0
1512133584.99 3749.7561009 4500.0
1512133585.1 3749.76097888 4500.0
1512133585.2 3749.76575931 4500.0
1512133585.29 3749.77044412 4500.0
1512133585.39 3749.77503524 4500.0
1512133585.49 3749.77953453 4500.0
1512133585.6 3749.78394384 4500.0
1512133585.69 3749.78826497 4500.0
1512133585.8 3749.79249967 4500.0
1512133585.89 3749.79664967 4500.0
1512133586.0 3749.80071668 4500.0
1512133586.1 3749.80470235 4500.0
1512133586.2 3749.8086083 4500.0
1512133586.3 3749.81243613 4500.0
1512133586.39 3749.81618741 4500.0
1512133586.5 3749.81986366 4500.0
1512133586.6 3749.82346639 4500.0
1512133586.69 3749.82699706 4500.0
1512133586.79 3749.83045712 4500.0
1512133586.9 3749.83384798 4500.0
1512133587.0 3749.83717102 4500.0
1512133587.09 3749.8404276 4500.0
1512133587.19 3749.84361905 4500.0
1512133587.3 3749.84674666 4500.0
1512133587.4 3749.84981173 4500.0
1512133587.5 3749.8528155 4500.0
1512133587.6 3749.85575919 4500.0
1512133587.71 3749.858644 4500.0
1512133587.8 3749.86147112 4500.0
1512133587.9 3749.8642417 4500.0
1512133587.99 3749.86695687 4500.0
1512133588.1 3749.86961773 4500.0
1512133588.2 3749.87222537 4500.0
1512133588.3 3749.87478087 4500.0
1512133588.4 3749.87728525 4500.0
1512133588.49 3749.87973954 4500.0
1512133588.59 3749.88214475 4500.0
1512133588.7 3749.88450186 4500.0
1512133588.79 3749.88681182 4500.0
1512133588.89 3749.88907559 4500.0
1512133589.0 3749.89129407 4500.0
1512133589.09 3749.89346819 4500.0
1512133589.2 3749.89559883 4500.0
1512133589.3 3749.89768685 4500.0
1512133589.41 3749.89973311 4500.0
1512133589.5 3749.90173845 4500.0
1512133589.6 3749.90370368 4500.0
1512133589.7 3749.90562961 4500.0
1512133589.8 3749.90751702 4500.0
1512133589.9 3749.90936668 4500.0
1512133590.0 3749.91117934 4500.0
1512133590.1 3749.91295576 4500.0
1512133590.2 3749.91469664 4500.0
1512133590.31 3749.91640271 4500.0
1512133590.4 3749.91807465 4500.0
1512133590.5 3749.91971316 4500.0
1512133590.6 3749.9213189 4500.0
1512133590.7 3749.92289252 4500.0
1512133590.81 3749.92443467 4500.0
1512133590.91 3749.92594598 4500.0
1512133591.0 3749.92742706 4500.0
1512133591.11 3749.92887852 4500.0
1512133591.21 3749.93030095 4500.0
1512133591.3 3749.93169493 4500.0
1512133591.41 3749.93306103 4500.0
1512133591.51 3749.93439981 4500.0
1512133591.62 3749.93571181 4500.0
1512133591.7 3749.93699757 4500.0
1512133591.81 3749.93825762 4500.0
1512133591.9 3749.93949247 4500.0
1512133592.01 3749.94070262 4500.0
1512133592.11 3749.94188857 4500.0
1512133592.19 3749.9430508 4500.0
1512133592.31 3749.94418978 4500.0
1512133592.41 3749.94530599 4500.0
1512133592.51 3749.94639987 4500.0
1512133592.6 3749.94747187 4500.0
1512133592.71 3749.94852243 4500.0
1512133592.81 3749.94955198 4500.0
1512133592.92 3749.95056094 4500.0
1512133593.01 3749.95154972 4500.0
1512133593.1 3749.95251873 4500.0
1512133593.2 3749.95346836 4500.0
1512133593.3 3749.95439899 4500.0
1512133593.4 3749.95531101 4500.0
1512133593.5 3749.95620479 4500.0
1512133593.6 3749.95708069 4500.0
1512133593.71 3749.95793908 4500.0
1512133593.8 3749.9587803 4500.0
1512133593.9 3749.95960469 4500.0
1512133594.0 3749.9604126 4500.0
1512133594.1 3749.96120435 4500.0
1512133594.21 3749.96198026 4500.0
1512133594.3 3749.96274065 4500.0
1512133594.41 3749.96348584 4500.0
1512133594.5 3749.96421612 4500.0
1512133594.61 3749.9649318 4500.0
1512133594.72 3749.96563317 4500.0
1512133594.81 3749.9663205 4500.0
1512133594.91 3749.96699409 4500.0
1512133595.01 3749.96765421 4500.0
1512133595.1 3749.96830113 4500.0
1512133595.2 3749.9689351 4500.0
1512133595.3 3749.9695564 4500.0
1512133595.4 3749.97016527 4500.0
1512133595.5 3749.97076197 4500.0
1512133595.61 3749.97134673 4500.0
1512133595.71 3749.97191979 4500.0
1512133595.82 3749.9724814 4500.0
1512133595.91 3749.97303177 4500.0
1512133596.01 3749.97357113 4500.0
1512133596.11 3749.97409971 4500.0
1512133596.21 3749.97461772 4500.0
1512133596.31 3749.97512536 4500.0
1512133596.41 3749.97562286 4500.0
1512133596.51 3749.9761104 4500.0
1512133596.61 3749.97658819 4500.0
1512133596.71 3749.97705643 4500.0
1512133596.81 3749.9775153 4500.0
1512133596.91 3749.97796499 4500.0
1512133597.01 3749.97840569 4500.0
1512133597.11 3749.97883758 4500.0
1512133597.21 3749.97926083 4500.0
1512133597.31 3749.97967561 4500.0
1512133597.41 3749.9800821 4500.0
1512133597.51 3749.98048046 4500.0
1512133597.62 3749.98087085 4500.0
1512133597.71 3749.98125343 4500.0
1512133597.8 3749.98162836 4500.0
1512133597.92 3749.98199579 4500.0
1512133598.02 3749.98235588 4500.0
1512133598.11 3749.98270876 4500.0
1512133598.21 3749.98305459 4500.0
1512133598.32 3749.98339349 4500.0
1512133598.41 3749.98372562 4500.0
1512133598.51 3749.98405111 4500.0
1512133598.62 3749.98437009 4500.0
1512133598.71 3749.98468269 4500.0
1512133598.81 3749.98498903 4500.0
1512133598.91 3749.98528925 4500.0
1512133599.02 3749.98558347 4500.0
1512133599.11 3749.9858718 4500.0
1512133599.22 3749.98615436 4500.0
1512133599.31 3749.98643128 4500.0
1512133599.41 3749.98670265 4500.0
1512133599.52 3749.9869686 4500.0
1512133599.62 3749.98722923 4500.0
1512133599.71 3749.98748464 4500.0
1512133599.81 3749.98773495 4500.0
1512133599.91 3749.98798025 4500.0
1512133600.02 3749.98822064 4500.0
1512133600.11 3749.98845623 4500.0
1512133600.22 3749.98868711 4500.0
1512133600.3 3749.98891336 4500.0
1512133600.42 3749.9891351 4500.0
1512133600.51 3749.9893524 4500.0
1512133600.61 3749.98956535 4500.0
1512133600.71 3749.98977404 4500.0
1512133600.81 3749.98997856 4500.0
1512133600.92 3749.99017899 4500.0
1512133601.01 3749.99037541 4500.0
1512133601.1 3749.9905679 4500.0
1512133601.21 3749.99075654 4500.0
1512133601.31 3749.99094141 4500.0
1512133601.41 3749.99112258 4500.0
1512133601.53 3749.99130013 4500.0
1512133601.61 3749.99147413 4500.0
1512133601.72 3749.99164465 4500.0
1512133601.81 3749.99181175 4500.0
1512133601.92 3749.99197552 4500.0
1512133602.02 3749.99213601 4500.0
1512133602.11 3749.99229329 4500.0
1512133602.22 3749.99244742 4500.0
1512133602.32 3749.99259847 4500.0
1512133602.42 3749.9927465 4500.0
1512133602.51 3749.99289157 4500.0
1512133602.62 3749.99303374 4500.0
1512133602.72 3749.99317307 4500.0
1512133602.82 3749.99330961 4500.0
1512133602.92 3749.99344341 4500.0
1512133603.01 3749.99357455 4500.0
1512133603.12 3749.99370306 4500.0
1512133603.22 3749.99382899 4500.0
1512133603.32 3749.99395241 4500.0
1512133603.43 3749.99407337 4500.0
1512133603.51 3749.9941919 4500.0
1512133603.63 3749.99430806 4500.0
1512133603.73 3749.9944219 4500.0
1512133603.82 3749.99453346 4500.0
1512133603.92 3749.99464279 4500.0
1512133604.02 3749.99474994 4500.0
1512133604.14 3749.99485494 4500.0
1512133604.21 3749.99495784 4500.0
1512133604.31 3749.99505868 4500.0
1512133604.41 3749.99515751 4500.0
1512133604.51 3749.99525436 4500.0
1512133604.62 3749.99534927 4500.0
1512133604.72 3749.99544229 4500.0
1512133604.82 3749.99553344 4500.0
1512133604.91 3741.66228944 4500.0
1512133605.02 3733.49571032 4500.0
1512133605.1 3725.49246278 4500.0
1512133605.21 3717.64928019 4500.0
1512133605.31 3709.96296125 4500.0
1512133605.42 3702.43036869 4500.0
1512133605.51 3695.04842798 4500.0
1512133605.62 3687.81412609 4500.0
1512133605.71 3689.05784357 4500.0
1512133605.82 3690.2766867 4500.0
1512133605.92 3691.47115296 4500.0
1512133606.01 3692.64172991 4500.0
1512133606.1 3693.78889531 4500.0
1512133606.21 3686.57978407 4500.0
1512133606.31 3687.84818839 4500.0
1512133606.42 3689.09122462 4500.0
1512133606.52 3681.97606679 4500.0
1512133606.63 3675.00321212 4500.0
1512133606.73 3668.16981455 4500.0
1512133606.83 3669.80641826 4500.0
1512133606.92 3671.41028989 4500.0
1512133607.02 3664.64875076 4500.0
1512133607.11 3658.02244241 4500.0
1512133607.22 3651.52866023 4500.0
1512133607.32 3645.16475369 4500.0
1512133607.42 3638.92812529 4500.0
1512133607.52 3632.81622945 4500.0
1512133607.62 3626.82657152 4500.0
1512133607.72 3620.95670676 4500.0
1512133607.81 3615.20423929 4500.0
1512133607.92 3609.56682117 4500.0
1512133608.02 3604.04215142 4500.0
1512133608.12 3598.62797505 4500.0
1512133608.23 3593.32208222 4500.0
1512133608.33 3588.12230724 4500.0
1512133608.43 3583.02652776 4500.0
1512133608.52 3578.03266388 4500.0
1512133608.63 3573.13867726 4500.0
1512133608.73 3568.34257039 4500.0
1512133608.82 3563.64238564 4500.0
1512133608.93 3559.0362046 4500.0
1512133609.03 3554.52214717 4500.0
1512133609.13 3550.0983709 4500.0
1512133609.22 3545.76307015 4500.0
1512133609.32 3541.51447541 4500.0
1512133609.42 3537.35085257 4500.0
1512133609.52 3533.27050218 4500.0
1512133609.62 3529.27175881 4500.0
1512133609.72 3525.3529903 4500.0
1512133609.83 3521.51259716 4500.0
1512133609.92 3517.74901188 4500.0
1512133610.02 3514.06069831 4500.0
1512133610.12 3510.44615101 4500.0
1512133610.22 3506.90389466 4500.0
1512133610.32 3503.43248343 4500.0
1512133610.43 3500.03050043 4500.0
1512133610.52 3496.69655709 4500.0
1512133610.62 3493.42929261 4500.0
1512133610.72 3490.22737343 4500.0
1512133610.82 3487.08949262 4500.0
1512133610.92 3484.01436944 4500.0
1512133611.02 3481.00074872 4500.0
1512133611.12 3478.04740041 4500.0
1512133611.22 3475.15311907 4500.0
1512133611.32 3472.31672335 4500.0
1512133611.43 3469.53705555 4500.0
1512133611.53 3466.81298111 4500.0
1512133611.63 3464.14338815 4500.0
1512133611.72 3461.52718706 4500.0
1512133611.82 3458.96330998 4500.0
1512133611.93 3456.45071045 4500.0
1512133612.03 3453.98836291 4500.0
1512133612.13 3451.57526231 4500.0
1512133612.22 3449.21042373 4500.0
1512133612.33 3446.89288193 4500.0
1512133612.42 3427.95502429 4500.0
1512133612.52 3409.3959238 4500.0
1512133612.62 3391.20800533 4500.0
1512133612.72 3373.38384522 4500.0
1512133612.82 3355.91616832 4500.0
1512133612.92 3338.79784495 4500.0
1512133613.01 3322.02188805 4500.0
1512133613.11 3305.58145029 4500.0
1512133613.21 3289.46982128 4500.0
1512133613.31 3273.68042486 4500.0
1512133613.41 3258.20681636 4500.0
1512133613.51 3243.04268003 4500.0
1512133613.62 3228.18182643 4500.0
1512133613.71 3213.6181899 4500.0
1512133613.81 3199.34582611 4500.0
1512133613.92 3185.35890958 4500.0
1512133614.02 3171.65173139 4500.0
1512133614.12 3158.21869676 4500.0
1512133614.22 3145.05432283 4500.0
1512133614.31 3132.15323637 4500.0
1512133614.42 3119.51017164 4500.0
1512133614.51 3107.11996821 4500.0
1512133614.61 3094.97756885 4500.0
1512133614.71 3083.07801747 4500.0
1512133614.81 3071.41645712 4500.0
1512133614.91 3059.98812798 4500.0
1512133615.02 3048.78836542 4500.0
1512133615.11 3037.81259811 4500.0
1512133615.22 3027.05634615 4500.0
1512133615.32 3016.51521923 4500.0
1512133615.41 3006.18491484 4500.0
1512133615.52 2996.06121654 4500.0
1512133615.63 2986.13999221 4500.0
1512133615.72 2976.41719237 4500.0
1512133615.82 2966.88884852 4500.0
1512133615.92 2957.55107155 4500.0
1512133616.02 2948.40005012 4500.0
1512133616.12 2939.43204912 4500.0
1512133616.22 2930.64340814 4500.0
1512133616.32 2922.03053997 4500.0
1512133616.42 2913.58992917 4500.0
1512133616.52 2905.31813059 4500.0
1512133616.62 2897.21176798 4500.0
1512133616.73 2889.26753262 4500.0
1512133616.83 2881.48218197 4500.0
1512133616.93 2873.85253833 4500.0
1512133617.02 2866.37548756 4500.0
1512133617.12 2859.04797781 4500.0
1512133617.22 2851.86701825 4500.0
1512133617.33 2844.82967789 4500.0
1512133617.42 2837.93308433 4500.0
1512133617.52 2831.17442264 4500.0
1512133617.63 2824.55093419 4500.0
1512133617.72 2818.05991551 4500.0
1512133617.83 2811.6987172 4500.0
1512133617.93 2805.46474285 4500.0
1512133618.02 2799.355448 4500.0
1512133618.12 2793.36833904 4500.0
1512133618.22 2787.50097226 4500.0
1512133618.32 2781.75095281 4500.0
1512133618.42 2776.11593375 4500.0
1512133618.53 2770.59361508 4500.0
1512133618.63 2765.18174278 4500.0
1512133618.73 2759.87810792 4500.0
1512133618.83 2754.68054576 4500.0
1512133618.93 2749.58693485 4500.0
1512133619.02 2744.59519615 4500.0
1512133619.16 2739.70329223 4500.0
1512133619.23 2734.90922638 4500.0
1512133619.33 2730.21104186 4500.0
1512133619.43 2725.60682102 4500.0
1512133619.53 2721.0946846 4500.0
1512133619.63 2716.67279091 4500.0
1512133619.73 2712.33933509 4500.0
1512133619.83 2708.09254839 4500.0
1512133619.93 2703.93069742 4500.0
1512133620.03 2699.85208347 4500.0
1512133620.14 2695.8550418 4500.0
1512133620.23 2691.93794096 4500.0
1512133620.33 2688.09918215 4500.0
1512133620.43 2684.3371985 4500.0
1512133620.53 2680.65045453 4500.0
1512133620.63 2677.03744544 4500.0
1512133620.73 2673.49669653 4500.0
1512133620.83 2670.0267626 4500.0
1512133620.93 2666.62622735 4500.0
1512133621.03 2663.2937028 4500.0
1512133621.14 2660.02782875 4500.0
1512133621.23 2656.82727217 4500.0
1512133621.33 2653.69072673 4500.0
1512133621.43 2650.61691219 4500.0
1512133621.53 2647.60457395 4500.0
1512133621.63 2644.65248247 4500.0
1512133621.73 2641.75943282 4500.0
1512133621.84 2638.92424417 4500.0
1512133621.93 2636.14575928 4500.0
1512133622.03 2633.4228441 4500.0
1512133622.14 2630.75438721 4500.0
1512133622.24 2628.13929947 4500.0
1512133622.33 2625.57651348 4500.0
1512133622.43 2623.06498321 4500.0
1512133622.53 2620.60368355 4500.0
1512133622.63 2618.19160988 4500.0
1512133622.74 2615.82777768 4500.0
1512133622.84 2613.51122213 4500.0
1512133622.93 2611.24099768 4500.0
1512133623.03 2609.01617773 4500.0
1512133623.13 2606.83585417 4500.0
1512133623.23 2604.69913709 4500.0
1512133623.33 2602.60515435 4500.0
1512133623.43 2600.55305126 4500.0
1512133623.53 2598.54199024 4500.0
1512133623.64 2596.57115043 4500.0
1512133623.74 2594.63972742 4500.0
1512133623.83 2592.74693288 4500.0
1512133623.93 2590.89199422 4500.0
1512133624.04 2589.07415433 4500.0
1512133624.14 2587.29267125 4500.0
1512133624.24 2585.54681782 4500.0
1512133624.34 2583.83588147 4500.0
1512133624.44 2582.15916384 4500.0
1512133624.54 2580.51598056 4500.0
1512133624.64 2578.90566095 4500.0
1512133624.75 2577.32754773 4500.0
1512133624.85 2575.78099677 4500.0
1512133624.94 2574.26537684 4500.0
1512133625.05 2572.7800693 4500.0
1512133625.14 2571.32446792 4500.0
1512133625.24 2569.89797856 4500.0
1512133625.34 2568.50001899 4500.0
1512133625.45 2567.13001861 4500.0
1512133625.54 2565.78741823 4500.0
1512133625.64 2564.47166987 4500.0
1512133625.74 2563.18223647 4500.0
1512133625.84 2561.91859174 4500.0
1512133625.95 2560.68021991 4500.0
1512133626.05 2559.46661551 4500.0
1512133626.15 2558.2772832 4500.0
1512133626.25 2557.11173754 4500.0
1512133626.35 2555.96950279 4500.0
1512133626.45 2554.85011273 4500.0
1512133626.55 2553.75311047 4500.0
1512133626.65 2552.67804827 4500.0
1512133626.75 2551.6244873 4500.0
1512133626.85 2550.59199755 4500.0
1512133626.94 2549.5801576 4500.0
1512133627.04 2548.58855445 4500.0
1512133627.15 2547.61678336 4500.0
1512133627.25 2546.66444769 4500.0
1512133627.35 2545.73115874 4500.0
1512133627.44 2544.81653557 4500.0
1512133627.55 2543.92020485 4500.0
1512133627.65 2543.04180076 4500.0
1512133627.75 2542.18096474 4500.0
1512133627.85 2541.33734545 4500.0
1512133627.95 2540.51059854 4500.0
1512133628.05 2539.70038657 4500.0
1512133628.15 2538.90637884 4500.0
1512133628.25 2538.12825126 4500.0
1512133628.35 2537.36568623 4500.0
1512133628.45 2536.61837251 4500.0
1512133628.56 2535.88600506 4500.0
1512133628.65 2535.16828496 4500.0
1512133628.75 2534.46491926 4500.0
1512133628.85 2533.77562087 4500.0
1512133628.95 2533.10010846 4500.0
1512133629.05 2532.43810629 4500.0
1512133629.15 2531.78934416 4500.0
1512133629.25 2531.15355728 4500.0
1512133629.35 2530.53048613 4500.0
1512133629.45 2529.91987641 4500.0
1512133629.55 2529.32147888 4500.0
1512133629.65 2528.7350493 4500.0
1512133629.76 2528.16034832 4500.0
1512133629.85 2527.59714135 4500.0
1512133629.95 2527.04519852 4500.0
1512133630.05 2526.50429455 4500.0
1512133630.15 2525.97420866 4500.0
1512133630.25 2525.45472449 4500.0
1512133630.35 2524.94563 4500.0
1512133630.46 2524.4467174 4500.0
1512133630.56 2523.95778305 4500.0
1512133630.65 2523.47862739 4500.0
1512133630.75 2523.00905484 4500.0
1512133630.85 2522.54887375 4500.0
1512133630.95 2522.09789627 4500.0
1512133631.05 2521.65593835 4500.0
1512133631.15 2521.22281958 4500.0
1512133631.25 2520.79836319 4500.0
1512133631.35 2520.38239592 4500.0
1512133631.45 2519.97474801 4500.0
1512133631.55 2519.57525305 4500.0
1512133631.65 2519.18374798 4500.0
1512133631.75 2518.80007302 4500.0
1512133631.85 2518.42407156 4500.0
1512133631.95 2518.05559013 4500.0
1512133632.05 2517.69447833 4500.0
1512133632.16 2517.34058876 4500.0
1512133632.26 2516.99377699 4500.0
1512133632.36 2516.65390145 4500.0
1512133632.46 2516.32082342 4500.0
1512133632.56 2515.99440695 4500.0
1512133632.66 2515.67451881 4500.0
1512133632.76 2515.36102844 4500.0
1512133632.86 2515.05380787 4500.0
1512133632.96 2514.75273171 4500.0
1512133633.06 2514.45767708 4500.0
1512133633.15 2514.16852353 4500.0
1512133633.27 2513.88515306 4500.0
1512133633.36 2513.60745 4500.0
1512133633.46 2513.335301 4500.0
1512133633.56 2513.06859498 4500.0
1512133633.67 2512.80722308 4500.0
1512133633.76 2512.55107862 4500.0
1512133633.86 2512.30005705 4500.0
1512133633.96 2512.05405591 4500.0
1512133634.06 2511.81297479 4500.0
1512133634.16 2511.57671529 4500.0
1512133634.26 2511.34518099 4500.0
1512133634.36 2511.11827737 4500.0
1512133634.46 2510.89591182 4500.0
1512133634.56 2510.67799358 4500.0
1512133634.66 2510.46443371 4500.0
1512133634.76 2510.25514504 4500.0
1512133634.86 2510.05004214 4500.0
1512133634.97 2509.84904129 4500.0
1512133635.07 2509.65206047 4500.0
1512133635.16 2509.45901926 4500.0
1512133635.26 2509.26983887 4500.0
1512133635.36 2509.0844421 4500.0
1512133635.46 2508.90275325 4500.0
1512133635.56 2508.72469819 4500.0
1512133635.66 2508.55020423 4500.0
1512133635.76 2508.37920014 4500.0
1512133635.86 2508.21161614 4500.0
1512133635.96 2508.04738382 4500.0
1512133636.07 2507.88643614 4500.0
1512133636.16 2507.72870742 4500.0
1512133636.26 2507.57413327 4500.0
1512133636.36 2507.4226506 4500.0
1512133636.46 2507.27419759 4500.0
1512133636.56 2507.12871364 4500.0
1512133636.66 2506.98613937 4500.0
1512133636.76 2506.84641658 4500.0
1512133636.86 2506.70948825 4500.0
1512133636.97 2506.57529848 4500.0
1512133637.07 2506.44379251 4500.0
1512133637.17 2506.31491666 4500.0
1512133637.27 2506.18861833 4500.0
1512133637.37 2506.06484596 4500.0
1512133637.47 2505.94354904 4500.0
1512133637.57 2505.82467806 4500.0
1512133637.67 2505.7081845 4500.0
1512133637.77 2505.59402081 4500.0
1512133637.87 2505.4821404 4500.0
1512133637.97 2505.37249759 4500.0
1512133638.07 2505.26504764 4500.0
1512133638.17 2505.15974668 4500.0
1512133638.27 2505.05655175 4500.0
1512133638.37 2504.95542071 4500.0
1512133638.47 2504.8563123 4500.0
1512133638.57 2504.75918605 4500.0
1512133638.67 2504.66400233 4500.0
1512133638.77 2504.57072229 4500.0
1512133638.87 2504.47930784 4500.0
1512133638.97 2504.38972168 4500.0
1512133639.07 2504.30192725 4500.0
1512133639.17 2504.2158887 4500.0
1512133639.27 2504.13157093 4500.0
1512133639.37 2504.04893951 4500.0
1512133639.47 2503.96796072 4500.0
1512133639.57 2503.88860151 4500.0
1512133639.67 2503.81082948 4500.0
1512133639.77 2503.73461289 4500.0
1512133639.87 2503.65992063 4500.0
1512133639.98 2503.58672222 4500.0
1512133640.07 2503.51498777 4500.0
1512133640.17 2503.44468802 4500.0
1512133640.27 2503.37579426 4500.0
1512133640.37 2503.30827837 4500.0
1512133640.48 2503.2421128 4500.0
1512133640.58 2503.17727055 4500.0
1512133640.68 2503.11372514 4500.0
1512133640.78 2503.05145063 4500.0
1512133640.87 2502.99042162 4500.0
1512133640.97 2502.93061319 4500.0
1512133641.07 2502.87200093 4500.0
1512133641.18 2502.81456091 4500.0
1512133641.28 2502.75826969 4500.0
1512133641.37 2502.7031043 4500.0
1512133641.47 2502.64904221 4500.0
1512133641.57 2502.59606137 4500.0
1512133641.67 2502.54414014 4500.0
1512133641.78 2502.49325734 4500.0
1512133641.88 2502.44339219 4500.0
1512133641.97 2502.39452434 4500.0
1512133642.08 2502.34663386 4500.0
1512133642.18 2502.29970118 4500.0
1512133642.28 2502.25370716 4500.0
1512133642.38 2502.20863301 4500.0
1512133642.48 2502.16446035 4500.0
1512133642.58 2502.12117115 4500.0
1512133642.68 2502.07874772 4500.0
1512133642.78 2502.03717277 4500.0
1512133642.89 2501.99642931 4500.0
1512133642.99 2501.95650073 4500.0
1512133643.08 2501.91737071 4500.0
1512133643.18 2501.8790233 4500.0
1512133643.28 2501.84144283 4500.0
1512133643.39 2501.80461398 4500.0
1512133643.48 2501.7685217 4500.0
1512133643.58 2501.73315126 4500.0
1512133643.68 2501.69848824 4500.0
1512133643.78 2501.66451847 4500.0
1512133643.88 2501.6312281 4500.0
1512133643.98 2501.59860354 4500.0
1512133644.08 2501.56663147 4500.0
1512133644.18 2501.53529884 4500.0
1512133644.29 2501.50459286 4500.0
1512133644.39 2501.47450101 4500.0
1512133644.48 2501.44501099 4500.0
1512133644.58 2501.41611077 4500.0
1512133644.68 2501.38778855 4500.0
1512133644.78 2501.36003278 4500.0
1512133644.88 2501.33283212 4500.0
1512133644.99 2501.30617548 4500.0
1512133645.08 2501.28005197 4500.0
1512133645.19 2501.25445093 4500.0
1512133645.28 2501.22936191 4500.0
1512133645.39 2501.20477468 4500.0
1512133645.48 2501.18067918 4500.0
1512133645.59 2501.1570656 4500.0
1512133645.69 2501.13392429 4500.0
1512133645.78 2501.1112458 4500.0
1512133645.89 2501.08902089 4500.0
1512133645.99 2501.06724047 4500.0
1512133646.09 2501.04589566 4500.0
1512133646.19 2501.02497775 4500.0
1512133646.29 2501.00447819 4500.0
1512133646.39 2500.98438863 4500.0
1512133646.49 2500.96470085 4500.0
1512133646.59 2500.94540684 4500.0
1512133646.69 2500.9264987 4500.0
1512133646.79 2500.90796873 4500.0
1512133646.89 2500.88980935 4500.0
1512133646.99 2500.87201316 4500.0
1512133647.1 2500.8545729 4500.0
1512133647.19 2500.83748144 4500.0
1512133647.29 2500.82073181 4500.0
1512133647.39 2500.80431718 4500.0
1512133647.49 2500.78823083 4500.0
1512133647.59 2500.77246622 4500.0
1512133647.69 2500.75701689 4500.0
1512133647.79 2500.74187656 4500.0
1512133647.89 2500.72703902 4500.0
1512133648.0 2500.71249824 4500.0
1512133648.09 2500.69824828 4500.0
1512133648.19 2500.68428331 4500.0
1512133648.29 2500.67059765 4500.0
1512133648.4 