1516084136.56 1 1 2500.0 2500.0 4500.0 3166.66666667
1516084136.63 1 1 2500.0 2500.0 4500.0 3611.11111111
1516084136.78 1 1 2500.0 2500.0 4500.0 3907.40740741
1516084136.83 1 1 2500.0 2500.0 4500.0 4104.9382716
1516084136.93 1 1 2500.0 2500.0 4500.0 4236.6255144
1516084137.06 1 1 2500.0 2500.0 4500.0 4324.4170096
1516084137.13 1 1 2500.0 2500.0 4500.0 4382.94467307
1516084137.28 1 1 2500.0 2500.0 4500.0 4421.96311538
1516084137.33 1 1 2500.0 2500.0 4500.0 4447.97541025
1516084137.45 1 1 2500.0 2500.0 4500.0 4465.31694017
1516084137.57 1 1 2500.0 2500.0 4500.0 4476.87796011
1516084137.64 1 1 2500.0 2500.0 4500.0 4484.58530674
1516084137.73 1 1 2500.0 2500.0 4500.0 4489.72353783
1516084137.84 1 1 2500.0 2500.0 4500.0 4493.14902522
1516084137.93 1 1 2500.0 2500.0 4500.0 4495.43268348
1516084138.03 1 1 2500.0 2500.0 4500.0 4496.95512232
1516084138.14 1 1 2500.0 2500.0 4500.0 4497.97008155
1516084138.23 1 1 2500.0 2500.0 4500.0 4498.64672103
1516084138.33 1 1 2500.0 2500.0 4500.0 4499.09781402
1516084138.44 1 1 2500.0 2500.0 4500.0 4499.39854268
1516084138.55 1 1 2500.0 2500.0 4500.0 4499.59902845
1516084138.65 1 1 2500.0 2500.0 4500.0 4499.73268564
1516084138.74 1 1 2500.0 2500.0 4500.0 4499.82179042
1516084138.83 1 1 2500.0 2500.0 4500.0 4499.88119362
1516084138.93 1 1 2500.0 2500.0 4500.0 4499.92079574
1516084139.05 1 1 2500.0 2500.0 4500.0 4499.94719716
1516084139.14 1 1 2500.0 2500.0 4500.0 4499.96479811
1516084139.26 1 1 2500.0 2500.0 4500.0 4499.97653207
1516084139.34 1 1 2500.0 2500.0 4500.0 4499.98435471
1516084139.45 1 1 2500.0 2500.0 4500.0 4499.98956981
1516084139.54 1 1 2500.0 2500.0 4500.0 4499.99304654
1516084139.67 1 1 2500.0 2500.0 4500.0 4499.99536436
1516084139.74 1 1 2500.0 2500.0 4500.0 4499.99690957
1516084139.84 1 1 2500.0 2500.0 4500.0 4499.99793972
1516084139.94 1 1 2500.0 2500.0 4500.0 4499.99862648
1516084140.04 1 1 2500.0 2500.0 4500.0 4499.99908432
1516084140.14 1 1 2500.0 2500.0 4500.0 4499.99938955
1516084140.23 1 1 2500.0 2500.0 4500.0 4499.99959303
1516084140.34 1 1 2500.0 2500.0 4500.0 4499.99972869
1516084140.44 1 1 2500.0 2500.0 4500.0 4499.99981912
1516084140.54 1 1 2500.0 2500.0 4500.0 4499.99987942
1516084140.64 1 1 2500.0 2500.0 4500.0 4499.99991961
1516084140.74 1 1 2500.0 2500.0 4500.0 4499.99994641
1516084140.84 1 1 2500.0 2500.0 4500.0 4499.99996427
1516084140.94 1 1 2500.0 2500.0 4500.0 4499.99997618
1516084141.05 1 1 2500.0 2500.0 4500.0 4499.99998412
1516084141.14 1 1 2500.0 2500.0 4500.0 4499.99998941
1516084141.24 1 1 2500.0 2500.0 4500.0 4499.99999294
1516084141.35 1 1 2500.0 2500.0 4500.0 4499.9999953
1516084141.44 1 1 2500.0 2500.0 4500.0 4499.99999686
1516084141.55 1 1 2500.0 2500.0 4500.0 4499.99999791
1516084141.65 1 1 2500.0 2500.0 4500.0 4499.99999861
1516084141.74 1 1 2500.0 2500.0 4500.0 4499.99999907
1516084141.85 1 1 2500.0 2500.0 4500.0 4499.99999938
1516084141.94 1 1 2500.0 2500.0 4500.0 4499.99999959
1516084142.04 1 1 2500.0 2500.0 4500.0 4499.99999972
1516084142.14 1 1 2500.0 2500.0 4500.0 4499.99999982
1516084142.24 1 1 2500.0 2500.0 4500.0 4499.99999988
1516084142.35 1 1 2500.0 2500.0 4500.0 4499.99999992
1516084142.44 1 1 2500.0 2500.0 4500.0 4499.99999995
1516084142.54 1 1 2500.0 2500.0 4500.0 4499.99999996
1516084142.64 1 1 2500.0 2500.0 4500.0 4499.99999998
1516084142.75 1 1 2500.0 2500.0 4500.0 4499.99999998
1516084142.84 1 1 2500.0 2500.0 4500.0 4499.99999999
1516084142.94 1 1 2500.0 2500.0 4500.0 4499.99999999
1516084143.04 1 1 2500.0 2500.0 4500.0 4500.0
1516084143.14 1 1 2500.0 2500.0 4500.0 4500.0
1516084143.25 1 1 2500.0 2500.0 4500.0 4500.0
1516084143.35 1 1 2500.0 2500.0 4500.0 4500.0
1516084143.45 1 1 2500.0 2500.0 4500.0 4500.0
1516084143.54 1 1 2500.0 2500.0 4500.0 4500.0
1516084143.65 1 1 2500.0 2500.0 4500.0 4500.0
1516084143.75 1 1 2500.0 2500.0 4500.0 4500.0
1516084143.84 1 1 2500.0 2500.0 4500.0 4500.0
1516084143.94 1 1 2500.0 2500.0 4500.0 4500.0
1516084144.05 1 1 2500.0 2500.0 4500.0 4500.0
1516084144.15 1 1 2500.0 2500.0 4500.0 4500.0
1516084144.24 1 1 2500.0 2500.0 4500.0 4500.0
1516084144.34 1 1 2500.0 2500.0 4500.0 4500.0
1516084144.45 1 1 2500.0 2500.0 4500.0 4500.0
1516084144.55 1 1 2500.0 2500.0 4500.0 4500.0
1516084144.65 1 1 2500.0 2500.0 4500.0 4500.0
1516084144.75 1 1 2500.0 2500.0 4500.0 4500.0
1516084144.85 1 1 2500.0 2500.0 4500.0 4500.0
1516084144.95 1 1 2500.0 2500.0 4500.0 4500.0
1516084145.05 1 1 2500.0 2500.0 4500.0 4500.0
1516084145.15 1 1 2500.0 2500.0 4500.0 4500.0
1516084145.25 1 1 2500.0 2500.0 4500.0 4500.0
1516084145.35 1 1 2500.0 2500.0 4500.0 4500.0
1516084145.45 1 1 2500.0 2500.0 4500.0 4500.0
1516084145.55 1 1 2500.0 2500.0 4500.0 4500.0
1516084145.65 1 1 2500.0 2500.0 4500.0 4500.0
1516084145.75 1 1 2500.0 2500.0 4500.0 4500.0
1516084145.85 1 1 2500.0 2500.0 4500.0 4500.0
1516084145.95 1 1 2500.0 2500.0 4500.0 4500.0
1516084146.05 1 1 2500.0 2500.0 4500.0 4500.0
1516084146.15 1 1 2500.0 2500.0 4500.0 4500.0
1516084146.25 1 1 2500.0 2500.0 4500.0 4500.0
1516084146.35 1 1 2500.0 2500.0 4500.0 4500.0
1516084146.45 1 1 2500.0 2500.0 4500.0 4500.0
1516084146.55 1 1 2500.0 2500.0 4500.0 4500.0
1516084146.65 1 1 2500.0 2500.0 4500.0 4500.0
1516084146.75 1 1 2500.0 2500.0 4500.0 4500.0
1516084146.86 1 1 2500.0 2500.0 4500.0 4500.0
1516084146.95 1 1 2500.0 2500.0 4500.0 4500.0
1516084147.05 1 1 2500.0 2500.0 4500.0 4500.0
1516084147.15 1 1 2500.0 2500.0 4500.0 4500.0
1516084147.25 1 1 2500.0 2500.0 4500.0 4500.0
1516084147.35 1 1 2500.0 2500.0 4500.0 4500.0
1516084147.46 1 1 2500.0 2500.0 4500.0 4500.0
1516084147.56 1 1 2500.0 2500.0 4500.0 4500.0
1516084147.66 1 1 2500.0 2500.0 4500.0 4500.0
1516084147.76 1 1 2500.0 2500.0 4500.0 4500.0
1516084147.86 1 1 2500.0 2500.0 4500.0 4500.0
1516084147.96 1 1 2500.0 2500.0 4500.0 4500.0
1516084148.06 1 1 2500.0 2500.0 4500.0 4500.0
1516084148.16 1 1 2500.0 2500.0 4500.0 4500.0
1516084148.26 1 1 2500.0 2500.0 4500.0 4500.0
1516084148.36 1 1 2500.0 2500.0 4500.0 4500.0
1516084148.46 1 1 2500.0 2500.0 4500.0 4500.0
1516084148.56 1 1 2500.0 2500.0 4500.0 4500.0
1516084148.66 1 1 2500.0 2500.0 4500.0 4500.0
1516084148.76 1 1 2500.0 2500.0 4500.0 4500.0
1516084148.86 1 1 2500.0 2500.0 4500.0 4500.0
1516084148.96 1 1 2500.0 2500.0 4500.0 4500.0
1516084149.06 1 1 2500.0 2500.0 4500.0 4500.0
1516084149.16 1 1 2500.0 2500.0 4500.0 4500.0
1516084149.26 1 1 2500.0 2500.0 4500.0 4500.0
1516084149.36 1 1 2500.0 2500.0 4500.0 4500.0
1516084149.46 1 1 2500.0 2500.0 4500.0 4500.0
1516084149.56 1 1 2500.0 2500.0 4500.0 4500.0
1516084149.66 1 1 2500.0 2500.0 4500.0 4500.0
1516084149.77 1 1 2500.0 2500.0 4500.0 4500.0
1516084149.86 1 1 2500.0 2500.0 4500.0 4500.0
1516084149.97 1 1 2500.0 2500.0 4500.0 4500.0
1516084150.06 1 1 2500.0 2500.0 4500.0 4500.0
1516084150.16 1 1 2500.0 2500.0 4500.0 4500.0
1516084150.26 1 1 2500.0 2500.0 4500.0 4500.0
1516084150.37 1 1 2500.0 2500.0 4500.0 4500.0
1516084150.47 1 1 2500.0 2500.0 4500.0 4500.0
1516084150.57 1 1 2500.0 2500.0 4500.0 4500.0
1516084150.67 1 1 2500.0 2500.0 4500.0 4500.0
1516084150.77 1 2 1666.66666667 2458.33333333 4500.0 4500.0
1516084150.87 1 2 1666.66666667 2418.75 4500.0 4500.0
1516084150.97 1 3 1250.0 2360.3125 4500.0 4500.0
1516084151.06 1 3 1250.0 2304.796875 4500.0 4500.0
1516084151.16 1 4 1000.0 2239.55703125 4500.0 4500.0
1516084151.27 1 4 1000.0 2177.57917969 4500.0 4500.0
1516084151.37 1 4 1000.0 2118.7002207 4500.0 4500.0
1516084151.54 1 4 1000.0 2062.76520967 4500.0 4500.0
1516084151.6 1 4 1000.0 2009.62694918 4500.0 4500.0
1516084151.7 1 4 1000.0 1959.14560173 4500.0 4500.0
1516084151.8 1 4 1000.0 1911.18832164 4500.0 4500.0
1516084151.9 1 4 1000.0 1865.62890556 4500.0 4500.0
1516084151.99 1 4 1000.0 1822.34746028 4500.0 4500.0
1516084152.1 1 4 1000.0 1781.23008727 4500.0 4500.0
1516084152.2 1 4 1000.0 1742.1685829 4500.0 4500.0
1516084152.3 1 4 1000.0 1705.06015376 4500.0 4500.0
1516084152.4 1 4 1000.0 1669.80714607 4500.0 4500.0
1516084152.5 1 4 1000.0 1636.31678877 4500.0 4500.0
1516084152.6 1 4 1000.0 1604.50094933 4500.0 4500.0
1516084152.7 1 4 1000.0 1574.27590186 4500.0 4500.0
1516084152.8 1 4 1000.0 1545.56210677 4500.0 4500.0
1516084152.9 1 4 1000.0 1518.28400143 4500.0 4500.0
1516084153.0 1 4 1000.0 1492.36980136 4500.0 4500.0
1516084153.1 1 4 1000.0 1467.75131129 4500.0 4500.0
1516084153.2 1 4 1000.0 1444.36374573 4500.0 4500.0
1516084153.3 1 4 1000.0 1422.14555844 4500.0 4500.0
1516084153.4 1 4 1000.0 1401.03828052 4500.0 4500.0
1516084153.5 1 4 1000.0 1380.98636649 4500.0 4500.0
1516084153.6 1 4 1000.0 1361.93704817 4500.0 4500.0
1516084153.7 1 3 1250.0 1356.34019576 4500.0 4500.0
1516084153.8 1 3 1250.0 1351.02318597 4500.0 4500.0
1516084153.9 1 3 1250.0 1345.97202667 4500.0 4500.0
1516084154.01 1 3 1250.0 1341.17342534 4500.0 4500.0
1516084154.1 1 3 1250.0 1336.61475407 4500.0 4500.0
1516084154.21 1 3 1250.0 1332.28401637 4500.0 4500.0
1516084154.31 1 3 1250.0 1328.16981555 4500.0 4500.0
1516084154.4 1 3 1250.0 1324.26132477 4500.0 4500.0
1516084154.5 1 3 1250.0 1320.54825853 4500.0 4500.0
1516084154.6 1 3 1250.0 1317.02084561 4500.0 4500.0
1516084154.7 1 2 1666.66666667 1334.50313666 4500.0 4500.0
1516084154.81 1 2 1666.66666667 1351.11131316 4500.0 4500.0
1516084154.9 1 2 1666.66666667 1366.88908084 4500.0 4500.0
1516084155.01 1 2 1666.66666667 1381.87796013 4500.0 4500.0
1516084155.11 1 2 1666.66666667 1396.11739545 4500.0 4500.0
1516084155.2 1 2 1666.66666667 1409.64485901 4500.0 4500.0
1516084155.35 1 2 1666.66666667 1422.4959494 4500.0 4500.0
1516084155.41 1 2 1666.66666667 1434.70448526 4500.0 4500.0
1516084155.51 1 2 1666.66666667 1446.30259433 4500.0 4500.0
1516084155.61 1 2 1666.66666667 1457.32079795 4500.0 4500.0
1516084155.71 1 1 2500.0 1509.45475805 4500.0 4500.0
1516084155.81 1 1 2500.0 1558.98202015 4500.0 4500.0
1516084155.91 1 1 2500.0 1606.03291914 4500.0 4500.0
1516084156.01 1 1 2500.0 1650.73127318 4500.0 4500.0
1516084156.11 1 1 2500.0 1693.19470952 4500.0 4500.0
1516084156.21 1 1 2500.0 1733.53497405 4500.0 4500.0
1516084156.31 1 1 2500.0 1771.85822535 4500.0 4500.0
1516084156.41 1 1 2500.0 1808.26531408 4500.0 4500.0
1516084156.59 1 1 2500.0 1842.85204837 4500.0 4500.0
1516084156.67 1 1 2500.0 1875.70944596 4500.0 4500.0
1516084156.76 1 1 2500.0 1906.92397366 4500.0 4500.0
1516084156.93 1 1 2500.0 1936.57777498 4500.0 4500.0
1516084157.0 1 1 2500.0 1964.74888623 4500.0 4500.0
1516084157.09 1 1 2500.0 1991.51144192 4500.0 4500.0
1516084157.2 1 1 2500.0 2016.93586982 4500.0 4500.0
1516084157.3 1 1 2500.0 2041.08907633 4500.0 4500.0
1516084157.4 1 1 2500.0 2064.03462251 4500.0 4500.0
1516084157.56 1 1 2500.0 2085.83289139 4500.0 4500.0
1516084157.64 1 1 2500.0 2106.54124682 4500.0 4500.0
1516084157.74 1 1 2500.0 2126.21418448 4500.0 4500.0
1516084157.84 1 1 2500.0 2144.90347525 4500.0 4500.0
1516084157.94 1 1 2500.0 2162.65830149 4500.0 4500.0
1516084158.1 1 1 2500.0 2179.52538642 4500.0 4500.0
1516084158.18 1 1 2500.0 2195.54911709 4500.0 4500.0
1516084158.27 1 1 2500.0 2210.77166124 4500.0 4500.0
1516084158.37 1 1 2500.0 2225.23307818 4500.0 4500.0
1516084158.47 1 1 2500.0 2238.97142427 4500.0 4500.0
1516084158.64 1 1 2500.0 2252.02285306 4500.0 4500.0
1516084158.72 1 1 2500.0 2264.4217104 4500.0 4500.0
1516084158.81 1 1 2500.0 2276.20062488 4500.0 4500.0
1516084158.91 1 1 2500.0 2287.39059364 4500.0 4500.0
1516084159.01 1 1 2500.0 2298.02106396 4500.0 4500.0
1516084159.18 1 1 2500.0 2308.12001076 4500.0 4500.0
1516084159.26 1 1 2500.0 2317.71401022 4500.0 4500.0
1516084159.35 1 1 2500.0 2326.82830971 4500.0 4500.0
1516084159.45 1 1 2500.0 2335.48689422 4500.0 4500.0
1516084159.55 1 1 2500.0 2343.71254951 4500.0 4500.0
1516084159.65 1 1 2500.0 2351.52692204 4500.0 4500.0
1516084159.75 1 1 2500.0 2358.95057594 4500.0 4500.0
1516084159.86 1 1 2500.0 2366.00304714 4500.0 4500.0
1516084159.96 1 1 2500.0 2372.70289478 4500.0 4500.0
1516084160.05 1 1 2500.0 2379.06775004 4500.0 4500.0
1516084160.15 1 1 2500.0 2385.11436254 4500.0 4500.0
1516084160.25 1 1 2500.0 2390.85864441 4500.0 4500.0
1516084160.35 1 1 2500.0 2396.31571219 4500.0 4500.0
1516084160.45 1 1 2500.0 2401.49992658 4500.0 4500.0
1516084160.55 1 1 2500.0 2406.42493025 4500.0 4500.0
1516084160.66 1 1 2500.0 2411.10368374 4500.0 4500.0
1516084160.75 1 1 2500.0 2415.54849955 4500.0 4500.0
1516084160.85 1 1 2500.0 2419.77107458 4500.0 4500.0
1516084160.96 1 1 2500.0 2423.78252085 4500.0 4500.0
1516084161.06 1 1 2500.0 2427.59339481 4500.0 4500.0
1516084161.15 1 1 2500.0 2431.21372507 4500.0 4500.0
1516084161.26 1 1 2500.0 2434.65303881 4500.0 4500.0
1516084161.41 1 1 2500.0 2437.92038687 4500.0 4500.0
1516084161.48 1 1 2500.0 2441.02436753 4500.0 4500.0
1516084161.58 1 1 2500.0 2443.97314915 4500.0 4500.0
1516084161.67 1 1 2500.0 2446.77449169 4500.0 4500.0
1516084161.78 1 1 2500.0 2449.43576711 4500.0 4500.0
1516084161.88 1 1 2500.0 2451.96397875 4500.0 4500.0
1516084161.98 1 1 2500.0 2454.36577982 4500.0 4500.0
1516084162.07 1 1 2500.0 2456.64749083 4500.0 4500.0
1516084162.18 1 1 2500.0 2458.81511628 4500.0 4500.0
1516084162.27 1 1 2500.0 2460.87436047 4500.0 4500.0
1516084162.42 1 1 2500.0 2462.83064245 4500.0 4500.0
1516084162.47 1 1 2500.0 2464.68911032 4500.0 4500.0
1516084162.57 1 1 2500.0 2466.45465481 4500.0 4500.0
1516084162.67 1 1 2500.0 2468.13192207 4500.0 4500.0
1516084162.77 1 1 2500.0 2469.72532596 4500.0 4500.0
1516084162.87 1 1 2500.0 2471.23905967 4500.0 4500.0
1516084162.98 1 1 2500.0 2472.67710668 4500.0 4500.0
1516084163.07 1 1 2500.0 2474.04325135 4500.0 4500.0
1516084163.18 1 1 2500.0 2475.34108878 4500.0 4500.0
1516084163.27 1 1 2500.0 2476.57403434 4500.0 4500.0
1516084163.37 1 1 2500.0 2477.74533262 4500.0 4500.0
1516084163.47 1 1 2500.0 2478.85806599 4500.0 4500.0
1516084163.57 1 1 2500.0 2479.91516269 4500.0 4500.0
1516084163.67 1 1 2500.0 2480.91940456 4500.0 4500.0
1516084163.77 1 1 2500.0 2481.87343433 4500.0 4500.0
1516084163.87 1 1 2500.0 2482.77976261 4500.0 4500.0
1516084163.97 1 1 2500.0 2483.64077448 4500.0 4500.0
1516084164.08 1 1 2500.0 2484.45873576 4500.0 4500.0
1516084164.18 1 1 2500.0 2485.23579897 4500.0 4500.0
1516084164.28 1 1 2500.0 2485.97400902 4500.0 4500.0
1516084164.37 1 1 2500.0 2486.67530857 4500.0 4500.0
1516084164.47 1 1 2500.0 2487.34154314 4500.0 4500.0
1516084164.57 1 1 2500.0 2487.97446599 4500.0 4500.0
1516084164.67 1 1 2500.0 2488.57574269 4500.0 4500.0
1516084164.78 1 1 2500.0 2489.14695555 4500.0 4500.0
1516084164.95 1 1 2500.0 2489.68960777 4500.0 4500.0
1516084165.03 1 1 2500.0 2490.20512739 4500.0 4500.0
1516084165.13 1 1 2500.0 2490.69487102 4500.0 4500.0
1516084165.3 1 1 2500.0 2491.16012747 4500.0 4500.0
1516084165.38 1 1 2500.0 2491.60212109 4500.0 4500.0
1516084165.47 1 1 2500.0 2492.02201504 4500.0 4500.0
1516084165.57 1 1 2500.0 2492.42091429 4500.0 4500.0
1516084165.68 1 1 2500.0 2492.79986857 4500.0 4500.0
1516084165.77 1 1 2500.0 2493.15987514 4500.0 4500.0
1516084165.88 1 1 2500.0 2493.50188139 4500.0 4500.0
1516084165.97 1 1 2500.0 2493.82678732 4500.0 4500.0
1516084166.08 1 1 2500.0 2494.13544795 4500.0 4500.0
1516084166.18 1 1 2500.0 2494.42867555 4500.0 4500.0
1516084166.27 1 1 2500.0 2494.70724178 4500.0 4500.0
1516084166.38 1 1 2500.0 2494.97187969 4500.0 4500.0
1516084166.48 1 1 2500.0 2495.2232857 4500.0 4500.0
1516084166.58 1 1 2500.0 2495.46212142 4500.0 4500.0
1516084166.68 1 1 2500.0 2495.68901535 4500.0 4500.0
1516084166.78 1 1 2500.0 2495.90456458 4500.0 4500.0
1516084166.88 1 1 2500.0 2496.10933635 4500.0 4500.0
1516084166.98 1 1 2500.0 2496.30386953 4500.0 4500.0
1516084167.07 1 1 2500.0 2496.48867606 4500.0 4500.0
1516084167.17 1 1 2500.0 2496.66424225 4500.0 4500.0
1516084167.28 1 1 2500.0 2496.83103014 4500.0 4500.0
1516084167.38 1 1 2500.0 2496.98947863 4500.0 4500.0
1516084167.54 1 1 2500.0 2497.1400047 4500.0 4500.0
1516084167.61 1 1 2500.0 2497.28300447 4500.0 4500.0
1516084167.7 1 1 2500.0 2497.41885424 4500.0 4500.0
1516084167.81 1 1 2500.0 2497.54791153 4500.0 4500.0
1516084167.91 1 1 2500.0 2497.67051595 4500.0 4500.0
1516084168.01 1 1 2500.0 2497.78699016 4500.0 4500.0
1516084168.1 1 1 2500.0 2497.89764065 4500.0 4500.0
1516084168.21 1 1 2500.0 2498.00275862 4500.0 4500.0
1516084168.31 1 1 2500.0 2498.10262069 4500.0 4500.0
1516084168.45 1 1 2500.0 2498.19748965 4500.0 4500.0
1516084168.51 1 1 2500.0 2498.28761517 4500.0 4500.0
1516084168.61 1 1 2500.0 2498.37323441 4500.0 4500.0
1516084168.71 1 1 2500.0 2498.45457269 4500.0 4500.0
1516084168.81 1 1 2500.0 2498.53184406 4500.0 4500.0
1516084168.91 1 1 2500.0 2498.60525185 4500.0 4500.0
1516084169.01 1 1 2500.0 2498.67498926 4500.0 4500.0
1516084169.11 1 1 2500.0 2498.7412398 4500.0 4500.0
1516084169.21 1 1 2500.0 2498.80417781 4500.0 4500.0
1516084169.31 1 1 2500.0 2498.86396892 4500.0 4500.0
1516084169.41 1 1 2500.0 2498.92077047 4500.0 4500.0
1516084169.52 1 1 2500.0 2498.97473195 4500.0 4500.0
1516084169.69 1 1 2500.0 2499.02599535 4500.0 4500.0
1516084169.77 1 1 2500.0 2499.07469558 4500.0 4500.0
1516084169.86 1 1 2500.0 2499.1209608 4500.0 4500.0
1516084169.97 1 1 2500.0 2499.16491276 4500.0 4500.0
1516084170.07 1 1 2500.0 2499.20666713 4500.0 4500.0
1516084170.17 1 1 2500.0 2499.24633377 4500.0 4500.0
1516084170.26 1 1 2500.0 2499.28401708 4500.0 4500.0
1516084170.36 1 1 2500.0 2499.31981623 4500.0 4500.0
1516084170.47 1 1 2500.0 2499.35382542 4500.0 4500.0
1516084170.56 1 1 2500.0 2499.38613414 4500.0 4500.0
1516084170.66 1 1 2500.0 2499.41682744 4500.0 4500.0
1516084170.77 1 1 2500.0 2499.44598607 4500.0 4500.0
1516084170.86 1 1 2500.0 2499.47368676 4500.0 4500.0
1516084170.96 1 1 2500.0 2499.50000242 4500.0 4500.0
1516084171.06 1 1 2500.0 2499.5250023 4500.0 4500.0
1516084171.16 1 1 2500.0 2499.54875219 4500.0 4500.0
1516084171.27 1 1 2500.0 2499.57131458 4500.0 4500.0
1516084171.37 1 1 2500.0 2499.59274885 4500.0 4500.0
1516084171.47 1 1 2500.0 2499.61311141 4500.0 4500.0
1516084171.57 1 1 2500.0 2499.63245584 4500.0 4500.0
1516084171.67 1 1 2500.0 2499.65083304 4500.0 4500.0
1516084171.83 1 1 2500.0 2499.66829139 4500.0 4500.0
1516084171.9 1 1 2500.0 2499.68487682 4500.0 4500.0
1516084171.99 1 1 2500.0 2499.70063298 4500.0 4500.0
1516084172.09 1 1 2500.0 2499.71560133 4500.0 4500.0
1516084172.19 1 1 2500.0 2499.72982127 4500.0 4500.0
1516084172.29 1 1 2500.0 2499.7433302 4500.0 4500.0
1516084172.39 1 1 2500.0 2499.75616369 4500.0 4500.0
1516084172.55 1 1 2500.0 2499.76835551 4500.0 4500.0
1516084172.62 1 1 2500.0 2499.77993773 4500.0 4500.0
1516084172.7 1 1 2500.0 2499.79094085 4500.0 4500.0
1516084172.81 1 1 2500.0 2499.8013938 4500.0 4500.0
1516084172.91 1 1 2500.0 2499.81132411 4500.0 4500.0
1516084173.01 1 1 2500.0 2499.82075791 4500.0 4500.0
1516084173.11 1 1 2500.0 2499.82972001 4500.0 4500.0
1516084173.21 1 1 2500.0 2499.83823401 4500.0 4500.0
1516084173.32 1 1 2500.0 2499.84632231 4500.0 4500.0
1516084173.41 1 1 2500.0 2499.8540062 4500.0 4500.0
1516084173.51 1 1 2500.0 2499.86130589 4500.0 4500.0
1516084173.61 1 1 2500.0 2499.86824059 4500.0 4500.0
1516084173.76 1 1 2500.0 2499.87482856 4500.0 4500.0
1516084173.85 1 1 2500.0 2499.88108713 4500.0 4500.0
1516084173.93 1 1 2500.0 2499.88703278 4500.0 4500.0
1516084174.03 1 1 2500.0 2499.89268114 4500.0 4500.0
1516084174.13 1 1 2500.0 2499.89804708 4500.0 4500.0
1516084174.23 1 1 2500.0 2499.90314473 4500.0 4500.0
1516084174.33 1 1 2500.0 2499.90798749 4500.0 4500.0
1516084174.43 1 1 2500.0 2499.91258812 4500.0 4500.0
1516084174.53 1 1 2500.0 2499.91695871 4500.0 4500.0
1516084174.63 1 1 2500.0 2499.92111078 4500.0 4500.0
1516084174.73 1 1 2500.0 2499.92505524 4500.0 4500.0
1516084174.83 1 1 2500.0 2499.92880247 4500.0 4500.0
1516084174.93 1 1 2500.0 2499.93236235 4500.0 4500.0
1516084175.03 1 1 2500.0 2499.93574423 4500.0 4500.0
1516084175.13 1 1 2500.0 2499.93895702 4500.0 4500.0
1516084175.23 1 1 2500.0 2499.94200917 4500.0 4500.0
1516084175.33 1 1 2500.0 2499.94490871 4500.0 4500.0
1516084175.43 1 1 2500.0 2499.94766328 4500.0 4500.0
1516084175.53 1 1 2500.0 2499.95028011 4500.0 4500.0
1516084175.63 1 1 2500.0 2499.95276611 4500.0 4500.0
1516084175.73 1 1 2500.0 2499.9551278 4500.0 4500.0
1516084175.83 1 1 2500.0 2499.95737141 4500.0 4500.0
1516084175.93 1 1 2500.0 2499.95950284 4500.0 4500.0
1516084176.03 1 1 2500.0 2499.9615277 4500.0 4500.0
1516084176.13 1 1 2500.0 2499.96345131 4500.0 4500.0
1516084176.23 1 1 2500.0 2499.96527875 4500.0 4500.0
1516084176.33 1 1 2500.0 2499.96701481 4500.0 4500.0
1516084176.43 1 1 2500.0 2499.96866407 4500.0 4500.0
1516084176.53 1 1 2500.0 2499.97023087 4500.0 4500.0
1516084176.63 1 1 2500.0 2499.97171932 4500.0 4500.0
1516084176.73 1 1 2500.0 2499.97313336 4500.0 4500.0
1516084176.83 1 1 2500.0 2499.97447669 4500.0 4500.0
1516084176.93 1 1 2500.0 2499.97575285 4500.0 4500.0
1516084177.03 1 1 2500.0 2499.97696521 4500.0 4500.0
1516084177.13 1 1 2500.0 2499.97811695 4500.0 4500.0
1516084177.24 1 1 2500.0 2499.9792111 4500.0 4500.0
1516084177.34 1 1 2500.0 2499.98025055 4500.0 4500.0
1516084177.44 1 1 2500.0 2499.98123802 4500.0 4500.0
1516084177.53 1 1 2500.0 2499.98217612 4500.0 4500.0
1516084177.63 1 1 2500.0 2499.98306731 4500.0 4500.0
1516084177.74 1 1 2500.0 2499.98391395 4500.0 4500.0
1516084177.84 1 1 2500.0 2499.98471825 4500.0 4500.0
1516084177.93 1 1 2500.0 2499.98548234 4500.0 4500.0
1516084178.04 1 1 2500.0 2499.98620822 4500.0 4500.0
1516084178.13 1 1 2500.0 2499.98689781 4500.0 4500.0
1516084178.23 1 1 2500.0 2499.98755292 4500.0 4500.0
1516084178.34 1 1 2500.0 2499.98817527 4500.0 4500.0
1516084178.44 1 1 2500.0 2499.98876651 4500.0 4500.0
1516084178.54 1 1 2500.0 2499.98932818 4500.0 4500.0
1516084178.64 1 1 2500.0 2499.98986178 4500.0 4500.0
1516084178.74 1 1 2500.0 2499.99036869 4500.0 4500.0
1516084178.84 1 1 2500.0 2499.99085025 4500.0 4500.0
1516084178.94 1 1 2500.0 2499.99130774 4500.0 4500.0
1516084179.03 1 1 2500.0 2499.99174235 4500.0 4500.0
1516084179.14 1 1 2500.0 2499.99215524 4500.0 4500.0
1516084179.24 1 1 2500.0 2499.99254747 4500.0 4500.0
1516084179.33 1 1 2500.0 2499.9929201 4500.0 4500.0
1516084179.44 1 1 2500.0 2499.99327409 4500.0 4500.0
1516084179.54 1 1 2500.0 2499.99361039 4500.0 4500.0
1516084179.63 1 1 2500.0 2499.99392987 4500.0 4500.0
1516084179.74 1 1 2500.0 2499.99423338 4500.0 4500.0
1516084179.84 1 1 2500.0 2499.99452171 4500.0 4500.0
1516084179.94 1 1 2500.0 2499.99479562 4500.0 4500.0
1516084180.04 1 1 2500.0 2499.99505584 4500.0 4500.0
1516084180.14 1 1 2500.0 2499.99530305 4500.0 4500.0
1516084180.24 1 1 2500.0 2499.9955379 4500.0 4500.0
1516084180.34 1 1 2500.0 2499.995761 4500.0 4500.0
1516084180.44 1 1 2500.0 2499.99597295 4500.0 4500.0
1516084180.54 1 1 2500.0 2499.9961743 4500.0 4500.0
1516084180.65 1 1 2500.0 2499.99636559 4500.0 4500.0
1516084180.74 1 1 2500.0 2499.99654731 4500.0 4500.0
1516084180.84 1 1 2500.0 2499.99671994 4500.0 4500.0
1516084180.94 1 1 2500.0 2499.99688395 4500.0 4500.0
1516084181.04 1 1 2500.0 2499.99703975 4500.0 4500.0
1516084181.14 1 1 2500.0 2499.99718776 4500.0 4500.0
1516084181.24 1 1 2500.0 2499.99732837 4500.0 4500.0
1516084181.34 1 1 2500.0 2499.99746196 4500.0 4500.0
1516084181.44 1 1 2500.0 2499.99758886 4500.0 4500.0
1516084181.54 1 1 2500.0 2499.99770941 4500.0 4500.0
1516084181.64 1 1 2500.0 2499.99782394 4500.0 4500.0
1516084181.74 1 1 2500.0 2499.99793275 4500.0 4500.0
1516084181.84 1 1 2500.0 2499.99803611 4500.0 4500.0
1516084181.94 1 1 2500.0 2499.9981343 4500.0 4500.0
1516084182.04 1 1 2500.0 2499.99822759 4500.0 4500.0
1516084182.14 1 1 2500.0 2499.99831621 4500.0 4500.0
1516084182.24 1 1 2500.0 2499.9984004 4500.0 4500.0
1516084182.34 1 1 2500.0 2499.99848038 4500.0 4500.0
1516084182.45 1 1 2500.0 2499.99855636 4500.0 4500.0
1516084182.54 1 1 2500.0 2499.99862854 4500.0 4500.0
1516084182.64 1 1 2500.0 2499.99869711 4500.0 4500.0
1516084182.74 1 1 2500.0 2499.99876226 4500.0 4500.0
1516084182.84 1 1 2500.0 2499.99882415 4500.0 4500.0
1516084182.95 1 1 2500.0 2499.99888294 4500.0 4500.0
1516084183.05 1 1 2500.0 2499.99893879 4500.0 4500.0
1516084183.14 1 1 2500.0 2499.99899185 4500.0 4500.0
1516084183.25 1 1 2500.0 2499.99904226 4500.0 4500.0
1516084183.34 1 1 2500.0 2499.99909015 4500.0 4500.0
1516084183.45 1 1 2500.0 2499.99913564 4500.0 4500.0
1516084183.55 1 1 2500.0 2499.99917886 4500.0 4500.0
1516084183.65 1 1 2500.0 2499.99921991 4500.0 4500.0
1516084183.75 1 1 2500.0 2499.99925892 4500.0 4500.0
1516084183.85 1 1 2500.0 2499.99929597 4500.0 4500.0
1516084183.95 1 1 2500.0 2499.99933117 4500.0 4500.0
1516084184.05 1 1 2500.0 2499.99936462 4500.0 4500.0
1516084184.15 1 1 2500.0 2499.99939638 4500.0 4500.0
1516084184.26 1 1 2500.0 2499.99942657 4500.0 4500.0
1516084184.35 1 1 2500.0 2499.99945524 4500.0 4500.0
1516084184.45 1 1 2500.0 2499.99948248 4500.0 4500.0
1516084184.56 1 1 2500.0 2499.99950835 4500.0 4500.0
1516084184.66 1 1 2500.0 2499.99953293 4500.0 4500.0
1516084184.76 1 1 2500.0 2499.99955629 4500.0 4500.0
1516084184.86 1 1 2500.0 2499.99957847 4500.0 4500.0
1516084184.96 1 1 2500.0 2499.99959955 4500.0 4500.0
1516084185.06 1 1 2500.0 2499.99961957 4500.0 4500.0
1516084185.16 1 1 2500.0 2499.99963859 4500.0 4500.0
1516084185.26 1 1 2500.0 2499.99965666 4500.0 4500.0
1516084185.36 1 1 2500.0 2499.99967383 4500.0 4500.0
1516084185.46 1 1 2500.0 2499.99969014 4500.0 4500.0
1516084185.56 1 1 2500.0 2499.99970563 4500.0 4500.0
1516084185.66 1 1 2500.0 2499.99972035 4500.0 4500.0
1516084185.76 1 1 2500.0 2499.99973433 4500.0 4500.0
1516084185.86 1 1 2500.0 2499.99974762 4500.0 4500.0
1516084185.97 1 1 2500.0 2499.99976024 4500.0 4500.0
1516084186.06 1 1 2500.0 2499.99977222 4500.0 4500.0
1516084186.16 1 1 2500.0 2499.99978361 4500.0 4500.0
1516084186.26 1 1 2500.0 2499.99979443 4500.0 4500.0
1516084186.36 1 1 2500.0 2499.99980471 4500.0 4500.0
1516084186.46 1 1 2500.0 2499.99981447 4500.0 4500.0
1516084186.57 1 1 2500.0 2499.99982375 4500.0 4500.0
1516084186.66 1 1 2500.0 2499.99983256 4500.0 4500.0
1516084186.76 1 1 2500.0 2499.99984094 4500.0 4500.0
1516084186.86 1 1 2500.0 2499.99984889 4500.0 4500.0
1516084186.97 1 1 2500.0 2499.99985644 4500.0 4500.0
1516084187.06 1 1 2500.0 2499.99986362 4500.0 4500.0
1516084187.17 1 1 2500.0 2499.99987044 4500.0 4500.0
1516084187.27 1 1 2500.0 2499.99987692 4500.0 4500.0
1516084187.37 1 1 2500.0 2499.99988307 4500.0 4500.0
1516084187.46 1 1 2500.0 2499.99988892 4500.0 4500.0
1516084187.57 1 1 2500.0 2499.99989447 4500.0 4500.0
1516084187.66 1 1 2500.0 2499.99989975 4500.0 4500.0
1516084187.77 1 1 2500.0 2499.99990476 4500.0 4500.0
1516084187.87 1 1 2500.0 2499.99990952 4500.0 4500.0
1516084187.97 1 1 2500.0 2499.99991405 4500.0 4500.0
1516084188.07 1 1 2500.0 2499.99991835 4500.0 4500.0
1516084188.17 1 1 2500.0 2499.99992243 4500.0 4500.0
1516084188.27 1 1 2500.0 2499.99992631 4500.0 4500.0
1516084188.37 1 1 2500.0 2499.99992999 4500.0 4500.0
1516084188.47 1 1 2500.0 2499.99993349 4500.0 4500.0
1516084188.56 1 1 2500.0 2499.99993682 4500.0 4500.0
1516084188.66 1 1 2500.0 2499.99993998 4500.0 4500.0
1516084188.77 1 1 2500.0 2499.99994298 4500.0 4500.0
1516084188.86 1 1 2500.0 2499.99994583 4500.0 4500.0
1516084188.97 1 1 2500.0 2499.99994854 4500.0 4500.0
1516084189.07 1 1 2500.0 2499.99995111 4500.0 4500.0
1516084189.16 1 1 2500.0 2499.99995355 4500.0 4500.0
1516084189.27 1 1 2500.0 2499.99995588 4500.0 4500.0
1516084189.37 1 1 2500.0 2499.99995808 4500.0 4500.0
1516084189.47 1 1 2500.0 2499.99996018 4500.0 4500.0
1516084189.57 1 1 2500.0 2499.99996217 4500.0 4500.0
1516084189.66 1 1 2500.0 2499.99996406 4500.0 4500.0
1516084189.77 1 1 2500.0 2499.99996586 4500.0 4500.0
1516084189.87 1 1 2500.0 2499.99996757 4500.0 4500.0
1516084189.97 1 1 2500.0 2499.99996919 4500.0 4500.0
1516084190.07 1 1 2500.0 2499.99997073 4500.0 4500.0
1516084190.17 1 1 2500.0 2499.99997219 4500.0 4500.0
1516084190.27 1 1 2500.0 2499.99997358 4500.0 4500.0
1516084190.37 1 1 2500.0 2499.9999749 4500.0 4500.0
1516084190.48 1 1 2500.0 2499.99997616 4500.0 4500.0
1516084190.56 1 1 2500.0 2499.99997735 4500.0 4500.0
1516084190.68 1 1 2500.0 2499.99997848 4500.0 4500.0
1516084190.77 1 1 2500.0 2499.99997956 4500.0 4500.0
1516084190.87 1 1 2500.0 2499.99998058 4500.0 4500.0
1516084190.97 1 1 2500.0 2499.99998155 4500.0 4500.0
1516084191.07 1 1 2500.0 2499.99998247 4500.0 4500.0
1516084191.17 1 1 2500.0 2499.99998335 4500.0 4500.0
1516084191.27 1 1 2500.0 2499.99998418 4500.0 4500.0
1516084191.37 1 1 2500.0 2499.99998497 4500.0 4500.0
1516084191.47 1 1 2500.0 2499.99998572 4500.0 4500.0
1516084191.57 1 1 2500.0 2499.99998644 4500.0 4500.0
1516084191.67 1 1 2500.0 2499.99998712 4500.0 4500.0
1516084191.78 1 1 2500.0 2499.99998776 4500.0 4500.0
1516084191.87 1 1 2500.0 2499.99998837 4500.0 4500.0
1516084191.97 1 1 2500.0 2499.99998895 4500.0 4500.0
1516084192.07 1 1 2500.0 2499.99998951 4500.0 4500.0
1516084192.18 1 1 2500.0 2499.99999003 4500.0 4500.0
1516084192.27 1 1 2500.0 2499.99999053 4500.0 4500.0
1516084192.38 1 1 2500.0 2499.999991 4500.0 4500.0
1516084192.48 1 1 2500.0 2499.99999145 4500.0 4500.0
1516084192.58 1 1 2500.0 2499.99999188 4500.0 4500.0
1516084192.67 1 1 2500.0 2499.99999229 4500.0 4500.0
1516084192.78 1 1 2500.0 2499.99999267 4500.0 4500.0
1516084192.87 1 1 2500.0 2499.99999304 4500.0 4500.0
1516084192.98 1 1 2500.0 2499.99999339 4500.0 4500.0
1516084193.07 1 1 2500.0 2499.99999372 4500.0 4500.0
1516084193.17 1 1 2500.0 2499.99999403 4500.0 4500.0
1516084193.27 1 1 2500.0 2499.99999433 4500.0 4500.0
1516084193.37 1 1 2500.0 2499.99999461 4500.0 4500.0
1516084193.47 1 1 2500.0 2499.99999488 4500.0 4500.0
1516084193.57 1 1 2500.0 2499.99999514 4500.0 4500.0
1516084193.68 1 1 2500.0 2499.99999538 4500.0 4500.0
1516084193.77 1 1 2500.0 2499.99999561 4500.0 4500.0
1516084193.87 1 1 2500.0 2499.99999583 4500.0 4500.0
1516084193.97 1 1 2500.0 2499.99999604 4500.0 4500.0
1516084194.07 1 1 2500.0 2499.99999624 4500.0 4500.0
1516084194.18 1 1 2500.0 2499.99999643 4500.0 4500.0
1516084194.28 1 1 2500.0 2499.9999966 4500.0 4500.0
1516084194.38 1 1 2500.0 2499.99999677 4500.0 4500.0
1516084194.48 1 1 2500.0 2499.99999694 4500.0 4500.0
1516084194.58 1 1 2500.0 2499.99999709 4500.0 4500.0
1516084194.68 1 1 2500.0 2499.99999723 4500.0 4500.0
1516084194.78 1 1 2500.0 2499.99999737 4500.0 4500.0
1516084194.88 1 1 2500.0 2499.9999975 4500.0 4500.0
1516084194.98 1 1 2500.0 2499.99999763 4500.0 4500.0
1516084195.08 1 1 2500.0 2499.99999775 4500.0 4500.0
1516084195.18 1 1 2500.0 2499.99999786 4500.0 4500.0
1516084195.28 1 1 2500.0 2499.99999797 4500.0 4500.0
1516084195.38 1 1 2500.0 2499.99999807 4500.0 4500.0
1516084195.48 1 1 2500.0 2499.99999817 4500.0 4500.0
1516084195.58 1 1 2500.0 2499.99999826 4500.0 4500.0
1516084195.68 1 1 2500.0 2499.99999834 4500.0 4500.0
1516084195.78 1 1 2500.0 2499.99999843 4500.0 4500.0
1516084195.88 1 1 2500.0 2499.99999851 4500.0 4500.0
1516084195.98 1 1 2500.0 2499.99999858 4500.0 4500.0
1516084196.08 1 1 2500.0 2499.99999865 4500.0 4500.0
1516084196.18 1 1 2500.0 2499.99999872 4500.0 4500.0
1516084196.28 1 1 2500.0 2499.99999878 4500.0 4500.0
1516084196.38 1 1 2500.0 2499.99999884 4500.0 4500.0
1516084196.48 1 1 2500.0 2499.9999989 4500.0 4500.0
1516084196.58 1 1 2500.0 2499.99999896 4500.0 4500.0
1516084196.69 1 1 2500.0 2499.99999901 4500.0 4500.0
1516084196.78 1 1 2500.0 2499.99999906 4500.0 4500.0
1516084196.88 1 1 2500.0 2499.99999911 4500.0 4500.0
1516084196.97 1 1 2500.0 2499.99999915 4500.0 4500.0
1516084197.08 1 1 2500.0 2499.99999919 4500.0 4500.0
1516084197.18 1 1 2500.0 2499.99999923 4500.0 4500.0
1516084197.28 1 1 2500.0 2499.99999927 4500.0 4500.0
1516084197.38 1 1 2500.0 2499.99999931 4500.0 4500.0
1516084197.48 1 1 2500.0 2499.99999934 4500.0 4500.0
1516084197.58 1 1 2500.0 2499.99999938 4500.0 4500.0
1516084197.68 1 1 2500.0 2499.99999941 4500.0 4500.0
1516084197.78 1 1 2500.0 2499.99999944 4500.0 4500.0
1516084197.88 1 1 2500.0 2499.99999946 4500.0 4500.0
1516084197.99 1 1 2500.0 2499.99999949 4500.0 4500.0
1516084198.08 1 1 2500.0 2499.99999952 4500.0 4500.0
1516084198.19 1 1 2500.0 2499.99999954 4500.0 4500.0
1516084198.28 1 1 2500.0 2499.99999956 4500.0 4500.0
1516084198.38 1 1 2500.0 2499.99999959 4500.0 4500.0
1516084198.48 1 1 2500.0 2499.99999961 4500.0 4500.0
1516084198.59 1 1 2500.0 2499.99999963 4500.0 4500.0
1516084198.69 1 1 2500.0 2499.99999964 4500.0 4500.0
1516084198.78 1 1 2500.0 2499.99999966 4500.0 4500.0
1516084198.89 1 1 2500.0 2499.99999968 4500.0 4500.0
1516084198.99 1 1 2500.0 2499.9999997 4500.0 4500.0
1516084199.09 1 1 2500.0 2499.99999971 4500.0 4500.0
1516084199.18 1 1 2500.0 2499.99999973 4500.0 4500.0
1516084199.28 1 1 2500.0 2499.99999974 4500.0 4500.0
1516084199.38 1 1 2500.0 2499.99999975 4500.0 4500.0
1516084199.49 1 1 2500.0 2499.99999976 4500.0 4500.0
1516084199.58 1 1 2500.0 2499.99999978 4500.0 4500.0
1516084199.69 1 1 2500.0 2499.99999979 4500.0 4500.0
1516084199.78 1 1 2500.0 2499.9999998 4500.0 4500.0
1516084199.88 1 1 2500.0 2499.99999981 4500.0 4500.0
1516084199.99 1 1 2500.0 2499.99999982 4500.0 4500.0
1516084200.08 1 1 2500.0 2499.99999983 4500.0 4500.0
1516084200.18 1 1 2500.0 2499.99999984 4500.0 4500.0
1516084200.29 1 1 2500.0 2499.99999984 4500.0 4500.0
1516084200.39 1 1 2500.0 2499.99999985 4500.0 4500.0
1516084200.49 1 1 2500.0 2499.99999986 4500.0 4500.0
1516084200.59 1 1 2500.0 2499.99999987 4500.0 4500.0
1516084200.69 1 1 2500.0 2499.99999987 4500.0 4500.0
1516084200.79 1 1 2500.0 2499.99999988 4500.0 4500.0
1516084200.88 1 1 2500.0 2499.99999989 4500.0 4500.0
1516084200.98 1 1 2500.0 2499.99999989 4500.0 4500.0
1516084201.09 1 1 2500.0 2499.9999999 4500.0 4500.0
1516084201.19 1 1 2500.0 2499.9999999 4500.0 4500.0
1516084201.29 1 1 2500.0 2499.99999991 4500.0 4500.0
1516084201.39 1 1 2500.0 2499.99999991 4500.0 4500.0
1516084201.48 1 1 2500.0 2499.99999992 4500.0 4500.0
1516084201.59 1 1 2500.0 2499.99999992 4500.0 4500.0
1516084201.69 1 1 2500.0 2499.99999992 4500.0 4500.0
1516084201.78 1 1 2500.0 2499.99999993 4500.0 4500.0
1516084201.89 1 1 2500.0 2499.99999993 4500.0 4500.0
1516084201.99 1 1 2500.0 2499.99999993 4500.0 4500.0
1516084202.1 1 1 2500.0 2499.99999994 4500.0 4500.0
1516084202.19 1 1 2500.0 2499.99999994 4500.0 4500.0
1516084202.29 1 1 2500.0 2499.99999994 4500.0 4500.0
1516084202.39 1 1 2500.0 2499.99999995 4500.0 4500.0
1516084202.49 1 1 2500.0 2499.99999995 4500.0 4500.0
1516084202.59 1 1 2500.0 2499.99999995 4500.0 4500.0
1516084202.69 1 1 2500.0 2499.99999995 4500.0 4500.0
1516084202.79 1 1 2500.0 2499.99999996 4500.0 4500.0
1516084202.9 1 1 2500.0 2499.99999996 4500.0 4500.0
1516084203.0 1 1 2500.0 2499.99999996 4500.0 4500.0
1516084203.1 1 1 2500.0 2499.99999996 4500.0 4500.0
1516084203.2 1 1 2500.0 2499.99999996 4500.0 4500.0
1516084203.29 1 1 2500.0 2499.99999997 4500.0 4500.0
1516084203.39 1 1 2500.0 2499.99999997 4500.0 4500.0
1516084203.49 1 1 2500.0 2499.99999997 4500.0 4500.0
1516084203.59 1 1 2500.0 2499.99999997 4500.0 4500.0
1516084203.7 1 1 2500.0 2499.99999997 4500.0 4500.0
1516084203.79 1 1 2500.0 2499.99999997 4500.0 4500.0
1516084203.89 1 1 2500.0 2499.99999998 4500.0 4500.0
1516084203.99 1 1 2500.0 2499.99999998 4500.0 4500.0
1516084204.09 1 1 2500.0 2499.99999998 4500.0 4500.0
1516084204.19 1 1 2500.0 2499.99999998 4500.0 4500.0
1516084204.29 1 1 2500.0 2499.99999998 4500.0 4500.0
1516084204.39 1 1 2500.0 2499.99999998 4500.0 4500.0
1516084204.49 1 1 2500.0 2499.99999998 4500.0 4500.0
1516084204.59 1 1 2500.0 2499.99999998 4500.0 4500.0
1516084204.69 1 1 2500.0 2499.99999998 4500.0 4500.0
1516084204.79 1 1 2500.0 2499.99999998 4500.0 4500.0
1516084204.89 1 1 2500.0 2499.99999999 4500.0 4500.0
1516084205.0 1 1 2500.0 2499.99999999 4500.0 4500.0
1516084205.1 1 1 2500.0 2499.99999999 4500.0 4500.0
1516084205.19 1 1 2500.0 2499.99999999 4500.0 4500.0
1516084205.3 1 1 2500.0 2499.99999999 4500.0 4500.0
1516084205.39 1 1 2500.0 2499.99999999 4500.0 4500.0
1516084205.49 1 1 2500.0 2499.99999999 4500.0 4500.0
1516084205.59 1 1 2500.0 2499.99999999 4500.0 4500.0
1516084205.7 1 1 2500.0 2499.99999999 4500.0 4500.0
1516084205.79 1 1 2500.0 2499.99999999 4500.0 4500.0
1516084205.89 1 1 2500.0 2499.99999999 4500.0 4500.0
1516084206.01 1 1 2500.0 2499.99999999 4500.0 4500.0
1516084206.1 1 1 2500.0 2499.99999999 4500.0 4500.0
1516084206.2 1 1 2500.0 2499.99999999 4500.0 4500.0
1516084206.3 1 1 2500.0 2499.99999999 4500.0 4500.0
1516084206.4 1 1 2500.0 2499.99999999 4500.0 4500.0
1516084206.5 1 1 2500.0 2499.99999999 4500.0 4500.0
1516084206.6 1 1 2500.0 2499.99999999 4500.0 4500.0
1516084206.71 1 1 2500.0 2499.99999999 4500.0 4500.0
1516084206.8 1 1 2500.0 2499.99999999 4500.0 4500.0
1516084206.9 1 1 2500.0 2499.99999999 4500.0 4500.0
1516084207.01 1 1 2500.0 2499.99999999 4500.0 4500.0
1516084207.11 1 1 2500.0 2500.0 4500.0 4500.0
1516084207.2 1 1 2500.0 2500.0 4500.0 4500.0
1516084207.3 1 1 2500.0 2500.0 4500.0 4500.0
1516084207.4 1 1 2500.0 2500.0 4500.0 4500.0
1516084207.51 1 1 2500.0 2500.0 4500.0 4500.0
1516084207.61 1 1 2500.0 2500.0 4500.0 4500.0
1516084207.71 1 1 2500.0 2500.0 4500.0 4500.0
1516084207.81 1 1 2500.0 2500.0 4500.0 4500.0
1516084207.91 1 1 2500.0 2500.0 4500.0 4500.0
1516084208.01 1 1 2500.0 2500.0 4500.0 4500.0
1516084208.11 1 1 2500.0 2500.0 4500.0 4500.0
1516084208.21 1 1 2500.0 2500.0 4500.0 4500.0
1516084208.3 1 1 2500.0 2500.0 4500.0 4500.0
1516084208.41 1 1 2500.0 2500.0 4500.0 4500.0
1516084208.51 1 1 2500.0 2500.0 4500.0 4500.0
1516084208.6 1 1 2500.0 2500.0 4500.0 4500.0
1516084208.71 1 1 2500.0 2500.0 4500.0 4500.0
1516084208.8 1 1 2500.0 2500.0 4500.0 4500.0
1516084208.91 1 1 2500.0 2500.0 4500.0 4500.0
1516084209.01 1 1 2500.0 2500.0 4500.0 4500.0
1516084209.11 1 1 2500.0 2500.0 4500.0 4500.0
1516084209.21 1 1 2500.0 2500.0 4500.0 4500.0
1516084209.31 1 1 2500.0 2500.0 4500.0 4500.0
1516084209.41 1 1 2500.0 2500.0 4500.0 4500.0
1516084209.52 1 1 2500.0 2500.0 4500.0 4500.0
1516084209.61 1 1 2500.0 2500.0 4500.0 4500.0
1516084209.71 1 1 2500.0 2500.0 4500.0 4500.0
1516084209.82 1 1 2500.0 2500.0 4500.0 4500.0
1516084209.91 1 1 2500.0 2500.0 4500.0 4500.0
1516084210.02 1 1 2500.0 2500.0 4500.0 4500.0
1516084210.11 1 1 2500.0 2500.0 4500.0 4500.0
1516084210.21 1 1 2500.0 2500.0 4500.0 4500.0
1516084210.33 1 1 2500.0 2500.0 4500.0 4500.0
1516084210.41 1 1 2500.0 2500.0 4500.0 4500.0
1516084210.52 1 1 2500.0 2500.0 4500.0 4500.0
1516084210.62 1 1 2500.0 2500.0 4500.0 4500.0
1516084210.71 1 1 2500.0 2500.0 4500.0 4500.0
1516084210.81 1 1 2500.0 2500.0 4500.0 4500.0
1516084210.91 1 1 2500.0 2500.0 4500.0 4500.0
1516084211.02 1 1 2500.0 2500.0 4500.0 4500.0
1516084211.12 1 1 2500.0 2500.0 4500.0 4500.0
1516084211.22 1 1 2500.0 2500.0 4500.0 4500.0
1516084211.32 1 1 2500.0 2500.0 4500.0 4500.0
1516084211.42 1 1 2500.0 2500.0 4500.0 4500.0
1516084211.51 1 1 2500.0 2500.0 4500.0 4500.0
1516084211.62 1 1 2500.0 2500.0 4500.0 4500.0
1516084211.72 1 1 2500.0 2500.0 4500.0 4500.0
1516084211.82 1 1 2500.0 2500.0 4500.0 4500.0
1516084211.92 1 1 2500.0 2500.0 4500.0 4500.0
1516084212.02 1 1 2500.0 2500.0 4500.0 4500.0
1516084212.12 1 1 2500.0 2500.0 4500.0 4500.0
1516084212.22 1 1 2500.0 2500.0 4500.0 4500.0
1516084212.32 1 1 2500.0 2500.0 4500.0 4500.0
1516084212.42 1 1 2500.0 2500.0 4500.0 4500.0
1516084212.52 1 1 2500.0 2500.0 4500.0 4500.0
1516084212.62 1 1 2500.0 2500.0 4500.0 4500.0
1516084212.72 1 1 2500.0 2500.0 4500.0 4500.0
1516084212.82 1 1 2500.0 2500.0 4500.0 4500.0
1516084212.92 1 1 2500.0 2500.0 4500.0 4500.0
1516084213.03 1 1 2500.0 2500.0 4500.0 4500.0
1516084213.12 1 1 2500.0 2500.0 4500.0 4500.0
1516084213.22 1 1 2500.0 2500.0 4500.0 4500.0
1516084213.32 1 1 2500.0 2500.0 4500.0 4500.0
1516084213.42 1 1 2500.0 2500.0 4500.0 4500.0
1516084213.52 1 1 2500.0 2500.0 4500.0 4500.0
1516084213.63 1 1 2500.0 2500.0 4500.0 4500.0
1516084213.72 1 1 2500.0 2500.0 4500.0 4500.0
1516084213.83 1 1 2500.0 2500.0 4500.0 4500.0
1516084213.92 1 1 2500.0 2500.0 4500.0 4500.0
1516084214.03 1 1 2500.0 2500.0 4500.0 4500.0
1516084214.14 1 1 2500.0 2500.0 4500.0 4500.0
1516084214.23 1 1 2500.0 2500.0 4500.0 4500.0
1516084214.33 1 1 2500.0 2500.0 4500.0 4500.0
1516084214.42 1 1 2500.0 2500.0 4500.0 4500.0
1516084214.52 1 1 2500.0 2500.0 4500.0 4500.0
1516084214.63 1 1 2500.0 2500.0 4500.0 4500.0
1516084214.73 1 1 2500.0 2500.0 4500.0 4500.0
1516084214.82 1 1 2500.0 2500.0 4500.0 4500.0
1516084214.93 1 1 2500.0 2500.0 4500.0 4500.0
1516084215.03 1 1 2500.0 2500.0 4500.0 4500.0
1516084215.12 1 1 2500.0 2500.0 4500.0 4500.0
1516084215.23 1 1 2500.0 2500.0 4500.0 4500.0
1516084215.34 1 1 2500.0 2500.0 4500.0 4500.0
1516084215.43 1 1 2500.0 2500.0 4500.0 4500.0
1516084215.53 1 1 2500.0 2500.0 4500.0 4500.0
1516084215.63 1 1 2500.0 2500.0 4500.0 4500.0
1516084215.73 1 1 2500.0 2500.0 4500.0 4500.0
1516084215.83 1 1 2500.0 2500.0 4500.0 4500.0
1516084215.93 1 1 2500.0 2500.0 4500.0 4500.0
1516084216.04 1 1 2500.0 2500.0 4500.0 4500.0
1516084216.13 1 1 2500.0 2500.0 4500.0 4500.0
1516084216.23 1 1 2500.0 2500.0 4500.0 4500.0
1516084216.33 1 1 2500.0 2500.0 4500.0 4500.0
1516084216.43 1 1 2500.0 2500.0 4500.0 4500.0
1516084216.54 1 1 2500.0 2500.0 4500.0 4500.0
1516084216.64 1 1 2500.0 2500.0 4500.0 4500.0
1516084216.74 1 1 2500.0 2500.0 4500.0 4500.0
1516084216.83 1 1 2500.0 2500.0 4500.0 4500.0
1516084216.93 1 1 2500.0 2500.0 4500.0 4500.0
1516084217.04 1 1 2500.0 2500.0 4500.0 4500.0
1516084217.14 1 1 2500.0 2500.0 4500.0 4500.0
1516084217.24 1 1 2500.0 2500.0 4500.0 4500.0
1516084217.33 1 1 2500.0 2500.0 4500.0 4500.0
1516084217.45 1 1 2500.0 2500.0 4500.0 4500.0
1516084217.54 1 1 2500.0 2500.0 4500.0 4500.0
1516084217.63 1 1 2500.0 2500.0 4500.0 4500.0
1516084217.74 1 1 2500.0 2500.0 4500.0 4500.0
1516084217.84 1 1 2500.0 2500.0 4500.0 4500.0
1516084217.94 1 1 2500.0 2500.0 4500.0 4500.0
1516084218.03 1 1 2500.0 2500.0 4500.0 4500.0
1516084218.14 1 1 2500.0 2500.0 4500.0 4500.0
1516084218.24 1 1 2500.0 2500.0 4500.0 4500.0
1516084218.35 1 1 2500.0 2500.0 4500.0 4500.0
1516084218.44 1 1 2500.0 2500.0 4500.0 4500.0
1516084218.54 1 1 2500.0 2500.0 4500.0 4500.0
1516084218.65 1 1 2500.0 2500.0 4500.0 4500.0
1516084218.75 1 1 2500.0 2500.0 4500.0 4500.0
1516084218.84 1 1 2500.0 2500.0 4500.0 4500.0
1516084218.96 1 1 2500.0 2500.0 4500.0 4500.0
1516084219.05 1 1 2500.0 2500.0 4500.0 4500.0
1516084219.15 1 1 2500.0 2500.0 4500.0 4500.0
1516084219.25 1 1 2500.0 2500.0 4500.0 4500.0
1516084219.35 1 1 2500.0 2500.0 4500.0 4500.0
1516084219.44 1 1 2500.0 2500.0 4500.0 4500.0
1516084219.55 1 1 2500.0 2500.0 4500.0 4500.0
1516084219.65 1 1 2500.0 2500.0 4500.0 4500.0
1516084219.74 1 1 2500.0 2500.0 4500.0 4500.0
1516084219.85 1 1 2500.0 2500.0 4500.0 4500.0
1516084219.94 1 1 2500.0 2500.0 4500.0 4500.0
1516084220.04 1 1 2500.0 2500.0 4500.0 4500.0
1516084220.14 1 1 2500.0 2500.0 4500.0 4500.0
1516084220.25 1 1 2500.0 2500.0 4500.0 4500.0
1516084220.35 1 1 2500.0 2500.0 4500.0 4500.0
1516084220.44 1 1 2500.0 2500.0 4500.0 4500.0
1516084220.55 1 1 2500.0 2500.0 4500.0 4500.0
1516084220.64 1 1 2500.0 2500.0 4500.0 4500.0
1516084220.75 1 1 2500.0 2500.0 4500.0 4500.0
1516084220.84 1 1 2500.0 2500.0 4500.0 4500.0
1516084220.94 1 1 2500.0 2500.0 4500.0 4500.0
1516084221.06 1 1 2500.0 2500.0 4500.0 4500.0
1516084221.15 1 1 2500.0 2500.0 4500.0 4500.0
1516084221.24 1 1 2500.0 2500.0 4500.0 4500.0
1516084221.35 1 1 2500.0 2500.0 4500.0 4500.0
1516084221.45 1 1 2500.0 2500.0 4500.0 4500.0
1516084221.55 1 1 2500.0 2500.0 4500.0 4500.0
1516084221.66 1 1 2500.0 2500.0 4500.0 4500.0
1516084221.76 1 1 2500.0 2500.0 4500.0 4500.0
1516084221.85 1 1 2500.0 2500.0 4500.0 4500.0
1516084221.95 1 1 2500.0 2500.0 4500.0 4500.0
1516084222.05 1 1 2500.0 2500.0 4500.0 4500.0
1516084222.15 1 1 2500.0 2500.0 4500.0 4500.0
1516084222.25 1 1 2500.0 2500.0 4500.0 4500.0
1516084222.36 1 1 2500.0 2500.0 4500.0 4500.0
1516084222.46 1 1 2500.0 2500.0 4500.0 4500.0
1516084222.56 1 1 2500.0 2500.0 4500.0 4500.0
1516084222.66 1 1 2500.0 2500.0 4500.0 4500.0
1516084222.75 1 1 2500.0 2500.0 4500.0 4500.0
1516084222.87 1 1 2500.0 2500.0 4500.0 4500.0
1516084222.95 1 1 2500.0 2500.0 4500.0 4500.0
1516084223.06 1 1 2500.0 2500.0 4500.0 4500.0
1516084223.15 1 1 2500.0 2500.0 4500.0 4500.0
1516084223.26 1 1 2500.0 2500.0 4500.0 4500.0
1516084223.36 1 1 2500.0 2500.0 4500.0 4500.0
1516084223.45 1 1 2500.0 2500.0 4500.0 4500.0
1516084223.55 1 1 2500.0 2500.0 4500.0 4500.0
1516084223.65 1 1 2500.0 2500.0 4500.0 4500.0
1516084223.77 1 1 2500.0 2500.0 4500.0 4500.0
1516084223.86 1 1 2500.0 2500.0 4500.0 4500.0
1516084223.96 1 1 2500.0 2500.0 4500.0 4500.0
1516084224.06 1 1 2500.0 2500.0 4500.0 4500.0
1516084224.16 1 1 2500.0 2500.0 4500.0 4500.0
1516084224.26 1 1 2500.0 2500.0 4500.0 4500.0
1516084224.37 1 1 2500.0 2500.0 4500.0 4500.0
1516084224.46 1 1 2500.0 2500.0 4500.0 4500.0
1516084224.56 1 1 2500.0 2500.0 4500.0 4500.0
1516084224.66 1 1 2500.0 2500.0 4500.0 4500.0
1516084224.76 1 1 2500.0 2500.0 4500.0 4500.0
1516084224.86 1 1 2500.0 2500.0 4500.0 4500.0
1516084224.97 1 1 2500.0 2500.0 4500.0 4500.0
1516084225.07 1 1 2500.0 2500.0 4500.0 4500.0
1516084225.17 1 1 2500.0 2500.0 4500.0 4500.0
1516084225.27 1 1 2500.0 2500.0 4500.0 4500.0
1516084225.37 1 1 2500.0 2500.0 4500.0 4500.0
1516084225.47 1 1 2500.0 2500.0 4500.0 4500.0
1516084225.57 1 1 2500.0 2500.0 4500.0 4500.0
1516084225.67 1 1 2500.0 2500.0 4500.0 4500.0
1516084225.77 1 1 2500.0 2500.0 4500.0 4500.0
1516084225.87 1 1 2500.0 2500.0 4500.0 4500.0
1516084225.97 1 1 2500.0 2500.0 4500.0 4500.0
1516084226.07 1 1 2500.0 2500.0 4500.0 4500.0
1516084226.16 1 1 2500.0 2500.0 4500.0 4500.0
1516084226.27 1 1 2500.0 2500.0 4500.0 4500.0
1516084226.37 1 1 2500.0 2500.0 4500.0 4500.0
1516084226.47 1 1 2500.0 2500.0 4500.0 4500.0
1516084226.57 1 1 2500.0 2500.0 4500.0 4500.0
1516084226.68 1 1 2500.0 2500.0 4500.0 4500.0
1516084226.77 1 1 2500.0 2500.0 4500.0 4500.0
1516084226.87 1 1 2500.0 2500.0 4500.0 4500.0
1516084226.97 1 1 2500.0 2500.0 4500.0 4500.0
1516084227.07 1 1 2500.0 2500.0 4500.0 4500.0
1516084227.17 1 1 2500.0 2500.0 4500.0 4500.0
1516084227.26 1 1 2500.0 2500.0 4500.0 4500.0
1516084227.37 1 1 2500.0 2500.0 4500.0 4500.0
1516084227.47 1 1 2500.0 2500.0 4500.0 4500.0
1516084227.58 1 1 2500.0 2500.0 4500.0 4500.0
1516084227.68 1 1 2500.0 2500.0 4500.0 4500.0
1516084227.77 1 1 2500.0 2500.0 4500.0 4500.0
1516084227.88 1 1 2500.0 2500.0 4500.0 4500.0
1516084227.97 1 1 2500.0 2500.0 4500.0 4500.0
1516084228.07 1 1 2500.0 2500.0 4500.0 4500.0
1516084228.17 1 1 2500.0 2500.0 4500.0 4500.0
1516084228.28 1 1 2500.0 2500.0 4500.0 4500.0
1516084228.38 1 1 2500.0 2500.0 4500.0 4500.0
1516084228.47 1 1 2500.0 2500.0 4500.0 4500.0
1516084228.57 1 1 2500.0 2500.0 4500.0 4500.0
1516084228.68 1 1 2500.0 2500.0 4500.0 4500.0
1516084228.77 1 1 2500.0 2500.0 4500.0 4500.0
1516084228.88 1 1 2500.0 2500.0 4500.0 4500.0
1516084228.98 1 1 2500.0 2500.0 4500.0 4500.0
1516084229.08 1 1 2500.0 2500.0 4500.0 4500.0
1516084229.18 1 1 2500.0 2500.0 4500.0 4500.0
1516084229.27 1 1 2500.0 2500.0 4500.0 4500.0
1516084229.38 1 1 2500.0 2500.0 4500.0 4500.0
1516084229.48 1 1 2500.0 2500.0 4500.0 4500.0
1516084229.57 1 1 2500.0 2500.0 4500.0 4500.0
1516084229.67 1 1 2500.0 2500.0 4500.0 4500.0
1516084229.77 1 1 2500.0 2500.0 4500.0 4500.0
1516084229.88 1 1 2500.0 2500.0 4500.0 4500.0
1516084229.98 1 1 2500.0 2500.0 4500.0 4500.0
1516084230.08 1 1 2500.0 2500.0 4500.0 4500.0
1516084230.17 1 1 2500.0 2500.0 4500.0 4500.0
1516084230.27 1 1 2500.0 2500.0 4500.0 4500.0
1516084230.38 1 1 2500.0 2500.0 4500.0 4500.0
1516084230.47 1 1 2500.0 2500.0 4500.0 4500.0
1516084230.58 1 1 2500.0 2500.0 4500.0 4500.0
1516084230.69 1 1 2500.0 2500.0 4500.0 4500.0
1516084230.77 1 1 2500.0 2500.0 4500.0 4500.0
1516084230.88 1 1 2500.0 2500.0 4500.0 4500.0
1516084230.98 1 1 2500.0 2500.0 4500.0 4500.0
1516084231.07 1 1 2500.0 2500.0 4500.0 4500.0
1516084231.18 1 1 2500.0 2500.0 4500.0 4500.0
1516084231.28 1 1 2500.0 2500.0 4500.0 4500.0
1516084231.38 1 1 2500.0 2500.0 4500.0 4500.0
1516084231.49 1 1 2500.0 2500.0 4500.0 4500.0
1516084231.6 1 1 2500.0 2500.0 4500.0 4500.0
1516084231.68 1 1 2500.0 2500.0 4500.0 4500.0
1516084231.78 1 1 2500.0 2500.0 4500.0 4500.0
1516084231.88 1 1 2500.0 2500.0 4500.0 4500.0
1516084231.98 1 1 2500.0 2500.0 4500.0 4500.0
1516084232.08 1 1 2500.0 2500.0 4500.0 4500.0
1516084232.18 1 1 2500.0 2500.0 4500.0 4500.0
1516084232.28 1 1 2500.0 2500.0 4500.0 4500.0
1516084232.38 1 1 2500.0 2500.0 4500.0 4500.0
1516084232.49 1 1 2500.0 2500.0 4500.0 4500.0
1516084232.58 1 1 2500.0 2500.0 4500.0 4500.0
1516084232.69 1 1 2500.0 2500.0 4500.0 4500.0
1516084232.78 1 1 2500.0 2500.0 4500.0 4500.0
1516084232.88 1 1 2500.0 2500.0 4500.0 4500.0
1516084232.99 1 1 2500.0 2500.0 4500.0 4500.0
1516084233.09 1 1 2500.0 2500.0 4500.0 4500.0
1516084233.19 1 1 2500.0 2500.0 4500.0 4500.0
1516084233.29 1 1 2500.0 2500.0 4500.0 4500.0
1516084233.38 1 1 2500.0 2500.0 4500.0 4500.0
1516084233.48 1 1 2500.0 2500.0 4500.0 4500.0
1516084233.59 1 1 2500.0 2500.0 4500.0 4500.0
1516084233.68 1 1 2500.0 2500.0 4500.0 4500.0
1516084233.79 1 1 2500.0 2500.0 4500.0 4500.0
1516084233.89 1 1 2500.0 2500.0 4500.0 4500.0
1516084233.99 1 1 2500.0 2500.0 4500.0 4500.0
1516084234.09 1 1 2500.0 2500.0 4500.0 4500.0
1516084234.19 1 1 2500.0 2500.0 4500.0 4500.0
1516084234.29 1 1 2500.0 2500.0 4500.0 4500.0
1516084234.39 1 1 2500.0 2500.0 4500.0 4500.0
1516084234.5 1 1 2500.0 2500.0 4500.0 4500.0
1516084234.59 1 1 2500.0 2500.0 4500.0 4500.0
1516084234.69 1 1 2500.0 2500.0 4500.0 4500.0
1516084234.79 1 1 2500.0 2500.0 4500.0 4500.0
1516084234.89 1 1 2500.0 2500.0 4500.0 4500.0
1516084235.0 1 1 2500.0 2500.0 4500.0 4500.0
1516084235.09 1 1 2500.0 2500.0 4500.0 4500.0
1516084235.2 1 1 2500.0 2500.0 4500.0 4500.0
1516084235.29 1 1 2500.0 2500.0 4500.0 4500.0
1516084235.39 1 1 2500.0 2500.0 4500.0 4500.0
1516084235.49 1 1 2500.0 2500.0 4500.0 4500.0
1516084235.59 1 1 2500.0 2500.0 4500.0 4500.0
1516084235.69 1 1 2500.0 2500.0 4500.0 4500.0
1516084235.79 1 1 2500.0 2500.0 4500.0 4500.0
1516084235.9 1 1 2500.0 2500.0 4500.0 4500.0
1516084236.0 1 1 2500.0 2500.0 4500.0 4500.0
1516084236.09 1 1 2500.0 2500.0 4500.0 4500.0
1516084236.19 1 1 2500.0 2500.0 4500.0 4500.0
1516084236.29 1 1 2500.0 2500.0 4500.0 4500.0
1516084236.39 1 1 2500.0 2500.0 4500.0 4500.0
1516084236.5 1 1 2500.0 2500.0 4500.0 4500.0
1516084236.6 1 1 2500.0 2500.0 4500.0 4500.0
1516084236.7 1 1 2500.0 2500.0 4500.0 4500.0
1516084236.8 1 1 2500.0 2500.0 4500.0 4500.0
1516084236.89 1 1 2500.0 2500.0 4500.0 4500.0
1516084237.0 1 1 2500.0 2500.0 4500.0 4500.0
1516084237.09 1 1 2500.0 2500.0 4500.0 4500.0
1516084237.2 1 1 2500.0 2500.0 4500.0 4500.0
1516084237.3 1 1 2500.0 2500.0 4500.0 4500.0
1516084237.39 1 1 2500.0 2500.0 4500.0 4500.0
1516084237.5 1 1 2500.0 2500.0 4500.0 4500.0
1516084237.6 1 1 2500.0 2500.0 4500.0 4500.0
1516084237.71 1 1 2500.0 2500.0 4500.0 4500.0
1516084237.8 1 1 2500.0 2500.0 4500.0 4500.0
1516084237.91 1 1 2500.0 2500.0 4500.0 4500.0
1516084238.01 1 1 2500.0 2500.0 4500.0 4500.0
1516084238.1 1 1 2500.0 2500.0 4500.0 4500.0
1516084238.2 1 1 2500.0 2500.0 4500.0 4500.0
1516084238.3 1 1 2500.0 2500.0 4500.0 4500.0
1516084238.4 1 1 2500.0 2500.0 4500.0 4500.0
1516084238.5 1 1 2500.0 2500.0 4500.0 4500.0
1516084238.6 1 1 2500.0 2500.0 4500.0 4500.0
1516084238.7 1 1 2500.0 2500.0 4500.0 4500.0
1516084238.8 1 1 2500.0 2500.0 4500.0 4500.0
1516084238.9 1 1 2500.0 2500.0 4500.0 4500.0
1516084239.0 1 1 2500.0 2500.0 4500.0 4500.0
1516084239.11 1 1 2500.0 2500.0 4500.0 4500.0
1516084239.2 1 1 2500.0 2500.0 4500.0 4500.0
1516084239.3 1 1 2500.0 2500.0 4500.0 4500.0
1516084239.41 1 1 2500.0 2500.0 4500.0 4500.0
1516084239.5 1 1 2500.0 2500.0 4500.0 4500.0
1516084239.59 1 1 2500.0 2500.0 4500.0 4500.0
1516084239.7 1 1 2500.0 2500.0 4500.0 4500.0
1516084239.8 1 1 2500.0 2500.0 4500.0 4500.0
1516084239.9 1 1 2500.0 2500.0 4500.0 4500.0
1516084240.0 1 1 2500.0 2500.0 4500.0 4500.0
1516084240.1 1 1 2500.0 2500.0 4500.0 4500.0
1516084240.21 1 1 2500.0 2500.0 4500.0 4500.0
1516084240.3 1 1 2500.0 2500.0 4500.0 4500.0
1516084240.41 1 1 2500.0 2500.0 4500.0 4500.0
1516084240.51 1 1 2500.0 2500.0 4500.0 4500.0
1516084240.61 1 1 2500.0 2500.0 4500.0 4500.0
1516084240.71 1 1 2500.0 2500.0 4500.0 4500.0
1516084240.8 1 1 2500.0 2500.0 4500.0 4500.0
1516084240.9 1 1 2500.0 2500.0 4500.0 4500.0
1516084241.0 1 1 2500.0 2500.0 4500.0 4500.0
1516084241.11 1 1 2500.0 2500.0 4500.0 4500.0
1516084241.21 1 1 2500.0 2500.0 4500.0 4500.0
1516084241.31 1 1 2500.0 2500.0 4500.0 4500.0
1516084241.4 1 1 2500.0 2500.0 4500.0 4500.0
1516084241.51 1 1 2500.0 2500.0 4500.0 4500.0
1516084241.6 1 1 2500.0 2500.0 4500.0 4500.0
1516084241.71 1 1 2500.0 2500.0 4500.0 4500.0
1516084241.81 1 1 2500.0 2500.0 4500.0 4500.0
1516084241.91 1 1 2500.0 2500.0 4500.0 4500.0
1516084242.02 1 1 2500.0 2500.0 4500.0 4500.0
1516084242.1 1 1 2500.0 2500.0 4500.0 4500.0
1516084242.21 1 1 2500.0 2500.0 4500.0 4500.0
1516084242.31 1 1 2500.0 2500.0 4500.0 4500.0
1516084242.42 1 1 2500.0 2500.0 4500.0 4500.0
1516084242.52 1 1 2500.0 2500.0 4500.0 4500.0
1516084242.61 1 1 2500.0 2500.0 4500.0 4500.0
1516084242.71 1 1 2500.0 2500.0 4500.0 4500.0
1516084242.81 1 1 2500.0 2500.0 4500.0 4500.0
1516084242.91 1 1 2500.0 2500.0 4500.0 4500.0
1516084243.01 1 1 2500.0 2500.0 4500.0 4500.0
1516084243.11 1 1 2500.0 2500.0 4500.0 4500.0
1516084243.21 1 1 2500.0 2500.0 4500.0 4500.0
1516084243.32 1 1 2500.0 2500.0 4500.0 4500.0
1516084243.41 1 1 2500.0 2500.0 4500.0 4500.0
1516084243.52 1 1 2500.0 2500.0 4500.0 4500.0
1516084243.61 1 1 2500.0 2500.0 4500.0 4500.0
1516084243.71 1 1 2500.0 2500.0 4500.0 4500.0
1516084243.82 1 1 2500.0 2500.0 4500.0 4500.0
1516084243.91 1 1 2500.0 2500.0 4500.0 4500.0
1516084244.01 1 1 2500.0 2500.0 4500.0 4500.0
1516084244.12 1 1 2500.0 2500.0 4500.0 4500.0
1516084244.22 1 1 2500.0 2500.0 4500.0 4500.0
1516084244.32 1 1 2500.0 2500.0 4500.0 4500.0
1516084244.42 1 1 2500.0 2500.0 4500.0 4500.0
1516084244.52 1 1 2500.0 2500.0 4500.0 4500.0
1516084244.62 1 1 2500.0 2500.0 4500.0 4500.0
1516084244.71 1 1 2500.0 2500.0 4500.0 4500.0
1516084244.82 1 1 2500.0 2500.0 4500.0 4500.0
1516084244.92 1 1 2500.0 2500.0 4500.0 4500.0
1516084245.02 1 1 2500.0 2500.0 4500.0 4500.0
1516084245.13 1 1 2500.0 2500.0 4500.0 4500.0
1516084245.22 1 1 2500.0 2500.0 4500.0 4500.0
1516084245.32 1 1 2500.0 2500.0 4500.0 4500.0
1516084245.43 1 1 2500.0 2500.0 4500.0 4500.0
1516084245.52 1 1 2500.0 2500.0 4500.0 4500.0
1516084245.62 1 1 2500.0 2500.0 4500.0 4500.0
1516084245.72 1 1 2500.0 2500.0 4500.0 4500.0
1516084245.83 1 1 2500.0 2500.0 4500.0 4500.0
1516084245.92 1 1 2500.0 2500.0 4500.0 4500.0
1516084246.02 1 1 2500.0 2500.0 4500.0 4500.0
1516084246.12 1 1 2500.0 2500.0 4500.0 4500.0
1516084246.23 1 1 2500.0 2500.0 4500.0 4500.0
1516084246.32 1 1 2500.0 2500.0 4500.0 4500.0
1516084246.43 1 1 2500.0 2500.0 4500.0 4500.0
1516084246.52 1 1 2500.0 2500.0 4500.0 4500.0
1516084246.63 1 1 2500.0 2500.0 4500.0 4500.0
1516084246.72 1 1 2500.0 2500.0 4500.0 4500.0
1516084246.82 1 1 2500.0 2500.0 4500.0 4500.0
1516084246.93 1 1 2500.0 2500.0 4500.0 4500.0
1516084247.04 1 1 2500.0 2500.0 4500.0 4500.0
1516084247.13 1 1 2500.0 2500.0 4500.0 4500.0
1516084247.23 1 1 2500.0 2500.0 4500.0 4500.0
1516084247.32 1 1 2500.0 2500.0 4500.0 4500.0
1516084247.43 1 1 2500.0 2500.0 4500.0 4500.0
1516084247.53 1 1 2500.0 2500.0 4500.0 4500.0
1516084247.63 1 1 2500.0 2500.0 4500.0 4500.0
1516084247.72 1 1 2500.0 2500.0 4500.0 4500.0
1516084247.82 1 1 2500.0 2500.0 4500.0 4500.0
1516084247.93 1 1 2500.0 2500.0 4500.0 4500.0
1516084248.03 1 1 2500.0 2500.0 4500.0 4500.0
1516084248.13 1 1 2500.0 2500.0 4500.0 4500.0
1516084248.23 1 1 2500.0 2500.0 4500.0 4500.0
1516084248.33 1 1 2500.0 2500.0 4500.0 4500.0
1516084248.43 1 1 2500.0 2500.0 4500.0 4500.0
1516084248.53 1 1 2500.0 2500.0 4500.0 4500.0
1516084248.63 1 1 2500.0 2500.0 4500.0 4500.0
1516084248.73 1 1 2500.0 2500.0 4500.0 4500.0
1516084248.83 1 1 2500.0 2500.0 4500.0 4500.0
1516084248.93 1 1 2500.0 2500.0 4500.0 4500.0
1516084249.03 1 1 2500.0 2500.0 4500.0 4500.0
1516084249.14 1 1 2500.0 2500.0 4500.0 4500.0
1516084249.23 1 1 2500.0 2500.0 4500.0 4500.0
1516084249.33 1 1 2500.0 2500.0 4500.0 4500.0
1516084249.43 1 1 2500.0 2500.0 4500.0 4500.0
1516084249.53 1 1 2500.0 2500.0 4500.0 4500.0
1516084249.63 1 1 2500.0 2500.0 4500.0 4500.0
1516084249.73 1 1 2500.0 2500.0 4500.0 4500.0
1516084249.84 1 1 2500.0 2500.0 4500.0 4500.0
1516084249.94 1 1 2500.0 2500.0 4500.0 4500.0
1516084250.03 1 1 2500.0 2500.0 4500.0 4500.0
1516084250.13 1 1 2500.0 2500.0 4500.0 4500.0
1516084250.23 1 1 2500.0 2500.0 4500.0 4500.0
1516084250.33 1 1 2500.0 2500.0 4500.0 4500.0
1516084250.44 1 1 2500.0 2500.0 4500.0 4500.0
1516084250.53 1 1 2500.0 2500.0 4500.0 4500.0
1516084250.63 1 1 2500.0 2500.0 4500.0 4500.0
1516084250.73 1 1 2500.0 2500.0 4500.0 4500.0
1516084250.83 1 1 2500.0 2500.0 4500.0 4500.0
1516084250.94 1 1 2500.0 2500.0 4500.0 4500.0
1516084251.03 1 1 2500.0 2500.0 4500.0 4500.0
1516084251.14 1 1 2500.0 2500.0 4500.0 4500.0
1516084251.23 1 1 2500.0 2500.0 4500.0 4500.0
1516084251.33 1 1 2500.0 2500.0 4500.0 4500.0
1516084251.44 1 1 2500.0 2500.0 4500.0 4500.0
1516084251.54 1 1 2500.0 2500.0 4500.0 4500.0
1516084251.64 1 1 2500.0 2500.0 4500.0 4500.0
1516084251.74 1 1 2500.0 2500.0 4500.0 4500.0
1516084251.84 1 1 2500.0 2500.0 4500.0 4500.0
1516084251.94 1 1 2500.0 2500.0 4500.0 4500.0
1516084252.04 1 1 2500.0 2500.0 4500.0 4500.0
1516084252.14 1 1 2500.0 2500.0 4500.0 4500.0
1516084252.24 1 1 2500.0 2500.0 4500.0 4500.0
1516084252.34 1 1 2500.0 2500.0 4500.0 4500.0
1516084252.44 1 1 2500.0 2500.0 4500.0 4500.0
1516084252.54 1 1 2500.0 2500.0 4500.0 4500.0
1516084252.64 1 1 2500.0 2500.0 4500.0 4500.0
1516084252.75 1 1 2500.0 2500.0 4500.0 4500.0
1516084252.84 1 1 2500.0 2500.0 4500.0 4500.0
1516084252.94 1 1 2500.0 2500.0 4500.0 4500.0
1516084253.04 1 1 2500.0 2500.0 4500.0 4500.0
1516084253.14 1 1 2500.0 2500.0 4500.0 4500.0
1516084253.24 1 1 2500.0 2500.0 4500.0 4500.0
1516084253.34 1 1 2500.0 2500.0 4500.0 4500.0
1516084253.45 1 1 2500.0 2500.0 4500.0 4500.0
1516084253.54 1 1 2500.0 2500.0 4500.0 4500.0
1516084253.64 1 1 2500.0 2500.0 4500.0 4500.0
1516084253.74 1 1 2500.0 2500.0 4500.0 4500.0
1516084253.84 1 1 2500.0 2500.0 4500.0 4500.0
1516084253.94 1 1 2500.0 2500.0 4500.0 4500.0
1516084254.04 1 1 2500.0 2500.0 4500.0 4500.0
1516084254.14 1 1 2500.0 2500.0 4500.0 4500.0
1516084254.24 1 1 2500.0 2500.0 4500.0 4500.0
1516084254.35 1 1 2500.0 2500.0 4500.0 4500.0
1516084254.45 1 1 2500.0 2500.0 4500.0 4500.0
1516084254.55 1 1 2500.0 2500.0 4500.0 4500.0
1516084254.64 1 1 2500.0 2500.0 4500.0 4500.0
1516084254.74 1 1 2500.0 2500.0 4500.0 4500.0
1516084254.84 1 1 2500.0 2500.0 4500.0 4500.0
1516084254.95 1 1 2500.0 2500.0 4500.0 4500.0
1516084255.04 1 1 2500.0 2500.0 4500.0 4500.0
1516084255.15 1 1 2500.0 2500.0 4500.0 4500.0
1516084255.25 1 1 2500.0 2500.0 4500.0 4500.0
1516084255.35 1 1 2500.0 2500.0 4500.0 4500.0
1516084255.44 1 1 2500.0 2500.0 4500.0 4500.0
1516084255.55 1 1 2500.0 2500.0 4500.0 4500.0
1516084255.65 1 1 2500.0 2500.0 4500.0 4500.0
1516084255.75 1 1 2500.0 2500.0 4500.0 4500.0
1516084255.84 1 1 2500.0 2500.0 4500.0 4500.0
1516084255.95 1 1 2500.0 2500.0 4500.0 4500.0
1516084256.04 1 1 2500.0 2500.0 4500.0 4500.0
1516084256.14 1 1 2500.0 2500.0 4500.0 4500.0
1516084256.25 1 1 2500.0 2500.0 4500.0 4500.0
1516084256.35 1 1 2500.0 2500.0 4500.0 4500.0
1516084256.45 1 1 2500.0 2500.0 4500.0 4500.0
1516084256.55 1 1 2500.0 2500.0 4500.0 4500.0
1516084256.66 1 1 2500.0 2500.0 4500.0 4500.0
1516084256.75 1 1 2500.0 2500.0 4500.0 4500.0
1516084256.85 1 1 2500.0 2500.0 4500.0 4500.0
1516084256.95 1 1 2500.0 2500.0 4500.0 4500.0
1516084257.05 1 1 2500.0 2500.0 4500.0 4500.0
1516084257.15 1 1 2500.0 2500.0 4500.0 4500.0
1516084257.25 1 1 2500.0 2500.0 4500.0 4500.0
1516084257.35 1 1 2500.0 2500.0 4500.0 4500.0
1516084257.45 1 1 2500.0 2500.0 4500.0 4500.0
1516084257.55 1 1 2500.0 2500.0 4500.0 4500.0
1516084257.65 1 1 2500.0 2500.0 4500.0 4500.0
1516084257.75 1 1 2500.0 2500.0 4500.0 4500.0
1516084257.85 1 1 2500.0 2500.0 4500.0 4500.0
1516084257.95 1 1 2500.0 2500.0 4500.0 4500.0
1516084258.05 1 1 2500.0 2500.0 4500.0 4500.0
1516084258.15 1 1 2500.0 2500.0 4500.0 4500.0
1516084258.25 1 1 2500.0 2500.0 4500.0 4500.0
1516084258.35 1 1 2500.0 2500.0 4500.0 4500.0
1516084258.47 1 1 2500.0 2500.0 4500.0 4500.0
1516084258.55 1 1 2500.0 2500.0 4500.0 4500.0
1516084258.65 1 1 2500.0 2500.0 4500.0 4500.0
1516084258.75 1 1 2500.0 2500.0 4500.0 4500.0
1516084258.85 1 1 2500.0 2500.0 4500.0 4500.0
1516084258.95 1 1 2500.0 2500.0 4500.0 4500.0
1516084259.05 1 1 2500.0 2500.0 4500.0 4500.0
1516084259.16 1 1 2500.0 2500.0 4500.0 4500.0
1516084259.26 1 1 2500.0 2500.0 4500.0 4500.0
1516084259.35 1 1 2500.0 2500.0 4500.0 4500.0
1516084259.45 1 1 2500.0 2500.0 4500.0 4500.0
1516084259.56 1 1 2500.0 2500.0 4500.0 4500.0
1516084259.66 1 1 2500.0 2500.0 4500.0 4500.0
1516084259.76 1 1 2500.0 2500.0 4500.0 4500.0
1516084259.86 1 1 2500.0 2500.0 4500.0 4500.0
1516084259.95 1 1 2500.0 2500.0 4500.0 4500.0
1516084260.06 1 1 2500.0 2500.0 4500.0 4500.0
1516084260.17 1 1 2500.0 2500.0 4500.0 4500.0
1516084260.25 1 1 2500.0 2500.0 4500.0 4500.0
1516084260.34 1 1 2500.0 2500.0 4500.0 4500.0
1516084260.44 1 1 2500.0 2500.0 4500.0 4500.0
1516084260.54 1 1 2500.0 2500.0 4500.0 4500.0
1516084260.65 1 1 2500.0 2500.0 4500.0 4500.0
1516084260.74 1 1 2500.0 2500.0 4500.0 4500.0
1516084260.85 1 1 2500.0 2500.0 4500.0 4500.0
1516084260.95 1 1 2500.0 2500.0 4500.0 4500.0
1516084261.05 1 1 2500.0 2500.0 4500.0 4500.0
1516084261.15 1 1 2500.0 2500.0 4500.0 4500.0
1516084261.25 1 1 2500.0 2500.0 4500.0 4500.0
1516084261.35 1 1 2500.0 2500.0 4500.0 4500.0
1516084261.45 1 1 2500.0 2500.0 4500.0 4500.0
1516084261.54 1 1 2500.0 2500.0 4500.0 4500.0
1516084261.65 1 1 2500.0 2500.0 4500.0 4500.0
1516084261.75 1 1 2500.0 2500.0 4500.0 4500.0
1516084261.85 1 1 2500.0 2500.0 4500.0 4500.0
1516084261.95 1 1 2500.0 2500.0 4500.0 4500.0
1516084262.05 1 1 2500.0 2500.0 4500.0 4500.0
1516084262.16 1 1 2500.0 2500.0 4500.0 4500.0
1516084262.25 1 1 2500.0 2500.0 4500.0 4500.0
1516084262.35 1 1 2500.0 2500.0 4500.0 4500.0
1516084262.45 1 1 2500.0 2500.0 4500.0 4500.0
1516084262.55 1 1 2500.0 2500.0 4500.0 4500.0
1516084262.65 1 1 2500.0 2500.0 4500.0 4500.0
1516084262.75 1 1 2500.0 2500.0 4500.0 4500.0
1516084262.86 1 1 2500.0 2500.0 4500.0 4500.0
1516084262.96 1 1 2500.0 2500.0 4500.0 4500.0
1516084263.05 1 1 2500.0 2500.0 4500.0 4500.0
1516084263.15 1 1 2500.0 2500.0 4500.0 4500.0
1516084263.25 1 1 2500.0 2500.0 4500.0 4500.0
1516084263.35 1 1 2500.0 2500.0 4500.0 4500.0
1516084263.45 1 1 2500.0 2500.0 4500.0 4500.0
1516084263.55 1 1 2500.0 2500.0 4500.0 4500.0
1516084263.66 1 1 2500.0 2500.0 4500.0 4500.0
1516084263.75 1 1 2500.0 2500.0 4500.0 4500.0
1516084263.86 1 1 2500.0 2500.0 4500.0 4500.0
1516084263.95 1 1 2500.0 2500.0 4500.0 4500.0
1516084264.06 1 1 2500.0 2500.0 4500.0 4500.0
1516084264.15 1 1 2500.0 2500.0 4500.0 4500.0
1516084264.25 1 1 2500.0 2500.0 4500.0 4500.0
1516084264.35 1 1 2500.0 2500.0 4500.0 4500.0
1516084264.45 1 1 2500.0 2500.0 4500.0 4500.0
1516084264.55 1 1 2500.0 2500.0 4500.0 4500.0
1516084264.65 1 1 2500.0 2500.0 4500.0 4500.0
1516084264.75 1 1 2500.0 2500.0 4500.0 4500.0
1516084264.85 1 1 2500.0 2500.0 4500.0 4500.0
1516084264.94 1 1 2500.0 2500.0 4500.0 4500.0
1516084265.06 1 1 2500.0 2500.0 4500.0 4500.0
1516084265.15 1 1 2500.0 2500.0 4500.0 4500.0
1516084265.25 1 1 2500.0 2500.0 4500.0 4500.0
1516084265.35 1 1 2500.0 2500.0 4500.0 4500.0
1516084265.46 1 1 2500.0 2500.0 4500.0 4500.0
1516084265.56 1 1 2500.0 2500.0 4500.0 4500.0
1516084265.66 1 1 2500.0 2500.0 4500.0 4500.0
1516084265.75 1 1 2500.0 2500.0 4500.0 4500.0
1516084265.85 1 1 2500.0 2500.0 4500.0 4500.0
1516084265.96 1 1 2500.0 2500.0 4500.0 4500.0
1516084266.06 1 1 2500.0 2500.0 4500.0 4500.0
1516084266.15 1 1 2500.0 2500.0 4500.0 4500.0
1516084266.25 1 1 2500.0 2500.0 4500.0 4500.0
1516084266.36 1 1 2500.0 2500.0 4500.0 4500.0
1516084266.45 1 1 2500.0 2500.0 4500.0 4500.0
1516084266.56 1 1 2500.0 2500.0 4500.0 4500.0
1516084266.66 1 1 2500.0 2500.0 4500.0 4500.0
1516084266.76 1 1 2500.0 2500.0 4500.0 4500.0
1516084266.86 1 1 2500.0 2500.0 4500.0 4500.0
1516084266.96 1 1 2500.0 2500.0 4500.0 4500.0
1516084267.06 1 1 2500.0 2500.0 4500.0 4500.0
1516084267.16 1 1 2500.0 2500.0 4500.0 4500.0
1516084267.25 1 1 2500.0 2500.0 4500.0 4500.0
1516084267.35 1 1 2500.0 2500.0 4500.0 4500.0
1516084267.45 1 1 2500.0 2500.0 4500.0 4500.0
1516084267.56 1 1 2500.0 2500.0 4500.0 4500.0
1516084267.67 1 1 2500.0 2500.0 4500.0 4500.0
1516084267.76 1 1 2500.0 2500.0 4500.0 4500.0
1516084267.87 1 1 2500.0 2500.0 4500.0 4500.0
1516084267.96 1 1 2500.0 2500.0 4500.0 4500.0
1516084268.06 1 1 2500.0 2500.0 4500.0 4500.0
1516084268.17 1 1 2500.0 2500.0 4500.0 4500.0
1516084268.25 1 1 2500.0 2500.0 4500.0 4500.0
1516084268.36 1 1 2500.0 2500.0 4500.0 4500.0
1516084268.45 1 1 2500.0 2500.0 4500.0 4500.0
1516084268.56 1 1 2500.0 2500.0 4500.0 4500.0
1516084268.66 1 1 2500.0 2500.0 4500.0 4500.0
1516084268.76 1 1 2500.0 2500.0 4500.0 4500.0
1516084268.86 1 1 2500.0 2500.0 4500.0 4500.0
1516084268.97 1 1 2500.0 2500.0 4500.0 4500.0
1516084269.06 1 1 2500.0 2500.0 4500.0 4500.0
1516084269.16 1 1 2500.0 2500.0 4500.0 4500.0
1516084269.26 1 1 2500.0 2500.0 4500.0 4500.0
1516084269.36 1 1 2500.0 2500.0 4500.0 4500.0
1516084269.46 1 1 2500.0 2500.0 4500.0 4500.0
1516084269.56 1 1 2500.0 2500.0 4500.0 4500.0
1516084269.66 1 1 2500.0 2500.0 4500.0 4500.0
1516084269.76 1 1 2500.0 2500.0 4500.0 4500.0
1516084269.86 1 1 2500.0 2500.0 4500.0 4500.0
1516084269.96 1 1 2500.0 2500.0 4500.0 4500.0
1516084270.06 1 1 2500.0 2500.0 4500.0 4500.0
1516084270.17 1 1 2500.0 2500.0 4500.0 4500.0
1516084270.26 1 1 2500.0 2500.0 4500.0 4500.0
1516084270.37 1 1 2500.0 2500.0 4500.0 4500.0
1516084270.47 1 1 2500.0 2500.0 4500.0 4500.0
1516084270.57 1 1 2500.0 2500.0 4500.0 4500.0
1516084270.67 1 1 2500.0 2500.0 4500.0 4500.0
1516084270.76 1 1 2500.0 2500.0 4500.0 4500.0
1516084270.86 1 1 2500.0 2500.0 4500.0 4500.0
1516084270.97 1 1 2500.0 2500.0 4500.0 4500.0
1516084271.06 1 1 2500.0 2500.0 4500.0 4500.0
1516084271.16 1 1 2500.0 2500.0 4500.0 4500.0
1516084271.26 1 1 2500.0 2500.0 4500.0 4500.0
1516084271.36 1 1 2500.0 2500.0 4500.0 4500.0
1516084271.47 1 1 2500.0 2500.0 4500.0 4500.0
1516084271.57 1 1 2500.0 2500.0 4500.0 4500.0
1516084271.66 1 1 2500.0 2500.0 4500.0 4500.0
1516084271.76 1 1 2500.0 2500.0 4500.0 4500.0
1516084271.86 1 1 2500.0 2500.0 4500.0 4500.0
1516084271.97 1 1 2500.0 2500.0 4500.0 4500.0
1516084272.07 1 1 2500.0 2500.0 4500.0 4500.0
1516084272.17 1 1 2500.0 2500.0 4500.0 4500.0
1516084272.27 1 1 2500.0 2500.0 4500.0 4500.0
1516084272.36 1 1 2500.0 2500.0 4500.0 4500.0
1516084272.47 1 1 2500.0 2500.0 4500.0 4500.0
1516084272.57 1 1 2500.0 2500.0 4500.0 4500.0
1516084272.67 1 1 2500.0 2500.0 4500.0 4500.0
1516084272.76 1 1 2500.0 2500.0 4500.0 4500.0
1516084272.87 1 1 2500.0 2500.0 4500.0 4500.0
1516084272.97 1 1 2500.0 2500.0 4500.0 4500.0
1516084273.06 1 1 2500.0 2500.0 4500.0 4500.0
1516084273.17 1 1 2500.0 2500.0 4500.0 4500.0
1516084273.27 1 1 2500.0 2500.0 4500.0 4500.0
1516084273.36 1 1 2500.0 2500.0 4500.0 4500.0
1516084273.47 1 1 2500.0 2500.0 4500.0 4500.0
1516084273.56 1 1 2500.0 2500.0 4500.0 4500.0
1516084273.66 1 1 2500.0 2500.0 4500.0 4500.0
1516084273.77 1 1 2500.0 2500.0 4500.0 4500.0
1516084273.86 1 1 2500.0 2500.0 4500.0 4500.0
1516084273.97 1 1 2500.0 2500.0 4500.0 4500.0
1516084274.06 1 1 2500.0 2500.0 4500.0 4500.0
1516084274.17 1 1 2500.0 2500.0 4500.0 4500.0
1516084274.26 1 1 2500.0 2500.0 4500.0 4500.0
1516084274.37 1 1 2500.0 2500.0 4500.0 4500.0
1516084274.46 1 1 2500.0 2500.0 4500.0 4500.0
1516084274.57 1 1 2500.0 2500.0 4500.0 4500.0
1516084274.66 1 1 2500.0 2500.0 4500.0 4500.0
1516084274.77 1 1 2500.0 2500.0 4500.0 4500.0
1516084274.88 1 1 2500.0 2500.0 4500.0 4500.0
1516084274.97 1 1 2500.0 2500.0 4500.0 4500.0
1516084275.07 1 1 2500.0 2500.0 4500.0 4500.0
1516084275.17 1 1 2500.0 2500.0 4500.0 4500.0
1516084275.27 1 1 2500.0 2500.0 4500.0 4500.0
1516084275.37 1 1 2500.0 2500.0 4500.0 4500.0
1516084275.47 1 1 2500.0 2500.0 4500.0 4500.0
1516084275.57 1 1 2500.0 2500.0 4500.0 4500.0
1516084275.67 1 1 2500.0 2500.0 4500.0 4500.0
1516084275.77 1 1 2500.0 2500.0 4500.0 4500.0
1516084275.86 1 1 2500.0 2500.0 4500.0 4500.0
1516084275.97 1 1 2500.0 2500.0 4500.0 4500.0
1516084276.07 1 1 2500.0 2500.0 4500.0 4500.0
1516084276.17 1 1 2500.0 2500.0 4500.0 4500.0
1516084276.27 1 1 2500.0 2500.0 4500.0 4500.0
1516084276.37 1 1 2500.0 2500.0 4500.0 4500.0
1516084276.47 1 1 2500.0 2500.0 4500.0 4500.0
1516084276.57 1 1 2500.0 2500.0 4500.0 4500.0
1516084276.67 1 1 2500.0 2500.0 4500.0 4500.0
1516084276.78 1 1 2500.0 2500.0 4500.0 4500.0
1516084276.87 1 1 2500.0 2500.0 4500.0 4500.0
1516084276.97 1 1 2500.0 2500.0 4500.0 4500.0
1516084277.07 1 1 2500.0 2500.0 4500.0 4500.0
1516084277.17 1 1 2500.0 2500.0 4500.0 4500.0
1516084277.27 1 1 2500.0 2500.0 4500.0 4500.0
1516084277.37 1 1 2500.0 2500.0 4500.0 4500.0
1516084277.48 1 1 2500.0 2500.0 4500.0 4500.0
1516084277.58 1 1 2500.0 2500.0 4500.0 4500.0
1516084277.67 1 1 2500.0 2500.0 4500.0 4500.0
1516084277.77 1 1 2500.0 2500.0 4500.0 4500.0
1516084277.87 1 1 2500.0 2500.0 4500.0 4500.0
1516084277.98 1 1 2500.0 2500.0 4500.0 4500.0
1516084278.08 1 1 2500.0 2500.0 4500.0 4500.0
1516084278.17 1 1 2500.0 2500.0 4500.0 4500.0
1516084278.27 1 1 2500.0 2500.0 4500.0 4500.0
1516084278.38 1 1 2500.0 2500.0 4500.0 4500.0
1516084278.47 1 1 2500.0 2500.0 4500.0 4500.0
1516084278.57 1 1 2500.0 2500.0 4500.0 4500.0
1516084278.67 1 1 2500.0 2500.0 4500.0 4500.0
1516084278.78 1 1 2500.0 2500.0 4500.0 4500.0
1516084278.88 1 1 2500.0 2500.0 4500.0 4500.0
1516084278.98 1 1 2500.0 2500.0 4500.0 4500.0
1516084279.09 1 1 2500.0 2500.0 4500.0 4500.0
1516084279.18 1 1 2500.0 2500.0 4500.0 4500.0
1516084279.29 1 1 2500.0 2500.0 4500.0 4500.0
1516084279.38 1 1 2500.0 2500.0 4500.0 4500.0
1516084279.48 1 1 2500.0 2500.0 4500.0 4500.0
1516084279.58 1 1 2500.0 2500.0 4500.0 4500.0
1516084279.69 1 1 2500.0 2500.0 4500.0 4500.0
1516084279.78 1 1 2500.0 2500.0 4500.0 4500.0
1516084279.89 1 1 2500.0 2500.0 4500.0 4500.0
1516084279.99 1 1 2500.0 2500.0 4500.0 4500.0
1516084280.08 1 1 2500.0 2500.0 4500.0 4500.0
1516084280.19 1 1 2500.0 2500.0 4500.0 4500.0
1516084280.28 1 1 2500.0 2500.0 4500.0 4500.0
1516084280.4 1 1 2500.0 2500.0 4500.0 4500.0
1516084280.49 1 1 2500.0 2500.0 4500.0 4500.0
1516084280.58 1 1 2500.0 2500.0 4500.0 4500.0
1516084280.68 1 1 2500.0 2500.0 4500.0 4500.0
1516084280.79 1 1 2500.0 2500.0 4500.0 4500.0
1516084280.88 1 1 2500.0 2500.0 4500.0 4500.0
1516084280.98 1 1 2500.0 2500.0 4500.0 4500.0
1516084281.08 1 1 2500.0 2500.0 4500.0 4500.0
1516084281.19 1 1 2500.0 2500.0 4500.0 4500.0
1516084281.29 1 1 2500.0 2500.0 4500.0 4500.0
1516084281.39 1 1 2500.0 2500.0 4500.0 4500.0
1516084281.49 1 1 2500.0 2500.0 4500.0 4500.0
1516084281.59 1 1 2500.0 2500.0 4500.0 4500.0
1516084281.69 1 1 2500.0 2500.0 4500.0 4500.0
1516084281.79 1 1 2500.0 2500.0 4500.0 4500.0
1516084281.89 1 1 2500.0 2500.0 4500.0 4500.0
1516084281.99 1 1 2500.0 2500.0 4500.0 4500.0
1516084282.09 1 1 2500.0 2500.0 4500.0 4500.0
1516084282.19 1 1 2500.0 2500.0 4500.0 4500.0
1516084282.29 1 1 2500.0 2500.0 4500.0 4500.0
1516084282.39 1 1 2500.0 2500.0 4500.0 4500.0
1516084282.49 1 1 2500.0 2500.0 4500.0 4500.0
1516084282.59 1 1 2500.0 2500.0 4500.0 4500.0
1516084282.69 1 1 2500.0 2500.0 4500.0 4500.0
1516084282.8 1 1 2500.0 2500.0 4500.0 4500.0
1516084282.89 1 1 2500.0 2500.0 4500.0 4500.0
1516084282.99 1 1 2500.0 2500.0 4500.0 4500.0
1516084283.1 1 1 2500.0 2500.0 4500.0 4500.0
1516084283.19 1 1 2500.0 2500.0 4500.0 4500.0
1516084283.29 1 1 2500.0 2500.0 4500.0 4500.0
1516084283.39 1 1 2500.0 2500.0 4500.0 4500.0
1516084283.49 1 1 2500.0 2500.0 4500.0 4500.0
1516084283.59 1 1 2500.0 2500.0 4500.0 4500.0
1516084283.7 1 1 2500.0 2500.0 4500.0 4500.0
1516084283.79 1 1 2500.0 2500.0 4500.0 4500.0
1516084283.89 1 1 2500.0 2500.0 4500.0 4500.0
1516084283.99 1 1 2500.0 2500.0 4500.0 4500.0
1516084284.1 1 1 2500.0 2500.0 4500.0 4500.0
1516084284.19 1 1 2500.0 2500.0 4500.0 4500.0
1516084284.29 1 1 2500.0 2500.0 4500.0 4500.0
1516084284.39 1 1 2500.0 2500.0 4500.0 4500.0
1516084284.49 1 1 2500.0 2500.0 4500.0 4500.0
1516084284.6 1 1 2500.0 2500.0 4500.0 4500.0
1516084284.69 1 1 2500.0 2500.0 4500.0 4500.0
1516084284.8 1 1 2500.0 2500.0 4500.0 4500.0
1516084284.9 1 1 2500.0 2500.0 4500.0 4500.0
1516084284.99 1 1 2500.0 2500.0 4500.0 4500.0
1516084285.09 1 1 2500.0 2500.0 4500.0 4500.0
1516084285.2 1 1 2500.0 2500.0 4500.0 4500.0
1516084285.3 1 1 2500.0 2500.0 4500.0 4500.0
1516084285.39 1 1 2500.0 2500.0 4500.0 4500.0
1516084285.49 1 1 2500.0 2500.0 4500.0 4500.0
1516084285.6 1 1 2500.0 2500.0 4500.0 4500.0
1516084285.7 1 1 2500.0 2500.0 4500.0 4500.0
1516084285.8 1 1 2500.0 2500.0 4500.0 4500.0
1516084285.9 1 1 2500.0 2500.0 4500.0 4500.0
1516084286.0 1 1 2500.0 2500.0 4500.0 4500.0
1516084286.1 1 1 2500.0 2500.0 4500.0 4500.0
1516084286.2 1 1 2500.0 2500.0 4500.0 4500.0
1516084286.31 1 1 2500.0 2500.0 4500.0 4500.0
1516084286.4 1 1 2500.0 2500.0 4500.0 4500.0
1516084286.5 1 1 2500.0 2500.0 4500.0 4500.0
1516084286.6 1 1 2500.0 2500.0 4500.0 4500.0
1516084286.7 1 1 2500.0 2500.0 4500.0 4500.0
1516084286.8 1 1 2500.0 2500.0 4500.0 4500.0
1516084286.9 1 1 2500.0 2500.0 4500.0 4500.0
1516084287.0 1 1 2500.0 2500.0 4500.0 4500.0
1516084287.1 1 1 2500.0 2500.0 4500.0 4500.0
1516084287.2 1 1 2500.0 2500.0 4500.0 4500.0
1516084287.3 1 1 2500.0 2500.0 4500.0 4500.0
1516084287.4 1 1 2500.0 2500.0 4500.0 4500.0
1516084287.51 1 1 2500.0 2500.0 4500.0 4500.0
1516084287.6 1 1 2500.0 2500.0 4500.0 4500.0
1516084287.7 1 1 2500.0 2500.0 4500.0 4500.0
1516084287.81 1 1 2500.0 2500.0 4500.0 4500.0
1516084287.91 1 1 2500.0 2500.0 4500.0 4500.0
1516084288.0 1 1 2500.0 2500.0 4500.0 4500.0
1516084288.1 1 1 2500.0 2500.0 4500.0 4500.0
1516084288.2 1 1 2500.0 2500.0 4500.0 4500.0
1516084288.3 1 1 2500.0 2500.0 4500.0 4500.0
1516084288.41 1 1 2500.0 2500.0 4500.0 4500.0
1516084288.51 1 1 2500.0 2500.0 4500.0 4500.0
1516084288.6 1 1 2500.0 2500.0 4500.0 4500.0
1516084288.71 1 1 2500.0 2500.0 4500.0 4500.0
1516084288.81 1 1 2500.0 2500.0 4500.0 4500.0
1516084288.91 1 1 2500.0 2500.0 4500.0 4500.0
1516084289.01 1 1 2500.0 2500.0 4500.0 4500.0
1516084289.11 1 1 2500.0 2500.0 4500.0 4500.0
1516084289.2 1 1 2500.0 2500.0 4500.0 4500.0
1516084289.31 1 1 2500.0 2500.0 4500.0 4500.0
1516084289.41 1 1 2500.0 2500.0 4500.0 4500.0
1516084289.51 1 1 2500.0 2500.0 4500.0 4500.0
1516084289.6 1 1 2500.0 2500.0 4500.0 4500.0
1516084289.7 1 1 2500.0 2500.0 4500.0 4500.0
1516084289.8 1 1 2500.0 2500.0 4500.0 4500.0
1516084289.9 1 1 2500.0 2500.0 4500.0 4500.0
1516084290.01 1 1 2500.0 2500.0 4500.0 4500.0
1516084290.11 1 1 2500.0 2500.0 4500.0 4500.0
1516084290.21 1 1 2500.0 2500.0 4500.0 4500.0
1516084290.31 1 1 2500.0 2500.0 4500.0 4500.0
1516084290.41 1 1 2500.0 2500.0 4500.0 4500.0
1516084290.51 1 1 2500.0 2500.0 4500.0 4500.0
1516084290.61 1 1 2500.0 2500.0 4500.0 4500.0
1516084290.71 1 1 2500.0 2500.0 4500.0 4500.0
1516084290.81 1 1 2500.0 2500.0 4500.0 4500.0
1516084290.92 1 1 2500.0 2500.0 4500.0 4500.0
1516084291.02 1 1 2500.0 2500.0 4500.0 4500.0
1516084291.12 1 1 2500.0 2500.0 4500.0 4500.0
1516084291.21 1 1 2500.0 2500.0 4500.0 4500.0
1516084291.31 1 1 2500.0 2500.0 4500.0 4500.0
1516084291.41 1 1 2500.0 2500.0 4500.0 4500.0
1516084291.51 1 1 2500.0 2500.0 4500.0 4500.0
1516084291.61 1 1 2500.0 2500.0 4500.0 4500.0
1516084291.71 1 1 2500.0 2500.0 4500.0 4500.0
1516084291.83 1 1 2500.0 2500.0 4500.0 4500.0
1516084291.91 1 1 2500.0 2500.0 4500.0 4500.0
1516084292.02 1 1 2500.0 2500.0 4500.0 4500.0
1516084292.12 1 1 2500.0 2500.0 4500.0 4500.0
1516084292.21 1 1 2500.0 2500.0 4500.0 4500.0
1516084292.32 1 1 2500.0 2500.0 4500.0 4500.0
1516084292.42 1 1 2500.0 2500.0 4500.0 4500.0
1516084292.51 1 1 2500.0 2500.0 4500.0 4500.0
1516084292.62 1 1 2500.0 2500.0 4500.0 4500.0
1516084292.72 1 1 2500.0 2500.0 4500.0 4500.0
1516084292.82 1 1 2500.0 2500.0 4500.0 4500.0
1516084292.92 1 1 2500.0 2500.0 4500.0 4500.0
1516084293.02 1 1 2500.0 2500.0 4500.0 4500.0
1516084293.12 1 1 2500.0 2500.0 4500.0 4500.0
1516084293.22 1 1 2500.0 2500.0 4500.0 4500.0
1516084293.32 1 1 2500.0 2500.0 4500.0 4500.0
1516084293.42 1 1 2500.0 2500.0 4500.0 4500.0
1516084293.51 1 1 2500.0 2500.0 4500.0 4500.0
1516084293.62 1 1 2500.0 2500.0 4500.0 4500.0
1516084293.72 1 1 2500.0 2500.0 4500.0 4500.0
1516084293.82 1 1 2500.0 2500.0 4500.0 4500.0
1516084293.92 1 1 2500.0 2500.0 4500.0 4500.0
1516084294.02 1 1 2500.0 2500.0 4500.0 4500.0
1516084294.12 1 1 2500.0 2500.0 4500.0 4500.0
1516084294.22 1 1 2500.0 2500.0 4500.0 4500.0
1516084294.32 1 1 2500.0 2500.0 4500.0 4500.0
1516084294.42 1 1 2500.0 2500.0 4500.0 4500.0
1516084294.52 1 1 2500.0 2500.0 4500.0 4500.0
1516084294.62 1 1 2500.0 2500.0 4500.0 4500.0
1516084294.72 1 1 2500.0 2500.0 4500.0 4500.0
1516084294.82 1 1 2500.0 2500.0 4500.0 4500.0
1516084294.92 1 1 2500.0 2500.0 4500.0 4500.0
1516084295.02 1 1 2500.0 2500.0 4500.0 4500.0
1516084295.12 1 1 2500.0 2500.0 4500.0 4500.0
1516084295.22 1 1 2500.0 2500.0 4500.0 4500.0
1516084295.32 1 1 2500.0 2500.0 4500.0 4500.0
1516084295.42 1 1 2500.0 2500.0 4500.0 4500.0
1516084295.52 1 1 2500.0 2500.0 4500.0 4500.0
1516084295.62 1 1 2500.0 2500.0 4500.0 4500.0
1516084295.72 1 1 2500.0 2500.0 4500.0 4500.0
1516084295.82 1 1 2500.0 2500.0 4500.0 4500.0
1516084295.93 1 1 2500.0 2500.0 4500.0 4500.0
1516084296.02 1 1 2500.0 2500.0 4500.0 4500.0
1516084296.12 1 1 2500.0 2500.0 4500.0 4500.0
1516084296.23 1 1 2500.0 2500.0 4500.0 4500.0
1516084296.32 1 1 2500.0 2500.0 4500.0 4500.0
1516084296.42 1 1 2500.0 2500.0 4500.0 4500.0
1516084296.52 1 1 2500.0 2500.0 4500.0 4500.0
1516084296.63 1 1 2500.0 2500.0 4500.0 4500.0
1516084296.72 1 1 2500.0 2500.0 4500.0 4500.0
1516084296.82 1 1 2500.0 2500.0 4500.0 4500.0
1516084296.92 1 1 2500.0 2500.0 4500.0 4500.0
1516084297.03 1 1 2500.0 2500.0 4500.0 4500.0
1516084297.12 1 1 2500.0 2500.0 4500.0 4500.0
1516084297.22 1 1 2500.0 2500.0 4500.0 4500.0
1516084297.33 1 1 2500.0 2500.0 4500.0 4500.0
1516084297.42 1 1 2500.0 2500.0 4500.0 4500.0
1516084297.53 1 1 2500.0 2500.0 4500.0 4500.0
1516084297.62 1 1 2500.0 2500.0 4500.0 4500.0
1516084297.72 1 1 2500.0 2500.0 4500.0 4500.0
1516084297.83 1 1 2500.0 2500.0 4500.0 4500.0
1516084297.93 1 1 2500.0 2500.0 4500.0 4500.0
1516084298.03 1 1 2500.0 2500.0 4500.0 4500.0
1516084298.12 1 1 2500.0 2500.0 4500.0 4500.0
1516084298.22 1 1 2500.0 2500.0 4500.0 4500.0
1516084298.32 1 1 2500.0 2500.0 4500.0 4500.0
1516084298.43 1 1 2500.0 2500.0 4500.0 4500.0
1516084298.53 1 1 2500.0 2500.0 4500.0 4500.0
1516084298.62 1 1 2500.0 2500.0 4500.0 4500.0
1516084298.73 1 1 2500.0 2500.0 4500.0 4500.0
1516084298.83 1 1 2500.0 2500.0 4500.0 4500.0
1516084298.93 1 1 2500.0 2500.0 4500.0 4500.0
1516084299.03 1 1 2500.0 2500.0 4500.0 4500.0
1516084299.13 1 1 2500.0 2500.0 4500.0 4500.0
1516084299.23 1 1 2500.0 2500.0 4500.0 4500.0
1516084299.33 1 1 2500.0 2500.0 4500.0 4500.0
1516084299.43 1 1 2500.0 2500.0 4500.0 4500.0
1516084299.53 1 1 2500.0 2500.0 4500.0 4500.0
1516084299.62 1 1 2500.0 2500.0 4500.0 4500.0
1516084299.73 1 1 2500.0 2500.0 4500.0 4500.0
1516084299.83 1 1 2500.0 2500.0 4500.0 4500.0
1516084299.92 1 1 2500.0 2500.0 4500.0 4500.0
1516084300.03 1 1 2500.0 2500.0 4500.0 4500.0
1516084300.13 1 1 2500.0 2500.0 4500.0 4500.0
1516084300.23 1 1 2500.0 2500.0 4500.0 4500.0
1516084300.33 1 1 2500.0 2500.0 4500.0 4500.0
1516084300.43 1 1 2500.0 2500.0 4500.0 4500.0
1516084300.53 1 1 2500.0 2500.0 4500.0 4500.0
1516084300.63 1 1 2500.0 2500.0 4500.0 4500.0
1516084300.73 1 1 2500.0 2500.0 4500.0 4500.0
1516084300.82 1 1 2500.0 2500.0 4500.0 4500.0
1516084300.93 1 1 2500.0 2500.0 4500.0 4500.0
1516084301.03 1 1 2500.0 2500.0 4500.0 4500.0
1516084301.13 1 1 2500.0 2500.0 4500.0 4500.0
1516084301.24 1 1 2500.0 2500.0 4500.0 4500.0
1516084301.34 1 1 2500.0 2500.0 4500.0 4500.0
1516084301.43 1 1 2500.0 2500.0 4500.0 4500.0
1516084301.53 1 1 2500.0 2500.0 4500.0 4500.0
1516084301.64 1 1 2500.0 2500.0 4500.0 4500.0
1516084301.73 1 1 2500.0 2500.0 4500.0 4500.0
1516084301.83 1 1 2500.0 2500.0 4500.0 4500.0
1516084301.94 1 1 2500.0 2500.0 4500.0 4500.0
1516084302.04 1 1 2500.0 2500.0 4500.0 4500.0
1516084302.13 1 1 2500.0 2500.0 4500.0 4500.0
1516084302.24 1 1 2500.0 2500.0 4500.0 4500.0
1516084302.34 1 1 2500.0 2500.0 4500.0 4500.0
1516084302.43 1 1 2500.0 2500.0 4500.0 4500.0
1516084302.54 1 1 2500.0 2500.0 4500.0 4500.0
1516084302.63 1 1 2500.0 2500.0 4500.0 4500.0
1516084302.74 1 1 2500.0 2500.0 4500.0 4500.0
1516084302.83 1 1 2500.0 2500.0 4500.0 4500.0
1516084302.94 1 1 2500.0 2500.0 4500.0 4500.0
1516084303.04 1 1 2500.0 2500.0 4500.0 4500.0
1516084303.14 1 1 2500.0 2500.0 4500.0 4500.0
1516084303.24 1 1 2500.0 2500.0 4500.0 4500.0
1516084303.34 1 1 2500.0 2500.0 4500.0 4500.0
1516084303.44 1 1 2500.0 2500.0 4500.0 4500.0
1516084303.54 1 1 2500.0 2500.0 4500.0 4500.0
1516084303.63 1 1 2500.0 2500.0 4500.0 4500.0
1516084303.74 1 1 2500.0 2500.0 4500.0 4500.0
1516084303.84 1 1 2500.0 2500.0 4500.0 4500.0
1516084303.94 1 1 2500.0 2500.0 4500.0 4500.0
1516084304.04 1 1 2500.0 2500.0 4500.0 4500.0
1516084304.14 1 1 2500.0 2500.0 4500.0 4500.0
1516084304.24 1 1 2500.0 2500.0 4500.0 4500.0
1516084304.34 1 1 2500.0 2500.0 4500.0 4500.0
1516084304.44 1 1 2500.0 2500.0 4500.0 4500.0
1516084304.54 1 1 2500.0 2500.0 4500.0 4500.0
1516084304.64 1 1 2500.0 2500.0 4500.0 4500.0
1516084304.74 1 1 2500.0 2500.0 4500.0 4500.0
1516084304.85 1 1 2500.0 2500.0 4500.0 4500.0
1516084304.95 1 1 2500.0 2500.0 4500.0 4500.0
1516084305.04 1 1 2500.0 2500.0 4500.0 4500.0
1516084305.15 1 1 2500.0 2500.0 4500.0 4500.0
1516084305.24 1 1 2500.0 2500.0 4500.0 4500.0
1516084305.34 1 1 2500.0 2500.0 4500.0 4500.0
1516084305.44 1 1 2500.0 2500.0 4500.0 4500.0
1516084305.54 1 1 2500.0 2500.0 4500.0 4500.0
1516084305.65 1 1 2500.0 2500.0 4500.0 4500.0
1516084305.74 1 1 2500.0 2500.0 4500.0 4500.0
1516084305.85 1 1 2500.0 2500.0 4500.0 4500.0
1516084305.94 1 1 2500.0 2500.0 4500.0 4500.0
1516084306.05 1 1 2500.0 2500.0 4500.0 4500.0
1516084306.15 1 1 2500.0 2500.0 4500.0 4500.0
1516084306.24 1 1 2500.0 2500.0 4500.0 4500.0
1516084306.34 1 1 2500.0 2500.0 4500.0 4500.0
1516084306.44 1 1 2500.0 2500.0 4500.0 4500.0
1516084306.55 1 1 2500.0 2500.0 4500.0 4500.0
1516084306.64 1 1 2500.0 2500.0 4500.0 4500.0
1516084306.75 1 1 2500.0 2500.0 4500.0 4500.0
1516084306.85 1 1 2500.0 2500.0 4500.0 4500.0
1516084306.95 1 1 2500.0 2500.0 4500.0 4500.0
1516084307.05 1 1 2500.0 2500.0 4500.0 4500.0
1516084307.14 1 1 2500.0 2500.0 4500.0 4500.0
1516084307.24 1 1 2500.0 2500.0 4500.0 4500.0
1516084307.34 1 1 2500.0 2500.0 4500.0 4500.0
1516084307.45 1 1 2500.0 2500.0 4500.0 4500.0
1516084307.54 1 1 2500.0 2500.0 4500.0 4500.0
1516084307.65 1 1 2500.0 2500.0 4500.0 4500.0
1516084307.75 1 1 2500.0 2500.0 4500.0 4500.0
1516084307.84 1 1 2500.0 2500.0 4500.0 4500.0
1516084307.95 1 1 2500.0 2500.0 4500.0 4500.0
1516084308.04 1 1 2500.0 2500.0 4500.0 4500.0
1516084308.14 1 1 2500.0 2500.0 4500.0 4500.0
1516084308.24 1 1 2500.0 2500.0 4500.0 4500.0
1516084308.35 1 1 2500.0 2500.0 4500.0 4500.0
1516084308.45 1 1 2500.0 2500.0 4500.0 4500.0
1516084308.55 1 1 2500.0 2500.0 4500.0 4500.0
1516084308.65 1 1 2500.0 2500.0 4500.0 4500.0
1516084308.75 1 1 2500.0 2500.0 4500.0 4500.0
1516084308.84 1 1 2500.0 2500.0 4500.0 4500.0
1516084308.95 1 1 2500.0 2500.0 4500.0 4500.0
1516084309.05 1 1 2500.0 2500.0 4500.0 4500.0
1516084309.15 1 1 2500.0 2500.0 4500.0 4500.0
1516084309.27 1 1 2500.0 2500.0 4500.0 4500.0
1516084309.36 1 1 2500.0 2500.0 4500.0 4500.0
1516084309.46 1 1 2500.0 2500.0 4500.0 4500.0
1516084309.56 1 1 2500.0 2500.0 4500.0 4500.0
1516084309.66 1 1 2500.0 2500.0 4500.0 4500.0
1516084309.75 1 1 2500.0 2500.0 4500.0 4500.0
1516084309.85 1 1 2500.0 2500.0 4500.0 4500.0
1516084309.95 1 1 2500.0 2500.0 4500.0 4500.0
1516084310.06 1 1 2500.0 2500.0 4500.0 4500.0
1516084310.16 1 1 2500.0 2500.0 4500.0 4500.0
1516084310.25 1 1 2500.0 2500.0 4500.0 4500.0
1516084310.36 1 1 2500.0 2500.0 4500.0 4500.0
1516084310.45 1 1 2500.0 2500.0 4500.0 4500.0
1516084310.55 1 1 2500.0 2500.0 4500.0 4500.0
1516084310.66 1 1 2500.0 2500.0 4500.0 4500.0
1516084310.76 1 1 2500.0 2500.0 4500.0 4500.0
1516084310.85 1 1 2500.0 2500.0 4500.0 4500.0
1516084310.95 1 1 2500.0 2500.0 4500.0 4500.0
1516084311.05 1 1 2500.0 2500.0 4500.0 4500.0
1516084311.15 1 1 2500.0 2500.0 4500.0 4500.0
1516084311.26 1 1 2500.0 2500.0 4500.0 4500.0
1516084311.35 1 1 2500.0 2500.0 4500.0 4500.0
1516084311.45 1 1 2500.0 2500.0 4500.0 4500.0
1516084311.56 1 1 2500.0 2500.0 4500.0 4500.0
1516084311.66 1 1 2500.0 2500.0 4500.0 4500.0
1516084311.76 1 1 2500.0 2500.0 4500.0 4500.0
1516084311.86 1 1 2500.0 2500.0 4500.0 4500.0
1516084311.96 1 1 2500.0 2500.0 4500.0 4500.0
1516084312.06 1 1 2500.0 2500.0 4500.0 4500.0
1516084312.16 1 1 2500.0 2500.0 4500.0 4500.0
1516084312.26 1 1 2500.0 2500.0 4500.0 4500.0
1516084312.36 1 1 2500.0 2500.0 4500.0 4500.0
1516084312.46 1 1 2500.0 2500.0 4500.0 4500.0
1516084312.56 1 1 2500.0 2500.0 4500.0 4500.0
1516084312.66 1 1 2500.0 2500.0 4500.0 4500.0
1516084312.76 1 1 2500.0 2500.0 4500.0 4500.0
1516084312.86 1 1 2500.0 2500.0 4500.0 4500.0
1516084312.97 1 1 2500.0 2500.0 4500.0 4500.0
1516084313.06 1 1 2500.0 2500.0 4500.0 4500.0
1516084313.16 1 1 2500.0 2500.0 4500.0 4500.0
1516084313.26 1 1 2500.0 2500.0 4500.0 4500.0
1516084313.37 1 1 2500.0 2500.0 4500.0 4500.0
1516084313.46 1 1 2500.0 2500.0 4500.0 4500.0
1516084313.56 1 1 2500.0 2500.0 4500.0 4500.0
1516084313.66 1 1 2500.0 2500.0 4500.0 4500.0
1516084313.76 1 1 2500.0 2500.0 4500.0 4500.0
1516084313.86 1 1 2500.0 2500.0 4500.0 4500.0
1516084313.96 1 1 2500.0 2500.0 4500.0 4500.0
1516084314.06 1 1 2500.0 2500.0 4500.0 4500.0
1516084314.17 1 1 2500.0 2500.0 4500.0 4500.0
1516084314.26 1 1 2500.0 2500.0 4500.0 4500.0
1516084314.36 1 1 2500.0 2500.0 4500.0 4500.0
1516084314.46 1 1 2500.0 2500.0 4500.0 4500.0
1516084314.55 1 1 2500.0 2500.0 4500.0 4500.0
1516084314.66 1 1 2500.0 2500.0 4500.0 4500.0
1516084314.76 1 1 2500.0 2500.0 4500.0 4500.0
1516084314.85 1 1 2500.0 2500.0 4500.0 4500.0
1516084314.96 1 1 2500.0 2500.0 4500.0 4500.0
1516084315.05 1 1 2500.0 2500.0 4500.0 4500.0
1516084315.16 1 1 2500.0 2500.0 4500.0 4500.0
1516084315.26 1 1 2500.0 2500.0 4500.0 4500.0
1516084315.36 1 1 2500.0 2500.0 4500.0 4500.0
1516084315.46 1 1 2500.0 2500.0 4500.0 4500.0
1516084315.56 1 1 2500.0 2500.0 4500.0 4500.0
1516084315.66 1 1 2500.0 2500.0 4500.0 4500.0
1516084315.77 1 1 2500.0 2500.0 4500.0 4500.0
1516084315.86 1 1 2500.0 2500.0 4500.0 4500.0
1516084315.96 1 1 2500.0 2500.0 4500.0 4500.0
1516084316.06 1 1 2500.0 2500.0 4500.0 4500.0
1516084316.16 1 1 2500.0 2500.0 4500.0 4500.0
1516084316.27 1 1 2500.0 2500.0 4500.0 4500.0
1516084316.36 1 1 2500.0 2500.0 4500.0 4500.0
1516084316.46 1 1 2500.0 2500.0 4500.0 4500.0
1516084316.57 1 1 2500.0 2500.0 4500.0 4500.0
1516084316.67 1 1 2500.0 2500.0 4500.0 4500.0
1516084316.76 1 1 2500.0 2500.0 4500.0 4500.0
1516084316.86 1 1 2500.0 2500.0 4500.0 4500.0
1516084316.96 1 1 2500.0 2500.0 4500.0 4500.0
1516084317.07 1 1 2500.0 2500.0 4500.0 4500.0
1516084317.16 1 1 2500.0 2500.0 4500.0 4500.0
1516084317.27 1 1 2500.0 2500.0 4500.0 4500.0
1516084317.36 1 1 2500.0 2500.0 4500.0 4500.0
1516084317.47 1 1 2500.0 2500.0 4500.0 4500.0
1516084317.56 1 1 2500.0 2500.0 4500.0 4500.0
1516084317.67 1 1 2500.0 2500.0 4500.0 4500.0
1516084317.77 1 1 2500.0 2500.0 4500.0 4500.0
1516084317.87 1 1 2500.0 2500.0 4500.0 4500.0
1516084317.97 1 1 2500.0 2500.0 4500.0 4500.0
1516084318.06 1 1 2500.0 2500.0 4500.0 4500.0
1516084318.16 1 1 2500.0 2500.0 4500.0 4500.0
1516084318.27 1 1 2500.0 2500.0 4500.0 4500.0
1516084318.36 1 1 2500.0 2500.0 4500.0 4500.0
1516084318.46 1 1 2500.0 2500.0 4500.0 4500.0
1516084318.57 1 1 2500.0 2500.0 4500.0 4500.0
1516084318.67 1 1 2500.0 2500.0 4500.0 4500.0
1516084318.76 1 1 2500.0 2500.0 4500.0 4500.0
1516084318.87 1 1 2500.0 2500.0 4500.0 4500.0
1516084318.97 1 1 2500.0 2500.0 4500.0 4500.0
1516084319.07 1 1 2500.0 2500.0 4500.0 4500.0
1516084319.16 1 1 2500.0 2500.0 4500.0 4500.0
1516084319.27 1 1 2500.0 2500.0 4500.0 4500.0
1516084319.36 1 1 2500.0 2500.0 4500.0 4500.0
1516084319.47 1 1 2500.0 2500.0 4500.0 4500.0
1516084319.56 1 1 2500.0 2500.0 4500.0 4500.0
1516084319.67 1 1 2500.0 2500.0 4500.0 4500.0
1516084319.78 1 1 2500.0 2500.0 4500.0 4500.0
1516084319.87 1 1 2500.0 2500.0 4500.0 4500.0
1516084319.97 1 1 2500.0 2500.0 4500.0 4500.0
1516084320.07 1 1 2500.0 2500.0 4500.0 4500.0
1516084320.17 1 1 2500.0 2500.0 4500.0 4500.0
1516084320.27 1 1 2500.0 2500.0 4500.0 4500.0
1516084320.37 1 1 2500.0 2500.0 4500.0 4500.0
1516084320.47 1 1 2500.0 2500.0 4500.0 4500.0
1516084320.57 1 1 2500.0 2500.0 4500.0 4500.0
1516084320.67 1 1 2500.0 2500.0 4500.0 4500.0
1516084320.77 1 1 2500.0 2500.0 4500.0 4500.0
1516084320.87 1 1 2500.0 2500.0 4500.0 4500.0
1516084320.97 1 1 2500.0 2500.0 4500.0 4500.0
1516084321.07 1 1 2500.0 2500.0 4500.0 4500.0
1516084321.17 1 1 2500.0 2500.0 4500.0 4500.0
1516084321.28 1 1 2500.0 2500.0 4500.0 4500.0
1516084321.37 1 1 2500.0 2500.0 4500.0 4500.0
1516084321.47 1 1 2500.0 2500.0 4500.0 4500.0
1516084321.57 1 1 2500.0 2500.0 4500.0 4500.0
1516084321.67 1 1 2500.0 2500.0 4500.0 4500.0
1516084321.77 1 1 2500.0 2500.0 4500.0 4500.0
1516084321.88 1 1 2500.0 2500.0 4500.0 4500.0
1516084321.97 1 1 2500.0 2500.0 4500.0 4500.0
1516084322.07 1 1 2500.0 2500.0 4500.0 4500.0
1516084322.18 1 1 2500.0 2500.0 4500.0 4500.0
1516084322.28 1 1 2500.0 2500.0 4500.0 4500.0
1516084322.38 1 1 2500.0 2500.0 4500.0 4500.0
1516084322.48 1 1 2500.0 2500.0 4500.0 4500.0
1516084322.57 1 1 2500.0 2500.0 4500.0 4500.0
1516084322.67 1 1 2500.0 2500.0 4500.0 4500.0
1516084322.77 1 1 2500.0 2500.0 4500.0 4500.0
1516084322.88 1 1 2500.0 2500.0 4500.0 4500.0
1516084322.97 1 1 2500.0 2500.0 4500.0 4500.0
1516084323.09 1 1 2500.0 2500.0 4500.0 4500.0
1516084323.18 1 1 2500.0 2500.0 4500.0 4500.0
1516084323.28 1 1 2500.0 2500.0 4500.0 4500.0
1516084323.38 1 1 2500.0 2500.0 4500.0 4500.0
1516084323.48 1 1 2500.0 2500.0 4500.0 4500.0
1516084323.57 1 1 2500.0 2500.0 4500.0 4500.0
1516084323.67 1 1 2500.0 2500.0 4500.0 4500.0
1516084323.77 1 1 2500.0 2500.0 4500.0 4500.0
1516084323.87 1 1 2500.0 2500.0 4500.0 4500.0
1516084323.97 1 1 2500.0 2500.0 4500.0 4500.0
1516084324.08 1 1 2500.0 2500.0