1516084136.57 1 1 2500.0 2500.0 4500.0 3166.66666667
1516084136.64 1 1 2500.0 2500.0 4500.0 3611.11111111
1516084136.79 1 1 2500.0 2500.0 4500.0 3907.40740741
1516084136.85 1 1 2500.0 2500.0 4500.0 4104.9382716
1516084136.95 1 1 2500.0 2500.0 4500.0 4236.6255144
1516084137.08 1 1 2500.0 2500.0 4500.0 4324.4170096
1516084137.14 1 1 2500.0 2500.0 4500.0 4382.94467307
1516084137.3 1 1 2500.0 2500.0 4500.0 4421.96311538
1516084137.34 1 1 2500.0 2500.0 4500.0 4447.97541025
1516084137.47 1 1 2500.0 2500.0 4500.0 4465.31694017
1516084137.58 1 1 2500.0 2500.0 4500.0 4476.87796011
1516084137.65 1 1 2500.0 2500.0 4500.0 4484.58530674
1516084137.75 1 1 2500.0 2500.0 4500.0 4489.72353783
1516084137.85 1 1 2500.0 2500.0 4500.0 4493.14902522
1516084137.95 1 1 2500.0 2500.0 4500.0 4495.43268348
1516084138.05 1 1 2500.0 2500.0 4500.0 4496.95512232
1516084138.15 1 1 2500.0 2500.0 4500.0 4497.97008155
1516084138.25 1 1 2500.0 2500.0 4500.0 4498.64672103
1516084138.35 1 1 2500.0 2500.0 4500.0 4499.09781402
1516084138.46 1 1 2500.0 2500.0 4500.0 4499.39854268
1516084138.57 1 1 2500.0 2500.0 4500.0 4499.59902845
1516084138.67 1 1 2500.0 2500.0 4500.0 4499.73268564
1516084138.76 1 1 2500.0 2500.0 4500.0 4499.82179042
1516084138.85 1 1 2500.0 2500.0 4500.0 4499.88119362
1516084138.95 1 1 2500.0 2500.0 4500.0 4499.92079574
1516084139.07 1 1 2500.0 2500.0 4500.0 4499.94719716
1516084139.16 1 1 2500.0 2500.0 4500.0 4499.96479811
1516084139.28 1 1 2500.0 2500.0 4500.0 4499.97653207
1516084139.36 1 1 2500.0 2500.0 4500.0 4499.98435471
1516084139.47 1 1 2500.0 2500.0 4500.0 4499.98956981
1516084139.56 1 1 2500.0 2500.0 4500.0 4499.99304654
1516084139.68 1 1 2500.0 2500.0 4500.0 4499.99536436
1516084139.76 1 1 2500.0 2500.0 4500.0 4499.99690957
1516084139.86 1 1 2500.0 2500.0 4500.0 4499.99793972
1516084139.95 1 1 2500.0 2500.0 4500.0 4499.99862648
1516084140.06 1 1 2500.0 2500.0 4500.0 4499.99908432
1516084140.15 1 1 2500.0 2500.0 4500.0 4499.99938955
1516084140.25 1 1 2500.0 2500.0 4500.0 4499.99959303
1516084140.35 1 1 2500.0 2500.0 4500.0 4499.99972869
1516084140.45 1 1 2500.0 2500.0 4500.0 4499.99981912
1516084140.56 1 1 2500.0 2500.0 4500.0 4499.99987942
1516084140.66 1 1 2500.0 2500.0 4500.0 4499.99991961
1516084140.76 1 1 2500.0 2500.0 4500.0 4499.99994641
1516084140.86 1 1 2500.0 2500.0 4500.0 4499.99996427
1516084140.96 1 1 2500.0 2500.0 4500.0 4499.99997618
1516084141.07 1 1 2500.0 2500.0 4500.0 4499.99998412
1516084141.16 1 1 2500.0 2500.0 4500.0 4499.99998941
1516084141.26 1 1 2500.0 2500.0 4500.0 4499.99999294
1516084141.36 1 1 2500.0 2500.0 4500.0 4499.9999953
1516084141.46 1 1 2500.0 2500.0 4500.0 4499.99999686
1516084141.56 1 1 2500.0 2500.0 4500.0 4499.99999791
1516084141.66 1 1 2500.0 2500.0 4500.0 4499.99999861
1516084141.76 1 1 2500.0 2500.0 4500.0 4499.99999907
1516084141.86 1 1 2500.0 2500.0 4500.0 4499.99999938
1516084141.96 1 1 2500.0 2500.0 4500.0 4499.99999959
1516084142.06 1 1 2500.0 2500.0 4500.0 4499.99999972
1516084142.16 1 1 2500.0 2500.0 4500.0 4499.99999982
1516084142.26 1 1 2500.0 2500.0 4500.0 4499.99999988
1516084142.36 1 1 2500.0 2500.0 4500.0 4499.99999992
1516084142.46 1 1 2500.0 2500.0 4500.0 4499.99999995
1516084142.56 1 1 2500.0 2500.0 4500.0 4499.99999996
1516084142.66 1 1 2500.0 2500.0 4500.0 4499.99999998
1516084142.76 1 1 2500.0 2500.0 4500.0 4499.99999998
1516084142.86 1 1 2500.0 2500.0 4500.0 4499.99999999
1516084142.96 1 1 2500.0 2500.0 4500.0 4499.99999999
1516084143.06 1 1 2500.0 2500.0 4500.0 4500.0
1516084143.16 1 1 2500.0 2500.0 4500.0 4500.0
1516084143.27 1 1 2500.0 2500.0 4500.0 4500.0
1516084143.36 1 1 2500.0 2500.0 4500.0 4500.0
1516084143.47 1 1 2500.0 2500.0 4500.0 4500.0
1516084143.56 1 1 2500.0 2500.0 4500.0 4500.0
1516084143.66 1 1 2500.0 2500.0 4500.0 4500.0
1516084143.76 1 1 2500.0 2500.0 4500.0 4500.0
1516084143.86 1 1 2500.0 2500.0 4500.0 4500.0
1516084143.96 1 1 2500.0 2500.0 4500.0 4500.0
1516084144.06 1 1 2500.0 2500.0 4500.0 4500.0
1516084144.16 1 1 2500.0 2500.0 4500.0 4500.0
1516084144.26 1 1 2500.0 2500.0 4500.0 4500.0
1516084144.36 1 1 2500.0 2500.0 4500.0 4500.0
1516084144.47 1 1 2500.0 2500.0 4500.0 4500.0
1516084144.57 1 1 2500.0 2500.0 4500.0 4500.0
1516084144.67 1 1 2500.0 2500.0 4500.0 4500.0
1516084144.77 1 1 2500.0 2500.0 4500.0 4500.0
1516084144.86 1 1 2500.0 2500.0 4500.0 4500.0
1516084144.97 1 1 2500.0 2500.0 4500.0 4500.0
1516084145.06 1 1 2500.0 2500.0 4500.0 4500.0
1516084145.16 1 1 2500.0 2500.0 4500.0 4500.0
1516084145.26 1 1 2500.0 2500.0 4500.0 4500.0
1516084145.36 1 1 2500.0 2500.0 4500.0 4500.0
1516084145.46 1 1 2500.0 2500.0 4500.0 4500.0
1516084145.57 1 1 2500.0 2500.0 4500.0 4500.0
1516084145.67 1 1 2500.0 2500.0 4500.0 4500.0
1516084145.76 1 1 2500.0 2500.0 4500.0 4500.0
1516084145.86 1 1 2500.0 2500.0 4500.0 4500.0
1516084145.97 1 1 2500.0 2500.0 4500.0 4500.0
1516084146.07 1 1 2500.0 2500.0 4500.0 4500.0
1516084146.16 1 1 2500.0 2500.0 4500.0 4500.0
1516084146.27 1 1 2500.0 2500.0 4500.0 4500.0
1516084146.37 1 1 2500.0 2500.0 4500.0 4500.0
1516084146.47 1 1 2500.0 2500.0 4500.0 4500.0
1516084146.57 1 1 2500.0 2500.0 4500.0 4500.0
1516084146.66 1 1 2500.0 2500.0 4500.0 4500.0
1516084146.76 1 1 2500.0 2500.0 4500.0 4500.0
1516084146.87 1 1 2500.0 2500.0 4500.0 4500.0
1516084146.97 1 1 2500.0 2500.0 4500.0 4500.0
1516084147.06 1 1 2500.0 2500.0 4500.0 4500.0
1516084147.17 1 1 2500.0 2500.0 4500.0 4500.0
1516084147.27 1 1 2500.0 2500.0 4500.0 4500.0
1516084147.37 1 1 2500.0 2500.0 4500.0 4500.0
1516084147.47 1 1 2500.0 2500.0 4500.0 4500.0
1516084147.58 1 1 2500.0 2500.0 4500.0 4500.0
1516084147.67 1 1 2500.0 2500.0 4500.0 4500.0
1516084147.77 1 1 2500.0 2500.0 4500.0 4500.0
1516084147.87 1 1 2500.0 2500.0 4500.0 4500.0
1516084147.98 1 1 2500.0 2500.0 4500.0 4500.0
1516084148.08 1 1 2500.0 2500.0 4500.0 4500.0
1516084148.17 1 1 2500.0 2500.0 4500.0 4500.0
1516084148.27 1 1 2500.0 2500.0 4500.0 4500.0
1516084148.38 1 1 2500.0 2500.0 4500.0 4500.0
1516084148.48 1 1 2500.0 2500.0 4500.0 4500.0
1516084148.57 1 1 2500.0 2500.0 4500.0 4500.0
1516084148.67 1 1 2500.0 2500.0 4500.0 4500.0
1516084148.78 1 1 2500.0 2500.0 4500.0 4500.0
1516084148.88 1 1 2500.0 2500.0 4500.0 4500.0
1516084148.98 1 1 2500.0 2500.0 4500.0 4500.0
1516084149.07 1 1 2500.0 2500.0 4500.0 4500.0
1516084149.17 1 1 2500.0 2500.0 4500.0 4500.0
1516084149.28 1 1 2500.0 2500.0 4500.0 4500.0
1516084149.38 1 1 2500.0 2500.0 4500.0 4500.0
1516084149.48 1 1 2500.0 2500.0 4500.0 4500.0
1516084149.58 1 1 2500.0 2500.0 4500.0 4500.0
1516084149.68 1 1 2500.0 2500.0 4500.0 4500.0
1516084149.78 1 1 2500.0 2500.0 4500.0 4500.0
1516084149.88 1 1 2500.0 2500.0 4500.0 4500.0
1516084149.99 1 1 2500.0 2500.0 4500.0 4500.0
1516084150.08 1 1 2500.0 2500.0 4500.0 4500.0
1516084150.18 1 1 2500.0 2500.0 4500.0 4500.0
1516084150.28 1 1 2500.0 2500.0 4500.0 4500.0
1516084150.39 1 1 2500.0 2500.0 4500.0 4500.0
1516084150.49 1 1 2500.0 2500.0 4500.0 4500.0
1516084150.59 1 1 2500.0 2500.0 4500.0 4500.0
1516084150.7 1 1 2500.0 2500.0 4500.0 4500.0
1516084150.78 1 1 2500.0 2500.0 4500.0 4500.0
1516084150.9 1 2 1666.66666667 2458.33333333 4500.0 4500.0
1516084150.98 1 3 1250.0 2397.91666667 4500.0 4500.0
1516084151.08 1 3 1250.0 2340.52083333 4500.0 4500.0
1516084151.18 1 4 1000.0 2273.49479167 4500.0 4500.0
1516084151.29 1 4 1000.0 2209.82005208 4500.0 4500.0
1516084151.39 1 4 1000.0 2149.32904948 4500.0 4500.0
1516084151.56 1 4 1000.0 2091.86259701 4500.0 4500.0
1516084151.62 1 4 1000.0 2037.26946715 4500.0 4500.0
1516084151.72 1 4 1000.0 1985.4059938 4500.0 4500.0
1516084151.82 1 4 1000.0 1936.13569411 4500.0 4500.0
1516084151.93 1 4 1000.0 1889.3289094 4500.0 4500.0
1516084152.01 1 4 1000.0 1844.86246393 4500.0 4500.0
1516084152.13 1 4 1000.0 1802.61934074 4500.0 4500.0
1516084152.22 1 4 1000.0 1762.4883737 4500.0 4500.0
1516084152.32 1 4 1000.0 1724.36395501 4500.0 4500.0
1516084152.42 1 4 1000.0 1688.14575726 4500.0 4500.0
1516084152.52 1 4 1000.0 1653.7384694 4500.0 4500.0
1516084152.62 1 4 1000.0 1621.05154593 4500.0 4500.0
1516084152.72 1 4 1000.0 1589.99896863 4500.0 4500.0
1516084152.82 1 4 1000.0 1560.4990202 4500.0 4500.0
1516084152.92 1 4 1000.0 1532.47406919 4500.0 4500.0
1516084153.02 1 4 1000.0 1505.85036573 4500.0 4500.0
1516084153.12 1 4 1000.0 1480.55784745 4500.0 4500.0
1516084153.22 1 4 1000.0 1456.52995507 4500.0 4500.0
1516084153.32 1 4 1000.0 1433.70345732 4500.0 4500.0
1516084153.42 1 4 1000.0 1412.01828445 4500.0 4500.0
1516084153.52 1 4 1000.0 1391.41737023 4500.0 4500.0
1516084153.62 1 3 1250.0 1384.34650172 4500.0 4500.0
1516084153.72 1 3 1250.0 1377.62917663 4500.0 4500.0
1516084153.81 1 3 1250.0 1371.2477178 4500.0 4500.0
1516084153.92 1 3 1250.0 1365.18533191 4500.0 4500.0
1516084154.03 1 3 1250.0 1359.42606532 4500.0 4500.0
1516084154.12 1 3 1250.0 1353.95476205 4500.0 4500.0
1516084154.22 1 3 1250.0 1348.75702395 4500.0 4500.0
1516084154.33 1 3 1250.0 1343.81917275 4500.0 4500.0
1516084154.42 1 3 1250.0 1339.12821411 4500.0 4500.0
1516084154.52 1 2 1666.66666667 1355.50513674 4500.0 4500.0
1516084154.62 1 2 1666.66666667 1371.06321324 4500.0 4500.0
1516084154.72 1 2 1666.66666667 1385.84338591 4500.0 4500.0
1516084154.83 1 2 1666.66666667 1399.88454995 4500.0 4500.0
1516084154.92 1 2 1666.66666667 1413.22365578 4500.0 4500.0
1516084155.03 1 2 1666.66666667 1425.89580633 4500.0 4500.0
1516084155.13 1 2 1666.66666667 1437.93434934 4500.0 4500.0
1516084155.22 1 2 1666.66666667 1449.37096521 4500.0 4500.0
1516084155.37 1 2 1666.66666667 1460.23575028 4500.0 4500.0
1516084155.43 1 1 2500.0 1512.22396277 4500.0 4500.0
1516084155.53 1 1 2500.0 1561.61276463 4500.0 4500.0
1516084155.63 1 1 2500.0 1608.5321264 4500.0 4500.0
1516084155.74 1 1 2500.0 1653.10552008 4500.0 4500.0
1516084155.83 1 1 2500.0 1695.45024407 4500.0 4500.0
1516084155.93 1 1 2500.0 1735.67773187 4500.0 4500.0
1516084156.02 1 1 2500.0 1773.89384528 4500.0 4500.0
1516084156.12 1 1 2500.0 1810.19915301 4500.0 4500.0
1516084156.23 1 1 2500.0 1844.68919536 4500.0 4500.0
1516084156.33 1 1 2500.0 1877.45473559 4500.0 4500.0
1516084156.43 1 1 2500.0 1908.58199881 4500.0 4500.0
1516084156.62 1 1 2500.0 1938.15289887 4500.0 4500.0
1516084156.69 1 1 2500.0 1966.24525393 4500.0 4500.0
1516084156.78 1 1 2500.0 1992.93299123 4500.0 4500.0
1516084156.95 1 1 2500.0 2018.28634167 4500.0 4500.0
1516084157.02 1 1 2500.0 2042.37202459 4500.0 4500.0
1516084157.11 1 1 2500.0 2065.25342336 4500.0 4500.0
1516084157.22 1 1 2500.0 2086.99075219 4500.0 4500.0
1516084157.32 1 1 2500.0 2107.64121458 4500.0 4500.0
1516084157.42 1 1 2500.0 2127.25915385 4500.0 4500.0
1516084157.6 1 1 2500.0 2145.89619616 4500.0 4500.0
1516084157.67 1 1 2500.0 2163.60138635 4500.0 4500.0
1516084157.76 1 1 2500.0 2180.42131703 4500.0 4500.0
1516084157.86 1 1 2500.0 2196.40025118 4500.0 4500.0
1516084157.96 1 1 2500.0 2211.58023862 4500.0 4500.0
1516084158.13 1 1 2500.0 2226.00122669 4500.0 4500.0
1516084158.2 1 1 2500.0 2239.70116536 4500.0 4500.0
1516084158.29 1 1 2500.0 2252.71610709 4500.0 4500.0
1516084158.39 1 1 2500.0 2265.08030174 4500.0 4500.0
1516084158.49 1 1 2500.0 2276.82628665 4500.0 4500.0
1516084158.67 1 1 2500.0 2287.98497232 4500.0 4500.0
1516084158.74 1 1 2500.0 2298.5857237 4500.0 4500.0
1516084158.83 1 1 2500.0 2308.65643752 4500.0 4500.0
1516084158.93 1 1 2500.0 2318.22361564 4500.0 4500.0
1516084159.03 1 1 2500.0 2327.31243486 4500.0 4500.0
1516084159.21 1 1 2500.0 2335.94681311 4500.0 4500.0
1516084159.29 1 1 2500.0 2344.14947246 4500.0 4500.0
1516084159.38 1 1 2500.0 2351.94199884 4500.0 4500.0
1516084159.47 1 1 2500.0 2359.34489889 4500.0 4500.0
1516084159.58 1 1 2500.0 2366.37765395 4500.0 4500.0
1516084159.68 1 1 2500.0 2373.05877125 4500.0 4500.0
1516084159.77 1 1 2500.0 2379.40583269 4500.0 4500.0
1516084159.88 1 1 2500.0 2385.43554105 4500.0 4500.0
1516084159.98 1 1 2500.0 2391.163764 4500.0 4500.0
1516084160.07 1 1 2500.0 2396.6055758 4500.0 4500.0
1516084160.17 1 1 2500.0 2401.77529701 4500.0 4500.0
1516084160.27 1 1 2500.0 2406.68653216 4500.0 4500.0
1516084160.37 1 1 2500.0 2411.35220555 4500.0 4500.0
1516084160.47 1 1 2500.0 2415.78459528 4500.0 4500.0
1516084160.57 1 1 2500.0 2419.99536551 4500.0 4500.0
1516084160.68 1 1 2500.0 2423.99559724 4500.0 4500.0
1516084160.77 1 1 2500.0 2427.79581737 4500.0 4500.0
1516084160.87 1 1 2500.0 2431.40602651 4500.0 4500.0
1516084160.98 1 1 2500.0 2434.83572518 4500.0 4500.0
1516084161.08 1 1 2500.0 2438.09393892 4500.0 4500.0
1516084161.17 1 1 2500.0 2441.18924198 4500.0 4500.0
1516084161.28 1 1 2500.0 2444.12977988 4500.0 4500.0
1516084161.43 1 1 2500.0 2446.92329088 4500.0 4500.0
1516084161.5 1 1 2500.0 2449.57712634 4500.0 4500.0
1516084161.6 1 1 2500.0 2452.09827002 4500.0 4500.0
1516084161.69 1 1 2500.0 2454.49335652 4500.0 4500.0
1516084161.79 1 1 2500.0 2456.76868869 4500.0 4500.0
1516084161.9 1 1 2500.0 2458.93025426 4500.0 4500.0
1516084161.99 1 1 2500.0 2460.98374155 4500.0 4500.0
1516084162.09 1 1 2500.0 2462.93455447 4500.0 4500.0
1516084162.2 1 1 2500.0 2464.78782675 4500.0 4500.0
1516084162.3 1 1 2500.0 2466.54843541 4500.0 4500.0
1516084162.43 1 1 2500.0 2468.22101364 4500.0 4500.0
1516084162.49 1 1 2500.0 2469.80996296 4500.0 4500.0
1516084162.58 1 1 2500.0 2471.31946481 4500.0 4500.0
1516084162.7 1 1 2500.0 2472.75349157 4500.0 4500.0
1516084162.79 1 1 2500.0 2474.11581699 4500.0 4500.0
1516084162.9 1 1 2500.0 2475.41002614 4500.0 4500.0
1516084163.0 1 1 2500.0 2476.63952483 4500.0 4500.0
1516084163.09 1 1 2500.0 2477.80754859 4500.0 4500.0
1516084163.2 1 1 2500.0 2478.91717116 4500.0 4500.0
1516084163.29 1 1 2500.0 2479.9713126 4500.0 4500.0
1516084163.39 1 1 2500.0 2480.97274697 4500.0 4500.0
1516084163.5 1 1 2500.0 2481.92410963 4500.0 4500.0
1516084163.6 1 1 2500.0 2482.82790414 4500.0 4500.0
1516084163.69 1 1 2500.0 2483.68650894 4500.0 4500.0
1516084163.8 1 1 2500.0 2484.50218349 4500.0 4500.0
1516084163.89 1 1 2500.0 2485.27707432 4500.0 4500.0
1516084163.99 1 1 2500.0 2486.0132206 4500.0 4500.0
1516084164.1 1 1 2500.0 2486.71255957 4500.0 4500.0
1516084164.2 1 1 2500.0 2487.37693159 4500.0 4500.0
1516084164.3 1 1 2500.0 2488.00808501 4500.0 4500.0
1516084164.4 1 1 2500.0 2488.60768076 4500.0 4500.0
1516084164.49 1 1 2500.0 2489.17729672 4500.0 4500.0
1516084164.59 1 1 2500.0 2489.71843189 4500.0 4500.0
1516084164.7 1 1 2500.0 2490.23251029 4500.0 4500.0
1516084164.8 1 1 2500.0 2490.72088478 4500.0 4500.0
1516084164.99 1 1 2500.0 2491.18484054 4500.0 4500.0
1516084165.06 1 1 2500.0 2491.62559851 4500.0 4500.0
1516084165.15 1 1 2500.0 2492.04431859 4500.0 4500.0
1516084165.33 1 1 2500.0 2492.44210266 4500.0 4500.0
1516084165.4 1 1 2500.0 2492.81999752 4500.0 4500.0
1516084165.49 1 1 2500.0 2493.17899765 4500.0 4500.0
1516084165.59 1 1 2500.0 2493.52004777 4500.0 4500.0
1516084165.7 1 1 2500.0 2493.84404538 4500.0 4500.0
1516084165.79 1 1 2500.0 2494.15184311 4500.0 4500.0
1516084165.9 1 1 2500.0 2494.44425095 4500.0 4500.0
1516084165.99 1 1 2500.0 2494.72203841 4500.0 4500.0
1516084166.1 1 1 2500.0 2494.98593649 4500.0 4500.0
1516084166.21 1 1 2500.0 2495.23663966 4500.0 4500.0
1516084166.3 1 1 2500.0 2495.47480768 4500.0 4500.0
1516084166.4 1 1 2500.0 2495.70106729 4500.0 4500.0
1516084166.5 1 1 2500.0 2495.91601393 4500.0 4500.0
1516084166.6 1 1 2500.0 2496.12021323 4500.0 4500.0
1516084166.71 1 1 2500.0 2496.31420257 4500.0 4500.0
1516084166.8 1 1 2500.0 2496.49849244 4500.0 4500.0
1516084166.9 1 1 2500.0 2496.67356782 4500.0 4500.0
1516084167.0 1 1 2500.0 2496.83988943 4500.0 4500.0
1516084167.09 1 1 2500.0 2496.99789496 4500.0 4500.0
1516084167.2 1 1 2500.0 2497.14800021 4500.0 4500.0
1516084167.3 1 1 2500.0 2497.2906002 4500.0 4500.0
1516084167.4 1 1 2500.0 2497.42607019 4500.0 4500.0
1516084167.56 1 1 2500.0 2497.55476668 4500.0 4500.0
1516084167.63 1 1 2500.0 2497.67702835 4500.0 4500.0
1516084167.72 1 1 2500.0 2497.79317693 4500.0 4500.0
1516084167.83 1 1 2500.0 2497.90351808 4500.0 4500.0
1516084167.93 1 1 2500.0 2498.00834218 4500.0 4500.0
1516084168.03 1 1 2500.0 2498.10792507 4500.0 4500.0
1516084168.13 1 1 2500.0 2498.20252882 4500.0 4500.0
1516084168.23 1 1 2500.0 2498.29240238 4500.0 4500.0
1516084168.33 1 1 2500.0 2498.37778226 4500.0 4500.0
1516084168.47 1 1 2500.0 2498.45889314 4500.0 4500.0
1516084168.53 1 1 2500.0 2498.53594849 4500.0 4500.0
1516084168.63 1 1 2500.0 2498.60915106 4500.0 4500.0
1516084168.73 1 1 2500.0 2498.67869351 4500.0 4500.0
1516084168.83 1 1 2500.0 2498.74475883 4500.0 4500.0
1516084168.93 1 1 2500.0 2498.80752089 4500.0 4500.0
1516084169.03 1 1 2500.0 2498.86714485 4500.0 4500.0
1516084169.14 1 1 2500.0 2498.9237876 4500.0 4500.0
1516084169.23 1 1 2500.0 2498.97759822 4500.0 4500.0
1516084169.33 1 1 2500.0 2499.02871831 4500.0 4500.0
1516084169.43 1 1 2500.0 2499.0772824 4500.0 4500.0
1516084169.54 1 1 2500.0 2499.12341828 4500.0 4500.0
1516084169.72 1 1 2500.0 2499.16724736 4500.0 4500.0
1516084169.79 1 1 2500.0 2499.208885 4500.0 4500.0
1516084169.88 1 1 2500.0 2499.24844075 4500.0 4500.0
1516084169.99 1 1 2500.0 2499.28601871 4500.0 4500.0
1516084170.1 1 1 2500.0 2499.32171777 4500.0 4500.0
1516084170.2 1 1 2500.0 2499.35563188 4500.0 4500.0
1516084170.28 1 1 2500.0 2499.38785029 4500.0 4500.0
1516084170.38 1 1 2500.0 2499.41845778 4500.0 4500.0
1516084170.48 1 1 2500.0 2499.44753489 4500.0 4500.0
1516084170.58 1 1 2500.0 2499.47515814 4500.0 4500.0
1516084170.69 1 1 2500.0 2499.50140024 4500.0 4500.0
1516084170.78 1 1 2500.0 2499.52633022 4500.0 4500.0
1516084170.88 1 1 2500.0 2499.55001371 4500.0 4500.0
1516084170.98 1 1 2500.0 2499.57251303 4500.0 4500.0
1516084171.09 1 1 2500.0 2499.59388738 4500.0 4500.0
1516084171.19 1 1 2500.0 2499.61419301 4500.0 4500.0
1516084171.29 1 1 2500.0 2499.63348336 4500.0 4500.0
1516084171.39 1 1 2500.0 2499.65180919 4500.0 4500.0
1516084171.49 1 1 2500.0 2499.66921873 4500.0 4500.0
1516084171.58 1 1 2500.0 2499.68575779 4500.0 4500.0
1516084171.69 1 1 2500.0 2499.7014699 4500.0 4500.0
1516084171.86 1 1 2500.0 2499.71639641 4500.0 4500.0
1516084171.92 1 1 2500.0 2499.73057659 4500.0 4500.0
1516084172.01 1 1 2500.0 2499.74404776 4500.0 4500.0
1516084172.11 1 1 2500.0 2499.75684537 4500.0 4500.0
1516084172.21 1 1 2500.0 2499.7690031 4500.0 4500.0
1516084172.31 1 1 2500.0 2499.78055295 4500.0 4500.0
1516084172.4 1 1 2500.0 2499.7915253 4500.0 4500.0
1516084172.57 1 1 2500.0 2499.80194903 4500.0 4500.0
1516084172.64 1 1 2500.0 2499.81185158 4500.0 4500.0
1516084172.72 1 1 2500.0 2499.821259 4500.0 4500.0
1516084172.83 1 1 2500.0 2499.83019605 4500.0 4500.0
1516084172.93 1 1 2500.0 2499.83868625 4500.0 4500.0
1516084173.03 1 1 2500.0 2499.84675194 4500.0 4500.0
1516084173.13 1 1 2500.0 2499.85441434 4500.0 4500.0
1516084173.23 1 1 2500.0 2499.86169362 4500.0 4500.0
1516084173.34 1 1 2500.0 2499.86860894 4500.0 4500.0
1516084173.43 1 1 2500.0 2499.8751785 4500.0 4500.0
1516084173.53 1 1 2500.0 2499.88141957 4500.0 4500.0
1516084173.63 1 1 2500.0 2499.88734859 4500.0 4500.0
1516084173.79 1 1 2500.0 2499.89298116 4500.0 4500.0
1516084173.87 1 1 2500.0 2499.8983321 4500.0 4500.0
1516084173.95 1 1 2500.0 2499.9034155 4500.0 4500.0
1516084174.05 1 1 2500.0 2499.90824472 4500.0 4500.0
1516084174.15 1 1 2500.0 2499.91283249 4500.0 4500.0
1516084174.24 1 1 2500.0 2499.91719086 4500.0 4500.0
1516084174.35 1 1 2500.0 2499.92133132 4500.0 4500.0
1516084174.45 1 1 2500.0 2499.92526475 4500.0 4500.0
1516084174.55 1 1 2500.0 2499.92900152 4500.0 4500.0
1516084174.65 1 1 2500.0 2499.93255144 4500.0 4500.0
1516084174.75 1 1 2500.0 2499.93592387 4500.0 4500.0
1516084174.85 1 1 2500.0 2499.93912768 4500.0 4500.0
1516084174.94 1 1 2500.0 2499.94217129 4500.0 4500.0
1516084175.05 1 1 2500.0 2499.94506273 4500.0 4500.0
1516084175.15 1 1 2500.0 2499.94780959 4500.0 4500.0
1516084175.24 1 1 2500.0 2499.95041911 4500.0 4500.0
1516084175.35 1 1 2500.0 2499.95289816 4500.0 4500.0
1516084175.45 1 1 2500.0 2499.95525325 4500.0 4500.0
1516084175.54 1 1 2500.0 2499.95749059 4500.0 4500.0
1516084175.64 1 1 2500.0 2499.95961606 4500.0 4500.0
1516084175.74 1 1 2500.0 2499.96163525 4500.0 4500.0
1516084175.85 1 1 2500.0 2499.96355349 4500.0 4500.0
1516084175.95 1 1 2500.0 2499.96537582 4500.0 4500.0
1516084176.05 1 1 2500.0 2499.96710703 4500.0 4500.0
1516084176.15 1 1 2500.0 2499.96875167 4500.0 4500.0
1516084176.25 1 1 2500.0 2499.97031409 4500.0 4500.0
1516084176.35 1 1 2500.0 2499.97179839 4500.0 4500.0
1516084176.44 1 1 2500.0 2499.97320847 4500.0 4500.0
1516084176.55 1 1 2500.0 2499.97454804 4500.0 4500.0
1516084176.65 1 1 2500.0 2499.97582064 4500.0 4500.0
1516084176.75 1 1 2500.0 2499.97702961 4500.0 4500.0
1516084176.85 1 1 2500.0 2499.97817813 4500.0 4500.0
1516084176.95 1 1 2500.0 2499.97926922 4500.0 4500.0
1516084177.04 1 1 2500.0 2499.98030576 4500.0 4500.0
1516084177.15 1 1 2500.0 2499.98129047 4500.0 4500.0
1516084177.26 1 1 2500.0 2499.98222595 4500.0 4500.0
1516084177.35 1 1 2500.0 2499.98311465 4500.0 4500.0
1516084177.45 1 1 2500.0 2499.98395892 4500.0 4500.0
1516084177.55 1 1 2500.0 2499.98476097 4500.0 4500.0
1516084177.65 1 1 2500.0 2499.98552292 4500.0 4500.0
1516084177.75 1 1 2500.0 2499.98624678 4500.0 4500.0
1516084177.86 1 1 2500.0 2499.98693444 4500.0 4500.0
1516084177.95 1 1 2500.0 2499.98758772 4500.0 4500.0
1516084178.05 1 1 2500.0 2499.98820833 4500.0 4500.0
1516084178.15 1 1 2500.0 2499.98879792 4500.0 4500.0
1516084178.25 1 1 2500.0 2499.98935802 4500.0 4500.0
1516084178.35 1 1 2500.0 2499.98989012 4500.0 4500.0
1516084178.45 1 1 2500.0 2499.99039561 4500.0 4500.0
1516084178.55 1 1 2500.0 2499.99087583 4500.0 4500.0
1516084178.65 1 1 2500.0 2499.99133204 4500.0 4500.0
1516084178.75 1 1 2500.0 2499.99176544 4500.0 4500.0
1516084178.85 1 1 2500.0 2499.99217717 4500.0 4500.0
1516084178.96 1 1 2500.0 2499.99256831 4500.0 4500.0
1516084179.05 1 1 2500.0 2499.99293989 4500.0 4500.0
1516084179.15 1 1 2500.0 2499.9932929 4500.0 4500.0
1516084179.25 1 1 2500.0 2499.99362825 4500.0 4500.0
1516084179.35 1 1 2500.0 2499.99394684 4500.0 4500.0
1516084179.45 1 1 2500.0 2499.9942495 4500.0 4500.0
1516084179.55 1 1 2500.0 2499.99453702 4500.0 4500.0
1516084179.65 1 1 2500.0 2499.99481017 4500.0 4500.0
1516084179.75 1 1 2500.0 2499.99506966 4500.0 4500.0
1516084179.85 1 1 2500.0 2499.99531618 4500.0 4500.0
1516084179.96 1 1 2500.0 2499.99555037 4500.0 4500.0
1516084180.06 1 1 2500.0 2499.99577285 4500.0 4500.0
1516084180.15 1 1 2500.0 2499.99598421 4500.0 4500.0
1516084180.25 1 1 2500.0 2499.996185 4500.0 4500.0
1516084180.35 1 1 2500.0 2499.99637575 4500.0 4500.0
1516084180.45 1 1 2500.0 2499.99655696 4500.0 4500.0
1516084180.55 1 1 2500.0 2499.99672911 4500.0 4500.0
1516084180.66 1 1 2500.0 2499.99689266 4500.0 4500.0
1516084180.75 1 1 2500.0 2499.99704803 4500.0 4500.0
1516084180.85 1 1 2500.0 2499.99719562 4500.0 4500.0
1516084180.95 1 1 2500.0 2499.99733584 4500.0 4500.0
1516084181.05 1 1 2500.0 2499.99746905 4500.0 4500.0
1516084181.16 1 1 2500.0 2499.9975956 4500.0 4500.0
1516084181.25 1 1 2500.0 2499.99771582 4500.0 4500.0
1516084181.35 1 1 2500.0 2499.99783003 4500.0 4500.0
1516084181.45 1 1 2500.0 2499.99793853 4500.0 4500.0
1516084181.56 1 1 2500.0 2499.9980416 4500.0 4500.0
1516084181.65 1 1 2500.0 2499.99813952 4500.0 4500.0
1516084181.75 1 1 2500.0 2499.99823254 4500.0 4500.0
1516084181.86 1 1 2500.0 2499.99832092 4500.0 4500.0
1516084181.96 1 1 2500.0 2499.99840487 4500.0 4500.0
1516084182.06 1 1 2500.0 2499.99848463 4500.0 4500.0
1516084182.16 1 1 2500.0 2499.9985604 4500.0 4500.0
1516084182.26 1 1 2500.0 2499.99863238 4500.0 4500.0
1516084182.36 1 1 2500.0 2499.99870076 4500.0 4500.0
1516084182.46 1 1 2500.0 2499.99876572 4500.0 4500.0
1516084182.56 1 1 2500.0 2499.99882743 4500.0 4500.0
1516084182.65 1 1 2500.0 2499.99888606 4500.0 4500.0
1516084182.75 1 1 2500.0 2499.99894176 4500.0 4500.0
1516084182.86 1 1 2500.0 2499.99899467 4500.0 4500.0
1516084182.96 1 1 2500.0 2499.99904494 4500.0 4500.0
1516084183.06 1 1 2500.0 2499.99909269 4500.0 4500.0
1516084183.16 1 1 2500.0 2499.99913806 4500.0 4500.0
1516084183.26 1 1 2500.0 2499.99918115 4500.0 4500.0
1516084183.36 1 1 2500.0 2499.9992221 4500.0 4500.0
1516084183.46 1 1 2500.0 2499.99926099 4500.0 4500.0
1516084183.56 1 1 2500.0 2499.99929794 4500.0 4500.0
1516084183.66 1 1 2500.0 2499.99933304 4500.0 4500.0
1516084183.76 1 1 2500.0 2499.99936639 4500.0 4500.0
1516084183.86 1 1 2500.0 2499.99939807 4500.0 4500.0
1516084183.96 1 1 2500.0 2499.99942817 4500.0 4500.0
1516084184.06 1 1 2500.0 2499.99945676 4500.0 4500.0
1516084184.17 1 1 2500.0 2499.99948392 4500.0 4500.0
1516084184.27 1 1 2500.0 2499.99950973 4500.0 4500.0
1516084184.37 2 1 3333.33333333 2541.66620091 4500.0 4500.0
1516084184.47 2 1 3333.33333333 2581.24955753 4500.0 4500.0
1516084184.58 2 1 3333.33333333 2618.85374632 4500.0 4500.0
1516084184.68 2 1 3333.33333333 2654.57772567 4500.0 4500.0
1516084184.78 2 1 3333.33333333 2688.51550605 4500.0 4500.0
1516084184.88 2 1 3333.33333333 2720.75639742 4500.0 4500.0
1516084184.98 2 1 3333.33333333 2751.38524421 4500.0 4500.0
1516084185.08 2 1 3333.33333333 2780.48264867 4500.0 4500.0
1516084185.18 2 1 3333.33333333 2808.1251829 4500.0 4500.0
1516084185.28 2 1 3333.33333333 2834.38559042 4500.0 4500.0
1516084185.38 2 1 3333.33333333 2859.33297757 4500.0 4500.0
1516084185.48 2 1 3333.33333333 2883.03299536 4500.0 4500.0
1516084185.57 2 1 3333.33333333 2905.54801226 4500.0 4500.0
1516084185.68 2 1 3333.33333333 2926.93727831 4500.0 4500.0
1516084185.78 2 1 3333.33333333 2947.25708106 4500.0 4500.0
1516084185.88 2 1 3333.33333333 2966.56089367 4500.0 4500.0
1516084185.99 2 1 3333.33333333 2984.89951566 4500.0 4500.0
1516084186.08 2 1 3333.33333333 3002.32120654 4500.0 4500.0
1516084186.18 2 1 3333.33333333 3018.87181288 4500.0 4500.0
1516084186.28 2 1 3333.33333333 3034.5948889 4500.0 4500.0
1516084186.38 2 1 3333.33333333 3049.53181112 4500.0 4500.0
1516084186.48 2 1 3333.33333333 3063.72188724 4500.0 4500.0
1516084186.59 2 1 3333.33333333 3077.20245954 4500.0 4500.0
1516084186.68 2 1 3333.33333333 3090.00900323 4500.0 4500.0
1516084186.78 2 1 3333.33333333 3102.17521973 4500.0 4500.0
1516084186.88 2 1 3333.33333333 3113.73312541 4500.0 4500.0
1516084186.99 2 1 3333.33333333 3124.71313581 4500.0 4500.0
1516084187.08 2 1 3333.33333333 3135.14414569 4500.0 4500.0
1516084187.19 2 1 3333.33333333 3145.05360507 4500.0 4500.0
1516084187.29 2 1 3333.33333333 3154.46759148 4500.0 4500.0
1516084187.39 2 1 3333.33333333 3163.41087857 4500.0 4500.0
1516084187.48 2 1 3333.33333333 3171.90700131 4500.0 4500.0
1516084187.59 2 1 3333.33333333 3179.97831791 4500.0 4500.0
1516084187.68 2 1 3333.33333333 3187.64606868 4500.0 4500.0
1516084187.79 2 1 3333.33333333 3194.93043192 4500.0 4500.0
1516084187.89 2 1 3333.33333333 3201.85057699 4500.0 4500.0
1516084187.99 2 1 3333.33333333 3208.42471481 4500.0 4500.0
1516084188.09 2 1 3333.33333333 3214.67014573 4500.0 4500.0
1516084188.18 2 1 3333.33333333 3220.60330511 4500.0 4500.0
1516084188.28 2 1 3333.33333333 3226.23980652 4500.0 4500.0
1516084188.39 2 1 3333.33333333 3231.59448286 4500.0 4500.0
1516084188.49 2 1 3333.33333333 3236.68142539 4500.0 4500.0
1516084188.58 2 1 3333.33333333 3241.51402078 4500.0 4500.0
1516084188.69 2 1 3333.33333333 3246.10498641 4500.0 4500.0
1516084188.8 2 1 3333.33333333 3250.46640376 4500.0 4500.0
1516084188.88 2 1 3333.33333333 3254.60975024 4500.0 4500.0
1516084188.99 2 1 3333.33333333 3258.54592939 4500.0 4500.0
1516084189.08 2 1 3333.33333333 3262.28529959 4500.0 4500.0
1516084189.18 2 1 3333.33333333 3265.83770128 4500.0 4500.0
1516084189.28 2 1 3333.33333333 3269.21248288 4500.0 4500.0
1516084189.38 2 1 3333.33333333 3272.4185254 4500.0 4500.0
1516084189.49 2 1 3333.33333333 3275.4642658 4500.0 4500.0
1516084189.59 2 1 3333.33333333 3278.35771917 4500.0 4500.0
1516084189.69 2 1 3333.33333333 3281.10649988 4500.0 4500.0
1516084189.79 2 1 3333.33333333 3283.71784156 4500.0 4500.0
1516084189.89 2 1 3333.33333333 3286.19861614 4500.0 4500.0
1516084189.99 2 1 3333.33333333 3288.555352 4500.0 4500.0
1516084190.09 2 1 3333.33333333 3290.79425107 4500.0 4500.0
1516084190.19 2 1 3333.33333333 3292.92120518 4500.0 4500.0
1516084190.29 2 1 3333.33333333 3294.94181159 4500.0 4500.0
1516084190.39 2 1 3333.33333333 3296.86138768 4500.0 4500.0
1516084190.49 2 1 3333.33333333 3298.68498496 4500.0 4500.0
1516084190.58 2 1 3333.33333333 3300.41740238 4500.0 4500.0
1516084190.7 2 1 3333.33333333 3302.06319893 4500.0 4500.0
1516084190.8 2 1 3333.33333333 3303.62670565 4500.0 4500.0
1516084190.89 2 1 3333.33333333 3305.11203703 4500.0 4500.0
1516084190.99 2 1 3333.33333333 3306.52310185 4500.0 4500.0
1516084191.09 2 1 3333.33333333 3307.86361342 4500.0 4500.0
1516084191.19 2 1 3333.33333333 3309.13709942 4500.0 4500.0
1516084191.29 2 1 3333.33333333 3310.34691111 4500.0 4500.0
1516084191.39 2 1 3333.33333333 3311.49623222 4500.0 4500.0
1516084191.49 2 1 3333.33333333 3312.58808728 4500.0 4500.0
1516084191.59 2 1 3333.33333333 3313.62534958 4500.0 4500.0
1516084191.69 2 1 3333.33333333 3314.61074877 4500.0 4500.0
1516084191.8 2 1 3333.33333333 3315.546878 4500.0 4500.0
1516084191.89 2 1 3333.33333333 3316.43620076 4500.0 4500.0
1516084191.99 2 1 3333.33333333 3317.28105739 4500.0 4500.0
1516084192.09 2 1 3333.33333333 3318.08367119 4500.0 4500.0
1516084192.2 2 1 3333.33333333 3318.8461543 4500.0 4500.0
1516084192.29 2 1 3333.33333333 3319.57051325 4500.0 4500.0
1516084192.4 2 1 3333.33333333 3320.25865425 4500.0 4500.0
1516084192.5 2 1 3333.33333333 3320.91238821 4500.0 4500.0
1516084192.6 2 1 3333.33333333 3321.53343546 4500.0 4500.0
1516084192.69 2 1 3333.33333333 3322.12343036 4500.0 4500.0
1516084192.8 2 1 3333.33333333 3322.68392551 4500.0 4500.0
1516084192.89 2 1 3333.33333333 3323.2163959 4500.0 4500.0
1516084193.0 2 1 3333.33333333 3323.72224277 4500.0 4500.0
1516084193.09 2 1 3333.33333333 3324.2027973 4500.0 4500.0
1516084193.2 2 1 3333.33333333 3324.6593241 4500.0 4500.0
1516084193.29 2 1 3333.33333333 3325.09302456 4500.0 4500.0
1516084193.39 2 1 3333.33333333 3325.50504 4500.0 4500.0
1516084193.49 2 1 3333.33333333 3325.89645467 4500.0 4500.0
1516084193.59 2 1 3333.33333333 3326.2682986 4500.0 4500.0
1516084193.7 2 1 3333.33333333 3326.62155034 4500.0 4500.0
1516084193.79 2 1 3333.33333333 3326.95713949 4500.0 4500.0
1516084193.89 2 1 3333.33333333 3327.27594918 4500.0 4500.0
1516084193.99 2 1 3333.33333333 3327.57881839 4500.0 4500.0
1516084194.09 2 1 3333.33333333 3327.86654413 4500.0 4500.0
1516084194.19 2 1 3333.33333333 3328.13988359 4500.0 4500.0
1516084194.29 2 1 3333.33333333 3328.39955608 4500.0 4500.0
1516084194.39 2 1 3333.33333333 3328.64624494 4500.0 4500.0
1516084194.5 2 1 3333.33333333 3328.88059936 4500.0 4500.0
1516084194.6 2 1 3333.33333333 3329.10323606 4500.0 4500.0
1516084194.69 2 1 3333.33333333 3329.31474092 4500.0 4500.0
1516084194.8 2 1 3333.33333333 3329.51567055 4500.0 4500.0
1516084194.9 2 1 3333.33333333 3329.70655368 4500.0 4500.0
1516084195.0 2 1 3333.33333333 3329.88789267 4500.0 4500.0
1516084195.1 2 1 3333.33333333 3330.0601647 4500.0 4500.0
1516084195.2 2 1 3333.33333333 3330.22382313 4500.0 4500.0
1516084195.3 2 1 3333.33333333 3330.37929864 4500.0 4500.0
1516084195.4 2 1 3333.33333333 3330.52700038 4500.0 4500.0
1516084195.5 2 1 3333.33333333 3330.66731702 4500.0 4500.0
1516084195.6 2 1 3333.33333333 3330.80061784 4500.0 4500.0
1516084195.71 2 1 3333.33333333 3330.92725361 4500.0 4500.0
1516084195.8 2 1 3333.33333333 3331.0475576 4500.0 4500.0
1516084195.9 2 1 3333.33333333 3331.16184639 4500.0 4500.0
1516084196.0 2 1 3333.33333333 3331.27042073 4500.0 4500.0
1516084196.1 2 1 3333.33333333 3331.37356636 4500.0 4500.0
1516084196.2 2 1 3333.33333333 3331.47155471 4500.0 4500.0
1516084196.3 2 1 3333.33333333 3331.56464364 4500.0 4500.0
1516084196.4 2 1 3333.33333333 3331.65307813 4500.0 4500.0
1516084196.5 2 1 3333.33333333 3331.73709089 4500.0 4500.0
1516084196.61 2 1 3333.33333333 3331.81690301 4500.0 4500.0
1516084196.71 2 1 3333.33333333 3331.89272453 4500.0 4500.0
1516084196.81 2 1 3333.33333333 3331.96475497 4500.0 4500.0
1516084196.91 2 1 3333.33333333 3332.03318389 4500.0 4500.0
1516084197.0 2 1 3333.33333333 3332.09819136 4500.0 4500.0
1516084197.11 2 1 3333.33333333 3332.15994846 4500.0 4500.0
1516084197.2 2 1 3333.33333333 3332.2186177 4500.0 4500.0
1516084197.3 2 1 3333.33333333 3332.27435348 4500.0 4500.0
1516084197.4 2 1 3333.33333333 3332.32730247 4500.0 4500.0
1516084197.5 2 1 3333.33333333 3332.37760402 4500.0 4500.0
1516084197.61 2 1 3333.33333333 3332.42539048 4500.0 4500.0
1516084197.7 2 1 3333.33333333 3332.47078763 4500.0 4500.0
1516084197.81 2 1 3333.33333333 3332.51391491 4500.0 4500.0
1516084197.9 2 1 3333.33333333 3332.55488583 4500.0 4500.0
1516084198.01 2 1 3333.33333333 3332.59380821 4500.0 4500.0
1516084198.1 2 1 3333.33333333 3332.63078446 4500.0 4500.0
1516084198.22 2 1 3333.33333333 3332.66591191 4500.0 4500.0
1516084198.3 2 1 3333.33333333 3332.69928298 4500.0 4500.0
1516084198.41 2 1 3333.33333333 3332.7309855 4500.0 4500.0
1516084198.51 2 1 3333.33333333 3332.76110289 4500.0 4500.0
1516084198.61 2 1 3333.33333333 3332.78971441 4500.0 4500.0
1516084198.7 2 1 3333.33333333 3332.81689536 4500.0 4500.0
1516084198.8 2 1 3333.33333333 3332.84271726 4500.0 4500.0
1516084198.91 2 1 3333.33333333 3332.86724806 4500.0 4500.0
1516084199.01 2 1 3333.33333333 3332.89055232 4500.0 4500.0
1516084199.1 2 1 3333.33333333 3332.91269137 4500.0 4500.0
1516084199.21 2 1 3333.33333333 3332.93372347 4500.0 4500.0
1516084199.31 2 1 3333.33333333 3332.95370396 4500.0 4500.0
1516084199.4 2 1 3333.33333333 3332.97268543 4500.0 4500.0
1516084199.5 2 1 3333.33333333 3332.99071783 4500.0 4500.0
1516084199.6 2 1 3333.33333333 3333.0078486 4500.0 4500.0
1516084199.71 2 1 3333.33333333 3333.02412284 4500.0 4500.0
1516084199.81 2 1 3333.33333333 3333.03958336 4500.0 4500.0
1516084199.91 2 1 3333.33333333 3333.05427086 4500.0 4500.0
1516084200.01 2 1 3333.33333333 3333.06822399 4500.0 4500.0
1516084200.1 2 1 3333.33333333 3333.08147945 4500.0 4500.0
1516084200.22 2 1 3333.33333333 3333.09407215 4500.0 4500.0
1516084200.32 2 1 3333.33333333 3333.10603521 4500.0 4500.0
1516084200.41 2 1 3333.33333333 3333.11740011 4500.0 4500.0
1516084200.51 2 1 3333.33333333 3333.12819677 4500.0 4500.0
1516084200.61 2 1 3333.33333333 3333.1384536 4500.0 4500.0
1516084200.71 2 1 3333.33333333 3333.14819759 4500.0 4500.0
1516084200.81 2 1 3333.33333333 3333.15745438 4500.0 4500.0
1516084200.9 2 1 3333.33333333 3333.16624832 4500.0 4500.0
1516084201.01 2 1 3333.33333333 3333.17460257 4500.0 4500.0
1516084201.11 2 1 3333.33333333 3333.18253911 4500.0 4500.0
1516084201.21 2 1 3333.33333333 3333.19007882 4500.0 4500.0
1516084201.31 2 1 3333.33333333 3333.19724155 4500.0 4500.0
1516084201.41 2 1 3333.33333333 3333.20404614 4500.0 4500.0
1516084201.5 2 1 3333.33333333 3333.2105105 4500.0 4500.0
1516084201.61 2 1 3333.33333333 3333.21665164 4500.0 4500.0
1516084201.71 2 1 3333.33333333 3333.22248572 4500.0 4500.0
1516084201.81 2 1 3333.33333333 3333.2280281 4500.0 4500.0
1516084201.9 2 1 3333.33333333 3333.23329337 4500.0 4500.0
1516084202.01 2 1 3333.33333333 3333.23829536 4500.0 4500.0
1516084202.12 2 1 3333.33333333 3333.24304726 4500.0 4500.0
1516084202.21 2 1 3333.33333333 3333.24756157 4500.0 4500.0
1516084202.31 2 1 3333.33333333 3333.25185015 4500.0 4500.0
1516084202.41 2 1 3333.33333333 3333.25592431 4500.0 4500.0
1516084202.51 2 1 3333.33333333 3333.25979476 4500.0 4500.0
1516084202.62 2 1 3333.33333333 3333.26347169 4500.0 4500.0
1516084202.7 2 1 3333.33333333 3333.26696478 4500.0 4500.0
1516084202.81 2 1 3333.33333333 3333.2702832 4500.0 4500.0
1516084202.92 2 1 3333.33333333 3333.27343571 4500.0 4500.0
1516084203.02 2 1 3333.33333333 3333.27643059 4500.0 4500.0
1516084203.12 2 1 3333.33333333 3333.27927573 4500.0 4500.0
1516084203.22 3 1 3750.0 3354.11531194 4500.0 4500.0
1516084203.31 3 1 3750.0 3373.90954634 4500.0 4500.0
1516084203.42 3 1 3750.0 3392.71406903 4500.0 4500.0
1516084203.51 3 1 3750.0 3410.57836558 4500.0 4500.0
1516084203.61 3 1 3750.0 3427.5494473 4500.0 4500.0
1516084203.72 3 1 3750.0 3443.67197493 4500.0 4500.0
1516084203.81 3 1 3750.0 3458.98837619 4500.0 4500.0
1516084203.91 3 1 3750.0 3473.53895738 4500.0 4500.0
1516084204.02 3 1 3750.0 3487.36200951 4500.0 4500.0
1516084204.11 3 1 3750.0 3500.49390903 4500.0 4500.0
1516084204.21 3 1 3750.0 3512.96921358 4500.0 4500.0
1516084204.32 3 1 3750.0 3524.8207529 4500.0 4500.0
1516084204.42 3 1 3750.0 3536.07971526 4500.0 4500.0
1516084204.51 3 1 3750.0 3546.77572949 4500.0 4500.0
1516084204.61 3 1 3750.0 3556.93694302 4500.0 4500.0
1516084204.7 3 1 3750.0 3566.59009587 4500.0 4500.0
1516084204.81 3 1 3750.0 3575.76059107 4500.0 4500.0
1516084204.91 3 1 3750.0 3584.47256152 4500.0 4500.0
1516084205.02 3 1 3750.0 3592.74893344 4500.0 4500.0
1516084205.12 3 1 3750.0 3600.61148677 4500.0 4500.0
1516084205.21 3 1 3750.0 3608.08091243 4500.0 4500.0
1516084205.32 3 1 3750.0 3615.17686681 4500.0 4500.0
1516084205.42 3 1 3750.0 3621.91802347 4500.0 4500.0
1516084205.52 3 1 3750.0 3628.3221223 4500.0 4500.0
1516084205.62 3 1 3750.0 3634.40601618 4500.0 4500.0
1516084205.72 3 1 3750.0 3640.18571537 4500.0 4500.0
1516084205.82 3 1 3750.0 3645.67642961 4500.0 4500.0
1516084205.92 3 1 3750.0 3650.89260813 4500.0 4500.0
1516084206.03 3 1 3750.0 3655.84797772 4500.0 4500.0
1516084206.12 3 1 3750.0 3660.55557883 4500.0 4500.0
1516084206.23 3 1 3750.0 3665.02779989 4500.0 4500.0
1516084206.32 3 1 3750.0 3669.2764099 4500.0 4500.0
1516084206.43 3 1 3750.0 3673.3125894 4500.0 4500.0
1516084206.53 3 1 3750.0 3677.14695993 4500.0 4500.0
1516084206.63 3 1 3750.0 3680.78961194 4500.0 4500.0
1516084206.73 3 1 3750.0 3684.25013134 4500.0 4500.0
1516084206.82 3 1 3750.0 3687.53762477 4500.0 4500.0
1516084206.93 3 1 3750.0 3690.66074353 4500.0 4500.0
1516084207.03 3 1 3750.0 3693.62770636 4500.0 4500.0
1516084207.13 3 1 3750.0 3696.44632104 4500.0 4500.0
1516084207.22 3 1 3750.0 3699.12400499 4500.0 4500.0
1516084207.32 3 1 3750.0 3701.66780474 4500.0 4500.0
1516084207.42 3 1 3750.0 3704.0844145 4500.0 4500.0
1516084207.54 3 1 3750.0 3706.38019378 4500.0 4500.0
1516084207.63 3 1 3750.0 3708.56118409 4500.0 4500.0
1516084207.74 3 1 3750.0 3710.63312488 4500.0 4500.0
1516084207.83 3 1 3750.0 3712.60146864 4500.0 4500.0
1516084207.93 3 1 3750.0 3714.47139521 4500.0 4500.0
1516084208.04 3 1 3750.0 3716.24782545 4500.0 4500.0
1516084208.14 3 1 3750.0 3717.93543417 4500.0 4500.0
1516084208.23 3 1 3750.0 3719.53866246 4500.0 4500.0
1516084208.32 3 1 3750.0 3721.06172934 4500.0 4500.0
1516084208.43 3 1 3750.0 3722.50864287 4500.0 4500.0
1516084208.53 3 1 3750.0 3723.88321073 4500.0 4500.0
1516084208.62 3 1 3750.0 3725.18905019 4500.0 4500.0
1516084208.73 3 1 3750.0 3726.42959768 4500.0 4500.0
1516084208.83 3 1 3750.0 3727.6081178 4500.0 4500.0
1516084208.93 3 1 3750.0 3728.72771191 4500.0 4500.0
1516084209.04 3 1 3750.0 3729.79132631 4500.0 4500.0
1516084209.13 3 1 3750.0 3730.80176 4500.0 4500.0
1516084209.23 3 1 3750.0 3731.761672 4500.0 4500.0
1516084209.34 3 1 3750.0 3732.6735884 4500.0 4500.0
1516084209.43 3 1 3750.0 3733.53990898 4500.0 4500.0
1516084209.54 3 1 3750.0 3734.36291353 4500.0 4500.0
1516084209.64 3 1 3750.0 3735.14476785 4500.0 4500.0
1516084209.73 3 1 3750.0 3735.88752946 4500.0 4500.0
1516084209.84 3 1 3750.0 3736.59315299 4500.0 4500.0
1516084209.94 3 1 3750.0 3737.26349534 4500.0 4500.0
1516084210.04 3 1 3750.0 3737.90032057 4500.0 4500.0
1516084210.14 3 1 3750.0 3738.50530454 4500.0 4500.0
1516084210.23 3 1 3750.0 3739.08003932 4500.0 4500.0
1516084210.35 3 1 3750.0 3739.62603735 4500.0 4500.0
1516084210.43 3 1 3750.0 3740.14473548 4500.0 4500.0
1516084210.54 3 1 3750.0 3740.63749871 4500.0 4500.0
1516084210.64 3 1 3750.0 3741.10562377 4500.0 4500.0
1516084210.73 3 1 3750.0 3741.55034258 4500.0 4500.0
1516084210.84 3 1 3750.0 3741.97282546 4500.0 4500.0
1516084210.93 3 1 3750.0 3742.37418418 4500.0 4500.0
1516084211.04 3 1 3750.0 3742.75547497 4500.0 4500.0
1516084211.15 3 1 3750.0 3743.11770122 4500.0 4500.0
1516084211.25 3 1 3750.0 3743.46181616 4500.0 4500.0
1516084211.34 3 1 3750.0 3743.78872536 4500.0 4500.0
1516084211.43 3 1 3750.0 3744.09928909 4500.0 4500.0
1516084211.54 3 1 3750.0 3744.39432463 4500.0 4500.0
1516084211.64 3 1 3750.0 3744.6746084 4500.0 4500.0
1516084211.75 3 1 3750.0 3744.94087798 4500.0 4500.0
1516084211.83 3 1 3750.0 3745.19383408 4500.0 4500.0
1516084211.94 3 1 3750.0 3745.43414238 4500.0 4500.0
1516084212.04 3 1 3750.0 3745.66243526 4500.0 4500.0
1516084212.15 3 1 3750.0 3745.8793135 4500.0 4500.0
1516084212.24 3 1 3750.0 3746.08534782 4500.0 4500.0
1516084212.34 3 1 3750.0 3746.28108043 4500.0 4500.0
1516084212.44 3 1 3750.0 3746.46702641 4500.0 4500.0
1516084212.54 3 1 3750.0 3746.64367509 4500.0 4500.0
1516084212.63 3 1 3750.0 3746.81149133 4500.0 4500.0
1516084212.74 3 1 3750.0 3746.97091677 4500.0 4500.0
1516084212.85 3 1 3750.0 3747.12237093 4500.0 4500.0
1516084212.94 3 1 3750.0 3747.26625238 4500.0 4500.0
1516084213.05 3 1 3750.0 3747.40293976 4500.0 4500.0
1516084213.15 3 1 3750.0 3747.53279278 4500.0 4500.0
1516084213.25 3 1 3750.0 3747.65615314 4500.0 4500.0
1516084213.35 3 1 3750.0 3747.77334548 4500.0 4500.0
1516084213.45 3 1 3750.0 3747.88467821 4500.0 4500.0
1516084213.55 3 1 3750.0 3747.9904443 4500.0 4500.0
1516084213.65 3 1 3750.0 3748.09092208 4500.0 4500.0
1516084213.74 3 1 3750.0 3748.18637598 4500.0 4500.0
1516084213.85 3 1 3750.0 3748.27705718 4500.0 4500.0
1516084213.94 3 1 3750.0 3748.36320432 4500.0 4500.0
1516084214.05 3 1 3750.0 3748.4450441 4500.0 4500.0
1516084214.16 3 1 3750.0 3748.5227919 4500.0 4500.0
1516084214.26 3 1 3750.0 3748.5966523 4500.0 4500.0
1516084214.35 3 1 3750.0 3748.66681969 4500.0 4500.0
1516084214.45 3 1 3750.0 3748.7334787 4500.0 4500.0
1516084214.55 3 1 3750.0 3748.79680477 4500.0 4500.0
1516084214.65 3 1 3750.0 3748.85696453 4500.0 4500.0
1516084214.75 3 1 3750.0 3748.9141163 4500.0 4500.0
1516084214.85 3 1 3750.0 3748.96841049 4500.0 4500.0
1516084214.95 3 1 3750.0 3749.01998996 4500.0 4500.0
1516084215.06 3 1 3750.0 3749.06899047 4500.0 4500.0
1516084215.15 3 1 3750.0 3749.11554094 4500.0 4500.0
1516084215.25 3 1 3750.0 3749.1597639 4500.0 4500.0
1516084215.36 3 1 3750.0 3749.2017757 4500.0 4500.0
1516084215.45 3 1 3750.0 3749.24168692 4500.0 4500.0
1516084215.55 3 1 3750.0 3749.27960257 4500.0 4500.0
1516084215.65 3 1 3750.0 3749.31562244 4500.0 4500.0
1516084215.75 3 1 3750.0 3749.34984132 4500.0 4500.0
1516084215.85 3 1 3750.0 3749.38234925 4500.0 4500.0
1516084215.96 3 1 3750.0 3749.41323179 4500.0 4500.0
1516084216.06 3 1 3750.0 3749.4425702 4500.0 4500.0
1516084216.15 3 1 3750.0 3749.47044169 4500.0 4500.0
1516084216.25 3 1 3750.0 3749.49691961 4500.0 4500.0
1516084216.35 3 1 3750.0 3749.52207363 4500.0 4500.0
1516084216.45 3 1 3750.0 3749.54596994 4500.0 4500.0
1516084216.56 3 1 3750.0 3749.56867145 4500.0 4500.0
1516084216.66 3 1 3750.0 3749.59023788 4500.0 4500.0
1516084216.76 3 1 3750.0 3749.61072598 4500.0 4500.0
1516084216.85 3 1 3750.0 3749.63018968 4500.0 4500.0
1516084216.95 3 1 3750.0 3749.6486802 4500.0 4500.0
1516084217.06 3 1 3750.0 3749.66624619 4500.0 4500.0
1516084217.16 3 1 3750.0 3749.68293388 4500.0 4500.0
1516084217.26 3 1 3750.0 3749.69878718 4500.0 4500.0
1516084217.35 3 1 3750.0 3749.71384783 4500.0 4500.0
1516084217.47 3 1 3750.0 3749.72815543 4500.0 4500.0
1516084217.57 3 1 3750.0 3749.74174766 4500.0 4500.0
1516084217.65 3 1 3750.0 3749.75466028 4500.0 4500.0
1516084217.76 3 1 3750.0 3749.76692727 4500.0 4500.0
1516084217.87 3 1 3750.0 3749.7785809 4500.0 4500.0
1516084217.96 3 1 3750.0 3749.78965186 4500.0 4500.0
1516084218.06 3 1 3750.0 3749.80016926 4500.0 4500.0
1516084218.17 3 1 3750.0 3749.8101608 4500.0 4500.0
1516084218.27 3 1 3750.0 3749.81965276 4500.0 4500.0
1516084218.36 3 1 3750.0 3749.82867012 4500.0 4500.0
1516084218.46 3 1 3750.0 3749.83723662 4500.0 4500.0
1516084218.56 3 1 3750.0 3749.84537479 4500.0 4500.0
1516084218.67 3 1 3750.0 3749.85310605 4500.0 4500.0
1516084218.77 3 1 3750.0 3749.86045074 4500.0 4500.0
1516084218.86 3 1 3750.0 3749.86742821 4500.0 4500.0
1516084218.97 3 1 3750.0 3749.8740568 4500.0 4500.0
1516084219.07 3 1 3750.0 3749.88035396 4500.0 4500.0
1516084219.17 3 1 3750.0 3749.88633626 4500.0 4500.0
1516084219.27 3 1 3750.0 3749.89201945 4500.0 4500.0
1516084219.37 3 1 3750.0 3749.89741847 4500.0 4500.0
1516084219.46 3 1 3750.0 3749.90254755 4500.0 4500.0
1516084219.57 3 1 3750.0 3749.90742017 4500.0 4500.0
1516084219.67 3 1 3750.0 3749.91204916 4500.0 4500.0
1516084219.76 3 1 3750.0 3749.91644671 4500.0 4500.0
1516084219.88 3 1 3750.0 3749.92062437 4500.0 4500.0
1516084219.97 3 1 3750.0 3749.92459315 4500.0 4500.0
1516084220.06 3 1 3750.0 3749.92836349 4500.0 4500.0
1516084220.16 3 1 3750.0 3749.93194532 4500.0 4500.0
1516084220.27 3 1 3750.0 3749.93534805 4500.0 4500.0
1516084220.37 3 1 3750.0 3749.93858065 4500.0 4500.0
1516084220.46 3 1 3750.0 3749.94165162 4500.0 4500.0
1516084220.57 3 1 3750.0 3749.94456904 4500.0 4500.0
1516084220.67 3 1 3750.0 3749.94734059 4500.0 4500.0
1516084220.77 3 1 3750.0 3749.94997356 4500.0 4500.0
1516084220.86 3 1 3750.0 3749.95247488 4500.0 4500.0
1516084220.96 3 1 3750.0 3749.95485113 4500.0 4500.0
1516084221.07 3 1 3750.0 3749.95710858 4500.0 4500.0
1516084221.17 3 1 3750.0 3749.95925315 4500.0 4500.0
1516084221.27 3 1 3750.0 3749.96129049 4500.0 4500.0
1516084221.37 3 1 3750.0 3749.96322597 4500.0 4500.0
1516084221.47 3 1 3750.0 3749.96506467 4500.0 4500.0
1516084221.57 3 1 3750.0 3749.96681144 4500.0 4500.0
1516084221.67 3 1 3750.0 3749.96847086 4500.0 4500.0
1516084221.78 3 1 3750.0 3749.97004732 4500.0 4500.0
1516084221.88 3 1 3750.0 3749.97154495 4500.0 4500.0
1516084221.97 3 1 3750.0 3749.97296771 4500.0 4500.0
1516084222.07 3 1 3750.0 3749.97431932 4500.0 4500.0
1516084222.17 3 1 3750.0 3749.97560336 4500.0 4500.0
1516084222.27 3 1 3750.0 3749.97682319 4500.0 4500.0
1516084222.38 3 1 3750.0 3749.97798203 4500.0 4500.0
1516084222.48 3 1 3750.0 3749.97908293 4500.0 4500.0
1516084222.58 3 1 3750.0 3749.98012878 4500.0 4500.0
1516084222.68 3 1 3750.0 3749.98112234 4500.0 4500.0
1516084222.78 3 1 3750.0 3749.98206622 4500.0 4500.0
1516084222.89 3 1 3750.0 3749.98296291 4500.0 4500.0
1516084222.98 3 1 3750.0 3749.98381477 4500.0 4500.0
1516084223.09 3 1 3750.0 3749.98462403 4500.0 4500.0
1516084223.17 3 1 3750.0 3749.98539283 4500.0 4500.0
1516084223.29 3 1 3750.0 3749.98612319 4500.0 4500.0
1516084223.38 3 1 3750.0 3749.98681703 4500.0 4500.0
1516084223.47 3 1 3750.0 3749.98747618 4500.0 4500.0
1516084223.57 3 1 3750.0 3749.98810237 4500.0 4500.0
1516084223.68 3 1 3750.0 3749.98869725 4500.0 4500.0
1516084223.79 3 1 3750.0 3749.98926239 4500.0 4500.0
1516084223.89 3 1 3750.0 3749.98979927 4500.0 4500.0
1516084223.98 3 1 3750.0 3749.9903093 4500.0 4500.0
1516084224.08 3 1 3750.0 3749.99079384 4500.0 4500.0
1516084224.18 3 1 3750.0 3749.99125415 4500.0 4500.0
1516084224.28 3 1 3750.0 3749.99169144 4500.0 4500.0
1516084224.39 3 1 3750.0 3749.99210687 4500.0 4500.0
1516084224.49 3 1 3750.0 3749.99250152 4500.0 4500.0
1516084224.59 3 1 3750.0 3749.99287645 4500.0 4500.0
1516084224.68 3 1 3750.0 3749.99323263 4500.0 4500.0
1516084224.79 3 1 3750.0 3749.99357099 4500.0 4500.0
1516084224.88 3 1 3750.0 3749.99389244 4500.0 4500.0
1516084224.99 3 1 3750.0 3749.99419782 4500.0 4500.0
1516084225.09 3 1 3750.0 3749.99448793 4500.0 4500.0
1516084225.2 3 1 3750.0 3749.99476353 4500.0 4500.0
1516084225.29 3 1 3750.0 3749.99502536 4500.0 4500.0
1516084225.39 3 1 3750.0 3749.99527409 4500.0 4500.0
1516084225.5 3 1 3750.0 3749.99551039 4500.0 4500.0
1516084225.6 3 1 3750.0 3749.99573487 4500.0 4500.0
1516084225.69 3 1 3750.0 3749.99594812 4500.0 4500.0
1516084225.8 3 1 3750.0 3749.99615072 4500.0 4500.0
1516084225.89 3 1 3750.0 3749.99634318 4500.0 4500.0
1516084225.99 3 1 3750.0 3749.99652602 4500.0 4500.0
1516084226.09 3 1 3750.0 3749.99669972 4500.0 4500.0
1516084226.19 3 1 3750.0 3749.99686473 4500.0 4500.0
1516084226.29 3 1 3750.0 3749.9970215 4500.0 4500.0
1516084226.39 3 1 3750.0 3749.99717042 4500.0 4500.0
1516084226.5 3 1 3750.0 3749.9973119 4500.0 4500.0
1516084226.59 3 1 3750.0 3749.99744631 4500.0 4500.0
1516084226.7 3 1 3750.0 3749.99757399 4500.0 4500.0
1516084226.79 3 1 3750.0 3749.99769529 4500.0 4500.0
1516084226.89 3 1 3750.0 3749.99781053 4500.0 4500.0
1516084227.0 3 1 3750.0 3749.99792 4500.0 4500.0
1516084227.1 3 1 3750.0 3749.998024 4500.0 4500.0
1516084227.19 3 1 3750.0 3749.9981228 4500.0 4500.0
1516084227.29 3 1 3750.0 3749.99821666 4500.0 4500.0
1516084227.39 3 1 3750.0 3749.99830583 4500.0 4500.0
1516084227.49 3 1 3750.0 3749.99839054 4500.0 4500.0
1516084227.6 3 1 3750.0 3749.99847101 4500.0 4500.0
1516084227.7 3 1 3750.0 3749.99854746 4500.0 4500.0
1516084227.8 3 1 3750.0 3749.99862009 4500.0 4500.0
1516084227.9 3 1 3750.0 3749.99868908 4500.0 4500.0
1516084227.99 3 1 3750.0 3749.99875463 4500.0 4500.0
1516084228.09 3 1 3750.0 3749.9988169 4500.0 4500.0
1516084228.19 3 1 3750.0 3749.99887605 4500.0 4500.0
1516084228.31 3 1 3750.0 3749.99893225 4500.0 4500.0
1516084228.4 3 1 3750.0 3749.99898564 4500.0 4500.0
1516084228.5 3 1 3750.0 3749.99903635 4500.0 4500.0
1516084228.59 3 1 3750.0 3749.99908454 4500.0 4500.0
1516084228.7 3 1 3750.0 3749.99913031 4500.0 4500.0
1516084228.8 3 1 3750.0 3749.99917379 4500.0 4500.0
1516084228.9 3 1 3750.0 3749.9992151 4500.0 4500.0
1516084229.0 3 1 3750.0 3749.99925435 4500.0 4500.0
1516084229.1 3 1 3750.0 3749.99929163 4500.0 4500.0
1516084229.2 3 1 3750.0 3749.99932705 4500.0 4500.0
1516084229.3 3 1 3750.0 3749.9993607 4500.0 4500.0
1516084229.41 3 1 3750.0 3749.99939266 4500.0 4500.0
1516084229.51 3 1 3750.0 3749.99942303 4500.0 4500.0
1516084229.59 3 1 3750.0 3749.99945188 4500.0 4500.0
1516084229.7 3 1 3750.0 3749.99947928 4500.0 4500.0
1516084229.79 3 1 3750.0 3749.99950532 4500.0 4500.0
1516084229.91 3 1 3750.0 3749.99953005 4500.0 4500.0
1516084230.01 3 1 3750.0 3749.99955355 4500.0 4500.0
1516084230.11 3 1 3750.0 3749.99957587 4500.0 4500.0
1516084230.19 3 1 3750.0 3749.99959708 4500.0 4500.0
1516084230.3 3 1 3750.0 3749.99961723 4500.0 4500.0
1516084230.4 3 1 3750.0 3749.99963636 4500.0 4500.0
1516084230.5 3 1 3750.0 3749.99965455 4500.0 4500.0
1516084230.59 3 1 3750.0 3749.99967182 4500.0 4500.0
1516084230.71 3 1 3750.0 3749.99968823 4500.0 4500.0
1516084230.8 3 1 3750.0 3749.99970382 4500.0 4500.0
1516084230.9 3 1 3750.0 3749.99971863 4500.0 4500.0
1516084231.01 3 1 3750.0 3749.99973269 4500.0 4500.0
1516084231.1 3 1 3750.0 3749.99974606 4500.0 4500.0
1516084231.2 3 1 3750.0 3749.99975876 4500.0 4500.0
1516084231.3 3 1 3750.0 3749.99977082 4500.0 4500.0
1516084231.41 3 1 3750.0 3749.99978228 4500.0 4500.0
1516084231.5 3 1 3750.0 3749.99979316 4500.0 4500.0
1516084231.62 3 1 3750.0 3749.99980351 4500.0 4500.0
1516084231.71 3 1 3750.0 3749.99981333 4500.0 4500.0
1516084231.81 3 1 3750.0 3749.99982266 4500.0 4500.0
1516084231.91 3 1 3750.0 3749.99983153 4500.0 4500.0
1516084232.01 3 1 3750.0 3749.99983995 4500.0 4500.0
1516084232.1 3 1 3750.0 3749.99984796 4500.0 4500.0
1516084232.2 3 1 3750.0 3749.99985556 4500.0 4500.0
1516084232.3 3 1 3750.0 3749.99986278 4500.0 4500.0
1516084232.41 3 1 3750.0 3749.99986964 4500.0 4500.0
1516084232.51 3 1 3750.0 3749.99987616 4500.0 4500.0
1516084232.6 3 1 3750.0 3749.99988235 4500.0 4500.0
1516084232.71 3 1 3750.0 3749.99988823 4500.0 4500.0
1516084232.8 3 1 3750.0 3749.99989382 4500.0 4500.0
1516084232.91 3 1 3750.0 3749.99989913 4500.0 4500.0
1516084233.01 3 1 3750.0 3749.99990417 4500.0 4500.0
1516084233.12 3 1 3750.0 3749.99990897 4500.0 4500.0
1516084233.22 3 1 3750.0 3749.99991352 4500.0 4500.0
1516084233.31 3 1 3750.0 3749.99991784 4500.0 4500.0
1516084233.4 3 1 3750.0 3749.99992195 4500.0 4500.0
1516084233.5 3 1 3750.0 3749.99992585 4500.0 4500.0
1516084233.62 3 1 3750.0 3749.99992956 4500.0 4500.0
1516084233.71 3 1 3750.0 3749.99993308 4500.0 4500.0
1516084233.82 3 1 3750.0 3749.99993643 4500.0 4500.0
1516084233.92 3 1 3750.0 3749.99993961 4500.0 4500.0
1516084234.02 3 1 3750.0 3749.99994263 4500.0 4500.0
1516084234.11 3 1 3750.0 3749.99994549 4500.0 4500.0
1516084234.21 3 1 3750.0 3749.99994822 4500.0 4500.0
1516084234.32 3 1 3750.0 3749.99995081 4500.0 4500.0
1516084234.42 3 1 3750.0 3749.99995327 4500.0 4500.0
1516084234.52 3 1 3750.0 3749.99995561 4500.0 4500.0
1516084234.61 3 1 3750.0 3749.99995782 4500.0 4500.0
1516084234.71 3 1 3750.0 3749.99995993 4500.0 4500.0
1516084234.81 3 1 3750.0 3749.99996194 4500.0 4500.0
1516084234.91 3 1 3750.0 3749.99996384 4500.0 4500.0
1516084235.02 3 1 3750.0 3749.99996565 4500.0 4500.0
1516084235.12 3 1 3750.0 3749.99996737 4500.0 4500.0
1516084235.22 3 1 3750.0 3749.999969 4500.0 4500.0
1516084235.32 3 1 3750.0 3749.99997055 4500.0 4500.0
1516084235.42 3 1 3750.0 3749.99997202 4500.0 4500.0
1516084235.51 3 1 3750.0 3749.99997342 4500.0 4500.0
1516084235.62 3 1 3750.0 3749.99997475 4500.0 4500.0
1516084235.72 3 1 3750.0 3749.99997601 4500.0 4500.0
1516084235.81 3 1 3750.0 3749.99997721 4500.0 4500.0
1516084235.92 3 1 3750.0 3749.99997835 4500.0 4500.0
1516084236.03 3 1 3750.0 3749.99997943 4500.0 4500.0
1516084236.12 3 1 3750.0 3749.99998046 4500.0 4500.0
1516084236.22 3 1 3750.0 3749.99998144 4500.0 4500.0
1516084236.31 3 1 3750.0 3749.99998237 4500.0 4500.0
1516084236.41 3 1 3750.0 3749.99998325 4500.0 4500.0
1516084236.53 3 1 3750.0 3749.99998409 4500.0 4500.0
1516084236.62 3 1 3750.0 3749.99998488 4500.0 4500.0
1516084236.73 3 1 3750.0 3749.99998564 4500.0 4500.0
1516084236.83 3 1 3750.0 3749.99998635 4500.0 4500.0
1516084236.92 3 1 3750.0 3749.99998704 4500.0 4500.0
1516084237.03 3 1 3750.0 3749.99998769 4500.0 4500.0
1516084237.12 3 1 3750.0 3749.9999883 4500.0 4500.0
1516084237.22 3 1 3750.0 3749.99998889 4500.0 4500.0
1516084237.33 3 1 3750.0 3749.99998944 4500.0 4500.0
1516084237.42 3 1 3750.0 3749.99998997 4500.0 4500.0
1516084237.53 3 1 3750.0 3749.99999047 4500.0 4500.0
1516084237.62 3 1 3750.0 3749.99999095 4500.0 4500.0
1516084237.73 3 1 3750.0 3749.9999914 4500.0 4500.0
1516084237.83 3 1 3750.0 3749.99999183 4500.0 4500.0
1516084237.93 3 1 3750.0 3749.99999224 4500.0 4500.0
1516084238.03 3 1 3750.0 3749.99999263 4500.0 4500.0
1516084238.12 3 1 3750.0 3749.999993 4500.0 4500.0
1516084238.22 3 1 3750.0 3749.99999335 4500.0 4500.0
1516084238.32 3 1 3750.0 3749.99999368 4500.0 4500.0
1516084238.43 3 1 3750.0 3749.99999399 4500.0 4500.0
1516084238.53 3 1 3750.0 3749.99999429 4500.0 4500.0
1516084238.63 3 1 3750.0 3749.99999458 4500.0 4500.0
1516084238.72 3 1 3750.0 3749.99999485 4500.0 4500.0
1516084238.83 3 1 3750.0 3749.99999511 4500.0 4500.0
1516084238.92 3 1 3750.0 3749.99999535 4500.0 4500.0
1516084239.02 3 1 3750.0 3749.99999559 4500.0 4500.0
1516084239.13 3 1 3750.0 3749.99999581 4500.0 4500.0
1516084239.22 3 1 3750.0 3749.99999602 4500.0 4500.0
1516084239.32 3 1 3750.0 3749.99999621 4500.0 4500.0
1516084239.43 3 1 3750.0 3749.9999964 4500.0 4500.0
1516084239.52 3 1 3750.0 3749.99999658 4500.0 4500.0
1516084239.62 3 1 3750.0 3749.99999675 4500.0 4500.0
1516084239.72 3 1 3750.0 3749.99999692 4500.0 4500.0
1516084239.82 3 1 3750.0 3749.99999707 4500.0 4500.0
1516084239.92 3 1 3750.0 3749.99999722 4500.0 4500.0
1516084240.02 3 1 3750.0 3749.99999736 4500.0 4500.0
1516084240.13 3 1 3750.0 3749.99999749 4500.0 4500.0
1516084240.23 3 1 3750.0 3749.99999761 4500.0 4500.0
1516084240.33 3 1 3750.0 3749.99999773 4500.0 4500.0
1516084240.44 3 1 3750.0 3749.99999785 4500.0 4500.0
1516084240.53 3 1 3750.0 3749.99999795 4500.0 4500.0
1516084240.64 3 1 3750.0 3749.99999806 4500.0 4500.0
1516084240.73 3 1 3750.0 3749.99999815 4500.0 4500.0
1516084240.83 3 1 3750.0 3749.99999825 4500.0 4500.0
1516084240.93 3 1 3750.0 3749.99999833 4500.0 4500.0
1516084241.03 3 1 3750.0 3749.99999842 4500.0 4500.0
1516084241.13 3 1 3750.0 3749.9999985 4500.0 4500.0
1516084241.24 3 1 3750.0 3749.99999857 4500.0 4500.0
1516084241.33 3 1 3750.0 3749.99999864 4500.0 4500.0
1516084241.43 3 1 3750.0 3749.99999871 4500.0 4500.0
1516084241.53 3 1 3750.0 3749.99999878 4500.0 4500.0
1516084241.63 3 1 3750.0 3749.99999884 4500.0 4500.0
1516084241.74 3 1 3750.0 3749.99999889 4500.0 4500.0
1516084241.83 3 1 3750.0 3749.99999895 4500.0 4500.0
1516084241.93 3 1 3750.0 3749.999999 4500.0 4500.0
1516084242.04 3 1 3750.0 3749.99999905 4500.0 4500.0
1516084242.13 3 1 3750.0 3749.9999991 4500.0 4500.0
1516084242.23 3 1 3750.0 3749.99999914 4500.0 4500.0
1516084242.33 3 1 3750.0 3749.99999919 4500.0 4500.0
1516084242.44 3 1 3750.0 3749.99999923 4500.0 4500.0
1516084242.54 3 1 3750.0 3749.99999927 4500.0 4500.0
1516084242.64 3 1 3750.0 3749.9999993 4500.0 4500.0
1516084242.74 3 1 3750.0 3749.99999934 4500.0 4500.0
1516084242.83 3 1 3750.0 3749.99999937 4500.0 4500.0
1516084242.93 3 1 3750.0 3749.9999994 4500.0 4500.0
1516084243.04 3 1 3750.0 3749.99999943 4500.0 4500.0
1516084243.14 3 1 3750.0 3749.99999946 4500.0 4500.0
1516084243.23 3 1 3750.0 3749.99999949 4500.0 4500.0
1516084243.34 3 1 3750.0 3749.99999951 4500.0 4500.0
1516084243.45 3 1 3750.0 3749.99999954 4500.0 4500.0
1516084243.54 3 1 3750.0 3749.99999956 4500.0 4500.0
1516084243.64 3 1 3750.0 3749.99999958 4500.0 4500.0
1516084243.74 3 1 3750.0 3749.9999996 4500.0 4500.0
1516084243.84 3 1 3750.0 3749.99999962 4500.0 4500.0
1516084243.93 3 1 3750.0 3749.99999964 4500.0 4500.0
1516084244.03 3 1 3750.0 3749.99999966 4500.0 4500.0
1516084244.14 3 1 3750.0 3749.99999968 4500.0 4500.0
1516084244.25 3 1 3750.0 3749.99999969 4500.0 4500.0
1516084244.35 3 1 3750.0 3749.99999971 4500.0 4500.0
1516084244.44 3 1 3750.0 3749.99999972 4500.0 4500.0
1516084244.54 3 1 3750.0 3749.99999974 4500.0 4500.0
1516084244.65 3 1 3750.0 3749.99999975 4500.0 4500.0
1516084244.74 3 1 3750.0 3749.99999976 4500.0 4500.0
1516084244.84 3 1 3750.0 3749.99999977 4500.0 4500.0
1516084244.94 3 1 3750.0 3749.99999979 4500.0 4500.0
1516084245.04 3 1 3750.0 3749.9999998 4500.0 4500.0
1516084245.15 3 1 3750.0 3749.99999981 4500.0 4500.0
1516084245.24 3 1 3750.0 3749.99999982 4500.0 4500.0
1516084245.34 3 1 3750.0 3749.99999983 4500.0 4500.0
1516084245.45 3 1 3750.0 3749.99999983 4500.0 4500.0
1516084245.54 3 1 3750.0 3749.99999984 4500.0 4500.0
1516084245.65 3 1 3750.0 3749.99999985 4500.0 4500.0
1516084245.75 3 1 3750.0 3749.99999986 4500.0 4500.0
1516084245.86 3 1 3750.0 3749.99999987 4500.0 4500.0
1516084245.95 3 1 3750.0 3749.99999987 4500.0 4500.0
1516084246.05 3 1 3750.0 3749.99999988 4500.0 4500.0
1516084246.15 3 1 3750.0 3749.99999988 4500.0 4500.0
1516084246.25 3 1 3750.0 3749.99999989 4500.0 4500.0
1516084246.35 3 1 3750.0 3749.9999999 4500.0 4500.0
1516084246.46 3 1 3750.0 3749.9999999 4500.0 4500.0
1516084246.55 3 1 3750.0 3749.99999991 4500.0 4500.0
1516084246.66 3 1 3750.0 3749.99999991 4500.0 4500.0
1516084246.74 3 1 3750.0 3749.99999991 4500.0 4500.0
1516084246.85 3 1 3750.0 3749.99999992 4500.0 4500.0
1516084246.96 3 1 3750.0 3749.99999992 4500.0 4500.0
1516084247.06 3 1 3750.0 3749.99999993 4500.0 4500.0
1516084247.15 3 1 3750.0 3749.99999993 4500.0 4500.0
1516084247.25 3 1 3750.0 3749.99999993 4500.0 4500.0
1516084247.35 3 1 3750.0 3749.99999994 4500.0 4500.0
1516084247.45 3 1 3750.0 3749.99999994 4500.0 4500.0
1516084247.56 3 1 3750.0 3749.99999994 4500.0 4500.0
1516084247.65 3 1 3750.0 3749.99999995 4500.0 4500.0
1516084247.75 3 1 3750.0 3749.99999995 4500.0 4500.0
1516084247.85 3 1 3750.0 3749.99999995 4500.0 4500.0
1516084247.95 3 1 3750.0 3749.99999995 4500.0 4500.0
1516084248.05 3 1 3750.0 3749.99999996 4500.0 4500.0
1516084248.15 3 1 3750.0 3749.99999996 4500.0 4500.0
1516084248.26 3 1 3750.0 3749.99999996 4500.0 4500.0
1516084248.35 3 1 3750.0 3749.99999996 4500.0 4500.0
1516084248.46 3 1 3750.0 3749.99999996 4500.0 4500.0
1516084248.56 3 1 3750.0 3749.99999997 4500.0 4500.0
1516084248.66 3 1 3750.0 3749.99999997 4500.0 4500.0
1516084248.76 3 1 3750.0 3749.99999997 4500.0 4500.0
1516084248.85 3 1 3750.0 3749.99999997 4500.0 4500.0
1516084248.95 3 1 3750.0 3749.99999997 4500.0 4500.0
1516084249.05 3 1 3750.0 3749.99999997 4500.0 4500.0
1516084249.16 3 1 3750.0 3749.99999998 4500.0 4500.0
1516084249.25 3 1 3750.0 3749.99999998 4500.0 4500.0
1516084249.35 3 1 3750.0 3749.99999998 4500.0 4500.0
1516084249.45 3 1 3750.0 3749.99999998 4500.0 4500.0
1516084249.56 3 1 3750.0 3749.99999998 4500.0 4500.0
1516084249.66 3 1 3750.0 3749.99999998 4500.0 4500.0
1516084249.76 3 1 3750.0 3749.99999998 4500.0 4500.0
1516084249.86 3 1 3750.0 3749.99999998 4500.0 4500.0
1516084249.96 3 1 3750.0 3749.99999998 4500.0 4500.0
1516084250.05 3 1 3750.0 3749.99999998 4500.0 4500.0
1516084250.16 3 1 3750.0 3749.99999999 4500.0 4500.0
1516084250.26 3 1 3750.0 3749.99999999 4500.0 4500.0
1516084250.35 3 1 3750.0 3749.99999999 4500.0 4500.0
1516084250.46 3 1 3750.0 3749.99999999 4500.0 4500.0
1516084250.56 3 1 3750.0 3749.99999999 4500.0 4500.0
1516084250.66 3 1 3750.0 3749.99999999 4500.0 4500.0
1516084250.76 3 1 3750.0 3749.99999999 4500.0 4500.0
1516084250.86 3 1 3750.0 3749.99999999 4500.0 4500.0
1516084250.96 3 1 3750.0 3749.99999999 4500.0 4500.0
1516084251.06 3 1 3750.0 3749.99999999 4500.0 4500.0
1516084251.16 3 1 3750.0 3749.99999999 4500.0 4500.0
1516084251.26 3 1 3750.0 3749.99999999 4500.0 4500.0
1516084251.36 3 1 3750.0 3749.99999999 4500.0 4500.0
1516084251.47 3 1 3750.0 3749.99999999 4500.0 4500.0
1516084251.56 3 1 3750.0 3749.99999999 4500.0 4500.0
1516084251.66 3 1 3750.0 3749.99999999 4500.0 4500.0
1516084251.76 3 1 3750.0 3749.99999999 4500.0 4500.0
1516084251.86 3 1 3750.0 3749.99999999 4500.0 4500.0
1516084251.97 3 1 3750.0 3749.99999999 4500.0 4500.0
1516084252.07 3 1 3750.0 3749.99999999 4500.0 4500.0
1516084252.16 3 1 3750.0 3749.99999999 4500.0 4500.0
1516084252.27 3 1 3750.0 3749.99999999 4500.0 4500.0
1516084252.36 3 1 3750.0 3750.0 4500.0 4500.0
1516084252.47 3 1 3750.0 3750.0 4500.0 4500.0
1516084252.56 3 1 3750.0 3750.0 4500.0 4500.0
1516084252.66 3 1 3750.0 3750.0 4500.0 4500.0
1516084252.78 3 1 3750.0 3750.0 4500.0 4500.0
1516084252.87 3 1 3750.0 3750.0 4500.0 4500.0
1516084252.97 3 1 3750.0 3750.0 4500.0 4500.0
1516084253.06 3 1 3750.0 3750.0 4500.0 4500.0
1516084253.16 3 1 3750.0 3750.0 4500.0 4500.0
1516084253.26 3 1 3750.0 3750.0 4500.0 4500.0
1516084253.37 3 1 3750.0 3750.0 4500.0 4500.0
1516084253.47 3 1 3750.0 3750.0 4500.0 4500.0
1516084253.57 3 1 3750.0 3750.0 4500.0 4500.0
1516084253.67 3 1 3750.0 3750.0 4500.0 4500.0
1516084253.77 3 1 3750.0 3750.0 4500.0 4500.0
1516084253.87 3 1 3750.0 3750.0 4500.0 4500.0
1516084253.97 3 1 3750.0 3750.0 4500.0 4500.0
1516084254.07 3 1 3750.0 3750.0 4500.0 4500.0
1516084254.17 3 1 3750.0 3750.0 4500.0 4500.0
1516084254.26 3 1 3750.0 3750.0 4500.0 4500.0
1516084254.38 3 1 3750.0 3750.0 4500.0 4500.0
1516084254.47 3 1 3750.0 3750.0 4500.0 4500.0
1516084254.58 3 1 3750.0 3750.0 4500.0 4500.0
1516084254.67 3 1 3750.0 3750.0 4500.0 4500.0
1516084254.77 3 1 3750.0 3750.0 4500.0 4500.0
1516084254.87 3 1 3750.0 3750.0 4500.0 4500.0
1516084254.97 3 1 3750.0 3750.0 4500.0 4500.0
1516084255.07 3 1 3750.0 3750.0 4500.0 4500.0
1516084255.17 3 1 3750.0 3750.0 4500.0 4500.0
1516084255.27 3 1 3750.0 3750.0 4500.0 4500.0
1516084255.37 3 1 3750.0 3750.0 4500.0 4500.0
1516084255.47 3 1 3750.0 3750.0 4500.0 4500.0
1516084255.58 3 1 3750.0 3750.0 4500.0 4500.0
1516084255.68 3 1 3750.0 3750.0 4500.0 4500.0
1516084255.77 3 1 3750.0 3750.0 4500.0 4500.0
1516084255.87 3 1 3750.0 3750.0 4500.0 4500.0
1516084255.98 3 1 3750.0 3750.0 4500.0 4500.0
1516084256.07 3 1 3750.0 3750.0 4500.0 4500.0
1516084256.17 3 1 3750.0 3750.0 4500.0 4500.0
1516084256.28 3 1 3750.0 3750.0 4500.0 4500.0
1516084256.37 3 1 3750.0 3750.0 4500.0 4500.0
1516084256.48 3 1 3750.0 3750.0 4500.0 4500.0
1516084256.58 3 1 3750.0 3750.0 4500.0 4500.0
1516084256.68 3 1 3750.0 3750.0 4500.0 4500.0
1516084256.78 3 1 3750.0 3750.0 4500.0 4500.0
1516084256.88 3 1 3750.0 3750.0 4500.0 4500.0
1516084256.98 3 1 3750.0 3750.0 4500.0 4500.0
1516084257.07 3 1 3750.0 3750.0 4500.0 4500.0
1516084257.18 3 1 3750.0 3750.0 4500.0 4500.0
1516084257.27 3 1 3750.0 3750.0 4500.0 4500.0
1516084257.37 3 1 3750.0 3750.0 4500.0 4500.0
1516084257.47 3 1 3750.0 3750.0 4500.0 4500.0
1516084257.58 3 1 3750.0 3750.0 4500.0 4500.0
1516084257.68 3 1 3750.0 3750.0 4500.0 4500.0
1516084257.77 3 1 3750.0 3750.0 4500.0 4500.0
1516084257.87 3 1 3750.0 3750.0 4500.0 4500.0
1516084257.98 3 1 3750.0 3750.0 4500.0 4500.0
1516084258.07 3 1 3750.0 3750.0 4500.0 4500.0
1516084258.17 3 1 3750.0 3750.0 4500.0 4500.0
1516084258.27 3 1 3750.0 3750.0 4500.0 4500.0
1516084258.37 3 1 3750.0 3750.0 4500.0 4500.0
1516084258.49 3 1 3750.0 3750.0 4500.0 4500.0
1516084258.58 3 1 3750.0 3750.0 4500.0 4500.0
1516084258.67 3 1 3750.0 3750.0 4500.0 4500.0
1516084258.77 3 1 3750.0 3750.0 4500.0 4500.0
1516084258.87 3 1 3750.0 3750.0 4500.0 4500.0
1516084258.98 3 1 3750.0 3750.0 4500.0 4500.0
1516084259.07 3 1 3750.0 3750.0 4500.0 4500.0
1516084259.18 3 1 3750.0 3750.0 4500.0 4500.0
1516084259.28 3 1 3750.0 3750.0 4500.0 4500.0
1516084259.38 3 1 3750.0 3750.0 4500.0 4500.0
1516084259.48 3 1 3750.0 3750.0 4500.0 4500.0
1516084259.59 3 1 3750.0 3750.0 4500.0 4500.0
1516084259.68 3 1 3750.0 3750.0 4500.0 4500.0
1516084259.78 3 1 3750.0 3750.0 4500.0 4500.0
1516084259.88 3 1 3750.0 3750.0 4500.0 4500.0
1516084259.98 3 1 3750.0 3750.0 4500.0 4500.0
1516084260.09 3 1 3750.0 3750.0 4500.0 4500.0
1516084260.2 3 1 3750.0 3750.0 4500.0 4500.0
1516084260.27 3 1 3750.0 3750.0 4500.0 4500.0
1516084260.36 3 1 3750.0 3750.0 4500.0 4500.0
1516084260.46 3 1 3750.0 3750.0 4500.0 4500.0
1516084260.56 3 1 3750.0 3750.0 4500.0 4500.0
1516084260.67 3 1 3750.0 3750.0 4500.0 4500.0
1516084260.76 3 1 3750.0 3750.0 4500.0 4500.0
1516084260.87 3 1 3750.0 3750.0 4500.0 4500.0
1516084260.98 3 1 3750.0 3750.0 4500.0 4500.0
1516084261.07 3 1 3750.0 3750.0 4500.0 4500.0
1516084261.17 3 1 3750.0 3750.0 4500.0 4500.0
1516084261.27 3 1 3750.0 3750.0 4500.0 4500.0
1516084261.37 3 1 3750.0 3750.0 4500.0 4500.0
1516084261.47 3 1 3750.0 3750.0 4500.0 4500.0
1516084261.56 3 1 3750.0 3750.0 4500.0 4500.0
1516084261.66 3 1 3750.0 3750.0 4500.0 4500.0
1516084261.76 3 1 3750.0 3750.0 4500.0 4500.0
1516084261.87 3 1 3750.0 3750.0 4500.0 4500.0
1516084261.97 3 1 3750.0 3750.0 4500.0 4500.0
1516084262.07 3 1 3750.0 3750.0 4500.0 4500.0
1516084262.18 3 1 3750.0 3750.0 4500.0 4500.0
1516084262.27 3 1 3750.0 3750.0 4500.0 4500.0
1516084262.37 3 1 3750.0 3750.0 4500.0 4500.0
1516084262.47 3 1 3750.0 3750.0 4500.0 4500.0
1516084262.57 3 1 3750.0 3750.0 4500.0 4500.0
1516084262.67 3 1 3750.0 3750.0 4500.0 4500.0
1516084262.77 3 1 3750.0 3750.0 4500.0 4500.0
1516084262.88 3 1 3750.0 3750.0 4500.0 4500.0
1516084262.97 3 1 3750.0 3750.0 4500.0 4500.0
1516084263.07 3 1 3750.0 3750.0 4500.0 4500.0
1516084263.17 3 1 3750.0 3750.0 4500.0 4500.0
1516084263.27 3 1 3750.0 3750.0 4500.0 4500.0
1516084263.37 3 1 3750.0 3750.0 4500.0 4500.0
1516084263.47 3 1 3750.0 3750.0 4500.0 4500.0
1516084263.57 3 1 3750.0 3750.0 4500.0 4500.0
1516084263.68 3 1 3750.0 3750.0 4500.0 4500.0
1516084263.78 3 1 3750.0 3750.0 4500.0 4500.0
1516084263.89 3 1 3750.0 3750.0 4500.0 4500.0
1516084263.97 3 1 3750.0 3750.0 4500.0 4500.0
1516084264.08 3 1 3750.0 3750.0 4500.0 4500.0
1516084264.17 3 1 3750.0 3750.0 4500.0 4500.0
1516084264.27 3 1 3750.0 3750.0 4500.0 4500.0
1516084264.37 3 1 3750.0 3750.0 4500.0 4500.0
1516084264.47 3 1 3750.0 3750.0 4500.0 4500.0
1516084264.58 3 1 3750.0 3750.0 4500.0 4500.0
1516084264.67 3 1 3750.0 3750.0 4500.0 4500.0
1516084264.77 3 1 3750.0 3750.0 4500.0 4500.0
1516084264.87 3 1 3750.0 3750.0 4500.0 4500.0
1516084264.97 3 1 3750.0 3750.0 4500.0 4500.0
1516084265.08 3 1 3750.0 3750.0 4500.0 4500.0
1516084265.17 3 1 3750.0 3750.0 4500.0 4500.0
1516084265.27 3 1 3750.0 3750.0 4500.0 4500.0
1516084265.37 3 1 3750.0 3750.0 4500.0 4500.0
1516084265.47 3 1 3750.0 3750.0 4500.0 4500.0
1516084265.58 3 1 3750.0 3750.0 4500.0 4500.0
1516084265.68 3 1 3750.0 3750.0 4500.0 4500.0
1516084265.77 3 1 3750.0 3750.0 4500.0 4500.0
1516084265.88 3 1 3750.0 3750.0 4500.0 4500.0
1516084265.98 3 1 3750.0 3750.0 4500.0 4500.0
1516084266.08 3 1 3750.0 3750.0 4500.0 4500.0
1516084266.17 3 1 3750.0 3750.0 4500.0 4500.0
1516084266.27 3 1 3750.0 3750.0 4500.0 4500.0
1516084266.37 3 1 3750.0 3750.0 4500.0 4500.0
1516084266.47 3 1 3750.0 3750.0 4500.0 4500.0
1516084266.58 3 1 3750.0 3750.0 4500.0 4500.0
1516084266.68 3 1 3750.0 3750.0 4500.0 4500.0
1516084266.78 3 1 3750.0 3750.0 4500.0 4500.0
1516084266.88 3 1 3750.0 3750.0 4500.0 4500.0
1516084266.98 3 1 3750.0 3750.0 4500.0 4500.0
1516084267.07 3 1 3750.0 3750.0 4500.0 4500.0
1516084267.17 3 1 3750.0 3750.0 4500.0 4500.0
1516084267.28 3 1 3750.0 3750.0 4500.0 4500.0
1516084267.37 3 1 3750.0 3750.0 4500.0 4500.0
1516084267.48 3 1 3750.0 3750.0 4500.0 4500.0
1516084267.58 3 1 3750.0 3750.0 4500.0 4500.0
1516084267.69 3 1 3750.0 3750.0 4500.0 4500.0
1516084267.78 3 1 3750.0 3750.0 4500.0 4500.0
1516084267.89 3 1 3750.0 3750.0 4500.0 4500.0
1516084267.98 3 1 3750.0 3750.0 4500.0 4500.0
1516084268.08 3 1 3750.0 3750.0 4500.0 4500.0
1516084268.19 3 1 3750.0 3750.0 4500.0 4500.0
1516084268.27 3 1 3750.0 3750.0 4500.0 4500.0
1516084268.38 3 1 3750.0 3750.0 4500.0 4500.0
1516084268.47 3 1 3750.0 3750.0 4500.0 4500.0
1516084268.58 3 1 3750.0 3750.0 4500.0 4500.0
1516084268.68 3 1 3750.0 3750.0 4500.0 4500.0
1516084268.78 3 1 3750.0 3750.0 4500.0 4500.0
1516084268.88 3 1 3750.0 3750.0 4500.0 4500.0
1516084268.99 3 1 3750.0 3750.0 4500.0 4500.0
1516084269.09 3 1 3750.0 3750.0 4500.0 4500.0
1516084269.18 3 1 3750.0 3750.0 4500.0 4500.0
1516084269.28 3 1 3750.0 3750.0 4500.0 4500.0
1516084269.38 3 1 3750.0 3750.0 4500.0 4500.0
1516084269.48 3 1 3750.0 3750.0 4500.0 4500.0
1516084269.59 3 1 3750.0 3750.0 4500.0 4500.0
1516084269.68 3 1 3750.0 3750.0 4500.0 4500.0
1516084269.78 3 1 3750.0 3750.0 4500.0 4500.0
1516084269.88 3 1 3750.0 3750.0 4500.0 4500.0
1516084269.98 3 1 3750.0 3750.0 4500.0 4500.0
1516084270.08 3 1 3750.0 3750.0 4500.0 4500.0
1516084270.18 3 1 3750.0 3750.0 4500.0 4500.0
1516084270.28 3 1 3750.0 3750.0 4500.0 4500.0
1516084270.39 3 1 3750.0 3750.0 4500.0 4500.0
1516084270.49 3 1 3750.0 3750.0 4500.0 4500.0
1516084270.59 3 1 3750.0 3750.0 4500.0 4500.0
1516084270.69 3 1 3750.0 3750.0 4500.0 4500.0
1516084270.79 3 1 3750.0 3750.0 4500.0 4500.0
1516084270.89 3 1 3750.0 3750.0 4500.0 4500.0
1516084270.99 3 1 3750.0 3750.0 4500.0 4500.0
1516084271.09 3 1 3750.0 3750.0 4500.0 4500.0
1516084271.19 3 1 3750.0 3750.0 4500.0 4500.0
1516084271.29 3 1 3750.0 3750.0 4500.0 4500.0
1516084271.38 3 1 3750.0 3750.0 4500.0 4500.0
1516084271.5 3 1 3750.0 3750.0 4500.0 4500.0
1516084271.59 3 1 3750.0 3750.0 4500.0 4500.0
1516084271.69 3 1 3750.0 3750.0 4500.0 4500.0
1516084271.79 3 1 3750.0 3750.0 4500.0 4500.0
1516084271.88 3 1 3750.0 3750.0 4500.0 4500.0
1516084271.99 3 1 3750.0 3750.0 4500.0 4500.0
1516084272.09 3 1 3750.0 3750.0 4500.0 4500.0
1516084272.18 3 1 3750.0 3750.0 4500.0 4500.0
1516084272.29 3 1 3750.0 3750.0 4500.0 4500.0
1516084272.39 3 1 3750.0 3750.0 4500.0 4500.0
1516084272.5 3 1 3750.0 3750.0 4500.0 4500.0
1516084272.59 3 1 3750.0 3750.0 4500.0 4500.0
1516084272.69 3 1 3750.0 3750.0 4500.0 4500.0
1516084272.78 3 1 3750.0 3750.0 4500.0 4500.0
1516084272.89 3 1 3750.0 3750.0 4500.0 4500.0
1516084272.99 3 1 3750.0 3750.0 4500.0 4500.0
1516084273.09 3 1 3750.0 3750.0 4500.0 4500.0
1516084273.2 3 1 3750.0 3750.0 4500.0 4500.0
1516084273.29 3 1 3750.0 3750.0 4500.0 4500.0
1516084273.38 3 1 3750.0 3750.0 4500.0 4500.0
1516084273.5 3 1 3750.0 3750.0 4500.0 4500.0
1516084273.58 3 1 3750.0 3750.0 4500.0 4500.0
1516084273.68 3 1 3750.0 3750.0 4500.0 4500.0
1516084273.79 3 1 3750.0 3750.0 4500.0 4500.0
1516084273.89 3 1 3750.0 3750.0 4500.0 4500.0
1516084273.99 3 1 3750.0 3750.0 4500.0 4500.0
1516084274.09 3 1 3750.0 3750.0 4500.0 4500.0
1516084274.19 3 1 3750.0 3750.0 4500.0 4500.0
1516084274.29 3 1 3750.0 3750.0 4500.0 4500.0
1516084274.4 3 1 3750.0 3750.0 4500.0 4500.0
1516084274.49 3 1 3750.0 3750.0 4500.0 4500.0
1516084274.59 3 1 3750.0 3750.0 4500.0 4500.0
1516084274.69 3 1 3750.0 3750.0 4500.0 4500.0
1516084274.79 3 1 3750.0 3750.0 4500.0 4500.0
1516084274.9 3 1 3750.0 3750.0 4500.0 4500.0
1516084275.0 3 1 3750.0 3750.0 4500.0 4500.0
1516084275.09 3 1 3750.0 3750.0 4500.0 4500.0
1516084275.2 3 1 3750.0 3750.0 4500.0 4500.0
1516084275.29 3 1 3750.0 3750.0 4500.0 4500.0
1516084275.39 3 1 3750.0 3750.0 4500.0 4500.0
1516084275.49 3 1 3750.0 3750.0 4500.0 4500.0
1516084275.59 3 1 3750.0 3750.0 4500.0 4500.0
1516084275.69 3 1 3750.0 3750.0 4500.0 4500.0
1516084275.8 3 1 3750.0 3750.0 4500.0 4500.0
1516084275.89 3 1 3750.0 3750.0 4500.0 4500.0
1516084275.99 3 1 3750.0 3750.0 4500.0 4500.0
1516084276.09 3 1 3750.0 3750.0 4500.0 4500.0
1516084276.19 3 1 3750.0 3750.0 4500.0 4500.0
1516084276.29 3 1 3750.0 3750.0 4500.0 4500.0
1516084276.39 3 1 3750.0 3750.0 4500.0 4500.0
1516084276.5 3 1 3750.0 3750.0 4500.0 4500.0
1516084276.59 3 1 3750.0 3750.0 4500.0 4500.0
1516084276.7 3 1 3750.0 3750.0 4500.0 4500.0
1516084276.8 3 1 3750.0 3750.0 4500.0 4500.0
1516084276.89 3 1 3750.0 3750.0 4500.0 4500.0
1516084277.0 3 1 3750.0 3750.0 4500.0 4500.0
1516084277.09 3 1 3750.0 3750.0 4500.0 4500.0
1516084277.2 3 1 3750.0 3750.0 4500.0 4500.0
1516084277.3 3 1 3750.0 3750.0 4500.0 4500.0
1516084277.4 3 1 3750.0 3750.0 4500.0 4500.0
1516084277.5 3 1 3750.0 3750.0 4500.0 4500.0
1516084277.6 3 1 3750.0 3750.0 4500.0 4500.0
1516084277.7 3 1 3750.0 3750.0 4500.0 4500.0
1516084277.8 3 1 3750.0 3750.0 4500.0 4500.0
1516084277.9 3 1 3750.0 3750.0 4500.0 4500.0
1516084278.0 3 1 3750.0 3750.0 4500.0 4500.0
1516084278.11 3 1 3750.0 3750.0 4500.0 4500.0
1516084278.2 3 1 3750.0 3750.0 4500.0 4500.0
1516084278.3 3 1 3750.0 3750.0 4500.0 4500.0
1516084278.4 3 1 3750.0 3750.0 4500.0 4500.0
1516084278.5 3 1 3750.0 3750.0 4500.0 4500.0
1516084278.6 3 1 3750.0 3750.0 4500.0 4500.0
1516084278.7 3 1 3750.0 3750.0 4500.0 4500.0
1516084278.8 3 1 3750.0 3750.0 4500.0 4500.0
1516084278.9 3 1 3750.0 3750.0 4500.0 4500.0
1516084279.01 3 1 3750.0 3750.0 4500.0 4500.0
1516084279.11 3 1 3750.0 3750.0 4500.0 4500.0
1516084279.21 3 1 3750.0 3750.0 4500.0 4500.0
1516084279.32 3 1 3750.0 3750.0 4500.0 4500.0
1516084279.41 3 1 3750.0 3750.0 4500.0 4500.0
1516084279.51 3 1 3750.0 3750.0 4500.0 4500.0
1516084279.61 3 1 3750.0 3750.0 4500.0 4500.0
1516084279.72 3 1 3750.0 3750.0 4500.0 4500.0
1516084279.8 3 1 3750.0 3750.0 4500.0 4500.0
1516084279.91 3 1 3750.0 3750.0 4500.0 4500.0
1516084280.02 3 1 3750.0 3750.0 4500.0 4500.0
1516084280.11 3 1 3750.0 3750.0 4500.0 4500.0
1516084280.22 3 1 3750.0 3750.0 4500.0 4500.0
1516084280.31 3 1 3750.0 3750.0 4500.0 4500.0
1516084280.42 3 1 3750.0 3750.0 4500.0 4500.0
1516084280.52 3 1 3750.0 3750.0 4500.0 4500.0
1516084280.61 3 1 3750.0 3750.0 4500.0 4500.0
1516084280.7 3 1 3750.0 3750.0 4500.0 4500.0
1516084280.81 3 1 3750.0 3750.0 4500.0 4500.0
1516084280.91 3 1 3750.0 3750.0 4500.0 4500.0
1516084281.01 3 1 3750.0 3750.0 4500.0 4500.0
1516084281.11 3 1 3750.0 3750.0 4500.0 4500.0
1516084281.21 3 1 3750.0 3750.0 4500.0 4500.0
1516084281.31 3 1 3750.0 3750.0 4500.0 4500.0
1516084281.42 3 1 3750.0 3750.0 4500.0 4500.0
1516084281.51 3 1 3750.0 3750.0 4500.0 4500.0
1516084281.61 3 1 3750.0 3750.0 4500.0 4500.0
1516084281.71 3 1 3750.0 3750.0 4500.0 4500.0
1516084281.81 3 1 3750.0 3750.0 4500.0 4500.0
1516084281.92 3 1 3750.0 3750.0 4500.0 4500.0
1516084282.02 3 1 3750.0 3750.0 4500.0 4500.0
1516084282.11 3 1 3750.0 3750.0 4500.0 4500.0
1516084282.21 3 1 3750.0 3750.0 4500.0 4500.0
1516084282.32 3 1 3750.0 3750.0 4500.0 4500.0
1516084282.41 3 1 3750.0 3750.0 4500.0 4500.0
1516084282.51 3 1 3750.0 3750.0 4500.0 4500.0
1516084282.61 3 1 3750.0 3750.0 4500.0 4500.0
1516084282.71 3 1 3750.0 3750.0 4500.0 4500.0
1516084282.82 3 1 3750.0 3750.0 4500.0 4500.0
1516084282.92 3 1 3750.0 3750.0 4500.0 4500.0
1516084283.02 3 1 3750.0 3750.0 4500.0 4500.0
1516084283.12 3 1 3750.0 3750.0 4500.0 4500.0
1516084283.21 3 1 3750.0 3750.0 4500.0 4500.0
1516084283.32 3 1 3750.0 3750.0 4500.0 4500.0
1516084283.42 3 1 3750.0 3750.0 4500.0 4500.0
1516084283.52 3 1 3750.0 3750.0 4500.0 4500.0
1516084283.62 3 1 3750.0 3750.0 4500.0 4500.0
1516084283.72 3 1 3750.0 3750.0 4500.0 4500.0
1516084283.82 3 1 3750.0 3750.0 4500.0 4500.0
1516084283.92 3 1 3750.0 3750.0 4500.0 4500.0
1516084284.02 3 1 3750.0 3750.0 4500.0 4500.0
1516084284.12 3 1 3750.0 3750.0 4500.0 4500.0
1516084284.22 3 1 3750.0 3750.0 4500.0 4500.0
1516084284.32 3 1 3750.0 3750.0 4500.0 4500.0
1516084284.42 3 1 3750.0 3750.0 4500.0 4500.0
1516084284.52 3 1 3750.0 3750.0 4500.0 4500.0
1516084284.63 3 1 3750.0 3750.0 4500.0 4500.0
1516084284.72 3 1 3750.0 3750.0 4500.0 4500.0
1516084284.82 3 1 3750.0 3750.0 4500.0 4500.0
1516084284.93 3 1 3750.0 3750.0 4500.0 4500.0
1516084285.02 3 1 3750.0 3750.0 4500.0 4500.0
1516084285.13 3 1 3750.0 3750.0 4500.0 4500.0
1516084285.22 3 1 3750.0 3750.0 4500.0 4500.0
1516084285.32 3 1 3750.0 3750.0 4500.0 4500.0
1516084285.41 3 1 3750.0 3750.0 4500.0 4500.0
1516084285.52 3 1 3750.0 3750.0 4500.0 4500.0
1516084285.62 3 1 3750.0 3750.0 4500.0 4500.0
1516084285.72 3 1 3750.0 3750.0 4500.0 4500.0
1516084285.82 3 1 3750.0 3750.0 4500.0 4500.0
1516084285.93 3 1 3750.0 3750.0 4500.0 4500.0
1516084286.03 3 1 3750.0 3750.0 4500.0 4500.0
1516084286.12 3 1 3750.0 3750.0 4500.0 4500.0
1516084286.22 3 1 3750.0 3750.0 4500.0 4500.0
1516084286.33 3 1 3750.0 3750.0 4500.0 4500.0
1516084286.42 3 1 3750.0 3750.0 4500.0 4500.0
1516084286.53 3 1 3750.0 3750.0 4500.0 4500.0
1516084286.63 3 1 3750.0 3750.0 4500.0 4500.0
1516084286.72 3 1 3750.0 3750.0 4500.0 4500.0
1516084286.83 3 1 3750.0 3750.0 4500.0 4500.0
1516084286.92 3 1 3750.0 3750.0 4500.0 4500.0
1516084287.03 3 1 3750.0 3750.0 4500.0 4500.0
1516084287.13 3 1 3750.0 3750.0 4500.0 4500.0
1516084287.23 3 1 3750.0 3750.0 4500.0 4500.0
1516084287.33 3 1 3750.0 3750.0 4500.0 4500.0
1516084287.43 3 1 3750.0 3750.0 4500.0 4500.0
1516084287.53 3 1 3750.0 3750.0 4500.0 4500.0
1516084287.62 3 1 3750.0 3750.0 4500.0 4500.0
1516084287.73 3 1 3750.0 3750.0 4500.0 4500.0
1516084287.83 3 1 3750.0 3750.0 4500.0 4500.0
1516084287.94 3 1 3750.0 3750.0 4500.0 4500.0
1516084288.02 3 1 3750.0 3750.0 4500.0 4500.0
1516084288.13 3 1 3750.0 3750.0 4500.0 4500.0
1516084288.23 3 1 3750.0 3750.0 4500.0 4500.0
1516084288.33 3 1 3750.0 3750.0 4500.0 4500.0
1516084288.43 3 1 3750.0 3750.0 4500.0 4500.0
1516084288.53 3 1 3750.0 3750.0 4500.0 4500.0
1516084288.63 3 1 3750.0 3750.0 4500.0 4500.0
1516084288.73 3 1 3750.0 3750.0 4500.0 4500.0
1516084288.84 3 1 3750.0 3750.0 4500.0 4500.0
1516084288.93 3 1 3750.0 3750.0 4500.0 4500.0
1516084289.03 3 1 3750.0 3750.0 4500.0 4500.0
1516084289.13 3 1 3750.0 3750.0 4500.0 4500.0
1516084289.24 3 1 3750.0 3750.0 4500.0 4500.0
1516084289.33 3 1 3750.0 3750.0 4500.0 4500.0
1516084289.43 3 1 3750.0 3750.0 4500.0 4500.0
1516084289.53 3 1 3750.0 3750.0 4500.0 4500.0
1516084289.62 3 1 3750.0 3750.0 4500.0 4500.0
1516084289.74 3 1 3750.0 3750.0 4500.0 4500.0
1516084289.83 3 1 3750.0 3750.0 4500.0 4500.0
1516084289.93 3 1 3750.0 3750.0 4500.0 4500.0
1516084290.03 3 1 3750.0 3750.0 4500.0 4500.0
1516084290.14 3 1 3750.0 3750.0 4500.0 4500.0
1516084290.23 3 1 3750.0 3750.0 4500.0 4500.0
1516084290.33 3 1 3750.0 3750.0 4500.0 4500.0
1516084290.44 3 1 3750.0 3750.0 4500.0 4500.0
1516084290.54 3 1 3750.0 3750.0 4500.0 4500.0
1516084290.63 3 1 3750.0 3750.0 4500.0 4500.0
1516084290.74 3 1 3750.0 3750.0 4500.0 4500.0
1516084290.84 3 1 3750.0 3750.0 4500.0 4500.0
1516084290.94 3 1 3750.0 3750.0 4500.0 4500.0
1516084291.04 3 1 3750.0 3750.0 4500.0 4500.0
1516084291.14 3 1 3750.0 3750.0 4500.0 4500.0
1516084291.23 3 1 3750.0 3750.0 4500.0 4500.0
1516084291.33 3 1 3750.0 3750.0 4500.0 4500.0
1516084291.44 3 1 3750.0 3750.0 4500.0 4500.0
1516084291.53 3 1 3750.0 3750.0 4500.0 4500.0
1516084291.64 3 1 3750.0 3750.0 4500.0 4500.0
1516084291.74 3 1 3750.0 3750.0 4500.0 4500.0
1516084291.85 3 1 3750.0 3750.0 4500.0 4500.0
1516084291.94 3 1 3750.0 3750.0 4500.0 4500.0
1516084292.04 3 1 3750.0 3750.0 4500.0 4500.0
1516084292.15 3 1 3750.0 3750.0 4500.0 4500.0
1516084292.24 3 1 3750.0 3750.0 4500.0 4500.0
1516084292.34 3 1 3750.0 3750.0 4500.0 4500.0
1516084292.45 3 1 3750.0 3750.0 4500.0 4500.0
1516084292.55 3 1 3750.0 3750.0 4500.0 4500.0
1516084292.65 3 1 3750.0 3750.0 4500.0 4500.0
1516084292.74 3 1 3750.0 3750.0 4500.0 4500.0
1516084292.84 3 1 3750.0 3750.0 4500.0 4500.0
1516084292.94 3 1 3750.0 3750.0 4500.0 4500.0
1516084293.04 3 1 3750.0 3750.0 4500.0 4500.0
1516084293.14 3 1 3750.0 3750.0 4500.0 4500.0
1516084293.25 3 1 3750.0 3750.0 4500.0 4500.0
1516084293.34 3 1 3750.0 3750.0 4500.0 4500.0
1516084293.46 3 1 3750.0 3750.0 4500.0 4500.0
1516084293.54 3 1 3750.0 3750.0 4500.0 4500.0
1516084293.65 3 1 3750.0 3750.0 4500.0 4500.0
1516084293.74 3 1 3750.0 3750.0 4500.0 4500.0
1516084293.84 3 1 3750.0 3750.0 4500.0 4500.0
1516084293.94 3 1 3750.0 3750.0 4500.0 4500.0
1516084294.04 3 1 3750.0 3750.0 4500.0 4500.0
1516084294.15 3 1 3750.0 3750.0 4500.0 4500.0
1516084294.25 3 1 3750.0 3750.0 4500.0 4500.0
1516084294.34 3 1 3750.0 3750.0 4500.0 4500.0
1516084294.46 3 1 3750.0 3750.0 4500.0 4500.0
1516084294.54 3 1 3750.0 3750.0 4500.0 4500.0
1516084294.65 3 1 3750.0 3750.0 4500.0 4500.0
1516084294.74 3 1 3750.0 3750.0 4500.0 4500.0
1516084294.84 3 1 3750.0 3750.0 4500.0 4500.0
1516084294.95 3 1 3750.0 3750.0 4500.0 4500.0
1516084295.04 3 1 3750.0 3750.0 4500.0 4500.0
1516084295.15 3 1 3750.0 3750.0 4500.0 4500.0
1516084295.24 3 1 3750.0 3750.0 4500.0 4500.0
1516084295.34 3 1 3750.0 3750.0 4500.0 4500.0
1516084295.44 3 1 3750.0 3750.0 4500.0 4500.0
1516084295.54 3 1 3750.0 3750.0 4500.0 4500.0
1516084295.64 3 1 3750.0 3750.0 4500.0 4500.0
1516084295.74 3 1 3750.0 3750.0 4500.0 4500.0
1516084295.84 3 1 3750.0 3750.0 4500.0 4500.0
1516084295.95 3 1 3750.0 3750.0 4500.0 4500.0
1516084296.05 3 1 3750.0 3750.0 4500.0 4500.0
1516084296.14 3 1 3750.0 3750.0 4500.0 4500.0
1516084296.25 3 1 3750.0 3750.0 4500.0 4500.0
1516084296.35 3 1 3750.0 3750.0 4500.0 4500.0
1516084296.45 3 1 3750.0 3750.0 4500.0 4500.0
1516084296.55 3 1 3750.0 3750.0 4500.0 4500.0
1516084296.65 3 1 3750.0 3750.0 4500.0 4500.0
1516084296.75 3 1 3750.0 3750.0 4500.0 4500.0
1516084296.84 3 1 3750.0 3750.0 4500.0 4500.0
1516084296.95 3 1 3750.0 3750.0 4500.0 4500.0
1516084297.06 3 1 3750.0 3750.0 4500.0 4500.0
1516084297.15 3 1 3750.0 3750.0 4500.0 4500.0
1516084297.25 3 1 3750.0 3750.0 4500.0 4500.0
1516084297.35 3 1 3750.0 3750.0 4500.0 4500.0
1516084297.45 3 1 3750.0 3750.0 4500.0 4500.0
1516084297.56 3 1 3750.0 3750.0 4500.0 4500.0
1516084297.64 3 1 3750.0 3750.0 4500.0 4500.0
1516084297.75 3 1 3750.0 3750.0 4500.0 4500.0
1516084297.85 3 1 3750.0 3750.0 4500.0 4500.0
1516084297.95 3 1 3750.0 3750.0 4500.0 4500.0
1516084298.06 3 1 3750.0 3750.0 4500.0 4500.0
1516084298.15 3 1 3750.0 3750.0 4500.0 4500.0
1516084298.25 3 1 3750.0 3750.0 4500.0 4500.0
1516084298.34 3 1 3750.0 3750.0 4500.0 4500.0
1516084298.45 3 1 3750.0 3750.0 4500.0 4500.0
1516084298.55 3 1 3750.0 3750.0 4500.0 4500.0
1516084298.65 3 1 3750.0 3750.0 4500.0 4500.0
1516084298.75 3 1 3750.0 3750.0 4500.0 4500.0
1516084298.86 3 1 3750.0 3750.0 4500.0 4500.0
1516084298.95 3 1 3750.0 3750.0 4500.0 4500.0
1516084299.06 3 1 3750.0 3750.0 4500.0 4500.0
1516084299.15 3 1 3750.0 3750.0 4500.0 4500.0
1516084299.25 3 1 3750.0 3750.0 4500.0 4500.0
1516084299.35 3 1 3750.0 3750.0 4500.0 4500.0
1516084299.45 3 1 3750.0 3750.0 4500.0 4500.0
1516084299.55 3 1 3750.0 3750.0 4500.0 4500.0
1516084299.64 3 1 3750.0 3750.0 4500.0 4500.0
1516084299.75 3 1 3750.0 3750.0 4500.0 4500.0
1516084299.85 3 1 3750.0 3750.0 4500.0 4500.0
1516084299.94 3 1 3750.0 3750.0 4500.0 4500.0
1516084300.06 3 1 3750.0 3750.0 4500.0 4500.0
1516084300.16 3 1 3750.0 3750.0 4500.0 4500.0
1516084300.25 3 1 3750.0 3750.0 4500.0 4500.0
1516084300.36 3 1 3750.0 3750.0 4500.0 4500.0
1516084300.46 3 1 3750.0 3750.0 4500.0 4500.0
1516084300.55 3 1 3750.0 3750.0 4500.0 4500.0
1516084300.65 3 1 3750.0 3750.0 4500.0 4500.0
1516084300.75 3 1 3750.0 3750.0 4500.0 4500.0
1516084300.85 3 1 3750.0 3750.0 4500.0 4500.0
1516084300.95 3 1 3750.0 3750.0 4500.0 4500.0
1516084301.05 3 1 3750.0 3750.0 4500.0 4500.0
1516084301.15 3 1 3750.0 3750.0 4500.0 4500.0
1516084301.26 3 1 3750.0 3750.0 4500.0 4500.0
1516084301.36 3 1 3750.0 3750.0 4500.0 4500.0
1516084301.45 3 1 3750.0 3750.0 4500.0 4500.0
1516084301.55 3 1 3750.0 3750.0 4500.0 4500.0
1516084301.67 3 1 3750.0 3750.0 4500.0 4500.0
1516084301.76 3 1 3750.0 3750.0 4500.0 4500.0
1516084301.86 3 1 3750.0 3750.0 4500.0 4500.0
1516084301.96 3 1 3750.0 3750.0 4500.0 4500.0
1516084302.06 3 1 3750.0 3750.0 4500.0 4500.0
1516084302.16 3 1 3750.0 3750.0 4500.0 4500.0
1516084302.26 3 1 3750.0 3750.0 4500.0 4500.0
1516084302.36 3 1 3750.0 3750.0 4500.0 4500.0
1516084302.46 3 1 3750.0 3750.0 4500.0 4500.0
1516084302.56 3 1 3750.0 3750.0 4500.0 4500.0
1516084302.65 3 1 3750.0 3750.0 4500.0 4500.0
1516084302.76 3 1 3750.0 3750.0 4500.0 4500.0
1516084302.86 3 1 3750.0 3750.0 4500.0 4500.0
1516084302.96 3 1 3750.0 3750.0 4500.0 4500.0
1516084303.06 3 1 3750.0 3750.0 4500.0 4500.0
1516084303.16 3 1 3750.0 3750.0 4500.0 4500.0
1516084303.26 3 1 3750.0 3750.0 4500.0 4500.0
1516084303.37 3 1 3750.0 3750.0 4500.0 4500.0
1516084303.47 3 1 3750.0 3750.0 4500.0 4500.0
1516084303.56 3 1 3750.0 3750.0 4500.0 4500.0
1516084303.65 3 1 3750.0 3750.0 4500.0 4500.0
1516084303.76 3 1 3750.0 3750.0 4500.0 4500.0
1516084303.85 3 1 3750.0 3750.0 4500.0 4500.0
1516084303.96 3 1 3750.0 3750.0 4500.0 4500.0
1516084304.06 3 1 3750.0 3750.0 4500.0 4500.0
1516084304.17 3 1 3750.0 3750.0 4500.0 4500.0
1516084304.26 3 1 3750.0 3750.0 4500.0 4500.0
1516084304.37 3 1 3750.0 3750.0 4500.0 4500.0
1516084304.46 3 1 3750.0 3750.0 4500.0 4500.0
1516084304.57 3 1 3750.0 3750.0 4500.0 4500.0
1516084304.66 3 1 3750.0 3750.0 4500.0 4500.0
1516084304.77 3 1 3750.0 3750.0 4500.0 4500.0
1516084304.87 3 1 3750.0 3750.0 4500.0 4500.0
1516084304.97 3 1 3750.0 3750.0 4500.0 4500.0
1516084305.06 3 1 3750.0 3750.0 4500.0 4500.0
1516084305.17 3 1 3750.0 3750.0 4500.0 4500.0
1516084305.27 3 1 3750.0 3750.0 4500.0 4500.0
1516084305.36 3 1 3750.0 3750.0 4500.0 4500.0
1516084305.47 3 1 3750.0 3750.0 4500.0 4500.0
1516084305.56 3 1 3750.0 3750.0 4500.0 4500.0
1516084305.67 3 1 3750.0 3750.0 4500.0 4500.0
1516084305.76 3 1 3750.0 3750.0 4500.0 4500.0
1516084305.87 3 1 3750.0 3750.0 4500.0 4500.0
1516084305.96 3 1 3750.0 3750.0 4500.0 4500.0
1516084306.08 3 1 3750.0 3750.0 4500.0 4500.0
1516084306.17 3 1 3750.0 3750.0 4500.0 4500.0
1516084306.27 3 1 3750.0 3750.0 4500.0 4500.0
1516084306.37 3 1 3750.0 3750.0 4500.0 4500.0
1516084306.46 3 1 3750.0 3750.0 4500.0 4500.0
1516084306.58 3 1 3750.0 3750.0 4500.0 4500.0
1516084306.66 3 1 3750.0 3750.0 4500.0 4500.0
1516084306.77 3 1 3750.0 3750.0 4500.0 4500.0
1516084306.88 3 1 3750.0 3750.0 4500.0 4500.0
1516084306.97 3 1 3750.0 3750.0 4500.0 4500.0
1516084307.07 3 1 3750.0 3750.0 4500.0 4500.0
1516084307.16 3 1 3750.0 3750.0 4500.0 4500.0
1516084307.26 3 1 3750.0 3750.0 4500.0 4500.0
1516084307.36 3 1 3750.0 3750.0 4500.0 4500.0
1516084307.48 3 1 3750.0 3750.0 4500.0 4500.0
1516084307.56 3 1 3750.0 3750.0 4500.0 4500.0
1516084307.67 3 1 3750.0 3750.0 4500.0 4500.0
1516084307.77 3 1 3750.0 3750.0 4500.0 4500.0
1516084307.86 3 1 3750.0 3750.0 4500.0 4500.0
1516084307.97 3 1 3750.0 3750.0 4500.0 4500.0
1516084308.06 3 1 3750.0 3750.0 4500.0 4500.0
1516084308.16 3 1 3750.0 3750.0 4500.0 4500.0
1516084308.26 3 1 3750.0 3750.0 4500.0 4500.0
1516084308.37 3 1 3750.0 3750.0 4500.0 4500.0
1516084308.47 3 1 3750.0 3750.0 4500.0 4500.0
1516084308.57 3 1 3750.0 3750.0 4500.0 4500.0
1516084308.68 3 1 3750.0 3750.0 4500.0 4500.0
1516084308.77 3 1 3750.0 3750.0 4500.0 4500.0
1516084308.86 3 1 3750.0 3750.0 4500.0 4500.0
1516084308.97 3 1 3750.0 3750.0 4500.0 4500.0
1516084309.07 3 1 3750.0 3750.0 4500.0 4500.0
1516084309.17 3 1 3750.0 3750.0 4500.0 4500.0
1516084309.29 3 1 3750.0 3750.0 4500.0 4500.0
1516084309.38 3 1 3750.0 3750.0 4500.0 4500.0
1516084309.49 3 1 3750.0 3750.0 4500.0 4500.0
1516084309.58 3 1 3750.0 3750.0 4500.0 4500.0
1516084309.68 3 1 3750.0 3750.0 4500.0 4500.0
1516084309.77 3 1 3750.0 3750.0 4500.0 4500.0
1516084309.87 3 1 3750.0 3750.0 4500.0 4500.0
1516084309.97 3 1 3750.0 3750.0 4500.0 4500.0
1516084310.09 3 1 3750.0 3750.0 4500.0 4500.0
1516084310.19 3 1 3750.0 3750.0 4500.0 4500.0
1516084310.28 3 1 3750.0 3750.0 4500.0 4500.0
1516084310.39 3 1 3750.0 3750.0 4500.0 4500.0
1516084310.48 3 1 3750.0 3750.0 4500.0 4500.0
1516084310.57 3 1 3750.0 3750.0 4500.0 4500.0
1516084310.69 3 1 3750.0 3750.0 4500.0 4500.0
1516084310.79 3 1 3750.0 3750.0 4500.0 4500.0
1516084310.88 3 1 3750.0 3750.0 4500.0 4500.0
1516084310.97 3 1 3750.0 3750.0 4500.0 4500.0
1516084311.07 3 1 3750.0 3750.0 4500.0 4500.0
1516084311.17 3 1 3750.0 3750.0 4500.0 4500.0
1516084311.27 3 1 3750.0 3750.0 4500.0 4500.0
1516084311.37 3 1 3750.0 3750.0 4500.0 4500.0
1516084311.47 3 1 3750.0 3750.0 4500.0 4500.0
1516084311.59 3 1 3750.0 3750.0 4500.0 4500.0
1516084311.68 3 1 3750.0 3750.0 4500.0 4500.0
1516084311.78 3 1 3750.0 3750.0 4500.0 4500.0
1516084311.88 3 1 3750.0 3750.0 4500.0 4500.0
1516084311.98 3 1 3750.0 3750.0 4500.0 4500.0
1516084312.08 3 1 3750.0 3750.0 4500.0 4500.0
1516084312.18 3 1 3750.0 3750.0 4500.0 4500.0
1516084312.28 3 1 3750.0 3750.0 4500.0 4500.0
1516084312.38 3 1 3750.0 3750.0 4500.0 4500.0
1516084312.48 3 1 3750.0 3750.0 4500.0 4500.0
1516084312.59 3 1 3750.0 3750.0 4500.0 4500.0
1516084312.68 3 1 3750.0 3750.0 4500.0 4500.0
1516084312.78 3 1 3750.0 3750.0 4500.0 4500.0
1516084312.88 3 1 3750.0 3750.0 4500.0 4500.0
1516084312.99 3 1 3750.0 3750.0 4500.0 4500.0
1516084313.08 3 1 3750.0 3750.0 4500.0 4500.0
1516084313.18 3 1 3750.0 3750.0 4500.0 4500.0
1516084313.28 3 1 3750.0 3750.0 4500.0 4500.0
1516084313.39 3 1 3750.0 3750.0 4500.0 4500.0
1516084313.48 3 1 3750.0 3750.0 4500.0 4500.0
1516084313.59 3 1 3750.0 3750.0 4500.0 4500.0
1516084313.68 3 1 3750.0 3750.0 4500.0 4500.0
1516084313.79 3 1 3750.0 3750.0 4500.0 4500.0
1516084313.89 3 1 3750.0 3750.0 4500.0 4500.0
1516084313.98 3 1 3750.0 3750.0 4500.0 4500.0
1516084314.09 3 1 3750.0 3750.0 4500.0 4500.0
1516084314.19 3 1 3750.0 3750.0 4500.0 4500.0
1516084314.29 3 1 3750.0 3750.0 4500.0 4500.0
1516084314.38 3 1 3750.0 3750.0 4500.0 4500.0
1516084314.49 3 1 3750.0 3750.0 4500.0 4500.0
1516084314.58 3 1 3750.0 3750.0 4500.0 4500.0
1516084314.69 3 1 3750.0 3750.0 4500.0 4500.0
1516084314.78 3 1 3750.0 3750.0 4500.0 4500.0
1516084314.87 3 1 3750.0 3750.0 4500.0 4500.0
1516084314.99 3 1 3750.0 3750.0 4500.0 4500.0
1516084315.08 3 1 3750.0 3750.0 4500.0 4500.0
1516084315.18 3 1 3750.0 3750.0 4500.0 4500.0
1516084315.28 3 1 3750.0 3750.0 4500.0 4500.0
1516084315.38 3 1 3750.0 3750.0 4500.0 4500.0
1516084315.48 3 1 3750.0 3750.0 4500.0 4500.0
1516084315.58 3 1 3750.0 3750.0 4500.0 4500.0
1516084315.68 3 1 3750.0 3750.0 4500.0 4500.0
1516084315.79 3 1 3750.0 3750.0 4500.0 4500.0
1516084315.89 3 1 3750.0 3750.0 4500.0 4500.0
1516084315.98 3 1 3750.0 3750.0 4500.0 4500.0
1516084316.08 3 1 3750.0 3750.0 4500.0 4500.0
1516084316.18 3 1 3750.0 3750.0 4500.0 4500.0
1516084316.29 3 1 3750.0 3750.0 4500.0 4500.0
1516084316.38 3 1 3750.0 3750.0 4500.0 4500.0
1516084316.48 3 1 3750.0 3750.0 4500.0 4500.0
1516084316.59 3 1 3750.0 3750.0 4500.0 4500.0
1516084316.7 3 1 3750.0 3750.0 4500.0 4500.0
1516084316.78 3 1 3750.0 3750.0 4500.0 4500.0
1516084316.88 3 1 3750.0 3750.0 4500.0 4500.0
1516084316.98 3 1 3750.0 3750.0 4500.0 4500.0
1516084317.09 3 1 3750.0 3750.0 4500.0 4500.0
1516084317.18 3 1 3750.0 3750.0 4500.0 4500.0
1516084317.29 3 1 3750.0 3750.0 4500.0 4500.0
1516084317.38 3 1 3750.0 3750.0 4500.0 4500.0
1516084317.5 3 1 3750.0 3750.0 4500.0 4500.0
1516084317.58 3 1 3750.0 3750.0 4500.0 4500.0
1516084317.69 3 1 3750.0 3750.0 4500.0 4500.0
1516084317.79 3 1 3750.0 3750.0 4500.0 4500.0
1516084317.89 3 1 3750.0 3750.0 4500.0 4500.0
1516084318.0 3 1 3750.0 3750.0 4500.0 4500.0
1516084318.09 3 1 3750.0 3750.0 4500.0 4500.0
1516084318.18 3 1 3750.0 3750.0 4500.0 4500.0
1516084318.3 3 1 3750.0 3750.0 4500.0 4500.0
1516084318.39 3 1 3750.0 3750.0 4500.0 4500.0
1516084318.49 3 1 3750.0 3750.0 4500.0 4500.0
1516084318.59 3 1 3750.0 3750.0 4500.0 4500.0
1516084318.69 3 1 3750.0 3750.0 4500.0 4500.0
1516084318.78 3 1 3750.0 3750.0 4500.0 4500.0
1516084318.89 3 1 3750.0 3750.0 4500.0 4500.0
1516084319.0 3 1 3750.0 3750.0 4500.0 4500.0
1516084319.09 3 1 3750.0 3750.0 4500.0 4500.0
1516084319.19 3 1 3750.0 3750.0 4500.0 4500.0
1516084319.29 3 1 3750.0 3750.0 4500.0 4500.0
1516084319.39 3 1 3750.0 3750.0 4500.0 4500.0
1516084319.48 3 1 3750.0 3750.0 4500.0 4500.0
1516084319.59 3 1 3750.0 3750.0 4500.0 4500.0
1516084319.69 3 1 3750.0 3750.0 4500.0 4500.0
1516084319.8 3 1 3750.0 3750.0 4500.0 4500.0
1516084319.89 3 1 3750.0 3750.0 4500.0 4500.0
1516084319.99 3 1 3750.0 3750.0 4500.0 4500.0
1516084320.09 3 1 3750.0 3750.0 4500.0 4500.0
1516084320.19 3 1 3750.0 3750.0 4500.0 4500.0
1516084320.29 3 1 3750.0 3750.0 4500.0 4500.0
1516084320.39 3 1 3750.0 3750.0 4500.0 4500.0
1516084320.49 3 1 3750.0 3750.0 4500.0 4500.0
1516084320.6 3 1 3750.0 3750.0 4500.0 4500.0
1516084320.7 3 1 3750.0 3750.0 4500.0 4500.0
1516084320.79 3 1 3750.0 3750.0 4500.0 4500.0
1516084320.9 3 1 3750.0 3750.0 4500.0 4500.0
1516084321.0 3 1 3750.0 3750.0 4500.0 4500.0
1516084321.09 3 1 3750.0 3750.0 4500.0 4500.0
1516084321.2 3 1 3750.0 3750.0 4500.0 4500.0
1516084321.3 3 1 3750.0 3750.0 4500.0 4500.0
1516084321.39 3 1 3750.0 3750.0 4500.0 4500.0
1516084321.49 3 1 3750.0 3750.0 4500.0 4500.0
1516084321.59 3 1 3750.0 3750.0 4500.0 4500.0
1516084321.7 3 1 3750.0 3750.0 4500.0 4500.0
1516084321.79 3 1 3750.0 3750.0 4500.0 4500.0
1516084321.9 3 1 3750.0 3750.0 4500.0 4500.0
1516084322.0 3 1 3750.0 3750.0 4500.0 4500.0
1516084322.1 3 1 3750.0 3750.0 4500.0 4500.0
1516084322.2 3 1 3750.0 3750.0 4500.0 4500.0
1516084322.3 3 1 3750.0 3750.0 4500.0 4500.0
1516084322.41 3 1 3750.0 3750.0 4500.0 4500.0
1516084322.51 3 1 3750.0 3750.0 4500.0 4500.0
1516084322.61 3 1 3750.0 3750.0 4500.0 4500.0
1516084322.71 3 1 3750.0 3750.0 4500.0 4500.0
1516084322.8 3 1 3750.0 3750.0 4500.0 4500.0
1516084322.91 3 1 3750.0 3750.0 4500.0 4500.0
1516084323.0 3 1 3750.0 3750.0 4500.0 4500.0
1516084323.11 3 1 3750.0 3750.0 4500.0 4500.0
1516084323.2 3 1 3750.0 3750.0 4500.0 4500.0
1516084323.3 3 1 3750.0 3750.0 4500.0 4500.0
1516084323.41 3 1 3750.0 3750.0 4500.0 4500.0
1516084323.5 3 1 3750.0 3750.0 4500.0 4500.0
1516084323.59 3 1 3750.0 3750.0 4500.0 4500.0
1516084323.7 3 1 3750.0 3750.0 4500.0 4500.0
1516084323.79 3 1 3750.0 3750.0 4500.0 4500.0
1516084323.9 3 1 3750.0 3750.0 4500.0 4500.0
1516084324.01 3 1 3750.0 3750.0 4500.0 4500.0
1516084324.1 3 1 3750.0 3750.0 4500.0 4500.0
1516084324.2 3 1 3750.0 3750.0 4500.0 4500.0
1516084324.31 3 1 3750.0 3750.0 4500.0 4500.0
1516084324.41 3 1 3750.0 3750.0 4500.0 4500.0
1516084324.51 3 1 3750.0 3750.0 4500.0 4500.0
1516084324.61 3 1 3750.0 3750.0 4500.0 4500.0
1516084324.7 3 1 3750.0 3750.0 4500.0 4500.0
1516084324.8 3 1 3750.0 3750.0 4500.0 4500.0
1516084324.9 3 1 3750.0 3750.0 4500.0 4500.0
1516084325.0 3 1 3750.0 3750.0 4500.0 4500.0
1516084325.1 3 1 3750.0 3750.0 4500.0 4500.0
1516084325.2 3 1 3750.0 3750.0 4500.0 4500.0
1516084325.3 3 1 3750.0 3750.0 4500.0 4500.0
1516084325.41 3 1 3750.0 3750.0 4500.0 4500.0
1516084325.51 3 1 3750.0 3750.0 4500.0 4500.0
1516084325.6 3 1 3750.0 3750.0 4500.0 4500.0
1516084325.7 3 1 3750.0 3750.0 4500.0 4500.0
1516084325.81 3 1 3750.0 3750.0 4500.0 4500.0
1516084325.91 3 1 3750.0 3750.0 4500.0 4500.0
1516084326.0 3 1 3750.0 3750.0 4500.0 4500.0
1516084326.09 3 1 3750.0 3750.0 4500.0 4500.0
1516084326.2 3 1 3750.0 3750.0 4500.0 4500.0
1516084326.3 3 1 3750.0 3750.0 4500.0 4500.0
1516084326.4 3 1 3750.0 3750.0 4500.0 4500.0
1516084326.5 3 1 3750.0 3750.0 4500.0 4500.0
1516084326.6 3 1 3750.0 3750.0 4500.0 4500.0
1516084326.7 3 1 3750.0 3750.0 4500.0 4500.0
1516084326.8 3 1 3750.0 3750.0 4500.0 4500.0
1516084326.9 3 1 3750.0 3750.0 4500.0 4500.0
1516084327.0 3 1 3750.0 3750.0 4500.0 4500.0
1516084327.1 3 1 3750.0 3750.0 4500.0 4500.0
1516084327.2 3 1 3750.0 3750.0 4500.0 4500.0
1516084327.31 3 1 3750.0 3750.0 4500.0 4500.0
1516084327.4 2 1 3333.33333333 3729.16666667 4500.0 4500.0
1516084327.5 2 1 3333.33333333 3709.375 4500.0 4500.0
1516084327.6 2 1 3333.33333333 3690.57291667 4500.0 4500.0
1516084327.7 2 1 3333.33333333 3672.7109375 4500.0 4500.0
1516084327.81 2 1 3333.33333333 3655.74205729 4500.0 4500.0
1516084327.91 2 1 3333.33333333 3639.62162109 4500.0 4500.0
1516084328.01 2 1 3333.33333333 3624.30720671 4500.0 4500.0
1516084328.11 2 1 3333.33333333 3609.75851304 4500.0 4500.0
1516084328.21 2 1 3333.33333333 3595.93725405 4500.0 4500.0
1516084328.37 2 1 3333.33333333 3582.80705802 4500.0 4500.0
1516084328.44 2 1 3333.33333333 3570.33337178 4500.0 4500.0
1516084328.53 2 1 3333.33333333 3558.48336986 4500.0 4500.0
1516084328.63 2 1 3333.33333333 3547.22586803 4500.0 4500.0
1516084328.73 2 1 3333.33333333 3536.5312413 4500.0 4500.0
1516084328.83 2 1 3333.33333333 3526.3713459 4500.0 4500.0
1516084328.93 2 1 3333.33333333 3516.71944527 4500.0 4500.0
1516084329.11 1 1 2500.0 3465.88347301 4500.0 4500.0
1516084329.18 1 1 2500.0 3417.58929936 4500.0 4500.0
1516084329.27 1 1 2500.0 3371.70983439 4500.0 4500.0
1516084329.37 1 1 2500.0 3328.12434267 4500.0 4500.0
1516084329.48 1 1 2500.0 3286.71812554 4500.0 4500.0
1516084329.58 1 1 2500.0 3247.38221926 4500.0 4500.0
1516084329.68 1 1 2500.0 3210.0131083 4500.0 4500.0
1516084329.78 1 1 2500.0 3174.51245288 4500.0 4500.0
1516084329.88 1 1 2500.0 3140.78683024 4500.0 4500.0
1516084329.98 1 1 2500.0 3108.74748873 4500.0 4500.0
1516084330.16 1 1 2500.0 3078.31011429 4500.0 4500.0
1516084330.22 1 1 2500.0 3049.39460858 4500.0 4500.0
1516084330.39 1 1 2500.0 3021.92487815 4500.0 4500.0
1516084330.46 1 1 2500.0 2995.82863424 4500.0 4500.0
1516084330.63 1 1 2500.0 2971.03720253 4500.0 4500.0
1516084330.7 1 1 2500.0 2947.4853424 4500.0 4500.0
1516084330.78 1 1 2500.0 2925.11107528 4500.0 4500.0
1516084330.89 1 1 2500.0 2903.85552152 4500.0 4500.0
1516084330.99 1 1 2500.0 2883.66274544 4500.0 4500.0
1516084331.09 1 1 2500.0 2864.47960817 4500.0 4500.0
1516084331.26 1 1 2500.0 2846.25562776 4500.0 4500.0
1516084331.33 1 1 2500.0 2828.94284637 4500.0 4500.0
1516084331.42 1 1 2500.0 2812.49570405 4500.0 4500.0
1516084331.53 1 1 2500.0 2796.87091885 4500.0 4500.0
1516084331.64 1 1 2500.0 2782.02737291 4500.0 4500.0
1516084331.79 1 1 2500.0 2767.92600426 4500.0 4500.0
1516084331.87 1 1 2500.0 2754.52970405 4500.0 4500.0
1516084331.95 1