1516099239.212565, 1, 12112.000000
1516099239.312732, 0, 10900.799805
1516099239.412904, 0, 9810.719727
1516099239.513168, 8, 105725.648438
1516099239.613379, 21, 349505.062500
1516099239.713734, 16, 508346.562500
1516099239.813840, 0, 457511.906250
1516099239.914059, 4, 460208.718750
1516099240.014288, 4, 462635.843750
1516099240.114487, 6, 489044.250000
1516099240.214748, 5, 500699.812500
1516099240.314872, 7, 535413.812500
1516099240.415197, 7, 566656.437500
1516099240.515727, 7, 594774.812500
1516099240.615873, 9, 644305.312500
1516099240.716069, 9, 688882.750000
1516099240.816478, 10, 741114.500000
1516099240.916656, 10, 788123.062500
1516099241.016945, 12, 854654.750000
1516099241.117204, 13, 926645.250000
1516099241.217461, 14, 1003548.750000
1516099241.317679, 15, 1084873.875000
1516099241.418124, 16, 1170178.500000
1516099241.518469, 16, 1246952.625000
1516099241.618859, 16, 1316049.375000
1516099241.719240, 17, 1390348.500000
1516099241.819873, 15, 1432993.625000
1516099241.920121, 15, 1471374.250000
1516099242.020574, 13, 1481692.875000
1516099242.120834, 13, 1490979.625000
1516099242.220972, 13, 1499337.625000
1516099242.321340, 12, 1494747.875000
1516099242.421430, 13, 1502729.125000
1516099242.521736, 13, 1509912.250000
1516099242.622011, 12, 1504265.000000
1516099242.722360, 14, 1523406.500000
1516099242.822747, 13, 1528521.875000
1516099242.923052, 13, 1533125.750000
1516099243.023322, 11, 1513045.125000
1516099243.123661, 13, 1519196.625000
1516099243.223861, 13, 1524733.000000
1516099243.323935, 13, 1529715.750000
1516099243.424233, 13, 1534200.125000
1516099243.524606, 13, 1538236.125000
1516099243.624910, 13, 1541868.500000
1516099243.725293, 13, 1545137.625000
1516099243.825676, 13, 1548079.875000
1516099243.925849, 12, 1538615.875000
1516099244.025974, 13, 1542210.250000
1516099244.126544, 13, 1545445.250000
1516099244.226802, 13, 1548356.750000
1516099244.327111, 13, 1550977.125000
1516099244.427395, 12, 1541223.375000
1516099244.527671, 13, 1544557.000000
1516099244.628003, 13, 1547557.250000
1516099244.728323, 13, 1550257.500000
1516099244.828485, 13, 1552687.750000
1516099244.928563, 13, 1554875.000000
1516099245.028881, 13, 1556843.500000
1516099245.129286, 12, 1546503.125000
1516099245.229460, 13, 1549308.750000
1516099245.329951, 13, 1551833.875000
1516099245.430063, 13, 1554106.500000
1516099245.530339, 14, 1568263.875000
1516099245.630738, 13, 1568893.500000
1516099245.730996, 13, 1569460.125000
1516099245.831196, 13, 1569970.125000
1516099245.931554, 13, 1570429.125000
1516099246.031649, 14, 1582954.250000
1516099246.132001, 13, 1582114.875000
1516099246.232310, 13, 1581359.375000
1516099246.332607, 13, 1580679.500000
1516099246.432709, 14, 1592179.500000
1516099246.532993, 12, 1578305.500000
1516099246.633449, 13, 1577931.000000
1516099246.733805, 14, 1589705.875000
1516099246.834192, 13, 1588191.250000
1516099246.934564, 13, 1586828.125000
1516099247.034961, 14, 1597713.250000
1516099247.135137, 13, 1595397.875000
1516099247.235205, 14, 1605426.125000
1516099247.335291, 13, 1602339.500000
1516099247.435380, 13, 1599561.500000
1516099247.535457, 14, 1609173.375000
1516099247.635769, 13, 1605712.000000
1516099247.735967, 14, 1614708.750000
1516099247.836051, 13, 1610693.875000
1516099247.936394, 14, 1619192.500000
1516099248.036829, 13, 1614729.250000
1516099248.137178, 14, 1622824.375000
1516099248.237567, 13, 1617998.000000
1516099248.337772, 14, 1625766.250000
1516099248.437846, 14, 1632757.625000
1516099248.538092, 13, 1626937.875000
1516099248.638271, 14, 1633812.125000
1516099248.738716, 13, 1627886.875000
1516099248.838971, 14, 1634666.250000
1516099248.939135, 14, 1640767.625000
1516099249.039222, 14, 1646258.875000
1516099249.139309, 13, 1639089.000000
1516099249.239566, 14, 1644748.125000
1516099249.339861, 14, 1649841.250000
1516099249.440144, 14, 1654425.125000
1516099249.540458, 14, 1658550.625000
1516099249.640650, 13, 1650151.500000
1516099249.740731, 14, 1654704.375000
1516099249.840873, 14, 1658802.000000
1516099249.940953, 14, 1662489.750000
1516099250.041087, 14, 1665808.750000
1516099250.141231, 14, 1668795.875000
1516099250.241307, 14, 1671484.250000
1516099250.341402, 13, 1661791.875000
1516099250.441479, 14, 1665180.750000
1516099250.541570, 14, 1668230.625000
1516099250.641654, 14, 1670975.500000
1516099250.741735, 14, 1673446.000000
1516099250.841810, 14, 1675669.375000
1516099250.941885, 14, 1677670.500000
1516099251.042326, 14, 1679471.500000
1516099251.142594, 14, 1681092.375000
1516099251.242977, 14, 1682551.125000
1516099251.343309, 14, 1683864.000000
1516099251.443713, 14, 1685045.625000
1516099251.544196, 13, 1673997.000000
1516099251.644574, 14, 1676165.250000
1516099251.744820, 15, 1690228.750000
1516099251.844948, 13, 1678661.875000
1516099251.945233, 14, 1680363.750000
1516099252.045602, 14, 1681895.375000
1516099252.145860, 14, 1683273.875000
1516099252.246302, 14, 1684514.500000
1516099252.346863, 14, 1685631.000000
1516099252.447158, 14, 1686635.875000
1516099252.547462, 14, 1687540.250000
1516099252.647655, 14, 1688354.250000
1516099252.748085, 15, 1701198.875000
1516099252.848253, 14, 1700647.000000
1516099252.948349, 14, 1700150.250000
1516099253.048534, 14, 1699703.250000
1516099253.148892, 14, 1699300.875000
1516099253.249001, 14, 1698938.750000
1516099253.349109, 14, 1698612.875000
1516099253.449188, 14, 1698319.625000
1516099253.549345, 14, 1698055.625000
1516099253.649526, 14, 1697818.000000
1516099253.749626, 14, 1697604.250000
1516099253.849809, 15, 1709523.875000
1516099253.949899, 14, 1708139.500000
1516099254.050116, 14, 1706893.500000
1516099254.150262, 15, 1717884.125000
1516099254.250353, 14, 1715663.750000
1516099254.350636, 14, 1713665.375000
1516099254.451099, 15, 1723978.875000
1516099254.551390, 14, 1721149.000000
1516099254.651738, 15, 1730714.125000
1516099254.752150, 14, 1727210.750000
1516099254.852410, 13, 1711945.625000
1516099254.952776, 15, 1722431.000000
1516099255.053144, 14, 1719755.875000
1516099255.153271, 15, 1729460.250000
1516099255.253647, 14, 1726082.250000
1516099255.354035, 15, 1735154.000000
1516099255.454205, 14, 1731206.625000
1516099255.554300, 14, 1727654.000000
1516099255.654651, 15, 1736568.625000
1516099255.754837, 14, 1732479.750000
1516099255.855238, 15, 1740911.750000
1516099255.955403, 14, 1736388.625000
1516099256.055517, 15, 1744429.750000
1516099256.156103, 14, 1739554.750000
1516099256.256284, 15, 1747279.250000
1516099256.356380, 15, 1754231.375000
1516099256.457028, 13, 1736264.250000
1516099256.557487, 15, 1744317.875000
1516099256.657669, 14, 1739454.125000
1516099256.757757, 14, 1735076.750000
1516099256.857928, 15, 1743249.125000
1516099256.958064, 14, 1738492.250000
1516099257.058221, 15, 1746323.000000
1516099257.158532, 14, 1741258.750000
1516099257.258656, 15, 1748812.875000
1516099257.358803, 15, 1755611.625000
1516099257.458891, 14, 1749618.500000
1516099257.558971, 15, 1756336.625000
1516099257.659122, 15, 1762383.000000
1516099257.759256, 15, 1767824.750000
1516099257.859338, 14, 1760610.250000
1516099257.959419, 15, 1766229.250000
1516099258.059497, 15, 1771286.375000
1516099258.159624, 15, 1775837.750000
1516099258.259707, 15, 1779934.000000
1516099258.359795, 14, 1771508.625000
1516099258.459879, 15, 1776037.750000
1516099258.559973, 15, 1780114.000000
1516099258.660052, 15, 1783782.625000
1516099258.760490, 15, 1787084.375000
1516099258.860663, 15, 1790056.000000
1516099258.960731, 15, 1792730.375000
1516099259.060804, 15, 1795137.375000
1516099259.161100, 14, 1785191.625000
1516099259.261417, 16, 1800464.500000
1516099259.361620, 14, 1789986.000000
1516099259.461762, 14, 1780555.375000
1516099259.561920, 15, 1784179.875000
1516099259.662094, 15, 1787441.875000
1516099259.762263, 15, 1790377.750000
1516099259.862469, 14, 1780908.000000
1516099259.962623, 15, 1784497.250000
1516099260.062700, 15, 1787727.500000
1516099260.162778, 15, 1790634.750000
1516099260.262924, 15, 1793251.250000
1516099260.363135, 15, 1795606.125000
1516099260.463215, 15, 1797725.500000
1516099260.563330, 16, 1811745.000000
1516099260.663450, 15, 1812250.500000
1516099260.763549, 15, 1812705.500000
1516099260.863624, 15, 1813115.000000
1516099260.963781, 15, 1813483.500000
1516099261.064692, 15, 1813815.125000
1516099261.164861, 15, 1814113.625000
1516099261.264996, 15, 1814382.250000
1516099261.365082, 15, 1814624.000000
1516099261.465165, 15, 1814841.625000
1516099261.565288, 16, 1827149.500000
1516099261.665371, 15, 1826114.500000
1516099261.765534, 15, 1825183.000000
1516099261.865681, 15, 1824344.750000
1516099261.965833, 15, 1823590.250000
1516099262.066068, 16, 1835023.250000
1516099262.166314, 15, 1833200.875000
1516099262.266839, 15, 1831560.750000
1516099262.366974, 15, 1830084.625000
1516099262.467144, 16, 1840868.125000
1516099262.567678, 15, 1838461.250000
1516099262.667839, 15, 1836295.125000
1516099262.768009, 16, 1846457.625000
1516099262.868145, 15, 1843491.875000
1516099262.968283, 15, 1840822.750000
1516099263.068355, 16, 1850532.500000
1516099263.168488, 15, 1847159.250000
1516099263.268554, 16, 1856235.375000
1516099263.368628, 14, 1840179.875000
1516099263.468703, 15, 1837841.875000
1516099263.568842, 16, 1847849.750000
1516099263.669175, 15, 1844744.750000
1516099263.769322, 15, 1841950.250000
1516099263.869411, 15, 1839435.250000
1516099263.969492, 15, 1837171.750000
1516099264.069761, 16, 1847246.625000
1516099264.169832, 15, 1844202.000000
1516099264.269967, 15, 1841461.750000
1516099264.370211, 16, 1851107.625000
1516099264.470482, 15, 1847676.875000
1516099264.570550, 16, 1856701.250000
1516099264.670687, 15, 1852711.125000
1516099264.773115, 16, 1861232.000000
1516099264.873483, 15, 1856788.750000
1516099264.973688, 16, 1864901.875000
1516099265.073876, 15, 1860091.750000
1516099265.174075, 16, 1867874.625000
1516099265.274162, 15, 1862767.125000
1516099265.374251, 16, 1870282.375000
1516099265.474332, 16, 1877046.125000
1516099265.574435, 15, 1871021.500000
1516099265.674515, 16, 1877711.375000
1516099265.774602, 15, 1871620.250000
1516099265.874677, 16, 1878250.250000
1516099265.974804, 15, 1872105.250000
1516099266.075078, 16, 1878686.750000
1516099266.175465, 16, 1884610.125000
1516099266.275896, 15, 1877829.125000
1516099266.376225, 15, 1871726.250000
1516099266.476506, 15, 1866233.625000
1516099266.576818, 16, 1873402.250000
1516099266.676898, 14, 1855630.000000
1516099266.776983, 15, 1851747.000000
1516099266.877058, 16, 1860364.250000
1516099266.977135, 15, 1856007.875000
1516099267.077320, 16, 1864199.125000
1516099267.177520, 16, 1871571.250000
1516099267.277599, 15, 1866094.125000
1516099267.377922, 16, 1873276.750000
1516099267.478121, 14, 1855517.125000
1516099267.578436, 16, 1863757.375000
1516099267.678703, 15, 1859061.625000
1516099267.778825, 16, 1866947.500000
1516099267.879143, 16, 1874044.750000
1516099267.979553, 14, 1856208.250000
1516099268.079659, 16, 1864379.375000
1516099268.180100, 16, 1871733.500000
1516099268.280230, 15, 1866240.125000
1516099268.380347, 16, 1873408.125000
1516099268.480704, 16, 1879859.250000
1516099268.580817, 15, 1873553.375000
1516099268.680907, 16, 1879990.000000
1516099268.781088, 15, 1873671.000000
1516099268.881241, 16, 1880095.875000
1516099268.981683, 16, 1885878.250000
1516099269.081953, 16, 1891082.375000
1516099269.182091, 16, 1895766.125000
1516099269.282226, 15, 1887869.500000
1516099269.382295, 16, 1892874.500000
1516099269.482470, 16, 1897379.000000
1516099269.582621, 15, 1889321.125000
1516099269.682780, 16, 1894181.000000
1516099269.782918, 16, 1898554.875000
1516099269.883025, 16, 1902491.375000
1516099269.983172, 16, 1906034.250000
1516099270.083256, 15, 1897110.875000
1516099270.183395, 16, 1901191.750000
1516099270.283601, 16, 1904864.625000
1516099270.383753, 16, 1908170.125000
1516099270.484100, 16, 1911145.125000
1516099270.584216, 16, 1913822.625000
1516099270.684371, 16, 1916232.375000
1516099270.784447, 16, 1918401.125000
1516099270.884595, 16, 1920353.000000
1516099270.984747, 16, 1922109.750000
1516099271.084830, 16, 1923690.750000
1516099271.184982, 15, 1913001.625000
1516099271.285327, 16, 1915493.500000
1516099271.385761, 16, 1917736.125000
1516099271.486299, 16, 1919754.500000
1516099271.586612, 15, 1909459.000000
1516099271.686921, 16, 1912305.125000
1516099271.787245, 16, 1914866.625000
1516099271.887510, 15, 1905060.000000
1516099271.987747, 16, 1908346.000000
1516099272.088030, 16, 1911303.375000
1516099272.188289, 15, 1901853.000000
1516099272.288428, 16, 1905459.750000
1516099272.388501, 16, 1908705.750000
1516099272.488682, 15, 1899515.125000
1516099272.589073, 16, 1903355.625000
1516099272.689347, 16, 1906812.000000
1516099272.789513, 16, 1909922.750000
1516099272.889949, 15, 1900610.500000
1516099272.990148, 16, 1904341.500000
1516099273.090399, 16, 1907699.375000
1516099273.190512, 15, 1898609.500000
1516099273.290603, 16, 1902540.500000
1516099273.390673, 16, 1906078.500000
1516099273.490740, 16, 1909262.625000
1516099273.590896, 16, 1912128.375000
1516099273.691107, 16, 1914707.500000
1516099273.791209, 16, 1917028.750000
1516099273.891402, 15, 1907005.875000
1516099273.991619, 17, 1922209.250000
1516099274.091849, 16, 1923780.375000
1516099274.191947, 15, 1913082.375000
1516099274.292027, 16, 1915566.125000
1516099274.392118, 16, 1917801.500000
1516099274.492487, 16, 1919813.375000
1516099274.592695, 17, 1933736.000000
1516099274.693022, 16, 1934154.375000
1516099274.793341, 16, 1934531.000000
1516099274.893663, 16, 1934869.875000
1516099274.994606, 15, 1923062.875000
1516099275.094732, 16, 1924548.625000
1516099275.194811, 15, 1913773.750000
1516099275.294896, 16, 1916188.375000
1516099275.395089, 16, 1918361.500000
1516099275.495168, 16, 1920317.375000
1516099275.595310, 16, 1922077.625000
1516099275.695460, 16, 1923661.875000
1516099275.795654, 16, 1925087.750000
1516099275.895802, 16, 1926371.000000
1516099275.995890, 16, 1927525.875000
1516099276.095961, 17, 1940677.250000
1516099276.196090, 15, 1928289.500000
1516099276.296163, 16, 1929252.500000
1516099276.396259, 16, 1930119.250000
1516099276.496339, 15, 1918787.375000
1516099276.596476, 16, 1920700.625000
1516099276.696660, 16, 1922422.500000
1516099276.796743, 16, 1923972.250000
1516099276.896961, 16, 1925367.000000
1516099276.997086, 16, 1926622.250000
1516099277.097218, 17, 1939864.000000
1516099277.197306, 16, 1939669.625000
1516099277.297407, 16, 1939494.625000
1516099277.397484, 16, 1939337.125000
1516099277.497555, 16, 1939195.375000
1516099277.597630, 16, 1939067.875000
1516099277.697696, 17, 1951065.125000
1516099277.798092, 16, 1949750.625000
1516099277.898218, 16, 1948567.500000
1516099277.998719, 16, 1947502.750000
1516099278.099289, 17, 1958656.500000
1516099278.199471, 13, 1920246.875000
1516099278.299564, 13, 1885678.250000
1516099278.399703, 13, 1854566.375000
1516099278.499843, 11, 1802341.750000
1516099278.600207, 12, 1767451.625000
1516099278.700412, 13, 1748162.500000
1516099278.800514, 12, 1718690.250000
1516099278.900917, 11, 1680053.250000
1516099279.001090, 12, 1657391.875000
1516099279.101177, 11, 1624884.750000
1516099279.201370, 12, 1607740.250000
1516099279.301760, 11, 1580198.250000
1516099279.401894, 10, 1543298.375000
1516099279.502059, 12, 1534312.500000
1516099279.602201, 11, 1514113.250000
1516099279.702402, 10, 1483821.875000
1516099279.802519, 11, 1468671.750000
1516099279.902595, 11, 1455036.625000
1516099280.002663, 11, 1442765.000000
1516099280.102758, 10, 1419608.500000
1516099280.203227, 12, 1422991.625000
1516099280.303617, 12, 1426036.500000
1516099280.403911, 11, 1416664.875000
1516099280.504272, 12, 1420342.375000
1516099280.604712, 11, 1411540.125000
1516099280.704997, 11, 1403618.125000
1516099280.805111, 10, 1384376.250000
1516099280.905227, 12, 1391282.625000
1516099281.005395, 11, 1385386.375000
1516099281.105724, 12, 1392191.750000
1516099281.205872, 11, 1386204.625000
1516099281.305950, 10, 1368704.125000
1516099281.406039, 11, 1365065.750000
1516099281.506309, 12, 1373903.125000
1516099281.606714, 12, 1381856.750000
1516099281.706825, 11, 1376903.125000
1516099281.806901, 11, 1372444.750000
1516099281.906974, 11, 1368432.250000
1516099282.007051, 11, 1364821.000000
1516099282.107125, 11, 1361570.875000
1516099282.207582, 10, 1346533.750000
1516099282.307745, 11, 1345112.375000
1516099282.407820, 12, 1355945.125000
1516099282.508013, 11, 1353582.625000
1516099282.608211, 9, 1327232.375000
1516099282.708290, 11, 1327741.125000
1516099282.808379, 11, 1328199.000000
1516099282.908476, 10, 1316499.125000
1516099283.008626, 12, 1330193.250000
1516099283.108715, 11, 1330405.875000
1516099283.208862, 11, 1330597.250000
1516099283.309012, 10, 1318657.500000
1516099283.409144, 12, 1332135.750000
1516099283.509283, 11, 1332154.125000
1516099283.609644, 11, 1332170.750000
1516099283.709907, 12, 1344297.625000
1516099283.810143, 11, 1343099.875000
1516099283.910227, 12, 1354133.875000
1516099284.010385, 11, 1351952.500000
1516099284.110653, 12, 1362101.250000
1516099284.210793, 11, 1359123.125000
1516099284.310892, 11, 1356442.750000
1516099284.410981, 11, 1354030.500000
1516099284.511093, 11, 1351859.500000
1516099284.611193, 11, 1349905.500000
1516099284.711275, 12, 1360259.000000
1516099284.811720, 11, 1357465.125000
1516099284.912020, 12, 1367062.625000
1516099285.012227, 11, 1363588.375000
1516099285.112394, 12, 1372573.500000
1516099285.212546, 11, 1368548.125000
1516099285.313001, 12, 1377037.250000
1516099285.413099, 11, 1372565.500000
1516099285.513179, 11, 1368541.000000
1516099285.613352, 11, 1364918.875000
1516099285.713723, 13, 1385883.000000
1516099285.813911, 11, 1380526.750000
1516099285.914114, 9, 1351482.125000
1516099286.014254, 11, 1349565.875000
1516099286.114463, 10, 1335729.250000
1516099286.214630, 10, 1323276.375000
1516099286.314806, 11, 1324180.750000
1516099286.414989, 11, 1324994.625000
1516099286.515263, 12, 1337839.125000
1516099286.615427, 11, 1337287.250000
1516099286.715627, 11, 1336790.500000
1516099286.815773, 12, 1348455.500000
1516099286.916187, 10, 1334730.000000
1516099287.016571, 12, 1346601.000000
1516099287.116914, 10, 1333060.875000
1516099287.217110, 10, 1320874.750000
1516099287.317202, 10, 1309907.250000
1516099287.417511, 11, 1312148.500000
1516099287.517981, 10, 1302053.625000
1516099287.618340, 11, 1305080.250000
1516099287.718482, 10, 1295692.250000
1516099287.818577, 11, 1299355.000000
1516099287.918685, 11, 1302651.500000
1516099288.018775, 12, 1317730.375000
1516099288.118888, 12, 1331301.375000
1516099288.218978, 11, 1331403.250000
1516099288.319074, 12, 1343606.875000
1516099288.419158, 11, 1342478.250000
1516099288.519235, 12, 1353574.375000
1516099288.619405, 11, 1351449.000000
1516099288.719644, 9, 1325312.125000
1516099288.819847, 11, 1326012.875000
1516099288.920025, 11, 1326643.625000
1516099289.020179, 10, 1315099.250000
1516099289.120414, 11, 1316821.375000
1516099289.220577, 11, 1318371.250000
1516099289.320764, 10, 1307654.125000
1516099289.420957, 12, 1322232.750000
1516099289.521135, 11, 1323241.500000
1516099289.621268, 12, 1336261.375000
1516099289.721484, 12, 1347979.250000
1516099289.821644, 12, 1358525.375000
1516099289.921783, 13, 1380128.875000
1516099290.021971, 10, 1363236.000000
1516099290.122109, 12, 1372256.375000
1516099290.222312, 12, 1380374.750000
1516099290.322482, 9, 1351345.250000
1516099290.422635, 10, 1337330.750000
1516099290.522809, 10, 1324717.625000
1516099290.622948, 10, 1313365.875000
1516099290.723124, 10, 1303149.250000
1516099290.823335, 11, 1306066.375000
1516099290.923548, 10, 1296579.750000
1516099291.023689, 11, 1300153.750000
1516099291.123834, 11, 1303370.375000
1516099291.224020, 10, 1294153.375000
1516099291.324124, 12, 1310082.000000
1516099291.424312, 10, 1300193.750000
1516099291.524497, 11, 1303406.375000
1516099291.624641, 12, 1318409.750000
1516099291.724774, 12, 1331912.750000
1516099291.824942, 12, 1344065.500000
1516099291.925097, 12, 1355003.000000
1516099292.025265, 12, 1364846.750000
1516099292.125438, 12, 1373706.125000
1516099292.225526, 11, 1369567.500000
1516099292.325615, 13, 1390066.750000
1516099292.425704, 9, 1360068.125000
1516099292.525865, 11, 1357293.250000
1516099292.625951, 11, 1354795.875000
1516099292.726039, 11, 1352548.250000
1516099292.826129, 11, 1350525.375000
1516099292.926296, 11, 1348704.875000
1516099293.026529, 11, 1347066.375000
1516099293.126727, 11, 1345591.750000
1516099293.226927, 12, 1356376.625000
1516099293.327086, 12, 1366083.000000
1516099293.427294, 12, 1374818.750000
1516099293.527459, 13, 1394792.875000
1516099293.627614, 12, 1400657.625000
1516099293.727829, 11, 1393823.875000
1516099293.828006, 12, 1399785.500000
1516099293.928202, 12, 1405151.000000
1516099294.028421, 13, 1422091.875000
1516099294.128594, 9, 1388890.750000
1516099294.228704, 11, 1383233.625000
1516099294.328941, 11, 1378142.250000
1516099294.429093, 10, 1361448.000000
1516099294.529293, 10, 1346423.250000
1516099294.629437, 11, 1345012.875000
1516099294.729649, 11, 1343743.625000
1516099294.829837, 11, 1342601.250000
1516099294.930035, 12, 1353685.125000
1516099295.030161, 11, 1351548.625000
1516099295.130247, 12, 1361737.750000
1516099295.230436, 11, 1358796.000000
1516099295.330534, 13, 1380372.375000
1516099295.430671, 12, 1387679.125000
1516099295.530818, 12, 1394255.250000
1516099295.630994, 12, 1400173.750000
1516099295.731133, 12, 1405500.375000
1516099295.831501, 12, 1410294.375000
1516099295.931894, 12, 1414609.000000
1516099296.032294, 9, 1382156.125000
1516099296.132627, 10, 1365060.500000
1516099296.233004, 12, 1373898.500000
1516099296.333180, 11, 1369740.625000
1516099296.433343, 11, 1365998.500000
1516099296.533514, 12, 1374742.625000
1516099296.633668, 11, 1370500.375000
1516099296.733840, 11, 1366682.375000
1516099296.834194, 12, 1375358.125000
1516099296.934424, 12, 1383166.250000
1516099297.034580, 12, 1390193.625000
1516099297.134773, 12, 1396518.250000
1516099297.234895, 13, 1414322.375000
1516099297.335042, 11, 1406122.125000
1516099297.435185, 12, 1410853.875000
1516099297.535354, 12, 1415112.500000
1516099297.635514, 12, 1418945.250000
1516099297.735710, 11, 1410282.750000
1516099297.835886, 11, 1402486.500000
1516099297.936446, 11, 1395469.875000
1516099298.036855, 11, 1389154.875000
1516099298.137115, 11, 1383471.375000
1516099298.237219, 12, 1390468.250000
1516099298.337386, 11, 1384653.375000
1516099298.437604, 11, 1379420.000000
1516099298.537798, 12, 1386822.000000
1516099298.637971, 12, 1393483.750000
1516099298.738148, 12, 1399479.375000
1516099298.838320, 13, 1416987.500000
1516099298.938530, 11, 1408520.750000
1516099299.038614, 14, 1437236.625000
1516099299.138749, 10, 1414633.000000
1516099299.238899, 12, 1418513.750000
1516099299.339239, 12, 1422006.375000
1516099299.439587, 10, 1400925.750000
1516099299.539879, 11, 1394065.125000
1516099299.640283, 11, 1387890.625000
1516099299.740575, 12, 1394445.500000
1516099299.841006, 10, 1376121.000000
1516099299.941203, 12, 1383852.875000
1516099300.041291, 11, 1378699.625000
1516099300.141478, 12, 1386173.625000
1516099300.241902, 11, 1380788.250000
1516099300.342246, 12, 1388053.375000
1516099300.443343, 13, 1406704.000000
1516099300.543532, 13, 1423489.625000
1516099300.643720, 12, 1426484.625000
1516099300.743872, 12, 1429180.125000
1516099300.844307, 12, 1431606.125000
1516099300.944758, 13, 1445901.500000
1516099301.044973, 11, 1434543.375000
1516099301.145171, 11, 1424321.000000
1516099301.245273, 11, 1415120.875000
1516099301.345415, 11, 1406840.750000
1516099301.445599, 11, 1399388.625000
1516099301.545757, 12, 1404793.750000
1516099301.645927, 11, 1397546.375000
1516099301.746091, 12, 1403135.750000
1516099301.846263, 12, 1408166.125000
1516099301.946485, 12, 1412693.500000
1516099302.046605, 13, 1428880.125000
1516099302.146761, 12, 1431336.125000
1516099302.246925, 12, 1433546.500000
1516099302.347013, 12, 1435535.875000
1516099302.447181, 10, 1413102.250000
1516099302.547333, 14, 1441360.000000
1516099302.647522, 10, 1418344.000000
1516099302.747852, 11, 1409741.625000
1516099302.848042, 11, 1401999.500000
1516099302.948201, 11, 1395031.500000
1516099303.048294, 11, 1388760.375000
1516099303.148596, 11, 1383116.375000
1516099303.248812, 11, 1378036.750000
1516099303.349259, 12, 1385577.125000
1516099303.449603, 10, 1368139.375000
1516099303.549897, 11, 1364557.500000
1516099303.650139, 13, 1385557.750000
1516099303.750311, 13, 1404458.000000
1516099303.850494, 12, 1409356.250000
1516099303.950881, 13, 1425876.625000
1516099304.051269, 12, 1428633.000000
1516099304.151634, 12, 1431113.750000
1516099304.251992, 12, 1433346.375000
1516099304.352197, 10, 1411131.750000
1516099304.452414, 11, 1403250.625000
1516099304.552497, 12, 1408269.500000
1516099304.652692, 11, 1400674.500000
1516099304.752888, 11, 1393839.000000
1516099304.852976, 12, 1399799.125000
1516099304.953127, 11, 1393051.250000
1516099305.053308, 11, 1386978.125000
1516099305.153479, 12, 1393624.250000
1516099305.253731, 12, 1399605.875000
1516099305.354174, 13, 1417101.250000
1516099305.454472, 12, 1420735.125000
1516099305.554566, 13, 1436117.625000
1516099305.654707, 13, 1449961.875000
1516099305.754889, 10, 1426085.750000
1516099305.855047, 14, 1453045.125000
1516099305.955308, 10, 1428860.625000
1516099306.055749, 11, 1419206.500000
1516099306.156279, 12, 1422629.875000
1516099306.256651, 10, 1401486.875000
1516099306.356851, 11, 1394570.250000
1516099306.456982, 12, 1400457.250000
1516099306.557209, 11, 1393643.500000
1516099306.657376, 12, 1399623.125000
1516099306.757553, 12, 1405004.750000
1516099306.857728, 12, 1409848.250000
1516099306.958038, 13, 1426319.375000
1516099307.058209, 12, 1429031.500000
1516099307.158414, 13, 1443584.375000
1516099307.258609, 13, 1456682.000000
1516099307.358770, 11, 1444245.750000
1516099307.458944, 12, 1445165.125000
1516099307.559132, 13, 1458104.625000
1516099307.659316, 9, 1421302.125000
1516099307.759680, 11, 1412403.875000
1516099307.859907, 10, 1392283.500000
1516099307.960039, 11, 1386287.125000
1516099308.060149, 11, 1380890.375000
1516099308.160320, 11, 1376033.375000
1516099308.260511, 11, 1371662.000000
1516099308.360677, 11, 1367727.750000
1516099308.460853, 11, 1364187.000000
1516099308.560970, 11, 1361000.250000
1516099308.661064, 12, 1370244.250000
1516099308.761248, 11, 1366451.875000
1516099308.861440, 11, 1363038.750000
1516099308.961605, 12, 1372078.875000
1516099309.061795, 12, 1380215.000000
1516099309.161956, 13, 1399649.500000
1516099309.262170, 12, 1405028.500000
1516099309.362359, 13, 1421981.625000
1516099309.462559, 12, 1425127.500000
1516099309.562736, 12, 1427958.750000
1516099309.662893, 12, 1430506.875000
1516099309.763188, 12, 1432800.250000
1516099309.863335, 11, 1422752.250000
1516099309.963521, 11, 1413709.000000
1516099310.063677, 11, 1405570.125000
1516099310.163835, 12, 1410357.125000
1516099310.264031, 11, 1402553.375000
1516099310.364214, 12, 1407642.000000
1516099310.464390, 11, 1400109.750000
1516099310.564538, 12, 1405442.750000
1516099310.664747, 12, 1410242.500000
1516099310.765019, 13, 1426674.250000
1516099310.865202, 12, 1429350.875000
1516099310.965326, 13, 1443871.750000
1516099311.065553, 12, 1444828.625000
1516099311.165664, 11, 1433577.750000
1516099311.265818, 13, 1447676.000000
1516099311.366042, 11, 1436140.375000
1516099311.466333, 10, 1413646.375000
1516099311.566746, 11, 1405513.750000
1516099311.666919, 11, 1398194.375000
1516099311.767070, 11, 1391607.000000
1516099311.867227, 12, 1397790.250000
1516099311.967415, 11, 1391243.250000
1516099312.067786, 12, 1397462.875000
1516099312.168180, 11, 1390948.625000
1516099312.268513, 12, 1397197.750000
1516099312.368885, 12, 1402822.000000
1516099312.469029, 12, 1407883.750000
1516099312.569234, 13, 1424551.375000
1516099312.669408, 12, 1427440.250000
1516099312.769915, 12, 1430040.250000
1516099312.870267, 12, 1432380.250000
1516099312.970677, 12, 1434486.250000
1516099313.070898, 10, 1412157.625000
1516099313.172199, 11, 1404173.875000
1516099313.272368, 11, 1396988.500000
1516099313.372536, 11, 1390521.625000
1516099313.472710, 12, 1396813.500000
1516099313.572877, 11, 1390364.125000
1516099313.673045, 11, 1384559.750000
1516099313.773208, 12, 1391447.750000
1516099313.873402, 11, 1385535.000000
1516099313.973559, 12, 1392325.500000
1516099314.074025, 12, 1398437.000000
1516099314.174482, 12, 1403937.250000
1516099314.274581, 13, 1420999.500000
1516099314.374732, 12, 1424243.500000
1516099314.474893, 12, 1427163.125000
1516099314.574992, 12, 1429790.750000
1516099314.675083, 13, 1444267.625000
1516099314.775393, 11, 1433072.875000
1516099314.875715, 11, 1422997.625000
1516099314.976164, 11, 1413929.875000
1516099315.076550, 11, 1405768.875000
1516099315.176783, 12, 1410536.000000
1516099315.276856, 11, 1402714.375000
1516099315.376940, 11, 1395675.000000
1516099315.477048, 12, 1401451.500000
1516099315.577319, 12, 1406650.375000
1516099315.677760, 11, 1399217.375000
1516099315.778057, 12, 1404639.625000
1516099315.878165, 13, 1421631.625000
1516099315.978257, 12, 1424812.500000
1516099316.078459, 13, 1439787.250000
1516099316.178541, 12, 1441152.500000
1516099316.278633, 12, 1442381.250000
1516099316.379922, 11, 1431375.125000
1516099316.480023, 15, 1469917.625000
1516099316.580195, 9, 1431933.875000
1516099316.680265, 12, 1434084.500000
1516099316.780465, 11, 1423908.000000
1516099316.880619, 11, 1414749.250000
1516099316.980729, 12, 1418618.375000
1516099317.080811, 12, 1422100.500000
1516099317.181017, 12, 1425234.500000
1516099317.281187, 14, 1452279.000000
1516099317.381345, 17, 1512955.125000
1516099317.481503, 19, 1591787.625000
1516099317.581581, 21, 1686960.875000
1516099317.681690, 22, 1784728.750000
1516099317.781795, 23, 1884831.875000
1516099317.881895, 22, 1962812.750000
1516099317.981992, 22, 2032995.500000
1516099318.082136, 22, 2096160.000000
1516099318.182284, 15, 2068224.000000
1516099318.282373, 9, 1970409.625000
1516099318.382465, 16, 1967160.625000
1516099318.482567, 17, 1976348.500000
1516099318.582725, 18, 1996729.625000
1516099318.682885, 18, 2015072.625000
1516099318.783072, 19, 2043693.375000
1516099318.883191, 20, 2081564.000000
1516099318.983463, 21, 2127759.500000
1516099319.083698, 22, 2181447.500000
1516099319.183852, 21, 2217654.750000
1516099319.284010, 21, 2250241.250000
1516099319.384106, 21, 2279569.000000
1516099319.484306, 20, 2293852.000000
1516099319.584502, 22, 2330930.750000
1516099319.684671, 21, 2352189.750000
1516099319.784848, 20, 2359210.750000
1516099319.884928, 22, 2389753.750000
1516099319.985249, 19, 2380906.500000
1516099320.085903, 19, 2372943.750000
1516099320.186064, 20, 2377889.500000
1516099320.286232, 20, 2382340.500000
1516099320.386310, 20, 2386346.500000
1516099320.486725, 20, 2389951.750000
1516099320.587123, 20, 2393196.500000
1516099320.687492, 19, 2384004.750000
1516099320.787632, 19, 2375732.250000
1516099320.888054, 20, 2380399.000000
1516099320.988446, 20, 2384599.000000
1516099321.088764, 19, 2376267.000000
1516099321.188987, 20, 2380880.250000
1516099321.289172, 20, 2385032.250000
1516099321.389677, 19, 2376657.000000
1516099321.489967, 19, 2369119.250000
1516099321.590442, 20, 2374447.250000
1516099321.690843, 20, 2379242.500000
1516099321.790969, 19, 2371446.250000
1516099321.891281, 19, 2364429.500000
1516099321.991409, 20, 2370226.500000
1516099322.091857, 20, 2375443.750000
1516099322.192494, 19, 2368027.500000
1516099322.293281, 20, 2373464.750000
1516099322.393795, 20, 2378358.250000
1516099322.494455, 19, 2370650.500000
1516099322.595010, 19, 2363713.500000
1516099322.695168, 20, 2369582.250000
1516099322.795574, 20, 2374864.000000
1516099322.895755, 19, 2367505.500000
1516099322.995929, 20, 2372995.000000
1516099323.102839, 20, 2377935.500000
1516099323.203242, 21, 2394494.000000
1516099323.303380, 19, 2385172.500000
1516099323.403516, 17, 2352559.250000
1516099323.504098, 20, 2359543.250000
1516099323.605742, 19, 2353717.000000
1516099323.705984, 20, 2360585.250000
1516099323.806544, 20, 2366766.750000
1516099323.906906, 19, 2360218.000000
1516099324.007373, 20, 2366436.250000
1516099324.107830, 17, 2335696.500000
1516099324.208005, 20, 2344366.750000
1516099324.308095, 20, 2352170.000000
1516099324.408233, 19, 2347081.000000
1516099324.508313, 20, 2354613.000000
1516099324.608445, 19, 2349279.750000
1516099324.708574, 20, 2356591.750000
1516099324.808682, 19, 2351060.500000
1516099324.908810, 20, 2358194.500000
1516099325.008913, 19, 2352503.000000
1516099325.109028, 20, 2359492.750000
1516099325.209345, 19, 2353671.500000
1516099325.309472, 20, 2360544.250000
1516099325.409571, 20, 2366729.750000
1516099325.509667, 19, 2360184.750000
1516099325.609761, 20, 2366406.250000
1516099325.709860, 19, 2359893.500000
1516099325.810293, 20, 2366144.250000
1516099325.910499, 19, 2359657.750000
1516099326.010594, 20, 2365932.000000
1516099326.110718, 18, 2347354.750000
1516099326.210872, 20, 2354859.250000
1516099326.310951, 19, 2349501.250000
1516099326.411075, 20, 2356791.000000
1516099326.511271, 19, 2351240.000000
1516099326.611370, 20, 2358356.000000
1516099326.711550, 19, 2352648.500000
1516099326.811747, 20, 2359623.750000
1516099326.912122, 20, 2365901.500000
1516099327.012219, 19, 2359439.250000
1516099327.112313, 20, 2365735.250000
1516099327.212414, 19, 2359289.750000
1516099327.312530, 20, 2365600.750000
1516099327.412985, 19, 2359168.750000
1516099327.513337, 19, 2353380.000000
1516099327.613450, 20, 2360282.000000
1516099327.713540, 19, 2354381.750000
1516099327.814265, 19, 2349071.500000
1516099327.914469, 20, 2356404.250000
1516099328.014568, 17, 2326667.750000
1516099328.115035, 20, 2336241.000000
1516099328.215484, 20, 2344857.000000
1516099328.315798, 19, 2340499.250000
1516099328.415906, 20, 2348689.250000
1516099328.516279, 19, 2343948.250000
1516099328.616811, 18, 2327569.500000
1516099328.717064, 20, 2337052.500000
1516099328.817516, 19, 2333475.250000
1516099328.917662, 20, 2342367.750000
1516099329.017851, 19, 2338259.000000
1516099329.118214, 19, 2334561.000000
1516099329.218643, 20, 2343345.000000
1516099329.319025, 19, 2339138.500000
1516099329.419392, 20, 2347464.750000
1516099329.519811, 18, 2330734.250000
1516099329.620293, 18, 2315676.750000
1516099329.720490, 20, 2326349.000000
1516099329.820587, 19, 2323842.000000
1516099329.920681, 18, 2309473.750000
1516099330.020903, 20, 2320766.500000
1516099330.121347, 19, 2318817.750000
1516099330.221428, 20, 2329176.000000
1516099330.321916, 19, 2326386.500000
1516099330.422097, 19, 2323875.750000
1516099330.522643, 20, 2333728.250000
1516099330.623126, 19, 2330483.500000
1516099330.723463, 20, 2339675.250000
1516099330.823964, 18, 2323723.750000
1516099330.924277, 19, 2321479.500000
1516099331.024755, 20, 2331571.500000
1516099331.125446, 18, 2316430.250000
1516099331.226000, 20, 2327027.250000
1516099331.326349, 19, 2324452.500000
1516099331.426798, 19, 2322135.250000
1516099331.527135, 19, 2320049.750000
1516099331.627650, 19, 2318172.750000
1516099331.728311, 19, 2316483.500000
1516099331.829005, 19, 2314963.250000
1516099331.929558, 20, 2325707.000000
1516099332.030833, 19, 2323264.250000
1516099332.131426, 19, 2321065.750000
1516099332.232006, 19, 2319087.250000
1516099332.332161, 19, 2317306.500000
1516099332.432302, 20, 2327815.750000
1516099332.532401, 18, 2313050.250000
1516099332.632484, 19, 2311873.250000
1516099332.732584, 20, 2322926.000000
1516099332.832926, 18, 2308649.500000
1516099332.933432, 19, 2307912.500000
1516099333.033976, 19, 2307249.250000
1516099333.134430, 20, 2318764.250000
1516099333.234814, 18, 2304903.750000
1516099333.335146, 19, 2304541.500000
1516099333.435572, 20, 2316327.250000
1516099333.536011, 19, 2314822.500000
1516099333.636288, 19, 2313468.250000
1516099333.736548, 20, 2324361.500000
1516099333.836881, 19, 2322053.250000
1516099333.936993, 18, 2307864.000000
1516099334.037348, 19, 2307205.500000
1516099334.137789, 20, 2318725.000000
1516099334.238059, 19, 2316980.500000
1516099334.338514, 19, 2315410.500000
1516099334.438882, 19, 2313997.500000
1516099334.539321, 20, 2324837.750000
1516099334.639780, 19, 2322482.000000
1516099334.740211, 18, 2308249.750000
1516099334.840487, 19, 2307552.750000
1516099334.940799, 19, 2306925.500000
1516099335.041197, 20, 2318473.000000
1516099335.141625, 19, 2316753.750000
1516099335.242055, 19, 2315206.500000
1516099335.342528, 18, 2301701.750000
1516099335.443128, 20, 2313771.500000
1516099335.543621, 19, 2312522.250000
1516099335.644146, 19, 2311398.000000
1516099335.744333, 19, 2310386.250000
1516099335.844652, 19, 2309475.500000
1516099335.944848, 19, 2308656.000000
1516099336.045216, 20, 2320030.500000
1516099336.145403, 19, 2318155.500000
1516099336.245816, 19, 2316468.000000
1516099336.346023, 19, 2314949.250000
1516099336.446445, 19, 2313582.250000
1516099336.546570, 19, 2312352.000000
1516099336.646969, 20, 2323356.750000
1516099336.747269, 19, 2321149.000000
1516099336.847718, 19, 2319162.000000
1516099336.947883, 19, 2317373.750000
1516099337.048373, 19, 2315764.500000
1516099337.148497, 19, 2314316.000000
1516099337.248581, 20, 2325124.500000
1516099337.348772, 19, 2322740.000000
1516099337.448876, 18, 2308482.000000
1516099337.549059, 19, 2307761.750000
1516099337.649679, 18, 2295001.500000
1516099337.749867, 20, 2307741.250000
1516099337.850281, 19, 2307095.000000
1516099337.950702, 19, 2306513.500000
1516099338.051040, 19, 2305990.250000
1516099338.151303, 20, 2317631.250000
1516099338.251699, 19, 2315996.000000
1516099338.352156, 18, 2302412.500000
1516099338.452578, 19, 2302299.250000
1516099338.552961, 19, 2302197.250000
1516099338.653393, 19, 2302105.500000
1516099338.753657, 19, 2302023.000000
1516099338.854113, 19, 2301948.750000
1516099338.954628, 19, 2301882.000000
1516099339.054888, 20, 2313933.750000
1516099339.155012, 19, 2312668.500000
1516099339.255433, 19, 2311529.750000
1516099339.355764, 19, 2310504.750000
1516099339.456032, 19, 2309582.250000
1516099339.556236, 19, 2308752.000000
1516099339.656766, 19, 2308004.750000
1516099339.756984, 18, 2295220.250000
1516099339.857459, 20, 2307938.250000
1516099339.957581, 19, 2307272.500000
1516099340.058083, 19, 2306673.250000
1516099340.158190, 20, 2318246.000000
1516099340.258567, 19, 2316549.500000
1516099340.358917, 19, 2315022.500000
1516099340.459292, 19, 2313648.250000
1516099340.559396, 19, 2312411.500000
1516099340.659590, 19, 2311298.250000
1516099340.759868, 19, 2310296.500000
1516099340.859951, 19, 2309394.750000
1516099340.960049, 19, 2308583.250000
1516099341.060158, 19, 2307853.000000
1516099341.160519, 19, 2307195.750000
1516099341.260648, 19, 2306604.250000
1516099341.360988, 19, 2306071.750000
1516099341.461329, 19, 2305592.500000
1516099341.561579, 19, 2305161.250000
1516099341.661743, 19, 2304773.000000
1516099341.761949, 19, 2304423.750000
1516099341.862035, 19, 2304109.500000
1516099341.962115, 19, 2303826.500000
1516099342.062279, 19, 2303571.750000
1516099342.162622, 19, 2303342.500000
1516099342.263026, 19, 2303136.250000
1516099342.363363, 19, 2302950.500000
1516099342.463844, 19, 2302783.500000
1516099342.564055, 19, 2302633.250000
1516099342.664270, 20, 2314610.000000
1516099342.764358, 19, 2313277.000000
1516099342.864439, 19, 2312077.250000
1516099342.964616, 19, 2310997.500000
1516099343.064706, 19, 2310025.750000
1516099343.165054, 19, 2309151.250000
1516099343.265185, 19, 2308364.000000
1516099343.365409, 19, 2307655.500000
1516099343.465591, 19, 2307018.000000
1516099343.565668, 19, 2306444.250000
1516099343.665749, 20, 2318039.750000
1516099343.765847, 19, 2316363.750000
1516099343.865928, 19, 2314855.500000
1516099343.966101, 19, 2313498.000000
1516099344.066488, 19, 2312276.250000
1516099344.166929, 19, 2311176.500000
1516099344.267048, 19, 2310186.750000
1516099344.367141, 19, 2309296.000000
1516099344.467264, 19, 2308494.500000
1516099344.567365, 19, 2307773.000000
1516099344.667535, 19, 2307123.750000
1516099344.767803, 19, 2306539.500000
1516099344.867896, 20, 2318125.500000
1516099344.967995, 19, 2316441.000000
1516099345.068077, 19, 2314925.000000
1516099345.168185, 19, 2313560.500000
1516099345.268286, 19, 2312332.500000
1516099345.368380, 19, 2311227.250000
1516099345.468468, 20, 2322344.500000
1516099345.568707, 19, 2320238.000000
1516099345.669075, 19, 2318342.250000
1516099345.771026, 18, 2304524.000000
1516099345.871483, 21, 2328423.500000
1516099345.971627, 19, 2325709.250000
1516099346.071789, 19, 2323266.250000
1516099346.172096, 19, 2321067.500000
1516099346.272213, 19, 2319088.750000
1516099346.372340, 20, 2329420.000000
1516099346.472440, 19, 2326606.000000
1516099346.572697, 19, 2324073.500000
1516099346.673034, 19, 2321794.250000
1516099346.773426, 20, 2331854.750000
1516099346.873541, 19, 2328797.250000
1516099346.973732, 18, 2313933.500000
1516099347.073925, 19, 2312668.250000
1516099347.174079, 19, 2311529.500000
1516099347.274243, 18, 2298392.500000
1516099347.374438, 19, 2298681.250000
1516099347.474532, 19, 2298941.000000
1516099347.574673, 19, 2299175.000000
1516099347.674850, 19, 2299385.500000
1516099347.775018, 19, 2299575.000000
1516099347.875141, 19, 2299745.500000
1516099347.975269, 19, 2299899.000000
1516099348.075418, 19, 2300037.000000
1516099348.175784, 19, 2300161.250000
1516099348.275940, 19, 2300273.000000
1516099348.376052, 19, 2300373.750000
1516099348.476144, 19, 2300464.500000
1516099348.576275, 19, 2300546.000000
1516099348.676377, 19, 2300619.500000
1516099348.776476, 19, 2300685.500000
1516099348.876659, 20, 2312857.000000
1516099348.976809, 19, 2311699.250000
1516099349.076897, 19, 2310657.250000
1516099349.177043, 19, 2309719.500000
1516099349.277149, 19, 2308875.500000
1516099349.377284, 19, 2308116.000000
1516099349.477438, 19, 2307432.500000
1516099349.577528, 19, 2306817.250000
1516099349.677951, 19, 2306263.500000
1516099349.778081, 19, 2305765.250000
1516099349.878644, 19, 2305316.750000
1516099349.978803, 19, 2304913.000000
1516099350.078922, 19, 2304549.750000
1516099350.179044, 19, 2304222.750000
1516099350.279174, 19, 2303928.500000
1516099350.379389, 19, 2303663.750000
1516099350.479755, 20, 2315537.500000
1516099350.579884, 18, 2301999.750000
1516099350.680007, 19, 2301927.750000
1516099350.780162, 19, 2301863.000000
1516099350.880304, 18, 2289692.750000
1516099350.980644, 19, 2290851.500000
1516099351.080863, 20, 2304006.250000
1516099351.180953, 19, 2303733.500000
1516099351.281205, 19, 2303488.250000
1516099351.381513, 19, 2303267.500000
1516099351.481629, 19, 2303068.750000
1516099351.581709, 20, 2315002.000000
1516099351.682245, 19, 2313629.750000
1516099351.782483, 19, 2312394.750000
1516099351.882601, 19, 2311283.250000
1516099351.982683, 19, 2310283.000000
1516099352.082840, 19, 2309382.750000
1516099352.183356, 19, 2308572.500000
1516099352.283583, 20, 2319955.250000
1516099352.383678, 19, 2318087.750000
1516099352.483902, 19, 2316407.000000
1516099352.584011, 19, 2314894.250000
1516099352.684109, 19, 2313532.750000
1516099352.784258, 20, 2324419.500000
1516099352.884353, 19, 2322105.500000
1516099352.984462, 19, 2320023.000000
1516099353.084898, 19, 2318148.750000
1516099353.185005, 19, 2316462.000000
1516099353.286016, 19, 2314943.750000
1516099353.386292, 20, 2325689.500000
1516099353.486756, 19, 2323248.500000
1516099353.586900, 19, 2321051.750000
1516099353.687351, 20, 2331186.500000
1516099353.787807, 19, 2328195.750000
1516099353.888366, 19, 2325504.250000
1516099353.988940, 19, 2323081.750000
1516099354.089469, 20, 2333013.500000
1516099354.189681, 19, 2329840.250000
1516099354.289907, 19, 2326984.250000
1516099354.391459, 19, 2324413.750000
1516099354.491678, 20, 2334212.500000
1516099354.592028, 19, 2330919.250000
1516099354.692223, 19, 2327955.250000
1516099354.792462, 19, 2325287.750000
1516099354.893037, 20, 2334999.000000
1516099354.993482, 19, 2331627.000000
1516099355.093903, 18, 2316480.250000
1516099355.194695, 19, 2314960.250000
1516099355.294910, 20, 2325704.250000
1516099355.395223, 19, 2323261.750000
1516099355.495729, 19, 2321063.500000
1516099355.595891, 19, 2319085.250000
1516099355.696003, 20, 2329416.750000
1516099355.796140, 18, 2314491.000000
1516099355.896271, 19, 2313170.000000
1516099355.996511, 20, 2324093.000000
1516099356.096740, 19, 2321811.750000
1516099356.197155, 19, 2319758.500000
1516099356.297331, 19, 2317910.750000
1516099356.397706, 20, 2328359.750000
1516099356.497864, 19, 2325651.750000
1516099356.598328, 19, 2323214.500000
1516099356.698642, 19, 2321021.000000
1516099356.798757, 20, 2331159.000000
1516099356.898867, 19, 2328171.000000
1516099356.998957, 19, 2325482.000000
1516099357.099333, 20, 2335173.750000
1516099357.199523, 19, 2331784.500000
1516099357.299694, 19, 2328734.000000
1516099357.399974, 19, 2325988.500000
1516099357.500160, 20, 2335629.750000
1516099357.600349, 19, 2332194.750000
1516099357.700561, 19, 2329103.250000
1516099357.801141, 20, 2338433.000000
1516099357.901393, 18, 2322605.750000
1516099358.001567, 20, 2332585.250000
1516099358.101911, 20, 2341566.750000
1516099358.202188, 19, 2337538.000000
1516099358.302414, 19, 2333912.250000
1516099358.402755, 19, 2330649.000000
1516099358.503060, 20, 2339824.000000
1516099358.603296, 19, 2335969.500000
1516099358.703507, 18, 2320388.500000
1516099358.803880, 20, 2330589.750000
1516099358.904080, 19, 2327658.750000
1516099359.004266, 19, 2325021.000000
1516099359.104423, 20, 2334759.000000
1516099359.204637, 19, 2331411.000000
1516099359.304866, 19, 2328398.000000
1516099359.405039, 20, 2337798.250000
1516099359.505173, 19, 2334146.500000
1516099359.605343, 19, 2330859.750000
1516099359.705627, 20, 2340013.750000
1516099359.805887, 19, 2336140.500000
1516099359.906042, 20, 2344766.500000
1516099360.006229, 19, 2340417.750000
1516099360.106485, 19, 2336504.000000
1516099360.206566, 20, 2345093.500000
1516099360.306756, 19, 2340712.250000
1516099360.407154, 18, 2324657.000000
1516099360.507363, 20, 2334431.250000
1516099360.607500, 19, 2331116.000000
1516099360.707648, 19, 2328132.500000
1516099360.807808, 19, 2325447.250000
1516099360.908053, 19, 2323030.500000
1516099361.008318, 18, 2308743.500000
1516099361.108686, 20, 2320109.250000
1516099361.208977, 20, 2330338.250000
1516099361.309085, 19, 2327432.500000
1516099361.409268, 18, 2312705.250000
1516099361.509384, 20, 2323674.750000
1516099361.609553, 19, 2321435.250000
1516099361.709686, 19, 2319419.750000
1516099361.810155, 20, 2329717.750000
1516099361.911360, 19, 2326874.000000
1516099362.012206, 19, 2324314.500000
1516099362.112719, 19, 2322011.000000
1516099362.212856, 20, 2332050.000000
1516099362.313268, 18, 2316861.000000
1516099362.413711, 20, 2327415.000000
1516099362.513945, 19, 2324801.500000
1516099362.614255, 19, 2322449.250000
1516099362.714338, 20, 2332444.250000
1516099362.814536, 19, 2329327.750000
1516099362.914724, 19, 2326523.000000
1516099363.014962, 19, 2323998.750000
1516099363.115124, 20, 2333839.000000
1516099363.215296, 19, 2330583.000000
1516099363.315732, 19, 2327652.750000
1516099363.416128, 19, 2325015.500000
1516099363.516339, 20, 2334754.000000
1516099363.616516, 19, 2331406.500000
1516099363.716763, 19, 2328393.750000
1516099363.816951, 20, 2337794.500000
1516099363.917129, 19, 2334143.000000
1516099364.017292, 19, 2330856.750000
1516099364.117458, 20, 2340011.000000
1516099364.217597, 19, 2336138.000000
1516099364.317819, 19, 2332652.250000
1516099364.418013, 19, 2329515.000000
1516099364.518197, 20, 2338803.500000
1516099364.618352, 19, 2335051.250000
1516099364.718668, 20, 2343786.000000
1516099364.818823, 19, 2339535.500000
1516099364.919019, 19, 2335710.000000
1516099365.019295, 19, 2332267.000000
1516099365.119487, 20, 2341280.250000
1516099365.221286, 19, 2337280.250000
1516099365.321444, 20, 2345792.250000
1516099365.421719, 19, 2341341.000000
1516099365.521861, 20, 2349447.000000
1516099365.622067, 19, 2344630.250000
1516099365.722234, 19, 2340295.250000
1516099365.822353, 19, 2336393.750000
1516099365.922539, 20, 2344994.500000
1516099366.022687, 20, 2352735.000000
1516099366.122783, 19, 2347589.500000
1516099366.222912, 19, 2342958.500000
1516099366.323024, 20, 2350902.750000
1516099366.423300, 18, 2333828.500000
1516099366.523487, 19, 2330573.750000
1516099366.623669, 19, 2327644.500000
1516099366.723948, 20, 2337120.000000
1516099366.824129, 19, 2333536.000000
1516099366.924307, 20, 2342422.500000
1516099367.024520, 19, 2338308.250000
1516099367.124725, 19, 2334605.500000
1516099367.224913, 19, 2331273.000000
1516099367.325103, 20, 2340385.750000
1516099367.425323, 19, 2336475.250000
1516099367.525560, 19, 2332955.750000
1516099367.625741, 20, 2341900.250000
1516099367.725924, 19, 2337838.250000
1516099367.826127, 19, 2334182.500000
1516099367.926329, 20, 2343004.250000
1516099368.026511, 19, 2338831.750000
1516099368.126889, 19, 2335076.500000
1516099368.227050, 20, 2343808.750000
1516099368.327447, 19, 2339556.000000
1516099368.427887, 19, 2335728.500000
1516099368.528934, 20, 2344395.750000
1516099368.629489, 19, 2340084.250000
1516099368.729881, 17, 2311979.750000
1516099368.830431, 19, 2310909.750000
1516099368.930579, 20, 2322058.750000
1516099369.030901, 19, 2319981.000000
1516099369.131084, 19, 2318111.000000
1516099369.231241, 20, 2328540.000000
1516099369.331419, 19, 2325814.000000
1516099369.431536, 19, 2323360.500000
1516099369.531702, 19, 2321152.500000
1516099369.632084, 20, 2331277.250000
1516099369.732470, 19, 2328277.500000
1516099369.832894, 19, 2325577.750000
1516099369.933349, 18, 2311036.000000
1516099370.033541, 19, 2310060.500000
1516099370.133647, 20, 2321294.500000
1516099370.233999, 19, 2319293.000000
1516099370.334436, 19, 2317491.750000
1516099370.435308, 19, 2315870.500000
1516099370.535634, 18, 2302299.500000
1516099370.636046, 19, 2302197.500000
1516099370.736418, 19, 2302105.750000
1516099370.836587, 19, 2302023.250000
1516099370.936828, 18, 2289837.000000
1516099371.036993, 20, 2303093.250000
1516099371.137164, 19, 2302912.000000
1516099371.237344, 19, 2302748.750000
1516099371.337543, 19, 2302602.000000
1516099371.437721, 19, 2302469.750000
1516099371.537903, 19, 2302350.750000
1516099371.638101, 19, 2302243.750000
1516099371.738355, 19, 2302147.500000
1516099371.838536, 20, 2314172.750000
1516099371.938782, 19, 2312883.500000
1516099372.038962, 19, 2311723.250000
1516099372.139171, 19, 2310679.000000
1516099372.239429, 19, 2309739.000000
1516099372.339735, 19, 2308893.000000
1516099372.440210, 20, 2320243.750000
1516099372.540400, 19, 2318347.500000
1516099372.640613, 19, 2316640.750000
1516099372.740785, 19, 2315104.750000
1516099372.840966, 19, 2313722.250000
1516099372.941161, 19, 2312478.000000
1516099373.041307, 20, 2323470.250000
1516099373.141512, 19, 2321251.250000
1516099373.241936, 19, 2319254.000000
1516099373.342112, 19, 2317456.500000
1516099373.442277, 19, 2315838.750000
1516099373.542682, 20, 2326495.000000
1516099373.643072, 19, 2323973.500000
1516099373.743497, 19, 2321704.250000
1516099373.843919, 19, 2319661.750000
1516099373.944111, 19, 2317823.500000
1516099374.047122, 20, 2328281.250000
1516099374.147226, 19, 2325581.000000
1516099374.247317, 19, 2323151.000000
1516099374.347868, 20, 2333076.000000
1516099374.448233, 19, 2329896.500000
1516099374.548585, 19, 2327034.750000
1516099374.648926, 19, 2324459.250000
1516099374.749098, 19, 2322141.250000
1516099374.849460, 20, 2332167.000000
1516099374.949894, 19, 2329078.250000
1516099375.050243, 19, 2326298.500000
1516099375.150519, 18, 2311684.750000
1516099375.250954, 19, 2310644.250000
1516099375.351866, 20, 2321819.750000
1516099375.452395, 19, 2319765.750000
1516099375.552686, 19, 2317917.250000
1516099375.653162, 19, 2316253.500000
1516099375.753391, 19, 2314756.250000
1516099375.853750, 20, 2325520.500000
1516099375.954109, 19, 2323096.500000
1516099376.054605, 19, 2320914.750000
1516099376.154834, 19, 2318951.250000
1516099376.255087, 19, 2317184.000000
1516099376.355242, 19, 2315593.500000
1516099376.455400, 19, 2314162.250000
1516099376.555592, 19, 2312874.000000
1516099376.655906, 20, 2323826.500000
1516099376.756096, 19, 2321571.750000
1516099376.856506, 19, 2319542.500000
1516099376.956717, 19, 2317716.250000
1516099377.057294, 19, 2316072.500000
1516099377.157474, 19, 2314593.250000
1516099377.257823, 19, 2313262.000000
1516099377.357907, 20, 2324175.750000
1516099377.458285, 19, 2321886.250000
1516099377.558469, 19, 2319825.500000
1516099377.658684, 19, 2317971.000000
1516099377.758844, 19, 2316302.000000
1516099377.859206, 19, 2314799.750000
1516099377.959352, 19, 2313447.750000
1516099378.059720, 20, 2324343.000000
1516099378.159874, 19, 2322036.750000
1516099378.260246, 19, 2319961.000000
1516099378.360686, 19, 2318093.000000
1516099378.461149, 19, 2316411.750000
1516099378.561706, 20, 2327010.500000
1516099378.662168, 19, 2324437.500000
1516099378.762479, 19, 2322121.750000
1516099378.862674, 19, 2320037.500000
1516099378.963022, 20, 2330273.750000
1516099379.063433, 18, 2315262.500000
1516099379.163625, 20, 2325976.250000
1516099379.264021, 19, 2323506.500000
1516099379.364248, 17, 2297059.750000
1516099379.464729, 19, 2297481.750000
1516099379.565177, 19, 2297861.500000
1516099379.665519, 20, 2310315.250000
1516099379.765894, 17, 2285187.750000
1516099379.866119, 19, 2286797.000000
1516099379.966290, 19, 2288245.250000
1516099380.066480, 19, 2289548.750000
1516099380.166615, 18, 2278610.000000
1516099380.267113, 19, 2280877.000000
1516099380.367229, 19, 2282917.250000
1516099380.468190, 17, 2260529.500000
1516099380.568464, 20, 2276716.500000
1516099380.668953, 18, 2267060.750000
1516099380.770029, 19, 2270482.750000
1516099380.870601, 19, 2273562.500000
1516099380.970978, 19, 2276334.250000
1516099381.071370, 19, 2278828.750000
1516099381.171499, 18, 2268962.000000
1516099381.271769, 19, 2272193.750000
1516099381.372018, 19, 2275102.500000
1516099381.472428, 19, 2277720.250000
1516099381.572909, 19, 2280076.250000
1516099381.673313, 19, 2282196.500000
1516099381.773691, 18, 2271992.750000
1516099381.874055, 19, 2274921.500000
1516099381.974449, 17, 2253333.250000
1516099382.074953, 19, 2258128.000000
1516099382.175315, 18, 2250331.250000
1516099382.275687, 19, 2255426.000000
1516099382.376128, 19, 2260011.500000
1516099382.476514, 19, 2264138.250000
1516099382.576863, 19, 2267852.500000
1516099382.677223, 20, 2283307.250000
1516099382.777340, 23, 2333552.500000
1516099382.877739, 27, 2427221.250000
1516099382.977927, 29, 2535747.000000
1516099383.078339, 36, 2718204.250000
1516099383.178770, 27, 2773407.750000
1516099383.278961, 32, 2883651.000000
1516099383.379035, 32, 2982870.000000
1516099383.479370, 31, 3060055.000000
1516099383.579777, 34, 3165857.500000
