1516082026.601792, 1, 12112.000000
1516082026.701906, 0, 10900.799805
1516082026.802002, 0, 9810.719727
1516082026.902132, 5, 69389.648438
1516082027.002352, 15, 244130.687500
1516082027.102571, 12, 365061.625000
1516082027.202843, 6, 401227.468750
1516082027.303035, 4, 409552.718750
1516082027.403297, 6, 441269.437500
1516082027.503528, 6, 469814.500000
1516082027.603714, 7, 507617.062500
1516082027.703901, 7, 541639.375000
1516082027.804016, 8, 584371.437500
1516082027.904134, 8, 622830.312500
1516082028.004292, 9, 669555.250000
1516082028.104570, 9, 711607.750000
1516082028.204703, 10, 761567.000000
1516082028.304825, 11, 818642.312500
1516082028.404996, 11, 870010.062500
1516082028.505210, 12, 928353.062500
1516082028.605375, 12, 980861.750000
1516082028.705501, 13, 1040231.562500
1516082028.805740, 14, 1105776.375000
1516082028.906122, 14, 1164766.750000
1516082029.006215, 15, 1229970.125000
1516082029.106528, 16, 1300765.125000
1516082029.206731, 16, 1364480.625000
1516082029.306814, 17, 1433936.500000
1516082029.407133, 17, 1496446.875000
1516082029.507413, 17, 1552706.250000
1516082029.607504, 17, 1603339.625000
1516082029.707625, 18, 1661021.625000
1516082029.807774, 16, 1688711.500000
1516082029.907934, 16, 1713632.375000
1516082030.008062, 17, 1748173.125000
1516082030.108133, 18, 1791371.750000
1516082030.208232, 18, 1830250.625000
1516082030.308322, 18, 1865241.500000
1516082030.408400, 18, 1896733.375000
1516082030.508538, 19, 1937188.000000
1516082030.608670, 18, 1961485.250000
1516082030.708790, 19, 1995464.750000
1516082030.808932, 19, 2026046.250000
1516082030.909029, 19, 2053569.625000
1516082031.009095, 19, 2078340.625000
1516082031.109180, 19, 2100634.500000
1516082031.209283, 19, 2120699.000000
1516082031.309359, 19, 2138757.000000
1516082031.409425, 20, 2167121.250000
1516082031.509545, 18, 2168425.000000
1516082031.609621, 19, 2181710.500000
1516082031.709690, 20, 2205779.500000
1516082031.809758, 19, 2215329.500000
1516082031.909881, 20, 2236036.500000
1516082032.010019, 20, 2254672.750000
1516082032.110098, 19, 2259333.500000
1516082032.210187, 20, 2275640.250000
1516082032.310674, 17, 2253980.250000
1516082032.410995, 19, 2258710.250000
1516082032.511469, 18, 2250855.250000
1516082032.611589, 19, 2255897.750000
1516082032.711674, 20, 2272548.000000
1516082032.811763, 20, 2287533.250000
1516082032.911946, 20, 2301020.000000
1516082033.012021, 20, 2313158.000000
1516082033.112098, 20, 2324082.250000
1516082033.212324, 20, 2333914.000000
1516082033.312505, 21, 2354874.500000
1516082033.412853, 19, 2349515.000000
1516082033.512972, 19, 2344691.500000
1516082033.613049, 19, 2340350.250000
1516082033.713129, 20, 2348555.250000
1516082033.813342, 21, 2368051.750000
1516082033.913416, 20, 2373486.500000
1516082034.013526, 20, 2378377.750000
1516082034.113606, 20, 2382780.000000
1516082034.213733, 21, 2398854.000000
1516082034.313808, 20, 2401208.500000
1516082034.414206, 20, 2403327.750000
1516082034.514345, 21, 2417347.000000
1516082034.614450, 20, 2417852.250000
1516082034.714564, 20, 2418307.000000
1516082034.814733, 21, 2430828.250000
1516082034.914873, 20, 2429985.500000
1516082035.015024, 21, 2441339.000000
1516082035.115272, 20, 2439445.000000
1516082035.215447, 19, 2425628.500000
1516082035.315683, 19, 2413193.750000
1516082035.415937, 20, 2414114.500000
1516082035.516104, 20, 2414943.000000
1516082035.616439, 20, 2415688.750000
1516082035.716575, 21, 2428472.000000
1516082035.816753, 21, 2439976.750000
1516082035.916842, 20, 2438219.000000
1516082036.016927, 21, 2448749.000000
1516082036.117078, 20, 2446114.000000
1516082036.217237, 18, 2419518.500000
1516082036.317421, 19, 2407694.750000
1516082036.417581, 19, 2397053.250000
1516082036.517854, 20, 2399588.000000
1516082036.618029, 21, 2413981.250000
1516082036.718258, 20, 2414823.000000
1516082036.818445, 21, 2427692.750000
1516082036.918681, 21, 2439275.500000
1516082037.019024, 21, 2449700.000000
1516082037.119200, 20, 2446970.000000
1516082037.219356, 20, 2444513.000000
1516082037.319519, 19, 2430189.750000
1516082037.419817, 21, 2441522.750000
1516082037.519983, 20, 2439610.500000
1516082037.620075, 20, 2437889.500000
1516082037.720573, 21, 2448452.500000
1516082037.820917, 21, 2457959.250000
1516082037.921128, 20, 2454403.250000
1516082038.021224, 21, 2463315.000000
1516082038.121583, 19, 2447111.500000
1516082038.221740, 20, 2444640.250000
1516082038.322085, 19, 2430304.250000
1516082038.422195, 21, 2441625.750000
1516082038.522282, 20, 2439703.250000
1516082038.622380, 21, 2450085.000000
1516082038.722475, 21, 2459428.500000
1516082038.822878, 20, 2455725.750000
1516082038.923080, 21, 2464505.250000
1516082039.023160, 19, 2448182.750000
1516082039.123280, 20, 2445604.500000
1516082039.223451, 21, 2455396.000000
1516082039.323622, 20, 2452096.500000
1516082039.423815, 21, 2461238.750000
1516082039.523973, 21, 2469467.000000
1516082039.624152, 20, 2464760.250000
1516082039.724326, 22, 2484748.250000
1516082039.824486, 19, 2466401.500000
1516082039.924634, 20, 2462001.250000
1516082040.024837, 20, 2458041.000000
1516082040.125017, 20, 2454477.000000
1516082040.225174, 21, 2463381.250000
1516082040.325345, 21, 2471395.000000
1516082040.425566, 21, 2478607.500000
1516082040.525695, 20, 2472986.750000
1516082040.625908, 21, 2480040.000000
1516082040.726088, 20, 2474276.000000
1516082040.826297, 17, 2432752.500000
1516082040.926495, 19, 2419605.250000
1516082041.026633, 20, 2419884.750000
1516082041.126807, 19, 2408024.250000
1516082041.226988, 20, 2409461.750000
1516082041.327230, 21, 2422867.500000
1516082041.427387, 21, 2434932.750000
1516082041.527560, 20, 2433679.500000
1516082041.627712, 21, 2444663.500000
1516082041.727861, 20, 2442437.250000
1516082041.828050, 20, 2440433.500000
1516082041.928218, 20, 2438630.250000
1516082042.028649, 20, 2437007.250000
1516082042.128899, 21, 2447658.500000
1516082042.229040, 21, 2457244.750000
1516082042.329180, 20, 2453760.250000
1516082042.429391, 21, 2462736.250000
1516082042.529574, 20, 2458702.500000
1516082042.629727, 21, 2467184.250000
1516082042.729900, 19, 2450593.750000
1516082042.829977, 20, 2447774.500000
1516082042.930063, 20, 2445237.000000
1516082043.030149, 21, 2455065.250000
1516082043.130460, 21, 2463910.750000
1516082043.230626, 21, 2471871.750000
1516082043.331045, 20, 2466924.500000
1516082043.431266, 21, 2474584.000000
1516082043.531381, 20, 2469365.500000
1516082043.631848, 20, 2464669.000000
1516082043.732389, 20, 2460442.000000
1516082043.832770, 21, 2468749.750000
1516082043.932972, 21, 2476226.750000
1516082044.033135, 20, 2470844.000000
1516082044.133531, 21, 2478111.500000
1516082044.233855, 21, 2484652.250000
1516082044.334206, 21, 2490539.000000
1516082044.434448, 19, 2471613.000000
1516082044.534603, 20, 2466691.750000
1516082044.634809, 20, 2462262.500000
1516082044.735173, 21, 2470388.250000
1516082044.835634, 20, 2465589.500000
1516082044.935991, 21, 2473382.500000
1516082045.036179, 21, 2480396.250000
1516082045.136585, 20, 2474596.500000
1516082045.236951, 20, 2469376.750000
1516082045.337542, 22, 2488903.000000
1516082045.438018, 20, 2482252.750000
1516082045.538344, 20, 2476267.500000
1516082045.638477, 21, 2482992.750000
1516082045.738848, 21, 2489045.500000
1516082045.838979, 21, 2494493.000000
1516082045.939448, 20, 2487283.750000
1516082046.039570, 21, 2492907.500000
1516082046.139877, 19, 2473744.750000
1516082046.240023, 19, 2456498.250000
1516082046.340579, 20, 2453088.500000
1516082046.440761, 21, 2462131.750000
1516082046.540857, 20, 2458158.500000
1516082046.640956, 20, 2454582.750000
1516082046.741393, 21, 2463476.500000
1516082046.841591, 21, 2471480.750000
1516082046.941681, 20, 2466572.750000
1516082047.041817, 19, 2450043.500000
1516082047.141953, 19, 2435167.250000
1516082047.242060, 20, 2433890.500000
1516082047.342150, 21, 2444853.500000
1516082047.442317, 20, 2442608.250000
1516082047.542506, 21, 2452699.500000
1516082047.642644, 21, 2461781.500000
1516082047.743067, 21, 2469955.250000
1516082047.843502, 20, 2465199.750000
1516082047.943983, 21, 2473031.750000
1516082048.044180, 19, 2455856.500000
1516082048.144623, 20, 2452510.750000
1516082048.244981, 20, 2449499.750000
1516082048.345376, 20, 2446789.750000
1516082048.445572, 21, 2456462.750000
1516082048.545712, 21, 2465168.500000
1516082048.645906, 20, 2460891.750000
1516082048.746433, 21, 2469154.500000
1516082048.846773, 21, 2476591.000000
1516082048.947000, 20, 2471172.000000
1516082049.047173, 20, 2466294.750000
1516082049.147532, 20, 2461905.250000
1516082049.247702, 21, 2470066.750000
1516082049.348216, 20, 2465300.000000
1516082049.448607, 21, 2473122.000000
1516082049.548983, 21, 2480161.750000
1516082049.649333, 20, 2474385.500000
1516082049.749736, 22, 2493411.000000
1516082049.849928, 17, 2449974.000000
1516082049.950505, 20, 2447216.500000
1516082050.050873, 20, 2444734.750000
1516082050.151261, 20, 2442501.250000
1516082050.251471, 21, 2452603.000000
1516082050.351636, 21, 2461694.750000
1516082050.451789, 20, 2457765.250000
1516082050.551962, 21, 2466340.750000
1516082050.652287, 21, 2474058.750000
1516082050.752605, 20, 2468893.000000
1516082050.852888, 19, 2452131.750000
1516082050.953052, 20, 2449158.500000
1516082051.053188, 20, 2446482.750000
1516082051.153582, 20, 2444074.500000
1516082051.253708, 21, 2454019.000000
1516082051.354159, 21, 2462969.000000
1516082051.454324, 21, 2471024.000000
1516082051.554522, 20, 2466161.500000
1516082051.654626, 21, 2473897.250000
1516082051.754824, 21, 2480859.500000
1516082051.855086, 20, 2475013.500000
1516082051.955338, 20, 2469752.250000
1516082052.055536, 21, 2477129.000000
1516082052.155988, 21, 2483768.000000
1516082052.256244, 20, 2477631.250000
1516082052.356416, 21, 2484220.000000
1516082052.456911, 21, 2490150.000000
1516082052.557261, 19, 2471263.000000
1516082052.657435, 22, 2490600.750000
1516082052.757808, 19, 2471668.750000
1516082052.858256, 21, 2478854.000000
1516082052.958680, 21, 2485320.500000
1516082053.058983, 21, 2491140.500000
1516082053.159262, 20, 2484266.500000
1516082053.259667, 21, 2490191.750000
1516082053.360120, 20, 2483412.500000
1516082053.460687, 20, 2477311.250000
1516082053.561283, 22, 2496044.000000
1516082053.661568, 19, 2476567.500000
1516082053.761684, 21, 2483262.750000
1516082053.862067, 20, 2477176.500000
1516082053.962435, 21, 2483810.750000
1516082054.062729, 21, 2489781.750000
1516082054.163132, 21, 2495155.500000
1516082054.263443, 20, 2487880.000000
1516082054.363795, 18, 2457108.000000
1516082054.464050, 20, 2453637.250000
1516082054.564382, 20, 2450513.500000
1516082054.665051, 20, 2447702.250000
1516082054.765296, 21, 2457284.000000
1516082054.865677, 21, 2465907.500000
1516082054.966079, 20, 2461556.750000
1516082055.066556, 21, 2469753.000000
1516082055.166867, 21, 2477129.750000
1516082055.267252, 19, 2459544.750000
1516082055.367608, 19, 2443718.250000
1516082055.467878, 19, 2429474.500000
1516082055.568136, 19, 2416655.000000
1516082055.668484, 20, 2417229.500000
1516082055.768606, 21, 2429858.500000
1516082055.868755, 20, 2429112.750000
1516082055.968926, 21, 2440553.500000
1516082056.069079, 21, 2450850.250000
1516082056.169152, 21, 2460117.250000
1516082056.269444, 20, 2456345.500000
1516082056.369617, 21, 2465063.000000
1516082056.469832, 20, 2460796.750000
1516082056.569973, 19, 2444845.000000
1516082056.670048, 20, 2442600.500000
1516082056.770484, 21, 2452692.500000
1516082056.870596, 21, 2461775.250000
1516082056.970725, 21, 2469949.750000
1516082057.070830, 20, 2465194.750000
1516082057.171167, 20, 2460915.250000
1516082057.271329, 21, 2469175.750000
1516082057.371384, 20, 2464498.250000
1516082057.471462, 19, 2448176.500000
1516082057.571677, 21, 2457710.750000
1516082057.671841, 20, 2454179.750000
1516082057.771938, 21, 2463113.750000
1516082057.872016, 21, 2471154.500000
1516082057.972197, 20, 2466279.000000
1516082058.072289, 21, 2474003.000000
1516082058.172717, 20, 2468842.750000
1516082058.273030, 20, 2464198.500000
1516082058.373311, 20, 2460018.750000
1516082058.473713, 20, 2456257.000000
1516082058.574034, 20, 2452871.250000
1516082058.674191, 21, 2461936.000000
1516082058.774606, 21, 2470094.500000
1516082058.875090, 20, 2465325.000000
1516082058.975556, 21, 2473144.500000
1516082059.075820, 21, 2480182.000000
1516082059.176178, 20, 2474403.750000
1516082059.276514, 19, 2457091.500000
1516082059.376889, 20, 2453622.250000
1516082059.477239, 21, 2462612.000000
1516082059.577620, 21, 2470702.750000
1516082059.677713, 21, 2477984.500000
1516082059.777809, 20, 2472426.000000
1516082059.877898, 21, 2479535.500000
1516082059.978184, 21, 2485934.000000
1516082060.078577, 16, 2431132.500000
1516082060.178947, 19, 2418147.250000
1516082060.279231, 20, 2418572.500000
1516082060.379576, 20, 2418955.250000
1516082060.479910, 20, 2419299.750000
1516082060.580164, 21, 2431721.750000
1516082060.680266, 20, 2430789.500000
1516082060.780599, 21, 2442062.500000
1516082060.880723, 21, 2452208.250000
1516082060.981070, 20, 2449227.500000
1516082061.081562, 20, 2446544.750000
1516082061.181990, 21, 2456242.250000
1516082061.282459, 20, 2452858.000000
1516082061.382596, 21, 2461924.250000
1516082061.482664, 21, 2470083.750000
1516082061.582763, 21, 2477427.500000
1516082061.682902, 20, 2471924.750000
1516082061.782990, 21, 2479084.250000
1516082061.883155, 21, 2485527.750000
1516082061.983290, 18, 2454991.000000
1516082062.083368, 20, 2451732.000000
1516082062.183537, 20, 2448798.750000
1516082062.283653, 20, 2446159.000000
1516082062.383760, 21, 2455895.000000
1516082062.483951, 21, 2464657.500000
1516082062.584137, 20, 2460431.750000
1516082062.684219, 21, 2468740.500000
1516082062.784304, 20, 2464106.500000
1516082062.884393, 21, 2472047.750000
1516082062.984486, 20, 2467083.000000
1516082063.084633, 20, 2462614.750000
1516082063.184748, 21, 2470705.250000
1516082063.284837, 21, 2477986.750000
1516082063.385002, 20, 2472428.000000
1516082063.485097, 21, 2479537.250000
1516082063.585178, 21, 2485935.500000
1516082063.685275, 21, 2491694.000000
1516082063.785431, 18, 2460540.500000
1516082063.885530, 19, 2444614.500000
1516082063.985642, 20, 2442393.000000
1516082064.085727, 19, 2428281.750000
1516082064.185860, 21, 2439805.500000
1516082064.286030, 21, 2450177.000000
1516082064.386127, 20, 2447399.250000
1516082064.486281, 21, 2457011.250000
1516082064.586661, 21, 2465662.000000
1516082064.687087, 21, 2473447.750000
1516082064.787682, 20, 2468343.000000
1516082064.887866, 21, 2475860.750000
1516082064.987940, 21, 2482626.750000
1516082065.088122, 20, 2476604.000000
1516082065.188207, 21, 2483295.500000
1516082065.288292, 20, 2477206.000000
1516082065.388364, 21, 2483837.500000
1516082065.488505, 16, 2429245.750000
1516082065.588671, 16, 2380113.250000
1516082065.688855, 16, 2335894.000000
1516082065.788940, 13, 2259760.500000
1516082065.889018, 14, 2203352.500000
1516082065.989109, 14, 2152585.250000
1516082066.089286, 5, 1997886.750000
1516082066.189361, 4, 1846546.125000
1516082066.289526, 6, 1734563.500000
1516082066.389620, 4, 1609555.125000
1516082066.489711, 6, 1521271.625000
1516082066.589797, 5, 1429704.500000
1516082066.689923, 6, 1359406.000000
1516082066.790061, 6, 1296137.375000
1516082066.890156, 6, 1239195.625000
1516082066.990231, 8, 1212172.000000
1516082067.090320, 7, 1175738.750000
1516082067.190492, 8, 1155060.875000
1516082067.290832, 8, 1136450.750000
1516082067.391115, 9, 1131813.625000
1516082067.491222, 10, 1139752.250000
1516082067.591324, 9, 1134785.000000
1516082067.691615, 10, 1142426.500000
1516082067.791727, 11, 1161415.875000
1516082067.891810, 12, 1190618.250000
1516082067.991894, 11, 1204788.375000
1516082068.091984, 12, 1229653.500000
1516082068.192067, 12, 1252032.125000
1516082068.292230, 13, 1284284.875000
1516082068.392332, 13, 1313312.375000
1516082068.492414, 13, 1339437.125000
1516082068.592528, 13, 1362949.375000
1516082068.692716, 14, 1396222.500000
1516082068.792820, 13, 1414056.250000
1516082068.892971, 12, 1417994.625000
1516082068.993085, 14, 1445763.125000
1516082069.093201, 11, 1434418.750000
1516082069.193359, 15, 1472656.875000
1516082069.293493, 8, 1422287.250000
1516082069.393628, 7, 1364842.500000
1516082069.493789, 9, 1337366.250000
1516082069.593927, 8, 1300525.625000
1516082069.694022, 9, 1279481.000000
1516082069.794111, 10, 1272652.875000
1516082069.894205, 10, 1266507.625000
1516082069.994417, 11, 1273088.875000
1516082070.094497, 11, 1279012.000000
1516082070.194561, 12, 1296454.750000
1516082070.294633, 11, 1300041.250000
1516082070.394783, 12, 1315381.125000
1516082070.494860, 13, 1341299.000000
1516082070.594930, 13, 1364625.125000
1516082070.695110, 12, 1373506.625000
1516082070.795187, 13, 1393612.000000
1516082070.895295, 13, 1411706.750000
1516082070.995444, 12, 1415880.125000
1516082071.095652, 13, 1431748.125000
1516082071.195862, 13, 1446029.250000
1516082071.295941, 12, 1446770.375000
1516082071.396014, 13, 1459549.375000
1516082071.496086, 7, 1398378.500000
1516082071.596213, 9, 1367548.625000
1516082071.696392, 8, 1327689.750000
1516082071.796510, 8, 1291816.750000
1516082071.896694, 9, 1271643.125000
1516082071.996793, 10, 1265598.750000
1516082072.096899, 9, 1248046.875000
1516082072.197339, 10, 1244362.250000
1516082072.297448, 11, 1253158.000000
1516082072.397545, 11, 1261074.250000
1516082072.497871, 11, 1268198.875000
1516082072.597984, 12, 1286723.000000
1516082072.698062, 12, 1303394.750000
1516082072.798235, 13, 1330511.250000
1516082072.898327, 13, 1354916.125000
1516082072.998469, 12, 1364768.500000
1516082073.098562, 13, 1385747.625000
1516082073.198658, 13, 1404628.875000
1516082073.298787, 12, 1409510.000000
1516082073.399238, 12, 1413903.000000
1516082073.499654, 12, 1417856.750000
1516082073.599813, 14, 1445639.125000
1516082073.699883, 8, 1397971.250000
1516082073.799956, 7, 1342958.125000
1516082073.900030, 8, 1305558.250000
1516082074.000116, 8, 1271898.375000
1516082074.100220, 9, 1253716.500000
1516082074.200356, 9, 1237352.875000
1516082074.300509, 10, 1234737.625000
1516082074.400592, 9, 1220271.875000
1516082074.500670, 11, 1231476.750000
1516082074.600835, 11, 1241561.125000
1516082074.700924, 11, 1250637.000000
1516082074.801000, 12, 1270917.250000
1516082074.901119, 12, 1289169.500000
1516082075.001207, 13, 1317708.500000
1516082075.101295, 12, 1331281.625000
1516082075.201375, 13, 1355609.500000
1516082075.301466, 12, 1365392.500000
1516082075.401646, 13, 1386309.250000
1516082075.501761, 12, 1393022.375000
1516082075.601866, 13, 1411176.125000
1516082075.701983, 12, 1415402.500000
1516082075.802180, 9, 1382870.250000
1516082075.902272, 11, 1377815.250000
1516082076.002372, 11, 1373265.750000
1516082076.102468, 10, 1357059.125000
1516082076.202558, 12, 1366697.250000
1516082076.302696, 11, 1363259.500000
1516082076.402791, 12, 1372277.500000
1516082076.502880, 12, 1380393.750000
1516082076.602973, 13, 1399810.375000
1516082076.703052, 12, 1405173.375000
1516082076.803121, 12, 1410000.000000
1516082076.903221, 13, 1426456.000000
1516082077.003382, 13, 1441266.375000
1516082077.103459, 12, 1442483.750000
1516082077.203635, 12, 1443579.375000
1516082077.303791, 13, 1456677.500000
1516082077.403915, 9, 1420017.750000
1516082077.504003, 7, 1362800.000000
1516082077.604081, 9, 1335528.000000
1516082077.704164, 8, 1298871.250000
1516082077.804247, 9, 1277992.125000
1516082077.904318, 9, 1259200.875000
1516082078.004398, 10, 1254400.750000
1516082078.104578, 10, 1250080.625000
1516082078.204692, 11, 1258304.500000
1516082078.304819, 11, 1265706.000000
1516082078.405120, 11, 1272367.375000
1516082078.505254, 12, 1290474.625000
1516082078.605324, 13, 1318883.125000
1516082078.705400, 12, 1332338.750000
1516082078.805710, 12, 1344448.875000
1516082078.905784, 13, 1367460.000000
1516082079.005870, 12, 1376058.000000
1516082079.105970, 13, 1395908.250000
1516082079.206050, 13, 1413773.375000
1516082079.306129, 11, 1405628.000000
1516082079.406229, 10, 1386185.250000
1516082079.506657, 9, 1356574.750000
1516082079.607075, 9, 1329925.250000
1516082079.707165, 10, 1318052.750000
1516082079.807248, 10, 1307367.500000
1516082079.907332, 10, 1297750.750000
1516082080.007429, 11, 1301207.625000
1516082080.107503, 12, 1316430.875000
1516082080.207644, 11, 1318019.750000
1516082080.307749, 11, 1319449.750000
1516082080.408153, 13, 1344960.750000
1516082080.508253, 13, 1367920.625000
1516082080.608390, 12, 1376472.500000
1516082080.708471, 13, 1396281.250000
1516082080.808664, 12, 1401997.125000
1516082080.908765, 13, 1419253.375000
1516082081.008861, 12, 1422672.000000
1516082081.109035, 12, 1425748.750000
1516082081.209144, 13, 1440629.875000
1516082081.309226, 9, 1405574.875000
1516082081.409296, 8, 1361913.375000
1516082081.509566, 9, 1334730.000000
1516082081.609675, 9, 1310265.000000
1516082081.710050, 8, 1276134.500000
1516082081.810495, 10, 1269641.000000
1516082081.910798, 10, 1263796.875000
1516082082.011205, 10, 1258537.250000
1516082082.111590, 11, 1265915.500000
1516082082.212057, 11, 1272556.000000
1516082082.312334, 12, 1290644.375000
1516082082.412439, 12, 1306924.000000
1516082082.512858, 12, 1321575.625000
1516082082.613193, 12, 1334762.000000
1516082082.713283, 13, 1358741.750000
1516082082.813461, 13, 1380323.625000
1516082082.913608, 12, 1387635.250000
1516082083.013777, 12, 1394215.750000
1516082083.114090, 13, 1412250.125000
1516082083.214496, 12, 1416369.125000
1516082083.314605, 13, 1432188.250000
1516082083.414762, 8, 1385865.375000
1516082083.514928, 9, 1356286.875000
1516082083.615071, 10, 1341778.250000
1516082083.715251, 9, 1316608.375000
1516082083.815410, 9, 1293955.500000
1516082083.915498, 10, 1285680.000000
1516082084.015960, 11, 1290344.000000
1516082084.116391, 11, 1294541.625000
1516082084.216517, 11, 1298319.500000
1516082084.316885, 12, 1313831.500000
1516082084.417277, 12, 1327792.375000
1516082084.517602, 12, 1340357.125000
1516082084.617995, 13, 1363777.375000
1516082084.718285, 12, 1372743.625000
1516082084.818799, 13, 1392925.250000
1516082084.918924, 12, 1398976.750000
1516082085.019315, 11, 1392311.125000
1516082085.119716, 13, 1410536.000000
1516082085.220302, 8, 1366378.375000
1516082085.320677, 7, 1314524.500000
1516082085.420848, 9, 1292080.000000
1516082085.521070, 8, 1259768.000000
1516082085.621290, 8, 1230687.250000
1516082085.721414, 10, 1228738.500000
1516082085.821624, 10, 1226984.625000
1516082085.921851, 10, 1225406.125000
1516082086.022488, 10, 1223985.500000
1516082086.122867, 12, 1246931.000000
1516082086.223204, 11, 1255469.875000
1516082086.323349, 12, 1275266.875000
1516082086.423611, 12, 1293084.250000
1516082086.523781, 13, 1321231.875000
1516082086.624009, 12, 1334452.750000
1516082086.724188, 13, 1358463.500000
1516082086.824368, 12, 1367961.125000
1516082086.924551, 12, 1376509.000000
1516082087.024776, 12, 1384202.125000
1516082087.124935, 13, 1403237.875000
1516082087.225088, 12, 1408258.125000
1516082087.325279, 7, 1352216.250000
1516082087.425357, 10, 1338114.625000
1516082087.525452, 9, 1313311.125000
1516082087.625570, 10, 1303100.000000
1516082087.725671, 10, 1293910.000000
1516082087.825774, 10, 1285639.000000
1516082087.925980, 11, 1290307.125000
1516082088.026165, 12, 1306620.375000
1516082088.126342, 12, 1321302.375000
1516082088.226549, 11, 1322404.125000
1516082088.326720, 13, 1347619.750000
1516082088.427116, 12, 1358201.750000
1516082088.527257, 13, 1379837.625000
1516082088.627363, 12, 1387197.875000
1516082088.727443, 13, 1405934.125000
1516082088.827559, 11, 1398572.750000
1516082088.927804, 13, 1416171.500000
1516082089.027976, 9, 1383562.375000
1516082089.128170, 10, 1366326.125000
1516082089.228307, 11, 1362925.500000
1516082089.328395, 10, 1347753.000000
1516082089.428480, 10, 1334097.750000
1516082089.528559, 12, 1346032.000000
1516082089.628643, 11, 1344660.750000
1516082089.728863, 12, 1355538.625000
1516082089.829069, 12, 1365328.750000
1516082089.929312, 12, 1374139.875000
1516082090.029494, 12, 1382069.875000
1516082090.130021, 12, 1389206.875000
1516082090.230543, 12, 1395630.250000
1516082090.330727, 11, 1389299.250000
1516082090.430812, 13, 1407825.375000
1516082090.530912, 9, 1376050.875000
1516082090.631026, 10, 1359565.750000
1516082090.731205, 9, 1332617.125000
1516082090.831369, 8, 1296251.375000
1516082090.931535, 9, 1275634.250000
1516082091.031752, 10, 1269190.875000
1516082091.131964, 10, 1263391.750000
1516082091.232118, 11, 1270284.625000
1516082091.332302, 12, 1288600.125000
1516082091.432467, 11, 1292972.125000
1516082091.532652, 12, 1309018.875000
1516082091.633126, 12, 1323461.000000
1516082091.733603, 12, 1336458.875000
1516082091.833726, 13, 1360269.000000
1516082091.933904, 11, 1357474.125000
1516082092.033991, 12, 1367070.750000
1516082092.134072, 13, 1387819.625000
1516082092.234199, 12, 1394381.625000
1516082092.334293, 11, 1388175.500000
1516082092.434409, 10, 1370478.000000
1516082092.534506, 11, 1366662.250000
1516082092.634589, 11, 1363228.000000
1516082092.734669, 11, 1360137.250000
1516082092.834746, 12, 1369467.500000
1516082092.934828, 12, 1377864.750000
1516082093.034916, 13, 1397534.250000
1516082093.135010, 12, 1403124.875000
1516082093.235473, 13, 1420268.375000
1516082093.335937, 12, 1423585.500000
1516082093.440047, 13, 1438683.000000
1516082093.540201, 12, 1440158.750000
1516082093.640287, 7, 1380926.875000
1516082093.740451, 11, 1376066.250000
1516082093.840528, 8, 1335355.625000
1516082093.940626, 10, 1322940.000000
1516082094.041000, 11, 1323878.000000
1516082094.141141, 11, 1324722.250000
1516082094.241222, 10, 1313370.000000
1516082094.341392, 11, 1315265.000000
1516082094.441536, 12, 1329082.500000
1516082094.541691, 12, 1341518.250000
1516082094.642035, 13, 1364822.375000
1516082094.742579, 12, 1373684.125000
1516082094.842952, 13, 1393771.750000
1516082094.943081, 13, 1411850.625000
1516082095.043178, 12, 1416009.500000
1516082095.143544, 12, 1419752.500000
1516082095.243939, 13, 1435233.250000
1516082095.344095, 12, 1437053.875000
1516082095.444288, 9, 1402356.500000
1516082095.544454, 9, 1371128.875000
1516082095.644684, 9, 1343024.000000
1516082095.744789, 9, 1317729.625000
1516082095.844888, 11, 1319188.625000
1516082095.945094, 10, 1308389.750000
1516082096.045188, 11, 1310782.750000
1516082096.145463, 11, 1312936.500000
1516082096.245613, 12, 1326986.875000
1516082096.345900, 12, 1339632.250000
1516082096.447700, 13, 1363125.000000
1516082096.547822, 13, 1384268.500000
1516082096.647899, 12, 1391185.625000
1516082096.748020, 12, 1397411.000000
1516082096.848100, 13, 1415125.875000
1516082096.948321, 12, 1418957.250000
1516082097.048403, 12, 1422405.500000
1516082097.148835, 13, 1437621.000000
1516082097.248958, 11, 1427090.875000
1516082097.349034, 9, 1393389.750000
1516082097.449146, 11, 1387282.750000
1516082097.549249, 10, 1369674.500000
1516082097.649389, 11, 1365939.000000
1516082097.749475, 11, 1362577.125000
1516082097.849778, 12, 1371663.375000
1516082097.949960, 12, 1379841.000000
1516082098.050048, 12, 1387200.875000
1516082098.150147, 13, 1405936.750000
1516082098.250302, 12, 1410687.125000
1516082098.350436, 13, 1427074.375000
1516082098.450564, 12, 1429711.000000
1516082098.550748, 12, 1432083.875000
1516082098.650935, 12, 1434219.500000
1516082098.751066, 12, 1436141.500000
1516082098.851263, 12, 1437871.375000
1516082098.951371, 8, 1390980.250000
1516082099.051885, 7, 1336666.250000
1516082099.152060, 8, 1299895.625000
1516082099.252318, 9, 1278914.000000
1516082099.352431, 9, 1260030.625000
1516082099.452559, 9, 1243035.500000
1516082099.552654, 10, 1239852.000000
1516082099.652811, 10, 1236986.750000
1516082099.752938, 10, 1234408.125000
1516082099.853029, 12, 1256311.250000
1516082099.953138, 11, 1263912.125000
1516082100.053247, 12, 1282864.875000
1516082100.153346, 12, 1299922.375000
1516082100.253538, 12, 1315274.125000
1516082100.353650, 12, 1329090.750000
1516082100.453752, 13, 1353637.625000
1516082100.553891, 12, 1363617.875000
1516082100.653986, 12, 1372600.125000
1516082100.754089, 12, 1380684.125000
1516082100.854196, 12, 1387959.750000
1516082100.954290, 13, 1406619.750000
1516082101.054396, 10, 1387077.750000
1516082101.154478, 10, 1369490.000000
1516082101.254616, 10, 1353661.000000
1516082101.354704, 11, 1351526.875000
1516082101.454805, 11, 1349606.250000
1516082101.554923, 11, 1347877.625000
1516082101.655001, 12, 1358433.875000
1516082101.755074, 12, 1367934.500000
1516082101.855155, 11, 1364373.000000
1516082101.955227, 13, 1385391.750000
1516082102.055309, 12, 1392196.625000
1516082102.155388, 12, 1398321.000000
1516082102.255464, 12, 1403832.875000
1516082102.355536, 12, 1408793.625000
1516082102.455631, 13, 1425370.250000
1516082102.555740, 10, 1403953.250000
1516082102.655868, 10, 1384677.875000
1516082102.756189, 11, 1379442.125000
1516082102.856363, 10, 1362617.875000
1516082102.956537, 11, 1359588.125000
1516082103.056733, 10, 1344749.250000
1516082103.156907, 12, 1355618.375000
1516082103.257109, 12, 1365400.500000
1516082103.357414, 12, 1374204.500000
1516082103.457527, 12, 1382128.000000
1516082103.557882, 13, 1401371.250000
1516082103.658054, 12, 1406578.125000
1516082103.758196, 11, 1399152.250000
1516082103.858361, 13, 1416693.000000
1516082103.958786, 12, 1420367.750000
1516082104.059431, 11, 1411563.000000
1516082104.159586, 11, 1403638.750000
1516082104.260047, 11, 1396506.875000
1516082104.360528, 12, 1402200.250000
1516082104.460706, 10, 1383100.250000
1516082104.561099, 13, 1402246.250000
1516082104.661352, 12, 1407365.625000
1516082104.761506, 12, 1411973.000000
1516082104.861709, 12, 1416119.750000
1516082104.961778, 12, 1419851.750000
1516082105.061992, 12, 1423210.625000
1516082105.162077, 12, 1426233.500000
1516082105.262146, 11, 1416842.125000
1516082105.362216, 10, 1396277.875000
1516082105.462315, 11, 1389882.125000
1516082105.562475, 12, 1396237.875000
1516082105.662606, 12, 1401958.125000
1516082105.762745, 12, 1407106.250000
1516082105.863007, 13, 1423851.625000
1516082105.963134, 11, 1414698.500000
1516082106.063226, 12, 1418572.625000
1516082106.163297, 13, 1434171.375000
1516082106.263648, 12, 1436098.250000
1516082106.363943, 12, 1437832.375000
1516082106.464038, 12, 1439393.125000
1516082106.564200, 12, 1440797.750000
1516082106.664369, 12, 1442062.000000
1516082106.764440, 17, 1503759.750000
1516082106.864516, 12, 1498727.750000
1516082106.964684, 13, 1506311.000000
1516082107.064831, 15, 1537359.875000
1516082107.165295, 14, 1553191.875000
1516082107.265621, 14, 1567440.750000
1516082107.365794, 15, 1592376.625000
1516082107.465934, 17, 1639043.000000
1516082107.566310, 20, 1717378.750000
1516082107.666590, 20, 1787880.875000
1516082107.766863, 21, 1863444.750000
1516082107.867250, 20, 1919340.250000
1516082107.967373, 21, 1981758.250000
1516082108.067440, 21, 2037934.375000
1516082108.167565, 18, 2052157.000000
1516082108.267634, 21, 2101293.250000
1516082108.367770, 20, 2133404.000000
1516082108.467854, 21, 2174415.500000
1516082108.567931, 21, 2211326.000000
1516082108.668021, 20, 2232433.500000
1516082108.768106, 21, 2263542.250000
1516082108.868233, 21, 2291540.000000
1516082108.968323, 18, 2280402.000000
1516082109.068469, 20, 2294601.750000
1516082109.168638, 20, 2307381.500000
1516082109.268770, 20, 2318883.250000
1516082109.368901, 20, 2329235.000000
1516082109.469053, 22, 2362775.500000
1516082109.569255, 20, 2368738.000000
1516082109.669438, 21, 2386216.250000
1516082109.769527, 20, 2389834.500000
1516082109.869605, 21, 2405203.000000
1516082109.969736, 19, 2394810.750000
1516082110.069862, 20, 2397569.750000
1516082110.169941, 20, 2400052.750000
1516082110.270076, 20, 2402287.500000
1516082110.370192, 21, 2416410.750000
1516082110.470332, 21, 2429121.750000
1516082110.570660, 21, 2440561.500000
1516082110.670784, 21, 2450857.250000
1516082110.770947, 20, 2448011.500000
1516082110.871082, 21, 2457562.250000
1516082110.971169, 21, 2466158.000000
1516082111.071317, 20, 2461782.250000
1516082111.171452, 21, 2469956.000000
1516082111.271523, 21, 2477312.500000
1516082111.371645, 20, 2471821.250000
1516082111.471800, 21, 2478991.000000
1516082111.571882, 21, 2485444.000000
1516082111.671988, 20, 2479139.500000
1516082111.772122, 20, 2473465.500000
1516082111.872229, 21, 2480471.000000
1516082111.972370, 21, 2486776.000000
1516082112.072473, 20, 2480338.500000
1516082112.172561, 21, 2486656.750000
1516082112.272660, 21, 2492343.000000
1516082112.372813, 20, 2485348.750000
1516082112.472895, 20, 2479054.000000
1516082112.572972, 21, 2485500.500000
1516082112.673065, 21, 2491302.500000
1516082112.773133, 21, 2496524.250000
1516082112.873219, 20, 2489111.750000
1516082112.973297, 21, 2494552.500000
1516082113.073432, 18, 2463113.250000
1516082113.173662, 20, 2459042.000000
1516082113.273849, 20, 2455377.750000
1516082113.374004, 20, 2452080.000000
1516082113.474160, 21, 2461224.000000
1516082113.574316, 21, 2469453.500000
1516082113.674793, 20, 2464748.250000
1516082113.774940, 21, 2472625.500000
1516082113.875273, 21, 2479715.000000
1516082113.975436, 20, 2473983.500000
1516082114.075506, 21, 2480937.250000
1516082114.175587, 20, 2475083.500000
1516082114.275665, 21, 2481927.250000
1516082114.375797, 21, 2488086.500000
1516082114.475865, 20, 2481517.750000
1516082114.575939, 20, 2475606.000000
1516082114.676008, 20, 2470285.500000
1516082114.776084, 20, 2465497.000000
1516082114.876440, 20, 2461187.250000
1516082114.976542, 21, 2469420.500000
1516082115.076621, 21, 2476830.500000
1516082115.176740, 20, 2471387.500000
1516082115.276828, 21, 2478600.750000
1516082115.376991, 21, 2485092.750000
1516082115.477069, 20, 2478823.500000
1516082115.577400, 20, 2473181.250000
1516082115.677566, 20, 2468103.000000
1516082115.777704, 21, 2475644.750000
1516082115.877808, 21, 2482432.250000
1516082115.977950, 20, 2476429.000000
1516082116.078089, 21, 2483138.000000
1516082116.178174, 20, 2477064.250000
1516082116.278259, 18, 2447373.750000
1516082116.378575, 20, 2444876.500000
1516082116.478844, 20, 2442628.750000
1516082116.578992, 20, 2440606.000000
1516082116.679232, 21, 2450897.500000
1516082116.779402, 21, 2460159.750000
1516082116.879519, 20, 2456383.750000
1516082116.979675, 21, 2465097.500000
1516082117.079833, 20, 2460827.750000
1516082117.179986, 21, 2469097.000000
1516082117.280314, 20, 2464427.250000
1516082117.380564, 21, 2472336.500000
1516082117.480859, 21, 2479454.750000
1516082117.581021, 20, 2473749.250000
1516082117.681215, 21, 2480726.250000
1516082117.781335, 21, 2487005.500000
1516082117.881510, 20, 2480545.000000
1516082117.981646, 19, 2462618.500000
1516082118.081883, 19, 2446484.750000
1516082118.185317, 21, 2456188.250000
1516082118.285451, 20, 2452809.500000
1516082118.385767, 21, 2461880.500000
1516082118.486047, 21, 2470044.500000
1516082118.586118, 21, 2477392.000000
1516082118.686438, 20, 2471892.750000
1516082118.786828, 21, 2479055.500000
1516082118.886985, 19, 2461278.000000
1516082118.987058, 20, 2457390.250000
1516082119.087230, 20, 2453891.250000
1516082119.187305, 21, 2462854.000000
1516082119.287476, 20, 2458808.500000
1516082119.387608, 21, 2467279.750000
1516082119.487718, 20, 2462791.750000
1516082119.587888, 21, 2470864.500000
1516082119.687992, 20, 2466018.000000
1516082119.788082, 20, 2461656.250000
1516082119.888173, 21, 2469842.500000
1516082119.988295, 21, 2477210.250000
1516082120.088364, 20, 2471729.250000
1516082120.188446, 21, 2478908.250000
1516082120.288698, 21, 2485369.500000
1516082120.388971, 18, 2454848.500000
1516082120.489106, 20, 2451603.750000
1516082120.589509, 20, 2448683.500000
1516082120.689780, 21, 2458167.250000
1516082120.789912, 20, 2454590.500000
1516082120.890267, 21, 2463483.500000
1516082120.990395, 21, 2471487.250000
1516082121.090663, 21, 2478690.500000
1516082121.190841, 20, 2473061.500000
1516082121.291021, 19, 2455883.250000
1516082121.391174, 20, 2452535.000000
1516082121.491343, 21, 2461633.500000
1516082121.591479, 20, 2457710.250000
1516082121.691685, 21, 2466291.250000
1516082121.791856, 21, 2474014.000000
1516082121.892010, 20, 2468852.500000
1516082121.992281, 21, 2476319.250000
1516082122.092459, 19, 2458815.250000
1516082122.192580, 20, 2455173.750000
1516082122.292887, 21, 2464008.500000
1516082122.393282, 19, 2447735.750000
1516082122.493606, 20, 2445202.250000
1516082122.593937, 21, 2455034.000000
1516082122.694137, 20, 2451770.500000
1516082122.794279, 20, 2448833.500000
1516082122.894355, 21, 2458302.250000
1516082122.994451, 20, 2454712.000000
1516082123.094577, 21, 2463592.750000
1516082123.194843, 20, 2459473.500000
1516082123.294987, 20, 2455766.250000
1516082123.395104, 21, 2464541.500000
1516082123.495467, 20, 2460327.250000
1516082123.595617, 21, 2468646.500000
1516082123.696491, 21, 2476133.750000
1516082123.796582, 20, 2470760.500000
1516082123.896650, 21, 2478036.500000
1516082123.996762, 20, 2472472.750000
1516082124.097124, 20, 2467465.500000
1516082124.197410, 21, 2475071.000000
1516082124.297774, 20, 2469804.000000
1516082124.398046, 21, 2477175.500000
1516082124.498444, 21, 2483810.000000
1516082124.598596, 19, 2465557.000000
1516082124.698690, 20, 2461241.250000
1516082124.798881, 21, 2469469.000000
1516082124.899026, 20, 2464762.000000
1516082124.999123, 21, 2472637.750000
1516082125.099307, 20, 2467614.000000
1516082125.199502, 21, 2475204.500000
1516082125.299646, 20, 2469924.000000
1516082125.399827, 19, 2453059.500000
1516082125.500034, 21, 2462105.500000
1516082125.600176, 20, 2458135.000000
1516082125.700342, 21, 2466673.500000
1516082125.800535, 20, 2462246.250000
1516082125.900648, 21, 2470373.500000
1516082126.000930, 21, 2477688.250000
1516082126.101082, 20, 2472159.500000
1516082126.201245, 18, 2442959.500000
1516082126.301402, 19, 2428791.500000
1516082126.401662, 20, 2428152.250000
1516082126.501930, 20, 2427577.000000
1516082126.602093, 20, 2427059.250000
1516082126.702526, 19, 2414481.250000
1516082126.802935, 21, 2427385.000000
1516082126.903177, 21, 2438998.500000
1516082127.003392, 20, 2437338.750000
1516082127.103804, 21, 2447957.000000
1516082127.203927, 21, 2457513.250000
1516082127.304046, 20, 2454002.000000
1516082127.404211, 21, 2462953.750000
1516082127.504358, 21, 2471010.500000
1516082127.604771, 20, 2466149.500000
1516082127.704893, 21, 2473886.500000
1516082127.805033, 20, 2468737.750000
1516082127.905172, 21, 2476216.000000
1516082128.005686, 22, 2495058.500000
1516082128.106009, 20, 2487792.750000
1516082128.206128, 20, 2481253.500000
1516082128.306312, 20, 2475368.250000
1516082128.406420, 21, 2482183.500000
1516082128.506491, 21, 2488317.250000
1516082128.606572, 20, 2481725.500000
1516082128.706653, 21, 2487905.000000
1516082128.806835, 20, 2481354.500000
1516082128.906916, 20, 2475459.000000
1516082129.007002, 20, 2470153.000000
1516082129.107353, 21, 2477489.750000
1516082129.207488, 21, 2484092.750000
1516082129.307692, 19, 2465811.500000
1516082129.407803, 21, 2473582.250000
1516082129.508016, 20, 2468464.000000
1516082129.608203, 20, 2463857.500000
1516082129.708356, 19, 2447599.750000
1516082129.808539, 21, 2457191.750000
1516082129.908865, 20, 2453712.500000
1516082130.009033, 20, 2450581.250000
1516082130.109189, 21, 2459875.000000
1516082130.209357, 20, 2456127.500000
1516082130.309833, 21, 2464866.750000
1516082130.410234, 21, 2472732.000000
1516082130.510439, 20, 2467698.750000
1516082130.610747, 21, 2475281.000000
1516082130.711072, 21, 2482105.000000
1516082130.811378, 21, 2488246.500000
1516082130.911530, 20, 2481661.750000
1516082131.011704, 20, 2475735.500000
1516082131.111854, 21, 2482514.000000
1516082131.211990, 21, 2488614.500000
1516082131.312217, 20, 2481993.000000
1516082131.412419, 21, 2488145.750000
1516082131.512590, 21, 2493683.250000
1516082131.612772, 20, 2486555.000000
1516082131.712930, 21, 2492251.500000
1516082131.813109, 21, 2497378.250000
1516082131.913267, 20, 2489880.500000
1516082132.013405, 21, 2495244.500000
1516082132.113599, 20, 2487960.000000
1516082132.213791, 21, 2493516.000000
1516082132.313957, 21, 2498516.500000
1516082132.414131, 21, 2503016.750000
1516082132.514414, 20, 2494955.000000
1516082132.614575, 20, 2487699.500000
1516082132.714716, 21, 2493281.500000
1516082132.814801, 21, 2498305.250000
1516082132.914939, 20, 2490714.750000
1516082133.015032, 20, 2483883.250000
1516082133.115111, 21, 2489847.000000
1516082133.215188, 18, 2458878.250000
1516082133.315329, 19, 2443118.500000
1516082133.415488, 19, 2428934.750000
1516082133.515673, 19, 2416169.250000
1516082133.615821, 21, 2428904.250000
1516082133.715993, 20, 2428253.750000
1516082133.816179, 20, 2427668.500000
1516082133.916274, 20, 2427141.750000
1516082134.016421, 20, 2426667.500000
1516082134.116585, 21, 2438352.750000
1516082134.216721, 21, 2448869.500000
1516082134.316889, 20, 2446222.500000
1516082134.417013, 20, 2443840.250000
1516082134.517142, 21, 2453808.250000
1516082134.617285, 20, 2450667.500000
1516082134.717420, 21, 2459952.750000
1516082134.817656, 21, 2468309.500000
1516082134.917841, 21, 2475830.500000
1516082135.018029, 20, 2470487.500000
1516082135.118205, 20, 2465678.750000
1516082135.218383, 21, 2473463.000000
1516082135.318622, 20, 2468356.750000
1516082135.418999, 21, 2475873.000000
1516082135.519455, 20, 2470525.750000
1516082135.619645, 21, 2477825.250000
1516082135.719777, 20, 2472282.750000
1516082135.820138, 20, 2467294.500000
1516082135.920458, 20, 2462805.000000
1516082136.020783, 20, 2458764.500000
1516082136.120982, 21, 2467240.000000
1516082136.221107, 21, 2474868.000000
1516082136.321249, 21, 2481733.250000
1516082136.421389, 21, 2487912.000000
1516082136.521576, 20, 2481360.750000
1516082136.621768, 20, 2475464.750000
1516082136.721911, 20, 2470158.250000
1516082136.822079, 20, 2465382.500000
1516082136.922232, 21, 2473196.250000
1516082137.022454, 20, 2468116.500000
1516082137.122543, 21, 2475656.750000
1516082137.222633, 21, 2482443.000000
1516082137.322780, 20, 2476438.750000
1516082137.423164, 21, 2483147.000000
1516082137.523494, 20, 2477072.250000
1516082137.623662, 20, 2471605.000000
1516082137.723820, 20, 2466684.500000
1516082137.823992, 21, 2474368.000000
1516082137.924128, 20, 2469171.250000
1516082138.024264, 21, 2476606.000000
1516082138.124439, 20, 2471185.500000
1516082138.224857, 21, 2478419.000000
1516082138.325033, 20, 2472817.000000
1516082138.425168, 21, 2479887.250000
1516082138.525603, 20, 2474138.500000
1516082138.625827, 20, 2468964.750000
1516082138.725905, 21, 2476420.250000
1516082138.826490, 20, 2471018.250000
1516082138.926910, 21, 2478268.500000
1516082139.027168, 21, 2484793.750000
1516082139.127310, 21, 2490666.500000
1516082139.227468, 19, 2471727.750000
1516082139.327639, 20, 2466795.000000
1516082139.427799, 19, 2450243.500000
1516082139.528001, 21, 2459571.250000
1516082139.628135, 21, 2467966.000000
1516082139.728342, 21, 2475521.500000
1516082139.828485, 20, 2470209.250000
1516082139.928706, 21, 2477540.250000
1516082140.028901, 20, 2472026.250000
1516082140.129047, 18, 2442839.500000
1516082140.229217, 19, 2428683.500000
1516082140.329389, 20, 2428055.250000
1516082140.429513, 20, 2427489.750000
1516082140.529592, 20, 2426980.750000
1516082140.629702, 21, 2438634.750000
1516082140.729790, 21, 2449123.250000
1516082140.829893, 21, 2458563.000000
1516082140.930019, 20, 2454946.750000
1516082141.030102, 20, 2451692.000000
1516082141.130195, 20, 2448762.750000
1516082141.230337, 21, 2458238.500000
1516082141.330512, 20, 2454654.750000
1516082141.430591, 20, 2451429.250000
1516082141.530730, 21, 2460638.250000
1516082141.631138, 21, 2468926.500000
1516082141.731331, 21, 2476385.750000
1516082141.831706, 21, 2483099.250000
1516082141.931903, 20, 2477029.250000
1516082142.032039, 20, 2471566.250000
1516082142.132156, 19, 2454537.500000
1516082142.232559, 21, 2463435.750000
1516082142.332784, 20, 2459332.250000
1516082142.432894, 21, 2467751.000000
1516082142.533200, 21, 2475328.000000
1516082142.633363, 21, 2482147.250000
1516082142.733530, 20, 2476172.500000
1516082142.833663, 21, 2482907.250000
1516082142.933835, 19, 2464744.500000
1516082143.034016, 21, 2472622.000000
1516082143.134148, 20, 2467599.750000
1516082143.234312, 20, 2463079.750000
1516082143.334499, 22, 2483235.750000
1516082143.434922, 20, 2477152.250000
1516082143.535465, 21, 2483789.000000
1516082143.635921, 20, 2477650.000000
1516082143.736116, 21, 2484237.000000
1516082143.836490, 20, 2478053.250000
1516082143.936722, 20, 2472488.000000
1516082144.036861, 20, 2467479.250000
1516082144.137056, 21, 2475083.250000
1516082144.237217, 20, 2469815.000000
1516082144.337571, 21, 2477185.500000
1516082144.437963, 20, 2471707.000000
1516082144.538347, 19, 2454664.250000
1516082144.638872, 19, 2439325.750000
1516082144.738997, 20, 2437633.250000
1516082144.839155, 21, 2448222.000000
1516082144.939257, 20, 2445639.750000
1516082145.039613, 21, 2455427.750000
1516082145.139727, 21, 2464237.000000
1516082145.239903, 21, 2472165.250000
1516082145.340075, 20, 2467188.750000
1516082145.440290, 21, 2474822.000000
1516082145.540830, 20, 2469579.750000
1516082145.641407, 20, 2464861.750000
1516082145.741665, 21, 2472727.500000
1516082145.842224, 21, 2479806.750000
1516082145.942733, 20, 2474066.000000
1516082146.042949, 21, 2481011.500000
1516082146.143120, 21, 2487262.250000
1516082146.243547, 21, 2492888.000000
1516082146.344048, 19, 2473727.250000
1516082146.444580, 20, 2468594.500000
1516082146.544875, 21, 2476087.000000
1516082146.645100, 20, 2470718.250000
1516082146.745625, 21, 2477998.500000
1516082146.845768, 21, 2484550.750000
1516082146.946234, 20, 2478335.750000
1516082147.046643, 21, 2484854.250000
1516082147.146736, 21, 2490720.750000
1516082147.246852, 20, 2483888.750000
1516082147.347025, 21, 2489852.000000
1516082147.447168, 20, 2483106.750000
1516082147.547285, 21, 2489148.000000
1516082147.647357, 21, 2494585.250000
1516082147.747508, 20, 2487366.750000
1516082147.847616, 20, 2480870.000000
1516082147.948022, 20, 2475023.000000
1516082148.048337, 21, 2481872.750000
1516082148.148552, 20, 2475925.500000
1516082148.248671, 20, 2470573.000000
1516082148.348804, 21, 2477867.750000
1516082148.448964, 21, 2484433.000000
1516082148.549334, 20, 2478229.750000
1516082148.649525, 21, 2484758.750000
1516082148.749669, 21, 2490635.000000
1516082148.849757, 21, 2495923.500000
1516082148.949844, 20, 2488571.250000
1516082149.050092, 21, 2494066.000000
1516082149.150204, 20, 2486899.500000
1516082149.250349, 21, 2492561.500000
1516082149.350517, 21, 2497657.250000
1516082149.450641, 20, 2490131.500000
1516082149.550713, 21, 2495470.250000
1516082149.650797, 21, 2500275.250000
1516082149.750886, 20, 2492487.750000
1516082149.850963, 21, 2497591.000000
1516082149.951032, 21, 2502184.000000
1516082150.051108, 19, 2482093.500000
1516082150.151165, 19, 2464012.250000
1516082150.251242, 21, 2471963.000000
1516082150.351326, 20, 2467006.750000
1516082150.451395, 21, 2474658.000000
1516082150.551472, 20, 2469432.250000
1516082150.651561, 21, 2476841.000000
1516082150.751705, 21, 2483509.000000
1516082150.851863, 20, 2477398.000000
1516082150.951960, 20, 2471898.250000
1516082151.052279, 20, 2466948.500000
1516082151.152582, 21, 2474605.750000
1516082151.252934, 21, 2481497.250000
1516082151.353346, 20, 2475587.500000
1516082151.453676, 21, 2482380.750000
1516082151.554027, 21, 2488494.750000
1516082151.654269, 21, 2493997.250000
1516082151.754631, 17, 2450501.500000
1516082151.855055, 20, 2447691.250000
1516082151.955688, 20, 2445162.000000
1516082152.056013, 20, 2442885.750000
1516082152.156449, 20, 2440837.250000
1516082152.257038, 21, 2451105.500000
1516082152.357527, 20, 2448235.000000
1516082152.457977, 21, 2457763.500000
1516082152.558405, 20, 2454227.250000
1516082152.659002, 20, 2451044.500000
1516082152.759587, 21, 2460292.000000
1516082152.859844, 21, 2468614.750000
1516082152.960236, 21, 2476105.250000
1516082153.060537, 20, 2470734.750000
1516082153.160905, 21, 2478013.250000
1516082153.261038, 20, 2472452.000000
1516082153.361212, 19, 2455334.750000
1516082153.461552, 20, 2452041.250000
1516082153.561900, 21, 2461189.000000
1516082153.662271, 20, 2457310.000000
1516082153.762461, 21, 2465931.000000
1516082153.862723, 21, 2473690.000000
1516082153.962951, 20, 2468561.000000
1516082154.063349, 19, 2451833.000000
1516082154.163568, 20, 2448889.750000
1516082154.263740, 20, 2446240.750000
1516082154.363884, 21, 2455968.750000
1516082154.464114, 20, 2452612.000000
1516082154.564189, 21, 2461702.750000
1516082154.664363, 20, 2457772.500000
1516082154.766144, 21, 2466347.250000
1516082154.866807, 21, 2474064.500000
1516082154.967325, 20, 2468898.000000
1516082155.067482, 21, 2476360.250000
1516082155.167560, 20, 2470964.250000
1516082155.267690, 21, 2478219.750000
1516082155.367820, 21, 2484749.750000
1516082155.467929, 20, 2478514.750000
1516082155.568021, 20, 2472903.250000
1516082155.668207, 19, 2455741.000000
1516082155.768291, 20, 2452407.000000
1516082155.868404, 19, 2437294.250000
1516082155.968504, 20, 2435804.750000
1516082156.068680, 20, 2434464.250000
1516082156.168926, 21, 2445369.750000
1516082156.269236, 21, 2455184.750000
1516082156.369401, 21, 2464018.250000
1516082156.469957, 20, 2459856.500000
1516082156.570151, 21, 2468222.750000
1516082156.670549, 19, 2451528.500000
1516082156.770682, 18, 2424391.750000
1516082156.871087, 18, 2399968.500000
1516082156.971483, 19, 2390099.750000
1516082157.071910, 19, 2381217.750000
1516082157.172195, 20, 2385336.000000
1516082157.272445, 20, 2389042.500000
1516082157.372625, 20, 2392378.250000
1516082157.472975, 21, 2407492.500000
1516082157.573080, 21, 2421095.250000
1516082157.673551, 20, 2421225.750000
1516082157.773665, 21, 2433455.250000
1516082157.873766, 21, 2444461.750000
1516082157.973860, 20, 2442255.500000
1516082158.074142, 16, 2391822.000000
1516082158.174294, 19, 2382767.750000
1516082158.274616, 19, 2374619.000000
1516082158.374692, 20, 2379397.000000
1516082158.474765, 20, 2383697.250000
1516082158.574830, 21, 2399679.500000
1516082158.675168, 20, 2401951.500000
1516082158.775584, 21, 2416108.250000
1516082158.875736, 21, 2428849.500000
1516082158.975807, 21, 2440316.500000
1516082159.075945, 20, 2438524.750000
1516082159.176084, 20, 2436912.250000
1516082159.276218, 16, 2387013.000000
1516082159.376343, 19, 2378439.750000
1516082159.476480, 19, 2370723.750000
1516082159.576648, 19, 2363779.500000
1516082159.676733, 20, 2369641.500000
1516082159.777182, 20, 2374917.250000
1516082159.877430, 21, 2391777.500000
1516082159.977601, 20, 2394839.750000
1516082160.077849, 21, 2409707.750000
1516082160.177918, 21, 2423089.000000
1516082160.278612, 20, 2423020.000000
1516082160.378908, 20, 2422958.000000
1516082160.479232, 19, 2410790.250000
1516082160.579533, 15, 2351391.250000
1516082160.679803, 18, 2334268.000000
1516082160.780129, 19, 2330969.250000
1516082160.880476, 20, 2340112.250000
1516082160.980593, 19, 2336229.000000
1516082161.081005, 20, 2344846.000000
1516082161.181139, 21, 2364713.500000
1516082161.281347, 20, 2370482.250000
1516082161.381535, 21, 2387786.000000
1516082161.482099, 20, 2391247.500000
1516082161.582217, 21, 2406474.750000
1516082161.682360, 20, 2408067.250000
1516082161.782506, 21, 2421612.500000
1516082161.882686, 19, 2409579.250000
1516082161.982824, 20, 2410861.250000
1516082162.083198, 21, 2424127.000000
1516082162.183348, 21, 2436066.250000
1516082162.283668, 20, 2434699.500000
1516082162.383809, 21, 2445581.500000
1516082162.484239, 20, 2443263.250000
1516082162.585431, 18, 2416953.000000
1516082162.685815, 18, 2393273.750000
1516082162.786151, 20, 2396186.500000
1516082162.886641, 19, 2386695.750000
1516082162.986764, 21, 2402378.250000
1516082163.087169, 20, 2404380.500000
1516082163.187457, 21, 2418294.500000
1516082163.287814, 21, 2430817.000000
1516082163.387932, 20, 2429975.250000
1516082163.488022, 20, 2429217.750000
1516082163.588192, 22, 2452760.000000
1516082163.688627, 19, 2437612.000000
1516082163.789033, 17, 2399754.750000
1516082163.889301, 19, 2389907.250000
1516082163.989434, 20, 2393156.500000
1516082164.089872, 20, 2396080.750000
1516082164.190067, 21, 2410824.750000
1516082164.290279, 21, 2424094.250000
1516082164.391039, 20, 2423924.750000
1516082164.491197, 21, 2435884.250000
1516082164.591410, 20, 2434535.750000
1516082164.691831, 21, 2445434.250000
1516082164.791981, 19, 2431018.750000
1516082164.892381, 18, 2405933.000000
1516082164.992627, 20, 2407579.750000
1516082165.092959, 19, 2396949.750000
1516082165.193067, 21, 2411606.750000
1516082165.293508, 20, 2412686.000000
1516082165.393619, 20, 2413657.500000
1516082165.493990, 21, 2426643.750000
1516082165.594170, 19, 2414107.500000
1516082165.694290, 20, 2414936.750000
1516082165.794406, 21, 2427795.000000
1516082165.894553, 21, 2439367.500000
1516082165.994796, 20, 2437670.750000
1516082166.094887, 20, 2436143.750000
1516082166.194980, 20, 2434769.500000
1516082166.295339, 21, 2445644.500000
1516082166.395745, 21, 2455432.000000
1516082166.495928, 20, 2452128.750000
1516082166.596013, 22, 2473380.000000
1516082166.696134, 19, 2456170.000000
1516082166.796246, 20, 2452793.000000
1516082166.896339, 20, 2449753.750000
1516082166.996418, 20, 2447018.500000
1516082167.096525, 20, 2444556.750000
1516082167.196631, 21, 2454453.000000
1516082167.296746, 21, 2463359.750000
1516082167.396857, 20, 2459263.750000
1516082167.498970, 21, 2467689.500000
1516082167.599241, 20, 2463160.500000
1516082167.699323, 21, 2471196.500000
1516082167.799397, 21, 2478428.750000
1516082167.899814, 20, 2472826.000000
1516082168.000327, 21, 2479895.500000
1516082168.100464, 21, 2486258.000000
1516082168.200614, 20, 2479872.250000
1516082168.301114, 20, 2474125.000000
1516082168.401414, 21, 2481064.500000
1516082168.501696, 20, 2475198.000000
1516082168.601801, 21, 2482030.250000
1516082168.701895, 20, 2476067.250000
1516082168.802071, 21, 2482812.500000
1516082168.902231, 21, 2488883.250000
1516082169.002731, 21, 2494347.000000
1516082169.102920, 20, 2487152.250000
1516082169.203301, 21, 2492789.000000
1516082169.303400, 21, 2497862.000000
1516082169.403845, 20, 2490315.750000
1516082169.504210, 20, 2483524.250000
1516082169.604447, 24, 2525859.750000
1516082169.704586, 15, 2454953.750000
1516082169.804695, 20, 2451698.500000
1516082169.905140, 20, 2448768.750000
1516082170.005306, 21, 2458244.000000
1516082170.105410, 21, 2466771.500000
1516082170.205684, 20, 2462334.250000
1516082170.305815, 21, 2470452.750000
1516082170.405913, 21, 2477759.500000
1516082170.506058, 20, 2472223.500000
1516082170.606181, 20, 2467241.250000
1516082170.706461, 21, 2474869.000000
1516082170.806614, 20, 2469622.000000
1516082170.906750, 21, 2477011.750000
1516082171.006866, 21, 2483662.500000
1516082171.106994, 20, 2477536.250000
1516082171.207125, 21, 2484134.500000
1516082171.307287, 19, 2465849.000000
1516082171.407428, 19, 2449392.000000
1516082171.507814, 20, 2446692.750000
1516082171.608038, 20, 2444263.500000
1516082171.708262, 20, 2442077.250000
1516082171.808565, 21, 2452221.500000
1516082171.908727, 20, 2449239.250000
1516082172.008909, 21, 2458667.250000
1516082172.109089, 21, 2467152.500000
1516082172.209277, 21, 2474789.250000
1516082172.309444, 19, 2457438.250000
1516082172.409626, 18, 2429710.500000
1516082172.509812, 19, 2416867.500000
1516082172.610121, 20, 2417420.750000
1516082172.710280, 20, 2417918.750000
