1516081959.04 0 0 0 0
1516081959.14 0 0 0 0
1516081959.23 0 0 0 0
1516081959.33 0 0 0 0
1516081959.43 0 0 0 0
1516081959.53 0 0 0 0
1516081959.63 0 0 0 0
1516081959.73 0 0 0 0
1516081959.83 0 0 0 0
1516081959.93 0 0 0 0
1516081960.03 0 0 0 0
1516081960.13 0 0 0 0
1516081960.23 0 0 0 0
1516081960.33 0 0 0 0
1516081960.43 0 0 0 0
1516081960.53 0 0 0 0
1516081960.63 0 0 0 0
1516081960.73 0 0 0 0
1516081960.84 0 0 0 0
1516081960.93 0 0 0 0
1516081961.03 0 0 0 0
1516081961.14 0 0 0 0
1516081961.24 0 0 0 0
1516081961.34 0 0 0 0
1516081961.44 0 0 0 0
1516081961.54 0 0 0 0
1516081961.65 0 0 0 0
1516081961.75 0 0 0 0
1516081961.85 0 0 0 0
1516081961.95 0 0 0 0
1516081962.05 0 0 0 0
1516081962.15 0 0 0 0
1516081962.25 0 0 0 0
1516081962.35 0 0 0 0
1516081962.46 0 0 0 0
1516081962.56 0 0 0 0
1516081962.66 0 0 0 0
1516081962.76 0 0 0 0
1516081962.86 0 0 0 0
1516081962.96 0 0 0 0
1516081963.06 0 0 0 0
1516081963.16 0 0 0 0
1516081963.27 0 0 0 0
1516081963.37 0 0 0 0
1516081963.46 0 0 0 0
1516081963.56 0 0 0 0
1516081963.68 0 0 0 0
1516081963.78 0 0 0 0
1516081963.88 0 0 0 0
1516081963.98 0 0 0 0
1516081964.08 0 0 0 0
1516081964.18 0 0 0 0
1516081964.28 0 0 0 0
1516081964.38 0 0 0 0
1516081964.48 0 0 0 0
1516081964.58 0 0 0 0
1516081964.68 0 0 0 0
1516081964.78 0 0 0 0
1516081964.88 0 0 0 0
1516081964.98 0 0 0 0
1516081965.08 0 0 0 0
1516081965.18 0 0 0 0
1516081965.28 0 0 0 0
1516081965.4 0 0 0 0
1516081965.52 0 0 0 0
1516081965.62 0 0 0 0
1516081965.72 0 0 0 0
1516081965.82 0 0 0 0
1516081965.92 0 0 0 0
1516081966.02 0 0 0 0
1516081966.12 0 0 0 0
1516081966.22 0 0 0 0
1516081966.32 0 0 0 0
1516081966.42 0 0 0 0
1516081966.52 0 0 0 0
1516081966.62 0 0 0 0
1516081966.72 0 0 0 0
1516081966.84 0 0 0 0
1516081966.99 0 0 0 0
1516081967.1 0 0 0 0
1516081967.2 0 0 0 0
1516081967.3 0 0 0 0
1516081967.4 0 0 0 0
1516081967.51 0 0 0 0
1516081967.66 0 0 0 0
1516081967.76 0 0 0 0
1516081967.86 0 0 0 0
1516081967.96 0 0 0 0
1516081968.06 0 0 0 0
1516081968.16 0 0 0 0
1516081968.26 0 0 0 0
1516081968.38 0 0 0 0
1516081968.51 0 0 0 0
1516081968.6 0 0 0 0
1516081968.72 0 0 0 0
1516081968.85 0 0 0 0
1516081968.95 0 0 0 0
1516081969.05 0 0 0 0
1516081969.16 0 0 0 0
1516081969.25 0 0 0 0
1516081969.37 0 0 0 0
1516081969.49 0 0 0 0
1516081969.59 0 0 0 0
1516081969.69 0 0 0 0
1516081969.81 0 0 0 0
1516081969.93 0 0 0 0
1516081970.03 0 0 0 0
1516081970.13 0 0 0 0
1516081970.23 0 0 0 0
1516081970.33 0 0 0 0
1516081970.43 0 0 0 0
1516081970.53 0 0 0 0
1516081970.63 0 0 0 0
1516081970.73 0 0 0 0
1516081970.85 0 0 0 0
1516081970.96 0 0 0 0
1516081971.06 0 0 0 0
1516081971.18 0 0 0 0
1516081971.28 0 0 0 0
1516081971.37 0 0 0 0
1516081971.48 0 0 0 0
1516081971.58 0 0 0 0
1516081971.68 0 0 0 0
1516081971.78 0 0 0 0
1516081971.88 0 0 0 0
1516081971.99 0 0 0 0
1516081972.11 0 0 0 0
1516081972.21 0 0 0 0
1516081972.31 0 0 0 0
1516081972.41 0 0 0 0
1516081972.51 0 0 0 0
1516081972.63 0 0 0 0
1516081972.77 0 0 0 0
1516081972.88 0 0 0 0
1516081973.01 0 0 0 0
1516081973.11 0 0 0 0
1516081973.21 0 0 0 0
1516081973.31 0 0 0 0
1516081973.41 0 0 0 0
1516081973.51 0 0 0 0
1516081973.63 0 0 0 0
1516081973.73 0 0 0 0
1516081973.83 0 0 0 0
1516081973.92 0 0 0 0
1516081974.02 0 0 0 0
1516081974.13 0 0 0 0
1516081974.23 0 0 0 84
1516081974.33 0 0 0 74
1516081974.43 0 0 0 0
1516081974.53 0 0 0 0
1516081974.63 0 0 0 173
1516081974.76 0 0 0 0
1516081974.85 0 0 0 0
1516081974.97 0 0 0 1468
1516081975.07 0 0 0 66
1516081975.16 0 0 0 0
1516081975.26 0 0 0 66
1516081975.36 0 0 0 114
1516081975.46 0 0 0 0
1516081975.56 0 0 0 0
1516081975.66 0 0 0 82
1516081975.76 0 0 0 0
1516081975.86 0 0 0 0
1516081975.96 0 0 0 110
1516081976.06 0 0 0 0
1516081976.16 0 0 0 0
1516081976.26 0 0 0 134
1516081976.36 0 0 0 0
1516081976.47 0 0 0 0
1516081976.58 0 0 0 686
1516081976.68 0 0 0 0
1516081976.78 0 0 0 0
1516081976.88 0 0 0 1222
1516081976.98 0 0 0 0
1516081977.08 0 0 0 0
1516081977.18 0 0 0 178
1516081977.28 0 0 0 0
1516081977.38 0 0 0 0
1516081977.48 0 0 0 266
1516081977.58 0 0 0 0
1516081977.68 0 0 0 0
1516081977.78 0 0 0 102
1516081977.88 0 0 0 360
1516081977.98 0 0 0 0
1516081978.08 0 0 0 0
1516081978.18 0 0 0 66
1516081978.28 0 0 0 0
1516081978.38 0 0 0 0
1516081978.48 0 0 0 0
1516081978.6 0 0 0 0
1516081978.69 0 0 0 0
1516081978.79 0 0 0 0
1516081978.89 0 0 0 0
1516081979.0 0 0 0 0
1516081979.1 0 0 0 0
1516081979.2 0 0 0 0
1516081979.3 0 0 0 0
1516081979.4 0 0 0 0
1516081979.5 0 0 0 42
1516081979.6 0 0 0 0
1516081979.7 0 0 0 0
1516081979.81 0 0 0 0
1516081979.9 0 0 0 0
1516081980.01 0 0 0 0
1516081980.11 0 0 0 0
1516081980.21 0 0 0 0
1516081980.31 0 0 0 0
1516081980.41 0 0 0 0
1516081980.52 0 0 0 0
1516081980.61 0 0 0 0
1516081980.71 0 0 0 0
1516081980.82 0 0 0 0
1516081980.94 0 0 0 0
1516081981.04 0 0 0 0
1516081981.15 0 0 0 0
1516081981.25 0 0 0 0
1516081981.34 0 0 0 0
1516081981.44 0 0 0 0
1516081981.55 0 0 0 0
1516081981.64 0 0 0 0
1516081981.75 0 0 0 0
1516081981.84 0 0 0 0
1516081981.95 0 0 0 0
1516081982.05 0 0 0 0
1516081982.18 0 0 0 0
1516081982.28 0 0 0 0
1516081982.38 0 0 0 0
1516081982.48 0 0 0 0
1516081982.58 0 0 0 0
1516081982.68 0 0 0 0
1516081982.78 0 0 0 0
1516081982.88 0 0 0 0
1516081982.98 0 0 0 0
1516081983.08 0 0 0 0
1516081983.19 0 0 0 0
1516081983.29 0 0 0 0
1516081983.39 0 0 0 0
1516081983.49 0 0 0 0
1516081983.59 0 0 0 0
1516081983.69 0 0 0 0
1516081983.79 0 0 0 0
1516081983.89 0 0 0 0
1516081983.99 0 0 0 0
1516081984.09 0 0 0 0
1516081984.19 0 0 0 0
1516081984.29 0 0 0 0
1516081984.39 0 0 0 0
1516081984.49 0 0 0 0
1516081984.59 0 0 0 0
1516081984.69 0 0 0 0
1516081984.79 0 0 0 0
1516081984.89 0 0 0 0
1516081984.99 0 0 0 0
1516081985.09 0 0 0 0
1516081985.19 0 0 0 0
1516081985.29 0 0 0 0
1516081985.39 0 0 0 0
1516081985.49 0 0 0 0
1516081985.59 0 0 0 0
1516081985.71 0 0 0 0
1516081985.79 0 0 0 0
1516081985.89 0 0 0 0
1516081985.99 0 0 0 0
1516081986.1 0 0 0 0
1516081986.2 0 0 0 0
1516081986.32 0 0 0 0
1516081986.42 0 0 0 0
1516081986.52 0 0 0 0
1516081986.61 0 0 0 0
1516081986.72 0 0 0 0
1516081986.82 0 0 0 0
1516081986.92 0 0 0 0
1516081987.02 0 0 0 0
1516081987.12 0 0 0 0
1516081987.22 0 0 0 0
1516081987.32 0 0 0 0
1516081987.42 0 0 0 0
1516081987.52 0 0 0 0
1516081987.62 0 0 0 0
1516081987.72 0 0 0 0
1516081987.82 0 0 0 0
1516081987.92 0 0 0 0
1516081988.02 0 0 0 0
1516081988.12 0 0 0 0
1516081988.22 0 0 0 0
1516081988.33 0 0 0 0
1516081988.42 0 0 0 0
1516081988.52 0 0 0 0
1516081988.62 0 0 0 0
1516081988.73 0 0 0 0
1516081988.83 0 0 0 0
1516081988.93 0 0 0 0
1516081989.04 0 0 0 0
1516081989.13 0 0 0 0
1516081989.23 0 0 0 0
1516081989.35 0 0 0 0
1516081989.48 0 0 0 0
1516081989.6 0 0 0 0
1516081989.7 0 0 0 0
1516081989.81 0 0 0 0
1516081989.91 0 0 0 0
1516081990.01 0 0 0 0
1516081990.1 0 0 0 0
1516081990.21 0 0 0 0
1516081990.31 0 0 0 0
1516081990.42 0 0 0 0
1516081990.51 0 0 0 0
1516081990.61 0 0 0 0
1516081990.7 0 0 0 0
1516081990.81 0 0 0 0
1516081990.91 0 0 0 0
1516081991.01 0 0 0 0
1516081991.11 0 0 0 0
1516081991.21 0 0 0 0
1516081991.31 0 0 0 0
1516081991.41 0 0 0 0
1516081991.5 0 0 0 0
1516081991.62 0 0 0 0
1516081991.74 0 0 0 0
1516081991.87 0 0 0 0
1516081991.99 0 0 0 0
1516081992.09 0 0 0 0
1516081992.19 0 0 0 0
1516081992.28 0 0 0 0
1516081992.39 0 0 0 0
1516081992.49 0 0 0 0
1516081992.6 0 0 0 0
1516081992.7 0 0 0 0
1516081992.8 0 0 0 0
1516081992.9 0 0 0 0
1516081993.01 0 0 0 0
1516081993.1 0 0 0 0
1516081993.2 0 0 0 0
1516081993.3 0 0 0 0
1516081993.4 0 0 0 0
1516081993.51 0 0 0 0
1516081993.61 0 0 0 0
1516081993.71 0 0 0 0
1516081993.81 0 0 0 0
1516081993.91 0 0 0 0
1516081994.01 0 0 0 0
1516081994.11 0 0 0 0
1516081994.23 0 0 0 0
1516081994.34 0 0 0 0
1516081994.43 0 0 0 0
1516081994.55 0 0 0 0
1516081994.67 0 0 0 0
1516081994.77 0 0 0 0
1516081994.9 0 0 0 0
1516081995.01 0 0 0 0
1516081995.1 0 0 0 0
1516081995.2 0 0 0 0
1516081995.3 0 0 0 0
1516081995.43 0 0 0 0
1516081995.54 0 0 0 0
1516081995.64 0 0 0 0
1516081995.74 0 0 0 0
1516081995.86 0 0 0 0
1516081995.98 0 0 0 0
1516081996.08 0 0 0 0
1516081996.18 0 0 0 0
1516081996.28 0 0 0 0
1516081996.38 0 0 0 0
1516081996.48 0 0 0 0
1516081996.59 0 0 0 0
1516081996.68 0 0 0 0
1516081996.78 0 0 0 0
1516081996.89 0 0 0 0
1516081996.99 0 0 0 0
1516081997.09 0 0 0 0
1516081997.2 0 0 0 0
1516081997.3 0 0 0 0
1516081997.4 0 0 0 0
1516081997.5 0 0 0 0
1516081997.59 0 0 0 0
1516081997.69 0 0 0 0
1516081997.79 0 0 0 0
1516081997.89 0 0 0 0
1516081997.99 0 0 0 0
1516081998.09 0 0 0 0
1516081998.18 0 0 0 0
1516081998.28 0 0 0 0
1516081998.38 0 0 0 0
1516081998.48 0 0 0 0
1516081998.58 0 0 0 0
1516081998.68 0 0 0 0
1516081998.78 0 0 0 0
1516081998.9 0 0 0 0
1516081999.02 0 0 0 0
1516081999.11 0 0 0 0
1516081999.22 0 0 0 0
1516081999.32 0 0 0 0
1516081999.42 0 0 0 0
1516081999.51 0 0 0 0
1516081999.62 0 0 0 0
1516081999.72 0 0 0 0
1516081999.82 0 0 0 0
1516081999.92 0 0 0 0
1516082000.02 0 0 0 0
1516082000.12 0 0 0 0
1516082000.22 0 0 0 0
1516082000.32 0 0 0 0
1516082000.42 0 0 0 0
1516082000.52 0 0 0 0
1516082000.62 0 0 0 0
1516082000.72 0 0 0 0
1516082000.82 0 0 0 0
1516082000.92 0 0 0 0
1516082001.02 0 0 0 0
1516082001.13 0 0 0 0
1516082001.23 0 0 0 0
1516082001.33 0 0 0 0
1516082001.43 0 0 0 0
1516082001.53 0 0 0 0
1516082001.64 0 0 0 0
1516082001.75 0 0 0 0
1516082001.85 0 0 0 0
1516082001.94 0 0 0 0
1516082002.04 0 0 0 0
1516082002.15 0 0 0 0
1516082002.25 0 0 0 0
1516082002.35 0 0 0 0
1516082002.45 0 0 0 0
1516082002.55 0 0 0 0
1516082002.65 0 0 0 0
1516082002.76 0 0 0 0
1516082002.85 0 0 0 0
1516082002.95 0 0 0 0
1516082003.05 0 0 0 0
1516082003.15 0 0 0 0
1516082003.27 0 0 0 0
1516082003.39 0 0 0 0
1516082003.48 0 0 0 0
1516082003.59 0 0 0 0
1516082003.69 0 0 0 0
1516082003.79 0 0 0 0
1516082003.89 0 0 0 0
1516082003.99 0 0 0 0
1516082004.09 0 0 0 0
1516082004.19 0 0 0 0
1516082004.29 0 0 0 0
1516082004.39 0 0 0 0
1516082004.49 0 0 0 0
1516082004.59 0 0 0 0
1516082004.69 0 0 0 0
1516082004.79 0 0 0 0
1516082004.89 0 0 0 0
1516082004.99 0 0 0 0
1516082005.09 0 0 0 0
1516082005.19 0 0 0 0
1516082005.29 0 0 0 0
1516082005.39 0 0 0 0
1516082005.5 0 0 0 0
1516082005.6 0 0 0 0
1516082005.7 0 0 0 0
1516082005.8 0 0 0 0
1516082005.9 0 0 0 0
1516082006.0 0 0 0 0
1516082006.1 0 0 0 0
1516082006.2 0 0 0 0
1516082006.3 0 0 0 0
1516082006.4 0 0 0 0
1516082006.5 0 0 0 0
1516082006.6 0 0 0 0
1516082006.7 0 0 0 0
1516082006.8 0 0 0 0
1516082006.9 0 0 0 0
1516082007.0 0 0 0 0
1516082007.1 0 0 0 0
1516082007.2 0 0 0 0
1516082007.3 0 0 0 0
1516082007.4 0 0 0 0
1516082007.5 0 0 0 0
1516082007.6 0 0 0 0
1516082007.71 0 0 0 0
1516082007.81 0 0 0 0
1516082007.91 0 1514 0 0
1516082008.01 0 0 0 0
1516082008.11 0 0 0 0
1516082008.21 0 13626 0 0
1516082008.31 0 40878 0 0
1516082008.41 0 31794 0 0
1516082008.51 0 22710 0 0
1516082008.61 0 31794 0 0
1516082008.71 0 37850 0 0
1516082008.81 0 42392 0 0
1516082008.91 0 42392 0 0
1516082009.01 0 42392 0 0
1516082009.11 0 43906 0 0
1516082009.21 0 45420 0 0
1516082009.31 0 46934 0 0
1516082009.41 0 46934 0 0
1516082009.51 0 48448 0 0
1516082009.61 0 49962 0 0
1516082009.71 0 49962 0 0
1516082009.81 0 49962 0 0
1516082009.91 0 49962 0 0
1516082010.01 0 51476 0 0
1516082010.11 0 52990 0 0
1516082010.21 0 51476 0 0
1516082010.31 0 52990 0 0
1516082010.41 0 51476 0 0
1516082010.51 0 54504 0 0
1516082010.61 0 52990 0 0
1516082010.71 0 54504 0 0
1516082010.81 0 52990 0 0
1516082010.92 0 56018 0 0
1516082011.02 0 54504 0 0
1516082011.12 0 54504 0 0
1516082011.22 0 57532 0 0
1516082011.33 0 59046 0 0
1516082011.42 0 48448 0 0
1516082011.52 0 56018 0 0
1516082011.62 0 54504 0 0
1516082011.72 0 54504 0 0
1516082011.82 0 56018 0 0
1516082011.92 0 54504 0 0
1516082012.02 0 54504 0 0
1516082012.12 0 56018 0 0
1516082012.22 0 54504 0 0
1516082012.32 0 56018 0 0
1516082012.42 0 54504 0 0
1516082012.52 0 56018 0 0
1516082012.62 0 56018 0 0
1516082012.72 0 56018 0 0
1516082012.82 0 56018 0 0
1516082012.92 0 54504 0 0
1516082013.02 0 56018 0 0
1516082013.12 0 56018 0 0
1516082013.22 0 56018 0 0
1516082013.32 0 56018 0 0
1516082013.42 0 56018 0 0
1516082013.52 0 56018 0 0
1516082013.62 0 56018 0 0
1516082013.72 0 56018 0 0
1516082013.82 0 56018 0 0
1516082013.92 0 56018 0 0
1516082014.02 0 56018 0 0
1516082014.12 0 56018 0 0
1516082014.23 0 56018 0 0
1516082014.32 0 56018 0 0
1516082014.42 0 56018 0 0
1516082014.52 0 56018 0 0
1516082014.62 0 56018 0 0
1516082014.72 0 56018 0 0
1516082014.83 0 56018 0 0
1516082014.93 0 56018 0 0
1516082015.03 0 56018 0 0
1516082015.12 0 56018 0 0
1516082015.22 0 56018 0 0
1516082015.32 0 56018 0 0
1516082015.43 0 59046 0 0
1516082015.53 0 56018 0 0
1516082015.63 0 56018 0 0
1516082015.73 0 54504 0 42
1516082015.83 0 54504 0 0
1516082015.93 0 57532 0 0
1516082016.03 0 57532 0 0
1516082016.14 0 57532 0 0
1516082016.23 0 52990 0 0
1516082016.33 0 56018 0 0
1516082016.43 0 56018 0 0
1516082016.53 0 56018 0 0
1516082016.63 0 56018 0 0
1516082016.73 0 56018 0 0
1516082016.83 0 56018 0 0
1516082016.93 0 56018 0 0
1516082017.03 0 57532 0 0
1516082017.13 0 56018 0 0
1516082017.23 0 56018 0 0
1516082017.33 0 56018 0 0
1516082017.43 0 56018 0 0
1516082017.53 0 56018 0 0
1516082017.63 0 56018 0 0
1516082017.73 0 56018 0 0
1516082017.83 0 56018 0 0
1516082017.93 0 56018 0 0
1516082018.03 0 56018 0 0
1516082018.13 0 56018 0 0
1516082018.24 0 62074 0 0
1516082018.37 0 69644 0 0
1516082018.46 0 49962 0 0
1516082018.56 0 56018 0 0
1516082018.66 0 57532 0 0
1516082018.76 0 56018 0 0
1516082018.86 0 56018 0 0
1516082018.96 0 56018 0 0
1516082019.06 0 56018 0 0
1516082019.16 0 56018 0 0
1516082019.26 0 56018 0 0
1516082019.36 0 57532 0 0
1516082019.46 0 54504 0 0
1516082019.56 0 56018 0 0
1516082019.66 0 56018 0 0
1516082019.76 0 56018 0 0
1516082019.86 0 56018 0 0
1516082019.96 0 56018 0 0
1516082020.06 0 56018 0 0
1516082020.16 0 56018 0 0
1516082020.28 0 68130 0 0
1516082020.39 0 60560 0 0
1516082020.49 0 57532 0 0
1516082020.59 0 54504 0 0
1516082020.69 0 57532 0 0
1516082020.79 0 56018 0 42
1516082020.89 0 57532 0 0
1516082020.99 0 54504 0 0
1516082021.1 0 60560 0 0
1516082021.19 0 52990 0 0
1516082021.3 0 59046 0 0
1516082021.4 0 56018 0 0
1516082021.5 0 57532 0 0
1516082021.64 0 75700 0 0
1516082021.74 0 56018 0 0
1516082021.84 0 56018 0 0
1516082021.94 0 57532 0 0
1516082022.04 0 59046 0 0
1516082022.15 0 59046 0 0
1516082022.25 0 54504 0 0
1516082022.35 0 56018 0 0
1516082022.45 0 56018 0 0
1516082022.55 0 59046 0 0
1516082022.65 0 51476 0 0
1516082022.75 0 57532 0 0
1516082022.85 0 56018 0 0
1516082022.95 0 56018 0 0
1516082023.05 0 56018 0 0
1516082023.15 0 56018 0 0
1516082023.25 0 57532 0 0
1516082023.35 0 54504 0 0
1516082023.45 0 56018 0 0
1516082023.55 0 56018 0 0
1516082023.65 0 59046 0 0
1516082023.75 0 56018 0 0
1516082023.85 0 54504 0 0
1516082023.96 0 57532 0 0
1516082024.06 0 59046 0 0
1516082024.15 0 51476 0 0
1516082024.25 0 56018 0 0
1516082024.35 0 57532 0 0
1516082024.45 0 56018 0 0
1516082024.55 0 56018 0 0
1516082024.65 0 56018 0 0
1516082024.76 0 59046 0 0
1516082024.85 0 52990 0 0
1516082024.95 0 56018 0 0
1516082025.05 0 57532 0 0
1516082025.15 0 56018 0 0
1516082025.25 0 54504 0 0
1516082025.35 0 56018 0 0
1516082025.45 0 56018 0 0
1516082025.55 0 57532 0 0
1516082025.65 1514 54504 0 0
1516082025.75 0 57532 0 0
1516082025.85 0 56018 0 0
1516082025.96 0 56018 0 0
1516082026.06 0 62074 0 0
1516082026.15 0 51476 0 0
1516082026.26 0 56018 0 0
1516082026.36 0 59046 0 0
1516082026.46 0 48448 0 0
1516082026.56 0 65102 0 0
1516082026.66 0 54504 0 0
1516082026.76 0 56018 0 0
1516082026.87 0 60560 0 0
1516082026.97 0 40878 0 0
1516082027.07 0 40878 0 0
1516082027.17 0 51476 0 0
1516082027.27 0 49962 0 0
1516082027.38 0 21196 0 0
1516082027.48 0 40878 0 0
1516082027.58 0 46934 0 0
1516082027.68 0 48448 0 0
1516082027.78 0 27252 0 0
1516082027.88 0 37850 0 0
1516082027.99 0 42392 0 0
1516082028.09 0 43906 0 0
1516082028.19 0 37850 0 0
1516082028.29 0 34822 0 0
1516082028.38 0 34822 0 0
1516082028.48 0 39364 0 0
1516082028.58 0 39364 0 0
1516082028.68 0 37850 0 0
1516082028.78 0 39364 0 0
1516082028.88 0 37850 0 0
1516082028.98 0 37850 0 0
1516082029.08 0 37850 0 0
1516082029.18 0 37850 0 0
1516082029.29 0 39364 0 0
1516082029.39 0 39364 0 0
1516082029.49 0 37850 0 0
1516082029.59 0 34822 0 0
1516082029.69 0 34822 0 0
1516082029.79 0 33308 0 0
1516082029.89 0 33308 0 0
1516082029.99 0 34822 0 0
1516082030.09 0 34822 0 0
1516082030.19 0 34822 0 0
1516082030.29 0 34822 0 0
1516082030.39 0 34822 0 0
1516082030.49 0 34822 0 0
1516082030.59 0 33308 0 0
1516082030.69 0 34822 0 0
1516082030.79 0 34822 0 0
1516082030.89 0 33308 0 0
1516082030.99 0 33308 0 0
1516082031.09 0 34822 0 0
1516082031.19 0 31794 0 0
1516082031.29 0 33308 0 0
1516082031.39 0 33308 0 0
1516082031.49 0 31794 0 0
1516082031.59 0 31794 0 0
1516082031.69 0 33308 0 0
1516082031.79 0 33308 0 0
1516082031.89 0 33308 0 0
1516082031.99 0 31794 0 0
1516082032.09 0 33308 0 0
1516082032.19 0 31794 0 0
1516082032.29 0 30280 0 0
1516082032.39 0 30280 0 0
1516082032.49 0 30280 0 0
1516082032.59 0 31794 0 0
1516082032.69 0 30280 0 0
1516082032.8 0 33308 0 0
1516082032.9 0 31794 0 0
1516082033.0 0 33308 0 0
1516082033.1 0 33308 0 0
1516082033.2 0 31794 0 0
1516082033.3 0 31794 0 0
1516082033.41 0 27252 0 0
1516082033.51 0 30280 0 0
1516082033.61 0 31794 0 0
1516082033.71 0 30280 0 0
1516082033.81 0 33308 0 0
1516082033.91 0 33308 0 0
1516082034.02 0 31794 0 0
1516082034.11 0 30280 0 0
1516082034.21 0 31794 0 0
1516082034.32 0 33308 0 0
1516082034.42 0 31794 0 0
1516082034.52 0 31794 0 0
1516082034.62 0 31794 0 0
1516082034.73 0 33308 0 0
1516082034.83 0 30280 0 0
1516082034.92 0 31794 0 0
1516082035.02 0 30280 0 0
1516082035.12 0 31794 0 0
1516082035.22 0 28766 0 0
1516082035.32 0 30280 0 0
1516082035.42 0 30280 0 0
1516082035.52 0 30280 0 0
1516082035.62 0 31794 0 0
1516082035.72 0 30280 0 0
1516082035.82 0 33308 0 0
1516082035.92 0 30280 0 0
1516082036.02 0 31794 0 0
1516082036.12 0 31794 0 0
1516082036.22 0 24224 0 0
1516082036.32 0 30280 0 0
1516082036.42 0 28766 0 0
1516082036.52 0 31794 0 0
1516082036.62 0 30280 0 0
1516082036.72 0 31794 0 0
1516082036.82 0 31794 0 0
1516082036.92 0 30280 0 0
1516082037.02 0 31794 0 0
1516082037.12 0 30280 0 0
1516082037.22 0 30280 0 0
1516082037.32 0 30280 0 0
1516082037.42 0 30280 0 0
1516082037.52 0 31794 0 0
1516082037.62 0 31794 0 0
1516082037.72 0 30280 0 0
1516082037.82 0 31794 0 0
1516082037.92 0 31794 0 0
1516082038.02 0 31794 0 0
1516082038.13 0 24224 0 0
1516082038.23 0 30280 0 0
1516082038.33 0 30280 0 0
1516082038.43 0 30280 0 0
1516082038.53 0 33308 0 0
1516082038.63 0 30280 0 0
1516082038.74 0 33308 0 0
1516082038.84 0 31794 0 0
1516082038.94 0 30280 0 0
1516082039.04 0 31794 0 0
1516082039.14 0 30280 0 0
1516082039.24 0 30280 0 0
1516082039.35 0 33308 0 0
1516082039.44 0 30280 0 0
1516082039.54 0 30280 0 0
1516082039.64 0 31794 0 0
1516082039.73 0 28766 0 0
1516082039.84 0 30280 0 0
1516082039.94 0 28766 0 0
1516082040.04 0 31794 0 0
1516082040.14 0 30280 0 0
1516082040.24 0 31794 0 0
1516082040.34 0 31794 0 0
1516082040.44 0 31794 0 0
1516082040.54 0 30280 0 0
1516082040.64 0 30280 0 0
1516082040.74 0 31794 0 0
1516082040.84 0 24224 0 0
1516082040.94 0 28766 0 0
1516082041.04 0 28766 0 0
1516082041.14 0 30280 0 0
1516082041.24 0 30280 0 0
1516082041.34 0 31794 0 0
1516082041.44 0 30280 0 0
1516082041.54 0 31794 0 0
1516082041.64 0 30280 0 0
1516082041.74 0 31794 0 0
1516082041.84 0 31794 0 0
1516082041.94 0 28766 0 0
1516082042.04 0 30280 0 0
1516082042.14 0 30280 0 0
1516082042.24 0 31794 0 0
1516082042.34 0 30280 0 0
1516082042.44 0 31794 0 0
1516082042.54 0 31794 0 0
1516082042.64 0 30280 0 0
1516082042.74 0 30280 0 0
1516082042.84 0 28766 0 0
1516082042.94 0 31794 0 0
1516082043.04 0 30280 0 0
1516082043.15 0 33308 0 0
1516082043.25 0 30280 0 0
1516082043.35 0 30280 0 0
1516082043.45 0 33308 0 0
1516082043.54 0 28766 0 0
1516082043.64 0 30280 0 0
1516082043.74 0 30280 0 0
1516082043.84 0 30280 0 0
1516082043.94 0 31794 0 0
1516082044.04 0 31794 0 0
1516082044.14 0 31794 0 0
1516082044.24 0 30280 0 0
1516082044.34 0 31794 0 0
1516082044.45 0 31794 0 0
1516082044.54 0 28766 0 0
1516082044.64 0 31794 0 0
1516082044.75 0 30280 0 0
1516082044.84 0 31794 0 0
1516082044.94 0 30280 0 0
1516082045.05 0 31794 0 0
1516082045.15 0 31794 0 0
1516082045.25 0 31794 0 0
1516082045.35 0 28766 0 0
1516082045.45 0 30280 0 0
1516082045.55 0 31794 0 0
1516082045.65 0 30280 0 0
1516082045.75 0 31794 0 0
1516082045.85 0 31794 0 0
1516082045.95 0 31794 0 0
1516082046.05 0 31794 0 0
1516082046.15 0 27252 0 0
1516082046.25 0 30280 0 0
1516082046.35 0 30280 0 0
1516082046.45 0 30280 0 0
1516082046.55 0 30280 0 0
1516082046.65 0 30280 0 0
1516082046.75 0 31794 0 0
1516082046.85 0 31794 0 0
1516082046.95 0 31794 0 0
1516082047.06 0 27252 0 0
1516082047.15 0 28766 0 0
1516082047.26 0 31794 0 0
1516082047.36 0 31794 0 0
1516082047.46 0 30280 0 0
1516082047.56 0 31794 0 0
1516082047.67 0 31794 0 0
1516082047.76 0 31794 0 0
1516082047.88 0 34822 0 0
1516082047.98 0 33308 0 0
1516082048.09 0 28766 0 0
1516082048.17 0 25738 0 0
1516082048.28 0 31794 0 0
1516082048.38 0 31794 0 0
1516082048.48 0 33308 0 0
1516082048.59 0 33308 0 0
1516082048.69 0 30280 0 0
1516082048.79 0 31794 0 0
1516082048.88 0 28766 0 0
1516082048.99 0 31794 0 0
1516082049.09 0 28766 0 0
1516082049.19 0 31794 0 0
1516082049.29 0 30280 0 0
1516082049.39 0 30280 0 0
1516082049.49 0 31794 0 0
1516082049.59 0 31794 0 0
1516082049.69 0 31794 0 0
1516082049.79 0 30280 0 0
1516082049.89 0 24224 0 0
1516082049.99 0 30280 0 0
1516082050.09 0 30280 0 0
1516082050.19 0 31794 0 0
1516082050.29 0 30280 0 0
1516082050.39 0 33308 0 0
1516082050.49 0 30280 0 0
1516082050.59 0 31794 0 0
1516082050.69 0 30280 0 0
1516082050.79 0 30280 0 0
1516082050.89 0 28766 0 0
1516082051.0 0 30280 0 0
1516082051.09 0 28766 0 0
1516082051.2 1514 31794 0 0
1516082051.3 0 31794 0 0
1516082051.39 0 30280 0 0
1516082051.49 0 31794 0 0
1516082051.59 0 31794 0 0
1516082051.69 0 30280 0 0
1516082051.79 0 31794 0 0
1516082051.89 0 30280 0 0
1516082051.99 0 30280 0 0
1516082052.09 0 31794 0 0
1516082052.19 0 31794 0 0
1516082052.3 0 31794 0 0
1516082052.4 0 33308 0 0
1516082052.5 0 33308 0 0
1516082052.6 0 30280 0 0
1516082052.7 0 28766 0 0
1516082052.81 0 31794 0 0
1516082052.91 0 31794 0 0
1516082053.01 0 33308 0 0
1516082053.11 0 30280 0 0
1516082053.21 0 31794 0 0
1516082053.32 0 31794 0 0
1516082053.42 0 33308 0 0
1516082053.52 0 28766 0 0
1516082053.63 0 33308 0 0
1516082053.73 0 31794 0 0
1516082053.83 0 30280 0 0
1516082053.93 0 31794 0 0
1516082054.03 0 33308 0 0
1516082054.12 0 28766 0 0
1516082054.22 0 31794 0 0
1516082054.32 0 27252 0 0
1516082054.42 0 28766 0 0
1516082054.52 0 30280 0 0
1516082054.62 0 30280 0 0
1516082054.72 0 31794 0 0
1516082054.82 0 30280 0 0
1516082054.92 0 31794 0 0
1516082055.02 0 31794 0 0
1516082055.12 0 30280 0 0
1516082055.22 0 33308 0 0
1516082055.32 0 25738 0 0
1516082055.42 0 28766 0 0
1516082055.52 0 28766 0 0
1516082055.62 0 30280 0 0
1516082055.73 0 31794 0 0
1516082055.83 0 30280 0 0
1516082055.93 0 31794 0 0
1516082056.03 0 31794 0 0
1516082056.13 0 30280 0 0
1516082056.23 0 31794 0 0
1516082056.33 0 30280 0 0
1516082056.43 0 30280 0 0
1516082056.53 0 28766 0 0
1516082056.63 0 30280 0 0
1516082056.73 0 30280 0 0
1516082056.83 0 31794 0 0
1516082056.93 0 31794 0 0
1516082057.03 0 31794 0 0
1516082057.13 0 30280 0 0
1516082057.23 0 31794 0 42
1516082057.33 0 30280 0 0
1516082057.43 0 28766 0 0
1516082057.53 0 30280 0 0
1516082057.63 0 31794 0 0
1516082057.73 0 30280 0 0
1516082057.83 0 31794 0 0
1516082057.93 0 33308 0 0
1516082058.03 0 30280 0 0
1516082058.14 0 33308 0 0
1516082058.23 0 28766 0 0
1516082058.34 0 30280 0 0
1516082058.44 0 30280 0 0
1516082058.54 0 30280 0 0
1516082058.65 0 34822 0 0
1516082058.75 0 33308 0 0
1516082058.84 0 27252 0 0
1516082058.95 0 33308 0 0
1516082059.05 0 28766 0 0
1516082059.14 0 31794 0 0
1516082059.24 0 31794 0 0
1516082059.34 0 30280 0 0
1516082059.44 0 30280 0 0
1516082059.54 0 31794 0 0
1516082059.64 0 31794 0 0
1516082059.74 0 31794 0 0
1516082059.85 0 30280 0 0
1516082059.94 0 31794 0 0
1516082060.04 0 25738 0 0
1516082060.15 0 28766 0 0
1516082060.25 0 31794 0 0
1516082060.34 0 28766 0 0
1516082060.45 0 30280 0 0
1516082060.55 0 31794 0 0
1516082060.65 0 30280 0 0
1516082060.75 0 31794 0 0
1516082060.85 0 31794 0 0
1516082060.95 0 30280 0 0
1516082061.05 0 34822 0 0
1516082061.15 0 28766 0 0
1516082061.25 0 28766 0 0
1516082061.35 0 31794 0 0
1516082061.45 0 31794 0 0
1516082061.55 0 31794 0 0
1516082061.65 0 31794 0 0
1516082061.74 0 28766 0 0
1516082061.85 0 31794 0 0
1516082061.96 0 31794 0 0
1516082062.06 0 30280 0 0
1516082062.15 0 27252 0 0
1516082062.26 0 31794 0 42
1516082062.37 0 33308 0 0
1516082062.46 0 28766 0 0
1516082062.56 0 31794 0 0
1516082062.66 0 33308 0 0
1516082062.76 0 28766 0 0
1516082062.86 0 31794 0 0
1516082062.96 0 30280 0 0
1516082063.06 0 30280 0 0
1516082063.16 0 31794 0 0
1516082063.26 0 31794 0 0
1516082063.36 0 30280 0 0
1516082063.46 0 31794 0 0
1516082063.56 0 31794 0 0
1516082063.66 0 30280 0 0
1516082063.76 0 28766 0 0
1516082063.86 0 30280 0 0
1516082063.96 0 28766 0 0
1516082064.06 0 28766 0 0
1516082064.16 0 31794 0 0
1516082064.26 0 30280 0 0
1516082064.36 0 31794 0 0
1516082064.46 0 31794 0 0
1516082064.56 0 30280 0 0
1516082064.66 0 30280 0 0
1516082064.76 0 30280 0 0
1516082064.86 0 31794 0 0
1516082064.96 0 30280 0 0
1516082065.06 0 31794 0 0
1516082065.16 0 30280 0 0
1516082065.26 0 31794 0 0
1516082065.36 0 31794 0 42
1516082065.46 0 27252 0 0
1516082065.56 0 24224 0 0
1516082065.66 0 22710 0 0
1516082065.76 0 24224 0 0
1516082065.86 0 24224 0 0
1516082065.96 0 25738 0 0
1516082066.06 0 12112 0 0
1516082066.16 0 0 0 0
1516082066.27 0 6056 0 0
1516082066.37 0 9084 0 0
1516082066.47 0 7570 0 0
1516082066.57 0 7570 0 0
1516082066.66 0 9084 0 0
1516082066.76 0 10598 0 0
1516082066.87 0 10598 0 0
1516082066.97 0 12112 0 0
1516082067.07 0 10598 0 0
1516082067.17 0 12112 0 0
1516082067.27 0 12112 0 0
1516082067.37 0 13626 0 0
1516082067.47 0 13626 0 0
1516082067.57 0 16654 0 0
1516082067.67 0 15140 0 0
1516082067.77 0 15140 0 0
1516082067.87 0 18168 0 0
1516082067.97 0 16654 0 0
1516082068.07 0 18168 0 0
1516082068.17 0 18168 0 0
1516082068.27 0 19682 0 0
1516082068.37 0 19682 0 0
1516082068.47 0 19682 0 0
1516082068.57 0 19682 0 0
1516082068.67 0 19682 0 0
1516082068.77 0 19682 0 0
1516082068.87 0 19682 0 0
1516082068.97 0 19682 0 0
1516082069.07 0 21196 0 0
1516082069.17 0 18168 0 0
1516082069.27 0 12112 0 0
1516082069.37 0 12112 0 0
1516082069.47 0 12112 0 0
1516082069.57 0 13626 0 0
1516082069.67 0 13626 0 0
1516082069.77 0 15140 0 0
1516082069.87 0 13626 0 0
1516082069.97 0 16654 0 0
1516082070.07 0 16654 0 0
1516082070.18 0 18168 0 0
1516082070.27 0 16654 0 0
1516082070.37 0 18168 0 0
1516082070.47 0 19682 0 0
1516082070.57 0 18168 0 0
1516082070.67 0 19682 0 0
1516082070.78 0 19682 0 0
1516082070.87 0 18168 0 0
1516082070.97 0 19682 0 0
1516082071.08 0 19682 0 0
1516082071.18 0 18168 0 0
1516082071.28 0 19682 0 0
1516082071.38 0 16654 0 0
1516082071.48 0 10598 0 0
1516082071.59 0 13626 0 0
1516082071.69 0 13626 0 0
1516082071.79 0 13626 0 0
1516082071.89 0 13626 0 0
1516082071.99 0 13626 0 0
1516082072.09 0 15140 0 0
1516082072.19 0 15140 0 0
1516082072.29 0 15140 0 0
1516082072.38 0 16654 0 0
1516082072.48 0 16654 0 0
1516082072.58 0 18168 0 0
1516082072.69 0 18168 0 0
1516082072.78 0 18168 0 0
1516082072.89 0 21196 0 0
1516082072.99 0 18168 0 0
1516082073.09 0 18168 0 0
1516082073.19 0 18168 0 0
1516082073.29 0 19682 0 0
1516082073.39 0 18168 0 0
1516082073.49 0 19682 0 0
1516082073.59 0 18168 0 0
1516082073.69 0 10598 0 0
1516082073.79 0 10598 0 0
1516082073.89 0 12112 0 0
1516082073.99 0 13626 0 0
1516082074.09 0 12112 0 0
1516082074.19 0 13626 0 0
1516082074.29 0 15140 0 0
1516082074.39 0 13626 0 0
1516082074.49 0 16654 0 0
1516082074.59 0 16654 0 0
1516082074.69 0 16654 0 0
1516082074.79 0 18168 0 0
1516082074.89 0 18168 0 0
1516082074.99 0 18168 0 0
1516082075.09 0 19682 0 0
1516082075.19 0 18168 0 0
1516082075.29 0 18168 0 0
1516082075.39 0 19682 0 0
1516082075.49 0 18168 0 0
1516082075.6 0 19682 0 0
1516082075.7 0 19682 0 0
1516082075.8 0 10598 0 0
1516082075.9 0 15140 0 0
1516082075.99 0 13626 0 0
1516082076.1 0 16654 0 0
1516082076.2 0 16654 0 0
1516082076.29 0 16654 0 0
1516082076.39 0 18168 0 0
1516082076.49 0 18168 0 0
1516082076.59 0 18168 0 0
1516082076.69 0 18168 0 0
1516082076.8 0 19682 0 0
1516082076.9 0 18168 0 0
1516082077.0 0 18168 0 0
1516082077.09 0 19682 0 0
1516082077.2 0 18168 0 0
1516082077.3 0 18168 0 0
1516082077.4 0 10598 0 0
1516082077.5 0 12112 0 0
1516082077.6 0 13626 0 0
1516082077.7 0 12112 0 0
1516082077.8 0 13626 0 0
1516082077.9 0 13626 0 0
1516082078.0 0 15140 0 0
1516082078.1 0 15140 0 0
1516082078.2 0 16654 0 0
1516082078.3 0 15140 0 0
1516082078.4 0 16654 0 0
1516082078.5 0 18168 0 0
1516082078.6 0 18168 0 0
1516082078.7 0 18168 0 0
1516082078.8 0 19682 0 0
1516082078.9 0 18168 0 0
1516082079.0 0 18168 0 0
1516082079.1 0 19682 0 0
1516082079.2 0 18168 0 0
1516082079.3 0 19682 0 0
1516082079.4 0 10598 0 0
1516082079.5 0 12112 0 0
1516082079.6 0 13626 0 0
1516082079.7 0 13626 0 0
1516082079.8 0 15140 0 0
1516082079.9 0 16654 0 0
1516082080.0 0 16654 0 0
1516082080.1 0 16654 0 0
1516082080.2 0 16654 0 0
1516082080.31 0 18168 0 0
1516082080.41 0 19682 0 0
1516082080.5 0 16654 0 0
1516082080.61 0 19682 0 0
1516082080.71 0 19682 0 0
1516082080.81 0 19682 0 0
1516082080.91 0 16654 0 0
1516082081.01 0 19682 0 0
1516082081.11 0 19682 0 0
1516082081.21 0 18168 0 0
1516082081.31 0 10598 0 0
1516082081.41 0 13626 0 0
1516082081.51 0 13626 0 0
1516082081.61 0 13626 0 0
1516082081.71 0 13626 0 0
1516082081.81 0 13626 0 0
1516082081.91 0 15140 0 0
1516082082.01 0 15140 0 0
1516082082.11 0 16654 0 0
1516082082.21 0 18168 0 0
1516082082.31 0 16654 0 0
1516082082.41 0 18168 0 0
1516082082.51 0 18168 0 0
1516082082.61 0 19682 0 0
1516082082.71 0 18168 0 0
1516082082.81 0 18168 0 0
1516082082.91 0 19682 0 0
1516082083.01 0 18168 0 0
1516082083.11 0 19682 0 0
1516082083.21 0 18168 0 0
1516082083.31 0 16654 0 0
1516082083.41 0 13626 0 0
1516082083.51 0 13626 0 0
1516082083.61 0 13626 0 0
1516082083.71 0 13626 0 0
1516082083.81 0 15140 0 0
1516082083.91 0 15140 0 0
1516082084.01 0 15140 0 0
1516082084.11 0 16654 0 0
1516082084.21 0 18168 0 0
1516082084.31 0 18168 0 0
1516082084.41 0 18168 0 0
1516082084.52 0 19682 0 0
1516082084.62 0 19682 0 0
1516082084.73 0 19682 0 0
1516082084.82 0 16654 0 0
1516082084.92 0 18168 0 0
1516082085.02 0 24224 0 0
1516082085.12 0 16654 0 0
1516082085.22 0 12112 0 0
1516082085.32 0 7570 0 0
1516082085.42 0 13626 0 0
1516082085.52 0 13626 0 0
1516082085.62 0 13626 0 0
1516082085.72 0 15140 0 0
1516082085.82 0 15140 0 0
1516082085.92 0 15140 0 0
1516082086.02 0 16654 0 0
1516082086.12 0 16654 0 0
1516082086.22 0 16654 0 0
1516082086.32 0 18168 0 0
1516082086.42 0 18168 0 0
1516082086.52 0 19682 0 0
1516082086.62 0 18168 0 0
1516082086.72 0 18168 0 0
1516082086.82 0 19682 0 0
1516082086.92 0 18168 0 0
1516082087.02 0 21196 0 0
1516082087.12 0 18168 0 0
1516082087.22 0 15140 0 0
1516082087.32 0 12112 0 0
1516082087.42 0 15140 0 0
1516082087.52 0 15140 0 0
1516082087.62 0 13626 0 0
1516082087.72 0 16654 0 0
1516082087.82 0 15140 0 0
1516082087.92 0 16654 0 0
1516082088.02 0 16654 0 0
1516082088.12 0 19682 0 0
1516082088.22 0 16654 0 0
1516082088.32 0 19682 0 0
1516082088.42 0 18168 0 0
1516082088.52 0 19682 0 0
1516082088.62 0 18168 0 0
1516082088.72 0 18168 0 0
1516082088.82 0 19682 0 0
1516082088.92 0 18168 0 0
1516082089.02 0 12112 0 0
1516082089.12 0 15140 0 0
1516082089.22 0 16654 0 0
1516082089.32 0 18168 0 0
1516082089.43 0 18168 0 0
1516082089.53 0 18168 0 0
1516082089.64 0 19682 0 0
1516082089.73 0 18168 0 0
1516082089.84 0 21196 0 0
1516082089.94 0 19682 0 0
1516082090.03 0 18168 0 0
1516082090.13 0 18168 0 0
1516082090.23 0 21196 0 0
1516082090.33 0 19682 0 0
1516082090.43 0 18168 0 0
1516082090.53 0 12112 0 0
1516082090.63 0 18168 0 0
1516082090.73 0 13626 0 0
1516082090.83 0 13626 0 0
1516082090.93 0 15140 0 0
1516082091.04 0 16654 0 0
1516082091.13 0 16654 0 0
1516082091.24 0 16654 0 0
1516082091.33 0 18168 0 0
1516082091.43 0 18168 0 0
1516082091.53 0 18168 0 0
1516082091.63 0 19682 0 0
1516082091.73 0 19682 0 0
1516082091.83 0 18168 0 0
1516082091.93 0 19682 0 0
1516082092.04 0 19682 0 0
1516082092.14 0 19682 0 0
1516082092.24 0 18168 0 0
1516082092.33 0 18168 0 0
1516082092.43 0 13626 0 0
1516082092.54 0 16654 0 0
1516082092.63 0 18168 0 0
1516082092.74 0 18168 0 0
1516082092.84 0 18168 0 0
1516082092.93 0 18168 0 0
1516082093.04 0 19682 0 0
1516082093.14 0 18168 0 0
1516082093.24 0 18168 0 0
1516082093.34 0 21196 0 0
1516082093.44 0 18168 0 0
1516082093.55 0 21196 0 0
1516082093.65 0 13626 0 0
1516082093.74 0 9084 0 0
1516082093.84 0 15140 0 0
1516082093.94 0 15140 0 0
1516082094.04 0 15140 0 0
1516082094.15 0 16654 0 0
1516082094.25 0 15140 0 0
1516082094.35 0 18168 0 0
1516082094.45 0 16654 0 0
1516082094.55 0 18168 0 0
1516082094.65 0 18168 0 0
1516082094.75 0 18168 0 0
1516082094.85 0 18168 0 0
1516082094.95 0 19682 0 0
1516082095.05 0 18168 0 0
1516082095.15 0 19682 0 0
1516082095.25 0 18168 0 0
1516082095.35 0 18168 0 0
1516082095.45 0 12112 0 0
1516082095.55 0 12112 0 0
1516082095.65 0 15140 0 0
1516082095.75 0 13626 0 0
1516082095.85 0 16654 0 0
1516082095.95 0 15140 0 0
1516082096.05 0 16654 0 0
1516082096.15 0 16654 0 0
1516082096.25 0 16654 0 0
1516082096.35 0 19682 0 0
1516082096.45 0 18168 0 0
1516082096.55 0 18168 0 0
1516082096.65 0 19682 0 0
1516082096.75 0 18168 0 0
1516082096.85 0 18168 0 0
1516082096.95 0 19682 0 0
1516082097.05 0 19682 0 0
1516082097.15 0 18168 0 0
1516082097.25 0 16654 0 0
1516082097.35 0 13626 0 0
1516082097.45 0 15140 0 0
1516082097.55 0 16654 0 0
1516082097.65 0 16654 0 0
1516082097.75 0 18168 0 0
1516082097.85 0 18168 0 0
1516082097.95 0 18168 0 0
1516082098.05 0 18168 0 0
1516082098.15 0 19682 0 0
1516082098.26 0 19682 0 0
1516082098.36 0 18168 0 0
1516082098.46 0 18168 0 0
1516082098.56 0 21196 0 0
1516082098.67 0 21196 0 42
1516082098.77 0 18168 0 0
1516082098.87 0 15140 0 0
1516082098.96 0 10598 0 0
1516082099.06 0 3028 0 0
1516082099.16 0 12112 0 0
1516082099.26 0 13626 0 0
1516082099.36 0 13626 0 0
1516082099.46 0 13626 0 0
1516082099.56 0 15140 0 0
1516082099.66 0 15140 0 0
1516082099.76 0 15140 0 0
1516082099.86 0 16654 0 0
1516082099.96 0 16654 0 0
1516082100.06 0 18168 0 0
1516082100.16 0 18168 0 0
1516082100.26 0 19682 0 0
1516082100.36 0 18168 0 0
1516082100.46 0 18168 0 0
1516082100.56 0 18168 0 0
1516082100.66 0 19682 0 0
1516082100.76 0 19682 0 0
1516082100.86 0 19682 0 0
1516082100.96 0 18168 0 0
1516082101.06 0 12112 0 0
1516082101.16 0 15140 0 0
1516082101.26 0 15140 0 0
1516082101.36 0 16654 0 0
1516082101.46 0 16654 0 0
1516082101.56 0 18168 0 0
1516082101.66 0 18168 0 0
1516082101.76 0 18168 0 0
1516082101.87 0 19682 0 0
1516082101.97 0 18168 0 0
1516082102.07 0 19682 0 0
1516082102.16 0 19682 0 0
1516082102.26 0 18168 0 0
1516082102.37 0 19682 0 0
1516082102.47 0 19682 0 0
1516082102.57 0 21196 0 0
1516082102.67 0 15140 0 0
1516082102.81 0 13626 0 0
1516082102.89 0 16654 0 0
1516082102.98 0 16654 0 0
1516082103.08 0 15140 0 0
1516082103.18 0 15140 0 0
1516082103.28 0 19682 0 0
1516082103.38 0 19682 0 0
1516082103.48 0 18168 0 0
1516082103.58 0 19682 0 0
1516082103.68 0 19682 0 0
1516082103.78 0 19682 0 0
1516082103.88 0 18168 0 42
1516082103.98 0 19682 0 0
1516082104.08 0 18168 0 0
1516082104.18 0 16654 0 0
1516082104.28 0 13626 0 0
1516082104.38 0 16654 0 0
1516082104.48 0 18168 0 0
1516082104.58 0 19682 0 0
1516082104.68 0 19682 0 0
1516082104.78 0 19682 0 0
1516082104.88 0 18168 0 0
1516082104.98 0 19682 0 0
1516082105.08 0 19682 0 0
1516082105.18 0 18168 0 0
1516082105.28 0 16654 0 0
1516082105.38 0 13626 0 0
1516082105.48 0 18168 0 0
1516082105.59 0 19682 0 0
1516082105.68 0 18168 0 0
1516082105.78 0 18168 0 0
1516082105.94 0 30280 0 0
1516082106.03 0 16654 0 0
1516082106.12 0 18168 0 0
1516082106.23 0 18168 0 0
1516082106.32 0 19682 0 0
1516082106.42 0 18168 0 0
1516082106.53 0 18168 0 0
1516082106.63 0 19682 0 0
1516082106.73 0 22710 0 0
1516082106.83 0 24224 0 0
1516082106.93 0 19682 0 0
1516082107.04 0 24224 0 0
1516082107.15 0 22710 0 0
1516082107.24 0 19682 0 0
1516082107.34 0 22710 0 0
1516082107.44 0 25738 0 0
1516082107.54 0 27252 0 0
1516082107.64 0 30280 0 0
1516082107.74 0 31794 0 0
1516082107.84 0 31794 0 0
1516082107.94 0 30280 0 0
1516082108.04 0 31794 0 0
1516082108.14 0 27252 0 0
1516082108.24 0 31794 0 0
1516082108.34 0 30280 0 0
1516082108.44 0 31794 0 0
1516082108.54 0 30280 0 0
1516082108.64 0 31794 0 0
1516082108.74 0 31794 0 0
1516082108.84 0 30280 0 0
1516082108.94 0 27252 0 0
1516082109.04 0 28766 0 0
1516082109.14 0 30280 0 0
1516082109.24 0 30280 0 0
1516082109.34 0 31794 0 0
1516082109.44 0 31794 0 0
1516082109.54 0 30280 0 0
1516082109.65 0 31794 0 0
1516082109.74 0 30280 0 0
1516082109.84 0 31794 0 0
1516082109.94 0 27252 0 0
1516082110.04 0 30280 0 0
1516082110.14 0 28766 0 0
1516082110.24 0 31794 0 0
1516082110.34 0 31794 0 0
1516082110.44 0 30280 0 0
1516082110.54 0 31794 0 0
1516082110.64 0 30280 0 0
1516082110.74 0 31794 0 0
1516082110.84 0 30280 0 0
1516082110.94 0 31794 0 0
1516082111.04 0 31794 0 0
1516082111.14 0 30280 0 0
1516082111.25 0 33308 0 0
1516082111.34 0 30280 0 0
1516082111.45 0 31794 0 0
1516082111.55 0 31794 0 0
1516082111.66 0 33308 0 0
1516082111.76 0 31794 0 0
1516082111.86 0 28766 0 0
1516082111.95 0 28766 0 0
1516082112.06 0 33308 0 0
1516082112.15 0 30280 0 0
1516082112.25 0 30280 0 0
1516082112.35 0 31794 0 0
1516082112.45 0 30280 0 0
1516082112.55 0 31794 0 0
1516082112.65 0 31794 0 0
1516082112.75 0 30280 0 0
1516082112.85 0 31794 0 0
1516082112.95 0 31794 0 0
1516082113.05 0 28766 0 0
1516082113.15 0 30280 0 0
1516082113.25 0 28766 0 0
1516082113.35 0 31794 0 0
1516082113.45 0 30280 0 0
1516082113.55 0 31794 0 0
1516082113.65 0 31794 0 0
1516082113.75 0 31794 0 0
1516082113.85 0 31794 0 0
1516082113.96 0 31794 0 0
1516082114.05 0 30280 0 0
1516082114.15 0 30280 0 0
1516082114.25 0 31794 0 0
1516082114.35 0 30280 0 0
1516082114.45 0 30280 0 0
1516082114.55 0 31794 0 0
1516082114.65 0 31794 0 0
1516082114.75 0 30280 0 0
1516082114.85 0 30280 0 0
1516082114.96 0 31794 0 0
1516082115.06 0 31794 0 0
1516082115.16 0 31794 0 0
1516082115.26 0 31794 0 0
1516082115.36 0 31794 0 0
1516082115.46 0 31794 0 0
1516082115.56 0 28766 0 0
1516082115.67 0 33308 0 0
1516082115.78 0 33308 0 0
1516082115.87 0 28766 0 0
1516082115.97 0 31794 0 0
1516082116.08 0 33308 0 0
1516082116.18 0 31794 0 0
1516082116.27 0 25738 0 0
1516082116.38 0 30280 0 0
1516082116.48 0 28766 0 0
1516082116.58 0 31794 0 0
1516082116.68 0 31794 0 0
1516082116.78 0 31794 0 0
1516082116.88 0 30280 0 0
1516082116.98 0 31794 0 0
1516082117.08 0 30280 0 0
1516082117.18 0 31794 0 0
1516082117.28 0 30280 0 0
1516082117.38 0 31794 0 0
1516082117.48 0 30280 0 0
1516082117.58 0 31794 0 0
1516082117.68 0 31794 0 0
1516082117.78 0 30280 0 0
1516082117.88 0 31794 0 0
1516082117.98 0 27252 0 0
1516082118.08 0 30280 0 0
1516082118.18 0 30280 0 0
1516082118.28 0 30280 0 0
1516082118.38 0 31794 0 0
1516082118.48 0 31794 0 0
1516082118.58 0 30280 0 0
1516082118.68 0 31794 0 0
1516082118.78 0 30280 0 0
1516082118.88 0 28766 0 0
1516082118.98 0 30280 0 0
1516082119.08 0 30280 0 0
1516082119.18 0 31794 0 0
1516082119.28 0 30280 0 0
1516082119.38 0 31794 0 0
1516082119.48 0 30280 0 0
1516082119.58 0 31794 0 0
1516082119.68 0 30280 0 0
1516082119.78 0 31794 0 0
1516082119.89 0 30280 0 0
1516082119.99 0 31794 0 0
1516082120.09 0 31794 0 0
1516082120.19 0 30280 0 0
1516082120.29 0 31794 0 0
1516082120.39 0 28766 0 0
1516082120.5 0 31794 0 0
1516082120.6 0 30280 0 0
1516082120.7 0 31794 0 0
1516082120.81 0 33308 0 0
1516082120.91 0 30280 0 0
1516082121.01 0 31794 0 0
1516082121.11 0 31794 0 0
1516082121.21 0 31794 0 0
1516082121.31 0 27252 0 0
1516082121.41 0 30280 0 0
1516082121.5 0 31794 0 0
1516082121.61 0 31794 0 0
1516082121.7 0 30280 0 0
1516082121.8 0 31794 0 0
1516082121.91 0 31794 0 0
1516082122.0 0 30280 0 0
1516082122.11 0 30280 0 0
1516082122.21 0 30280 0 0
1516082122.31 0 30280 0 0
1516082122.41 0 30280 0 0
1516082122.51 0 30280 0 0
1516082122.61 0 31794 0 0
1516082122.71 0 31794 0 0
1516082122.8 0 28766 0 0
1516082122.9 0 30280 0 0
1516082123.0 0 31794 0 0
1516082123.1 0 30280 0 0
1516082123.2 0 31794 0 0
1516082123.3 0 31794 0 0
1516082123.4 0 31794 0 0
1516082123.5 0 31794 0 0
1516082123.6 0 31794 0 0
1516082123.7 0 31794 0 0
1516082123.8 0 31794 0 0
1516082123.9 0 30280 0 0
1516082124.0 0 31794 0 0
1516082124.1 0 30280 0 0
1516082124.2 0 33308 0 0
1516082124.3 0 31794 0 0
1516082124.42 0 34822 0 0
1516082124.5 0 27252 0 0
1516082124.6 0 33308 0 0
1516082124.7 0 30280 0 0
1516082124.8 0 30280 0 0
1516082124.9 0 31794 0 0
1516082125.0 0 31794 0 0
1516082125.1 0 30280 0 0
1516082125.2 0 31794 0 0
1516082125.3 0 28766 0 0
1516082125.4 0 30280 0 0
1516082125.5 0 30280 0 0
1516082125.6 0 31794 0 0
1516082125.71 0 30280 0 0
1516082125.8 0 31794 0 0
1516082125.91 0 31794 0 0
1516082126.01 0 31794 0 0
1516082126.11 0 30280 0 0
1516082126.21 0 25738 0 0
1516082126.31 0 28766 0 0
1516082126.41 0 30280 0 0
1516082126.51 0 30280 0 0
1516082126.61 0 30280 0 0
1516082126.71 0 30280 0 0
1516082126.81 0 30280 0 0
1516082126.91 0 31794 0 0
1516082127.01 0 30280 0 0
1516082127.11 0 33308 0 0
1516082127.21 0 30280 0 0
1516082127.31 0 30280 0 0
1516082127.41 0 31794 0 0
1516082127.51 0 31794 0 0
1516082127.61 0 30280 0 0
1516082127.71 0 31794 0 0
1516082127.81 0 33308 0 0
1516082127.91 0 30280 0 0
1516082128.01 0 30280 0 0
1516082128.11 0 30280 0 0
1516082128.21 0 31794 0 0
1516082128.31 0 30280 0 0
1516082128.41 0 31794 0 0
1516082128.52 0 31794 0 0
1516082128.61 0 30280 0 0
1516082128.71 0 31794 0 0
1516082128.82 0 28766 0 0
1516082128.93 0 33308 0 0
1516082129.02 0 28766 0 0
1516082129.12 0 31794 0 0
1516082129.22 0 33308 0 0
1516082129.33 0 28766 0 0
1516082129.43 0 31794 0 0
1516082129.53 0 31794 0 0
1516082129.63 0 30280 0 0
1516082129.74 0 33308 0 0
1516082129.85 0 30280 0 0
1516082129.94 0 30280 0 0
1516082130.04 0 28766 0 0
1516082130.15 1514 34822 0 0
1516082130.23 0 27252 0 0
1516082130.34 0 31794 0 0
1516082130.44 0 30280 0 0
1516082130.54 0 31794 0 0
1516082130.64 0 31794 0 0
1516082130.74 0 31794 0 0
1516082130.84 0 31794 0 0
1516082130.94 0 31794 0 0
1516082131.04 0 30280 0 0
1516082131.14 0 31794 0 0
1516082131.24 0 31794 0 0
1516082131.34 0 30280 0 0
1516082131.44 0 31794 0 0
1516082131.54 0 30280 0 0
1516082131.64 0 31794 0 0
1516082131.74 0 31794 0 0
1516082131.84 0 30280 0 0
1516082131.94 0 31794 0 0
1516082132.04 0 30280 0 0
1516082132.14 0 31794 0 0
1516082132.24 0 31794 0 0
1516082132.34 0 31794 0 0
1516082132.44 0 30280 0 0
1516082132.54 0 28766 0 0
1516082132.64 0 31794 0 0
1516082132.74 0 31794 0 0
1516082132.84 0 30280 0 0
1516082132.94 0 31794 0 0
1516082133.04 0 30280 0 0
1516082133.14 0 28766 0 0
1516082133.24 0 28766 0 0
1516082133.34 0 28766 0 0
1516082133.44 0 28766 0 0
1516082133.54 0 30280 0 0
1516082133.64 0 30280 0 0
1516082133.75 0 31794 0 0
1516082133.85 0 30280 0 0
1516082133.95 0 31794 0 0
1516082134.04 0 28766 0 0
1516082134.15 0 34822 0 0
1516082134.25 0 28766 0 0
1516082134.36 0 34822 0 0
1516082134.44 0 25738 0 0
1516082134.55 0 31794 0 0
1516082134.65 0 30280 0 0
1516082134.75 0 31794 0 0
1516082134.84 0 30280 0 0
1516082134.94 0 28766 0 0
1516082135.05 0 30280 0 0
1516082135.14 0 30280 0 0
1516082135.25 0 31794 0 0
1516082135.35 0 30280 0 0
1516082135.45 0 31794 0 0
1516082135.55 0 30280 0 0
1516082135.65 0 33308 0 0
1516082135.74 0 27252 0 0
1516082135.85 0 30280 0 0
1516082135.95 0 30280 0 0
1516082136.05 0 31794 0 0
1516082136.15 0 31794 0 0
1516082136.25 0 30280 0 0
1516082136.35 0 31794 0 0
1516082136.45 0 30280 0 0
1516082136.55 0 33308 0 0
1516082136.65 0 27252 0 0
1516082136.75 0 30280 0 0
1516082136.85 0 30280 0 0
1516082136.95 0 30280 0 0
1516082137.05 0 31794 0 0
1516082137.15 0 31794 0 0
1516082137.25 0 30280 0 0
1516082137.35 0 31794 0 0
1516082137.45 0 31794 0 0
1516082137.55 0 31794 0 0
1516082137.66 0 28766 0 0
1516082137.75 0 30280 0 0
1516082137.86 0 31794 0 0
1516082137.95 0 28766 0 0
1516082138.05 0 31794 0 0
1516082138.16 0 33308 0 0
1516082138.26 0 31794 0 0
1516082138.37 0 31794 0 0
1516082138.47 0 30280 0 0
1516082138.57 0 28766 0 0
1516082138.66 0 30280 0 0
1516082138.76 0 31794 0 0
1516082138.86 0 28766 0 0
1516082138.96 0 31794 0 0
1516082139.06 0 31794 0 0
1516082139.16 0 28766 0 0
1516082139.26 0 30280 0 0
1516082139.36 0 31794 0 0
1516082139.47 0 30280 0 0
1516082139.57 0 30280 0 0
1516082139.66 0 30280 0 0
1516082139.76 0 31794 0 0
1516082139.87 0 33308 0 0
1516082139.96 0 28766 0 0
1516082140.07 0 33308 0 0
1516082140.17 0 24224 0 42
1516082140.27 0 28766 0 0
1516082140.37 0 30280 0 0
1516082140.46 0 28766 0 0
1516082140.56 0 30280 0 0
1516082140.66 0 31794 0 0
1516082140.77 0 33308 0 0
1516082140.86 0 30280 0 0
1516082140.97 0 31794 0 0
1516082141.06 0 30280 0 0
1516082141.17 0 33308 0 0
1516082141.26 0 25738 0 0
1516082141.36 0 30280 0 0
1516082141.47 0 33308 0 0
1516082141.57 0 30280 0 0
1516082141.68 0 36336 0 0
1516082141.77 0 28766 0 0
1516082141.87 0 28766 0 0
1516082141.97 0 31794 0 0
1516082142.07 0 28766 0 0
1516082142.18 0 31794 0 0
1516082142.27 0 27252 0 0
1516082142.38 0 36336 0 0
1516082142.48 0 30280 0 0
1516082142.57 0 27252 0 0
1516082142.67 0 33308 0 0
1516082142.77 0 31794 0 0
1516082142.87 0 30280 0 0
1516082142.97 0 28766 0 0
1516082143.07 0 30280 0 0
1516082143.17 0 31794 0 0
1516082143.27 0 30280 0 0
1516082143.37 0 31794 0 0
1516082143.47 0 30280 0 0
1516082143.57 0 30280 0 0
1516082143.67 0 33308 0 0
1516082143.77 0 28766 0 0
1516082143.87 0 31794 0 0
1516082143.98 0 30280 0 0
1516082144.08 0 30280 0 0
1516082144.18 0 33308 0 0
1516082144.28 0 30280 0 0
1516082144.38 0 33308 0 0
1516082144.48 0 28766 0 0
1516082144.57 0 22710 0 0
1516082144.67 0 30280 0 0
1516082144.78 0 30280 0 0
1516082144.87 0 31794 0 0
1516082144.97 0 31794 0 0
1516082145.08 0 33308 0 0
1516082145.17 0 28766 0 0
1516082145.27 0 31794 0 42
1516082145.37 0 30280 0 0
1516082145.48 0 31794 0 0
1516082145.57 0 28766 0 0
1516082145.68 0 31794 0 0
1516082145.78 0 31794 0 0
1516082145.88 0 31794 0 0
1516082145.98 0 30280 0 0
1516082146.08 0 33308 0 0
1516082146.18 0 30280 0 0
1516082146.28 0 31794 0 0
1516082146.38 0 30280 0 0
1516082146.49 0 31794 0 0
1516082146.59 0 31794 0 0
1516082146.7 0 31794 0 0
1516082146.79 0 28766 0 0
1516082146.9 0 33308 0 0
1516082146.99 0 30280 0 0
1516082147.09 0 31794 0 0
1516082147.19 0 31794 0 0
1516082147.29 0 30280 0 0
1516082147.39 0 31794 0 0
1516082147.5 0 33308 0 0
1516082147.6 0 31794 0 0
1516082147.7 0 30280 0 0
1516082147.8 0 30280 0 0
1516082147.9 0 30280 0 0
1516082148.0 0 30280 0 0
1516082148.1 0 31794 0 0
1516082148.2 0 30280 0 0
1516082148.3 0 31794 0 0
1516082148.4 0 31794 0 0
1516082148.5 0 30280 0 0
1516082148.6 0 31794 0 0
1516082148.7 0 30280 0 0
1516082148.8 0 31794 0 0
1516082148.91 0 31794 0 0
1516082149.0 0 30280 0 0
1516082149.11 0 31794 0 0
1516082149.21 0 31794 0 0
1516082149.31 0 31794 0 0
1516082149.4 0 30280 0 0
1516082149.51 0 31794 0 0
1516082149.61 0 31794 0 0
1516082149.7 0 30280 0 0
1516082149.81 0 31794 0 0
1516082149.91 0 31794 0 0
1516082150.01 0 27252 0 0
1516082150.11 0 30280 0 0
1516082150.21 0 30280 0 0
1516082150.31 0 30280 0 0
1516082150.41 0 31794 0 0
1516082150.51 0 31794 0 0
1516082150.61 0 30280 0 0
1516082150.71 0 31794 0 0
1516082150.81 0 31794 0 0
1516082150.91 0 30280 0 0
1516082151.01 0 30280 0 0
1516082151.11 0 31794 0 0
1516082151.21 0 31794 0 0
1516082151.32 0 33308 0 0
1516082151.41 0 27252 0 0
1516082151.51 0 31794 0 0
1516082151.61 0 31794 0 0
1516082151.71 0 30280 0 0
1516082151.81 0 30280 0 0
1516082151.91 0 30280 0 0
1516082152.01 0 30280 0 0
1516082152.11 0 30280 0 0
1516082152.21 0 31794 0 0
1516082152.31 0 31794 0 0
1516082152.41 0 31794 0 0
1516082152.51 0 30280 0 0
1516082152.61 0 30280 0 0
1516082152.71 0 31794 0 0
1516082152.81 0 31794 0 0
1516082152.91 0 30280 0 0
1516082153.01 0 31794 0 0
1516082153.11 0 31794 0 0
1516082153.21 0 30280 0 0
1516082153.32 0 28766 0 0
1516082153.41 0 30280 0 0
1516082153.52 0 31794 0 0
1516082153.61 0 28766 0 0
1516082153.71 0 33308 0 0
1516082153.82 0 30280 0 0
1516082153.91 0 33308 0 0
1516082154.01 0 30280 0 0
1516082154.12 0 30280 0 0
1516082154.22 0 30280 0 0
1516082154.32 0 30280 0 0
1516082154.42 0 30280 0 0
1516082154.52 0 31794 0 0
1516082154.61 0 30280 0 0
1516082154.72 0 33308 0 0
1516082154.82 0 30280 0 0
1516082154.92 0 34822 0 0
1516082155.03 0 31794 0 0
1516082155.12 0 30280 0 0
1516082155.22 0 31794 0 0
1516082155.33 0 30280 0 0
1516082155.43 0 31794 0 0
1516082155.53 0 33308 0 0
1516082155.63 0 27252 0 0
1516082155.73 0 30280 0 0
1516082155.84 0 28766 0 0
1516082155.93 0 30280 0 0
1516082156.05 0 34822 0 0
1516082156.14 0 30280 0 0
1516082156.24 0 30280 0 0
1516082156.35 0 33308 0 0
1516082156.45 0 30280 0 0
1516082156.54 0 30280 0 0
1516082156.64 0 34822 0 0
1516082156.74 0 24224 0 0
1516082156.84 0 25738 0 0
1516082156.94 0 28766 0 0
1516082157.04 0 28766 0 0
1516082157.14 0 30280 0 0
1516082157.24 0 30280 0 0
1516082157.34 0 30280 0 0
1516082157.44 0 31794 0 0
1516082157.54 0 31794 0 0
1516082157.64 0 30280 0 0
1516082157.74 0 31794 0 0
1516082157.84 0 30280 0 0
1516082157.94 0 31794 0 0
1516082158.04 0 24224 0 0
1516082158.14 0 28766 0 0
1516082158.24 0 28766 0 0
1516082158.34 0 30280 0 0
1516082158.44 0 30280 0 0
1516082158.54 0 30280 0 0
1516082158.64 0 31794 0 0
1516082158.74 0 31794 0 0
1516082158.84 0 30280 0 0
1516082158.94 0 31794 0 0
1516082159.04 0 31794 0 0
1516082159.14 0 28766 0 0
1516082159.24 0 25738 0 0
1516082159.34 0 27252 0 0
1516082159.44 0 28766 0 0
1516082159.54 0 28766 0 0
1516082159.64 0 30280 0 0
1516082159.74 0 30280 0 0
1516082159.85 0 31794 0 0
1516082159.95 0 31794 0 0
1516082160.05 0 30280 0 0
1516082160.15 0 31794 0 0
1516082160.25 0 31794 0 0
1516082160.36 0 33308 0 0
1516082160.45 0 25738 0 0
1516082160.55 0 24224 0 0
1516082160.66 0 28766 0 42
1516082160.76 0 28766 0 0
1516082160.86 0 30280 0 0
1516082160.96 0 28766 0 0
1516082161.06 0 31794 0 0
1516082161.17 0 31794 0 0
1516082161.27 0 30280 0 0
1516082161.37 0 31794 0 0
1516082161.47 0 31794 0 0
1516082161.57 0 31794 0 0
1516082161.67 0 31794 0 0
1516082161.78 0 33308 0 0
1516082161.88 0 30280 0 0
1516082161.98 0 31794 0 0
1516082162.08 0 28766 0 0
1516082162.18 0 31794 0 0
1516082162.28 0 30280 0 0
1516082162.38 0 31794 0 0
1516082162.48 0 31794 0 0
1516082162.58 0 25738 0 0
1516082162.68 0 28766 0 0
1516082162.78 0 28766 0 0
1516082162.88 0 30280 0 0
1516082162.98 0 30280 0 0
1516082163.08 0 30280 0 0
1516082163.18 0 31794 0 0
1516082163.28 0 31794 0 0
1516082163.38 0 31794 0 0
1516082163.48 0 30280 0 0
1516082163.58 0 30280 0 0
1516082163.68 0 33308 0 0
1516082163.78 0 24224 0 0
1516082163.88 0 28766 0 0
1516082163.98 0 28766 0 0
1516082164.08 0 31794 0 0
1516082164.18 0 30280 0 0
1516082164.28 0 30280 0 0
1516082164.38 0 31794 0 0
1516082164.48 0 33308 0 0
1516082164.58 0 30280 0 0
1516082164.68 0 31794 0 0
1516082164.78 0 27252 0 0
1516082164.88 0 27252 0 0
1516082164.98 0 28766 0 0
1516082165.08 0 30280 0 0
1516082165.18 0 30280 0 0
1516082165.28 0 30280 0 0
1516082165.38 0 31794 0 0
1516082165.48 0 30280 0 0
1516082165.59 0 31794 0 0
1516082165.69 0 30280 0 0
1516082165.79 0 31794 0 0
1516082165.89 0 31794 0 0
1516082165.99 0 31794 0 0
1516082166.09 0 28766 0 0
1516082166.21 0 36336 0 0
1516082166.3 0 28766 0 0
1516082166.4 0 30280 0 0
1516082166.5 0 33308 0 0
1516082166.62 0 34822 0 0
1516082166.7 0 28766 0 0
1516082166.81 0 30280 0 0
1516082166.91 0 28766 0 0
1516082167.02 0 34822 0 0
1516082167.11 0 30280 0 0
1516082167.22 0 31794 0 0
1516082167.31 0 28766 0 0
1516082167.41 0 33308 0 0
1516082167.52 0 30280 0 0
1516082167.61 0 31794 0 0
1516082167.7 0 27252 0 0
1516082167.8 0 31794 0 0
1516082167.9 0 30280 0 0
1516082168.0 0 31794 0 0
1516082168.1 0 30280 0 0
1516082168.2 0 31794 0 0
1516082168.3 0 30280 0 0
1516082168.4 0 30280 0 0
1516082168.5 0 31794 0 0
1516082168.6 0 31794 0 0
1516082168.7 0 31794 0 0
1516082168.8 0 30280 0 0
1516082168.9 0 31794 0 0
1516082169.0 0 30280 0 0
1516082169.1 0 31794 0 0
1516082169.2 0 30280 0 0
1516082169.31 0 31794 0 0
1516082169.41 0 31794 0 0
1516082169.51 0 31794 0 0
1516082169.61 0 27252 0 0
1516082169.71 0 30280 0 0
1516082169.81 0 31794 0 0
1516082169.91 0 30280 0 0
1516082170.01 0 31794 0 0
1516082170.11 0 30280 0 0
1516082170.21 0 31794 0 0
1516082170.31 0 31794 0 0
1516082170.41 0 33308 0 0
1516082170.51 0 30280 0 0
1516082170.61 0 30280 0 0
1516082170.72 0 31794 0 0
1516082170.82 0 31794 0 0
1516082170.92 0 30280 0 0
1516082171.02 0 31794 0 0
1516082171.12 0 31794 0 0
1516082171.22 0 30280 0 0
1516082171.33 0 30280 0 0
1516082171.42 0 27252 0 0
1516082171.53 0 31794 0 0
1516082171.62 0 30280 0 0
1516082171.73 0 33308 0 0
1516082171.83 0 31794 0 0
1516082171.93 0 31794 0 0
1516082172.04 0 33308 0 0
1516082172.15 0 34822 0 0
1516082172.25 0 31794 0 0
1516082172.35 0 21196 0 0
1516082172.45 0 30280 0 0
1516082172.55 0 25738 0 0
1516082172.65 0 31794 0 0
1516082172.75 0 28766 0 2360
1516082172.84 0 30280 0 1180
1516082172.94 0 30280 0 0
1516082173.04 0 31794 0 0
1516082173.14 0 33308 0 0
1516082173.24 0 33308 0 0
1516082173.34 0 34822 0 0
1516082173.44 0 36336 0 0
1516082173.55 0 37850 0 0
1516082173.65 0 36336 0 0
1516082173.75 0 39364 0 0
1516082173.84 0 40878 0 0
1516082173.95 0 40878 0 0
1516082174.04 0 42392 0 0
1516082174.14 0 42392 0 0
1516082174.25 0 45420 0 0
1516082174.35 0 45420 0 0
1516082174.45 0 45420 0 0
1516082174.55 0 46934 0 0
1516082174.65 0 46934 0 0
1516082174.75 0 46934 0 0
1516082174.85 0 49962 0 0
1516082174.95 0 49962 0 0
1516082175.05 0 48448 0 0
1516082175.15 0 51476 0 0
1516082175.25 0 49962 0 0
1516082175.35 0 51476 0 0
1516082175.45 0 52990 0 0
1516082175.55 0 49962 0 0
1516082175.65 0 54504 0 0
1516082175.75 0 52990 0 0
1516082175.86 0 57532 0 0
1516082175.96 0 51476 0 0
1516082176.07 0 54504 0 0
1516082176.15 0 49962 0 0
1516082176.25 0 52990 0 0
1516082176.35 0 9084 0 0
1516082176.45 0 0 0 0
1516082176.56 0 0 0 0
1516082176.66 0 0 0 0
1516082176.76 0 0 0 0
1516082176.86 0 0 0 0
1516082176.96 0 0 0 0
1516082177.06 0 0 0 0
1516082177.16 0 0 0 0
1516082177.26 0 0 0 0
1516082177.36 0 0 0 0
1516082177.46 0 0 0 0
1516082177.56 0 0 0 0
1516082177.66 0 0 0 0
1516082177.76 0 0 0 0
1516082177.86 0 0 0 0
1516082177.96 0 0 0 0
1516082178.06 0 0 0 0
1516082178.16 0 0 0 0
1516082178.26 0 0 0 0
1516082178.36 0 0 0 0
1516082178.46 0 0 0 0
1516082178.56 0 0 0 0
1516082178.66 0 0 0 0
1516082178.76 0 0 0 0
1516082178.86 0 0 0 0
1516082178.96 0 0 0 0
1516082179.06 0 0 0 0
1516082179.16 0 0 0 0
1516082179.26 0 0 0 0
1516082179.36 0 0 0 0
1516082179.46 0 0 0 0
1516082179.56 0 0 0 0
1516082179.66 0 0 0 0
1516082179.76 0 0 0 0
1516082179.86 0 0 0 0
1516082179.96 0 0 0 0
1516082180.06 0 0 0 0
1516082180.16 0 0 0 0
1516082180.26 0 0 0 0
1516082180.36 0 0 0 0
1516082180.46 0 0 0 0
1516082180.56 0 0 0 0
1516082180.66 0 0 0 0
1516082180.76 0 0 0 0
1516082180.86 0 0 0 0
1516082180.96 0 0 0 0
1516082181.06 0 0 0 42
1516082181.16 0 0 0 0
1516082181.26 0 0 0 0
1516082181.36 0 0 0 0
1516082181.46 0 0 0 0
1516082181.56 0 0 0 0
1516082181.66 0 0 0 0
1516082181.76 0 0 0 0
1516082181.86 0 0 0 0
1516082181.97 0 0 0 0
1516082182.07 0 0 0 0
1516082182.17 0 0 0 0
1516082182.27 0 0 0 0
1516082182.37 0 0 0 0
1516082182.47 0 0 0 0
1516082182.57 0 0 0 0
1516082182.67 0 0 0 0
1516082182.78 0 0 0 0
1516082182.88 0 0 0 0
1516082182.98 0 0 0 0
1516082183.08 0 0 0 0
1516082183.18 0 0 0 0
1516082183.28 0 0 0 0
1516082183.39 0 0 0 0
1516082183.49 0 0 0 0
1516082183.59 0 0 0 0
1516082183.68 0 0 0 0
1516082183.78 0 0 0 0
1516082183.88 0 0 0 0
1516082183.98 0 0 0 0
1516082184.08 0 0 0 0
1516082184.19 0 0 0 0
1516082184.28 0 0 0 0
1516082184.39 0 0 0 0
1516082184.49 0 0 0 0
1516082184.59 0 0 0 0
1516082184.69 0 0 0 0
1516082184.79 0 0 0 0
1516082184.89 0 0 0 0
1516082184.99 0 0 0 0
1516082185.09 0 0 0 0
1516082185.19 0 0 0 0
1516082185.29 0 0 0 0
1516082185.39 0 0 0 0
1516082185.49 0 0 0 0
1516082185.59 0 0 0 0
1516082185.69 0 0 0 0
1516082185.79 0 0 0 0
1516082185.89 0 0 0 0
1516082185.99 0 0 0 0
1516082186.09 0 0 0 0
1516082186.19 0 0 0 0
1516082186.29 0 0 0 0
1516082186.39 0 0 0 0
1516082186.49 0 0 0 0
1516082186.59 0 0 0 0
1516082186.69 0 0 0 0
1516082186.79 0 0 0 0
1516082186.89 0 0 0 0
1516082186.99 0 0 0 0
1516082187.09 0 0 0 0
1516082187.19 0 0 0 0
1516082187.29 0 0 0 0
1516082187.39 0 0 0 0
1516082187.49 0 0 0 0
1516082187.59 0 0 0 0
1516082187.69 0 0 0 0
1516082187.79 0 0 0 0
1516082187.89 0 0 0 0
1516082187.99 0 0 0 0
1516082188.09 0 0 0 0
1516082188.2 0 0 0 0
1516082188.3 0 0 0 0
1516082188.39 0 0 0 0
1516082188.5 0 0 0 0
1516082188.6 0 0 0 0
1516082188.72 0 0 0 0
1516082188.8 0 0 0 0
1516082188.9 0 0 0 0
1516082189.01 0 0 0 0
1516082189.1 0 0 0 0
1516082189.2 0 0 0 0
1516082189.3 0 0 0 0
1516082189.4 0 0 0 0
1516082189.5 0 0 0 0
1516082189.6 0 0 0 0
1516082189.7 0 0 0 0
1516082189.8 0 0 0 0
1516082189.9 0 0 0 0
1516082190.0 0 0 0 0
1516082190.1 0 0 0 0
1516082190.2 0 0 0 0
1516082190.3 0 0 0 0
1516082190.4 0 0 0 0
1516082190.5 0 0 0 0
1516082190.6 0 0 0 0
1516082190.7 0 0 0 0
1516082190.8 0 0 0 0
1516082190.9 0 0 0 0
1516082191.0 0 0 0 0
1516082191.1 0 0 0 0
1516082191.2 0 0 0 0
1516082191.3 0 0 0 0
1516082191.42 0 0 0 0
1516082191.51 0 0 0 0
1516082191.6 0 0 0 0
1516082191.7 0 0 0 0
1516082191.8 0 0 0 0
1516082191.9 0 0 0 0
1516082192.0 0 0 0 0
1516082192.1 0 0 0 0
1516082192.2 0 0 0 0
1516082192.3 0 0 0 0
1516082192.41 0 0 0 0
1516082192.51 0 0 0 0
1516082192.6 0 0 0 0
1516082192.71 0 0 0 0
1516082192.81 0 0 0 0
1516082192.91 0 0 0 0
1516082193.01 0 0 0 0
1516082193.11 0 0 0 0
1516082193.21 0 0 0 0
1516082193.31 0 0 0 0
1516082193.41 0 0 0 0
1516082193.52 0 0 0 0
1516082193.63 0 0 0 0
1516082193.71 0 0 0 0
1516082193.81 0 0 0 0
1516082193.91 0 0 0 0
1516082194.01 0 0 0 0
1516082194.13 0 0 0 0
1516082194.23 0 0 0 0
1516082194.33 0 0 0 0
1516082194.43 0 0 0 0
1516082194.53 0 0 0 0
1516082194.63 0 0 0 0
1516082194.73 0 0 0 0
1516082194.83 0 0 0 0
1516082194.93 0 0 0 0
1516082195.03 0 0 0 0
1516082195.13 0 0 0 0
1516082195.23 0 0 0 0
1516082195.33 0 0 0 0
1516082195.43 0 0 0 0
1516082195.53 0 0 0 0
1516082195.63 0 0 0 0
1516082195.73 0 0 0 0
1516082195.83 0 0 0 0
1516082195.93 0 0 0 0
1516082196.03 0 0 0 0
1516082196.13 0 0 0 0
1516082196.23 0 0 0 0
1516082196.33 0 0 0 0
1516082196.44 0 0 0 0
1516082196.53 0 0 0 0
