1516099177.35 0 0 0 74
1516099177.43 0 0 0 0
1516099177.55 0 0 0 0
1516099177.63 0 0 0 0
1516099177.75 0 0 0 0
1516099177.84 0 0 0 0
1516099177.94 0 0 0 0
1516099178.04 0 0 0 0
1516099178.14 0 0 0 0
1516099178.24 0 0 0 0
1516099178.34 0 0 0 0
1516099178.44 0 0 0 0
1516099178.53 0 0 0 0
1516099178.64 0 0 0 0
1516099178.73 0 0 0 0
1516099178.84 0 0 0 0
1516099178.94 0 0 0 0
1516099179.04 0 0 0 0
1516099179.16 0 0 0 0
1516099179.23 0 0 0 0
1516099179.33 0 0 0 0
1516099179.44 0 0 0 0
1516099179.53 0 0 0 0
1516099179.63 0 0 0 0
1516099179.73 0 0 0 0
1516099179.83 0 0 0 0
1516099179.93 0 0 0 0
1516099180.03 0 0 0 0
1516099180.13 0 0 0 0
1516099180.23 0 0 0 0
1516099180.34 0 0 0 0
1516099180.44 0 0 0 0
1516099180.54 0 0 0 0
1516099180.64 0 0 0 0
1516099180.74 0 0 0 0
1516099180.84 0 0 0 0
1516099180.94 0 0 0 0
1516099181.04 0 0 0 0
1516099181.14 0 0 0 0
1516099181.24 0 0 0 0
1516099181.34 0 0 0 0
1516099181.44 0 0 0 0
1516099181.54 0 0 0 0
1516099181.64 0 0 0 0
1516099181.74 0 0 0 0
1516099181.84 0 0 0 0
1516099181.94 0 0 0 0
1516099182.04 0 0 0 0
1516099182.14 0 0 0 0
1516099182.24 0 0 0 0
1516099182.34 0 0 0 0
1516099182.44 0 0 0 0
1516099182.54 0 0 0 0
1516099182.64 0 0 0 0
1516099182.74 0 0 0 0
1516099182.84 0 0 0 0
1516099182.94 0 0 0 0
1516099183.04 0 0 0 0
1516099183.14 0 0 0 0
1516099183.24 0 0 0 0
1516099183.34 0 0 0 0
1516099183.44 0 0 0 0
1516099183.54 0 0 0 0
1516099183.64 0 0 0 0
1516099183.74 0 0 0 0
1516099183.84 0 0 0 0
1516099183.94 0 0 0 0
1516099184.04 0 0 0 0
1516099184.15 0 0 0 0
1516099184.24 0 0 0 0
1516099184.34 0 0 0 0
1516099184.44 0 0 0 0
1516099184.54 0 0 0 0
1516099184.64 0 0 0 0
1516099184.74 0 0 0 0
1516099184.84 0 0 0 0
1516099184.94 0 0 0 0
1516099185.05 0 0 0 0
1516099185.15 0 0 0 0
1516099185.24 0 0 0 0
1516099185.35 0 0 0 0
1516099185.45 0 0 0 0
1516099185.55 0 0 0 0
1516099185.65 0 0 0 0
1516099185.75 0 0 0 0
1516099185.85 0 0 0 0
1516099185.95 0 0 0 0
1516099186.05 0 0 0 0
1516099186.15 0 0 0 0
1516099186.25 0 0 0 0
1516099186.35 0 0 0 0
1516099186.45 0 0 0 0
1516099186.55 0 0 0 0
1516099186.65 0 0 0 0
1516099186.75 0 0 0 74
1516099186.85 0 0 0 140
1516099186.95 0 0 0 1623
1516099187.05 0 0 0 406
1516099187.15 0 0 0 2035
1516099187.25 0 0 0 66
1516099187.35 0 0 0 2197
1516099187.45 0 0 0 118
1516099187.55 0 0 0 1058
1516099187.65 0 0 0 332
1516099187.75 0 0 0 94
1516099187.85 0 0 0 176
1516099187.95 0 0 0 792
1516099188.05 0 0 0 374
1516099188.15 0 0 0 0
1516099188.25 0 0 0 118
1516099188.35 0 0 0 66
1516099188.45 0 0 0 646
1516099188.55 0 0 0 0
1516099188.65 0 0 0 270
1516099188.75 0 0 0 0
1516099188.85 0 0 0 110
1516099188.95 0 0 0 118
1516099189.05 0 0 0 380
1516099189.15 0 0 0 0
1516099189.25 0 0 0 844
1516099189.35 0 0 0 0
1516099189.45 0 0 0 0
1516099189.55 0 0 0 94
1516099189.65 0 0 0 0
1516099189.76 0 0 0 0
1516099189.85 0 0 0 110
1516099189.95 0 0 0 0
1516099190.05 0 0 0 0
1516099190.15 0 0 0 446
1516099190.26 0 0 0 0
1516099190.36 0 0 0 0
1516099190.46 0 0 0 0
1516099190.56 0 0 0 198
1516099190.65 0 0 0 0
1516099190.76 0 0 0 0
1516099190.86 0 0 0 0
1516099190.96 0 0 0 0
1516099191.06 0 0 0 0
1516099191.16 0 0 0 0
1516099191.26 0 0 0 0
1516099191.36 0 0 0 0
1516099191.46 0 0 0 0
1516099191.56 0 0 0 0
1516099191.66 0 0 0 0
1516099191.76 0 0 0 60
1516099191.86 0 0 0 0
1516099191.96 0 0 0 0
1516099192.06 0 0 0 0
1516099192.16 0 0 0 0
1516099192.26 0 0 0 0
1516099192.36 0 0 0 0
1516099192.46 0 0 0 0
1516099192.56 0 0 0 0
1516099192.66 0 0 0 0
1516099192.76 0 0 0 0
1516099192.86 0 0 0 0
1516099192.96 0 0 0 0
1516099193.06 0 0 0 0
1516099193.16 0 0 0 0
1516099193.26 0 0 0 0
1516099193.36 0 0 0 0
1516099193.46 0 0 0 0
1516099193.56 0 0 0 0
1516099193.66 0 0 0 0
1516099193.76 0 0 0 0
1516099193.86 0 0 0 0
1516099193.96 0 0 0 0
1516099194.06 0 0 0 0
1516099194.16 0 0 0 0
1516099194.26 0 0 0 0
1516099194.36 0 0 0 0
1516099194.46 0 0 0 0
1516099194.56 0 0 0 0
1516099194.66 0 0 0 0
1516099194.76 0 0 0 0
1516099194.86 0 0 0 0
1516099194.96 0 0 0 0
1516099195.06 0 0 0 0
1516099195.16 0 0 0 0
1516099195.26 0 0 0 0
1516099195.36 0 0 0 0
1516099195.46 0 0 0 0
1516099195.56 0 0 0 0
1516099195.66 0 0 0 0
1516099195.77 0 0 0 0
1516099195.87 0 0 0 0
1516099195.97 0 0 0 0
1516099196.07 0 0 0 0
1516099196.17 0 0 0 0
1516099196.29 0 0 0 0
1516099196.39 0 0 0 0
1516099196.49 0 0 0 0
1516099196.59 0 0 0 0
1516099196.69 0 0 0 0
1516099196.79 0 0 0 0
1516099196.89 0 0 0 0
1516099196.99 0 0 0 0
1516099197.09 0 0 0 0
1516099197.21 0 0 0 0
1516099197.3 0 0 0 0
1516099197.4 0 0 0 0
1516099197.5 0 0 0 0
1516099197.6 0 0 0 0
1516099197.71 0 0 0 0
1516099197.8 0 0 0 0
1516099197.91 0 0 0 0
1516099198.02 0 0 0 0
1516099198.13 0 0 0 0
1516099198.23 0 0 0 0
1516099198.33 0 0 0 0
1516099198.43 0 0 0 0
1516099198.53 0 0 0 0
1516099198.63 0 0 0 0
1516099198.73 0 0 0 0
1516099198.83 0 0 0 0
1516099198.93 0 0 0 0
1516099199.03 0 0 0 0
1516099199.13 0 0 0 0
1516099199.23 0 0 0 0
1516099199.33 0 0 0 0
1516099199.43 0 0 0 0
1516099199.53 0 0 0 0
1516099199.63 0 0 0 0
1516099199.73 0 0 0 0
1516099199.83 0 0 0 0
1516099199.93 0 0 0 0
1516099200.04 0 0 0 0
1516099200.15 0 0 0 0
1516099200.26 0 0 0 0
1516099200.36 0 0 0 0
1516099200.47 0 0 0 0
1516099200.58 0 0 0 0
1516099200.67 0 0 0 0
1516099200.77 0 0 0 0
1516099200.87 0 0 0 0
1516099200.98 0 0 0 0
1516099201.08 0 0 0 0
1516099201.18 0 0 0 0
1516099201.28 0 0 0 0
1516099201.38 0 0 0 0
1516099201.48 0 0 0 0
1516099201.58 0 0 0 0
1516099201.68 0 0 0 0
1516099201.79 0 0 0 0
1516099201.93 0 0 0 0
1516099202.02 0 0 0 0
1516099202.12 0 0 0 0
1516099202.22 0 0 0 0
1516099202.32 0 0 0 0
1516099202.42 0 0 0 0
1516099202.52 0 0 0 0
1516099202.62 0 0 0 0
1516099202.72 0 0 0 0
1516099202.82 0 0 0 0
1516099202.94 0 0 0 0
1516099203.05 0 0 0 0
1516099203.14 0 0 0 0
1516099203.24 0 0 0 0
1516099203.34 0 0 0 0
1516099203.44 0 0 0 0
1516099203.54 0 0 0 0
1516099203.64 0 0 0 0
1516099203.74 0 0 0 0
1516099203.84 0 0 0 0
1516099203.94 0 0 0 0
1516099204.04 0 0 0 0
1516099204.14 0 0 0 0
1516099204.25 0 0 0 0
1516099204.35 0 0 0 0
1516099204.44 0 0 0 0
1516099204.54 0 0 0 0
1516099204.66 0 0 0 0
1516099204.79 0 0 0 0
1516099204.9 0 0 0 0
1516099205.01 0 0 0 0
1516099205.13 0 0 0 0
1516099205.23 0 0 0 0
1516099205.33 0 0 0 0
1516099205.43 0 0 0 0
1516099205.53 0 0 0 0
1516099205.63 0 0 0 0
1516099205.73 0 0 0 0
1516099205.83 0 0 0 0
1516099205.93 0 0 0 0
1516099206.03 0 0 0 0
1516099206.13 0 0 0 0
1516099206.23 0 0 0 0
1516099206.33 0 0 0 0
1516099206.43 0 0 0 0
1516099206.53 0 0 0 0
1516099206.63 0 0 0 0
1516099206.73 0 0 0 0
1516099206.83 0 0 0 0
1516099206.93 0 0 0 0
1516099207.03 0 0 0 0
1516099207.15 0 0 0 0
1516099207.27 0 0 0 0
1516099207.36 0 0 0 0
1516099207.46 0 0 0 0
1516099207.56 0 0 0 0
1516099207.66 0 0 0 0
1516099207.76 0 0 0 0
1516099207.87 0 0 0 0
1516099207.96 0 0 0 0
1516099208.07 0 0 0 0
1516099208.17 0 0 0 0
1516099208.26 0 0 0 0
1516099208.37 0 0 0 0
1516099208.47 0 0 0 0
1516099208.57 0 0 0 0
1516099208.67 0 0 0 0
1516099208.77 0 0 0 0
1516099208.87 0 0 0 0
1516099208.97 0 0 0 0
1516099209.07 0 0 0 0
1516099209.17 0 0 0 0
1516099209.27 0 0 0 0
1516099209.37 0 0 0 0
1516099209.47 0 0 0 0
1516099209.57 0 0 0 0
1516099209.67 0 0 0 0
1516099209.77 0 0 0 0
1516099209.88 0 0 0 0
1516099209.97 0 0 0 0
1516099210.07 0 0 0 0
1516099210.17 0 0 0 0
1516099210.27 0 0 0 0
1516099210.38 0 0 0 0
1516099210.47 0 0 0 0
1516099210.57 0 0 0 0
1516099210.67 0 0 0 0
1516099210.77 0 0 0 0
1516099210.87 0 0 0 0
1516099210.98 0 0 0 0
1516099211.08 0 0 0 0
1516099211.17 0 0 0 0
1516099211.28 0 0 0 0
1516099211.38 0 0 0 0
1516099211.47 0 0 0 0
1516099211.57 0 0 0 0
1516099211.67 0 0 0 0
1516099211.78 0 0 0 0
1516099211.89 0 0 0 0
1516099212.01 0 0 0 0
1516099212.11 0 0 0 0
1516099212.21 0 0 0 0
1516099212.31 0 0 0 0
1516099212.41 0 0 0 0
1516099212.51 0 0 0 0
1516099212.61 0 0 0 0
1516099212.73 0 0 0 0
1516099212.85 0 0 0 0
1516099212.95 0 0 0 0
1516099213.05 0 0 0 0
1516099213.15 0 0 0 0
1516099213.25 0 0 0 0
1516099213.35 0 0 0 0
1516099213.45 0 0 0 0
1516099213.55 0 0 0 0
1516099213.67 0 0 0 0
1516099213.8 0 0 0 0
1516099213.9 0 0 0 0
1516099214.0 0 0 0 0
1516099214.1 0 0 0 0
1516099214.2 0 0 0 0
1516099214.3 0 0 0 0
1516099214.4 0 0 0 0
1516099214.5 0 0 0 0
1516099214.6 0 0 0 0
1516099214.7 0 0 0 0
1516099214.82 0 0 0 0
1516099214.97 0 0 0 0
1516099215.07 0 0 0 0
1516099215.17 0 0 0 0
1516099215.27 0 0 0 0
1516099215.38 0 0 0 0
1516099215.48 0 0 0 0
1516099215.58 0 0 0 0
1516099215.67 0 0 0 0
1516099215.78 0 0 0 0
1516099215.87 0 0 0 0
1516099215.97 0 0 0 0
1516099216.09 0 0 0 0
1516099216.22 0 0 0 0
1516099216.32 0 0 0 0
1516099216.42 0 0 0 0
1516099216.52 0 0 0 0
1516099216.62 0 0 0 0
1516099216.72 0 0 0 0
1516099216.83 0 0 0 0
1516099216.93 0 0 0 0
1516099217.03 0 0 0 0
1516099217.13 0 0 0 0
1516099217.23 0 0 0 0
1516099217.34 0 0 0 0
1516099217.43 0 0 0 0
1516099217.53 0 0 0 0
1516099217.65 0 0 0 0
1516099217.75 0 0 0 0
1516099217.85 0 0 0 0
1516099217.95 0 0 0 0
1516099218.05 0 0 0 0
1516099218.16 0 0 0 0
1516099218.25 0 0 0 0
1516099218.35 0 0 0 0
1516099218.45 0 0 0 0
1516099218.55 0 0 0 0
1516099218.67 0 0 0 0
1516099218.79 0 0 0 0
1516099218.89 0 0 0 0
1516099218.99 0 0 0 0
1516099219.09 0 0 0 0
1516099219.19 0 0 0 0
1516099219.29 0 0 0 0
1516099219.39 0 0 0 0
1516099219.49 0 0 0 0
1516099219.59 0 0 0 0
1516099219.69 0 0 0 0
1516099219.79 0 0 0 0
1516099219.89 0 0 0 0
1516099219.99 0 0 0 0
1516099220.09 0 0 0 0
1516099220.19 0 0 0 0
1516099220.29 0 0 0 0
1516099220.39 0 0 0 0
1516099220.49 0 0 0 0
1516099220.59 0 0 0 0
1516099220.69 0 0 0 0
1516099220.79 0 0 0 0
1516099220.89 0 0 0 0
1516099220.99 0 0 0 0
1516099221.09 0 0 0 0
1516099221.19 0 0 0 0
1516099221.29 0 0 0 0
1516099221.39 0 0 0 0
1516099221.49 0 0 0 0
1516099221.59 0 0 0 0
1516099221.69 0 0 0 0
1516099221.79 0 0 0 0
1516099221.89 0 0 0 0
1516099221.99 0 0 0 0
1516099222.1 0 0 0 0
1516099222.19 0 0 0 0
1516099222.3 0 0 0 0
1516099222.39 0 0 0 0
1516099222.49 0 0 0 0
1516099222.59 0 0 0 0
1516099222.7 0 0 0 0
1516099222.8 0 0 0 0
1516099222.89 0 0 0 0
1516099223.0 0 0 0 0
1516099223.09 0 0 0 0
1516099223.2 0 0 0 0
1516099223.3 0 0 0 0
1516099223.4 0 0 0 0
1516099223.5 0 0 0 0
1516099223.6 0 0 0 0
1516099223.7 0 0 0 0
1516099223.8 0 0 0 0
1516099223.9 0 0 0 0
1516099224.0 0 0 0 0
1516099224.1 0 0 0 0
1516099224.2 0 0 0 0
1516099224.3 0 0 0 0
1516099224.4 0 0 0 0
1516099224.5 0 0 0 0
1516099224.6 0 0 0 0
1516099224.7 0 0 0 0
1516099224.8 0 0 0 0
1516099224.9 0 0 0 0
1516099225.0 0 0 0 0
1516099225.1 0 0 0 0
1516099225.2 0 0 0 0
1516099225.3 0 0 0 0
1516099225.4 0 0 0 0
1516099225.5 0 0 0 0
1516099225.6 0 0 0 0
1516099225.7 0 0 0 0
1516099225.8 0 0 0 0
1516099225.9 0 0 0 0
1516099226.0 0 0 0 0
1516099226.1 0 0 0 0
1516099226.2 0 0 0 0
1516099226.3 0 0 0 0
1516099226.4 0 0 0 0
1516099226.5 0 0 0 0
1516099226.6 0 0 0 0
1516099226.7 0 0 0 0
1516099226.8 0 0 0 0
1516099226.9 0 0 0 0
1516099227.0 0 0 0 0
1516099227.1 0 0 0 0
1516099227.2 0 0 0 0
1516099227.3 0 0 0 0
1516099227.4 0 0 0 0
1516099227.5 0 0 0 0
1516099227.6 0 0 0 0
1516099227.7 0 0 0 0
1516099227.8 0 0 0 0
1516099227.9 0 0 0 0
1516099228.0 0 0 0 0
1516099228.1 0 0 0 0
1516099228.2 0 0 0 0
1516099228.3 0 0 0 0
1516099228.4 0 0 0 0
1516099228.5 0 0 0 0
1516099228.6 0 0 0 0
1516099228.7 0 0 0 0
1516099228.8 0 0 0 0
1516099228.9 0 0 0 0
1516099229.0 0 0 0 0
1516099229.1 0 0 0 0
1516099229.2 0 0 0 0
1516099229.3 0 0 0 0
1516099229.41 0 0 0 0
1516099229.51 0 0 0 0
1516099229.61 0 0 0 0
1516099229.71 0 0 0 0
1516099229.81 0 0 0 0
1516099229.91 0 0 0 0
1516099230.01 0 0 0 0
1516099230.11 0 0 0 0
1516099230.21 0 0 0 0
1516099230.31 0 0 0 0
1516099230.41 0 0 0 0
1516099230.51 0 0 0 0
1516099230.61 0 0 0 0
1516099230.71 0 0 0 0
1516099230.81 0 0 0 0
1516099230.91 0 0 0 0
1516099231.01 0 0 0 0
1516099231.11 0 0 0 0
1516099231.21 0 0 0 0
1516099231.31 0 0 0 0
1516099231.41 0 0 0 0
1516099231.51 0 0 0 0
1516099231.61 0 0 0 0
1516099231.71 0 0 0 0
1516099231.81 0 0 0 0
1516099231.91 0 0 0 0
1516099232.01 0 0 0 0
1516099232.11 0 0 0 0
1516099232.21 0 0 0 0
1516099232.31 0 0 0 0
1516099232.41 0 0 0 0
1516099232.51 0 0 0 0
1516099232.61 0 0 0 0
1516099232.71 0 0 0 0
1516099232.81 0 0 0 0
1516099232.91 0 0 0 0
1516099233.01 0 0 0 0
1516099233.11 0 0 0 0
1516099233.21 0 0 0 0
1516099233.31 0 0 0 0
1516099233.41 0 0 0 0
1516099233.51 0 0 0 0
1516099233.61 0 0 0 0
1516099233.71 0 0 0 0
1516099233.81 0 0 0 0
1516099233.91 0 0 0 0
1516099234.02 0 0 0 0
1516099234.11 0 0 0 0
1516099234.21 0 0 0 0
1516099234.32 0 0 0 0
1516099234.42 0 0 0 0
1516099234.51 0 0 0 0
1516099234.61 0 0 0 0
1516099234.72 0 0 0 0
1516099234.82 0 0 0 0
1516099234.92 0 0 0 0
1516099235.02 0 0 0 0
1516099235.11 0 0 0 0
1516099235.22 0 0 0 0
1516099235.32 0 0 0 0
1516099235.42 0 0 0 0
1516099235.52 0 0 0 0
1516099235.62 0 0 0 0
1516099235.72 0 0 0 0
1516099235.82 0 0 0 0
1516099235.92 0 0 0 0
1516099236.02 0 0 0 0
1516099236.12 0 0 0 0
1516099236.22 0 0 0 0
1516099236.32 0 0 0 0
1516099236.42 0 0 0 0
1516099236.52 0 0 0 0
1516099236.62 0 0 0 0
1516099236.72 0 0 0 0
1516099236.82 0 0 0 0
1516099236.92 0 0 0 0
1516099237.02 0 0 0 0
1516099237.12 0 0 0 0
1516099237.22 0 0 0 0
1516099237.32 0 0 0 0
1516099237.42 0 0 0 0
1516099237.52 0 0 0 0
1516099237.62 0 0 0 0
1516099237.72 0 0 0 0
1516099237.82 0 0 0 0
1516099237.92 0 0 0 0
1516099238.02 0 0 0 0
1516099238.12 0 0 0 0
1516099238.22 0 0 0 0
1516099238.32 0 0 0 0
1516099238.42 0 0 0 0
1516099238.52 0 0 0 0
1516099238.62 0 0 0 0
1516099238.72 0 0 0 0
1516099238.83 0 0 0 0
1516099238.92 0 0 0 0
1516099239.02 0 0 0 0
1516099239.12 0 0 0 0
1516099239.22 0 0 0 0
1516099239.32 0 0 0 0
1516099239.42 0 0 0 0
1516099239.53 0 0 0 0
1516099239.62 0 0 0 0
1516099239.72 0 0 0 0
1516099239.83 0 0 0 0
1516099239.93 0 0 0 0
1516099240.02 0 0 0 0
1516099240.12 0 0 0 0
1516099240.22 0 0 0 0
1516099240.32 0 0 0 0
1516099240.43 0 0 0 0
1516099240.52 0 0 0 0
1516099240.63 0 0 0 0
1516099240.73 0 0 0 0
1516099240.83 0 0 0 0
1516099240.93 0 0 0 0
1516099241.03 0 0 0 0
1516099241.13 0 0 0 0
1516099241.23 0 0 0 0
1516099241.33 0 0 0 0
1516099241.43 0 0 0 0
1516099241.53 0 0 0 0
1516099241.63 0 0 0 0
1516099241.73 0 0 0 0
1516099241.83 0 0 0 0
1516099241.93 0 0 0 0
1516099242.03 0 0 0 0
1516099242.13 0 0 0 0
1516099242.23 0 0 0 0
1516099242.33 0 0 0 0
1516099242.43 0 0 0 0
1516099242.53 0 0 0 0
1516099242.63 0 0 0 0
1516099242.73 0 0 0 0
1516099242.83 0 0 0 0
1516099242.93 0 0 0 0
1516099243.03 0 0 0 0
1516099243.13 0 0 0 0
1516099243.23 0 0 0 0
1516099243.33 0 0 0 0
1516099243.43 0 0 0 0
1516099243.53 0 0 0 0
1516099243.63 0 0 0 0
1516099243.73 0 0 0 0
1516099243.83 0 0 0 0
1516099243.93 0 0 0 0
1516099244.03 0 0 0 0
1516099244.13 0 0 0 0
1516099244.23 0 0 0 0
1516099244.33 0 0 0 0
1516099244.43 0 0 0 0
1516099244.53 0 0 0 0
1516099244.63 0 0 0 0
1516099244.73 0 0 0 0
1516099244.83 0 0 0 0
1516099244.93 0 0 0 0
1516099245.03 0 0 0 0
1516099245.13 0 0 0 0
1516099245.23 0 0 0 0
1516099245.33 0 0 0 0
1516099245.43 0 0 0 0
1516099245.54 0 0 0 0
1516099245.64 0 0 0 0
1516099245.73 0 0 0 0
1516099245.83 0 0 0 0
1516099245.93 0 0 0 0
1516099246.04 0 0 0 0
1516099246.14 0 0 0 0
1516099246.24 0 0 0 0
1516099246.34 0 0 0 0
1516099246.44 0 0 0 0
1516099246.54 0 0 0 0
1516099246.64 0 0 0 0
1516099246.74 0 0 0 0
1516099246.84 0 0 0 0
1516099246.94 0 0 0 0
1516099247.04 0 0 0 0
1516099247.14 0 0 0 0
1516099247.24 0 0 0 0
1516099247.34 0 0 0 0
1516099247.44 0 0 0 0
1516099247.54 0 0 0 0
1516099247.64 0 0 0 0
1516099247.74 0 0 0 0
1516099247.84 0 0 0 0
1516099247.94 0 0 0 0
1516099248.04 0 0 0 0
1516099248.14 0 0 0 0
1516099248.24 0 0 0 0
1516099248.34 0 0 0 0
1516099248.44 0 0 0 0
1516099248.54 0 0 0 0
1516099248.64 0 0 0 0
1516099248.74 0 0 0 0
1516099248.84 0 0 0 0
1516099248.94 0 0 0 0
1516099249.04 0 0 0 0
1516099249.14 0 0 0 0
1516099249.24 0 0 0 0
1516099249.34 0 0 0 0
1516099249.44 0 0 0 0
1516099249.54 0 0 0 0
1516099249.64 0 0 0 0
1516099249.74 0 0 0 0
1516099249.84 0 0 0 0
1516099249.94 0 0 0 0
1516099250.04 0 0 0 0
1516099250.14 0 0 0 0
1516099250.24 0 0 0 0
1516099250.34 0 0 0 0
1516099250.44 0 0 0 0
1516099250.54 0 0 0 0
1516099250.64 0 0 0 0
1516099250.74 0 0 0 0
1516099250.84 0 0 0 0
1516099250.94 0 0 0 0
1516099251.05 0 0 0 0
1516099251.15 0 0 0 0
1516099251.24 0 0 0 0
1516099251.35 0 0 0 0
1516099251.45 0 0 0 0
1516099251.55 0 0 0 0
1516099251.65 0 0 0 0
1516099251.75 0 0 0 0
1516099251.85 0 0 0 0
1516099251.95 0 0 0 0
1516099252.05 0 0 0 0
1516099252.15 0 0 0 0
1516099252.25 0 0 0 0
1516099252.35 0 0 0 0
1516099252.45 0 0 0 0
1516099252.55 0 0 0 0
1516099252.65 0 0 0 0
1516099252.75 0 0 0 0
1516099252.85 0 0 0 0
1516099252.95 0 0 0 0
1516099253.05 0 0 0 0
1516099253.15 0 0 0 0
1516099253.25 0 0 0 0
1516099253.35 0 0 0 0
1516099253.45 0 0 0 0
1516099253.55 0 0 0 0
1516099253.65 0 0 0 0
1516099253.75 0 0 0 0
1516099253.85 0 0 0 0
1516099253.95 0 0 0 0
1516099254.05 0 0 0 0
1516099254.15 0 0 0 0
1516099254.25 0 0 0 0
1516099254.35 0 0 0 0
1516099254.45 0 0 0 0
1516099254.55 0 0 0 0
1516099254.65 0 0 0 0
1516099254.75 0 0 0 0
1516099254.85 0 0 0 0
1516099254.95 0 0 0 0
1516099255.05 0 0 0 0
1516099255.16 0 0 0 0
1516099255.26 0 0 0 0
1516099255.35 0 0 0 0
1516099255.45 0 0 0 0
1516099255.56 0 0 0 0
1516099255.66 0 0 0 0
1516099255.76 0 0 0 0
1516099255.86 0 0 0 0
1516099255.96 0 0 0 0
1516099256.06 0 0 0 0
1516099256.16 0 0 0 0
1516099256.26 0 0 0 0
1516099256.36 0 0 0 0
1516099256.46 0 0 0 0
1516099256.56 0 0 0 0
1516099256.67 0 0 0 0
1516099256.76 0 0 0 0
1516099256.86 0 0 0 0
1516099256.96 0 0 0 0
1516099257.06 0 0 0 0
1516099257.16 0 0 0 0
1516099257.26 0 0 0 0
1516099257.36 0 0 0 0
1516099257.46 0 0 0 0
1516099257.56 0 0 0 0
1516099257.66 0 0 0 0
1516099257.76 0 0 0 0
1516099257.86 0 0 0 0
1516099257.96 0 0 0 0
1516099258.06 0 0 0 0
1516099258.16 0 0 0 0
1516099258.27 0 0 0 0
1516099258.37 0 0 0 0
1516099258.46 0 0 0 0
1516099258.57 0 0 0 0
1516099258.66 0 0 0 0
1516099258.76 0 0 0 0
1516099258.87 0 0 0 0
1516099258.97 0 0 0 0
1516099259.07 0 0 0 0
1516099259.17 0 0 0 0
1516099259.27 0 0 0 0
1516099259.37 0 0 0 0
1516099259.47 0 0 0 0
1516099259.57 0 0 0 0
1516099259.67 0 0 0 0
1516099259.77 0 0 0 0
1516099259.87 0 0 0 0
1516099259.97 0 0 0 0
1516099260.07 0 0 0 0
1516099260.17 0 0 0 0
1516099260.27 0 0 0 0
1516099260.37 0 0 0 0
1516099260.47 0 0 0 0
1516099260.57 0 0 0 0
1516099260.67 0 0 0 0
1516099260.77 0 0 0 0
1516099260.87 0 0 0 0
1516099260.97 0 0 0 0
1516099261.07 0 0 0 0
1516099261.17 0 0 0 0
1516099261.27 0 0 0 0
1516099261.37 0 0 0 0
1516099261.47 0 0 0 0
1516099261.57 0 0 0 0
1516099261.67 0 0 0 0
1516099261.77 0 0 0 0
1516099261.87 0 0 0 0
1516099261.97 0 0 0 0
1516099262.08 0 0 0 0
1516099262.18 0 0 0 0
1516099262.27 0 0 0 0
1516099262.37 0 0 0 0
1516099262.47 0 0 0 0
1516099262.58 0 0 0 0
1516099262.68 0 0 0 0
1516099262.78 0 0 0 0
1516099262.88 0 0 0 0
1516099262.98 0 0 0 0
1516099263.08 0 0 0 0
1516099263.18 0 0 0 0
1516099263.28 0 0 0 0
1516099263.38 0 0 0 0
1516099263.48 0 0 0 0
1516099263.58 0 0 0 0
1516099263.68 0 0 0 0
1516099263.78 0 0 0 0
1516099263.88 0 0 0 0
1516099263.98 0 0 0 0
1516099264.08 0 0 0 0
1516099264.18 0 0 0 0
1516099264.28 0 0 0 0
1516099264.38 0 0 0 0
1516099264.48 0 0 0 0
1516099264.58 0 0 0 0
1516099264.68 0 0 0 0
1516099264.78 0 0 0 0
1516099264.88 0 0 0 0
1516099264.98 0 0 0 0
1516099265.08 0 0 0 0
1516099265.18 0 0 0 0
1516099265.28 0 0 0 0
1516099265.38 0 0 0 0
1516099265.48 0 0 0 0
1516099265.59 0 0 0 0
1516099265.68 0 0 0 0
1516099265.78 0 0 0 0
1516099265.88 0 0 0 0
1516099265.98 0 0 0 0
1516099266.08 0 0 0 0
1516099266.19 0 0 0 0
1516099266.29 0 0 0 0
1516099266.39 0 0 0 0
1516099266.48 0 0 0 0
1516099266.59 0 0 0 0
1516099266.69 0 0 0 0
1516099266.79 0 0 0 0
1516099266.89 0 0 0 0
1516099266.99 0 0 0 0
1516099267.09 0 0 0 0
1516099267.19 0 0 0 0
1516099267.29 0 0 0 0
1516099267.39 0 0 0 0
1516099267.49 0 0 0 0
1516099267.59 0 0 0 0
1516099267.69 0 0 0 0
1516099267.79 0 0 0 0
1516099267.89 0 0 0 0
1516099267.99 0 0 0 0
1516099268.09 0 0 0 0
1516099268.19 0 0 0 0
1516099268.29 0 0 0 0
1516099268.39 0 0 0 0
1516099268.49 0 0 0 0
1516099268.59 0 0 0 0
1516099268.69 0 0 0 0
1516099268.79 0 0 0 0
1516099268.89 0 0 0 0
1516099268.99 0 0 0 0
1516099269.09 0 0 0 0
1516099269.19 0 0 0 0
1516099269.29 0 0 0 0
1516099269.4 0 0 0 0
1516099269.49 0 0 0 0
1516099269.59 0 0 0 0
1516099269.69 0 0 0 0
1516099269.79 0 0 0 0
1516099269.89 0 0 0 0
1516099270.0 0 0 0 0
1516099270.1 0 0 0 0
1516099270.2 0 0 0 0
1516099270.3 0 0 0 0
1516099270.4 0 0 0 0
1516099270.5 0 0 0 0
1516099270.6 0 0 0 0
1516099270.7 0 0 0 0
1516099270.8 0 0 0 0
1516099270.9 0 0 0 0
1516099271.0 0 0 0 0
1516099271.1 0 0 0 0
1516099271.2 0 0 0 0
1516099271.31 0 0 0 0
1516099271.4 0 0 0 0
1516099271.5 0 0 0 0
1516099271.6 0 0 0 0
1516099271.7 0 0 0 0
1516099271.8 0 0 0 0
1516099271.9 0 0 0 0
1516099272.01 0 0 0 0
1516099272.11 0 0 0 0
1516099272.21 0 0 0 0
1516099272.31 0 0 0 0
1516099272.41 0 0 0 0
1516099272.51 0 0 0 0
1516099272.61 0 0 0 0
1516099272.71 0 0 0 0
1516099272.81 0 0 0 0
1516099272.92 0 0 0 0
1516099273.01 0 0 0 0
1516099273.11 0 0 0 0
1516099273.21 0 0 0 0
1516099273.31 0 0 0 0
1516099273.41 0 0 0 0
1516099273.52 0 0 0 0
1516099273.61 0 0 0 0
1516099273.71 0 0 0 0
1516099273.82 0 0 0 0
1516099273.92 0 0 0 0
1516099274.02 0 0 0 0
1516099274.12 0 0 0 0
1516099274.22 0 0 0 0
1516099274.32 0 0 0 0
1516099274.42 0 0 0 0
1516099274.52 0 0 0 0
1516099274.62 0 0 0 0
1516099274.72 0 0 0 0
1516099274.82 0 0 0 0
1516099274.92 0 0 0 0
1516099275.02 0 0 0 0
1516099275.12 0 0 0 0
1516099275.22 0 0 0 0
1516099275.32 0 0 0 0
1516099275.42 0 0 0 0
1516099275.52 0 0 0 0
1516099275.62 0 0 0 0
1516099275.72 0 0 0 0
1516099275.82 0 0 0 0
1516099275.93 0 0 0 0
1516099276.02 0 0 0 0
1516099276.13 0 0 0 0
1516099276.23 0 0 0 0
1516099276.33 0 0 0 0
1516099276.43 0 0 0 0
1516099276.53 0 0 0 0
1516099276.63 0 0 0 0
1516099276.73 0 0 0 0
1516099276.83 0 0 0 0
1516099276.93 0 0 0 0
1516099277.03 0 0 0 0
1516099277.13 0 0 0 0
1516099277.23 0 0 0 0
1516099277.33 0 0 0 0
1516099277.43 0 0 0 0
1516099277.53 0 0 0 0
1516099277.63 0 0 0 0
1516099277.73 0 0 0 0
1516099277.83 0 0 0 0
1516099277.94 0 0 0 0
1516099278.03 0 0 0 0
1516099278.13 0 0 0 0
1516099278.24 0 0 0 0
1516099278.33 0 0 0 0
1516099278.44 0 0 0 0
1516099278.53 0 0 0 0
1516099278.63 0 0 0 0
1516099278.73 0 0 0 0
1516099278.84 0 0 0 0
1516099278.94 0 0 0 0
1516099279.04 0 0 0 0
1516099279.14 0 0 0 0
1516099279.24 0 0 0 0
1516099279.34 0 0 0 0
1516099279.44 0 0 0 0
1516099279.54 0 0 0 0
1516099279.64 0 0 0 0
1516099279.74 0 0 0 0
1516099279.84 0 0 0 0
1516099279.94 0 0 0 0
1516099280.04 0 0 0 0
1516099280.14 0 0 0 0
1516099280.24 0 0 0 0
1516099280.34 0 0 0 0
1516099280.44 0 0 0 0
1516099280.54 0 0 0 0
1516099280.64 0 0 0 0
1516099280.74 0 0 0 0
1516099280.84 0 0 0 0
1516099280.94 0 0 0 0
1516099281.04 0 0 0 0
1516099281.14 0 0 0 0
1516099281.24 0 0 0 0
1516099281.34 0 0 0 0
1516099281.44 0 0 0 0
1516099281.54 0 0 0 0
1516099281.65 0 0 0 0
1516099281.74 0 0 0 0
1516099281.84 0 0 0 0
1516099281.94 0 0 0 0
1516099282.04 0 0 0 0
1516099282.14 0 0 0 0
1516099282.24 0 0 0 0
1516099282.34 0 0 0 0
1516099282.45 0 0 0 0
1516099282.55 0 0 0 0
1516099282.65 0 0 0 0
1516099282.74 0 0 0 0
1516099282.85 0 0 0 0
1516099282.95 0 0 0 0
1516099283.05 0 0 0 0
1516099283.15 0 0 0 0
1516099283.25 0 0 0 0
1516099283.35 0 0 0 0
1516099283.45 0 0 0 0
1516099283.55 0 0 0 0
1516099283.65 0 0 0 0
1516099283.75 0 0 0 0
1516099283.85 0 0 0 0
1516099283.95 0 0 0 0
1516099284.05 0 0 0 0
1516099284.15 0 0 0 0
1516099284.25 0 0 0 0
1516099284.35 0 0 0 0
1516099284.45 0 0 0 0
1516099284.56 0 0 0 0
1516099284.65 0 0 0 0
1516099284.76 0 0 0 0
1516099284.85 0 0 0 0
1516099284.95 0 0 0 0
1516099285.06 0 0 0 0
1516099285.16 0 0 0 0
1516099285.25 0 0 0 0
1516099285.36 0 0 0 0
1516099285.46 0 0 0 0
1516099285.55 0 0 0 0
1516099285.66 0 0 0 0
1516099285.76 0 0 0 0
1516099285.86 0 0 0 0
1516099285.96 0 0 0 0
1516099286.06 0 0 0 0
1516099286.16 0 0 0 0
1516099286.26 0 0 0 0
1516099286.36 0 0 0 0
1516099286.46 0 0 0 0
1516099286.56 0 0 0 0
1516099286.66 0 0 0 0
1516099286.76 0 0 0 0
1516099286.86 0 0 0 0
1516099286.96 0 0 0 0
1516099287.06 0 0 0 0
1516099287.16 0 0 0 0
1516099287.26 0 0 0 0
1516099287.36 0 0 0 0
1516099287.46 0 0 0 0
1516099287.56 0 0 0 0
1516099287.66 0 0 0 0
1516099287.76 0 0 0 0
1516099287.86 0 0 0 0
1516099287.96 0 0 0 0
1516099288.06 0 0 0 0
1516099288.16 0 0 0 0
1516099288.26 0 0 0 0
1516099288.36 0 0 0 0
1516099288.46 0 0 0 0
1516099288.57 0 0 0 0
1516099288.67 0 0 0 0
1516099288.77 0 0 0 0
1516099288.87 0 0 0 0
1516099288.97 0 0 0 0
1516099289.07 0 0 0 0
1516099289.17 0 0 0 0
1516099289.27 0 0 0 0
1516099289.37 0 0 0 0
1516099289.47 0 0 0 0
1516099289.57 0 0 0 0
1516099289.67 0 0 0 0
1516099289.77 0 0 0 0
1516099289.87 0 0 0 0
1516099289.97 0 0 0 0
1516099290.07 0 0 0 0
1516099290.17 0 0 0 0
1516099290.27 0 0 0 0
1516099290.37 0 0 0 0
1516099290.47 0 0 0 0
1516099290.57 0 0 0 0
1516099290.67 0 0 0 0
1516099290.77 0 0 0 0
1516099290.87 0 0 0 0
1516099290.97 0 0 0 0
1516099291.07 0 0 0 0
1516099291.17 0 0 0 0
1516099291.27 0 0 0 0
1516099291.38 0 0 0 0
1516099291.48 0 0 0 0
1516099291.57 0 0 0 0
1516099291.67 0 0 0 0
1516099291.78 0 0 0 0
1516099291.87 0 0 0 0
1516099291.97 0 0 0 0
1516099292.07 0 0 0 0
1516099292.17 0 0 0 0
1516099292.27 0 0 0 0
1516099292.37 0 0 0 0
1516099292.47 0 0 0 0
1516099292.58 0 0 0 0
1516099292.68 0 0 0 0
1516099292.78 0 0 0 0
1516099292.88 0 0 0 0
1516099292.98 0 0 0 0
1516099293.08 0 0 0 0
1516099293.18 0 0 0 0
1516099293.28 0 0 0 0
1516099293.38 0 0 0 0
1516099293.48 0 0 0 0
1516099293.58 0 0 0 0
1516099293.68 0 0 0 0
1516099293.78 0 0 0 0
1516099293.88 0 0 0 0
1516099293.98 0 0 0 0
1516099294.08 0 0 0 0
1516099294.18 0 0 0 0
1516099294.28 0 0 0 0
1516099294.38 0 0 0 0
1516099294.48 0 0 0 0
1516099294.58 0 0 0 0
1516099294.68 0 0 0 0
1516099294.79 0 0 0 0
1516099294.88 0 0 0 0
1516099294.99 0 0 0 0
1516099295.08 0 0 0 0
1516099295.19 0 0 0 0
1516099295.29 0 0 0 0
1516099295.39 0 0 0 0
1516099295.49 0 0 0 0
1516099295.59 0 0 0 0
1516099295.69 0 0 0 0
1516099295.79 0 0 0 0
1516099295.89 0 0 0 0
1516099295.99 0 0 0 0
1516099296.09 0 0 0 0
1516099296.19 0 0 0 0
1516099296.29 0 0 0 0
1516099296.39 0 0 0 0
1516099296.49 0 0 0 0
1516099296.59 0 0 0 0
1516099296.69 0 0 0 0
1516099296.79 0 0 0 0
1516099296.89 0 0 0 0
1516099296.99 0 0 0 0
1516099297.09 0 0 0 0
1516099297.19 0 0 0 0
1516099297.29 0 0 0 0
1516099297.39 0 0 0 0
1516099297.49 0 0 0 0
1516099297.59 0 0 0 0
1516099297.69 0 0 0 0
1516099297.79 0 0 0 0
1516099297.89 0 0 0 0
1516099297.99 0 0 0 0
1516099298.09 0 0 0 0
1516099298.19 0 0 0 0
1516099298.29 0 0 0 0
1516099298.39 0 0 0 0
1516099298.49 0 0 0 0
1516099298.59 0 0 0 0
1516099298.69 0 0 0 0
1516099298.8 0 0 0 0
1516099298.9 0 0 0 0
1516099299.0 0 0 0 0
1516099299.09 0 0 0 0
1516099299.2 0 0 0 0
1516099299.3 0 0 0 0
1516099299.4 0 0 0 0
1516099299.5 0 0 0 0
1516099299.6 0 0 0 0
1516099299.7 0 0 0 0
1516099299.8 0 0 0 0
1516099299.9 0 0 0 0
1516099300.0 0 0 0 0
1516099300.1 0 0 0 0
1516099300.2 0 0 0 0
1516099300.3 0 0 0 0
1516099300.4 0 0 0 0
1516099300.5 0 0 0 0
1516099300.6 0 0 0 0
1516099300.7 0 0 0 0
1516099300.8 0 0 0 0
1516099300.9 0 0 0 0
1516099301.0 0 0 0 0
1516099301.1 0 0 0 0
1516099301.2 0 0 0 0
1516099301.3 0 0 0 0
1516099301.4 0 0 0 0
1516099301.51 0 0 0 0
1516099301.61 0 0 0 0
1516099301.7 0 0 0 0
1516099301.81 0 0 0 0
1516099301.91 0 0 0 0
1516099302.01 0 0 0 0
1516099302.11 0 0 0 0
1516099302.21 0 0 0 0
1516099302.31 0 0 0 0
1516099302.41 0 0 0 0
1516099302.51 0 0 0 0
1516099302.61 0 0 0 0
1516099302.71 0 0 0 0
1516099302.81 0 0 0 0
1516099302.91 0 0 0 0
1516099303.01 0 0 0 0
1516099303.11 0 0 0 0
1516099303.21 0 0 0 0
1516099303.31 0 0 0 0
1516099303.41 0 0 0 0
1516099303.51 0 0 0 0
1516099303.61 0 0 0 0
1516099303.71 0 0 0 0
1516099303.81 0 0 0 0
1516099303.91 0 0 0 0
1516099304.02 0 0 0 0
1516099304.11 0 0 0 0
1516099304.22 0 0 0 0
1516099304.31 0 0 0 0
1516099304.42 0 0 0 0
1516099304.52 0 0 0 0
1516099304.62 0 0 0 0
1516099304.72 0 0 0 0
1516099304.82 0 0 0 0
1516099304.92 0 0 0 0
1516099305.02 0 0 0 0
1516099305.11 0 0 0 0
1516099305.22 0 0 0 0
1516099305.32 0 0 0 0
1516099305.42 0 0 0 0
1516099305.52 0 0 0 0
1516099305.62 0 0 0 0
1516099305.72 0 0 0 0
1516099305.82 0 0 0 0
1516099305.92 0 0 0 0
1516099306.02 0 0 0 0
1516099306.12 0 0 0 0
1516099306.22 0 0 0 0
1516099306.32 0 0 0 0
1516099306.42 0 0 0 0
1516099306.52 0 0 0 0
1516099306.62 0 0 0 0
1516099306.72 0 0 0 0
1516099306.82 0 0 0 0
1516099306.92 0 0 0 0
1516099307.02 0 0 0 0
1516099307.12 0 0 0 0
1516099307.22 0 0 0 0
1516099307.32 0 0 0 0
1516099307.42 0 0 0 0
1516099307.52 0 0 0 0
1516099307.62 0 0 0 0
1516099307.72 0 0 0 0
1516099307.82 0 0 0 0
1516099307.93 0 0 0 0
1516099308.03 0 0 0 0
1516099308.13 0 0 0 0
1516099308.23 0 0 0 0
1516099308.33 0 0 0 0
1516099308.43 0 0 0 0
1516099308.53 0 0 0 0
1516099308.63 0 0 0 0
1516099308.73 0 0 0 0
1516099308.83 0 0 0 0
1516099308.93 0 0 0 0
1516099309.03 0 0 0 0
1516099309.13 0 0 0 0
1516099309.23 0 0 0 0
1516099309.33 0 0 0 0
1516099309.43 0 0 0 0
1516099309.53 0 0 0 0
1516099309.63 0 0 0 0
1516099309.73 0 0 0 0
1516099309.83 0 0 0 0
1516099309.93 0 0 0 0
1516099310.03 0 0 0 0
1516099310.13 0 0 0 0
1516099310.23 0 0 0 0
1516099310.33 0 0 0 0
1516099310.43 0 0 0 0
1516099310.53 0 0 0 0
1516099310.63 0 0 0 0
1516099310.74 0 0 0 0
1516099310.83 0 0 0 0
1516099310.94 0 0 0 0
1516099311.04 0 0 0 0
1516099311.14 0 0 0 0
1516099311.24 0 0 0 0
1516099311.34 0 0 0 0
1516099311.44 0 0 0 0
1516099311.54 0 0 0 0
1516099311.64 0 0 0 0
1516099311.74 0 0 0 0
1516099311.84 0 0 0 0
1516099311.94 0 0 0 0
1516099312.04 0 0 0 0
1516099312.14 0 0 0 0
1516099312.24 0 0 0 0
1516099312.34 0 0 0 0
1516099312.44 0 0 0 0
1516099312.54 0 0 0 0
1516099312.64 0 0 0 0
1516099312.74 0 0 0 0
1516099312.84 0 0 0 0
1516099312.94 0 0 0 0
1516099313.04 0 0 0 0
1516099313.14 0 0 0 0
1516099313.24 0 0 0 0
1516099313.34 0 0 0 0
1516099313.45 0 0 0 0
1516099313.55 0 0 0 0
1516099313.64 0 0 0 0
1516099313.74 0 0 0 0
1516099313.85 0 0 0 0
1516099313.95 0 0 0 0
1516099314.05 0 0 0 0
1516099314.15 0 0 0 0
1516099314.25 0 0 0 0
1516099314.35 0 0 0 0
1516099314.45 0 0 0 0
1516099314.55 0 0 0 0
1516099314.65 0 0 0 0
1516099314.75 0 0 0 0
1516099314.85 0 0 0 0
1516099314.95 0 0 0 0
1516099315.05 0 0 0 0
1516099315.15 0 0 0 0
1516099315.26 0 0 0 0
1516099315.35 0 0 0 0
1516099315.45 0 0 0 0
1516099315.55 0 0 0 0
1516099315.65 0 0 0 0
1516099315.76 0 0 0 0
1516099315.86 0 0 0 0
1516099315.95 0 0 0 0
1516099316.05 0 0 0 0
1516099316.15 0 0 0 0
1516099316.25 0 0 0 0
1516099316.35 0 0 0 0
1516099316.45 0 0 0 0
1516099316.55 0 0 0 0
1516099316.65 0 0 0 0
1516099316.76 0 0 0 0
1516099316.86 0 0 0 0
1516099316.96 0 0 0 0
1516099317.06 0 0 0 0
1516099317.16 0 0 0 0
1516099317.26 0 0 0 0
1516099317.36 0 0 0 0
1516099317.46 0 0 0 0
1516099317.56 0 0 0 0
1516099317.66 0 0 0 0
1516099317.76 0 0 0 0
1516099317.86 0 0 0 0
1516099317.96 0 0 0 0
1516099318.06 0 0 0 0
1516099318.16 0 0 0 0
1516099318.26 0 0 0 0
1516099318.36 0 0 0 0
1516099318.46 0 0 0 0
1516099318.56 0 0 0 0
1516099318.66 0 0 0 0
1516099318.76 0 0 0 0
1516099318.86 0 0 0 0
1516099318.96 0 0 0 0
1516099319.06 0 0 0 0
1516099319.16 0 0 0 0
1516099319.26 0 0 0 0
1516099319.36 0 0 0 0
1516099319.46 0 0 0 0
1516099319.56 0 0 0 0
1516099319.66 0 0 0 0
1516099319.76 0 0 0 0
1516099319.87 0 0 0 0
1516099319.97 0 0 0 0
1516099320.06 0 0 0 0
1516099320.16 0 0 0 0
1516099320.26 0 0 0 0
1516099320.36 0 0 0 0
1516099320.46 0 0 0 0
1516099320.57 0 0 0 0
1516099320.67 0 0 0 0
1516099320.77 0 0 0 0
1516099320.87 0 0 0 0
1516099320.97 0 0 0 0
1516099321.07 0 0 0 0
1516099321.17 0 0 0 0
1516099321.27 0 0 0 0
1516099321.37 0 0 0 0
1516099321.47 0 0 0 0
1516099321.57 0 0 0 0
1516099321.67 0 0 0 0
1516099321.77 0 0 0 0
1516099321.87 0 0 0 0
1516099321.97 0 0 0 0
1516099322.07 0 0 0 0
1516099322.17 0 0 0 0
1516099322.27 0 0 0 0
1516099322.37 0 0 0 0
1516099322.47 0 0 0 0
1516099322.57 0 0 0 0
1516099322.67 0 0 0 0
1516099322.77 0 0 0 0
1516099322.87 0 0 0 0
1516099322.97 0 0 0 0
1516099323.07 0 0 0 0
1516099323.17 0 0 0 0
1516099323.27 0 0 0 0
1516099323.37 0 0 0 0
1516099323.47 0 0 0 0
1516099323.57 0 0 0 0
1516099323.68 0 0 0 0
1516099323.78 0 0 0 0
1516099323.88 0 0 0 0
1516099323.98 0 0 0 0
1516099324.08 0 0 0 0
1516099324.18 0 0 0 0
1516099324.28 0 0 0 0
1516099324.38 0 0 0 0
1516099324.48 0 0 0 0
1516099324.58 0 0 0 0
1516099324.68 0 0 0 0
1516099324.78 0 0 0 0
1516099324.88 0 0 0 0
1516099324.98 0 0 0 0
1516099325.08 0 0 0 0
1516099325.18 0 0 0 0
1516099325.28 0 0 0 0
1516099325.38 0 0 0 0
1516099325.48 0 0 0 0
1516099325.58 0 0 0 0
1516099325.68 0 0 0 0
1516099325.78 0 0 0 0
1516099325.88 0 0 0 0
1516099325.98 0 0 0 0
1516099326.08 0 0 0 0
1516099326.19 0 0 0 0
1516099326.28 0 0 0 0
1516099326.39 0 0 0 0
1516099326.48 0 0 0 0
1516099326.58 0 0 0 0
1516099326.68 0 0 0 0
1516099326.78 0 0 0 0
1516099326.88 0 0 0 0
1516099326.98 0 0 0 0
1516099327.08 0 0 0 0
1516099327.18 0 0 0 0
1516099327.28 0 0 0 0
1516099327.39 0 0 0 0
1516099327.49 0 0 0 0
1516099327.59 0 0 0 0
1516099327.69 0 0 0 0
1516099327.79 0 0 0 0
1516099327.89 0 0 0 0
1516099327.99 0 0 0 0
1516099328.09 0 0 0 0
1516099328.19 0 0 0 0
1516099328.29 0 0 0 0
1516099328.39 0 0 0 0
1516099328.49 0 0 0 0
1516099328.59 0 0 0 0
1516099328.69 0 0 0 0
1516099328.79 0 0 0 0
1516099328.89 0 0 0 0
1516099328.99 0 0 0 0
1516099329.09 0 0 0 0
1516099329.19 0 0 0 0
1516099329.29 0 0 0 0
1516099329.39 0 0 0 0
1516099329.49 0 0 0 0
1516099329.59 0 0 0 0
1516099329.69 0 0 0 0
1516099329.79 0 0 0 0
1516099329.89 0 0 0 0
1516099329.99 0 0 0 0
1516099330.09 0 0 0 0
1516099330.19 0 0 0 0
1516099330.29 0 0 0 0
1516099330.39 0 0 0 0
1516099330.49 0 0 0 0
1516099330.59 0 0 0 0
1516099330.69 0 0 0 0
1516099330.79 0 0 0 0
1516099330.89 0 0 0 0
1516099330.99 0 0 0 0
1516099331.09 0 0 0 0
1516099331.19 0 0 0 0
1516099331.29 0 0 0 0
1516099331.39 0 0 0 0
1516099331.5 0 0 0 0
1516099331.6 0 0 0 0
1516099331.7 0 0 0 0
1516099331.8 0 0 0 0
1516099331.9 0 0 0 0
1516099332.0 0 0 0 0
1516099332.1 0 0 0 0
1516099332.2 0 0 0 0
1516099332.3 0 0 0 0
1516099332.4 0 0 0 0
1516099332.5 0 0 0 0
1516099332.6 0 0 0 0
1516099332.7 0 0 0 0
1516099332.8 0 0 0 0
1516099332.9 0 0 0 0
1516099333.0 0 0 0 0
1516099333.1 0 0 0 0
1516099333.2 0 0 0 0
1516099333.3 0 0 0 0
1516099333.4 0 0 0 0
1516099333.5 0 0 0 0
1516099333.6 0 0 0 0
1516099333.7 0 0 0 0
1516099333.8 0 0 0 0
1516099333.9 0 0 0 0
1516099334.0 0 0 0 0
1516099334.1 0 0 0 0
1516099334.2 0 0 0 0
1516099334.3 0 0 0 0
1516099334.4 0 0 0 0
1516099334.5 0 0 0 0
1516099334.6 0 0 0 0
1516099334.7 0 0 0 0
1516099334.8 0 0 0 0
1516099334.9 0 0 0 0
1516099335.0 0 0 0 0
1516099335.1 0 0 0 0
1516099335.2 0 0 0 0
1516099335.31 0 0 0 0
1516099335.41 0 0 0 0
1516099335.5 0 0 0 0
1516099335.61 0 0 0 0
1516099335.71 0 0 0 0
1516099335.81 0 0 0 0
1516099335.91 0 0 0 0
1516099336.01 0 0 0 0
1516099336.11 0 0 0 0
1516099336.21 0 0 0 0
1516099336.31 0 0 0 0
1516099336.41 0 0 0 0
1516099336.51 0 0 0 0
1516099336.61 0 0 0 0
1516099336.71 0 0 0 0
1516099336.81 0 0 0 0
1516099336.91 0 0 0 0
1516099337.01 0 0 0 0
1516099337.11 0 0 0 0
1516099337.21 0 0 0 0
1516099337.31 0 0 0 0
1516099337.41 0 0 0 0
1516099337.51 0 0 0 0
1516099337.61 0 0 0 0
1516099337.71 0 0 0 0
1516099337.81 0 0 0 0
1516099337.91 0 0 0 0
1516099338.02 0 0 0 0
1516099338.12 0 0 0 0
1516099338.22 0 0 0 0
1516099338.31 0 0 0 0
1516099338.42 0 0 0 0
1516099338.52 0 0 0 0
1516099338.61 0 0 0 0
1516099338.72 0 0 0 0
1516099338.82 0 0 0 0
1516099338.92 0 0 0 0
1516099339.02 0 0 0 0
1516099339.12 0 0 0 0
1516099339.22 0 0 0 0
1516099339.32 0 0 0 0
1516099339.42 0 0 0 0
1516099339.52 0 0 0 0
1516099339.62 0 0 0 0
1516099339.72 0 0 0 0
1516099339.82 0 0 0 0
1516099339.92 0 0 0 0
1516099340.02 0 0 0 0
1516099340.12 0 0 0 0
1516099340.22 0 0 0 0
1516099340.33 0 0 0 0
1516099340.42 0 0 0 0
1516099340.52 0 0 0 0
1516099340.62 0 0 0 0
1516099340.72 0 0 0 0
1516099340.82 0 0 0 0
1516099340.92 0 0 0 0
1516099341.02 0 0 0 0
1516099341.12 0 0 0 0
1516099341.22 0 0 0 0
1516099341.32 0 0 0 0
1516099341.43 0 0 0 0
1516099341.52 0 0 0 0
1516099341.62 0 0 0 0
1516099341.72 0 0 0 0
1516099341.82 0 0 0 0
1516099341.93 0 0 0 0
1516099342.02 0 0 0 0
1516099342.13 0 0 0 0
1516099342.22 0 0 0 0
1516099342.33 0 0 0 0
1516099342.43 0 0 0 0
1516099342.52 0 0 0 0
1516099342.63 0 0 0 0
1516099342.72 0 0 0 0
1516099342.83 0 0 0 0
1516099342.93 0 0 0 0
1516099343.03 0 0 0 0
1516099343.13 0 0 0 0
1516099343.23 0 0 0 0
1516099343.33 0 0 0 0
1516099343.43 0 0 0 0
1516099343.53 0 0 0 0
1516099343.63 0 0 0 0
1516099343.73 0 0 0 0
1516099343.83 0 0 0 0
1516099343.93 0 0 0 0
1516099344.03 0 0 0 0
1516099344.13 0 0 0 0
1516099344.23 0 0 0 0
1516099344.33 0 0 0 0
1516099344.43 0 0 0 0
1516099344.53 0 0 0 0
1516099344.63 0 0 0 0
1516099344.73 0 0 0 0
1516099344.83 0 0 0 0
1516099344.93 0 0 0 0
1516099345.03 0 0 0 0
1516099345.13 0 0 0 0
1516099345.23 0 0 0 0
1516099345.33 0 0 0 0
1516099345.43 0 0 0 0
1516099345.53 0 0 0 0
1516099345.63 0 0 0 0
1516099345.73 0 0 0 0
1516099345.83 0 0 0 0
1516099345.94 0 0 0 0
1516099346.03 0 0 0 0
1516099346.13 0 0 0 0
1516099346.23 0 0 0 0
1516099346.33 0 0 0 0
1516099346.43 0 0 0 0
1516099346.53 0 0 0 0
1516099346.63 0 0 0 0
1516099346.73 0 0 0 0
1516099346.84 0 0 0 0
1516099346.94 0 0 0 0
1516099347.04 0 0 0 0
1516099347.14 0 0 0 0
1516099347.24 0 0 0 0
1516099347.34 0 0 0 0
1516099347.44 0 0 0 0
1516099347.54 0 0 0 0
1516099347.64 0 0 0 0
1516099347.74 0 0 0 0
1516099347.84 0 0 0 0
1516099347.94 0 0 0 0
1516099348.04 0 0 0 0
1516099348.14 0 0 0 0
1516099348.24 0 0 0 0
1516099348.34 0 0 0 0
1516099348.44 0 0 0 0
1516099348.54 0 0 0 0
1516099348.64 0 0 0 0
1516099348.74 0 0 0 0
1516099348.84 0 0 0 0
1516099348.95 0 0 0 0
1516099349.04 0 0 0 0
1516099349.15 0 0 0 0
1516099349.25 0 0 0 0
1516099349.35 0 0 0 0
1516099349.45 0 0 0 0
1516099349.55 0 0 0 0
1516099349.65 0 0 0 0
1516099349.75 0 0 0 0
1516099349.85 0 0 0 0
1516099349.95 0 0 0 0
1516099350.05 0 0 0 0
1516099350.15 0 0 0 0
1516099350.25 0 0 0 0
1516099350.35 0 0 0 0
1516099350.45 0 0 0 0
1516099350.55 0 0 0 0
1516099350.65 0 0 0 0
1516099350.75 0 0 0 0
1516099350.85 0 0 0 0
1516099350.95 0 0 0 0
1516099351.05 0 0 0 0
1516099351.15 0 0 0 0
1516099351.25 0 0 0 0
1516099351.35 0 0 0 0
1516099351.45 0 0 0 0
1516099351.56 0 0 0 0
1516099351.65 0 0 0 0
1516099351.76 0 0 0 0
1516099351.86 0 0 0 0
1516099351.96 0 0 0 0
1516099352.06 0 0 0 0
1516099352.16 0 0 0 0
1516099352.26 0 0 0 0
1516099352.36 0 0 0 0
1516099352.46 0 0 0 0
1516099352.56 0 0 0 0
1516099352.66 0 0 0 0
1516099352.76 0 0 0 0
1516099352.86 0 0 0 0
1516099352.96 0 0 0 0
1516099353.06 0 0 0 0
1516099353.16 0 0 0 0
1516099353.26 0 0 0 0
1516099353.36 0 0 0 0
1516099353.46 0 0 0 0
1516099353.56 0 0 0 0
1516099353.66 0 0 0 0
1516099353.76 0 0 0 0
1516099353.86 0 0 0 0
1516099353.96 0 0 0 0
1516099354.06 0 0 0 0
1516099354.16 0 0 0 0
1516099354.26 0 0 0 0
1516099354.36 0 0 0 0
1516099354.46 0 0 0 0
1516099354.56 0 0 0 0
1516099354.66 0 0 0 0
1516099354.76 0 0 0 0
1516099354.86 0 0 0 0
1516099354.96 0 0 0 0
1516099355.06 0 0 0 0
1516099355.16 0 0 0 0
1516099355.26 0 0 0 0
1516099355.36 0 0 0 0
1516099355.47 0 0 0 0
1516099355.56 0 0 0 0
1516099355.66 0 0 0 0
1516099355.76 0 0 0 0
1516099355.87 0 0 0 0
1516099355.97 0 0 0 0
1516099356.07 0 0 0 0
1516099356.17 0 0 0 0
1516099356.27 0 0 0 0
1516099356.37 0 0 0 0
1516099356.47 0 0 0 0
1516099356.57 0 0 0 0
1516099356.67 0 0 0 0
1516099356.77 0 0 0 0
1516099356.87 0 0 0 0
1516099356.97 0 0 0 0
1516099357.07 0 0 0 0
1516099357.17 0 0 0 0
1516099357.27 0 0 0 0
1516099357.37 0 0 0 0
1516099357.47 0 0 0 0
1516099357.57 0 0 0 0
1516099357.67 0 0 0 0
1516099357.77 0 0 0 0
1516099357.88 0 0 0 0
1516099357.97 0 0 0 0
1516099358.07 0 0 0 0
1516099358.17 0 0 0 0
1516099358.27 0 0 0 0
1516099358.37 0 0 0 0
1516099358.47 0 0 0 0
1516099358.57 0 0 0 0
1516099358.67 0 0 0 0
1516099358.78 0 0 0 0
1516099358.87 0 0 0 0
1516099358.97 0 0 0 0
1516099359.07 0 0 0 0
1516099359.18 0 0 0 0
1516099359.28 0 0 0 0
1516099359.38 0 0 0 0
1516099359.48 0 0 0 0
1516099359.58 0 0 0 0
1516099359.68 0 0 0 0
1516099359.79 0 0 0 0
1516099359.88 0 0 0 0
1516099359.98 0 0 0 0
1516099360.08 0 0 0 0
1516099360.19 0 0 0 0
1516099360.28 0 0 0 0
1516099360.38 0 0 0 0
1516099360.48 0 0 0 0
1516099360.58 0 0 0 0
1516099360.68 0 0 0 0
1516099360.79 0 0 0 0
1516099360.89 0 0 0 0
1516099360.98 0 0 0 0
1516099361.09 0 0 0 0
1516099361.19 0 0 0 0
1516099361.29 0 0 0 0
1516099361.39 0 0 0 0
1516099361.49 0 0 0 0
1516099361.59 0 0 0 0
1516099361.69 0 0 0 0
1516099361.79 0 0 0 0
1516099361.89 0 0 0 0
1516099361.99 0 0 0 0
1516099362.09 0 0 0 0
1516099362.19 0 0 0 0
1516099362.29 0 0 0 0
1516099362.39 0 0 0 0
1516099362.49 0 0 0 0
1516099362.59 0 0 0 0
1516099362.69 0 0 0 0
1516099362.79 0 0 0 0
1516099362.89 0 0 0 0
1516099362.99 0 0 0 0
1516099363.09 0 0 0 0
1516099363.2 0 0 0 0
1516099363.29 0 0 0 0
1516099363.39 0 0 0 0
1516099363.49 0 0 0 0
1516099363.59 0 0 0 0
1516099363.7 0 0 0 0
1516099363.8 0 0 0 0
1516099363.89 0 0 0 0
1516099364.0 0 0 0 0
1516099364.1 0 0 0 0
1516099364.19 0 0 0 0
1516099364.3 0 0 0 0
1516099364.4 0 0 0 0
1516099364.5 0 0 0 0
1516099364.6 0 0 0 0
1516099364.7 0 0 0 0
1516099364.8 0 0 0 0
1516099364.9 0 0 0 0
1516099365.0 0 0 0 0
1516099365.1 0 0 0 0
1516099365.2 0 0 0 0
1516099365.3 0 0 0 0
1516099365.4 0 0 0 0
1516099365.5 0 0 0 0
1516099365.6 0 0 0 0
1516099365.7 0 0 0 0
1516099365.8 0 0 0 0
1516099365.9 0 0 0 0
1516099366.0 0 0 0 0
1516099366.1 0 0 0 0
1516099366.21 0 0 0 0
1516099366.3 0 0 0 0
1516099366.4 0 0 0 0
1516099366.5 0 0 0 0
1516099366.6 0 0 0 0
1516099366.7 0 0 0 0
1516099366.8 0 0 0 0
1516099366.9 0 0 0 0
1516099367.0 0 0 0 0
1516099367.1 0 0 0 0
1516099367.2 0 0 0 0
1516099367.3 0 0 0 0
1516099367.4 0 0 0 0
1516099367.5 0 0 0 0
1516099367.6 0 0 0 0
1516099367.7 0 0 0 0
1516099367.8 0 0 0 0
1516099367.9 0 0 0 0
1516099368.0 0 0 0 0
1516099368.1 0 0 0 0
1516099368.2 0 0 0 0
1516099368.31 0 0 0 0
1516099368.4 0 0 0 0
1516099368.5 0 0 0 0
1516099368.6 0 0 0 0
1516099368.71 0 0 0 0
1516099368.8 0 0 0 0
1516099368.91 0 0 0 0
1516099369.01 0 0 0 0
1516099369.11 0 0 0 0
1516099369.21 0 0 0 0
1516099369.31 0 0 0 0
1516099369.41 0 0 0 0
1516099369.51 0 0 0 0
1516099369.61 0 0 0 0
1516099369.71 0 0 0 0
1516099369.81 0 0 0 0
1516099369.91 0 0 0 0
1516099370.01 0 0 0 0
1516099370.11 0 0 0 0
1516099370.21 0 0 0 0
1516099370.31 0 0 0 0
1516099370.41 0 0 0 0
1516099370.51 0 0 0 0
1516099370.61 0 0 0 0
1516099370.71 0 0 0 0
1516099370.81 0 0 0 0
1516099370.91 0 0 0 0
1516099371.01 0 0 0 0
1516099371.11 0 0 0 0
1516099371.21 0 0 0 0
1516099371.31 0 0 0 0
1516099371.41 0 0 0 0
1516099371.51 0 0 0 0
1516099371.61 0 0 0 0
1516099371.71 0 0 0 0
1516099371.81 0 0 0 0
1516099371.91 0 0 0 0
1516099372.01 0 0 0 0
1516099372.11 0 0 0 0
1516099372.21 0 0 0 0
1516099372.31 0 0 0 0
1516099372.42 0 0 0 0
1516099372.52 0 0 0 0
1516099372.62 0 0 0 0
1516099372.72 0 0 0 0
1516099372.82 0 0 0 0
1516099372.92 0 0 0 0
1516099373.02 0 0 0 0
1516099373.12 0 0 0 0
1516099373.22 0 0 0 0
1516099373.32 0 0 0 0
1516099373.42 0 0 0 0
1516099373.52 0 0 0 0
1516099373.62 0 0 0 0
1516099373.72 0 0 0 0
1516099373.82 0 0 0 0
1516099373.92 0 0 0 0
1516099374.02 0 0 0 0
1516099374.12 0 0 0 0
1516099374.22 0 0 0 0
1516099374.32 0 0 0 0
1516099374.43 0 0 0 0
1516099374.52 0 0 0 0
1516099374.63 0 0 0 0
1516099374.72 0 0 0 0
1516099374.82 0 0 0 0
1516099374.92 0 0 0 0
1516099375.02 0 0 0 0
1516099375.12 0 0 0 0
1516099375.22 0 0 0 0
1516099375.32 0 0 0 0
1516099375.43 0 0 0 0
1516099375.52 0 0 0 0
1516099375.63 0 0 0 0
1516099375.73 0 0 0 0
1516099375.83 0 0 0 0
1516099375.93 0 0 0 0
1516099376.03 0 0 0 0
1516099376.13 0 0 0 0
1516099376.23 0 0 0 0
1516099376.33 0 0 0 0
1516099376.43 0 0 0 0
1516099376.53 0 0 0 0
1516099376.63 0 0 0 0
1516099376.73 0 0 0 0
1516099376.83 0 0 0 0
1516099376.93 0 0 0 0
1516099377.03 0 0 0 0
1516099377.13 0 0 0 0
1516099377.23 0 0 0 0
1516099377.33 0 0 0 0
1516099377.43 0 0 0 0
1516099377.53 0 0 0 0
1516099377.64 0 0 0 0
1516099377.73 0 0 0 0
1516099377.83 0 0 0 0
1516099377.93 0 0 0 0
1516099378.03 0 0 0 0
1516099378.13 0 0 0 0
1516099378.23 0 0 0 0
1516099378.33 0 0 0 0
1516099378.43 0 0 0 0
1516099378.53 0 0 0 0
1516099378.63 0 0 0 0
1516099378.73 0 0 0 0
1516099378.83 0 0 0 0
1516099378.94 0 0 0 0
1516099379.04 0 0 0 0
1516099379.14 0 0 0 0
1516099379.24 0 0 0 0
1516099379.34 0 0 0 0
1516099379.44 0 0 0 0
1516099379.54 0 0 0 0
1516099379.64 0 0 0 0
1516099379.74 0 0 0 0
1516099379.84 0 0 0 0
1516099379.94 0 0 0 0
1516099380.04 0 0 0 0
1516099380.14 0 0 0 0
1516099380.24 0 0 0 0
1516099380.34 0 0 0 0
1516099380.44 0 0 0 0
1516099380.54 0 0 0 0
1516099380.64 0 0 0 0
1516099380.74 0 0 0 0
1516099380.84 0 0 0 0
1516099380.94 0 0 0 0
1516099381.04 0 0 0 0
1516099381.14 0 0 0 0
1516099381.24 0 0 0 0
1516099381.34 0 0 0 0
1516099381.44 0 0 0 0
1516099381.54 0 0 0 0
1516099381.64 0 0 0 0
1516099381.74 0 0 0 0
1516099381.85 0 0 0 0
1516099381.94 0 0 0 0
1516099382.05 0 0 0 0
1516099382.14 0 0 0 3540
1516099382.24 0 0 0 0
1516099382.34 0 0 0 0
1516099382.44 0 0 0 0
1516099382.54 0 0 0 0
1516099382.64 0 0 0 0
1516099382.75 0 0 0 0
1516099382.84 0 0 0 0
1516099382.94 0 0 0 0
1516099383.04 0 0 0 0
1516099383.15 0 0 0 590
1516099383.25 0 0 0 0
1516099383.35 0 0 0 0
1516099383.45 0 0 0 0
1516099383.55 0 0 0 0
1516099383.65 0 0 0 3540
1516099383.75 0 0 0 0
1516099383.85 0 0 0 0
1516099383.95 0 0 0 0
1516099384.05 0 0 0 0
1516099384.15 0 0 0 590
1516099384.25 0 0 0 0
1516099384.35 0 0 0 0
1516099384.45 0 0 0 0
1516099384.55 0 0 0 0
1516099384.65 0 0 0 0
1516099384.75 0 0 0 0
1516099384.85 0 0 0 0
1516099384.95 0 0 0 0
1516099385.05 0 0 0 0
1516099385.15 0 0 0 590
1516099385.25 0 0 0 0
1516099385.35 0 0 0 0
1516099385.45 0 0 0 0
1516099385.55 0 0 0 0
1516099385.65 0 0 0 0
1516099385.75 0 0 0 0
1516099385.85 0 0 0 0
1516099385.95 0 0 0 0
1516099386.05 0 0 0 0
1516099386.15 0 0 0 0
1516099386.25 0 0 0 0
1516099386.35 0 0 0 0
1516099386.45 0 0 0 0
1516099386.55 0 0 0 0
1516099386.65 0 0 0 0
1516099386.75 0 0 0 0
1516099386.85 0 0 0 0
1516099386.95 0 0 0 0
1516099387.05 0 0 0 0
1516099387.15 0 0 0 0
1516099387.25 0 0 0 0
1516099387.36 0 0 0 0
1516099387.45 0 0 0 0
1516099387.56 0 0 0 0
1516099387.66 0 0 0 0
1516099387.75 0 0 0 0
1516099387.86 0 0 0 0
1516099387.96 0 0 0 0
1516099388.06 0 0 0 0
1516099388.16 0 0 0 0
1516099388.26 0 0 0 0
1516099388.36 0 0 0 0
1516099388.46 0 0 0 0
1516099388.56 0 0 0 0
1516099388.66 0 0 0 0
1516099388.77 0 0 0 0
1516099388.86 0 0 0 0
1516099388.96 0 0 0 0
1516099389.06 0 0 0 0
1516099389.16 0 0 0 0
1516099389.26 0 0 0 0
1516099389.38 0 0 0 0
1516099389.5 0 0 0 0
1516099389.6 0 0 0 0
1516099389.7 0 0 0 0
1516099389.8 0 0 0 0
1516099389.91 0 0 0 0
1516099390.0 0 0 0 0
1516099390.11 0 0 0 0
1516099390.21 0 0 0 0
1516099390.31 0 0 0 0
1516099390.41 0 0 0 0
1516099390.51 0 0 0 0
1516099390.6 0 0 0 0
1516099390.71 0 0 0 0
1516099390.81 0 0 0 0
1516099390.91 0 0 0 0
1516099391.01 0 0 0 0
1516099391.11 0 0 0 0
1516099391.21 0 0 0 0
1516099391.32 0 0 0 0
1516099391.46 0 0 0 0
1516099391.56 0 0 0 0
1516099391.66 0 0 0 0
1516099391.76 0 0 0 0
1516099391.86 0 0 0 0
1516099391.97 0 0 0 0
1516099392.09 0 0 0 0
1516099392.18 0 0 0 0
1516099392.29 0 0 0 0
1516099392.39 0 0 0 0
1516099392.49 0 0 0 0
1516099392.59 0 0 0 0
1516099392.69 0 0 0 0
1516099392.79 0 0 0 0
1516099392.89 0 0 0 0
1516099392.99 0 0 0 0
1516099393.1 0 0 0 0
1516099393.23 0 0 0 0
1516099393.32 0 0 0 0
1516099393.42 0 0 0 0
1516099393.52 0 0 0 0
1516099393.63 0 0 0 0
1516099393.74 0 0 0 0
1516099393.85 0 0 0 0
1516099393.95 0 0 0 0
1516099394.05 0 0 0 0
1516099394.15 0 0 0 0
1516099394.25 0 0 0 0
1516099394.35 0 0 0 0
1516099394.45 0 0 0 0
1516099394.55 0 0 0 0
1516099394.65 0 0 0 0
1516099394.75 0 0 0 0
1516099394.85 0 0 0 0
1516099394.95 0 0 0 0
1516099395.06 0 0 0 0
1516099395.15 0 0 0 0
1516099395.25 0 0 0 0
1516099395.35 0 0 0 0
1516099395.46 0 0 0 0
1516099395.55 0 0 0 0
1516099395.66 0 0 0 0
1516099395.76 0 0 0 0
1516099395.86 0 0 0 0
1516099395.96 0 0 0 0
1516099396.06 0 0 0 0
1516099396.16 0 0 0 0
1516099396.28 0 0 0 0
1516099396.38 0 0 0 0
1516099396.48 0 0 0 0
1516099396.58 0 0 0 0
1516099396.68 0 0 0 0
1516099396.78 0 0 0 0
1516099396.88 0 0 0 0
1516099396.98 0 0 0 0
1516099397.08 0 0 0 0
1516099397.18 0 0 0 0
1516099397.28 0 0 0 0
1516099397.38 0 0 0 0
1516099397.48 0 0 0 0
1516099397.6 0 0 0 0
1516099397.72 0 0 0 0
1516099397.81 0 0 0 0
1516099397.93 0 0 0 0
1516099398.07 0 0 0 0
1516099398.17 0 0 0 0
1516099398.27 0 0 0 0
1516099398.37 0 0 0 0
1516099398.47 0 0 0 0
1516099398.57 0 0 0 0
1516099398.67 0 0 0 0
1516099398.77 0 0 0 0
1516099398.88 0 0 0 0
1516099399.01 0 0 0 0
1516099399.11 0 0 0 0
1516099399.2 0 0 0 0
1516099399.31 0 0 0 0
1516099399.41 0 0 0 0
1516099399.51 0 0 0 0
1516099399.61 0 0 0 0
1516099399.71 0 0 0 0
1516099399.81 0 0 0 0
1516099399.91 0 0 0 0
1516099400.01 0 0 0 0
1516099400.11 0 0 0 0
1516099400.21 0 0 0 0
1516099400.31 0 0 0 0
1516099400.41 0 0 0 0
1516099400.51 0 0 0 0
1516099400.61 0 0 0 0
