1516082474.18 0 0 0 74
1516082474.27 0 0 0 0
1516082474.38 0 0 0 0
1516082474.48 0 0 0 0
1516082474.57 0 0 0 0
1516082474.68 0 0 0 0
1516082474.77 0 0 0 0
1516082474.88 0 0 0 0
1516082474.98 0 0 0 0
1516082475.07 0 0 0 0
1516082475.18 0 0 0 0
1516082475.27 0 0 0 0
1516082475.39 0 0 0 0
1516082475.47 0 0 0 0
1516082475.58 0 0 0 0
1516082475.67 0 0 0 0
1516082475.79 0 0 0 0
1516082475.88 0 0 0 0
1516082476.0 0 0 0 0
1516082476.08 0 0 0 0
1516082476.19 0 0 0 0
1516082476.28 0 0 0 0
1516082476.4 0 0 0 0
1516082476.48 0 0 0 0
1516082476.59 0 0 0 0
1516082476.69 0 0 0 0
1516082476.8 0 0 0 0
1516082476.89 0 0 0 0
1516082477.0 0 0 0 0
1516082477.09 0 0 0 0
1516082477.2 0 0 0 0
1516082477.29 0 0 0 0
1516082477.4 0 0 0 0
1516082477.5 0 0 0 0
1516082477.6 0 0 0 0
1516082477.69 0 0 0 0
1516082477.81 0 0 0 0
1516082477.89 0 0 0 0
1516082478.0 0 0 0 0
1516082478.1 0 0 0 0
1516082478.2 0 0 0 0
1516082478.31 0 0 0 0
1516082478.39 0 0 0 0
1516082478.51 0 0 0 0
1516082478.6 0 0 0 0
1516082478.7 0 0 0 0
1516082478.79 0 0 0 0
1516082478.91 0 0 0 0
1516082478.99 0 0 0 0
1516082479.11 0 0 0 0
1516082479.19 0 0 0 0
1516082479.3 0 0 0 0
1516082479.4 0 0 0 0
1516082479.5 0 0 0 0
1516082479.61 0 0 0 0
1516082479.7 0 0 0 0
1516082479.81 0 0 0 0
1516082479.9 0 0 0 0
1516082480.0 0 0 0 0
1516082480.11 0 0 0 0
1516082480.2 0 0 0 0
1516082480.31 0 0 0 0
1516082480.4 0 0 0 0
1516082480.51 0 0 0 0
1516082480.59 0 0 0 0
1516082480.7 0 0 0 0
1516082480.8 0 0 0 0
1516082480.89 0 0 0 0
1516082481.0 0 0 0 0
1516082481.09 0 0 0 0
1516082481.2 0 0 0 0
1516082481.28 0 0 0 0
1516082481.4 0 0 0 0
1516082481.47 0 0 0 0
1516082481.6 0 0 0 0
1516082481.68 0 0 0 0
1516082481.79 0 0 0 0
1516082481.88 0 0 0 0
1516082481.98 0 0 0 0
1516082482.08 0 0 0 0
1516082482.19 0 0 0 0
1516082482.28 0 0 0 0
1516082482.39 0 0 0 0
1516082482.47 0 0 0 0
1516082482.58 0 0 0 0
1516082482.66 0 0 0 0
1516082482.79 0 0 0 0
1516082482.86 0 0 0 0
1516082482.97 0 0 0 0
1516082483.07 0 0 0 0
1516082483.16 0 0 0 0
1516082483.27 0 0 0 0
1516082483.36 0 0 0 0
1516082483.47 0 0 0 0
1516082483.56 0 0 0 0
1516082483.68 0 0 0 0
1516082483.76 0 0 0 0
1516082483.87 0 0 0 0
1516082483.95 0 0 0 0
1516082484.07 0 0 0 0
1516082484.15 0 0 0 0
1516082484.26 0 0 0 0
1516082484.35 0 0 0 0
1516082484.47 0 0 0 0
1516082484.55 0 0 0 0
1516082484.66 0 0 0 0
1516082484.75 0 0 0 0
1516082484.87 0 0 0 0
1516082484.95 0 0 0 0
1516082485.07 0 0 0 0
1516082485.15 0 0 0 0
1516082485.26 0 0 0 0
1516082485.35 0 0 0 0
1516082485.46 0 0 0 0
1516082485.55 0 0 0 0
1516082485.65 0 0 0 0
1516082485.75 0 0 0 0
1516082485.86 0 0 0 0
1516082485.95 0 0 0 0
1516082486.05 0 0 0 0
1516082486.16 0 0 0 0
1516082486.26 0 0 0 0
1516082486.35 0 0 0 0
1516082486.45 0 0 0 0
1516082486.55 0 0 0 0
1516082486.65 0 0 0 0
1516082486.75 0 0 0 0
1516082486.85 0 0 0 0
1516082486.97 0 0 0 0
1516082487.05 0 0 0 0
1516082487.16 0 0 0 0
1516082487.26 0 0 0 0
1516082487.36 0 0 0 0
1516082487.46 0 0 0 0
1516082487.56 0 0 0 0
1516082487.66 0 0 0 0
1516082487.76 0 0 0 0
1516082487.86 0 0 0 0
1516082487.96 0 0 0 0
1516082488.06 0 0 0 0
1516082488.16 0 0 0 0
1516082488.26 0 0 0 0
1516082488.36 0 0 0 0
1516082488.46 0 0 0 0
1516082488.56 0 0 0 0
1516082488.66 0 0 0 0
1516082488.76 0 0 0 0
1516082488.86 0 0 0 0
1516082488.96 0 0 0 0
1516082489.06 0 0 0 0
1516082489.16 0 0 0 0
1516082489.26 0 0 0 0
1516082489.36 0 0 0 0
1516082489.46 0 0 0 0
1516082489.58 0 0 0 0
1516082489.71 0 0 0 0
1516082489.82 0 0 0 0
1516082489.94 0 0 0 0
1516082490.04 0 0 0 0
1516082490.14 0 0 0 0
1516082490.24 0 0 0 0
1516082490.34 0 0 0 0
1516082490.44 0 0 0 0
1516082490.54 0 0 0 0
1516082490.64 0 0 0 0
1516082490.74 0 0 0 0
1516082490.84 0 0 0 0
1516082490.94 0 0 0 0
1516082491.04 0 0 0 0
1516082491.14 0 0 0 0
1516082491.24 0 0 0 0
1516082491.34 0 0 0 0
1516082491.44 0 0 0 0
1516082491.54 0 0 0 0
1516082491.64 0 0 0 0
1516082491.74 0 0 0 0
1516082491.84 0 0 0 0
1516082491.95 0 0 0 0
1516082492.07 0 0 0 0
1516082492.17 0 0 0 0
1516082492.27 0 0 0 0
1516082492.37 0 0 0 0
1516082492.47 0 0 0 0
1516082492.57 0 0 0 0
1516082492.67 0 0 0 0
1516082492.77 0 0 0 0
1516082492.87 0 0 0 0
1516082492.97 0 0 0 0
1516082493.07 0 0 0 0
1516082493.17 0 0 0 0
1516082493.29 0 0 0 0
1516082493.39 0 0 0 0
1516082493.49 0 0 0 0
1516082493.6 0 0 0 0
1516082493.73 0 0 0 0
1516082493.83 0 0 0 0
1516082493.93 0 0 0 0
1516082494.03 0 0 0 0
1516082494.13 0 0 0 0
1516082494.23 0 0 0 0
1516082494.33 0 0 0 0
1516082494.45 0 0 0 0
1516082494.58 0 0 0 0
1516082494.68 0 0 0 0
1516082494.78 0 0 0 0
1516082494.88 0 0 0 0
1516082494.98 0 0 0 0
1516082495.08 0 0 0 0
1516082495.18 0 0 0 0
1516082495.28 0 0 0 0
1516082495.38 0 0 0 0
1516082495.48 0 0 0 0
1516082495.58 0 0 0 0
1516082495.68 0 0 0 0
1516082495.78 0 0 0 0
1516082495.88 0 0 0 0
1516082495.98 0 0 0 0
1516082496.08 0 0 0 0
1516082496.18 0 0 0 0
1516082496.28 0 0 0 0
1516082496.4 0 0 0 0
1516082496.54 0 0 0 0
1516082496.64 0 0 0 0
1516082496.74 0 0 0 0
1516082496.84 0 0 0 0
1516082496.95 0 0 0 0
1516082497.07 0 0 0 0
1516082497.17 0 0 0 0
1516082497.27 0 0 0 0
1516082497.37 0 0 0 0
1516082497.47 0 0 0 0
1516082497.57 0 0 0 0
1516082497.68 0 0 0 0
1516082497.77 0 0 0 0
1516082497.87 0 0 0 0
1516082497.98 0 0 0 0
1516082498.08 0 0 0 0
1516082498.18 0 0 0 0
1516082498.27 0 0 0 0
1516082498.37 0 0 0 0
1516082498.48 0 0 0 0
1516082498.58 0 0 0 0
1516082498.68 0 0 0 0
1516082498.78 0 0 0 0
1516082498.88 0 0 0 0
1516082498.98 0 0 0 0
1516082499.08 0 0 0 0
1516082499.18 0 0 0 0
1516082499.28 0 0 0 0
1516082499.38 0 0 0 0
1516082499.48 0 0 0 0
1516082499.58 0 0 0 0
1516082499.68 0 0 0 0
1516082499.79 0 0 0 0
1516082499.89 0 0 0 0
1516082499.99 0 0 0 0
1516082500.09 0 0 0 0
1516082500.19 0 0 0 0
1516082500.29 0 0 0 0
1516082500.39 0 0 0 0
1516082500.49 0 0 0 0
1516082500.59 0 0 0 0
1516082500.69 0 0 0 0
1516082500.81 0 0 0 0
1516082500.92 0 0 0 222
1516082501.02 0 0 0 173
1516082501.13 0 0 0 1707
1516082501.24 0 0 0 353
1516082501.34 0 0 0 1534
1516082501.44 0 0 0 148
1516082501.54 0 0 0 1578
1516082501.64 0 0 0 314
1516082501.74 0 0 0 686
1516082501.84 0 0 0 1370
1516082501.94 0 0 0 292
1516082502.04 0 0 0 360
1516082502.14 0 0 0 396
1516082502.24 0 0 0 216
1516082502.36 0 0 0 66
1516082502.48 0 0 0 686
1516082502.59 0 0 0 110
1516082502.71 0 0 0 1222
1516082502.82 0 0 0 0
1516082502.92 0 0 0 312
1516082503.02 0 0 0 0
1516082503.12 0 0 0 266
1516082503.22 0 0 0 686
1516082503.31 0 0 0 462
1516082503.42 0 0 0 0
1516082503.52 0 0 0 1222
1516082503.62 0 0 0 66
1516082503.72 0 0 0 0
1516082503.84 0 0 0 178
1516082503.94 0 0 0 0
1516082504.04 0 0 0 0
1516082504.14 0 0 0 266
1516082504.24 0 0 0 0
1516082504.36 0 0 0 0
1516082504.48 0 0 0 396
1516082504.59 0 0 0 0
1516082504.68 0 0 0 0
1516082504.78 0 0 0 66
1516082504.88 0 0 0 0
1516082504.99 0 0 0 0
1516082505.13 0 0 0 0
1516082505.23 0 0 0 0
1516082505.33 0 0 0 0
1516082505.43 0 0 0 0
1516082505.53 0 0 0 0
1516082505.63 0 0 0 0
1516082505.73 0 0 0 0
1516082505.83 0 0 0 0
1516082505.93 0 0 0 42
1516082506.03 0 0 0 0
1516082506.13 0 0 0 0
1516082506.23 0 0 0 0
1516082506.33 0 0 0 0
1516082506.43 0 0 0 0
1516082506.53 0 0 0 0
1516082506.63 0 0 0 0
1516082506.73 0 0 0 0
1516082506.83 0 0 0 0
1516082506.93 0 0 0 0
1516082507.03 0 0 0 0
1516082507.13 0 0 0 0
1516082507.23 0 0 0 0
1516082507.33 0 0 0 0
1516082507.45 0 0 0 0
1516082507.59 0 0 0 0
1516082507.69 0 0 0 0
1516082507.79 0 0 0 0
1516082507.89 0 0 0 0
1516082507.99 0 0 0 0
1516082508.09 0 0 0 0
1516082508.19 0 0 0 0
1516082508.3 0 0 0 0
1516082508.39 0 0 0 0
1516082508.49 0 0 0 0
1516082508.61 0 0 0 0
1516082508.74 0 0 0 0
1516082508.84 0 0 0 0
1516082508.94 0 0 0 0
1516082509.04 0 0 0 0
1516082509.14 0 0 0 0
1516082509.24 0 0 0 0
1516082509.34 0 0 0 0
1516082509.44 0 0 0 0
1516082509.54 0 0 0 0
1516082509.64 0 0 0 0
1516082509.74 0 0 0 0
1516082509.84 0 0 0 0
1516082509.96 0 0 0 0
1516082510.08 0 0 0 0
1516082510.18 0 0 0 0
1516082510.28 0 0 0 0
1516082510.38 0 0 0 0
1516082510.48 0 0 0 0
1516082510.58 0 0 0 0
1516082510.68 0 0 0 0
1516082510.78 0 0 0 0
1516082510.88 0 0 0 0
1516082510.98 0 0 0 0
1516082511.09 0 0 0 0
1516082511.18 0 0 0 0
1516082511.28 0 0 0 0
1516082511.38 0 0 0 0
1516082511.48 0 0 0 0
1516082511.59 0 0 0 0
1516082511.68 0 0 0 0
1516082511.78 0 0 0 0
1516082511.9 0 0 0 0
1516082512.01 0 0 0 0
1516082512.13 0 0 0 0
1516082512.25 0 0 0 0
1516082512.35 0 0 0 0
1516082512.46 0 0 0 0
1516082512.58 0 0 0 0
1516082512.68 0 0 0 0
1516082512.8 0 0 0 0
1516082512.92 0 0 0 0
1516082513.02 0 0 0 0
1516082513.12 0 0 0 0
1516082513.25 0 0 0 0
1516082513.37 0 0 0 0
1516082513.47 0 0 0 0
1516082513.57 0 0 0 0
1516082513.67 0 0 0 0
1516082513.77 0 0 0 0
1516082513.87 0 0 0 0
1516082513.97 0 0 0 0
1516082514.07 0 0 0 0
1516082514.17 0 0 0 0
1516082514.27 0 0 0 0
1516082514.39 0 0 0 0
1516082514.48 0 0 0 0
1516082514.58 0 0 0 0
1516082514.68 0 0 0 0
1516082514.78 0 0 0 0
1516082514.9 0 0 0 0
1516082515.01 0 0 0 0
1516082515.13 0 0 0 0
1516082515.23 0 0 0 0
1516082515.33 0 0 0 0
1516082515.43 0 0 0 0
1516082515.53 0 0 0 0
1516082515.63 0 0 0 0
1516082515.73 0 0 0 0
1516082515.83 0 0 0 0
1516082515.93 0 0 0 0
1516082516.05 0 0 0 0
1516082516.17 0 0 0 0
1516082516.27 0 0 0 0
1516082516.37 0 0 0 0
1516082516.49 0 0 0 0
1516082516.61 0 0 0 0
1516082516.71 0 0 0 0
1516082516.81 0 0 0 0
1516082516.92 0 0 0 0
1516082517.03 0 0 0 0
1516082517.15 0 0 0 0
1516082517.26 0 0 0 0
1516082517.36 0 0 0 0
1516082517.47 0 0 0 0
1516082517.56 0 0 0 0
1516082517.66 0 0 0 0
1516082517.76 0 0 0 0
1516082517.86 0 0 0 0
1516082517.97 0 0 0 0
1516082518.07 0 0 0 0
1516082518.17 0 0 0 0
1516082518.28 0 0 0 0
1516082518.38 0 0 0 0
1516082518.48 0 0 0 0
1516082518.58 0 0 0 0
1516082518.68 0 0 0 0
1516082518.78 0 0 0 0
1516082518.9 0 0 0 0
1516082519.01 0 0 0 0
1516082519.11 0 0 0 0
1516082519.21 0 0 0 0
1516082519.31 0 0 0 0
1516082519.41 0 0 0 0
1516082519.51 0 0 0 0
1516082519.62 0 0 0 0
1516082519.73 0 0 0 0
1516082519.86 0 0 0 0
1516082519.95 0 0 0 0
1516082520.05 0 0 0 0
1516082520.16 0 0 0 0
1516082520.26 0 0 0 0
1516082520.36 0 0 0 0
1516082520.46 0 0 0 0
1516082520.57 0 0 0 0
1516082520.69 0 0 0 0
1516082520.78 0 0 0 0
1516082520.88 0 0 0 0
1516082521.0 0 0 0 0
1516082521.12 0 0 0 0
1516082521.24 0 0 0 0
1516082521.34 0 0 0 0
1516082521.44 0 0 0 0
1516082521.54 0 0 0 0
1516082521.64 0 0 0 0
1516082521.74 0 0 0 0
1516082521.84 0 0 0 0
1516082521.94 0 0 0 0
1516082522.04 0 0 0 0
1516082522.14 0 0 0 0
1516082522.24 0 0 0 0
1516082522.34 0 0 0 0
1516082522.44 0 0 0 0
1516082522.54 0 0 0 0
1516082522.66 0 0 0 0
1516082522.78 0 0 0 0
1516082522.87 0 0 0 0
1516082523.0 0 0 0 0
1516082523.11 0 0 0 0
1516082523.2 0 0 0 0
1516082523.3 0 0 0 0
1516082523.4 0 0 0 0
1516082523.51 0 0 0 0
1516082523.6 0 0 0 0
1516082523.71 0 0 0 0
1516082523.81 0 0 0 0
1516082523.91 0 0 0 0
1516082524.01 0 0 0 0
1516082524.13 0 0 0 0
1516082524.25 0 0 0 0
1516082524.35 0 0 0 0
1516082524.45 0 0 0 0
1516082524.55 0 0 0 0
1516082524.65 0 0 0 0
1516082524.75 0 0 0 0
1516082524.85 0 0 0 0
1516082524.95 0 0 0 0
1516082525.05 0 0 0 0
1516082525.17 0 0 0 0
1516082525.28 0 0 0 0
1516082525.37 0 0 0 0
1516082525.5 0 0 0 0
1516082525.61 0 0 0 0
1516082525.7 0 0 0 0
1516082525.81 0 0 0 0
1516082525.9 0 0 0 0
1516082526.01 0 0 0 0
1516082526.11 0 0 0 0
1516082526.21 0 0 0 0
1516082526.32 0 0 0 0
1516082526.42 0 0 0 0
1516082526.51 0 0 0 0
1516082526.62 0 0 0 0
1516082526.74 0 0 0 0
1516082526.87 0 0 0 0
1516082526.97 0 0 0 0
1516082527.08 0 0 0 0
1516082527.21 0 0 0 0
1516082527.33 0 0 0 0
1516082527.45 0 0 0 0
1516082527.55 0 0 0 0
1516082527.67 0 0 0 0
1516082527.78 0 0 0 0
1516082527.9 0 0 0 0
1516082528.01 0 0 0 0
1516082528.11 0 0 0 0
1516082528.21 0 0 0 0
1516082528.31 0 0 0 0
1516082528.41 0 0 0 0
1516082528.53 0 0 0 0
1516082528.64 0 0 0 0
1516082528.74 0 0 0 0
1516082528.84 0 0 0 0
1516082528.94 0 0 0 0
1516082529.04 0 0 0 0
1516082529.14 0 0 0 0
1516082529.24 0 0 0 0
1516082529.34 0 0 0 0
1516082529.46 0 0 0 0
1516082529.57 0 0 0 0
1516082529.68 0 0 0 0
1516082529.79 0 0 0 0
1516082529.88 0 0 0 0
1516082529.98 0 0 0 0
1516082530.09 0 0 0 0
1516082530.19 0 0 0 0
1516082530.29 0 0 0 0
1516082530.39 0 0 0 0
1516082530.5 0 0 0 0
1516082530.62 0 0 0 0
1516082530.72 0 0 0 0
1516082530.82 0 0 0 0
1516082530.92 0 0 0 0
1516082531.02 0 0 0 0
1516082531.14 0 0 0 0
1516082531.25 0 0 0 0
1516082531.35 0 0 0 0
1516082531.45 0 0 0 0
1516082531.55 0 0 0 0
1516082531.65 0 0 0 0
1516082531.76 0 0 0 0
1516082531.91 0 0 0 0
1516082532.02 0 0 0 0
1516082532.13 0 0 0 0
1516082532.23 0 0 0 0
1516082532.33 0 0 0 0
1516082532.43 0 0 0 0
1516082532.53 0 0 0 0
1516082532.63 0 0 0 0
1516082532.73 0 0 0 0
1516082532.83 0 0 0 0
1516082532.93 0 0 0 0
1516082533.03 0 0 0 0
1516082533.13 0 0 0 0
1516082533.23 0 0 0 0
1516082533.33 0 0 0 0
1516082533.43 0 0 0 0
1516082533.54 0 0 0 0
1516082533.63 0 0 0 0
1516082533.73 0 0 0 0
1516082533.83 0 0 0 0
1516082533.93 0 0 0 0
1516082534.03 0 0 0 0
1516082534.13 0 0 0 0
1516082534.23 0 0 0 0
1516082534.33 0 0 0 0
1516082534.43 0 1514 0 0
1516082534.53 0 0 0 0
1516082534.64 0 0 0 0
1516082534.73 0 30280 0 0
1516082534.84 0 56018 0 0
1516082534.94 0 57532 0 0
1516082535.04 0 56018 0 0
1516082535.14 0 57532 0 0
1516082535.24 0 56018 0 0
1516082535.34 0 54504 0 0
1516082535.44 0 56018 0 0
1516082535.54 0 57532 0 0
1516082535.64 0 56018 0 0
1516082535.74 0 56018 0 0
1516082535.84 0 57532 0 0
1516082535.94 0 54504 0 0
1516082536.04 0 57532 0 0
1516082536.14 0 56018 0 0
1516082536.24 0 57532 0 0
1516082536.34 0 54504 0 0
1516082536.44 0 57532 0 0
1516082536.54 0 56018 0 0
1516082536.64 0 54504 0 0
1516082536.74 0 57532 0 0
1516082536.84 0 56018 0 0
1516082536.94 0 56018 0 0
1516082537.04 0 56018 0 0
1516082537.14 0 56018 0 0
1516082537.24 0 57532 0 0
1516082537.34 0 56018 0 0
1516082537.44 0 56018 0 0
1516082537.54 0 56018 0 0
1516082537.64 0 57532 0 0
1516082537.74 0 56018 0 0
1516082537.84 0 57532 0 0
1516082537.94 0 56018 0 0
1516082538.04 0 56018 0 0
1516082538.15 0 57532 0 0
1516082538.24 0 54504 0 0
1516082538.34 0 57532 0 0
1516082538.44 0 56018 0 0
1516082538.54 0 52990 0 0
1516082538.64 0 56018 0 0
1516082538.74 0 57532 0 0
1516082538.85 0 56018 0 0
1516082538.95 0 57532 0 0
1516082539.05 0 56018 0 0
1516082539.15 0 56018 0 0
1516082539.25 0 56018 0 0
1516082539.35 0 57532 0 0
1516082539.45 0 56018 0 42
1516082539.55 0 56018 0 0
1516082539.65 0 56018 0 0
1516082539.75 0 57532 0 0
1516082539.85 0 57532 0 0
1516082539.95 0 56018 0 0
1516082540.05 0 56018 0 0
1516082540.15 0 56018 0 0
1516082540.25 0 56018 0 0
1516082540.35 0 56018 0 0
1516082540.45 0 57532 0 0
1516082540.55 0 56018 0 0
1516082540.66 0 59046 0 0
1516082540.76 0 57532 0 0
1516082540.86 0 56018 0 0
1516082540.96 0 54504 0 0
1516082541.06 0 56018 0 0
1516082541.16 0 54504 0 0
1516082541.26 0 57532 0 0
1516082541.36 0 56018 0 0
1516082541.46 0 54504 0 0
1516082541.56 0 56018 0 0
1516082541.66 0 57532 0 0
1516082541.76 0 54504 0 0
1516082541.86 0 56018 0 0
1516082541.96 0 56018 0 0
1516082542.06 0 56018 0 0
1516082542.16 0 56018 0 0
1516082542.26 0 56018 0 0
1516082542.36 0 54504 0 0
1516082542.46 0 56018 0 0
1516082542.56 0 59046 0 0
1516082542.66 0 54504 0 0
1516082542.76 0 57532 0 0
1516082542.86 0 56018 0 0
1516082542.96 0 57532 0 0
1516082543.06 0 54504 0 0
1516082543.16 0 52990 0 0
1516082543.26 0 56018 0 0
1516082543.36 0 56018 0 0
1516082543.46 0 57532 0 0
1516082543.56 0 54504 0 0
1516082543.66 0 56018 0 0
1516082543.76 0 56018 0 0
1516082543.86 0 56018 0 0
1516082543.96 0 57532 0 0
1516082544.06 0 56018 0 0
1516082544.16 0 56018 0 0
1516082544.26 0 56018 0 0
1516082544.36 0 56018 0 0
1516082544.46 0 57532 0 42
1516082544.56 0 56018 0 0
1516082544.67 0 57532 0 0
1516082544.76 0 56018 0 0
1516082544.87 0 56018 0 0
1516082544.97 0 56018 0 0
1516082545.06 0 56018 0 0
1516082545.17 0 56018 0 0
1516082545.26 0 56018 0 0
1516082545.37 0 56018 0 0
1516082545.47 0 56018 0 0
1516082545.57 0 56018 0 0
1516082545.67 0 52990 0 0
1516082545.76 0 54504 0 0
1516082545.87 0 57532 0 0
1516082545.97 0 56018 0 0
1516082546.07 0 57532 0 0
1516082546.17 0 56018 0 0
1516082546.27 0 56018 0 0
1516082546.37 0 56018 0 0
1516082546.47 0 56018 0 0
1516082546.57 0 56018 0 0
1516082546.67 0 56018 0 0
1516082546.77 0 59046 0 0
1516082546.87 0 54504 0 0
1516082546.97 0 57532 0 0
1516082547.07 0 56018 0 0
1516082547.17 0 56018 0 0
1516082547.27 0 56018 0 0
1516082547.37 0 56018 0 0
1516082547.47 0 57532 0 0
1516082547.57 0 56018 0 0
1516082547.67 0 57532 0 0
1516082547.77 0 54504 0 0
1516082547.87 0 57532 0 0
1516082547.97 0 57532 0 0
1516082548.07 0 54504 0 0
1516082548.17 0 56018 0 0
1516082548.27 0 56018 0 0
1516082548.37 0 54504 0 0
1516082548.47 0 57532 0 0
1516082548.57 0 56018 0 0
1516082548.67 0 57532 0 0
1516082548.78 0 57532 0 0
1516082548.88 0 52990 0 0
1516082548.98 0 56018 0 0
1516082549.08 0 57532 0 0
1516082549.18 0 54504 0 0
1516082549.28 0 56018 0 0
1516082549.38 0 57532 0 0
1516082549.48 0 56018 0 0
1516082549.58 0 54504 0 0
1516082549.68 0 56018 0 0
1516082549.78 0 57532 0 0
1516082549.88 0 57532 0 0
1516082549.98 0 56018 0 0
1516082550.08 0 52990 0 0
1516082550.18 0 56018 0 0
1516082550.28 0 56018 0 0
1516082550.38 0 56018 0 0
1516082550.48 0 57532 0 0
1516082550.58 0 54504 0 0
1516082550.68 0 57532 0 0
1516082550.78 0 57532 0 0
1516082550.88 0 56018 0 0
1516082550.98 0 56018 0 0
1516082551.08 0 57532 0 0
1516082551.19 1514 57532 0 0
1516082551.29 0 56018 0 0
1516082551.38 0 56018 0 0
1516082551.49 0 56018 0 0
1516082551.59 0 57532 0 0
1516082551.69 0 56018 0 0
1516082551.79 0 56018 0 0
1516082551.89 0 56018 0 0
1516082551.99 0 56018 0 0
1516082552.09 0 56018 0 0
1516082552.19 0 56018 0 0
1516082552.29 0 57532 0 0
1516082552.39 0 56018 0 0
1516082552.49 0 56018 0 0
1516082552.59 0 57532 0 0
1516082552.69 0 56018 0 0
1516082552.79 0 56018 0 0
1516082552.89 0 56018 0 0
1516082552.99 0 56018 0 0
1516082553.09 0 57532 0 0
1516082553.19 0 56018 0 0
1516082553.29 0 56018 0 0
1516082553.39 0 57532 0 0
1516082553.49 0 57532 0 0
1516082553.59 0 54504 0 0
1516082553.69 45420 66616 0 0
1516082553.79 83270 62074 0 0
1516082553.89 65102 63588 0 0
1516082553.99 31794 62074 0 0
1516082554.09 0 51476 0 0
1516082554.19 0 34822 0 0
1516082554.29 0 48448 0 0
1516082554.4 0 52990 0 0
1516082554.49 0 52990 0 0
1516082554.59 0 51476 0 0
1516082554.69 0 54504 0 0
1516082554.8 0 54504 0 0
1516082554.89 0 54504 0 0
1516082554.99 0 54504 0 0
1516082555.1 0 59046 0 0
1516082555.2 0 57532 0 0
1516082555.29 0 57532 0 0
1516082555.4 0 62074 0 0
1516082555.5 0 57532 0 0
1516082555.6 0 62074 0 0
1516082555.7 0 60560 0 0
1516082555.8 0 57532 0 0
1516082555.9 0 54504 0 0
1516082556.0 0 56018 0 0
1516082556.1 0 57532 0 0
1516082556.2 0 57532 0 0
1516082556.3 0 56018 0 0
1516082556.4 0 57532 0 0
1516082556.5 0 62074 0 0
1516082556.6 0 56018 0 0
1516082556.7 0 57532 0 0
1516082556.8 0 57532 0 0
1516082556.9 0 60560 0 0
1516082557.0 0 57532 0 0
1516082557.1 0 59046 0 0
1516082557.2 0 56018 0 0
1516082557.3 0 59046 0 0
1516082557.4 0 59046 0 0
1516082557.5 0 57532 0 0
1516082557.6 0 57532 0 0
1516082557.7 0 59046 0 0
1516082557.8 0 59046 0 0
1516082557.9 0 59046 0 0
1516082558.0 0 56018 0 0
1516082558.1 0 60560 0 0
1516082558.21 0 60560 0 0
1516082558.31 0 59046 0 0
1516082558.4 0 54504 0 0
1516082558.51 0 63588 0 0
1516082558.61 0 56018 0 0
1516082558.71 0 59046 0 0
1516082558.81 0 56018 0 0
1516082558.91 0 59046 0 0
1516082559.01 0 59046 0 0
1516082559.11 0 57532 0 0
1516082559.21 0 59046 0 0
1516082559.31 0 57532 0 0
1516082559.41 0 57532 0 0
1516082559.51 0 57532 0 0
1516082559.61 0 59046 0 0
1516082559.71 0 56018 0 0
1516082559.81 0 60560 0 0
1516082559.91 0 57532 0 0
1516082560.01 0 59046 0 0
1516082560.12 0 59046 0 0
1516082560.21 0 59046 0 0
1516082560.31 0 57532 0 0
1516082560.41 0 56018 0 0
1516082560.51 0 59046 0 0
1516082560.61 0 60560 0 0
1516082560.71 0 57532 0 0
1516082560.81 0 57532 0 0
1516082560.91 0 59046 0 0
1516082561.02 0 57532 0 0
1516082561.11 0 59046 0 0
1516082561.22 0 59046 0 0
1516082561.31 0 56018 0 0
1516082561.42 0 59046 0 0
1516082561.51 0 59046 0 0
1516082561.61 0 57532 0 0
1516082561.71 0 59046 0 0
1516082561.81 0 59046 0 0
1516082561.91 0 57532 0 0
1516082562.02 0 59046 0 0
1516082562.11 0 57532 0 0
1516082562.22 0 60560 0 0
1516082562.32 0 57532 0 0
1516082562.42 0 57532 0 0
1516082562.52 0 59046 0 0
1516082562.62 0 57532 0 0
1516082562.72 0 57532 0 0
1516082562.82 0 59046 0 0
1516082562.92 0 57532 0 0
1516082563.02 0 59046 0 0
1516082563.12 0 59046 0 0
1516082563.22 0 56018 0 0
1516082563.32 0 57532 0 0
1516082563.42 0 57532 0 0
1516082563.52 0 57532 0 0
1516082563.62 0 57532 0 0
1516082563.72 0 59046 0 0
1516082563.82 0 57532 0 0
1516082563.92 0 57532 0 0
1516082564.02 0 57532 0 0
1516082564.12 0 59046 0 0
1516082564.22 0 62074 0 0
1516082564.32 0 54504 0 0
1516082564.42 0 62074 0 0
1516082564.52 0 56018 0 0
1516082564.62 0 60560 0 0
1516082564.72 0 56018 0 0
1516082564.82 0 57532 0 0
1516082564.92 0 59046 0 0
1516082565.02 0 57532 0 0
1516082565.12 0 59046 0 0
1516082565.22 0 57532 0 0
1516082565.32 0 57532 0 0
1516082565.42 0 56018 0 0
1516082565.52 0 62074 0 0
1516082565.63 0 57532 0 0
1516082565.72 0 56018 0 0
1516082565.82 0 59046 0 0
1516082565.92 0 57532 0 0
1516082566.03 0 60560 0 0
1516082566.12 0 54504 0 0
1516082566.23 0 60560 0 0
1516082566.33 0 56018 0 0
1516082566.42 0 59046 0 0
1516082566.53 0 59046 0 0
1516082566.63 0 57532 0 0
1516082566.73 0 59046 0 0
1516082566.83 0 57532 0 0
1516082566.93 0 60560 0 0
1516082567.03 0 57532 0 0
1516082567.13 0 57532 0 0
1516082567.23 0 60560 0 0
1516082567.33 0 59046 0 0
1516082567.43 0 57532 0 0
1516082567.53 0 57532 0 0
1516082567.63 0 59046 0 0
1516082567.73 0 59046 0 0
1516082567.83 0 57532 0 0
1516082567.93 0 59046 0 0
1516082568.03 0 57532 0 0
1516082568.13 0 57532 0 0
1516082568.23 0 60560 0 0
1516082568.33 0 56018 0 0
1516082568.43 0 59046 0 0
1516082568.53 0 59046 0 0
1516082568.63 0 56018 0 0
1516082568.73 0 60560 0 0
1516082568.83 0 57532 0 0
1516082568.93 0 57532 0 0
1516082569.03 0 59046 0 0
1516082569.13 0 59046 0 0
1516082569.23 0 59046 0 0
1516082569.33 0 56018 0 0
1516082569.43 0 57532 0 0
1516082569.53 0 57532 0 0
1516082569.64 0 60560 0 0
1516082569.74 0 59046 0 0
1516082569.84 0 60560 0 0
1516082569.94 0 57532 0 0
1516082570.04 0 57532 0 0
1516082570.14 0 59046 0 0
1516082570.24 0 57532 0 0
1516082570.34 0 57532 0 0
1516082570.44 0 57532 0 0
1516082570.54 0 60560 0 0
1516082570.64 0 57532 0 0
1516082570.74 0 57532 0 0
1516082570.84 0 59046 0 0
1516082570.95 0 59046 0 0
1516082571.04 0 57532 0 0
1516082571.15 0 60560 0 0
1516082571.25 0 56018 0 0
1516082571.35 0 57532 0 0
1516082571.45 0 59046 0 0
1516082571.55 0 57532 0 0
1516082571.65 0 59046 0 0
1516082571.75 0 60560 0 0
1516082571.85 0 54504 0 0
1516082571.95 0 57532 0 0
1516082572.05 0 57532 0 0
1516082572.15 0 59046 0 0
1516082572.25 0 56018 0 0
1516082572.35 0 59046 0 0
1516082572.45 0 57532 0 0
1516082572.55 0 57532 0 0
1516082572.65 0 60560 0 0
1516082572.75 0 57532 0 0
1516082572.85 0 54504 0 0
1516082572.95 0 59046 0 0
1516082573.05 0 57532 0 0
1516082573.15 0 56018 0 0
1516082573.25 0 59046 0 0
1516082573.36 0 59046 0 0
1516082573.46 0 59046 0 0
1516082573.56 0 57532 0 0
1516082573.66 0 59046 0 0
1516082573.76 0 59046 0 0
1516082573.86 0 57532 0 0
1516082573.96 0 59046 0 0
1516082574.06 0 59046 0 0
1516082574.16 0 54504 0 0
1516082574.26 0 59046 0 0
1516082574.36 0 56018 0 0
1516082574.46 0 59046 0 0
1516082574.56 0 60560 0 0
1516082574.66 0 56018 0 0
1516082574.76 0 59046 0 0
1516082574.86 0 57532 0 0
1516082574.96 0 57532 0 0
1516082575.06 0 57532 0 0
1516082575.16 0 57532 0 0
1516082575.26 0 59046 0 0
1516082575.36 0 57532 0 0
1516082575.46 0 57532 0 0
1516082575.56 0 60560 0 0
1516082575.66 0 59046 0 0
1516082575.76 0 54504 0 0
1516082575.86 0 57532 0 0
1516082575.96 0 59046 0 0
1516082576.06 0 59046 0 0
1516082576.16 0 57532 0 0
1516082576.26 0 59046 0 0
1516082576.36 0 59046 0 0
1516082576.46 0 57532 0 0
1516082576.56 0 57532 0 0
1516082576.66 0 59046 0 0
1516082576.76 0 57532 0 0
1516082576.86 0 59046 0 0
1516082576.96 0 59046 0 0
1516082577.06 0 57532 0 0
1516082577.17 0 59046 0 0
1516082577.26 0 57532 0 0
1516082577.36 0 57532 0 0
1516082577.46 0 59046 0 0
1516082577.57 0 59046 0 0
1516082577.67 0 59046 0 0
1516082577.77 0 59046 0 0
1516082577.87 0 56018 0 0
1516082577.97 0 59046 0 0
1516082578.07 0 57532 0 0
1516082578.17 0 59046 0 0
1516082578.27 0 56018 0 0
1516082578.37 0 60560 0 0
1516082578.47 0 59046 0 0
1516082578.57 0 59046 0 0
1516082578.67 0 59046 0 0
1516082578.77 0 54504 0 0
1516082578.87 0 57532 0 0
1516082578.97 0 60560 0 0
1516082579.07 0 56018 0 0
1516082579.17 0 57532 0 0
1516082579.27 0 59046 0 0
1516082579.37 0 57532 0 0
1516082579.47 0 59046 0 0
1516082579.57 0 57532 0 0
1516082579.67 0 59046 0 0
1516082579.77 0 56018 0 0
1516082579.87 0 59046 0 0
1516082579.97 0 59046 0 0
1516082580.08 0 60560 0 0
1516082580.17 0 56018 0 0
1516082580.27 0 57532 0 0
1516082580.37 0 59046 0 0
1516082580.48 0 60560 0 0
1516082580.58 0 57532 0 0
1516082580.67 0 59046 0 0
1516082580.77 0 57532 0 0
1516082580.88 0 59046 0 0
1516082580.98 0 57532 0 0
1516082581.08 0 59046 0 0
1516082581.18 0 57532 0 0
1516082581.28 0 60560 0 0
1516082581.38 0 57532 0 0
1516082581.48 0 59046 0 0
1516082581.58 0 59046 0 0
1516082581.68 0 59046 0 0
1516082581.78 0 57532 0 0
1516082581.88 0 57532 0 0
1516082581.98 0 60560 0 0
1516082582.08 0 57532 0 0
1516082582.18 0 57532 0 0
1516082582.28 0 57532 0 0
1516082582.38 0 57532 0 0
1516082582.48 0 59046 0 0
1516082582.58 0 60560 0 0
1516082582.68 0 56018 0 0
1516082582.78 0 59046 0 0
1516082582.88 0 59046 0 0
1516082582.98 0 59046 0 0
1516082583.09 0 57532 0 0
1516082583.18 0 57532 0 0
1516082583.29 0 59046 0 0
1516082583.38 0 57532 0 0
1516082583.48 0 59046 0 0
1516082583.59 0 60560 0 0
1516082583.69 0 56018 0 0
1516082583.78 0 57532 0 0
1516082583.89 0 59046 0 0
1516082583.99 0 59046 0 0
1516082584.09 0 59046 0 0
1516082584.19 0 57532 0 0
1516082584.29 0 57532 0 0
1516082584.39 0 57532 0 0
1516082584.49 0 57532 0 0
1516082584.59 0 57532 0 0
1516082584.69 0 57532 0 0
1516082584.79 0 59046 0 0
1516082584.89 0 57532 0 0
1516082584.99 0 59046 0 0
1516082585.09 0 59046 0 0
1516082585.19 0 56018 0 0
1516082585.29 0 59046 0 0
1516082585.39 0 59046 0 0
1516082585.49 0 56018 0 0
1516082585.59 0 60560 0 0
1516082585.69 0 57532 0 0
1516082585.79 0 60560 0 0
1516082585.89 0 57532 0 0
1516082585.99 0 59046 0 0
1516082586.09 0 57532 0 0
1516082586.19 0 59046 0 0
1516082586.29 0 59046 0 0
1516082586.39 0 54504 0 0
1516082586.49 0 60560 0 0
1516082586.59 0 57532 0 0
1516082586.69 0 59046 0 0
1516082586.79 0 57532 0 0
1516082586.89 0 59046 0 0
1516082586.99 0 59046 0 0
1516082587.09 0 57532 0 0
1516082587.19 0 59046 0 0
1516082587.29 0 59046 0 0
1516082587.39 0 57532 0 0
1516082587.5 0 59046 0 0
1516082587.6 0 59046 0 42
1516082587.7 0 57532 0 0
1516082587.79 0 56018 0 0
1516082587.89 0 57532 0 0
1516082588.0 0 60560 0 0
1516082588.1 0 56018 0 0
1516082588.2 0 59046 0 0
1516082588.3 0 59046 0 0
1516082588.4 0 57532 0 0
1516082588.5 0 57532 0 0
1516082588.6 0 60560 0 0
1516082588.7 0 59046 0 0
1516082588.8 0 57532 0 0
1516082588.9 0 59046 0 0
1516082589.0 0 57532 0 0
1516082589.1 0 56018 0 0
1516082589.2 0 57532 0 0
1516082589.3 0 60560 0 0
1516082589.4 0 57532 0 0
1516082589.5 0 56018 0 0
1516082589.6 0 60560 0 0
1516082589.7 0 57532 0 0
1516082589.8 0 57532 0 0
1516082589.9 0 59046 0 0
1516082590.0 0 59046 0 0
1516082590.1 0 59046 0 0
1516082590.2 0 57532 0 0
1516082590.3 0 60560 0 0
1516082590.4 0 57532 0 0
1516082590.5 0 59046 0 0
1516082590.6 0 56018 0 0
1516082590.7 0 59046 0 0
1516082590.8 0 57532 0 0
1516082590.9 0 59046 0 0
1516082591.0 0 57532 0 0
1516082591.1 0 54504 0 0
1516082591.2 0 57532 0 0
1516082591.3 0 60560 0 0
1516082591.4 0 57532 0 0
1516082591.5 0 59046 0 0
1516082591.6 0 59046 0 0
1516082591.7 0 57532 0 0
1516082591.8 0 59046 0 0
1516082591.9 0 57532 0 0
1516082592.0 0 59046 0 0
1516082592.1 0 60560 0 0
1516082592.21 0 57532 0 0
1516082592.3 0 59046 0 0
1516082592.41 0 56018 0 0
1516082592.51 0 46934 0 0
1516082592.61 0 46934 0 0
1516082592.71 0 33308 0 42
1516082592.81 0 31794 0 0
1516082592.91 0 40878 0 0
1516082593.01 0 43906 0 0
1516082593.11 0 40878 0 0
1516082593.21 0 43906 0 0
1516082593.31 0 40878 0 0
1516082593.41 0 39364 0 0
1516082593.51 0 42392 0 0
1516082593.61 0 40878 0 0
1516082593.71 0 39364 0 0
1516082593.81 0 40878 0 0
1516082593.91 0 40878 0 0
1516082594.01 0 39364 0 0
1516082594.11 0 40878 0 0
1516082594.21 0 42392 0 0
1516082594.31 0 40878 0 0
1516082594.41 0 43906 0 0
1516082594.51 0 42392 0 0
1516082594.61 0 43906 0 0
1516082594.71 0 39364 0 0
1516082594.81 0 37850 0 0
1516082594.91 0 33308 0 0
1516082595.01 0 39364 0 0
1516082595.12 0 39364 0 0
1516082595.21 0 33308 0 0
1516082595.31 0 36336 0 0
1516082595.41 0 42392 0 0
1516082595.51 0 39364 0 0
1516082595.61 0 40878 0 0
1516082595.71 0 42392 0 0
1516082595.81 0 39364 0 0
1516082595.91 0 40878 0 0
1516082596.02 0 36336 0 0
1516082596.12 0 33308 0 0
1516082596.22 0 37850 0 0
1516082596.32 0 36336 0 0
1516082596.42 0 39364 0 0
1516082596.51 0 39364 0 0
1516082596.62 0 39364 0 0
1516082596.72 0 39364 0 0
1516082596.82 0 42392 0 0
1516082596.92 0 39364 0 0
1516082597.02 0 37850 0 0
1516082597.12 0 34822 0 0
1516082597.22 0 37850 0 0
1516082597.32 0 34822 0 0
1516082597.42 0 37850 0 0
1516082597.52 0 34822 0 0
1516082597.62 0 37850 0 0
1516082597.72 0 39364 0 0
1516082597.82 0 37850 0 0
1516082597.92 0 42392 0 0
1516082598.02 0 42392 0 0
1516082598.12 0 39364 0 0
1516082598.22 0 34822 0 0
1516082598.32 0 39364 0 0
1516082598.42 0 33308 0 0
1516082598.52 0 37850 0 0
1516082598.62 0 33308 0 0
1516082598.72 0 37850 0 0
1516082598.82 0 36336 0 0
1516082598.93 0 34822 0 0
1516082599.02 0 36336 0 0
1516082599.12 0 39364 0 0
1516082599.23 0 42392 0 0
1516082599.33 0 42392 0 0
1516082599.43 0 40878 0 0
1516082599.53 0 39364 0 0
1516082599.63 0 33308 0 0
1516082599.73 0 22710 0 0
1516082599.83 0 33308 0 0
1516082599.93 0 34822 0 0
1516082600.03 0 34822 0 0
1516082600.13 0 36336 0 0
1516082600.23 0 34822 0 0
1516082600.33 0 34822 0 0
1516082600.43 0 36336 0 0
1516082600.53 0 37850 0 0
1516082600.63 0 40878 0 0
1516082600.73 0 40878 0 0
1516082600.83 0 42392 0 0
1516082600.93 0 39364 0 0
1516082601.03 0 34822 0 0
1516082601.13 0 30280 0 0
1516082601.23 0 28766 0 0
1516082601.33 0 34822 0 0
1516082601.43 0 34822 0 0
1516082601.53 0 34822 0 0
1516082601.64 0 37850 0 0
1516082601.73 0 33308 0 0
1516082601.84 0 36336 0 0
1516082601.94 0 37850 0 0
1516082602.04 0 40878 0 0
1516082602.14 0 42392 0 0
1516082602.24 0 42392 0 0
1516082602.34 0 42392 0 0
1516082602.44 0 30280 0 0
1516082602.54 0 31794 0 0
1516082602.64 0 30280 0 0
1516082602.74 0 33308 0 0
1516082602.84 0 34822 0 0
1516082602.94 0 33308 0 0
1516082603.04 0 33308 0 0
1516082603.14 0 34822 0 0
1516082603.24 0 34822 0 0
1516082603.34 0 34822 0 0
1516082603.44 0 37850 0 0
1516082603.54 0 37850 0 0
1516082603.64 0 40878 0 0
1516082603.74 0 43906 0 0
1516082603.84 0 43906 0 0
1516082603.94 0 42392 0 0
1516082604.04 0 36336 0 0
1516082604.14 0 33308 0 0
1516082604.24 0 18168 0 0
1516082604.34 0 31794 0 0
1516082604.44 0 34822 0 0
1516082604.54 0 34822 0 0
1516082604.65 0 34822 0 0
1516082604.75 0 34822 0 0
1516082604.85 0 36336 0 0
1516082604.95 0 33308 0 0
1516082605.05 0 39364 0 0
1516082605.15 0 37850 0 0
1516082605.25 0 39364 0 0
1516082605.35 0 42392 0 0
1516082605.45 0 42392 0 0
1516082605.55 0 37850 0 0
1516082605.65 0 33308 0 0
1516082605.75 0 27252 0 0
1516082605.85 0 31794 0 0
1516082605.95 0 34822 0 0
1516082606.05 0 33308 0 0
1516082606.15 0 34822 0 0
1516082606.25 0 36336 0 0
1516082606.35 0 36336 0 0
1516082606.45 0 36336 0 0
1516082606.55 0 37850 0 0
1516082606.65 0 43906 0 0
1516082606.75 0 40878 0 0
1516082606.85 0 45420 0 0
1516082606.95 0 34822 0 0
1516082607.05 0 25738 0 0
1516082607.15 0 25738 0 0
1516082607.25 0 34822 0 0
1516082607.35 0 34822 0 0
1516082607.45 0 34822 0 0
1516082607.55 0 33308 0 0
1516082607.65 0 36336 0 0
1516082607.75 0 34822 0 0
1516082607.85 0 36336 0 0
1516082607.95 0 36336 0 0
1516082608.05 0 40878 0 0
1516082608.15 0 40878 0 0
1516082608.25 0 43906 0 0
1516082608.35 0 42392 0 0
1516082608.46 0 43906 0 0
1516082608.55 0 30280 0 0
1516082608.65 0 24224 0 0
1516082608.75 0 25738 0 0
1516082608.85 0 33308 0 0
1516082608.96 0 33308 0 0
1516082609.06 0 33308 0 0
1516082609.16 0 34822 0 0
1516082609.26 0 34822 0 0
1516082609.36 0 36336 0 0
1516082609.46 0 34822 0 0
1516082609.56 0 33308 0 0
1516082609.66 0 36336 0 0
1516082609.76 0 34822 0 0
1516082609.86 0 37850 0 0
1516082609.96 0 39364 0 0
1516082610.06 0 40878 0 0
1516082610.16 0 45420 0 0
1516082610.26 0 36336 0 0
1516082610.36 0 36336 0 0
1516082610.46 0 18168 0 0
1516082610.56 0 36336 0 0
1516082610.66 0 33308 0 0
1516082610.76 0 36336 0 0
1516082610.86 0 34822 0 0
1516082610.96 0 34822 0 0
1516082611.06 0 36336 0 0
1516082611.16 0 37850 0 0
1516082611.27 0 39364 0 0
1516082611.36 0 42392 0 0
1516082611.46 0 42392 0 0
1516082611.56 0 42392 0 0
1516082611.66 0 36336 0 0
1516082611.76 0 28766 0 0
1516082611.86 0 28766 0 0
1516082611.97 0 28766 0 0
1516082612.06 0 31794 0 0
1516082612.17 0 36336 0 0
1516082612.27 0 33308 0 0
1516082612.37 0 34822 0 0
1516082612.46 0 33308 0 0
1516082612.57 0 36336 0 0
1516082612.67 0 34822 0 0
1516082612.77 0 39364 0 0
1516082612.87 0 39364 0 0
1516082612.97 0 40878 0 0
1516082613.07 0 43906 0 0
1516082613.17 0 42392 0 0
1516082613.27 0 40878 0 0
1516082613.37 0 31794 0 0
1516082613.47 0 22710 0 0
1516082613.57 0 27252 0 0
1516082613.67 0 34822 0 0
1516082613.77 0 34822 0 0
1516082613.87 0 31794 0 0
1516082613.97 0 36336 0 0
1516082614.07 0 33308 0 0
1516082614.17 0 34822 0 0
1516082614.27 0 37850 0 0
1516082614.37 0 37850 0 0
1516082614.47 0 39364 0 0
1516082614.57 0 43906 0 0
1516082614.67 0 43906 0 0
1516082614.77 0 42392 0 0
1516082614.87 0 30280 0 0
1516082614.98 0 15140 0 0
1516082615.08 0 36336 0 0
1516082615.18 0 33308 0 0
1516082615.28 0 34822 0 0
1516082615.38 0 34822 0 0
1516082615.48 0 37850 0 0
1516082615.58 0 33308 0 0
1516082615.68 0 34822 0 0
1516082615.78 0 36336 0 0
1516082615.88 0 37850 0 0
1516082615.98 0 39364 0 0
1516082616.08 0 37850 0 0
1516082616.18 0 43906 0 0
1516082616.28 0 42392 0 0
1516082616.38 0 42392 0 0
1516082616.48 0 36336 0 0
1516082616.58 0 24224 0 0
1516082616.68 0 21196 0 0
1516082616.78 0 36336 0 0
1516082616.88 0 33308 0 0
1516082616.98 0 33308 0 0
1516082617.08 0 33308 0 0
1516082617.18 0 36336 0 0
1516082617.28 0 33308 0 0
1516082617.38 0 36336 0 0
1516082617.48 0 34822 0 0
1516082617.58 0 36336 0 0
1516082617.68 0 36336 0 0
1516082617.78 0 37850 0 0
1516082617.88 0 42392 0 0
1516082617.98 0 42392 0 0
1516082618.08 0 42392 0 0
1516082618.18 0 45420 0 0
1516082618.29 0 36336 0 0
1516082618.39 0 24224 0 0
1516082618.49 0 21196 0 0
1516082618.59 0 34822 0 0
1516082618.69 0 33308 0 0
1516082618.79 0 34822 0 0
1516082618.89 0 33308 0 0
1516082618.99 0 34822 0 0
1516082619.09 0 34822 0 0
1516082619.19 0 37850 0 0
1516082619.29 0 39364 0 0
1516082619.39 0 42392 0 0
1516082619.49 0 42392 0 0
1516082619.59 0 43906 0 0
1516082619.69 0 37850 0 0
1516082619.8 0 22710 0 0
1516082619.89 0 25738 0 0
1516082619.99 0 34822 0 0
1516082620.09 0 33308 0 0
1516082620.19 0 36336 0 0
1516082620.29 0 36336 0 0
1516082620.39 0 33308 0 0
1516082620.49 0 36336 0 0
1516082620.59 0 36336 0 0
1516082620.69 0 37850 0 0
1516082620.79 0 40878 0 0
1516082620.9 0 42392 0 0
1516082621.0 0 42392 0 0
1516082621.09 0 37850 0 0
1516082621.19 0 37850 0 0
1516082621.29 0 33308 0 0
1516082621.39 0 19682 0 0
1516082621.5 0 34822 0 0
1516082621.6 0 34822 0 0
1516082621.7 0 31794 0 0
1516082621.8 0 36336 0 0
1516082621.9 0 34822 0 0
1516082622.0 0 36336 0 0
1516082622.1 0 33308 0 0
1516082622.2 0 34822 0 0
1516082622.3 0 34822 0 0
1516082622.4 0 39364 0 0
1516082622.5 0 39364 0 0
1516082622.6 0 42392 0 0
1516082622.7 0 42392 0 0
1516082622.8 0 43906 0 0
1516082622.9 0 37850 0 0
1516082623.0 0 33308 0 0
1516082623.1 0 24224 0 0
1516082623.2 0 25738 0 0
1516082623.3 0 34822 0 0
1516082623.4 0 33308 0 0
1516082623.5 0 34822 0 0
1516082623.6 0 33308 0 0
1516082623.7 0 36336 0 0
1516082623.8 0 33308 0 0
1516082623.9 0 34822 0 0
1516082624.0 0 36336 0 0
1516082624.1 0 36336 0 0
1516082624.2 0 36336 0 0
1516082624.31 0 39364 0 0
1516082624.4 0 40878 0 0
1516082624.51 0 45420 0 0
1516082624.61 0 42392 0 0
1516082624.71 0 31794 0 0
1516082624.8 0 21196 0 0
1516082624.91 0 30280 0 0
1516082625.01 0 33308 0 0
1516082625.11 0 36336 0 0
1516082625.21 0 34822 0 0
1516082625.31 0 34822 0 0
1516082625.41 0 36336 0 0
1516082625.51 0 33308 0 0
1516082625.61 0 39364 0 0
1516082625.71 0 42392 0 0
1516082625.81 0 42392 0 0
1516082625.91 0 42392 0 0
1516082626.01 0 36336 0 0
1516082626.11 0 31794 0 0
1516082626.21 0 30280 0 0
1516082626.31 0 28766 0 0
1516082626.41 0 36336 0 0
1516082626.51 0 33308 0 0
1516082626.61 0 34822 0 0
1516082626.71 0 33308 0 0
1516082626.81 0 34822 0 0
1516082626.91 0 37850 0 0
1516082627.01 0 37850 0 0
1516082627.11 0 40878 0 0
1516082627.21 0 42392 0 0
1516082627.31 0 43906 0 0
1516082627.41 0 42392 0 0
1516082627.51 0 36336 0 0
1516082627.61 0 25738 0 0
1516082627.71 0 21196 0 0
1516082627.82 0 36336 0 0
1516082627.91 0 33308 0 0
1516082628.02 0 34822 0 0
1516082628.11 0 34822 0 0
1516082628.21 0 33308 0 0
1516082628.31 0 33308 0 0
1516082628.42 0 34822 0 0
1516082628.51 0 34822 0 0
1516082628.62 0 36336 0 0
1516082628.72 0 36336 0 0
1516082628.82 0 39364 0 0
1516082628.92 0 39364 0 0
1516082629.02 0 42392 0 0
1516082629.12 0 43906 0 0
1516082629.22 0 40878 0 0
1516082629.32 0 21196 0 0
1516082629.42 0 28766 0 0
1516082629.52 0 34822 0 0
1516082629.62 0 33308 0 0
1516082629.72 0 36336 0 0
1516082629.82 0 33308 0 0
1516082629.92 0 36336 0 0
1516082630.02 0 36336 0 0
1516082630.13 0 39364 0 0
1516082630.22 0 37850 0 0
1516082630.33 0 42392 0 0
1516082630.43 0 45420 0 0
1516082630.53 0 45420 0 0
1516082630.63 0 54504 0 0
1516082630.73 0 62074 0 0
1516082630.83 7570 65102 0 42
1516082630.93 16654 62074 0 0
1516082631.03 19682 63588 0 0
1516082631.13 0 52990 0 0
1516082631.23 0 37850 0 0
1516082631.33 0 51476 0 0
1516082631.43 0 56018 0 0
1516082631.53 1514 56018 0 0
1516082631.63 0 62074 0 0
1516082631.73 0 59046 0 0
1516082631.83 0 62074 0 0
1516082631.93 3028 65102 0 0
1516082632.03 9084 60560 0 0
1516082632.13 4542 63588 0 0
1516082632.23 0 48448 0 0
1516082632.33 0 59046 0 0
1516082632.43 0 59046 0 0
1516082632.53 0 62074 0 0
1516082632.63 0 57532 0 0
1516082632.73 0 57532 0 0
1516082632.83 0 59046 0 0
1516082632.93 0 59046 0 0
1516082633.03 0 56018 0 0
1516082633.13 0 59046 0 0
1516082633.23 0 57532 0 0
1516082633.33 0 59046 0 0
1516082633.43 0 59046 0 0
1516082633.53 0 56018 0 0
1516082633.63 0 59046 0 0
1516082633.73 0 57532 0 0
1516082633.83 0 59046 0 0
1516082633.93 0 56018 0 0
1516082634.03 0 59046 0 0
1516082634.13 0 57532 0 0
1516082634.23 0 59046 0 0
1516082634.33 0 59046 0 0
1516082634.43 0 56018 0 0
1516082634.53 0 59046 0 0
1516082634.64 0 62074 0 0
1516082634.74 0 57532 0 0
1516082634.84 0 62074 0 0
1516082634.93 0 51476 0 0
1516082635.04 0 59046 0 0
1516082635.13 0 56018 0 0
1516082635.23 0 59046 0 0
1516082635.34 0 60560 0 0
1516082635.44 0 56018 0 0
1516082635.54 0 59046 0 0
1516082635.64 0 59046 0 0
1516082635.74 0 56018 0 0
1516082635.84 0 59046 0 0
1516082635.94 0 59046 0 0
1516082636.04 0 57532 0 0
1516082636.14 0 57532 0 0
1516082636.24 0 59046 0 0
1516082636.34 0 59046 0 0
1516082636.44 0 59046 0 0
1516082636.54 0 57532 0 0
1516082636.64 0 59046 0 0
1516082636.74 0 59046 0 0
1516082636.84 0 56018 0 0
1516082636.94 0 59046 0 0
1516082637.04 0 57532 0 0
1516082637.14 0 60560 0 0
1516082637.24 0 57532 0 0
1516082637.34 0 57532 0 0
1516082637.44 0 59046 0 0
1516082637.54 0 57532 0 0
1516082637.64 0 59046 0 0
1516082637.74 0 57532 0 0
1516082637.84 0 57532 0 0
1516082637.94 0 57532 0 0
1516082638.04 0 59046 0 0
1516082638.14 0 57532 0 0
1516082638.24 0 59046 0 0
1516082638.34 0 59046 0 0
1516082638.44 0 57532 0 0
1516082638.54 0 56018 0 0
1516082638.64 0 59046 0 0
1516082638.75 0 59046 0 0
1516082638.84 0 56018 0 0
1516082638.95 0 60560 0 0
1516082639.05 0 56018 0 0
1516082639.14 0 59046 0 0
1516082639.25 0 57532 0 0
1516082639.35 0 59046 0 0
1516082639.44 0 56018 0 0
1516082639.55 0 59046 0 0
1516082639.64 0 56018 0 0
1516082639.75 0 59046 0 0
1516082639.85 0 60560 0 0
1516082639.95 0 59046 0 0
1516082640.05 0 54504 0 0
1516082640.15 0 56018 0 0
1516082640.25 0 59046 0 0
1516082640.35 0 57532 0 0
1516082640.45 0 62074 0 0
1516082640.55 0 54504 0 0
1516082640.65 0 59046 0 0
1516082640.75 0 57532 0 0
1516082640.85 0 59046 0 0
1516082640.95 0 59046 0 0
1516082641.05 0 59046 0 0
1516082641.15 0 57532 0 0
1516082641.25 0 57532 0 42
1516082641.35 0 57532 0 0
1516082641.46 0 59046 0 0
1516082641.55 0 59046 0 0
1516082641.65 0 57532 0 0
1516082641.76 0 57532 0 0
1516082641.86 0 59046 0 0
1516082641.96 0 59046 0 0
1516082642.06 0 56018 0 0
1516082642.16 0 62074 0 0
1516082642.26 0 56018 0 0
1516082642.36 0 59046 0 0
1516082642.46 0 56018 0 0
1516082642.56 0 59046 0 0
1516082642.66 0 59046 0 0
1516082642.76 0 59046 0 0
1516082642.86 0 59046 0 0
1516082642.96 0 59046 0 0
1516082643.06 0 56018 0 0
1516082643.16 0 56018 0 0
1516082643.26 0 62074 0 0
1516082643.36 0 57532 0 0
1516082643.46 0 56018 0 0
1516082643.56 0 59046 0 0
1516082643.66 0 59046 0 0
1516082643.76 0 56018 0 0
1516082643.86 0 57532 0 0
1516082643.96 0 59046 0 0
1516082644.06 0 57532 0 0
1516082644.16 0 59046 0 0
1516082644.26 0 59046 0 0
1516082644.36 0 56018 0 0
1516082644.46 0 59046 0 0
1516082644.56 0 59046 0 0
1516082644.66 0 56018 0 0
1516082644.76 0 59046 0 0
1516082644.86 0 59046 0 0
1516082644.96 0 57532 0 0
1516082645.06 0 57532 0 0
1516082645.16 0 59046 0 0
1516082645.26 0 57532 0 0
1516082645.36 0 60560 0 0
1516082645.46 0 56018 0 0
1516082645.56 0 57532 0 0
1516082645.67 0 60560 0 0
1516082645.76 0 56018 0 0
1516082645.87 0 62074 0 0
1516082645.97 0 54504 0 0
1516082646.07 0 59046 0 0
1516082646.16 0 57532 0 0
1516082646.27 0 59046 0 0
1516082646.37 0 59046 0 0
1516082646.46 1514 54504 0 0
1516082646.57 0 59046 0 0
1516082646.67 0 56018 0 0
1516082646.77 0 62074 0 0
1516082646.87 0 56018 0 0
1516082646.97 0 59046 0 0
1516082647.07 0 59046 0 0
1516082647.17 0 59046 0 0
1516082647.27 0 56018 0 0
1516082647.37 0 57532 0 0
1516082647.47 0 59046 0 0
1516082647.57 0 59046 0 0
1516082647.67 0 59046 0 0
1516082647.78 0 59046 0 0
1516082647.88 0 59046 0 0
1516082647.97 0 56018 0 0
1516082648.07 0 59046 0 0
1516082648.17 0 59046 0 0
1516082648.27 0 56018 0 0
1516082648.37 0 59046 0 0
1516082648.47 0 59046 0 0
1516082648.57 0 56018 0 0
1516082648.67 0 59046 0 0
1516082648.77 0 59046 0 0
1516082648.87 0 59046 0 0
1516082648.97 0 56018 0 0
1516082649.07 0 59046 0 0
1516082649.17 0 57532 0 0
1516082649.27 0 59046 0 0
1516082649.37 0 59046 0 0
1516082649.48 0 59046 0 0
1516082649.58 0 60560 0 0
1516082649.68 0 56018 0 0
1516082649.78 0 56018 0 0
1516082649.88 0 62074 0 0
1516082649.98 0 56018 0 0
1516082650.08 0 57532 0 0
1516082650.18 0 59046 0 0
1516082650.28 0 57532 0 0
1516082650.38 0 57532 0 0
1516082650.48 0 60560 0 0
1516082650.58 0 57532 0 0
1516082650.68 0 56018 0 0
1516082650.78 0 54504 0 0
1516082650.88 0 57532 0 0
1516082650.98 0 57532 0 0
1516082651.08 0 62074 0 0
1516082651.18 0 56018 0 0
1516082651.28 0 59046 0 0
1516082651.38 0 57532 0 0
1516082651.48 0 59046 0 0
1516082651.58 0 57532 0 0
1516082651.68 0 59046 0 0
1516082651.78 0 57532 0 0
1516082651.89 1514 57532 0 0
1516082651.99 0 59046 0 0
1516082652.09 0 57532 0 0
1516082652.19 0 56018 0 0
1516082652.29 0 59046 0 0
1516082652.39 0 56018 0 0
1516082652.48 0 57532 0 0
1516082652.58 0 57532 0 0
1516082652.69 0 59046 0 0
1516082652.79 0 59046 0 0
1516082652.89 0 59046 0 0
1516082652.99 0 56018 0 0
1516082653.09 0 59046 0 0
1516082653.19 0 59046 0 0
1516082653.29 0 59046 0 0
1516082653.39 0 56018 0 0
1516082653.49 0 59046 0 0
1516082653.59 0 59046 0 0
1516082653.69 0 59046 0 0
1516082653.79 0 57532 0 0
1516082653.89 0 59046 0 0
1516082653.99 0 56018 0 0
1516082654.09 0 60560 0 0
1516082654.19 0 56018 0 0
1516082654.29 0 59046 0 0
1516082654.39 0 59046 0 0
1516082654.5 0 62074 0 0
1516082654.59 0 54504 0 0
1516082654.69 0 59046 0 0
1516082654.79 0 57532 0 0
1516082654.9 0 59046 0 0
1516082655.0 0 59046 0 0
1516082655.09 0 56018 0 0
1516082655.19 0 57532 0 0
1516082655.3 0 59046 0 0
1516082655.4 0 59046 0 0
1516082655.5 0 59046 0 0
1516082655.59 0 57532 0 0
1516082655.7 0 59046 0 0
1516082655.8 0 60560 0 0
1516082655.9 0 54504 0 0
1516082656.0 0 59046 0 0
1516082656.1 0 59046 0 0
1516082656.2 0 57532 0 0
1516082656.3 0 59046 0 0
1516082656.4 0 56018 0 0
1516082656.5 0 57532 0 0
1516082656.6 0 60560 0 0
1516082656.7 0 56018 0 0
1516082656.8 0 59046 0 0
1516082656.9 0 57532 0 0
1516082657.0 0 59046 0 0
1516082657.1 0 56018 0 0
1516082657.2 0 60560 0 0
1516082657.3 0 57532 0 0
1516082657.4 0 57532 0 0
1516082657.5 0 56018 0 0
1516082657.61 1514 60560 0 0
1516082657.7 0 57532 0 0
1516082657.8 0 59046 0 0
1516082657.9 0 56018 0 0
1516082658.0 0 57532 0 0
1516082658.1 0 59046 0 0
1516082658.2 0 59046 0 0
1516082658.31 0 59046 0 0
1516082658.4 0 56018 0 0
1516082658.51 0 59046 0 0
1516082658.6 0 56018 0 0
1516082658.71 0 60560 0 0
1516082658.81 0 57532 0 0
1516082658.9 0 57532 0 0
1516082659.01 0 59046 0 0
1516082659.11 0 57532 0 0
1516082659.21 0 57532 0 0
1516082659.31 0 59046 0 0
1516082659.41 0 56018 0 0
1516082659.51 0 59046 0 0
1516082659.61 0 59046 0 0
1516082659.71 0 57532 0 0
1516082659.81 0 59046 0 0
1516082659.91 0 57532 0 0
1516082660.01 0 57532 0 0
1516082660.11 0 59046 0 0
1516082660.21 0 57532 0 0
1516082660.31 0 59046 0 0
1516082660.41 0 57532 0 0
1516082660.51 0 59046 0 0
1516082660.61 0 59046 0 0
1516082660.71 0 56018 0 0
1516082660.81 0 59046 0 0
1516082660.91 0 57532 0 0
1516082661.01 0 60560 0 0
1516082661.12 0 60560 0 0
1516082661.22 0 56018 0 0
1516082661.32 0 57532 0 0
1516082661.42 0 57532 0 0
1516082661.51 0 57532 0 0
1516082661.61 0 57532 0 0
1516082661.71 0 59046 0 0
1516082661.81 0 56018 0 0
1516082661.91 0 59046 0 0
1516082662.02 0 59046 0 0
1516082662.12 0 59046 0 0
1516082662.21 0 57532 0 0
1516082662.31 0 57532 0 0
1516082662.42 0 59046 0 0
1516082662.52 0 60560 0 0
1516082662.62 0 54504 0 0
1516082662.72 0 59046 0 0
1516082662.82 0 59046 0 0
1516082662.92 0 59046 0 0
1516082663.02 0 56018 0 0
1516082663.12 0 59046 0 0
1516082663.22 0 57532 0 0
1516082663.32 0 57532 0 0
1516082663.42 0 59046 0 0
1516082663.52 0 57532 0 0
1516082663.62 0 57532 0 0
1516082663.72 0 57532 0 0
1516082663.82 0 59046 0 0
1516082663.92 0 57532 0 0
1516082664.02 0 59046 0 0
1516082664.12 0 56018 0 0
1516082664.22 0 60560 0 0
1516082664.32 0 56018 0 0
1516082664.42 0 60560 0 0
1516082664.52 0 59046 0 0
1516082664.62 0 52990 0 0
1516082664.72 0 59046 0 0
1516082664.82 0 59046 0 0
1516082664.92 0 57532 0 0
1516082665.02 0 59046 0 0
1516082665.12 0 57532 0 0
1516082665.22 0 60560 0 0
1516082665.33 0 59046 0 0
1516082665.42 0 54504 0 0
1516082665.52 0 57532 0 0
1516082665.63 0 60560 0 0
1516082665.72 0 56018 0 0
1516082665.82 0 59046 0 0
1516082665.92 0 54504 0 0
1516082666.02 0 59046 0 0
1516082666.12 0 59046 0 0
1516082666.23 0 59046 0 0
1516082666.32 0 57532 0 0
1516082666.42 0 57532 0 0
1516082666.53 0 60560 0 0
1516082666.63 0 57532 0 0
1516082666.73 0 60560 0 0
1516082666.83 0 56018 0 0
1516082666.93 0 59046 0 0
1516082667.03 0 59046 0 0
1516082667.13 0 57532 0 0
1516082667.23 0 59046 0 0
1516082667.33 0 57532 0 0
1516082667.43 0 57532 0 0
1516082667.53 0 59046 0 0
1516082667.63 0 59046 0 0
1516082667.73 0 57532 0 0
1516082667.83 0 57532 0 0
1516082667.93 0 59046 0 0
1516082668.03 0 56018 0 0
1516082668.13 0 59046 0 0
1516082668.23 0 59046 0 0
1516082668.33 0 59046 0 0
1516082668.43 0 59046 0 0
1516082668.53 0 59046 0 0
1516082668.63 0 56018 0 0
1516082668.73 0 59046 0 0
1516082668.83 0 57532 0 0
1516082668.93 0 57532 0 0
1516082669.03 0 59046 0 0
1516082669.14 0 60560 0 0
1516082669.23 0 54504 0 0
1516082669.34 0 60560 0 0
1516082669.44 0 56018 0 0
1516082669.54 0 59046 0 0
1516082669.63 0 57532 0 0
1516082669.74 0 59046 0 0
1516082669.84 0 57532 0 0
1516082669.94 0 59046 0 0
1516082670.03 0 57532 0 0
1516082670.14 0 59046 0 0
1516082670.23 0 59046 0 0
1516082670.34 0 54504 0 0
1516082670.44 0 59046 0 0
1516082670.54 0 59046 0 0
1516082670.64 0 62074 0 0
1516082670.74 0 54504 0 0
1516082670.84 0 59046 0 0
1516082670.94 0 59046 0 0
1516082671.04 0 56018 0 0
1516082671.14 0 59046 0 0
1516082671.24 0 59046 0 0
1516082671.34 0 54504 0 0
1516082671.44 0 59046 0 0
1516082671.54 0 57532 0 0
1516082671.64 0 59046 0 0
1516082671.74 0 57532 0 0
1516082671.84 0 57532 0 0
1516082671.94 0 60560 0 0
1516082672.04 0 59046 0 0
1516082672.14 0 59046 0 0
1516082672.24 0 57532 0 0
1516082672.34 0 57532 0 0
1516082672.44 0 59046 0 0
1516082672.55 0 60560 0 0
1516082672.64 0 56018 0 0
1516082672.74 0 57532 0 0
1516082672.85 0 59046 0 0
1516082672.94 0 56018 0 0
1516082673.05 0 59046 0 0
1516082673.15 0 62074 0 0
1516082673.25 0 56018 0 0
1516082673.35 0 59046 0 0
1516082673.44 0 54504 0 0
1516082673.55 0 59046 0 0
1516082673.64 0 59046 0 0
1516082673.75 0 59046 0 0
1516082673.85 0 57532 0 0
1516082673.95 0 57532 0 0
1516082674.05 0 62074 0 42
1516082674.15 0 56018 0 0
1516082674.25 0 57532 0 0
1516082674.35 0 57532 0 0
1516082674.45 0 59046 0 0
1516082674.55 0 59046 0 0
1516082674.65 0 59046 0 0
1516082674.75 0 57532 0 0
1516082674.85 0 57532 0 0
1516082674.96 0 59046 0 0
1516082675.05 0 56018 0 0
1516082675.16 0 60560 0 0
1516082675.26 0 56018 0 0
1516082675.35 0 57532 0 0
1516082675.46 0 57532 0 0
1516082675.55 0 56018 0 0
1516082675.65 0 59046 0 0
1516082675.75 0 59046 0 0
1516082675.85 0 56018 0 0
1516082675.96 0 59046 0 0
1516082676.06 0 60560 0 0
1516082676.16 0 56018 0 0
1516082676.26 0 59046 0 0
1516082676.36 0 59046 0 0
1516082676.46 0 56018 0 0
1516082676.55 0 57532 0 0
1516082676.66 0 59046 0 0
1516082676.76 0 60560 0 0
1516082676.86 0 56018 0 0
1516082676.96 0 57532 0 0
1516082677.06 0 57532 0 0
1516082677.16 0 62074 0 0
1516082677.26 0 59046 0 0
1516082677.36 0 56018 0 0
1516082677.46 0 57532 0 0
1516082677.56 0 59046 0 0
1516082677.66 0 57532 0 0
1516082677.76 0 57532 0 0
1516082677.86 0 56018 0 0
1516082677.96 0 62074 0 0
1516082678.06 0 56018 0 0
1516082678.16 0 59046 0 0
1516082678.26 0 59046 0 0
1516082678.36 0 59046 0 0
1516082678.46 0 59046 0 0
1516082678.56 0 56018 0 0
1516082678.66 0 57532 0 0
1516082678.76 0 59046 0 0
1516082678.86 0 59046 0 0
1516082678.96 0 59046 0 0
1516082679.06 0 56018 0 0
1516082679.16 0 56018 0 0
1516082679.26 0 57532 0 0
1516082679.36 0 59046 0 0
1516082679.46 0 59046 0 0
1516082679.56 0 56018 0 0
1516082679.66 0 59046 0 0
1516082679.76 0 60560 0 0
1516082679.86 0 57532 0 0
1516082679.96 0 59046 0 0
1516082680.06 0 59046 0 0
1516082680.16 0 59046 0 0
1516082680.26 0 57532 0 0
1516082680.36 0 56018 0 0
1516082680.46 0 57532 0 0
1516082680.56 0 59046 0 0
1516082680.66 0 59046 0 0
1516082680.76 0 57532 0 0
1516082680.86 0 59046 0 0
1516082680.96 0 56018 0 0
1516082681.07 0 60560 0 0
1516082681.17 0 57532 0 0
1516082681.27 0 60560 0 0
1516082681.37 0 57532 0 0
1516082681.47 0 59046 0 0
1516082681.57 0 57532 0 0
1516082681.67 0 56018 0 0
1516082681.77 0 59046 0 0
1516082681.87 0 57532 0 0
1516082681.97 0 57532 0 0
1516082682.07 0 56018 0 0
1516082682.17 0 59046 0 0
1516082682.27 0 57532 0 0
1516082682.37 0 59046 0 0
1516082682.47 0 57532 0 0
1516082682.57 0 59046 0 0
1516082682.67 0 56018 0 0
1516082682.77 0 57532 0 0
1516082682.87 0 57532 0 0
1516082682.97 0 56018 0 0
1516082683.07 0 59046 0 0
1516082683.17 0 59046 0 0
1516082683.27 0 59046 0 0
1516082683.37 0 59046 0 0
1516082683.47 0 57532 0 0
1516082683.58 0 59046 0 0
1516082683.67 0 54504 0 0
1516082683.77 0 59046 0 0
1516082683.87 0 57532 0 0
1516082683.98 0 57532 0 0
1516082684.07 0 57532 0 0
1516082684.17 0 60560 0 0
1516082684.28 0 57532 0 0
1516082684.38 0 59046 0 0
1516082684.48 0 57532 0 0
1516082684.58 0 57532 0 0
1516082684.67 0 56018 0 0
1516082684.78 0 59046 0 0
1516082684.88 0 57532 0 0
1516082684.98 0 59046 0 0
1516082685.08 0 59046 0 0
1516082685.18 0 57532 0 0
1516082685.28 0 56018 0 0
1516082685.38 0 60560 0 0
1516082685.48 0 59046 0 0
1516082685.58 0 59046 0 0
1516082685.68 0 60560 0 0
1516082685.78 0 56018 0 0
1516082685.88 0 59046 0 0
1516082685.99 0 60560 0 0
1516082686.08 0 57532 0 0
1516082686.19 0 59046 0 0
1516082686.29 0 59046 0 0
1516082686.38 0 57532 0 0
1516082686.49 0 59046 0 0
1516082686.58 0 57532 0 0
1516082686.68 0 57532 0 0
1516082686.79 0 59046 0 0
1516082686.89 0 60560 0 0
1516082686.99 0 59046 0 0
1516082687.09 0 57532 0 0
1516082687.19 0 59046 0 0
1516082687.29 0 59046 0 0
1516082687.39 0 57532 0 0
1516082687.49 0 59046 0 0
1516082687.59 0 57532 0 0
1516082687.69 0 57532 0 0
1516082687.79 0 56018 0 0
1516082687.89 0 59046 0 0
1516082687.99 0 57532 0 0
1516082688.09 0 59046 0 0
1516082688.19 0 59046 0 0
1516082688.29 0 59046 0 0
1516082688.39 0 57532 0 0
1516082688.49 0 59046 0 0
1516082688.59 0 60560 0 0
1516082688.69 0 56018 0 0
1516082688.79 0 59046 0 0
1516082688.89 0 57532 0 0
1516082688.99 0 60560 0 0
1516082689.09 0 57532 0 0
1516082689.19 0 57532 0 0
1516082689.29 0 57532 0 0
1516082689.39 0 57532 0 0
1516082689.49 0 57532 0 0
1516082689.59 0 59046 0 0
1516082689.69 0 59046 0 0
1516082689.79 0 57532 0 42
1516082689.9 0 63588 0 0
1516082689.99 0 54504 0 0
1516082690.1 0 60560 0 0
1516082690.19 0 54504 0 0
1516082690.29 0 60560 0 0
1516082690.39 0 59046 0 0
1516082690.49 0 59046 0 0
1516082690.59 0 57532 0 0
1516082690.69 0 59046 0 0
1516082690.79 0 57532 0 0
1516082690.89 0 59046 0 0
1516082690.99 0 59046 0 0
1516082691.1 0 60560 0 0
1516082691.2 0 56018 0 0
1516082691.3 0 59046 0 0
1516082691.4 0 57532 0 0
1516082691.5 0 59046 0 0
1516082691.59 0 57532 0 0
1516082691.7 0 59046 0 0
1516082691.79 0 57532 0 0
1516082691.9 0 60560 0 0
1516082692.0 0 59046 0 0
1516082692.1 0 59046 0 0
1516082692.2 0 56018 0 0
1516082692.3 0 59046 0 0
1516082692.4 0 59046 0 0
1516082692.5 0 57532 0 0
1516082692.6 0 60560 0 0
1516082692.7 0 57532 0 0
1516082692.8 0 56018 0 0
1516082692.9 0 59046 0 0
1516082693.0 0 59046 0 0
1516082693.1 0 59046 0 0
1516082693.2 0 57532 0 0
1516082693.3 0 59046 0 0
1516082693.4 0 57532 0 0
1516082693.5 0 57532 0 0
1516082693.6 0 57532 0 0
1516082693.7 0 60560 0 0
1516082693.8 0 57532 0 0
1516082693.9 0 60560 0 0
1516082694.01 3028 57532 0 0
1516082694.1 0 60560 0 0
1516082694.2 0 56018 0 0
1516082694.3 0 56018 0 0
1516082694.4 0 60560 0 0
1516082694.5 0 56018 0 0
1516082694.61 0 60560 0 0
1516082694.71 0 57532 0 0
1516082694.81 0 59046 0 0
1516082694.91 0 60560 0 0
1516082695.01 0 57532 0 0
1516082695.11 0 57532 0 0
1516082695.2 0 56018 0 0
1516082695.3 0 59046 0 0
1516082695.41 0 60560 0 0
1516082695.5 0 54504 0 0
1516082695.61 0 59046 0 0
1516082695.71 0 57532 0 0
1516082695.81 0 60560 0 0
1516082695.91 0 57532 0 0
1516082696.01 0 60560 0 0
1516082696.11 0 56018 0 0
1516082696.21 0 57532 0 0
1516082696.31 0 59046 0 0
1516082696.41 0 59046 0 0
1516082696.51 0 60560 0 0
1516082696.61 0 56018 0 0
1516082696.71 0 57532 0 0
1516082696.81 0 57532 0 0
1516082696.91 0 57532 0 0
1516082697.01 0 60560 0 0
1516082697.11 0 57532 0 0
1516082697.21 0 60560 0 0
1516082697.31 0 57532 0 0
1516082697.41 0 60560 0 0
1516082697.51 0 56018 0 0
1516082697.61 0 62074 0 0
1516082697.71 0 54504 0 0
1516082697.81 0 59046 0 0
1516082697.91 0 59046 0 0
1516082698.01 0 56018 0 0
1516082698.11 0 59046 0 0
1516082698.21 0 60560 0 0
1516082698.31 0 57532 0 0
1516082698.42 0 62074 0 0
1516082698.51 0 56018 0 0
1516082698.61 0 57532 0 0
1516082698.71 0 57532 0 0
1516082698.82 0 60560 0 0
1516082698.92 0 59046 0 0
1516082699.01 0 52990 0 0
1516082699.11 0 59046 0 0
1516082699.21 0 59046 0 0
1516082699.31 0 57532 0 0
1516082699.41 0 57532 0 0
1516082699.51 0 60560 0 0
1516082699.61 0 57532 0 0
1516082699.71 0 59046 0 0
1516082699.81 0 59046 0 0
1516082699.91 0 59046 0 0
1516082700.01 0 57532 0 0
1516082700.12 0 60560 0 0
1516082700.21 0 52990 0 0
1516082700.32 0 62074 0 0
1516082700.41 0 56018 0 0
1516082700.52 0 59046 0 0
1516082700.61 0 57532 0 0
1516082700.71 0 57532 0 0
1516082700.81 0 57532 0 0
1516082700.91 0 59046 0 0
1516082701.01 0 57532 0 0
1516082701.11 0 59046 0 0
1516082701.22 0 60560 0 0
1516082701.32 0 56018 0 0
1516082701.42 0 59046 0 0
1516082701.51 0 56018 0 0
1516082701.61 0 59046 0 0
1516082701.72 0 59046 0 0
1516082701.82 0 57532 0 0
1516082701.92 0 57532 0 0
1516082702.02 0 60560 0 0
1516082702.12 0 56018 0 0
1516082702.22 0 57532 0 0
1516082702.32 0 59046 0 0
1516082702.42 0 57532 0 0
1516082702.52 0 57532 0 0
1516082702.62 0 59046 0 0
1516082702.72 0 59046 0 0
1516082702.82 0 57532 0 0
1516082702.92 0 57532 0 0
1516082703.02 0 56018 0 0
1516082703.12 0 57532 0 0
1516082703.22 0 57532 0 0
1516082703.32 0 59046 0 0
1516082703.42 0 57532 0 0
1516082703.52 0 57532 0 0
1516082703.62 0 57532 0 0
1516082703.72 0 57532 0 0
1516082703.82 0 57532 0 0
1516082703.92 0 59046 0 0
1516082704.02 0 57532 0 0
1516082704.12 0 56018 0 0
1516082704.22 0 59046 0 0
1516082704.32 0 57532 0 0
1516082704.42 0 57532 0 0
1516082704.52 0 57532 0 0
1516082704.62 0 60560 0 0
1516082704.72 0 56018 0 0
1516082704.82 0 56018 0 0
1516082704.92 0 57532 0 0
1516082705.02 0 60560 0 0
1516082705.12 0 57532 0 0
1516082705.22 0 54504 0 0
1516082705.32 0 59046 0 0
1516082705.42 0 57532 0 0
1516082705.52 0 59046 0 0
1516082705.62 0 59046 0 0
1516082705.72 0 56018 0 0
1516082705.82 0 59046 0 0
1516082705.92 0 59046 0 0
1516082706.02 0 57532 0 0
1516082706.12 0 57532 0 0
1516082706.23 0 48448 0 0
1516082706.32 0 28766 0 0
1516082706.42 0 27252 0 0
1516082706.52 0 30280 0 0
1516082706.62 0 39364 0 0
1516082706.72 0 39364 0 0
1516082706.82 0 52990 0 0
1516082706.92 4542 54504 0 0
1516082707.02 0 54504 0 0
1516082707.12 0 46934 0 0
1516082707.22 0 49962 0 0
1516082707.32 0 49962 0 0
1516082707.42 0 52990 0 0
1516082707.52 0 51476 0 0
1516082707.62 0 54504 0 0
1516082707.72 0 51476 0 0
1516082707.82 0 36336 0 0
1516082707.92 0 1514 0 0
1516082708.03 0 0 0 0
1516082708.13 0 1514 0 0
1516082708.22 0 0 0 0
1516082708.33 0 9084 0 0
1516082708.43 0 1514 0 0
1516082708.53 0 1514 0 0
1516082708.63 0 0 0 0
1516082708.73 0 1514 0 0
1516082708.83 0 0 0 0
1516082708.93 0 0 0 0
1516082709.03 0 1514 0 0
1516082709.13 0 0 0 0
1516082709.23 0 0 0 0
1516082709.33 0 0 0 0
1516082709.43 0 0 0 0
1516082709.53 0 0 0 0
1516082709.63 0 0 0 0
1516082709.73 0 0 0 0
1516082709.83 0 0 0 0
1516082709.93 0 0 0 0
1516082710.03 0 0 0 0
1516082710.13 0 0 0 0
1516082710.23 0 0 0 0
1516082710.33 0 0 0 0
1516082710.43 0 0 0 0
1516082710.53 0 0 0 0
1516082710.63 0 0 0 0
1516082710.73 0 0 0 0
1516082710.83 0 0 0 0
1516082710.93 0 0 0 0
1516082711.03 0 0 0 0
1516082711.13 0 0 0 0
1516082711.23 0 0 0 0
1516082711.33 0 0 0 0
1516082711.43 0 0 0 0
1516082711.53 0 0 0 0
1516082711.63 0 0 0 0
1516082711.73 0 0 0 0
1516082711.83 0 0 0 0
1516082711.93 0 0 0 0
1516082712.03 0 0 0 0
1516082712.13 0 0 0 0
1516082712.23 0 0 0 0
1516082712.33 0 0 0 0
1516082712.43 0 0 0 0
1516082712.53 0 0 0 0
1516082712.63 0 0 0 0
1516082712.73 0 0 0 0
1516082712.83 0 0 0 0
1516082712.93 0 0 0 0
1516082713.03 0 0 0 0
1516082713.14 0 0 0 0
1516082713.24 0 0 0 0
1516082713.33 0 0 0 0
1516082713.43 0 0 0 0
1516082713.53 0 0 0 0
1516082713.64 0 0 0 0
1516082713.74 0 0 0 0
1516082713.83 0 0 0 0
1516082713.94 0 0 0 0
1516082714.04 0 0 0 0
1516082714.14 0 0 0 0
1516082714.24 0 0 0 0
1516082714.34 0 0 0 0
1516082714.44 0 0 0 0
1516082714.54 0 0 0 0
1516082714.64 0 0 0 0
1516082714.74 0 0 0 0
1516082714.84 0 0 0 0
1516082714.94 0 0 0 0
1516082715.04 0 0 0 0
1516082715.14 0 0 0 0
1516082715.24 0 0 0 0
1516082715.34 0 0 0 0
1516082715.44 0 0 0 0
1516082715.54 0 0 0 0
1516082715.64 0 0 0 0
1516082715.74 0 0 0 0
1516082715.84 0 0 0 0
1516082715.94 0 0 0 0
1516082716.04 0 0 0 0
1516082716.14 0 0 0 0
1516082716.24 0 0 0 0
1516082716.34 0 0 0 0
1516082716.44 0 0 0 0
1516082716.54 0 0 0 0
1516082716.64 0 0 0 0
1516082716.74 0 0 0 0
1516082716.84 0 0 0 0
1516082716.94 0 0 0 0
1516082717.04 0 0 0 0
1516082717.14 0 0 0 0
1516082717.24 0 0 0 0
1516082717.34 0 0 0 0
1516082717.44 0 0 0 0
1516082717.54 0 0 0 0
1516082717.64 0 0 0 0
1516082717.74 0 0 0 0
1516082717.84 0 0 0 0
1516082717.94 0 0 0 0
1516082718.04 0 0 0 0
1516082718.14 0 0 0 0
1516082718.24 0 0 0 0
1516082718.34 0 0 0 0
1516082718.44 0 0 0 0
1516082718.54 0 0 0 0
1516082718.64 0 0 0 0
1516082718.75 0 0 0 0
1516082718.85 0 0 0 0
1516082718.95 0 0 0 0
1516082719.05 0 0 0 0
1516082719.15 0 0 0 0
1516082719.24 0 0 0 0
1516082719.35 0 0 0 0
1516082719.45 0 0 0 0
1516082719.55 0 0 0 0
1516082719.65 0 0 0 0
1516082719.75 0 0 0 0
1516082719.85 0 0 0 0
1516082719.95 0 0 0 0
1516082720.05 0 0 0 0
1516082720.15 0 0 0 0
1516082720.25 0 0 0 74
1516082720.35 0 0 0 0
1516082720.45 0 0 0 0
1516082720.55 0 0 0 0
1516082720.65 0 0 0 0
1516082720.75 0 0 0 0
