1516083756.96 1 1 2500.0 2500.0 4500.0 3166.66666667
1516083757.05 1 1 2500.0 2500.0 4500.0 3611.11111111
1516083757.19 1 1 2500.0 2500.0 4500.0 3907.40740741
1516083757.25 1 1 2500.0 2500.0 4500.0 4104.9382716
1516083757.38 1 1 2500.0 2500.0 4500.0 4236.6255144
1516083757.47 1 1 2500.0 2500.0 4500.0 4324.4170096
1516083757.57 1 1 2500.0 2500.0 4500.0 4382.94467307
1516083757.69 1 1 2500.0 2500.0 4500.0 4421.96311538
1516083757.78 1 1 2500.0 2500.0 4500.0 4447.97541025
1516083757.87 1 1 2500.0 2500.0 4500.0 4465.31694017
1516083757.98 1 1 2500.0 2500.0 4500.0 4476.87796011
1516083758.06 1 1 2500.0 2500.0 4500.0 4484.58530674
1516083758.16 1 1 2500.0 2500.0 4500.0 4489.72353783
1516083758.26 1 1 2500.0 2500.0 4500.0 4493.14902522
1516083758.38 1 1 2500.0 2500.0 4500.0 4495.43268348
1516083758.46 1 1 2500.0 2500.0 4500.0 4496.95512232
1516083758.58 1 1 2500.0 2500.0 4500.0 4497.97008155
1516083758.66 1 1 2500.0 2500.0 4500.0 4498.64672103
1516083758.76 1 1 2500.0 2500.0 4500.0 4499.09781402
1516083758.87 1 1 2500.0 2500.0 4500.0 4499.39854268
1516083758.96 1 1 2500.0 2500.0 4500.0 4499.59902845
1516083759.06 1 1 2500.0 2500.0 4500.0 4499.73268564
1516083759.16 1 1 2500.0 2500.0 4500.0 4499.82179042
1516083759.27 1 1 2500.0 2500.0 4500.0 4499.88119362
1516083759.35 1 1 2500.0 2500.0 4500.0 4499.92079574
1516083759.45 1 1 2500.0 2500.0 4500.0 4499.94719716
1516083759.56 1 1 2500.0 2500.0 4500.0 4499.96479811
1516083759.66 1 1 2500.0 2500.0 4500.0 4499.97653207
1516083759.76 1 1 2500.0 2500.0 4500.0 4499.98435471
1516083759.86 1 1 2500.0 2500.0 4500.0 4499.98956981
1516083759.97 1 1 2500.0 2500.0 4500.0 4499.99304654
1516083760.06 1 1 2500.0 2500.0 4500.0 4499.99536436
1516083760.17 1 1 2500.0 2500.0 4500.0 4499.99690957
1516083760.27 1 1 2500.0 2500.0 4500.0 4499.99793972
1516083760.37 1 1 2500.0 2500.0 4500.0 4499.99862648
1516083760.47 1 1 2500.0 2500.0 4500.0 4499.99908432
1516083760.57 1 1 2500.0 2500.0 4500.0 4499.99938955
1516083760.67 1 1 2500.0 2500.0 4500.0 4499.99959303
1516083760.77 1 1 2500.0 2500.0 4500.0 4499.99972869
1516083760.87 1 1 2500.0 2500.0 4500.0 4499.99981912
1516083760.97 1 1 2500.0 2500.0 4500.0 4499.99987942
1516083761.07 1 1 2500.0 2500.0 4500.0 4499.99991961
1516083761.17 1 1 2500.0 2500.0 4500.0 4499.99994641
1516083761.27 1 1 2500.0 2500.0 4500.0 4499.99996427
1516083761.37 1 1 2500.0 2500.0 4500.0 4499.99997618
1516083761.47 1 1 2500.0 2500.0 4500.0 4499.99998412
1516083761.57 1 1 2500.0 2500.0 4500.0 4499.99998941
1516083761.68 1 1 2500.0 2500.0 4500.0 4499.99999294
1516083761.77 1 1 2500.0 2500.0 4500.0 4499.9999953
1516083761.88 1 1 2500.0 2500.0 4500.0 4499.99999686
1516083761.97 1 1 2500.0 2500.0 4500.0 4499.99999791
1516083762.07 1 1 2500.0 2500.0 4500.0 4499.99999861
1516083762.17 1 1 2500.0 2500.0 4500.0 4499.99999907
1516083762.27 1 1 2500.0 2500.0 4500.0 4499.99999938
1516083762.37 1 1 2500.0 2500.0 4500.0 4499.99999959
1516083762.48 1 1 2500.0 2500.0 4500.0 4499.99999972
1516083762.57 1 1 2500.0 2500.0 4500.0 4499.99999982
1516083762.67 1 1 2500.0 2500.0 4500.0 4499.99999988
1516083762.77 1 1 2500.0 2500.0 4500.0 4499.99999992
1516083762.88 1 1 2500.0 2500.0 4500.0 4499.99999995
1516083762.97 1 1 2500.0 2500.0 4500.0 4499.99999996
1516083763.07 1 1 2500.0 2500.0 4500.0 4499.99999998
1516083763.17 1 1 2500.0 2500.0 4500.0 4499.99999998
1516083763.27 1 1 2500.0 2500.0 4500.0 4499.99999999
1516083763.37 1 1 2500.0 2500.0 4500.0 4499.99999999
1516083763.47 1 1 2500.0 2500.0 4500.0 4500.0
1516083763.58 1 1 2500.0 2500.0 4500.0 4500.0
1516083763.67 1 1 2500.0 2500.0 4500.0 4500.0
1516083763.77 1 1 2500.0 2500.0 4500.0 4500.0
1516083763.87 1 1 2500.0 2500.0 4500.0 4500.0
1516083763.97 1 1 2500.0 2500.0 4500.0 4500.0
1516083764.08 1 1 2500.0 2500.0 4500.0 4500.0
1516083764.17 1 1 2500.0 2500.0 4500.0 4500.0
1516083764.27 1 1 2500.0 2500.0 4500.0 4500.0
1516083764.38 1 1 2500.0 2500.0 4500.0 4500.0
1516083764.47 1 1 2500.0 2500.0 4500.0 4500.0
1516083764.57 1 1 2500.0 2500.0 4500.0 4500.0
1516083764.68 1 1 2500.0 2500.0 4500.0 4500.0
1516083764.77 1 1 2500.0 2500.0 4500.0 4500.0
1516083764.88 1 1 2500.0 2500.0 4500.0 4500.0
1516083765.05 1 1 2500.0 2500.0 4500.0 4500.0
1516083765.11 1 1 2500.0 2500.0 4500.0 4500.0
1516083765.22 1 1 2500.0 2500.0 4500.0 4500.0
1516083765.35 1 1 2500.0 2500.0 4500.0 4500.0
1516083765.42 1 1 2500.0 2500.0 4500.0 4500.0
1516083765.51 1 1 2500.0 2500.0 4500.0 4500.0
1516083765.61 1 1 2500.0 2500.0 4500.0 4500.0
1516083765.71 1 1 2500.0 2500.0 4500.0 4500.0
1516083765.82 1 1 2500.0 2500.0 4500.0 4500.0
1516083765.92 1 1 2500.0 2500.0 4500.0 4500.0
1516083766.01 1 1 2500.0 2500.0 4500.0 4500.0
1516083766.12 1 1 2500.0 2500.0 4500.0 4500.0
1516083766.22 1 1 2500.0 2500.0 4500.0 4500.0
1516083766.33 1 1 2500.0 2500.0 4500.0 4500.0
1516083766.42 1 1 2500.0 2500.0 4500.0 4500.0
1516083766.53 1 1 2500.0 2500.0 4500.0 4500.0
1516083766.62 1 1 2500.0 2500.0 4500.0 4500.0
1516083766.73 1 1 2500.0 2500.0 4500.0 4500.0
1516083766.82 1 1 2500.0 2500.0 4500.0 4500.0
1516083766.92 1 1 2500.0 2500.0 4500.0 4500.0
1516083767.02 1 1 2500.0 2500.0 4500.0 4500.0
1516083767.12 1 1 2500.0 2500.0 4500.0 4500.0
1516083767.3 1 1 2500.0 2500.0 4500.0 4500.0
1516083767.36 1 1 2500.0 2500.0 4500.0 4500.0
1516083767.46 1 1 2500.0 2500.0 4500.0 4500.0
1516083767.56 1 1 2500.0 2500.0 4500.0 4500.0
1516083767.66 1 1 2500.0 2500.0 4500.0 4500.0
1516083767.76 1 1 2500.0 2500.0 4500.0 4500.0
1516083767.92 1 1 2500.0 2500.0 4500.0 4500.0
1516083767.99 1 1 2500.0 2500.0 4500.0 4500.0
1516083768.15 1 1 2500.0 2500.0 4500.0 4500.0
1516083768.22 1 1 2500.0 2500.0 4500.0 4500.0
1516083768.31 1 1 2500.0 2500.0 4500.0 4500.0
1516083768.49 1 1 2500.0 2500.0 4500.0 4500.0
1516083768.56 1 1 2500.0 2500.0 4500.0 4500.0
1516083768.66 1 1 2500.0 2500.0 4500.0 4500.0
1516083768.76 1 1 2500.0 2500.0 4500.0 4500.0
1516083768.86 1 1 2500.0 2500.0 4500.0 4500.0
1516083768.95 1 1 2500.0 2500.0 4500.0 4500.0
1516083769.14 1 1 2500.0 2500.0 4500.0 4500.0
1516083769.2 1 1 2500.0 2500.0 4500.0 4500.0
1516083769.3 1 1 2500.0 2500.0 4500.0 4500.0
1516083769.4 1 1 2500.0 2500.0 4500.0 4500.0
1516083769.5 1 1 2500.0 2500.0 4500.0 4500.0
1516083769.61 1 1 2500.0 2500.0 4500.0 4500.0
1516083769.71 1 1 2500.0 2500.0 4500.0 4500.0
1516083769.8 1 1 2500.0 2500.0 4500.0 4500.0
1516083769.91 1 1 2500.0 2500.0 4500.0 4500.0
1516083770.01 1 1 2500.0 2500.0 4500.0 4500.0
1516083770.1 1 1 2500.0 2500.0 4500.0 4500.0
1516083770.2 1 1 2500.0 2500.0 4500.0 4500.0
1516083770.3 1 1 2500.0 2500.0 4500.0 4500.0
1516083770.4 1 1 2500.0 2500.0 4500.0 4500.0
1516083770.5 1 1 2500.0 2500.0 4500.0 4500.0
1516083770.6 1 1 2500.0 2500.0 4500.0 4500.0
1516083770.7 1 1 2500.0 2500.0 4500.0 4500.0
1516083770.8 1 1 2500.0 2500.0 4500.0 4500.0
1516083770.9 1 1 2500.0 2500.0 4500.0 4500.0
1516083770.99 1 1 2500.0 2500.0 4500.0 4500.0
1516083771.11 1 1 2500.0 2500.0 4500.0 4500.0
1516083771.2 1 1 2500.0 2500.0 4500.0 4500.0
1516083771.3 1 1 2500.0 2500.0 4500.0 4500.0
1516083771.4 1 1 2500.0 2500.0 4500.0 4500.0
1516083771.49 1 1 2500.0 2500.0 4500.0 4500.0
1516083771.59 1 1 2500.0 2500.0 4500.0 4500.0
1516083771.7 1 1 2500.0 2500.0 4500.0 4500.0
1516083771.8 1 1 2500.0 2500.0 4500.0 4500.0
1516083771.9 1 1 2500.0 2500.0 4500.0 4500.0
1516083772.0 1 1 2500.0 2500.0 4500.0 4500.0
1516083772.09 1 1 2500.0 2500.0 4500.0 4500.0
1516083772.2 1 1 2500.0 2500.0 4500.0 4500.0
1516083772.3 1 1 2500.0 2500.0 4500.0 4500.0
1516083772.39 1 1 2500.0 2500.0 4500.0 4500.0
1516083772.49 1 1 2500.0 2500.0 4500.0 4500.0
1516083772.59 1 1 2500.0 2500.0 4500.0 4500.0
1516083772.7 1 1 2500.0 2500.0 4500.0 4500.0
1516083772.82 1 1 2500.0 2500.0 4500.0 4500.0
1516083772.9 1 1 2500.0 2500.0 4500.0 4500.0
1516083773.0 1 1 2500.0 2500.0 4500.0 4500.0
1516083773.11 1 1 2500.0 2500.0 4500.0 4500.0
1516083773.2 1 1 2500.0 2500.0 4500.0 4500.0
1516083773.39 1 1 2500.0 2500.0 4500.0 4500.0
1516083773.47 1 1 2500.0 2500.0 4500.0 4500.0
1516083773.56 1 1 2500.0 2500.0 4500.0 4500.0
1516083773.65 1 1 2500.0 2500.0 4500.0 4500.0
1516083773.76 1 1 2500.0 2500.0 4500.0 4500.0
1516083773.86 1 2 1666.66666667 2458.33333333 4500.0 4500.0
1516083773.95 1 2 1666.66666667 2418.75 4500.0 4500.0
1516083774.05 1 3 1250.0 2360.3125 4500.0 4500.0
1516083774.16 1 4 1000.0 2292.296875 4500.0 4500.0
1516083774.25 1 4 1000.0 2227.68203125 4500.0 4500.0
1516083774.35 1 4 1000.0 2166.29792969 4500.0 4500.0
1516083774.45 1 4 1000.0 2107.9830332 4500.0 4500.0
1516083774.56 1 4 1000.0 2052.58388154 4500.0 4500.0
1516083774.66 1 4 1000.0 1999.95468747 4500.0 4500.0
1516083774.76 1 4 1000.0 1949.95695309 4500.0 4500.0
1516083774.86 1 4 1000.0 1902.45910544 4500.0 4500.0
1516083774.96 1 4 1000.0 1857.33615017 4500.0 4500.0
1516083775.06 1 4 1000.0 1814.46934266 4500.0 4500.0
1516083775.16 1 4 1000.0 1773.74587552 4500.0 4500.0
1516083775.26 1 4 1000.0 1735.05858175 4500.0 4500.0
1516083775.36 1 4 1000.0 1698.30565266 4500.0 4500.0
1516083775.46 1 4 1000.0 1663.39037003 4500.0 4500.0
1516083775.56 1 4 1000.0 1630.22085153 4500.0 4500.0
1516083775.66 1 4 1000.0 1598.70980895 4500.0 4500.0
1516083775.76 1 4 1000.0 1568.7743185 4500.0 4500.0
1516083775.87 1 4 1000.0 1540.33560258 4500.0 4500.0
1516083775.96 1 4 1000.0 1513.31882245 4500.0 4500.0
1516083776.06 1 4 1000.0 1487.65288133 4500.0 4500.0
1516083776.15 1 4 1000.0 1463.27023726 4500.0 4500.0
1516083776.27 1 4 1000.0 1440.1067254 4500.0 4500.0
1516083776.36 1 4 1000.0 1418.10138913 4500.0 4500.0
1516083776.46 1 4 1000.0 1397.19631967 4500.0 4500.0
1516083776.56 1 3 1250.0 1389.83650369 4500.0 4500.0
1516083776.66 1 3 1250.0 1382.8446785 4500.0 4500.0
1516083776.75 1 3 1250.0 1376.20244458 4500.0 4500.0
1516083776.86 1 3 1250.0 1369.89232235 4500.0 4500.0
1516083776.97 1 3 1250.0 1363.89770623 4500.0 4500.0
1516083777.06 1 3 1250.0 1358.20282092 4500.0 4500.0
1516083777.17 1 3 1250.0 1352.79267987 4500.0 4500.0
1516083777.26 1 3 1250.0 1347.65304588 4500.0 4500.0
1516083777.37 1 3 1250.0 1342.77039359 4500.0 4500.0
1516083777.47 1 3 1250.0 1338.13187391 4500.0 4500.0
1516083777.56 1 2 1666.66666667 1354.55861354 4500.0 4500.0
1516083777.66 1 2 1666.66666667 1370.1640162 4500.0 4500.0
1516083777.76 1 2 1666.66666667 1384.98914872 4500.0 4500.0
1516083777.86 1 2 1666.66666667 1399.07302462 4500.0 4500.0
1516083777.96 1 2 1666.66666667 1412.45270672 4500.0 4500.0
1516083778.1 1 2 1666.66666667 1425.16340472 4500.0 4500.0
1516083778.17 1 2 1666.66666667 1437.23856782 4500.0 4500.0
1516083778.26 1 2 1666.66666667 1448.70997276 4500.0 4500.0
1516083778.37 1 2 1666.66666667 1459.60780746 4500.0 4500.0
1516083778.47 1 1 2500.0 1511.62741708 4500.0 4500.0
1516083778.57 1 1 2500.0 1561.04604623 4500.0 4500.0
1516083778.67 1 1 2500.0 1607.99374392 4500.0 4500.0
1516083778.77 1 1 2500.0 1652.59405672 4500.0 4500.0
1516083778.86 1 1 2500.0 1694.96435389 4500.0 4500.0
1516083778.97 1 1 2500.0 1735.21613619 4500.0 4500.0
1516083779.07 1 1 2500.0 1773.45532938 4500.0 4500.0
1516083779.17 1 1 2500.0 1809.78256291 4500.0 4500.0
1516083779.27 1 1 2500.0 1844.29343477 4500.0 4500.0
1516083779.36 1 1 2500.0 1877.07876303 4500.0 4500.0
1516083779.46 1 1 2500.0 1908.22482488 4500.0 4500.0
1516083779.56 1 1 2500.0 1937.81358363 4500.0 4500.0
1516083779.67 1 1 2500.0 1965.92290445 4500.0 4500.0
1516083779.78 1 1 2500.0 1992.62675923 4500.0 4500.0
1516083779.87 1 1 2500.0 2017.99542127 4500.0 4500.0
1516083779.97 1 1 2500.0 2042.0956502 4500.0 4500.0
1516083780.07 1 1 2500.0 2064.99086769 4500.0 4500.0
1516083780.17 1 1 2500.0 2086.74132431 4500.0 4500.0
1516083780.27 1 1 2500.0 2107.40425809 4500.0 4500.0
1516083780.37 1 1 2500.0 2127.03404519 4500.0 4500.0
1516083780.47 1 1 2500.0 2145.68234293 4500.0 4500.0
1516083780.57 1 1 2500.0 2163.39822578 4500.0 4500.0
1516083780.66 1 1 2500.0 2180.22831449 4500.0 4500.0
1516083780.77 1 1 2500.0 2196.21689877 4500.0 4500.0
1516083780.86 1 1 2500.0 2211.40605383 4500.0 4500.0
1516083780.98 1 1 2500.0 2225.83575114 4500.0 4500.0
1516083781.07 1 1 2500.0 2239.54396358 4500.0 4500.0
1516083781.17 1 1 2500.0 2252.5667654 4500.0 4500.0
1516083781.28 1 1 2500.0 2264.93842713 4500.0 4500.0
1516083781.37 1 1 2500.0 2276.69150578 4500.0 4500.0
1516083781.47 1 1 2500.0 2287.85693049 4500.0 4500.0
1516083781.57 1 1 2500.0 2298.46408396 4500.0 4500.0
1516083781.67 1 1 2500.0 2308.54087977 4500.0 4500.0
1516083781.77 1 1 2500.0 2318.11383578 4500.0 4500.0
1516083781.87 1 1 2500.0 2327.20814399 4500.0 4500.0
1516083781.97 1 1 2500.0 2335.84773679 4500.0 4500.0
1516083782.14 1 1 2500.0 2344.05534995 4500.0 4500.0
1516083782.21 1 1 2500.0 2351.85258245 4500.0 4500.0
1516083782.31 1 1 2500.0 2359.25995333 4500.0 4500.0
1516083782.4 1 1 2500.0 2366.29695566 4500.0 4500.0
1516083782.51 1 1 2500.0 2372.98210788 4500.0 4500.0
1516083782.61 1 1 2500.0 2379.33300249 4500.0 4500.0
1516083782.71 1 1 2500.0 2385.36635236 4500.0 4500.0
1516083782.81 1 1 2500.0 2391.09803474 4500.0 4500.0
1516083782.9 1 1 2500.0 2396.54313301 4500.0 4500.0
1516083783.01 1 1 2500.0 2401.71597636 4500.0 4500.0
1516083783.11 1 1 2500.0 2406.63017754 4500.0 4500.0
1516083783.21 1 1 2500.0 2411.29866866 4500.0 4500.0
1516083783.3 1 1 2500.0 2415.73373523 4500.0 4500.0
1516083783.41 1 1 2500.0 2419.94704847 4500.0 4500.0
1516083783.51 1 1 2500.0 2423.94969604 4500.0 4500.0
1516083783.61 1 1 2500.0 2427.75221124 4500.0 4500.0
1516083783.71 1 1 2500.0 2431.36460068 4500.0 4500.0
1516083783.81 1 1 2500.0 2434.79637065 4500.0 4500.0
1516083783.91 1 1 2500.0 2438.05655211 4500.0 4500.0
1516083784.07 1 1 2500.0 2441.15372451 4500.0 4500.0
1516083784.14 1 1 2500.0 2444.09603828 4500.0 4500.0
1516083784.23 1 1 2500.0 2446.89123637 4500.0 4500.0
1516083784.33 1 1 2500.0 2449.54667455 4500.0 4500.0
1516083784.44 1 1 2500.0 2452.06934082 4500.0 4500.0
1516083784.53 1 1 2500.0 2454.46587378 4500.0 4500.0
1516083784.63 1 1 2500.0 2456.74258009 4500.0 4500.0
1516083784.73 1 1 2500.0 2458.90545109 4500.0 4500.0
1516083784.9 1 1 2500.0 2460.96017853 4500.0 4500.0
1516083784.96 1 1 2500.0 2462.91216961 4500.0 4500.0
1516083785.06 1 1 2500.0 2464.76656113 4500.0 4500.0
1516083785.16 1 1 2500.0 2466.52823307 4500.0 4500.0
1516083785.26 1 1 2500.0 2468.20182142 4500.0 4500.0
1516083785.36 1 1 2500.0 2469.79173035 4500.0 4500.0
1516083785.47 1 1 2500.0 2471.30214383 4500.0 4500.0
1516083785.56 1 1 2500.0 2472.73703664 4500.0 4500.0
1516083785.66 1 1 2500.0 2474.1001848 4500.0 4500.0
1516083785.76 1 1 2500.0 2475.39517556 4500.0 4500.0
1516083785.87 1 1 2500.0 2476.62541679 4500.0 4500.0
1516083785.96 1 1 2500.0 2477.79414595 4500.0 4500.0
1516083786.06 1 1 2500.0 2478.90443865 4500.0 4500.0
1516083786.16 1 1 2500.0 2479.95921672 4500.0 4500.0
1516083786.27 1 1 2500.0 2480.96125588 4500.0 4500.0
1516083786.37 1 1 2500.0 2481.91319309 4500.0 4500.0
1516083786.52 1 1 2500.0 2482.81753343 4500.0 4500.0
1516083786.59 1 1 2500.0 2483.67665676 4500.0 4500.0
1516083786.74 1 1 2500.0 2484.49282392 4500.0 4500.0
1516083786.81 1 1 2500.0 2485.26818273 4500.0 4500.0
1516083786.91 1 1 2500.0 2486.00477359 4500.0 4500.0
1516083787.01 1 1 2500.0 2486.70453491 4500.0 4500.0
1516083787.11 1 1 2500.0 2487.36930817 4500.0 4500.0
1516083787.21 1 1 2500.0 2488.00084276 4500.0 4500.0
1516083787.32 1 1 2500.0 2488.60080062 4500.0 4500.0
1516083787.41 1 1 2500.0 2489.17076059 4500.0 4500.0
1516083787.51 1 1 2500.0 2489.71222256 4500.0 4500.0
1516083787.62 1 1 2500.0 2490.22661143 4500.0 4500.0
1516083787.71 1 1 2500.0 2490.71528086 4500.0 4500.0
1516083787.81 1 1 2500.0 2491.17951682 4500.0 4500.0
1516083787.91 1 1 2500.0 2491.62054098 4500.0 4500.0
1516083788.01 1 1 2500.0 2492.03951393 4500.0 4500.0
1516083788.1 1 1 2500.0 2492.43753823 4500.0 4500.0
1516083788.27 1 1 2500.0 2492.81566132 4500.0 4500.0
1516083788.34 1 1 2500.0 2493.17487825 4500.0 4500.0
1516083788.44 1 1 2500.0 2493.51613434 4500.0 4500.0
1516083788.53 1 1 2500.0 2493.84032762 4500.0 4500.0
1516083788.71 1 1 2500.0 2494.14831124 4500.0 4500.0
1516083788.78 1 1 2500.0 2494.44089568 4500.0 4500.0
1516083788.91 1 1 2500.0 2494.7188509 4500.0 4500.0
1516083788.97 1 1 2500.0 2494.98290835 4500.0 4500.0
1516083789.08 1 1 2500.0 2495.23376293 4500.0 4500.0
1516083789.18 1 1 2500.0 2495.47207479 4500.0 4500.0
1516083789.27 1 1 2500.0 2495.69847105 4500.0 4500.0
1516083789.37 1 1 2500.0 2495.9135475 4500.0 4500.0
1516083789.47 1 1 2500.0 2496.11787012 4500.0 4500.0
1516083789.57 1 1 2500.0 2496.31197661 4500.0 4500.0
1516083789.75 1 1 2500.0 2496.49637778 4500.0 4500.0
1516083789.82 1 1 2500.0 2496.67155889 4500.0 4500.0
1516083789.91 1 1 2500.0 2496.83798095 4500.0 4500.0
1516083790.0 1 1 2500.0 2496.9960819 4500.0 4500.0
1516083790.11 1 1 2500.0 2497.14627781 4500.0 4500.0
1516083790.2 1 1 2500.0 2497.28896392 4500.0 4500.0
1516083790.32 1 1 2500.0 2497.42451572 4500.0 4500.0
1516083790.42 1 1 2500.0 2497.55328994 4500.0 4500.0
1516083790.52 1 1 2500.0 2497.67562544 4500.0 4500.0
1516083790.69 1 1 2500.0 2497.79184417 4500.0 4500.0
1516083790.76 1 1 2500.0 2497.90225196 4500.0 4500.0
1516083790.87 1 1 2500.0 2498.00713936 4500.0 4500.0
1516083790.96 1 1 2500.0 2498.10678239 4500.0 4500.0
1516083791.06 1 1 2500.0 2498.20144327 4500.0 4500.0
1516083791.16 1 1 2500.0 2498.29137111 4500.0 4500.0
1516083791.26 1 1 2500.0 2498.37680255 4500.0 4500.0
1516083791.36 1 1 2500.0 2498.45796243 4500.0 4500.0
1516083791.46 1 1 2500.0 2498.5350643 4500.0 4500.0
1516083791.55 1 1 2500.0 2498.60831109 4500.0 4500.0
1516083791.66 1 1 2500.0 2498.67789553 4500.0 4500.0
1516083791.76 1 1 2500.0 2498.74400076 4500.0 4500.0
1516083791.86 1 1 2500.0 2498.80680072 4500.0 4500.0
1516083791.97 1 1 2500.0 2498.86646068 4500.0 4500.0
1516083792.06 1 1 2500.0 2498.92313765 4500.0 4500.0
1516083792.23 1 1 2500.0 2498.97698077 4500.0 4500.0
1516083792.29 1 1 2500.0 2499.02813173 4500.0 4500.0
1516083792.38 1 1 2500.0 2499.07672514 4500.0 4500.0
1516083792.5 1 1 2500.0 2499.12288889 4500.0 4500.0
1516083792.6 1 1 2500.0 2499.16674444 4500.0 4500.0
1516083792.7 1 1 2500.0 2499.20840722 4500.0 4500.0
1516083792.81 1 1 2500.0 2499.24798686 4500.0 4500.0
1516083792.91 1 1 2500.0 2499.28558752 4500.0 4500.0
1516083793.08 1 1 2500.0 2499.32130814 4500.0 4500.0
1516083793.15 1 1 2500.0 2499.35524273 4500.0 4500.0
1516083793.23 1 1 2500.0 2499.3874806 4500.0 4500.0
1516083793.34 1 1 2500.0 2499.41810657 4500.0 4500.0
1516083793.52 1 1 2500.0 2499.44720124 4500.0 4500.0
1516083793.58 1 1 2500.0 2499.47484118 4500.0 4500.0
1516083793.68 1 1 2500.0 2499.50109912 4500.0 4500.0
1516083793.78 1 1 2500.0 2499.52604416 4500.0 4500.0
1516083793.88 1 1 2500.0 2499.54974195 4500.0 4500.0
1516083793.98 1 1 2500.0 2499.57225486 4500.0 4500.0
1516083794.08 1 1 2500.0 2499.59364211 4500.0 4500.0
1516083794.24 1 1 2500.0 2499.61396001 4500.0 4500.0
1516083794.31 1 1 2500.0 2499.63326201 4500.0 4500.0
1516083794.39 1 1 2500.0 2499.65159891 4500.0 4500.0
1516083794.5 1 1 2500.0 2499.66901896 4500.0 4500.0
1516083794.6 1 1 2500.0 2499.68556801 4500.0 4500.0
1516083794.69 1 1 2500.0 2499.70128961 4500.0 4500.0
1516083794.8 1 1 2500.0 2499.71622513 4500.0 4500.0
1516083794.9 1 1 2500.0 2499.73041388 4500.0 4500.0
1516083794.99 1 1 2500.0 2499.74389318 4500.0 4500.0
1516083795.1 1 1 2500.0 2499.75669852 4500.0 4500.0
1516083795.21 1 1 2500.0 2499.7688636 4500.0 4500.0
1516083795.3 1 1 2500.0 2499.78042042 4500.0 4500.0
1516083795.4 1 1 2500.0 2499.7913994 4500.0 4500.0
1516083795.51 1 1 2500.0 2499.80182943 4500.0 4500.0
1516083795.6 1 1 2500.0 2499.81173795 4500.0 4500.0
1516083795.7 1 1 2500.0 2499.82115106 4500.0 4500.0
1516083795.8 1 1 2500.0 2499.8300935 4500.0 4500.0
1516083795.9 1 1 2500.0 2499.83858883 4500.0 4500.0
1516083796.0 1 1 2500.0 2499.84665939 4500.0 4500.0
1516083796.1 1 1 2500.0 2499.85432642 4500.0 4500.0
1516083796.2 1 1 2500.0 2499.8616101 4500.0 4500.0
1516083796.31 1 1 2500.0 2499.86852959 4500.0 4500.0
1516083796.47 1 1 2500.0 2499.87510311 4500.0 4500.0
1516083796.53 1 1 2500.0 2499.88134796 4500.0 4500.0
1516083796.63 1 1 2500.0 2499.88728056 4500.0 4500.0
1516083796.74 1 1 2500.0 2499.89291653 4500.0 4500.0
1516083796.93 1 1 2500.0 2499.8982707 4500.0 4500.0
1516083797.0 1 1 2500.0 2499.90335717 4500.0 4500.0
1516083797.15 1 1 2500.0 2499.90818931 4500.0 4500.0
1516083797.22 1 1 2500.0 2499.91277985 4500.0 4500.0
1516083797.32 1 1 2500.0 2499.91714085 4500.0 4500.0
1516083797.42 1 1 2500.0 2499.92128381 4500.0 4500.0
1516083797.51 1 1 2500.0 2499.92521962 4500.0 4500.0
1516083797.61 1 1 2500.0 2499.92895864 4500.0 4500.0
1516083797.71 1 1 2500.0 2499.93251071 4500.0 4500.0
1516083797.81 1 1 2500.0 2499.93588517 4500.0 4500.0
1516083797.92 1 1 2500.0 2499.93909091 4500.0 4500.0
1516083798.01 1 1 2500.0 2499.94213637 4500.0 4500.0
1516083798.12 1 1 2500.0 2499.94502955 4500.0 4500.0
1516083798.22 1 1 2500.0 2499.94777807 4500.0 4500.0
1516083798.31 1 1 2500.0 2499.95038917 4500.0 4500.0
1516083798.42 1 1 2500.0 2499.95286971 4500.0 4500.0
1516083798.52 1 1 2500.0 2499.95522622 4500.0 4500.0
1516083798.62 1 1 2500.0 2499.95746491 4500.0 4500.0
1516083798.71 1 1 2500.0 2499.95959167 4500.0 4500.0
1516083798.82 1 1 2500.0 2499.96161208 4500.0 4500.0
1516083798.92 1 1 2500.0 2499.96353148 4500.0 4500.0
1516083799.08 1 1 2500.0 2499.96535491 4500.0 4500.0
1516083799.15 1 1 2500.0 2499.96708716 4500.0 4500.0
1516083799.31 1 1 2500.0 2499.9687328 4500.0 4500.0
1516083799.38 1 1 2500.0 2499.97029616 4500.0 4500.0
1516083799.47 1 1 2500.0 2499.97178135 4500.0 4500.0
1516083799.58 1 1 2500.0 2499.97319229 4500.0 4500.0
1516083799.68 1 1 2500.0 2499.97453267 4500.0 4500.0
1516083799.78 1 1 2500.0 2499.97580604 4500.0 4500.0
1516083799.88 1 1 2500.0 2499.97701574 4500.0 4500.0
1516083799.98 1 1 2500.0 2499.97816495 4500.0 4500.0
1516083800.16 1 1 2500.0 2499.9792567 4500.0 4500.0
1516083800.22 1 1 2500.0 2499.98029387 4500.0 4500.0
1516083800.31 1 1 2500.0 2499.98127917 4500.0 4500.0
1516083800.43 1 1 2500.0 2499.98221522 4500.0 4500.0
1516083800.52 1 1 2500.0 2499.98310445 4500.0 4500.0
1516083800.63 1 1 2500.0 2499.98394923 4500.0 4500.0
1516083800.73 1 1 2500.0 2499.98475177 4500.0 4500.0
1516083800.82 1 1 2500.0 2499.98551418 4500.0 4500.0
1516083800.92 1 1 2500.0 2499.98623847 4500.0 4500.0
1516083801.03 1 1 2500.0 2499.98692655 4500.0 4500.0
1516083801.13 1 1 2500.0 2499.98758022 4500.0 4500.0
1516083801.23 1 1 2500.0 2499.98820121 4500.0 4500.0
1516083801.33 1 1 2500.0 2499.98879115 4500.0 4500.0
1516083801.43 1 1 2500.0 2499.98935159 4500.0 4500.0
1516083801.52 1 1 2500.0 2499.98988401 4500.0 4500.0
1516083801.62 1 1 2500.0 2499.99038981 4500.0 4500.0
1516083801.72 1 1 2500.0 2499.99087032 4500.0 4500.0
1516083801.83 1 1 2500.0 2499.99132681 4500.0 4500.0
1516083801.92 1 1 2500.0 2499.99176047 4500.0 4500.0
1516083802.02 1 1 2500.0 2499.99217244 4500.0 4500.0
1516083802.12 1 1 2500.0 2499.99256382 4500.0 4500.0
1516083802.23 1 1 2500.0 2499.99293563 4500.0 4500.0
1516083802.33 1 1 2500.0 2499.99328885 4500.0 4500.0
1516083802.42 1 1 2500.0 2499.9936244 4500.0 4500.0
1516083802.52 1 1 2500.0 2499.99394318 4500.0 4500.0
1516083802.63 1 1 2500.0 2499.99424603 4500.0 4500.0
1516083802.72 1 1 2500.0 2499.99453372 4500.0 4500.0
1516083802.82 1 1 2500.0 2499.99480704 4500.0 4500.0
1516083802.93 1 1 2500.0 2499.99506669 4500.0 4500.0
1516083803.03 1 1 2500.0 2499.99531335 4500.0 4500.0
1516083803.13 1 1 2500.0 2499.99554768 4500.0 4500.0
1516083803.23 1 1 2500.0 2499.9957703 4500.0 4500.0
1516083803.32 1 1 2500.0 2499.99598179 4500.0 4500.0
1516083803.49 1 1 2500.0 2499.9961827 4500.0 4500.0
1516083803.55 1 1 2500.0 2499.99637356 4500.0 4500.0
1516083803.66 1 1 2500.0 2499.99655488 4500.0 4500.0
1516083803.76 1 1 2500.0 2499.99672714 4500.0 4500.0
1516083803.86 1 1 2500.0 2499.99689078 4500.0 4500.0
1516083804.02 1 1 2500.0 2499.99704624 4500.0 4500.0
1516083804.09 1 1 2500.0 2499.99719393 4500.0 4500.0
1516083804.19 1 1 2500.0 2499.99733423 4500.0 4500.0
1516083804.29 1 1 2500.0 2499.99746752 4500.0 4500.0
1516083804.38 1 1 2500.0 2499.99759415 4500.0 4500.0
1516083804.49 1 1 2500.0 2499.99771444 4500.0 4500.0
1516083804.58 1 1 2500.0 2499.99782872 4500.0 4500.0
1516083804.7 1 1 2500.0 2499.99793728 4500.0 4500.0
1516083804.79 1 1 2500.0 2499.99804042 4500.0 4500.0
1516083804.89 1 1 2500.0 2499.9981384 4500.0 4500.0
1516083804.98 1 1 2500.0 2499.99823148 4500.0 4500.0
1516083805.09 1 1 2500.0 2499.9983199 4500.0 4500.0
1516083805.19 1 1 2500.0 2499.99840391 4500.0 4500.0
1516083805.28 1 1 2500.0 2499.99848371 4500.0 4500.0
1516083805.45 1 1 2500.0 2499.99855953 4500.0 4500.0
1516083805.52 1 1 2500.0 2499.99863155 4500.0 4500.0
1516083805.61 1 1 2500.0 2499.99869997 4500.0 4500.0
1516083805.71 1 1 2500.0 2499.99876497 4500.0 4500.0
1516083805.81 1 1 2500.0 2499.99882673 4500.0 4500.0
1516083805.91 1 1 2500.0 2499.99888539 4500.0 4500.0
1516083806.01 1 1 2500.0 2499.99894112 4500.0 4500.0
1516083806.12 1 1 2500.0 2499.99899406 4500.0 4500.0
1516083806.28 1 1 2500.0 2499.99904436 4500.0 4500.0
1516083806.35 1 1 2500.0 2499.99909214 4500.0 4500.0
1516083806.45 1 1 2500.0 2499.99913754 4500.0 4500.0
1516083806.55 1 1 2500.0 2499.99918066 4500.0 4500.0
1516083806.65 1 1 2500.0 2499.99922163 4500.0 4500.0
1516083806.75 1 1 2500.0 2499.99926054 4500.0 4500.0
1516083806.84 1 1 2500.0 2499.99929752 4500.0 4500.0
1516083806.99 1 1 2500.0 2499.99933264 4500.0 4500.0
1516083807.07 1 1 2500.0 2499.99936601 4500.0 4500.0
1516083807.16 1 1 2500.0 2499.99939771 4500.0 4500.0
1516083807.26 1 1 2500.0 2499.99942782 4500.0 4500.0
1516083807.36 2 1 3333.33333333 2541.6661231 4500.0 4500.0
1516083807.47 2 1 3333.33333333 2581.24948361 4500.0 4500.0
1516083807.56 2 1 3333.33333333 2618.8536761 4500.0 4500.0
1516083807.67 2 1 3333.33333333 2654.57765896 4500.0 4500.0
1516083807.76 2 1 3333.33333333 2688.51544268 4500.0 4500.0
1516083807.86 2 1 3333.33333333 2720.75633721 4500.0 4500.0
1516083807.97 2 1 3333.33333333 2751.38518702 4500.0 4500.0
1516083808.06 2 1 3333.33333333 2780.48259433 4500.0 4500.0
1516083808.16 2 1 3333.33333333 2808.12513128 4500.0 4500.0
1516083808.26 2 1 3333.33333333 2834.38554138 4500.0 4500.0
1516083808.36 2 1 3333.33333333 2859.33293098 4500.0 4500.0
1516083808.47 2 1 3333.33333333 2883.0329511 4500.0 4500.0
1516083808.56 2 1 3333.33333333 2905.54797021 4500.0 4500.0
1516083808.67 2 1 3333.33333333 2926.93723837 4500.0 4500.0
1516083808.77 2 1 3333.33333333 2947.25704312 4500.0 4500.0
1516083808.87 2 1 3333.33333333 2966.56085763 4500.0 4500.0
1516083808.97 2 1 3333.33333333 2984.89948141 4500.0 4500.0
1516083809.06 2 1 3333.33333333 3002.32117401 4500.0 4500.0
1516083809.16 2 1 3333.33333333 3018.87178197 4500.0 4500.0
1516083809.26 2 1 3333.33333333 3034.59485954 4500.0 4500.0
1516083809.36 2 1 3333.33333333 3049.53178323 4500.0 4500.0
1516083809.46 2 1 3333.33333333 3063.72186074 4500.0 4500.0
1516083809.57 2 1 3333.33333333 3077.20243437 4500.0 4500.0
1516083809.67 2 1 3333.33333333 3090.00897932 4500.0 4500.0
1516083809.77 2 1 3333.33333333 3102.17519702 4500.0 4500.0
1516083809.88 2 1 3333.33333333 3113.73310383 4500.0 4500.0
1516083809.97 2 1 3333.33333333 3124.71311531 4500.0 4500.0
1516083810.08 2 1 3333.33333333 3135.14412621 4500.0 4500.0
1516083810.16 2 1 3333.33333333 3145.05358656 4500.0 4500.0
1516083810.26 2 1 3333.33333333 3154.4675739 4500.0 4500.0
1516083810.37 2 1 3333.33333333 3163.41086187 4500.0 4500.0
1516083810.46 2 1 3333.33333333 3171.90698545 4500.0 4500.0
1516083810.56 2 1 3333.33333333 3179.97830284 4500.0 4500.0
1516083810.67 2 1 3333.33333333 3187.64605437 4500.0 4500.0
1516083810.77 2 1 3333.33333333 3194.93041831 4500.0 4500.0
1516083810.87 2 1 3333.33333333 3201.85056407 4500.0 4500.0
1516083810.97 2 1 3333.33333333 3208.42470253 4500.0 4500.0
1516083811.07 2 1 3333.33333333 3214.67013407 4500.0 4500.0
1516083811.17 2 1 3333.33333333 3220.60329403 4500.0 4500.0
1516083811.28 2 1 3333.33333333 3226.239796 4500.0 4500.0
1516083811.36 2 1 3333.33333333 3231.59447286 4500.0 4500.0
1516083811.48 2 1 3333.33333333 3236.68141589 4500.0 4500.0
1516083811.57 2 1 3333.33333333 3241.51401176 4500.0 4500.0
1516083811.67 2 1 3333.33333333 3246.10497784 4500.0 4500.0
1516083811.77 2 1 3333.33333333 3250.46639561 4500.0 4500.0
1516083811.86 2 1 3333.33333333 3254.6097425 4500.0 4500.0
1516083811.96 2 1 3333.33333333 3258.54592204 4500.0 4500.0
1516083812.07 2 1 3333.33333333 3262.28529261 4500.0 4500.0
1516083812.17 2 1 3333.33333333 3265.83769464 4500.0 4500.0
1516083812.28 2 1 3333.33333333 3269.21247658 4500.0 4500.0
1516083812.37 2 1 3333.33333333 3272.41851941 4500.0 4500.0
1516083812.47 2 1 3333.33333333 3275.46426011 4500.0 4500.0
1516083812.57 2 1 3333.33333333 3278.35771377 4500.0 4500.0
1516083812.67 2 1 3333.33333333 3281.10649475 4500.0 4500.0
1516083812.77 2 1 3333.33333333 3283.71783668 4500.0 4500.0
1516083812.87 2 1 3333.33333333 3286.19861151 4500.0 4500.0
1516083812.98 2 1 3333.33333333 3288.5553476 4500.0 4500.0
1516083813.07 2 1 3333.33333333 3290.79424689 4500.0 4500.0
1516083813.17 2 1 3333.33333333 3292.92120121 4500.0 4500.0
1516083813.27 2 1 3333.33333333 3294.94180782 4500.0 4500.0
1516083813.37 2 1 3333.33333333 3296.86138409 4500.0 4500.0
1516083813.47 2 1 3333.33333333 3298.68498156 4500.0 4500.0
1516083813.57 2 1 3333.33333333 3300.41739914 4500.0 4500.0
1516083813.67 2 1 3333.33333333 3302.06319585 4500.0 4500.0
1516083813.77 2 1 3333.33333333 3303.62670273 4500.0 4500.0
1516083813.87 2 1 3333.33333333 3305.11203426 4500.0 4500.0
1516083813.97 2 1 3333.33333333 3306.52309921 4500.0 4500.0
1516083814.07 2 1 3333.33333333 3307.86361092 4500.0 4500.0
1516083814.18 2 1 3333.33333333 3309.13709704 4500.0 4500.0
1516083814.27 2 1 3333.33333333 3310.34690885 4500.0 4500.0
1516083814.38 2 1 3333.33333333 3311.49623008 4500.0 4500.0
1516083814.47 2 1 3333.33333333 3312.58808524 4500.0 4500.0
1516083814.57 2 1 3333.33333333 3313.62534764 4500.0 4500.0
1516083814.68 2 1 3333.33333333 3314.61074693 4500.0 4500.0
1516083814.77 2 1 3333.33333333 3315.54687625 4500.0 4500.0
1516083814.87 2 1 3333.33333333 3316.4361991 4500.0 4500.0
1516083814.97 2 1 3333.33333333 3317.28105582 4500.0 4500.0
1516083815.07 2 1 3333.33333333 3318.08366969 4500.0 4500.0
1516083815.17 2 1 3333.33333333 3318.84615287 4500.0 4500.0
1516083815.27 2 1 3333.33333333 3319.5705119 4500.0 4500.0
1516083815.37 2 1 3333.33333333 3320.25865297 4500.0 4500.0
1516083815.47 2 1 3333.33333333 3320.91238699 4500.0 4500.0
1516083815.57 2 1 3333.33333333 3321.5334343 4500.0 4500.0
1516083815.68 2 1 3333.33333333 3322.12342926 4500.0 4500.0
1516083815.78 2 1 3333.33333333 3322.68392446 4500.0 4500.0
1516083815.87 2 1 3333.33333333 3323.2163949 4500.0 4500.0
1516083815.98 2 1 3333.33333333 3323.72224182 4500.0 4500.0
1516083816.07 2 1 3333.33333333 3324.2027964 4500.0 4500.0
1516083816.17 2 1 3333.33333333 3324.65932325 4500.0 4500.0
1516083816.27 2 1 3333.33333333 3325.09302375 4500.0 4500.0
1516083816.39 2 1 3333.33333333 3325.50503923 4500.0 4500.0
1516083816.48 2 1 3333.33333333 3325.89645394 4500.0 4500.0
1516083816.57 2 1 3333.33333333 3326.2682979 4500.0 4500.0
1516083816.67 2 1 3333.33333333 3326.62154968 4500.0 4500.0
1516083816.77 2 1 3333.33333333 3326.95713886 4500.0 4500.0
1516083816.87 2 1 3333.33333333 3327.27594858 4500.0 4500.0
1516083816.98 2 1 3333.33333333 3327.57881782 4500.0 4500.0
1516083817.08 2 1 3333.33333333 3327.8665436 4500.0 4500.0
1516083817.18 2 1 3333.33333333 3328.13988308 4500.0 4500.0
1516083817.27 2 1 3333.33333333 3328.3995556 4500.0 4500.0
1516083817.38 2 1 3333.33333333 3328.64624448 4500.0 4500.0
1516083817.48 2 1 3333.33333333 3328.88059892 4500.0 4500.0
1516083817.57 2 1 3333.33333333 3329.10323565 4500.0 4500.0
1516083817.68 2 1 3333.33333333 3329.31474053 4500.0 4500.0
1516083817.78 2 1 3333.33333333 3329.51567017 4500.0 4500.0
1516083817.89 2 1 3333.33333333 3329.70655333 4500.0 4500.0
1516083817.97 2 1 3333.33333333 3329.88789233 4500.0 4500.0
1516083818.09 2 1 3333.33333333 3330.06016438 4500.0 4500.0
1516083818.18 2 1 3333.33333333 3330.22382283 4500.0 4500.0
1516083818.28 2 1 3333.33333333 3330.37929835 4500.0 4500.0
1516083818.38 2 1 3333.33333333 3330.5270001 4500.0 4500.0
1516083818.48 2 1 3333.33333333 3330.66731676 4500.0 4500.0
1516083818.58 2 1 3333.33333333 3330.80061759 4500.0 4500.0
1516083818.68 2 1 3333.33333333 3330.92725338 4500.0 4500.0
1516083818.78 2 1 3333.33333333 3331.04755738 4500.0 4500.0
1516083818.88 2 1 3333.33333333 3331.16184617 4500.0 4500.0
1516083818.97 2 1 3333.33333333 3331.27042053 4500.0 4500.0
1516083819.08 2 1 3333.33333333 3331.37356617 4500.0 4500.0
1516083819.17 2 1 3333.33333333 3331.47155453 4500.0 4500.0
1516083819.28 2 1 3333.33333333 3331.56464347 4500.0 4500.0
1516083819.39 2 1 3333.33333333 3331.65307796 4500.0 4500.0
1516083819.48 2 1 3333.33333333 3331.73709073 4500.0 4500.0
1516083819.59 2 1 3333.33333333 3331.81690286 4500.0 4500.0
1516083819.68 2 1 3333.33333333 3331.89272439 4500.0 4500.0
1516083819.77 2 1 3333.33333333 3331.96475483 4500.0 4500.0
1516083819.88 2 1 3333.33333333 3332.03318376 4500.0 4500.0
1516083819.98 2 1 3333.33333333 3332.09819124 4500.0 4500.0
1516083820.08 2 1 3333.33333333 3332.15994834 4500.0 4500.0
1516083820.18 2 1 3333.33333333 3332.21861759 4500.0 4500.0
1516083820.28 2 1 3333.33333333 3332.27435338 4500.0 4500.0
1516083820.38 2 1 3333.33333333 3332.32730238 4500.0 4500.0
1516083820.5 2 1 3333.33333333 3332.37760392 4500.0 4500.0
1516083820.58 2 1 3333.33333333 3332.42539039 4500.0 4500.0
1516083820.69 2 1 3333.33333333 3332.47078754 4500.0 4500.0
1516083820.78 2 1 3333.33333333 3332.51391483 4500.0 4500.0
1516083820.89 2 1 3333.33333333 3332.55488576 4500.0 4500.0
1516083820.99 2 1 3333.33333333 3332.59380813 4500.0 4500.0
1516083821.09 2 1 3333.33333333 3332.63078439 4500.0 4500.0
1516083821.18 2 1 3333.33333333 3332.66591184 4500.0 4500.0
1516083821.28 2 1 3333.33333333 3332.69928292 4500.0 4500.0
1516083821.38 2 1 3333.33333333 3332.73098544 4500.0 4500.0
1516083821.49 2 1 3333.33333333 3332.76110283 4500.0 4500.0
1516083821.58 2 1 3333.33333333 3332.78971436 4500.0 4500.0
1516083821.68 2 1 3333.33333333 3332.81689531 4500.0 4500.0
1516083821.78 2 1 3333.33333333 3332.84271721 4500.0 4500.0
1516083821.88 2 1 3333.33333333 3332.86724801 4500.0 4500.0
1516083821.99 2 1 3333.33333333 3332.89055228 4500.0 4500.0
1516083822.09 2 1 3333.33333333 3332.91269133 4500.0 4500.0
1516083822.18 2 1 3333.33333333 3332.93372343 4500.0 4500.0
1516083822.28 2 1 3333.33333333 3332.95370393 4500.0 4500.0
1516083822.38 2 1 3333.33333333 3332.9726854 4500.0 4500.0
1516083822.49 2 1 3333.33333333 3332.99071779 4500.0 4500.0
1516083822.59 2 1 3333.33333333 3333.00784857 4500.0 4500.0
1516083822.69 2 1 3333.33333333 3333.02412281 4500.0 4500.0
1516083822.78 2 1 3333.33333333 3333.03958334 4500.0 4500.0
1516083822.89 2 1 3333.33333333 3333.05427084 4500.0 4500.0
1516083822.98 2 1 3333.33333333 3333.06822396 4500.0 4500.0
1516083823.09 2 1 3333.33333333 3333.08147943 4500.0 4500.0
1516083823.19 2 1 3333.33333333 3333.09407212 4500.0 4500.0
1516083823.29 2 1 3333.33333333 3333.10603518 4500.0 4500.0
1516083823.38 2 1 3333.33333333 3333.11740009 4500.0 4500.0
1516083823.49 2 1 3333.33333333 3333.12819675 4500.0 4500.0
1516083823.58 2 1 3333.33333333 3333.13845358 4500.0 4500.0
1516083823.69 2 1 3333.33333333 3333.14819757 4500.0 4500.0
1516083823.79 2 1 3333.33333333 3333.15745436 4500.0 4500.0
1516083823.89 2 1 3333.33333333 3333.16624831 4500.0 4500.0
1516083823.99 2 1 3333.33333333 3333.17460256 4500.0 4500.0
1516083824.09 2 1 3333.33333333 3333.1825391 4500.0 4500.0
1516083824.19 2 1 3333.33333333 3333.19007881 4500.0 4500.0
1516083824.29 2 1 3333.33333333 3333.19724154 4500.0 4500.0
1516083824.39 2 1 3333.33333333 3333.20404613 4500.0 4500.0
1516083824.5 2 1 3333.33333333 3333.21051049 4500.0 4500.0
1516083824.58 2 1 3333.33333333 3333.21665163 4500.0 4500.0
1516083824.69 2 1 3333.33333333 3333.22248571 4500.0 4500.0
1516083824.78 2 1 3333.33333333 3333.22802809 4500.0 4500.0
1516083824.9 2 1 3333.33333333 3333.23329336 4500.0 4500.0
1516083824.99 2 1 3333.33333333 3333.23829536 4500.0 4500.0
1516083825.1 2 1 3333.33333333 3333.24304725 4500.0 4500.0
1516083825.19 2 1 3333.33333333 3333.24756156 4500.0 4500.0
1516083825.29 2 1 3333.33333333 3333.25185015 4500.0 4500.0
1516083825.39 2 1 3333.33333333 3333.25592431 4500.0 4500.0
1516083825.5 2 1 3333.33333333 3333.25979476 4500.0 4500.0
1516083825.6 2 1 3333.33333333 3333.26347169 4500.0 4500.0
1516083825.7 2 1 3333.33333333 3333.26696477 4500.0 4500.0
1516083825.79 2 1 3333.33333333 3333.2702832 4500.0 4500.0
1516083825.9 2 1 3333.33333333 3333.2734357 4500.0 4500.0
1516083825.99 2 1 3333.33333333 3333.27643059 4500.0 4500.0
1516083826.1 2 1 3333.33333333 3333.27927572 4500.0 4500.0
1516083826.19 2 1 3333.33333333 3333.2819786 4500.0 4500.0
1516083826.3 3 1 3750.0 3354.11787967 4500.0 4500.0
1516083826.4 3 1 3750.0 3373.91198569 4500.0 4500.0
1516083826.5 3 1 3750.0 3392.7163864 4500.0 4500.0
1516083826.6 3 1 3750.0 3410.58056708 4500.0 4500.0
1516083826.69 3 1 3750.0 3427.55153873 4500.0 4500.0
1516083826.8 3 1 3750.0 3443.67396179 4500.0 4500.0
1516083826.91 3 1 3750.0 3458.9902637 4500.0 4500.0
1516083826.99 3 1 3750.0 3473.54075052 4500.0 4500.0
1516083827.09 3 1 3750.0 3487.36371299 4500.0 4500.0
1516083827.21 3 1 3750.0 3500.49552734 4500.0 4500.0
1516083827.31 3 1 3750.0 3512.97075098 4500.0 4500.0
1516083827.4 3 1 3750.0 3524.82221343 4500.0 4500.0
1516083827.49 3 1 3750.0 3536.08110276 4500.0 4500.0
1516083827.6 3 1 3750.0 3546.77704762 4500.0 4500.0
1516083827.7 3 1 3750.0 3556.93819524 4500.0 4500.0
1516083827.8 3 1 3750.0 3566.59128548 4500.0 4500.0
1516083827.9 3 1 3750.0 3575.7617212 4500.0 4500.0
1516083827.99 3 1 3750.0 3584.47363514 4500.0 4500.0
1516083828.1 3 1 3750.0 3592.74995338 4500.0 4500.0
1516083828.2 3 1 3750.0 3600.61245572 4500.0 4500.0
1516083828.3 3 1 3750.0 3608.08183293 4500.0 4500.0
1516083828.4 3 1 3750.0 3615.17774128 4500.0 4500.0
1516083828.5 3 1 3750.0 3621.91885422 4500.0 4500.0
1516083828.61 3 1 3750.0 3628.32291151 4500.0 4500.0
1516083828.7 3 1 3750.0 3634.40676593 4500.0 4500.0
1516083828.8 3 1 3750.0 3640.18642764 4500.0 4500.0
1516083828.9 3 1 3750.0 3645.67710625 4500.0 4500.0
1516083829.0 3 1 3750.0 3650.89325094 4500.0 4500.0
1516083829.1 3 1 3750.0 3655.84858839 4500.0 4500.0
1516083829.2 3 1 3750.0 3660.55615897 4500.0 4500.0
1516083829.31 3 1 3750.0 3665.02835103 4500.0 4500.0
1516083829.41 3 1 3750.0 3669.27693347 4500.0 4500.0
1516083829.52 3 1 3750.0 3673.3130868 4500.0 4500.0
1516083829.61 3 1 3750.0 3677.14743246 4500.0 4500.0
1516083829.71 3 1 3750.0 3680.79006084 4500.0 4500.0
1516083829.82 3 1 3750.0 3684.2505578 4500.0 4500.0
1516083829.91 3 1 3750.0 3687.53802991 4500.0 4500.0
1516083830.01 3 1 3750.0 3690.66112841 4500.0 4500.0
1516083830.11 3 1 3750.0 3693.62807199 4500.0 4500.0
1516083830.21 3 1 3750.0 3696.44666839 4500.0 4500.0
1516083830.31 3 1 3750.0 3699.12433497 4500.0 4500.0
1516083830.41 3 1 3750.0 3701.66811822 4500.0 4500.0
1516083830.52 3 1 3750.0 3704.08471231 4500.0 4500.0
1516083830.61 3 1 3750.0 3706.3804767 4500.0 4500.0
1516083830.71 3 1 3750.0 3708.56145286 4500.0 4500.0
1516083830.82 3 1 3750.0 3710.63338022 4500.0 4500.0
1516083830.92 3 1 3750.0 3712.60171121 4500.0 4500.0
1516083831.02 3 1 3750.0 3714.47162565 4500.0 4500.0
1516083831.12 3 1 3750.0 3716.24804436 4500.0 4500.0
1516083831.22 3 1 3750.0 3717.93564215 4500.0 4500.0
1516083831.32 3 1 3750.0 3719.53886004 4500.0 4500.0
1516083831.41 3 1 3750.0 3721.06191704 4500.0 4500.0
1516083831.51 3 1 3750.0 3722.50882119 4500.0 4500.0
1516083831.62 3 1 3750.0 3723.88338013 4500.0 4500.0
1516083831.72 3 1 3750.0 3725.18921112 4500.0 4500.0
1516083831.82 3 1 3750.0 3726.42975056 4500.0 4500.0
1516083831.91 3 1 3750.0 3727.60826304 4500.0 4500.0
1516083832.01 3 1 3750.0 3728.72784988 4500.0 4500.0
1516083832.12 3 1 3750.0 3729.79145739 4500.0 4500.0
1516083832.22 3 1 3750.0 3730.80188452 4500.0 4500.0
1516083832.32 3 1 3750.0 3731.76179029 4500.0 4500.0
1516083832.43 3 1 3750.0 3732.67370078 4500.0 4500.0
1516083832.52 3 1 3750.0 3733.54001574 4500.0 4500.0
1516083832.62 3 1 3750.0 3734.36301495 4500.0 4500.0
1516083832.72 3 1 3750.0 3735.14486421 4500.0 4500.0
1516083832.82 3 1 3750.0 3735.887621 4500.0 4500.0
1516083832.91 3 1 3750.0 3736.59323995 4500.0 4500.0
1516083833.02 3 1 3750.0 3737.26357795 4500.0 4500.0
1516083833.12 3 1 3750.0 3737.90039905 4500.0 4500.0
1516083833.22 3 1 3750.0 3738.5053791 4500.0 4500.0
1516083833.31 3 1 3750.0 3739.08011014 4500.0 4500.0
1516083833.42 3 1 3750.0 3739.62610464 4500.0 4500.0
1516083833.52 3 1 3750.0 3740.1447994 4500.0 4500.0
1516083833.62 3 1 3750.0 3740.63755943 4500.0 4500.0
1516083833.73 3 1 3750.0 3741.10568146 4500.0 4500.0
1516083833.81 3 1 3750.0 3741.55039739 4500.0 4500.0
1516083833.93 3 1 3750.0 3741.97287752 4500.0 4500.0
1516083834.03 3 1 3750.0 3742.37423364 4500.0 4500.0
1516083834.13 3 1 3750.0 3742.75552196 4500.0 4500.0
1516083834.23 3 1 3750.0 3743.11774586 4500.0 4500.0
1516083834.32 3 1 3750.0 3743.46185857 4500.0 4500.0
1516083834.43 3 1 3750.0 3743.78876564 4500.0 4500.0
1516083834.53 3 1 3750.0 3744.09932736 4500.0 4500.0
1516083834.63 3 1 3750.0 3744.39436099 4500.0 4500.0
1516083834.73 3 1 3750.0 3744.67464294 4500.0 4500.0
1516083834.83 3 1 3750.0 3744.9409108 4500.0 4500.0
1516083834.93 3 1 3750.0 3745.19386526 4500.0 4500.0
1516083835.02 3 1 3750.0 3745.43417199 4500.0 4500.0
1516083835.13 3 1 3750.0 3745.66246339 4500.0 4500.0
1516083835.23 3 1 3750.0 3745.87934022 4500.0 4500.0
1516083835.32 3 1 3750.0 3746.08537321 4500.0 4500.0
1516083835.42 3 1 3750.0 3746.28110455 4500.0 4500.0
1516083835.53 3 1 3750.0 3746.46704932 4500.0 4500.0
1516083835.64 3 1 3750.0 3746.64369686 4500.0 4500.0
1516083835.72 3 1 3750.0 3746.81151201 4500.0 4500.0
1516083835.82 3 1 3750.0 3746.97093641 4500.0 4500.0
1516083835.93 3 1 3750.0 3747.12238959 4500.0 4500.0
1516083836.03 3 1 3750.0 3747.26627011 4500.0 4500.0
1516083836.13 3 1 3750.0 3747.40295661 4500.0 4500.0
1516083836.23 3 1 3750.0 3747.53280878 4500.0 4500.0
1516083836.32 3 1 3750.0 3747.65616834 4500.0 4500.0
1516083836.43 3 1 3750.0 3747.77335992 4500.0 4500.0
1516083836.54 3 1 3750.0 3747.88469193 4500.0 4500.0
1516083836.63 3 1 3750.0 3747.99045733 4500.0 4500.0
1516083836.74 3 1 3750.0 3748.09093446 4500.0 4500.0
1516083836.83 3 1 3750.0 3748.18638774 4500.0 4500.0
1516083836.92 3 1 3750.0 3748.27706835 4500.0 4500.0
1516083837.03 3 1 3750.0 3748.36321494 4500.0 4500.0
1516083837.13 3 1 3750.0 3748.44505419 4500.0 4500.0
1516083837.23 3 1 3750.0 3748.52280148 4500.0 4500.0
1516083837.33 3 1 3750.0 3748.59666141 4500.0 4500.0
1516083837.44 3 1 3750.0 3748.66682833 4500.0 4500.0
1516083837.53 3 1 3750.0 3748.73348692 4500.0 4500.0
1516083837.63 3 1 3750.0 3748.79681257 4500.0 4500.0
1516083837.73 3 1 3750.0 3748.85697194 4500.0 4500.0
1516083837.84 3 1 3750.0 3748.91412335 4500.0 4500.0
1516083837.93 3 1 3750.0 3748.96841718 4500.0 4500.0
1516083838.03 3 1 3750.0 3749.01999632 4500.0 4500.0
1516083838.14 3 1 3750.0 3749.0689965 4500.0 4500.0
1516083838.24 3 1 3750.0 3749.11554668 4500.0 4500.0
1516083838.34 3 1 3750.0 3749.15976934 4500.0 4500.0
1516083838.44 3 1 3750.0 3749.20178088 4500.0 4500.0
1516083838.54 3 1 3750.0 3749.24169183 4500.0 4500.0
1516083838.64 3 1 3750.0 3749.27960724 4500.0 4500.0
1516083838.74 3 1 3750.0 3749.31562688 4500.0 4500.0
1516083838.84 3 1 3750.0 3749.34984554 4500.0 4500.0
1516083838.94 3 1 3750.0 3749.38235326 4500.0 4500.0
1516083839.04 3 1 3750.0 3749.4132356 4500.0 4500.0
1516083839.14 3 1 3750.0 3749.44257382 4500.0 4500.0
1516083839.24 3 1 3750.0 3749.47044513 4500.0 4500.0
1516083839.35 3 1 3750.0 3749.49692287 4500.0 4500.0
1516083839.44 3 1 3750.0 3749.52207673 4500.0 4500.0
1516083839.53 3 1 3750.0 3749.54597289 4500.0 4500.0
1516083839.64 3 1 3750.0 3749.56867425 4500.0 4500.0
1516083839.74 3 1 3750.0 3749.59024053 4500.0 4500.0
1516083839.84 3 1 3750.0 3749.61072851 4500.0 4500.0
1516083839.94 3 1 3750.0 3749.63019208 4500.0 4500.0
1516083840.05 3 1 3750.0 3749.64868248 4500.0 4500.0
1516083840.15 3 1 3750.0 3749.66624835 4500.0 4500.0
1516083840.24 3 1 3750.0 3749.68293594 4500.0 4500.0
1516083840.34 3 1 3750.0 3749.69878914 4500.0 4500.0
1516083840.44 3 1 3750.0 3749.71384968 4500.0 4500.0
1516083840.55 3 1 3750.0 3749.7281572 4500.0 4500.0
1516083840.65 3 1 3750.0 3749.74174934 4500.0 4500.0
1516083840.75 3 1 3750.0 3749.75466187 4500.0 4500.0
1516083840.84 3 1 3750.0 3749.76692878 4500.0 4500.0
1516083840.95 3 1 3750.0 3749.77858234 4500.0 4500.0
1516083841.04 3 1 3750.0 3749.78965322 4500.0 4500.0
1516083841.15 3 1 3750.0 3749.80017056 4500.0 4500.0
1516083841.24 3 1 3750.0 3749.81016203 4500.0 4500.0
1516083841.35 3 1 3750.0 3749.81965393 4500.0 4500.0
1516083841.44 3 1 3750.0 3749.82867123 4500.0 4500.0
1516083841.54 3 1 3750.0 3749.83723767 4500.0 4500.0
1516083841.64 3 1 3750.0 3749.84537579 4500.0 4500.0
1516083841.74 3 1 3750.0 3749.853107 4500.0 4500.0
1516083841.85 3 1 3750.0 3749.86045165 4500.0 4500.0
1516083841.95 3 1 3750.0 3749.86742907 4500.0 4500.0
1516083842.05 3 1 3750.0 3749.87405761 4500.0 4500.0
1516083842.15 3 1 3750.0 3749.88035473 4500.0 4500.0
1516083842.24 3 1 3750.0 3749.886337 4500.0 4500.0
1516083842.34 3 1 3750.0 3749.89202015 4500.0 4500.0
1516083842.45 3 1 3750.0 3749.89741914 4500.0 4500.0
1516083842.55 3 1 3750.0 3749.90254818 4500.0 4500.0
1516083842.65 3 1 3750.0 3749.90742077 4500.0 4500.0
1516083842.75 3 1 3750.0 3749.91204973 4500.0 4500.0
1516083842.85 3 1 3750.0 3749.91644725 4500.0 4500.0
1516083842.94 3 1 3750.0 3749.92062489 4500.0 4500.0
1516083843.05 3 1 3750.0 3749.92459364 4500.0 4500.0
1516083843.16 3 1 3750.0 3749.92836396 4500.0 4500.0
1516083843.25 3 1 3750.0 3749.93194576 4500.0 4500.0
1516083843.35 3 1 3750.0 3749.93534847 4500.0 4500.0
1516083843.44 3 1 3750.0 3749.93858105 4500.0 4500.0
1516083843.55 3 1 3750.0 3749.941652 4500.0 4500.0
1516083843.65 3 1 3750.0 3749.9445694 4500.0 4500.0
1516083843.75 3 1 3750.0 3749.94734093 4500.0 4500.0
1516083843.85 3 1 3750.0 3749.94997388 4500.0 4500.0
1516083843.96 3 1 3750.0 3749.95247519 4500.0 4500.0
1516083844.06 3 1 3750.0 3749.95485143 4500.0 4500.0
1516083844.15 3 1 3750.0 3749.95710886 4500.0 4500.0
1516083844.25 3 1 3750.0 3749.95925341 4500.0 4500.0
1516083844.35 3 1 3750.0 3749.96129074 4500.0 4500.0
1516083844.46 3 1 3750.0 3749.96322621 4500.0 4500.0
1516083844.56 3 1 3750.0 3749.9650649 4500.0 4500.0
1516083844.66 3 1 3750.0 3749.96681165 4500.0 4500.0
1516083844.75 3 1 3750.0 3749.96847107 4500.0 4500.0
1516083844.85 3 1 3750.0 3749.97004751 4500.0 4500.0
1516083844.96 3 1 3750.0 3749.97154514 4500.0 4500.0
1516083845.06 3 1 3750.0 3749.97296788 4500.0 4500.0
1516083845.16 3 1 3750.0 3749.97431949 4500.0 4500.0
1516083845.26 3 1 3750.0 3749.97560351 4500.0 4500.0
1516083845.36 3 1 3750.0 3749.97682334 4500.0 4500.0
1516083845.45 3 1 3750.0 3749.97798217 4500.0 4500.0
1516083845.56 3 1 3750.0 3749.97908306 4500.0 4500.0
1516083845.65 3 1 3750.0 3749.98012891 4500.0 4500.0
1516083845.75 3 1 3750.0 3749.98112246 4500.0 4500.0
1516083845.85 3 1 3750.0 3749.98206634 4500.0 4500.0
1516083845.96 3 1 3750.0 3749.98296302 4500.0 4500.0
1516083846.06 3 1 3750.0 3749.98381487 4500.0 4500.0
1516083846.16 3 1 3750.0 3749.98462413 4500.0 4500.0
1516083846.26 3 1 3750.0 3749.98539292 4500.0 4500.0
1516083846.35 3 1 3750.0 3749.98612328 4500.0 4500.0
1516083846.46 3 1 3750.0 3749.98681711 4500.0 4500.0
1516083846.57 3 1 3750.0 3749.98747626 4500.0 4500.0
1516083846.67 3 1 3750.0 3749.98810244 4500.0 4500.0
1516083846.75 3 1 3750.0 3749.98869732 4500.0 4500.0
1516083846.85 3 1 3750.0 3749.98926246 4500.0 4500.0
1516083846.96 3 1 3750.0 3749.98979933 4500.0 4500.0
1516083847.05 3 1 3750.0 3749.99030937 4500.0 4500.0
1516083847.16 3 1 3750.0 3749.9907939 4500.0 4500.0
1516083847.25 3 1 3750.0 3749.9912542 4500.0 4500.0
1516083847.37 3 1 3750.0 3749.99169149 4500.0 4500.0
1516083847.47 3 1 3750.0 3749.99210692 4500.0 4500.0
1516083847.56 3 1 3750.0 3749.99250157 4500.0 4500.0
1516083847.66 3 1 3750.0 3749.99287649 4500.0 4500.0
1516083847.76 3 1 3750.0 3749.99323267 4500.0 4500.0
1516083847.86 3 1 3750.0 3749.99357104 4500.0 4500.0
1516083847.96 3 1 3750.0 3749.99389248 4500.0 4500.0
1516083848.06 3 1 3750.0 3749.99419786 4500.0 4500.0
1516083848.16 3 1 3750.0 3749.99448797 4500.0 4500.0
1516083848.26 3 1 3750.0 3749.99476357 4500.0 4500.0
1516083848.36 3 1 3750.0 3749.99502539 4500.0 4500.0
1516083848.46 3 1 3750.0 3749.99527412 4500.0 4500.0
1516083848.56 3 1 3750.0 3749.99551041 4500.0 4500.0
1516083848.66 3 1 3750.0 3749.99573489 4500.0 4500.0
1516083848.76 3 1 3750.0 3749.99594815 4500.0 4500.0
1516083848.86 3 1 3750.0 3749.99615074 4500.0 4500.0
1516083848.97 3 1 3750.0 3749.9963432 4500.0 4500.0
1516083849.07 3 1 3750.0 3749.99652604 4500.0 4500.0
1516083849.17 3 1 3750.0 3749.99669974 4500.0 4500.0
1516083849.28 3 1 3750.0 3749.99686475 4500.0 4500.0
1516083849.37 3 1 3750.0 3749.99702152 4500.0 4500.0
1516083849.46 3 1 3750.0 3749.99717044 4500.0 4500.0
1516083849.56 3 1 3750.0 3749.99731192 4500.0 4500.0
1516083849.67 3 1 3750.0 3749.99744632 4500.0 4500.0
1516083849.77 3 1 3750.0 3749.99757401 4500.0 4500.0
1516083849.88 3 1 3750.0 3749.99769531 4500.0 4500.0
1516083849.97 3 1 3750.0 3749.99781054 4500.0 4500.0
1516083850.07 3 1 3750.0 3749.99792001 4500.0 4500.0
1516083850.17 3 1 3750.0 3749.99802401 4500.0 4500.0
1516083850.27 3 1 3750.0 3749.99812281 4500.0 4500.0
1516083850.37 3 1 3750.0 3749.99821667 4500.0 4500.0
1516083850.47 3 1 3750.0 3749.99830584 4500.0 4500.0
1516083850.57 3 1 3750.0 3749.99839055 4500.0 4500.0
1516083850.68 3 1 3750.0 3749.99847102 4500.0 4500.0
1516083850.77 3 1 3750.0 3749.99854747 4500.0 4500.0
1516083850.87 3 1 3750.0 3749.9986201 4500.0 4500.0
1516083850.98 3 1 3750.0 3749.99868909 4500.0 4500.0
1516083851.08 3 1 3750.0 3749.99875464 4500.0 4500.0
1516083851.17 3 1 3750.0 3749.9988169 4500.0 4500.0
1516083851.27 3 1 3750.0 3749.99887606 4500.0 4500.0
1516083851.37 3 1 3750.0 3749.99893226 4500.0 4500.0
1516083851.48 3 1 3750.0 3749.99898564 4500.0 4500.0
1516083851.57 3 1 3750.0 3749.99903636 4500.0 4500.0
1516083851.67 3 1 3750.0 3749.99908454 4500.0 4500.0
1516083851.76 3 1 3750.0 3749.99913032 4500.0 4500.0
1516083851.87 3 1 3750.0 3749.9991738 4500.0 4500.0
1516083851.97 3 1 3750.0 3749.99921511 4500.0 4500.0
1516083852.07 3 1 3750.0 3749.99925435 4500.0 4500.0
1516083852.17 3 1 3750.0 3749.99929164 4500.0 4500.0
1516083852.28 3 1 3750.0 3749.99932705 4500.0 4500.0
1516083852.38 3 1 3750.0 3749.9993607 4500.0 4500.0
1516083852.48 3 1 3750.0 3749.99939267 4500.0 4500.0
1516083852.57 3 1 3750.0 3749.99942303 4500.0 4500.0
1516083852.68 3 1 3750.0 3749.99945188 4500.0 4500.0
1516083852.77 3 1 3750.0 3749.99947929 4500.0 4500.0
1516083852.87 3 1 3750.0 3749.99950532 4500.0 4500.0
1516083852.98 3 1 3750.0 3749.99953006 4500.0 4500.0
1516083853.08 3 1 3750.0 3749.99955355 4500.0 4500.0
1516083853.17 3 1 3750.0 3749.99957588 4500.0 4500.0
1516083853.27 3 1 3750.0 3749.99959708 4500.0 4500.0
1516083853.38 3 1 3750.0 3749.99961723 4500.0 4500.0
1516083853.48 3 1 3750.0 3749.99963637 4500.0 4500.0
1516083853.58 3 1 3750.0 3749.99965455 4500.0 4500.0
1516083853.68 3 1 3750.0 3749.99967182 4500.0 4500.0
1516083853.78 3 1 3750.0 3749.99968823 4500.0 4500.0
1516083853.89 3 1 3750.0 3749.99970382 4500.0 4500.0
1516083853.98 3 1 3750.0 3749.99971863 4500.0 4500.0
1516083854.08 3 1 3750.0 3749.9997327 4500.0 4500.0
1516083854.17 3 1 3750.0 3749.99974606 4500.0 4500.0
1516083854.28 3 1 3750.0 3749.99975876 4500.0 4500.0
1516083854.38 3 1 3750.0 3749.99977082 4500.0 4500.0
1516083854.48 3 1 3750.0 3749.99978228 4500.0 4500.0
1516083854.58 3 1 3750.0 3749.99979317 4500.0 4500.0
1516083854.68 3 1 3750.0 3749.99980351 4500.0 4500.0
1516083854.78 3 1 3750.0 3749.99981333 4500.0 4500.0
1516083854.88 3 1 3750.0 3749.99982267 4500.0 4500.0
1516083854.98 3 1 3750.0 3749.99983153 4500.0 4500.0
1516083855.08 3 1 3750.0 3749.99983996 4500.0 4500.0
1516083855.19 3 1 3750.0 3749.99984796 4500.0 4500.0
1516083855.28 3 1 3750.0 3749.99985556 4500.0 4500.0
1516083855.38 3 1 3750.0 3749.99986278 4500.0 4500.0
1516083855.48 3 1 3750.0 3749.99986964 4500.0 4500.0
1516083855.59 3 1 3750.0 3749.99987616 4500.0 4500.0
1516083855.68 3 1 3750.0 3749.99988235 4500.0 4500.0
1516083855.79 3 1 3750.0 3749.99988823 4500.0 4500.0
1516083855.89 3 1 3750.0 3749.99989382 4500.0 4500.0
1516083855.98 3 1 3750.0 3749.99989913 4500.0 4500.0
1516083856.09 3 1 3750.0 3749.99990418 4500.0 4500.0
1516083856.19 3 1 3750.0 3749.99990897 4500.0 4500.0
1516083856.28 3 1 3750.0 3749.99991352 4500.0 4500.0
1516083856.39 3 1 3750.0 3749.99991784 4500.0 4500.0
1516083856.49 3 1 3750.0 3749.99992195 4500.0 4500.0
1516083856.59 3 1 3750.0 3749.99992585 4500.0 4500.0
1516083856.69 3 1 3750.0 3749.99992956 4500.0 4500.0
1516083856.79 3 1 3750.0 3749.99993308 4500.0 4500.0
1516083856.89 3 1 3750.0 3749.99993643 4500.0 4500.0
1516083856.99 3 1 3750.0 3749.99993961 4500.0 4500.0
1516083857.09 3 1 3750.0 3749.99994263 4500.0 4500.0
1516083857.2 3 1 3750.0 3749.9999455 4500.0 4500.0
1516083857.28 3 1 3750.0 3749.99994822 4500.0 4500.0
1516083857.39 3 1 3750.0 3749.99995081 4500.0 4500.0
1516083857.49 3 1 3750.0 3749.99995327 4500.0 4500.0
1516083857.59 3 1 3750.0 3749.99995561 4500.0 4500.0
1516083857.7 3 1 3750.0 3749.99995783 4500.0 4500.0
1516083857.8 3 1 3750.0 3749.99995993 4500.0 4500.0
1516083857.89 3 1 3750.0 3749.99996194 4500.0 4500.0
1516083857.99 3 1 3750.0 3749.99996384 4500.0 4500.0
1516083858.1 3 1 3750.0 3749.99996565 4500.0 4500.0
1516083858.19 3 1 3750.0 3749.99996737 4500.0 4500.0
1516083858.3 3 1 3750.0 3749.999969 4500.0 4500.0
1516083858.39 3 1 3750.0 3749.99997055 4500.0 4500.0
1516083858.5 3 1 3750.0 3749.99997202 4500.0 4500.0
1516083858.6 3 1 3750.0 3749.99997342 4500.0 4500.0
1516083858.7 3 1 3750.0 3749.99997475 4500.0 4500.0
1516083858.79 3 1 3750.0 3749.99997601 4500.0 4500.0
1516083858.9 3 1 3750.0 3749.99997721 4500.0 4500.0
1516083859.0 3 1 3750.0 3749.99997835 4500.0 4500.0
1516083859.11 3 1 3750.0 3749.99997943 4500.0 4500.0
1516083859.2 3 1 3750.0 3749.99998046 4500.0 4500.0
1516083859.3 3 1 3750.0 3749.99998144 4500.0 4500.0
1516083859.4 3 1 3750.0 3749.99998237 4500.0 4500.0
1516083859.5 3 1 3750.0 3749.99998325 4500.0 4500.0
1516083859.6 3 1 3750.0 3749.99998409 4500.0 4500.0
1516083859.71 3 1 3750.0 3749.99998488 4500.0 4500.0
1516083859.81 3 1 3750.0 3749.99998564 4500.0 4500.0
1516083859.91 3 1 3750.0 3749.99998635 4500.0 4500.0
1516083860.01 3 1 3750.0 3749.99998704 4500.0 4500.0
1516083860.1 3 1 3750.0 3749.99998769 4500.0 4500.0
1516083860.2 3 1 3750.0 3749.9999883 4500.0 4500.0
1516083860.31 3 1 3750.0 3749.99998889 4500.0 4500.0
1516083860.41 3 1 3750.0 3749.99998944 4500.0 4500.0
1516083860.52 3 1 3750.0 3749.99998997 4500.0 4500.0
1516083860.61 3 1 3750.0 3749.99999047 4500.0 4500.0
1516083860.71 3 1 3750.0 3749.99999095 4500.0 4500.0
1516083860.81 3 1 3750.0 3749.9999914 4500.0 4500.0
1516083860.91 3 1 3750.0 3749.99999183 4500.0 4500.0
1516083861.01 3 1 3750.0 3749.99999224 4500.0 4500.0
1516083861.11 3 1 3750.0 3749.99999263 4500.0 4500.0
1516083861.22 3 1 3750.0 3749.999993 4500.0 4500.0
1516083861.32 3 1 3750.0 3749.99999335 4500.0 4500.0
1516083861.41 3 1 3750.0 3749.99999368 4500.0 4500.0
1516083861.52 3 1 3750.0 3749.99999399 4500.0 4500.0
1516083861.63 3 1 3750.0 3749.99999429 4500.0 4500.0
1516083861.72 3 1 3750.0 3749.99999458 4500.0 4500.0
1516083861.82 3 1 3750.0 3749.99999485 4500.0 4500.0
1516083861.92 3 1 3750.0 3749.99999511 4500.0 4500.0
1516083862.02 3 1 3750.0 3749.99999535 4500.0 4500.0
1516083862.11 3 1 3750.0 3749.99999559 4500.0 4500.0
1516083862.23 3 1 3750.0 3749.99999581 4500.0 4500.0
1516083862.32 3 1 3750.0 3749.99999602 4500.0 4500.0
1516083862.42 3 1 3750.0 3749.99999622 4500.0 4500.0
1516083862.52 3 1 3750.0 3749.9999964 4500.0 4500.0
1516083862.61 3 1 3750.0 3749.99999658 4500.0 4500.0
1516083862.72 3 1 3750.0 3749.99999675 4500.0 4500.0
1516083862.82 3 1 3750.0 3749.99999692 4500.0 4500.0
1516083862.92 3 1 3750.0 3749.99999707 4500.0 4500.0
1516083863.02 3 1 3750.0 3749.99999722 4500.0 4500.0
1516083863.11 3 1 3750.0 3749.99999736 4500.0 4500.0
1516083863.21 3 1 3750.0 3749.99999749 4500.0 4500.0
1516083863.31 3 1 3750.0 3749.99999761 4500.0 4500.0
1516083863.43 3 1 3750.0 3749.99999773 4500.0 4500.0
1516083863.52 3 1 3750.0 3749.99999785 4500.0 4500.0
1516083863.61 3 1 3750.0 3749.99999795 4500.0 4500.0
1516083863.72 3 1 3750.0 3749.99999806 4500.0 4500.0
1516083863.82 3 1 3750.0 3749.99999815 4500.0 4500.0
1516083863.92 3 1 3750.0 3749.99999825 4500.0 4500.0
1516083864.02 3 1 3750.0 3749.99999833 4500.0 4500.0
1516083864.12 3 1 3750.0 3749.99999842 4500.0 4500.0
1516083864.22 3 1 3750.0 3749.9999985 4500.0 4500.0
1516083864.32 3 1 3750.0 3749.99999857 4500.0 4500.0
1516083864.42 3 1 3750.0 3749.99999864 4500.0 4500.0
1516083864.53 3 1 3750.0 3749.99999871 4500.0 4500.0
1516083864.62 3 1 3750.0 3749.99999878 4500.0 4500.0
1516083864.72 3 1 3750.0 3749.99999884 4500.0 4500.0
1516083864.83 3 1 3750.0 3749.99999889 4500.0 4500.0
1516083864.93 3 1 3750.0 3749.99999895 4500.0 4500.0
1516083865.04 3 1 3750.0 3749.999999 4500.0 4500.0
1516083865.12 3 1 3750.0 3749.99999905 4500.0 4500.0
1516083865.23 3 1 3750.0 3749.9999991 4500.0 4500.0
1516083865.32 3 1 3750.0 3749.99999914 4500.0 4500.0
1516083865.43 3 1 3750.0 3749.99999919 4500.0 4500.0
1516083865.53 3 1 3750.0 3749.99999923 4500.0 4500.0
1516083865.62 3 1 3750.0 3749.99999927 4500.0 4500.0
1516083865.72 3 1 3750.0 3749.9999993 4500.0 4500.0
1516083865.82 3 1 3750.0 3749.99999934 4500.0 4500.0
1516083865.92 3 1 3750.0 3749.99999937 4500.0 4500.0
1516083866.03 3 1 3750.0 3749.9999994 4500.0 4500.0
1516083866.13 3 1 3750.0 3749.99999943 4500.0 4500.0
1516083866.23 3 1 3750.0 3749.99999946 4500.0 4500.0
1516083866.32 3 1 3750.0 3749.99999949 4500.0 4500.0
1516083866.42 3 1 3750.0 3749.99999951 4500.0 4500.0
1516083866.52 3 1 3750.0 3749.99999954 4500.0 4500.0
1516083866.62 3 1 3750.0 3749.99999956 4500.0 4500.0
1516083866.73 3 1 3750.0 3749.99999958 4500.0 4500.0
1516083866.83 3 1 3750.0 3749.9999996 4500.0 4500.0
1516083866.93 3 1 3750.0 3749.99999962 4500.0 4500.0
1516083867.02 3 1 3750.0 3749.99999964 4500.0 4500.0
1516083867.13 3 1 3750.0 3749.99999966 4500.0 4500.0
1516083867.24 3 1 3750.0 3749.99999968 4500.0 4500.0
1516083867.34 3 1 3750.0 3749.99999969 4500.0 4500.0
1516083867.43 3 1 3750.0 3749.99999971 4500.0 4500.0
1516083867.52 3 1 3750.0 3749.99999972 4500.0 4500.0
1516083867.63 3 1 3750.0 3749.99999974 4500.0 4500.0
1516083867.73 3 1 3750.0 3749.99999975 4500.0 4500.0
1516083867.84 3 1 3750.0 3749.99999976 4500.0 4500.0
1516083867.93 3 1 3750.0 3749.99999977 4500.0 4500.0
1516083868.03 3 1 3750.0 3749.99999979 4500.0 4500.0
1516083868.14 3 1 3750.0 3749.9999998 4500.0 4500.0
1516083868.23 3 1 3750.0 3749.99999981 4500.0 4500.0
1516083868.33 3 1 3750.0 3749.99999982 4500.0 4500.0
1516083868.43 3 1 3750.0 3749.99999983 4500.0 4500.0
1516083868.53 3 1 3750.0 3749.99999983 4500.0 4500.0
1516083868.63 3 1 3750.0 3749.99999984 4500.0 4500.0
1516083868.73 3 1 3750.0 3749.99999985 4500.0 4500.0
1516083868.83 3 1 3750.0 3749.99999986 4500.0 4500.0
1516083868.93 3 1 3750.0 3749.99999987 4500.0 4500.0
1516083869.04 3 1 3750.0 3749.99999987 4500.0 4500.0
1516083869.14 3 1 3750.0 3749.99999988 4500.0 4500.0
1516083869.23 3 1 3750.0 3749.99999988 4500.0 4500.0
1516083869.33 3 1 3750.0 3749.99999989 4500.0 4500.0
1516083869.44 3 1 3750.0 3749.9999999 4500.0 4500.0
1516083869.53 3 1 3750.0 3749.9999999 4500.0 4500.0
1516083869.64 3 1 3750.0 3749.99999991 4500.0 4500.0
1516083869.74 3 1 3750.0 3749.99999991 4500.0 4500.0
1516083869.84 3 1 3750.0 3749.99999991 4500.0 4500.0
1516083869.93 3 1 3750.0 3749.99999992 4500.0 4500.0
1516083870.04 3 1 3750.0 3749.99999992 4500.0 4500.0
1516083870.14 3 1 3750.0 3749.99999993 4500.0 4500.0
1516083870.24 3 1 3750.0 3749.99999993 4500.0 4500.0
1516083870.34 3 1 3750.0 3749.99999993 4500.0 4500.0
1516083870.44 3 1 3750.0 3749.99999994 4500.0 4500.0
1516083870.54 3 1 3750.0 3749.99999994 4500.0 4500.0
1516083870.64 3 1 3750.0 3749.99999994 4500.0 4500.0
1516083870.74 3 1 3750.0 3749.99999995 4500.0 4500.0
1516083870.84 3 1 3750.0 3749.99999995 4500.0 4500.0
1516083870.95 3 1 3750.0 3749.99999995 4500.0 4500.0
1516083871.04 3 1 3750.0 3749.99999995 4500.0 4500.0
1516083871.14 3 1 3750.0 3749.99999996 4500.0 4500.0
1516083871.24 3 1 3750.0 3749.99999996 4500.0 4500.0
1516083871.35 3 1 3750.0 3749.99999996 4500.0 4500.0
1516083871.44 3 1 3750.0 3749.99999996 4500.0 4500.0
1516083871.54 3 1 3750.0 3749.99999996 4500.0 4500.0
1516083871.64 3 1 3750.0 3749.99999997 4500.0 4500.0
1516083871.74 3 1 3750.0 3749.99999997 4500.0 4500.0
1516083871.84 3 1 3750.0 3749.99999997 4500.0 4500.0
1516083871.95 3 1 3750.0 3749.99999997 4500.0 4500.0
1516083872.05 3 1 3750.0 3749.99999997 4500.0 4500.0
1516083872.16 3 1 3750.0 3749.99999997 4500.0 4500.0
1516083872.24 3 1 3750.0 3749.99999998 4500.0 4500.0
1516083872.35 3 1 3750.0 3749.99999998 4500.0 4500.0
1516083872.46 3 1 3750.0 3749.99999998 4500.0 4500.0
1516083872.54 3 1 3750.0 3749.99999998 4500.0 4500.0
1516083872.64 3 1 3750.0 3749.99999998 4500.0 4500.0
1516083872.75 3 1 3750.0 3749.99999998 4500.0 4500.0
1516083872.84 3 1 3750.0 3749.99999998 4500.0 4500.0
1516083872.94 3 1 3750.0 3749.99999998 4500.0 4500.0
1516083873.05 3 1 3750.0 3749.99999998 4500.0 4500.0
1516083873.14 3 1 3750.0 3749.99999998 4500.0 4500.0
1516083873.26 3 1 3750.0 3749.99999999 4500.0 4500.0
1516083873.34 3 1 3750.0 3749.99999999 4500.0 4500.0
1516083873.45 3 1 3750.0 3749.99999999 4500.0 4500.0
1516083873.54 3 1 3750.0 3749.99999999 4500.0 4500.0
1516083873.64 3 1 3750.0 3749.99999999 4500.0 4500.0
1516083873.75 3 1 3750.0 3749.99999999 4500.0 4500.0
1516083873.86 3 1 3750.0 3749.99999999 4500.0 4500.0
1516083873.95 3 1 3750.0 3749.99999999 4500.0 4500.0
1516083874.05 3 1 3750.0 3749.99999999 4500.0 4500.0
1516083874.14 3 1 3750.0 3749.99999999 4500.0 4500.0
1516083874.25 3 1 3750.0 3749.99999999 4500.0 4500.0
1516083874.35 3 1 3750.0 3749.99999999 4500.0 4500.0
1516083874.45 3 1 3750.0 3749.99999999 4500.0 4500.0
1516083874.55 3 1 3750.0 3749.99999999 4500.0 4500.0
1516083874.65 3 1 3750.0 3749.99999999 4500.0 4500.0
1516083874.74 3 1 3750.0 3749.99999999 4500.0 4500.0
1516083874.85 3 1 3750.0 3749.99999999 4500.0 4500.0
1516083874.95 3 1 3750.0 3749.99999999 4500.0 4500.0
1516083875.06 3 1 3750.0 3749.99999999 4500.0 4500.0
1516083875.16 3 1 3750.0 3749.99999999 4500.0 4500.0
1516083875.25 3 1 3750.0 3749.99999999 4500.0 4500.0
1516083875.35 3 1 3750.0 3749.99999999 4500.0 4500.0
1516083875.46 3 1 3750.0 3750.0 4500.0 4500.0
1516083875.56 3 1 3750.0 3750.0 4500.0 4500.0
1516083875.65 3 1 3750.0 3750.0 4500.0 4500.0
1516083875.75 3 1 3750.0 3750.0 4500.0 4500.0
1516083875.85 3 1 3750.0 3750.0 4500.0 4500.0
1516083875.95 3 1 3750.0 3750.0 4500.0 4500.0
1516083876.05 3 1 3750.0 3750.0 4500.0 4500.0
1516083876.15 3 1 3750.0 3750.0 4500.0 4500.0
1516083876.25 3 1 3750.0 3750.0 4500.0 4500.0
1516083876.36 3 1 3750.0 3750.0 4500.0 4500.0
1516083876.45 3 1 3750.0 3750.0 4500.0 4500.0
1516083876.56 3 1 3750.0 3750.0 4500.0 4500.0
1516083876.66 3 1 3750.0 3750.0 4500.0 4500.0
1516083876.76 3 1 3750.0 3750.0 4500.0 4500.0
1516083876.85 3 1 3750.0 3750.0 4500.0 4500.0
1516083876.96 3 1 3750.0 3750.0 4500.0 4500.0
1516083877.06 3 1 3750.0 3750.0 4500.0 4500.0
1516083877.16 3 1 3750.0 3750.0 4500.0 4500.0
1516083877.25 3 1 3750.0 3750.0 4500.0 4500.0
1516083877.36 3 1 3750.0 3750.0 4500.0 4500.0
1516083877.45 3 1 3750.0 3750.0 4500.0 4500.0
1516083877.56 3 1 3750.0 3750.0 4500.0 4500.0
1516083877.66 3 1 3750.0 3750.0 4500.0 4500.0
1516083877.75 3 1 3750.0 3750.0 4500.0 4500.0
1516083877.86 3 1 3750.0 3750.0 4500.0 4500.0
1516083877.95 3 1 3750.0 3750.0 4500.0 4500.0
1516083878.06 3 1 3750.0 3750.0 4500.0 4500.0
1516083878.15 3 1 3750.0 3750.0 4500.0 4500.0
1516083878.26 3 1 3750.0 3750.0 4500.0 4500.0
1516083878.36 3 1 3750.0 3750.0 4500.0 4500.0
1516083878.46 3 1 3750.0 3750.0 4500.0 4500.0
1516083878.56 3 1 3750.0 3750.0 4500.0 4500.0
1516083878.66 3 1 3750.0 3750.0 4500.0 4500.0
1516083878.77 3 1 3750.0 3750.0 4500.0 4500.0
1516083878.86 3 1 3750.0 3750.0 4500.0 4500.0
1516083878.96 3 1 3750.0 3750.0 4500.0 4500.0
1516083879.07 3 1 3750.0 3750.0 4500.0 4500.0
1516083879.17 3 1 3750.0 3750.0 4500.0 4500.0
1516083879.26 3 1 3750.0 3750.0 4500.0 4500.0
1516083879.37 3 1 3750.0 3750.0 4500.0 4500.0
1516083879.48 3 1 3750.0 3750.0 4500.0 4500.0
1516083879.56 3 1 3750.0 3750.0 4500.0 4500.0
1516083879.67 3 1 3750.0 3750.0 4500.0 4500.0
1516083879.77 3 1 3750.0 3750.0 4500.0 4500.0
1516083879.87 3 1 3750.0 3750.0 4500.0 4500.0
1516083879.98 3 1 3750.0 3750.0 4500.0 4500.0
1516083880.07 3 1 3750.0 3750.0 4500.0 4500.0
1516083880.17 3 1 3750.0 3750.0 4500.0 4500.0
1516083880.26 3 1 3750.0 3750.0 4500.0 4500.0
1516083880.37 3 1 3750.0 3750.0 4500.0 4500.0
1516083880.47 3 1 3750.0 3750.0 4500.0 4500.0
1516083880.56 3 1 3750.0 3750.0 4500.0 4500.0
1516083880.67 3 1 3750.0 3750.0 4500.0 4500.0
1516083880.78 3 1 3750.0 3750.0 4500.0 4500.0
1516083880.88 3 1 3750.0 3750.0 4500.0 4500.0
1516083880.97 3 1 3750.0 3750.0 4500.0 4500.0
1516083881.06 3 1 3750.0 3750.0 4500.0 4500.0
1516083881.17 3 1 3750.0 3750.0 4500.0 4500.0
1516083881.28 3 1 3750.0 3750.0 4500.0 4500.0
1516083881.37 3 1 3750.0 3750.0 4500.0 4500.0
1516083881.47 3 1 3750.0 3750.0 4500.0 4500.0
1516083881.57 3 1 3750.0 3750.0 4500.0 4500.0
1516083881.67 3 1 3750.0 3750.0 4500.0 4500.0
1516083881.77 3 1 3750.0 3750.0 4500.0 4500.0
1516083881.87 3 1 3750.0 3750.0 4500.0 4500.0
1516083881.97 3 1 3750.0 3750.0 4500.0 4500.0
1516083882.08 3 1 3750.0 3750.0 4500.0 4500.0
1516083882.18 3 1 3750.0 3750.0 4500.0 4500.0
1516083882.27 3 1 3750.0 3750.0 4500.0 4500.0
1516083882.38 3 1 3750.0 3750.0 4500.0 4500.0
1516083882.47 3 1 3750.0 3750.0 4500.0 4500.0
1516083882.58 3 1 3750.0 3750.0 4500.0 4500.0
1516083882.67 3 1 3750.0 3750.0 4500.0 4500.0
1516083882.77 3 1 3750.0 3750.0 4500.0 4500.0
1516083882.87 3 1 3750.0 3750.0 4500.0 4500.0
1516083882.97 3 1 3750.0 3750.0 4500.0 4500.0
1516083883.08 3 1 3750.0 3750.0 4500.0 4500.0
1516083883.18 3 1 3750.0 3750.0 4500.0 4500.0
1516083883.28 3 1 3750.0 3750.0 4500.0 4500.0
1516083883.38 3 1 3750.0 3750.0 4500.0 4500.0
1516083883.47 3 1 3750.0 3750.0 4500.0 4500.0
1516083883.58 3 1 3750.0 3750.0 4500.0 4500.0
1516083883.68 3 1 3750.0 3750.0 4500.0 4500.0
1516083883.78 3 1 3750.0 3750.0 4500.0 4500.0
1516083883.87 3 1 3750.0 3750.0 4500.0 4500.0
1516083883.99 3 1 3750.0 3750.0 4500.0 4500.0
1516083884.08 3 1 3750.0 3750.0 4500.0 4500.0
1516083884.18 3 1 3750.0 3750.0 4500.0 4500.0
1516083884.28 3 1 3750.0 3750.0 4500.0 4500.0
1516083884.38 3 1 3750.0 3750.0 4500.0 4500.0
1516083884.48 3 1 3750.0 3750.0 4500.0 4500.0
1516083884.58 3 1 3750.0 3750.0 4500.0 4500.0
1516083884.69 3 1 3750.0 3750.0 4500.0 4500.0
1516083884.79 3 1 3750.0 3750.0 4500.0 4500.0
1516083884.89 3 1 3750.0 3750.0 4500.0 4500.0
1516083884.98 3 1 3750.0 3750.0 4500.0 4500.0
1516083885.09 3 1 3750.0 3750.0 4500.0 4500.0
1516083885.18 3 1 3750.0 3750.0 4500.0 4500.0
1516083885.28 3 1 3750.0 3750.0 4500.0 4500.0
1516083885.38 3 1 3750.0 3750.0 4500.0 4500.0
1516083885.49 3 1 3750.0 3750.0 4500.0 4500.0
1516083885.59 3 1 3750.0 3750.0 4500.0 4500.0
1516083885.69 3 1 3750.0 3750.0 4500.0 4500.0
1516083885.79 3 1 3750.0 3750.0 4500.0 4500.0
1516083885.88 3 1 3750.0 3750.0 4500.0 4500.0
1516083886.0 3 1 3750.0 3750.0 4500.0 4500.0
1516083886.09 3 1 3750.0 3750.0 4500.0 4500.0
1516083886.19 3 1 3750.0 3750.0 4500.0 4500.0
1516083886.29 3 1 3750.0 3750.0 4500.0 4500.0
1516083886.39 3 1 3750.0 3750.0 4500.0 4500.0
1516083886.48 3 1 3750.0 3750.0 4500.0 4500.0
1516083886.59 3 1 3750.0 3750.0 4500.0 4500.0
1516083886.69 3 1 3750.0 3750.0 4500.0 4500.0
1516083886.79 3 1 3750.0 3750.0 4500.0 4500.0
1516083886.89 3 1 3750.0 3750.0 4500.0 4500.0
1516083886.99 3 1 3750.0 3750.0 4500.0 4500.0
1516083887.09 3 1 3750.0 3750.0 4500.0 4500.0
1516083887.19 3 1 3750.0 3750.0 4500.0 4500.0
1516083887.29 3 1 3750.0 3750.0 4500.0 4500.0
1516083887.39 3 1 3750.0 3750.0 4500.0 4500.0
1516083887.49 3 1 3750.0 3750.0 4500.0 4500.0
1516083887.59 3 1 3750.0 3750.0 4500.0 4500.0
1516083887.69 3 1 3750.0 3750.0 4500.0 4500.0
1516083887.79 3 1 3750.0 3750.0 4500.0 4500.0
1516083887.89 3 1 3750.0 3750.0 4500.0 4500.0
1516083887.99 3 1 3750.0 3750.0 4500.0 4500.0
1516083888.1 3 1 3750.0 3750.0 4500.0 4500.0
1516083888.19 3 1 3750.0 3750.0 4500.0 4500.0
1516083888.3 3 1 3750.0 3750.0 4500.0 4500.0
1516083888.4 3 1 3750.0 3750.0 4500.0 4500.0
1516083888.5 3 1 3750.0 3750.0 4500.0 4500.0
1516083888.6 3 1 3750.0 3750.0 4500.0 4500.0
1516083888.69 3 1 3750.0 3750.0 4500.0 4500.0
1516083888.79 3 1 3750.0 3750.0 4500.0 4500.0
1516083888.9 3 1 3750.0 3750.0 4500.0 4500.0
1516083889.0 3 1 3750.0 3750.0 4500.0 4500.0
1516083889.1 3 1 3750.0 3750.0 4500.0 4500.0
1516083889.2 3 1 3750.0 3750.0 4500.0 4500.0
1516083889.3 3 1 3750.0 3750.0 4500.0 4500.0
1516083889.4 3 1 3750.0 3750.0 4500.0 4500.0
1516083889.5 3 1 3750.0 3750.0 4500.0 4500.0
1516083889.6 3 1 3750.0 3750.0 4500.0 4500.0
1516083889.69 3 1 3750.0 3750.0 4500.0 4500.0
1516083889.8 3 1 3750.0 3750.0 4500.0 4500.0
1516083889.9 3 1 3750.0 3750.0 4500.0 4500.0
1516083890.0 3 1 3750.0 3750.0 4500.0 4500.0
1516083890.1 3 1 3750.0 3750.0 4500.0 4500.0
1516083890.2 3 1 3750.0 3750.0 4500.0 4500.0
1516083890.31 3 1 3750.0 3750.0 4500.0 4500.0
1516083890.4 3 1 3750.0 3750.0 4500.0 4500.0
1516083890.51 3 1 3750.0 3750.0 4500.0 4500.0
1516083890.61 3 1 3750.0 3750.0 4500.0 4500.0
1516083890.7 3 1 3750.0 3750.0 4500.0 4500.0
1516083890.81 3 1 3750.0 3750.0 4500.0 4500.0
1516083890.9 3 1 3750.0 3750.0 4500.0 4500.0
1516083891.01 3 1 3750.0 3750.0 4500.0 4500.0
1516083891.1 3 1 3750.0 3750.0 4500.0 4500.0
1516083891.21 3 1 3750.0 3750.0 4500.0 4500.0
1516083891.31 3 1 3750.0 3750.0 4500.0 4500.0
1516083891.4 3 1 3750.0 3750.0 4500.0 4500.0
1516083891.5 3 1 3750.0 3750.0 4500.0 4500.0
1516083891.61 3 1 3750.0 3750.0 4500.0 4500.0
1516083891.7 3 1 3750.0 3750.0 4500.0 4500.0
1516083891.81 3 1 3750.0 3750.0 4500.0 4500.0
1516083891.9 3 1 3750.0 3750.0 4500.0 4500.0
1516083892.01 3 1 3750.0 3750.0 4500.0 4500.0
1516083892.11 3 1 3750.0 3750.0 4500.0 4500.0
1516083892.21 3 1 3750.0 3750.0 4500.0 4500.0
1516083892.31 3 1 3750.0 3750.0 4500.0 4500.0
1516083892.42 3 1 3750.0 3750.0 4500.0 4500.0
1516083892.51 3 1 3750.0 3750.0 4500.0 4500.0
1516083892.61 3 1 3750.0 3750.0 4500.0 4500.0
1516083892.7 3 1 3750.0 3750.0 4500.0 4500.0
1516083892.81 3 1 3750.0 3750.0 4500.0 4500.0
1516083892.91 3 1 3750.0 3750.0 4500.0 4500.0
1516083893.01 3 1 3750.0 3750.0 4500.0 4500.0
1516083893.11 3 1 3750.0 3750.0 4500.0 4500.0
1516083893.22 3 1 3750.0 3750.0 4500.0 4500.0
1516083893.31 3 1 3750.0 3750.0 4500.0 4500.0
1516083893.41 3 1 3750.0 3750.0 4500.0 4500.0
1516083893.51 3 1 3750.0 3750.0 4500.0 4500.0
1516083893.62 3 1 3750.0 3750.0 4500.0 4500.0
1516083893.71 3 1 3750.0 3750.0 4500.0 4500.0
1516083893.81 3 1 3750.0 3750.0 4500.0 4500.0
1516083893.91 3 1 3750.0 3750.0 4500.0 4500.0
1516083894.01 3 1 3750.0 3750.0 4500.0 4500.0
1516083894.11 3 1 3750.0 3750.0 4500.0 4500.0
1516083894.21 3 1 3750.0 3750.0 4500.0 4500.0
1516083894.32 3 1 3750.0 3750.0 4500.0 4500.0
1516083894.42 3 1 3750.0 3750.0 4500.0 4500.0
1516083894.51 3 1 3750.0 3750.0 4500.0 4500.0
1516083894.62 3 1 3750.0 3750.0 4500.0 4500.0
1516083894.73 3 1 3750.0 3750.0 4500.0 4500.0
1516083894.81 3 1 3750.0 3750.0 4500.0 4500.0
1516083894.91 3 1 3750.0 3750.0 4500.0 4500.0
1516083895.02 3 1 3750.0 3750.0 4500.0 4500.0
1516083895.13 3 1 3750.0 3750.0 4500.0 4500.0
1516083895.22 3 1 3750.0 3750.0 4500.0 4500.0
1516083895.31 3 1 3750.0 3750.0 4500.0 4500.0
1516083895.42 3 1 3750.0 3750.0 4500.0 4500.0
1516083895.53 3 1 3750.0 3750.0 4500.0 4500.0
1516083895.63 3 1 3750.0 3750.0 4500.0 4500.0
1516083895.72 3 1 3750.0 3750.0 4500.0 4500.0
1516083895.83 3 1 3750.0 3750.0 4500.0 4500.0
1516083895.92 3 1 3750.0 3750.0 4500.0 4500.0
1516083896.02 3 1 3750.0 3750.0 4500.0 4500.0
1516083896.12 3 1 3750.0 3750.0 4500.0 4500.0
1516083896.22 3 1 3750.0 3750.0 4500.0 4500.0
1516083896.32 3 1 3750.0 3750.0 4500.0 4500.0
1516083896.43 3 1 3750.0 3750.0 4500.0 4500.0
1516083896.52 3 1 3750.0 3750.0 4500.0 4500.0
1516083896.63 3 1 3750.0 3750.0 4500.0 4500.0
1516083896.73 3 1 3750.0 3750.0 4500.0 4500.0
1516083896.83 3 1 3750.0 3750.0 4500.0 4500.0
1516083896.93 3 1 3750.0 3750.0 4500.0 4500.0
1516083897.03 3 1 3750.0 3750.0 4500.0 4500.0
1516083897.13 3 1 3750.0 3750.0 4500.0 4500.0
1516083897.23 3 1 3750.0 3750.0 4500.0 4500.0
1516083897.33 3 1 3750.0 3750.0 4500.0 4500.0
1516083897.43 3 1 3750.0 3750.0 4500.0 4500.0
1516083897.53 3 1 3750.0 3750.0 4500.0 4500.0
1516083897.63 3 1 3750.0 3750.0 4500.0 4500.0
1516083897.73 3 1 3750.0 3750.0 4500.0 4500.0
1516083897.83 3 1 3750.0 3750.0 4500.0 4500.0
1516083897.93 3 1 3750.0 3750.0 4500.0 4500.0
1516083898.03 3 1 3750.0 3750.0 4500.0 4500.0
1516083898.13 3 1 3750.0 3750.0 4500.0 4500.0
1516083898.23 3 1 3750.0 3750.0 4500.0 4500.0
1516083898.32 3 1 3750.0 3750.0 4500.0 4500.0
1516083898.42 3 1 3750.0 3750.0 4500.0 4500.0
1516083898.53 3 1 3750.0 3750.0 4500.0 4500.0
1516083898.62 3 1 3750.0 3750.0 4500.0 4500.0
1516083898.73 3 1 3750.0 3750.0 4500.0 4500.0
1516083898.83 3 1 3750.0 3750.0 4500.0 4500.0
1516083898.93 3 1 3750.0 3750.0 4500.0 4500.0
1516083899.03 3 1 3750.0 3750.0 4500.0 4500.0
1516083899.13 3 1 3750.0 3750.0 4500.0 4500.0
1516083899.22 3 1 3750.0 3750.0 4500.0 4500.0
1516083899.34 3 1 3750.0 3750.0 4500.0 4500.0
1516083899.44 3 1 3750.0 3750.0 4500.0 4500.0
1516083899.54 3 1 3750.0 3750.0 4500.0 4500.0
1516083899.63 3 1 3750.0 3750.0 4500.0 4500.0
1516083899.73 3 1 3750.0 3750.0 4500.0 4500.0
1516083899.84 3 1 3750.0 3750.0 4500.0 4500.0
1516083899.94 3 1 3750.0 3750.0 4500.0 4500.0
1516083900.04 3 1 3750.0 3750.0 4500.0 4500.0
1516083900.14 3 1 3750.0 3750.0 4500.0 4500.0
1516083900.24 3 1 3750.0 3750.0 4500.0 4500.0
1516083900.33 3 1 3750.0 3750.0 4500.0 4500.0
1516083900.43 3 1 3750.0 3750.0 4500.0 4500.0
1516083900.53 3 1 3750.0 3750.0 4500.0 4500.0
1516083900.64 3 1 3750.0 3750.0 4500.0 4500.0
1516083900.74 3 1 3750.0 3750.0 4500.0 4500.0
1516083900.84 3 1 3750.0 3750.0 4500.0 4500.0
1516083900.94 3 1 3750.0 3750.0 4500.0 4500.0
1516083901.04 3 1 3750.0 3750.0 4500.0 4500.0
1516083901.14 3 1 3750.0 3750.0 4500.0 4500.0
1516083901.23 3 1 3750.0 3750.0 4500.0 4500.0
1516083901.33 3 1 3750.0 3750.0 4500.0 4500.0
1516083901.44 3 1 3750.0 3750.0 4500.0 4500.0
1516083901.53 3 1 3750.0 3750.0 4500.0 4500.0
1516083901.64 3 1 3750.0 3750.0 4500.0 4500.0
1516083901.73 3 1 3750.0 3750.0 4500.0 4500.0
1516083901.84 3 1 3750.0 3750.0 4500.0 4500.0
1516083901.93 3 1 3750.0 3750.0 4500.0 4500.0
1516083902.04 3 1 3750.0 3750.0 4500.0 4500.0
1516083902.14 3 1 3750.0 3750.0 4500.0 4500.0
1516083902.24 3 1 3750.0 3750.0 4500.0 4500.0
1516083902.33 3 1 3750.0 3750.0 4500.0 4500.0
1516083902.44 3 1 3750.0 3750.0 4500.0 4500.0
1516083902.55 3 1 3750.0 3750.0 4500.0 4500.0
1516083902.63 3 1 3750.0 3750.0 4500.0 4500.0
1516083902.74 3 1 3750.0 3750.0 4500.0 4500.0
1516083902.85 3 1 3750.0 3750.0 4500.0 4500.0
1516083902.95 3 1 3750.0 3750.0 4500.0 4500.0
1516083903.05 3 1 3750.0 3750.0 4500.0 4500.0
1516083903.15 3 1 3750.0 3750.0 4500.0 4500.0
1516083903.24 3 1 3750.0 3750.0 4500.0 4500.0
1516083903.33 3 1 3750.0 3750.0 4500.0 4500.0
1516083903.44 3 1 3750.0 3750.0 4500.0 4500.0
1516083903.53 3 1 3750.0 3750.0 4500.0 4500.0
1516083903.64 3 1 3750.0 3750.0 4500.0 4500.0
1516083903.74 3 1 3750.0 3750.0 4500.0 4500.0
1516083903.84 3 1 3750.0 3750.0 4500.0 4500.0
1516083903.95 3 1 3750.0 3750.0 4500.0 4500.0
1516083904.04 3 1 3750.0 3750.0 4500.0 4500.0
1516083904.14 3 1 3750.0 3750.0 4500.0 4500.0
1516083904.24 3 1 3750.0 3750.0 4500.0 4500.0
1516083904.33 3 1 3750.0 3750.0 4500.0 4500.0
1516083904.44 3 1 3750.0 3750.0 4500.0 4500.0
1516083904.54 3 1 3750.0 3750.0 4500.0 4500.0
1516083904.64 3 1 3750.0 3750.0 4500.0 4500.0
1516083904.75 3 1 3750.0 3750.0 4500.0 4500.0
1516083904.84 3 1 3750.0 3750.0 4500.0 4500.0
1516083904.94 3 1 3750.0 3750.0 4500.0 4500.0
1516083905.04 3 1 3750.0 3750.0 4500.0 4500.0
1516083905.15 3 1 3750.0 3750.0 4500.0 4500.0
1516083905.24 3 1 3750.0 3750.0 4500.0 4500.0
1516083905.35 3 1 3750.0 3750.0 4500.0 4500.0
1516083905.45 3 1 3750.0 3750.0 4500.0 4500.0
1516083905.54 3 1 3750.0 3750.0 4500.0 4500.0
1516083905.64 3 1 3750.0 3750.0 4500.0 4500.0
1516083905.74 3 1 3750.0 3750.0 4500.0 4500.0
1516083905.85 3 1 3750.0 3750.0 4500.0 4500.0
1516083905.94 3 1 3750.0 3750.0 4500.0 4500.0
1516083906.04 3 1 3750.0 3750.0 4500.0 4500.0
1516083906.15 3 1 3750.0 3750.0 4500.0 4500.0
1516083906.25 3 1 3750.0 3750.0 4500.0 4500.0
1516083906.35 3 1 3750.0 3750.0 4500.0 4500.0
1516083906.44 3 1 3750.0 3750.0 4500.0 4500.0
1516083906.55 3 1 3750.0 3750.0 4500.0 4500.0
1516083906.65 3 1 3750.0 3750.0 4500.0 4500.0
1516083906.74 3 1 3750.0 3750.0 4500.0 4500.0
1516083906.84 3 1 3750.0 3750.0 4500.0 4500.0
1516083906.95 3 1 3750.0 3750.0 4500.0 4500.0
1516083907.05 3 1 3750.0 3750.0 4500.0 4500.0
1516083907.15 3 1 3750.0 3750.0 4500.0 4500.0
1516083907.24 3 1 3750.0 3750.0 4500.0 4500.0
1516083907.34 3 1 3750.0 3750.0 4500.0 4500.0
1516083907.45 3 1 3750.0 3750.0 4500.0 4500.0
1516083907.54 3 1 3750.0 3750.0 4500.0 4500.0
1516083907.64 3 1 3750.0 3750.0 4500.0 4500.0
1516083907.74 3 1 3750.0 3750.0 4500.0 4500.0
1516083907.85 3 1 3750.0 3750.0 4500.0 4500.0
1516083907.95 3 1 3750.0 3750.0 4500.0 4500.0
1516083908.05 3 1 3750.0 3750.0 4500.0 4500.0
1516083908.16 3 1 3750.0 3750.0 4500.0 4500.0
1516083908.26 3 1 3750.0 3750.0 4500.0 4500.0
1516083908.35 3 1 3750.0 3750.0 4500.0 4500.0
1516083908.46 3 1 3750.0 3750.0 4500.0 4500.0
1516083908.55 3 1 3750.0 3750.0 4500.0 4500.0
1516083908.65 3 1 3750.0 3750.0 4500.0 4500.0
1516083908.75 3 1 3750.0 3750.0 4500.0 4500.0
1516083908.86 3 1 3750.0 3750.0 4500.0 4500.0
1516083908.95 3 1 3750.0 3750.0 4500.0 4500.0
1516083909.04 3 1 3750.0 3750.0 4500.0 4500.0
1516083909.14 3 1 3750.0 3750.0 4500.0 4500.0
1516083909.25 3 1 3750.0 3750.0 4500.0 4500.0
1516083909.35 3 1 3750.0 3750.0 4500.0 4500.0
1516083909.45 3 1 3750.0 3750.0 4500.0 4500.0
1516083909.55 3 1 3750.0 3750.0 4500.0 4500.0
1516083909.65 3 1 3750.0 3750.0 4500.0 4500.0
1516083909.75 3 1 3750.0 3750.0 4500.0 4500.0
1516083909.85 3 1 3750.0 3750.0 4500.0 4500.0
1516083909.94 3 1 3750.0 3750.0 4500.0 4500.0
1516083910.06 3 1 3750.0 3750.0 4500.0 4500.0
1516083910.15 3 1 3750.0 3750.0 4500.0 4500.0
1516083910.25 3 1 3750.0 3750.0 4500.0 4500.0
1516083910.35 3 1 3750.0 3750.0 4500.0 4500.0
1516083910.45 3 1 3750.0 3750.0 4500.0 4500.0
1516083910.56 3 1 3750.0 3750.0 4500.0 4500.0
1516083910.65 3 1 3750.0 3750.0 4500.0 4500.0
1516083910.75 3 1 3750.0 3750.0 4500.0 4500.0
1516083910.85 3 1 3750.0 3750.0 4500.0 4500.0
1516083910.95 3 1 3750.0 3750.0 4500.0 4500.0
1516083911.04 3 1 3750.0 3750.0 4500.0 4500.0
1516083911.14 3 1 3750.0 3750.0 4500.0 4500.0
1516083911.25 3 1 3750.0 3750.0 4500.0 4500.0
1516083911.35 3 1 3750.0 3750.0 4500.0 4500.0
1516083911.46 3 1 3750.0 3750.0 4500.0 4500.0
1516083911.56 3 1 3750.0 3750.0 4500.0 4500.0
1516083911.66 3 1 3750.0 3750.0 4500.0 4500.0
1516083911.75 3 1 3750.0 3750.0 4500.0 4500.0
1516083911.86 3 1 3750.0 3750.0 4500.0 4500.0
1516083911.96 3 1 3750.0 3750.0 4500.0 4500.0
1516083912.06 3 1 3750.0 3750.0 4500.0 4500.0
1516083912.15 3 1 3750.0 3750.0 4500.0 4500.0
1516083912.26 3 1 3750.0 3750.0 4500.0 4500.0
1516083912.36 3 1 3750.0 3750.0 4500.0 4500.0
1516083912.45 3 1 3750.0 3750.0 4500.0 4500.0
1516083912.57 3 1 3750.0 3750.0 4500.0 4500.0
1516083912.65 3 1 3750.0 3750.0 4500.0 4500.0
1516083912.76 3 1 3750.0 3750.0 4500.0 4500.0
1516083912.86 3 1 3750.0 3750.0 4500.0 4500.0
1516083912.94 3 1 3750.0 3750.0 4500.0 4500.0
1516083913.06 3 1 3750.0 3750.0 4500.0 4500.0
1516083913.14 3 1 3750.0 3750.0 4500.0 4500.0
1516083913.25 3 1 3750.0 3750.0 4500.0 4500.0
1516083913.35 3 1 3750.0 3750.0 4500.0 4500.0
1516083913.45 3 1 3750.0 3750.0 4500.0 4500.0
1516083913.56 3 1 3750.0 3750.0 4500.0 4500.0
1516083913.65 3 1 3750.0 3750.0 4500.0 4500.0
1516083913.75 3 1 3750.0 3750.0 4500.0 4500.0
1516083913.85 3 1 3750.0 3750.0 4500.0 4500.0
1516083913.96 3 1 3750.0 3750.0 4500.0 4500.0
1516083914.04 3 1 3750.0 3750.0 4500.0 4500.0
1516083914.16 3 1 3750.0 3750.0 4500.0 4500.0
1516083914.26 3 1 3750.0 3750.0 4500.0 4500.0
1516083914.35 3 1 3750.0 3750.0 4500.0 4500.0
1516083914.47 3 1 3750.0 3750.0 4500.0 4500.0
1516083914.56 3 1 3750.0 3750.0 4500.0 4500.0
1516083914.66 3 1 3750.0 3750.0 4500.0 4500.0
1516083914.77 3 1 3750.0 3750.0 4500.0 4500.0
1516083914.86 3 1 3750.0 3750.0 4500.0 4500.0
1516083914.95 3 1 3750.0 3750.0 4500.0 4500.0
1516083915.05 3 1 3750.0 3750.0 4500.0 4500.0
1516083915.15 3 1 3750.0 3750.0 4500.0 4500.0
1516083915.25 3 1 3750.0 3750.0 4500.0 4500.0
1516083915.36 3 1 3750.0 3750.0 4500.0 4500.0
1516083915.46 3 1 3750.0 3750.0 4500.0 4500.0
1516083915.56 3 1 3750.0 3750.0 4500.0 4500.0
1516083915.65 3 1 3750.0 3750.0 4500.0 4500.0
1516083915.75 3 1 3750.0 3750.0 4500.0 4500.0
1516083915.86 3 1 3750.0 3750.0 4500.0 4500.0
1516083915.95 3 1 3750.0 3750.0 4500.0 4500.0
1516083916.05 3 1 3750.0 3750.0 4500.0 4500.0
1516083916.14 3 1 3750.0 3750.0 4500.0 4500.0
1516083916.25 3 1 3750.0 3750.0 4500.0 4500.0
1516083916.37 3 1 3750.0 3750.0 4500.0 4500.0
1516083916.46 3 1 3750.0 3750.0 4500.0 4500.0
1516083916.56 3 1 3750.0 3750.0 4500.0 4500.0
1516083916.67 3 1 3750.0 3750.0 4500.0 4500.0
1516083916.76 3 1 3750.0 3750.0 4500.0 4500.0
1516083916.85 3 1 3750.0 3750.0 4500.0 4500.0
1516083916.96 3 1 3750.0 3750.0 4500.0 4500.0
1516083917.06 3 1 3750.0 3750.0 4500.0 4500.0
1516083917.15 3 1 3750.0 3750.0 4500.0 4500.0
1516083917.26 3 1 3750.0 3750.0 4500.0 4500.0
1516083917.36 3 1 3750.0 3750.0 4500.0 4500.0
1516083917.46 3 1 3750.0 3750.0 4500.0 4500.0
1516083917.56 3 1 3750.0 3750.0 4500.0 4500.0
1516083917.66 3 1 3750.0 3750.0 4500.0 4500.0
1516083917.76 3 1 3750.0 3750.0 4500.0 4500.0
1516083917.86 3 1 3750.0 3750.0 4500.0 4500.0
1516083917.96 3 1 3750.0 3750.0 4500.0 4500.0
1516083918.06 3 1 3750.0 3750.0 4500.0 4500.0
1516083918.16 3 1 3750.0 3750.0 4500.0 4500.0
1516083918.26 3 1 3750.0 3750.0 4500.0 4500.0
1516083918.37 3 1 3750.0 3750.0 4500.0 4500.0
1516083918.46 3 1 3750.0 3750.0 4500.0 4500.0
1516083918.56 3 1 3750.0 3750.0 4500.0 4500.0
1516083918.66 3 1 3750.0 3750.0 4500.0 4500.0
1516083918.77 3 1 3750.0 3750.0 4500.0 4500.0
1516083918.86 3 1 3750.0 3750.0 4500.0 4500.0
1516083918.96 3 1 3750.0 3750.0 4500.0 4500.0
1516083919.06 3 1 3750.0 3750.0 4500.0 4500.0
1516083919.16 3 1 3750.0 3750.0 4500.0 4500.0
1516083919.26 3 1 3750.0 3750.0 4500.0 4500.0
1516083919.36 3 1 3750.0 3750.0 4500.0 4500.0
1516083919.45 3 1 3750.0 3750.0 4500.0 4500.0
1516083919.55 3 1 3750.0 3750.0 4500.0 4500.0
1516083919.66 3 1 3750.0 3750.0 4500.0 4500.0
1516083919.77 3 1 3750.0 3750.0 4500.0 4500.0
1516083919.86 3 1 3750.0 3750.0 4500.0 4500.0
1516083919.96 3 1 3750.0 3750.0 4500.0 4500.0
1516083920.07 3 1 3750.0 3750.0 4500.0 4500.0
1516083920.16 3 1 3750.0 3750.0 4500.0 4500.0
1516083920.26 3 1 3750.0 3750.0 4500.0 4500.0
1516083920.37 3 1 3750.0 3750.0 4500.0 4500.0
1516083920.46 3 1 3750.0 3750.0 4500.0 4500.0
1516083920.56 3 1 3750.0 3750.0 4500.0 4500.0
1516083920.66 3 1 3750.0 3750.0 4500.0 4500.0
1516083920.76 3 1 3750.0 3750.0 4500.0 4500.0
1516083920.86 3 1 3750.0 3750.0 4500.0 4500.0
1516083920.96 3 1 3750.0 3750.0 4500.0 4500.0
1516083921.07 3 1 3750.0 3750.0 4500.0 4500.0
1516083921.17 3 1 3750.0 3750.0 4500.0 4500.0
1516083921.26 3 1 3750.0 3750.0 4500.0 4500.0
1516083921.36 3 1 3750.0 3750.0 4500.0 4500.0
1516083921.46 3 1 3750.0 3750.0 4500.0 4500.0
1516083921.57 3 1 3750.0 3750.0 4500.0 4500.0
1516083921.66 3 1 3750.0 3750.0 4500.0 4500.0
1516083921.77 3 1 3750.0 3750.0 4500.0 4500.0
1516083921.87 3 1 3750.0 3750.0 4500.0 4500.0
1516083921.96 3 1 3750.0 3750.0 4500.0 4500.0
1516083922.07 3 1 3750.0 3750.0 4500.0 4500.0
1516083922.17 3 1 3750.0 3750.0 4500.0 4500.0
1516083922.27 3 1 3750.0 3750.0 4500.0 4500.0
1516083922.37 3 1 3750.0 3750.0 4500.0 4500.0
1516083922.47 3 1 3750.0 3750.0 4500.0 4500.0
1516083922.57 3 1 3750.0 3750.0 4500.0 4500.0
1516083922.67 3 1 3750.0 3750.0 4500.0 4500.0
1516083922.76 3 1 3750.0 3750.0 4500.0 4500.0
1516083922.87 3 1 3750.0 3750.0 4500.0 4500.0
1516083922.97 3 1 3750.0 3750.0 4500.0 4500.0
1516083923.07 3 1 3750.0 3750.0 4500.0 4500.0
1516083923.18 3 1 3750.0 3750.0 4500.0 4500.0
1516083923.28 3 1 3750.0 3750.0 4500.0 4500.0
1516083923.38 3 1 3750.0 3750.0 4500.0 4500.0
1516083923.47 3 1 3750.0 3750.0 4500.0 4500.0
1516083923.56 3 1 3750.0 3750.0 4500.0 4500.0
1516083923.67 3 1 3750.0 3750.0 4500.0 4500.0
1516083923.78 3 1 3750.0 3750.0 4500.0 4500.0
1516083923.87 3 1 3750.0 3750.0 4500.0 4500.0
1516083923.96 3 1 3750.0 3750.0 4500.0 4500.0
1516083924.06 3 1 3750.0 3750.0 4500.0 4500.0
1516083924.17 3 1 3750.0 3750.0 4500.0 4500.0
1516083924.27 3 1 3750.0 3750.0 4500.0 4500.0
1516083924.36 3 1 3750.0 3750.0 4500.0 4500.0
1516083924.47 3 1 3750.0 3750.0 4500.0 4500.0
1516083924.57 3 1 3750.0 3750.0 4500.0 4500.0
1516083924.67 3 1 3750.0 3750.0 4500.0 4500.0
1516083924.76 3 1 3750.0 3750.0 4500.0 4500.0
1516083924.87 3 1 3750.0 3750.0 4500.0 4500.0
1516083924.98 3 1 3750.0 3750.0 4500.0 4500.0
1516083925.06 3 1 3750.0 3750.0 4500.0 4500.0
1516083925.16 3 1 3750.0 3750.0 4500.0 4500.0
1516083925.26 3 1 3750.0 3750.0 4500.0 4500.0
1516083925.37 3 1 3750.0 3750.0 4500.0 4500.0
1516083925.48 3 1 3750.0 3750.0 4500.0 4500.0
1516083925.58 3 1 3750.0 3750.0 4500.0 4500.0
1516083925.67 3 1 3750.0 3750.0 4500.0 4500.0
1516083925.77 3 1 3750.0 3750.0 4500.0 4500.0
1516083925.87 3 1 3750.0 3750.0 4500.0 4500.0
1516083925.96 3 1 3750.0 3750.0 4500.0 4500.0
1516083926.08 3 1 3750.0 3750.0 4500.0 4500.0
1516083926.16 3 1 3750.0 3750.0 4500.0 4500.0
1516083926.28 3 1 3750.0 3750.0 4500.0 4500.0
1516083926.38 3 1 3750.0 3750.0 4500.0 4500.0
1516083926.48 3 1 3750.0 3750.0 4500.0 4500.0
1516083926.57 3 1 3750.0 3750.0 4500.0 4500.0
1516083926.68 3 1 3750.0 3750.0 4500.0 4500.0
1516083926.77 3 1 3750.0 3750.0 4500.0 4500.0
1516083926.87 3 1 3750.0 3750.0 4500.0 4500.0
1516083926.97 3 1 3750.0 3750.0 4500.0 4500.0
1516083927.07 3 1 3750.0 3750.0 4500.0 4500.0
1516083927.18 3 1 3750.0 3750.0 4500.0 4500.0
1516083927.29 3 1 3750.0 3750.0 4500.0 4500.0
1516083927.37 3 1 3750.0 3750.0 4500.0 4500.0
1516083927.47 3 1 3750.0 3750.0 4500.0 4500.0
1516083927.58 3 1 3750.0 3750.0 4500.0 4500.0
1516083927.69 3 1 3750.0 3750.0 4500.0 4500.0
1516083927.77 3 1 3750.0 3750.0 4500.0 4500.0
1516083927.87 3 1 3750.0 3750.0 4500.0 4500.0
1516083927.98 3 1 3750.0 3750.0 4500.0 4500.0
1516083928.07 3 1 3750.0 3750.0 4500.0 4500.0
1516083928.18 3 1 3750.0 3750.0 4500.0 4500.0
1516083928.28 3 1 3750.0 3750.0 4500.0 4500.0
1516083928.37 3 1 3750.0 3750.0 4500.0 4500.0
1516083928.48 3 1 3750.0 3750.0 4500.0 4500.0
1516083928.58 3 1 3750.0 3750.0 4500.0 4500.0
1516083928.67 3 1 3750.0 3750.0 4500.0 4500.0
1516083928.78 3 1 3750.0 3750.0 4500.0 4500.0
1516083928.88 3 1 3750.0 3750.0 4500.0 4500.0
1516083928.98 3 1 3750.0 3750.0 4500.0 4500.0
1516083929.09 3 1 3750.0 3750.0 4500.0 4500.0
1516083929.17 3 1 3750.0 3750.0 4500.0 4500.0
1516083929.27 3 1 3750.0 3750.0 4500.0 4500.0
1516083929.38 3 1 3750.0 3750.0 4500.0 4500.0
1516083929.48 3 1 3750.0 3750.0 4500.0 4500.0
1516083929.58 3 1 3750.0 3750.0 4500.0 4500.0
1516083929.67 3 1 3750.0 3750.0 4500.0 4500.0
1516083929.77 3 1 3750.0 3750.0 4500.0 4500.0
1516083929.88 3 1 3750.0 3750.0 4500.0 4500.0
1516083929.97 3 1 3750.0 3750.0 4500.0 4500.0
1516083930.09 3 1 3750.0 3750.0 4500.0 4500.0
1516083930.19 3 1 3750.0 3750.0 4500.0 4500.0
1516083930.28 3 1 3750.0 3750.0 4500.0 4500.0
1516083930.38 3 1 3750.0 3750.0 4500.0 4500.0
1516083930.48 3 1 3750.0 3750.0 4500.0 4500.0
1516083930.58 3 1 3750.0 3750.0 4500.0 4500.0
1516083930.67 3 1 3750.0 3750.0 4500.0 4500.0
1516083930.78 3 1 3750.0 3750.0 4500.0 4500.0
1516083930.89 3 1 3750.0 3750.0 4500.0 4500.0
1516083930.99 3 1 3750.0 3750.0 4500.0 4500.0
1516083931.08 3 1 3750.0 3750.0 4500.0 4500.0
1516083931.19 3 1 3750.0 3750.0 4500.0 4500.0
1516083931.28 3 1 3750.0 3750.0 4500.0 4500.0
1516083931.38 3 1 3750.0 3750.0 4500.0 4500.0
1516083931.49 3 1 3750.0 3750.0 4500.0 4500.0
1516083931.58 3 1 3750.0 3750.0 4500.0 4500.0
1516083931.68 3 1 3750.0 3750.0 4500.0 4500.0
1516083931.78 3 1 3750.0 3750.0 4500.0 4500.0
1516083931.87 3 1 3750.0 3750.0 4500.0 4500.0
1516083931.98 3 1 3750.0 3750.0 4500.0 4500.0
1516083932.08 3 1 3750.0 3750.0 4500.0 4500.0
1516083932.18 3 1 3750.0 3750.0 4500.0 4500.0
1516083932.28 3 1 3750.0 3750.0 4500.0 4500.0
1516083932.38 3 1 3750.0 3750.0 4500.0 4500.0
1516083932.48 3 1 3750.0 3750.0 4500.0 4500.0
1516083932.58 3 1 3750.0 3750.0 4500.0 4500.0
1516083932.69 3 1 3750.0 3750.0 4500.0 4500.0
1516083932.78 3 1 3750.0 3750.0 4500.0 4500.0
1516083932.89 3 1 3750.0 3750.0 4500.0 4500.0
1516083932.98 3 1 3750.0 3750.0 4500.0 4500.0
1516083933.09 3 1 3750.0 3750.0 4500.0 4500.0
1516083933.19 3 1 3750.0 3750.0 4500.0 4500.0
1516083933.29 3 1 3750.0 3750.0 4500.0 4500.0
1516083933.39 3 1 3750.0 3750.0 4500.0 4500.0
1516083933.49 3 1 3750.0 3750.0 4500.0 4500.0
1516083933.58 3 1 3750.0 3750.0 4500.0 4500.0
1516083933.68 3 1 3750.0 3750.0 4500.0 4500.0
1516083933.79 3 1 3750.0 3750.0 4500.0 4500.0
1516083933.89 3 1 3750.0 3750.0 4500.0 4500.0
1516083933.99 3 1 3750.0 3750.0 4500.0 4500.0
1516083934.09 3 1 3750.0 3750.0 4500.0 4500.0
1516083934.19 3 1 3750.0 3750.0 4500.0 4500.0
1516083934.29 3 1 3750.0 3750.0 4500.0 4500.0
1516083934.39 3 1 3750.0 3750.0 4500.0 4500.0
1516083934.49 3 1 3750.0 3750.0 4500.0 4500.0
1516083934.59 3 1 3750.0 3750.0 4500.0 4500.0
1516083934.7 3 1 3750.0 3750.0 4500.0 4500.0
1516083934.79 3 1 3750.0 3750.0 4500.0 4500.0
1516083934.89 3 1 3750.0 3750.0 4500.0 4500.0
1516083935.0 3 1 3750.0 3750.0 4500.0 4500.0
1516083935.1 3 1 3750.0 3750.0 4500.0 4500.0
1516083935.19 3 1 3750.0 3750.0 4500.0 4500.0
1516083935.29 3 1 3750.0 3750.0 4500.0 4500.0
1516083935.39 3 1 3750.0 3750.0 4500.0 4500.0
1516083935.49 3 1 3750.0 3750.0 4500.0 4500.0
1516083935.59 3 1 3750.0 3750.0 4500.0 4500.0
1516083935.69 3 1 3750.0 3750.0 4500.0 4500.0
1516083935.79 3 1 3750.0 3750.0 4500.0 4500.0
1516083935.89 3 1 3750.0 3750.0 4500.0 4500.0
1516083936.0 3 1 3750.0 3750.0 4500.0 4500.0
1516083936.09 3 1 3750.0 3750.0 4500.0 4500.0
1516083936.19 3 1 3750.0 3750.0 4500.0 4500.0
1516083936.29 3 1 3750.0 3750.0 4500.0 4500.0
1516083936.4 3 1 3750.0 3750.0 4500.0 4500.0
1516083936.49 3 1 3750.0 3750.0 4500.0 4500.0
1516083936.6 3 1 3750.0 3750.0 4500.0 4500.0
1516083936.69 3 1 3750.0 3750.0 4500.0 4500.0
1516083936.8 3 1 3750.0 3750.0 4500.0 4500.0
1516083936.89 3 1 3750.0 3750.0 4500.0 4500.0
1516083937.0 3 1 3750.0 3750.0 4500.0 4500.0
1516083937.1 3 1 3750.0 3750.0 4500.0 4500.0
1516083937.2 3 1 3750.0 3750.0 4500.0 4500.0
1516083937.29 3 1 3750.0 3750.0 4500.0 4500.0
1516083937.4 3 1 3750.0 3750.0 4500.0 4500.0
1516083937.5 3 1 3750.0 3750.0 4500.0 4500.0
1516083937.6 3 1 3750.0 3750.0 4500.0 4500.0
1516083937.7 3 1 3750.0 3750.0 4500.0 4500.0
1516083937.8 3 1 3750.0 3750.0 4500.0 4500.0
1516083937.89 3 1 3750.0 3750.0 4500.0 4500.0
1516083938.0 3 1 3750.0 3750.0 4500.0 4500.0
1516083938.1 3 1 3750.0 3750.0 4500.0 4500.0
1516083938.2 3 1 3750.0 3750.0 4500.0 4500.0
1516083938.3 3 1 3750.0 3750.0 4500.0 4500.0
1516083938.4 3 1 3750.0 3750.0 4500.0 4500.0
1516083938.5 3 1 3750.0 3750.0 4500.0 4500.0
1516083938.61 3 1 3750.0 3750.0 4500.0 4500.0
1516083938.71 3 1 3750.0 3750.0 4500.0 4500.0
1516083938.8 3 1 3750.0 3750.0 4500.0 4500.0
1516083938.91 3 1 3750.0 3750.0 4500.0 4500.0
1516083939.01 3 1 3750.0 3750.0 4500.0 4500.0
1516083939.11 3 1 3750.0 3750.0 4500.0 4500.0
1516083939.21 3 1 3750.0 3750.0 4500.0 4500.0
1516083939.3 3 1 3750.0 3750.0 4500.0 4500.0
1516083939.41 3 1 3750.0 3750.0 4500.0 4500.0
1516083939.51 3 1 3750.0 3750.0 4500.0 4500.0
1516083939.61 3 1 3750.0 3750.0 4500.0 4500.0
1516083939.71 3 1 3750.0 3750.0 4500.0 4500.0
1516083939.81 3 1 3750.0 3750.0 4500.0 4500.0
1516083939.91 3 1 3750.0 3750.0 4500.0 4500.0
1516083940.01 3 1 3750.0 3750.0 4500.0 4500.0
1516083940.12 3 1 3750.0 3750.0 4500.0 4500.0
1516083940.21 3 1 3750.0 3750.0 4500.0 4500.0
1516083940.31 3 1 3750.0 3750.0 4500.0 4500.0
1516083940.41 3 1 3750.0 3750.0 4500.0 4500.0
1516083940.5 3 1 3750.0 3750.0 4500.0 4500.0
1516083940.61 3 1 3750.0 3750.0 4500.0 4500.0
1516083940.7 3 1 3750.0 3750.0 4500.0 4500.0
1516083940.81 3 1 3750.0 3750.0 4500.0 4500.0
1516083940.91 3 1 3750.0 3750.0 4500.0 4500.0
1516083941.01 3 1 3750.0 3750.0 4500.0 4500.0
1516083941.1 3 1 3750.0 3750.0 4500.0 4500.0
1516083941.2 3 1 3750.0 3750.0 4500.0 4500.0
1516083941.3 3 1 3750.0 3750.0 4500.0 4500.0
1516083941.41 3 1 3750.0 3750.0 4500.0 4500.0
1516083941.51 3 1 3750.0 3750.0 4500.0 4500.0
1516083941.61 3 1 3750.0 3750.0 4500.0 4500.0
1516083941.71 3 1 3750.0 3750.0 4500.0 4500.0
1516083941.81 3 1 3750.0 3750.0 4500.0 4500.0
1516083941.91 3 1 3750.0 3750.0 4500.0 4500.0
1516083942.01 3 1 3750.0 3750.0 4500.0 4500.0
1516083942.1 3 1 3750.0 3750.0 4500.0 4500.0
1516083942.21 3 1 3750.0 3750.0 4500.0 4500.0
1516083942.31 3 1 3750.0 3750.0 4500.0 4500.0
1516083942.41 3 1 3750.0 3750.0 4500.0 4500.0
1516083942.51 3 1 3750.0 3750.0 4500.0 4500.0
1516083942.61 3 1 3750.0 3750.0 4500.0 4500.0
1516083942.71 3 1 3750.0 3750.0 4500.0 4500.0
1516083942.81 3 1 3750.0 3750.0 4500.0 4500.0
1516083942.91 3 1 3750.0 3750.0 4500.0 4500.0
1516083943.0 3 1 3750.0 3750.0 4500.0 4500.0
1516083943.11 3 1 3750.0 3750.0 4500.0 4500.0
1516083943.21 3 1 3750.0 3750.0 4500.0 4500.0
1516083943.31 3 1 3750.0 3750.0 4500.0 4500.0
1516083943.4 3 1 3750.0 3750.0 4500.0 4500.0
1516083943.51 3 1 3750.0 3750.0 4500.0 4500.0
1516083943.61 3 1 3750.0 3750.0 4500.0 4500.0
1516083943.71 3 1 3750.0 3750.0 4500.0 4500.0
1516083943.8 3 1 3750.0 3750.0 4500.0 4500.0
1516083943.9 3 1 3750.0 3750.0 4500.0 4500.0
1516083944.01 3 1 3750.0 3750.0 4500.0 4500.0
1516083944.1 3 1 3750.0 3750.0 4500.0 4500.0
1516083944.2 3 1 3750.0 3750.0 4500.0 4500.0
1516083944.3 3 1 3750.0 3750.0 4500.0 4500.0
1516083944.4 3 1 3750.0 3750