1516082485.3 0 0 0 0
1516082485.39 0 0 0 0
1516082485.49 0 0 0 0
1516082485.59 0 0 0 0
1516082485.69 0 0 0 0
1516082485.79 0 0 0 0
1516082485.91 0 0 0 0
1516082485.99 0 0 0 0
1516082486.09 0 0 0 0
1516082486.2 0 0 0 0
1516082486.3 0 0 0 0
1516082486.4 0 0 0 0
1516082486.5 0 0 0 0
1516082486.6 0 0 0 0
1516082486.7 0 0 0 0
1516082486.8 0 0 0 0
1516082486.9 0 0 0 0
1516082487.0 0 0 0 0
1516082487.1 0 0 0 0
1516082487.2 0 0 0 0
1516082487.3 0 0 0 0
1516082487.4 0 0 0 0
1516082487.5 0 0 0 0
1516082487.6 0 0 0 0
1516082487.7 0 0 0 0
1516082487.8 0 0 0 0
1516082487.9 0 0 0 0
1516082488.0 0 0 0 0
1516082488.1 0 0 0 0
1516082488.2 0 0 0 0
1516082488.3 0 0 0 0
1516082488.4 0 0 0 0
1516082488.5 0 0 0 0
1516082488.6 0 0 0 0
1516082488.7 0 0 0 0
1516082488.8 0 0 0 0
1516082488.9 0 0 0 0
1516082489.0 0 0 0 0
1516082489.11 0 0 0 0
1516082489.2 0 0 0 0
1516082489.3 0 0 0 0
1516082489.4 0 0 0 0
1516082489.5 0 0 0 0
1516082489.63 0 0 0 0
1516082489.73 0 0 0 0
1516082489.85 0 0 0 0
1516082489.95 0 0 0 0
1516082490.05 0 0 0 0
1516082490.15 0 0 0 0
1516082490.25 0 0 0 0
1516082490.35 0 0 0 0
1516082490.45 0 0 0 0
1516082490.55 0 0 0 0
1516082490.65 0 0 0 0
1516082490.75 0 0 0 0
1516082490.85 0 0 0 0
1516082490.95 0 0 0 0
1516082491.05 0 0 0 0
1516082491.15 0 0 0 0
1516082491.25 0 0 0 0
1516082491.35 0 0 0 0
1516082491.45 0 0 0 0
1516082491.55 0 0 0 0
1516082491.65 0 0 0 0
1516082491.75 0 0 0 0
1516082491.85 0 0 0 0
1516082491.98 0 0 0 0
1516082492.09 0 0 0 0
1516082492.18 0 0 0 0
1516082492.29 0 0 0 0
1516082492.39 0 0 0 0
1516082492.49 0 0 0 0
1516082492.59 0 0 0 0
1516082492.69 0 0 0 0
1516082492.79 0 0 0 0
1516082492.89 0 0 0 0
1516082492.99 0 0 0 0
1516082493.09 0 0 0 0
1516082493.19 0 0 0 0
1516082493.32 0 0 0 0
1516082493.41 0 0 0 0
1516082493.51 0 0 0 0
1516082493.64 0 0 0 0
1516082493.73 0 0 0 0
1516082493.83 0 0 0 0
1516082493.93 0 0 0 0
1516082494.03 0 0 0 0
1516082494.14 0 0 0 0
1516082494.24 0 0 0 0
1516082494.34 0 0 0 0
1516082494.45 0 0 0 0
1516082494.59 0 0 0 0
1516082494.69 0 0 0 0
1516082494.79 0 0 0 0
1516082494.89 0 0 0 0
1516082494.99 0 0 0 0
1516082495.09 0 0 0 0
1516082495.19 0 0 0 0
1516082495.29 0 0 0 0
1516082495.39 0 0 0 0
1516082495.49 0 0 0 0
1516082495.59 0 0 0 0
1516082495.69 0 0 0 0
1516082495.79 0 0 0 0
1516082495.89 0 0 0 0
1516082495.99 0 0 0 0
1516082496.09 0 0 0 0
1516082496.2 0 0 0 0
1516082496.29 0 0 0 0
1516082496.43 0 0 0 0
1516082496.55 0 0 0 0
1516082496.66 0 0 0 0
1516082496.76 0 0 0 0
1516082496.86 0 0 0 0
1516082496.98 0 0 0 0
1516082497.08 0 0 0 0
1516082497.18 0 0 0 0
1516082497.28 0 0 0 0
1516082497.38 0 0 0 0
1516082497.48 0 0 0 0
1516082497.58 0 0 0 0
1516082497.68 0 0 0 0
1516082497.78 0 0 0 0
1516082497.88 0 0 0 0
1516082497.98 0 0 0 0
1516082498.08 0 0 0 0
1516082498.18 0 0 0 0
1516082498.28 0 0 0 0
1516082498.38 0 0 0 0
1516082498.48 0 0 0 0
1516082498.58 0 0 0 0
1516082498.68 0 0 0 0
1516082498.78 0 0 0 0
1516082498.88 0 0 0 0
1516082498.98 0 0 0 0
1516082499.08 0 0 0 0
1516082499.18 0 0 0 0
1516082499.28 0 0 0 0
1516082499.38 0 0 0 0
1516082499.48 0 0 0 0
1516082499.58 0 0 0 0
1516082499.68 0 0 0 0
1516082499.81 0 0 0 0
1516082499.91 0 0 0 0
1516082500.0 0 0 0 0
1516082500.11 0 0 0 0
1516082500.21 0 0 0 0
1516082500.31 0 0 0 0
1516082500.41 0 0 0 0
1516082500.51 0 0 0 0
1516082500.61 0 0 0 0
1516082500.71 0 0 0 0
1516082500.83 0 0 0 0
1516082500.91 0 0 0 0
1516082501.01 0 0 0 74
1516082501.14 0 0 0 1763
1516082501.25 0 0 0 406
1516082501.35 0 0 0 2101
1516082501.45 0 0 0 66
1516082501.55 0 0 0 2263
1516082501.65 0 0 0 118
1516082501.75 0 0 0 1058
1516082501.85 0 0 0 332
1516082501.95 0 0 0 94
1516082502.05 0 0 0 176
1516082502.15 0 0 0 726
1516082502.25 0 0 0 374
1516082502.37 0 0 0 0
1516082502.48 0 0 0 184
1516082502.59 0 0 0 646
1516082502.7 0 0 0 0
1516082502.8 0 0 0 176
1516082502.9 0 0 0 94
1516082503.0 0 0 0 0
1516082503.1 0 0 0 228
1516082503.2 0 0 0 0
1516082503.3 0 0 0 446
1516082503.4 0 0 0 646
1516082503.5 0 0 0 198
1516082503.6 0 0 0 0
1516082503.7 0 0 0 94
1516082503.82 0 0 0 0
1516082503.93 0 0 0 0
1516082504.03 0 0 0 110
1516082504.13 0 0 0 0
1516082504.23 0 0 0 0
1516082504.35 0 0 0 380
1516082504.5 0 0 0 0
1516082504.63 0 0 0 0
1516082504.71 0 0 0 66
1516082504.8 0 0 0 66
1516082504.9 0 0 0 0
1516082505.03 0 0 0 0
1516082505.16 0 0 0 0
1516082505.26 0 0 0 0
1516082505.36 0 0 0 0
1516082505.46 0 0 0 0
1516082505.57 0 0 0 0
1516082505.67 0 0 0 0
1516082505.77 0 0 0 0
1516082505.87 0 0 0 0
1516082505.97 0 0 0 42
1516082506.07 0 0 0 60
1516082506.18 0 0 0 0
1516082506.28 0 0 0 0
1516082506.37 0 0 0 0
1516082506.47 0 0 0 0
1516082506.58 0 0 0 0
1516082506.67 0 0 0 0
1516082506.77 0 0 0 0
1516082506.87 0 0 0 0
1516082506.97 0 0 0 0
1516082507.07 0 0 0 0
1516082507.17 0 0 0 0
1516082507.27 0 0 0 0
1516082507.37 0 0 0 0
1516082507.49 0 0 0 0
1516082507.6 0 0 0 0
1516082507.7 0 0 0 0
1516082507.8 0 0 0 0
1516082507.9 0 0 0 0
1516082508.01 0 0 0 0
1516082508.1 0 0 0 0
1516082508.21 0 0 0 0
1516082508.31 0 0 0 0
1516082508.41 0 0 0 0
1516082508.51 0 0 0 0
1516082508.62 0 0 0 0
1516082508.74 0 0 0 0
1516082508.84 0 0 0 0
1516082508.94 0 0 0 0
1516082509.04 0 0 0 0
1516082509.14 0 0 0 0
1516082509.25 0 0 0 0
1516082509.34 0 0 0 0
1516082509.44 0 0 0 0
1516082509.55 0 0 0 0
1516082509.64 0 0 0 0
1516082509.74 0 0 0 0
1516082509.84 0 0 0 0
1516082509.96 0 0 0 0
1516082510.08 0 0 0 0
1516082510.18 0 0 0 0
1516082510.28 0 0 0 0
1516082510.38 0 0 0 0
1516082510.48 0 0 0 0
1516082510.58 0 0 0 0
1516082510.68 0 0 0 0
1516082510.78 0 0 0 0
1516082510.88 0 0 0 0
1516082510.98 0 0 0 0
1516082511.08 0 0 0 0
1516082511.18 0 0 0 0
1516082511.28 0 0 0 0
1516082511.38 0 0 0 0
1516082511.48 0 0 0 0
1516082511.58 0 0 0 0
1516082511.67 0 0 0 0
1516082511.77 0 0 0 0
1516082511.89 0 0 0 0
1516082512.03 0 0 0 0
1516082512.14 0 0 0 0
1516082512.26 0 0 0 0
1516082512.36 0 0 0 0
1516082512.48 0 0 0 0
1516082512.59 0 0 0 0
1516082512.69 0 0 0 0
1516082512.8 0 0 0 0
1516082512.92 0 0 0 0
1516082513.02 0 0 0 0
1516082513.12 0 0 0 0
1516082513.26 0 0 0 0
1516082513.38 0 0 0 0
1516082513.47 0 0 0 0
1516082513.58 0 0 0 0
1516082513.68 0 0 0 0
1516082513.77 0 0 0 0
1516082513.88 0 0 0 0
1516082513.98 0 0 0 0
1516082514.08 0 0 0 0
1516082514.18 0 0 0 0
1516082514.28 0 0 0 0
1516082514.39 0 0 0 0
1516082514.48 0 0 0 0
1516082514.58 0 0 0 0
1516082514.68 0 0 0 0
1516082514.79 0 0 0 0
1516082514.91 0 0 0 0
1516082515.02 0 0 0 0
1516082515.14 0 0 0 0
1516082515.23 0 0 0 0
1516082515.33 0 0 0 0
1516082515.43 0 0 0 0
1516082515.53 0 0 0 0
1516082515.63 0 0 0 0
1516082515.73 0 0 0 0
1516082515.83 0 0 0 0
1516082515.93 0 0 0 0
1516082516.04 0 0 0 0
1516082516.17 0 0 0 0
1516082516.27 0 0 0 0
1516082516.37 0 0 0 0
1516082516.48 0 0 0 0
1516082516.6 0 0 0 0
1516082516.7 0 0 0 0
1516082516.8 0 0 0 0
1516082516.92 0 0 0 0
1516082517.04 0 0 0 0
1516082517.16 0 0 0 0
1516082517.28 0 0 0 0
1516082517.38 0 0 0 0
1516082517.48 0 0 0 0
1516082517.58 0 0 0 0
1516082517.68 0 0 0 0
1516082517.78 0 0 0 0
1516082517.88 0 0 0 0
1516082517.99 0 0 0 0
1516082518.1 0 0 0 0
1516082518.19 0 0 0 0
1516082518.33 0 0 0 0
1516082518.4 0 0 0 0
1516082518.5 0 0 0 0
1516082518.61 0 0 0 0
1516082518.7 0 0 0 0
1516082518.8 0 0 0 0
1516082518.92 0 0 0 0
1516082519.03 0 0 0 0
1516082519.13 0 0 0 0
1516082519.23 0 0 0 0
1516082519.33 0 0 0 0
1516082519.43 0 0 0 0
1516082519.53 0 0 0 0
1516082519.63 0 0 0 0
1516082519.74 0 0 0 0
1516082519.85 0 0 0 0
1516082519.95 0 0 0 0
1516082520.05 0 0 0 0
1516082520.15 0 0 0 0
1516082520.25 0 0 0 0
1516082520.35 0 0 0 0
1516082520.45 0 0 0 0
1516082520.57 0 0 0 0
1516082520.69 0 0 0 0
1516082520.79 0 0 0 0
1516082520.89 0 0 0 0
1516082521.02 0 0 0 0
1516082521.13 0 0 0 0
1516082521.24 0 0 0 0
1516082521.35 0 0 0 0
1516082521.44 0 0 0 0
1516082521.54 0 0 0 0
1516082521.64 0 0 0 0
1516082521.74 0 0 0 0
1516082521.84 0 0 0 0
1516082521.94 0 0 0 0
1516082522.05 0 0 0 0
1516082522.15 0 0 0 0
1516082522.25 0 0 0 0
1516082522.36 0 0 0 0
1516082522.46 0 0 0 0
1516082522.55 0 0 0 0
1516082522.68 0 0 0 0
1516082522.78 0 0 0 0
1516082522.89 0 0 0 0
1516082523.0 0 0 0 0
1516082523.11 0 0 0 0
1516082523.21 0 0 0 0
1516082523.31 0 0 0 0
1516082523.41 0 0 0 0
1516082523.51 0 0 0 0
1516082523.61 0 0 0 0
1516082523.71 0 0 0 0
1516082523.81 0 0 0 0
1516082523.91 0 0 0 0
1516082524.01 0 0 0 0
1516082524.13 0 0 0 0
1516082524.25 0 0 0 0
1516082524.35 0 0 0 0
1516082524.45 0 0 0 0
1516082524.55 0 0 0 0
1516082524.66 0 0 0 0
1516082524.75 0 0 0 0
1516082524.85 0 0 0 0
1516082524.96 0 0 0 0
1516082525.06 0 0 0 0
1516082525.18 0 0 0 0
1516082525.29 0 0 0 0
1516082525.39 0 0 0 0
1516082525.52 0 0 0 0
1516082525.61 0 0 0 0
1516082525.71 0 0 0 0
1516082525.81 0 0 0 0
1516082525.91 0 0 0 0
1516082526.01 0 0 0 0
1516082526.11 0 0 0 0
1516082526.21 0 0 0 0
1516082526.33 0 0 0 0
1516082526.42 0 0 0 0
1516082526.52 0 0 0 0
1516082526.62 0 0 0 0
1516082526.74 0 0 0 0
1516082526.87 0 0 0 0
1516082526.96 0 0 0 0
1516082527.09 0 0 0 0
1516082527.21 0 0 0 0
1516082527.33 0 0 0 0
1516082527.45 0 0 0 0
1516082527.55 0 0 0 0
1516082527.67 0 0 0 0
1516082527.79 0 0 0 0
1516082527.9 0 0 0 0
1516082528.01 0 0 0 0
1516082528.12 0 0 0 0
1516082528.21 0 0 0 0
1516082528.32 0 0 0 0
1516082528.42 0 0 0 0
1516082528.53 0 0 0 0
1516082528.66 0 0 0 0
1516082528.76 0 0 0 0
1516082528.85 0 0 0 0
1516082528.95 0 0 0 0
1516082529.05 0 0 0 0
1516082529.16 0 0 0 0
1516082529.26 0 0 0 0
1516082529.36 0 0 0 0
1516082529.47 0 0 0 0
1516082529.57 0 0 0 0
1516082529.68 0 0 0 0
1516082529.78 0 0 0 0
1516082529.88 0 0 0 0
1516082529.98 0 0 0 0
1516082530.08 0 0 0 0
1516082530.18 0 0 0 0
1516082530.28 0 0 0 0
1516082530.38 0 0 0 0
1516082530.5 0 0 0 0
1516082530.63 0 0 0 0
1516082530.73 0 0 0 0
1516082530.83 0 0 0 0
1516082530.93 0 0 0 0
1516082531.03 0 0 0 0
1516082531.14 0 0 0 0
1516082531.26 0 0 0 0
1516082531.36 0 0 0 0
1516082531.46 0 0 0 0
1516082531.56 0 0 0 0
1516082531.66 0 0 0 0
1516082531.78 0 0 0 0
1516082531.93 0 0 0 0
1516082532.06 0 0 0 0
1516082532.15 0 0 0 0
1516082532.25 0 0 0 0
1516082532.35 0 0 0 0
1516082532.44 0 0 0 0
1516082532.55 0 0 0 0
1516082532.65 0 0 0 0
1516082532.75 0 0 0 0
1516082532.85 0 0 0 0
1516082532.95 0 0 0 0
1516082533.05 0 0 0 0
1516082533.15 0 0 0 0
1516082533.25 0 0 0 0
1516082533.35 0 0 0 0
1516082533.45 0 0 0 0
1516082533.55 0 0 0 0
1516082533.65 0 0 0 0
1516082533.76 0 0 0 0
1516082533.86 0 0 0 0
1516082533.96 0 0 0 0
1516082534.05 0 0 0 0
1516082534.15 0 0 0 0
1516082534.25 0 0 0 0
1516082534.35 0 60 0 0
1516082534.45 0 0 0 0
1516082534.55 0 0 0 0
1516082534.65 0 120 0 0
1516082534.75 0 60 0 0
1516082534.85 0 60 0 0
1516082534.95 0 540 0 0
1516082535.05 0 2280 0 0
1516082535.16 0 2340 0 0
1516082535.26 0 2280 0 0
1516082535.35 0 2280 0 0
1516082535.46 0 2280 0 0
1516082535.56 0 2280 0 0
1516082535.65 0 2280 0 0
1516082535.75 0 2280 0 0
1516082535.86 0 2340 0 0
1516082535.96 0 2280 0 0
1516082536.06 0 2280 0 0
1516082536.16 0 2280 0 0
1516082536.26 0 2340 0 0
1516082536.36 0 2220 0 0
1516082536.46 0 2340 0 0
1516082536.56 0 2280 0 0
1516082536.66 0 2280 0 0
1516082536.76 0 2340 0 0
1516082536.86 0 2280 0 0
1516082536.96 0 2220 0 0
1516082537.06 0 2340 0 0
1516082537.16 0 2280 0 0
1516082537.26 0 2280 0 0
1516082537.36 0 2280 0 0
1516082537.46 0 2340 0 0
1516082537.56 0 2280 0 0
1516082537.66 0 2340 0 0
1516082537.76 0 2280 0 0
1516082537.86 0 2280 0 0
1516082537.96 0 2340 0 0
1516082538.06 0 2280 0 0
1516082538.16 0 2340 0 0
1516082538.27 0 2280 0 0
1516082538.37 0 2400 0 0
1516082538.47 0 2280 0 0
1516082538.57 0 2460 0 0
1516082538.67 0 2220 0 0
1516082538.77 0 2220 0 0
1516082538.87 0 2160 0 0
1516082538.97 0 2400 0 0
1516082539.07 0 2220 0 0
1516082539.18 0 2580 0 0
1516082539.28 0 2100 0 0
1516082539.39 0 2520 0 60
1516082539.48 0 2280 0 0
1516082539.59 0 2400 0 0
1516082539.68 0 2220 0 0
1516082539.79 0 2400 0 0
1516082539.9 0 2400 0 0
1516082539.99 0 2160 0 0
1516082540.1 0 2400 0 0
1516082540.19 0 2280 0 0
1516082540.3 0 2280 0 0
1516082540.4 0 2520 0 0
1516082540.5 0 2160 0 0
1516082540.6 0 2220 0 0
1516082540.7 0 2340 0 0
1516082540.8 0 2280 0 0
1516082540.9 0 2280 0 0
1516082541.0 0 2340 0 0
1516082541.1 0 2220 0 0
1516082541.2 0 2280 0 0
1516082541.3 0 2280 0 0
1516082541.4 0 2280 0 0
1516082541.5 0 2340 0 0
1516082541.6 0 2280 0 0
1516082541.7 0 2220 0 0
1516082541.8 0 2280 0 0
1516082541.9 0 2340 0 0
1516082542.0 0 2160 0 0
1516082542.1 0 2280 0 0
1516082542.2 0 2340 0 0
1516082542.3 0 2280 0 0
1516082542.4 0 2340 0 0
1516082542.5 0 2160 0 0
1516082542.6 0 2280 0 0
1516082542.7 0 2280 0 0
1516082542.8 0 2280 0 0
1516082542.9 0 2340 0 0
1516082543.0 0 2280 0 0
1516082543.1 0 2280 0 0
1516082543.2 0 2340 0 0
1516082543.3 0 2220 0 0
1516082543.4 0 2160 0 0
1516082543.5 0 2280 0 0
1516082543.6 0 2340 0 0
1516082543.7 0 2280 0 0
1516082543.8 0 2220 0 0
1516082543.9 0 2280 0 0
1516082544.0 0 2340 0 0
1516082544.1 0 2280 0 0
1516082544.2 0 2280 0 0
1516082544.31 0 2340 0 0
1516082544.41 0 2340 0 0
1516082544.51 0 2280 0 60
1516082544.62 0 2580 0 0
1516082544.71 0 1980 0 0
1516082544.81 0 2340 0 0
1516082544.91 0 2340 0 0
1516082545.01 0 2220 0 0
1516082545.11 0 2280 0 0
1516082545.21 0 2280 0 0
1516082545.31 0 2280 0 0
1516082545.41 0 2340 0 0
1516082545.51 0 2160 0 0
1516082545.61 0 2340 0 0
1516082545.71 0 2280 0 0
1516082545.81 0 2280 0 0
1516082545.91 0 2160 0 0
1516082546.01 0 2280 0 0
1516082546.11 0 2280 0 0
1516082546.21 0 2280 0 0
1516082546.31 0 2340 0 0
1516082546.41 0 2220 0 0
1516082546.51 0 2340 0 0
1516082546.61 0 2280 0 0
1516082546.71 0 2280 0 0
1516082546.81 0 2340 0 0
1516082546.91 0 2280 0 0
1516082547.01 0 2280 0 0
1516082547.11 0 2280 0 0
1516082547.21 0 2340 0 0
1516082547.31 0 2220 0 0
1516082547.41 0 2340 0 0
1516082547.51 0 2340 0 0
1516082547.61 0 2280 0 0
1516082547.71 0 2220 0 0
1516082547.81 0 2340 0 0
1516082547.92 0 2280 0 0
1516082548.01 0 2280 0 0
1516082548.11 0 2280 0 0
1516082548.21 0 2280 0 0
1516082548.31 0 2280 0 0
1516082548.41 0 2280 0 0
1516082548.51 0 2280 0 0
1516082548.61 0 2280 0 0
1516082548.72 0 2460 0 0
1516082548.81 0 2100 0 0
1516082548.92 0 2340 0 0
1516082549.02 0 2400 0 0
1516082549.12 0 2160 0 0
1516082549.22 0 2340 0 0
1516082549.33 0 2460 0 0
1516082549.43 0 2100 0 0
1516082549.52 0 2220 0 0
1516082549.62 0 2280 0 0
1516082549.72 0 2280 0 0
1516082549.82 0 2280 0 0
1516082549.92 0 2340 0 0
1516082550.02 0 2280 0 0
1516082550.12 0 2280 0 0
1516082550.22 0 2280 0 0
1516082550.32 0 2160 0 0
1516082550.42 0 2280 0 0
1516082550.52 0 2280 0 0
1516082550.62 0 2340 0 0
1516082550.72 0 2280 0 0
1516082550.82 0 2280 0 0
1516082550.92 0 2280 0 0
1516082551.02 0 2340 0 0
1516082551.12 0 2280 0 0
1516082551.22 0 2280 0 0
1516082551.32 0 2340 0 0
1516082551.42 0 2220 0 0
1516082551.52 0 2340 0 0
1516082551.62 0 2280 0 0
1516082551.72 0 2280 0 0
1516082551.82 0 2220 0 0
1516082551.92 0 2280 0 0
1516082552.02 0 2400 0 0
1516082552.12 0 2280 0 0
1516082552.22 0 2280 0 0
1516082552.33 0 2340 0 0
1516082552.43 0 2280 0 0
1516082552.53 0 2280 0 0
1516082552.63 0 2280 0 0
1516082552.72 0 2280 0 0
1516082552.82 0 2280 0 0
1516082552.92 0 2280 0 0
1516082553.03 0 2340 0 0
1516082553.13 0 2340 0 0
1516082553.23 0 2340 0 0
1516082553.33 0 2400 0 0
1516082553.43 0 2220 0 0
1516082553.53 0 2460 0 0
1516082553.64 0 2520 0 0
1516082553.74 0 2220 0 0
1516082553.84 0 3780 0 0
1516082553.94 0 2580 0 0
1516082554.04 0 2580 0 0
1516082554.14 0 1740 0 0
1516082554.25 0 2460 0 0
1516082554.34 0 2280 0 0
1516082554.45 0 1620 0 0
1516082554.55 0 1920 0 0
1516082554.65 0 2220 0 0
1516082554.74 0 2220 0 0
1516082554.84 0 2220 0 0
1516082554.94 0 2280 0 0
1516082555.05 0 2340 0 0
1516082555.15 0 2220 0 0
1516082555.25 0 2460 0 0
1516082555.35 0 2340 0 0
1516082555.45 0 2460 0 0
1516082555.55 0 2460 0 0
1516082555.65 0 2520 0 0
1516082555.75 0 2520 0 0
1516082555.85 0 2580 0 0
1516082555.95 0 2280 0 0
1516082556.05 0 2460 0 0
1516082556.15 0 2400 0 0
1516082556.25 0 2340 0 0
1516082556.35 0 2340 0 0
1516082556.45 0 2460 0 0
1516082556.55 0 2280 0 0
1516082556.65 0 2400 0 0
1516082556.75 0 2520 0 0
1516082556.85 0 2340 0 0
1516082556.95 0 2520 0 0
1516082557.05 0 2340 0 0
1516082557.15 0 2520 0 0
1516082557.25 0 2460 0 0
1516082557.35 0 2340 0 0
1516082557.45 0 2460 0 0
1516082557.55 0 2400 0 0
1516082557.65 0 2520 0 0
1516082557.75 0 2400 0 0
1516082557.85 0 2460 0 0
1516082557.95 0 2400 0 0
1516082558.05 0 2460 0 0
1516082558.15 0 2460 0 0
1516082558.25 0 2460 0 0
1516082558.35 0 2340 0 0
1516082558.46 0 2640 0 0
1516082558.56 0 2520 0 0
1516082558.66 0 2460 0 0
1516082558.77 0 2460 0 0
1516082558.86 0 2280 0 0
1516082558.96 0 2460 0 0
1516082559.08 0 2760 0 0
1516082559.16 0 1980 0 0
1516082559.27 0 2640 0 0
1516082559.36 0 2340 0 0
1516082559.46 0 2460 0 0
1516082559.56 0 2400 0 0
1516082559.66 0 2400 0 0
1516082559.76 0 2220 0 0
1516082559.87 0 2640 0 0
1516082559.96 0 2400 0 0
1516082560.07 0 2460 0 0
1516082560.17 0 2520 0 0
1516082560.27 0 2340 0 0
1516082560.37 0 2460 0 0
1516082560.46 0 2400 0 0
1516082560.56 0 2400 0 0
1516082560.67 0 2460 0 0
1516082560.77 0 2460 0 0
1516082560.86 0 2400 0 0
1516082560.97 0 2460 0 0
1516082561.07 0 2400 0 0
1516082561.17 0 2400 0 0
1516082561.27 0 2520 0 0
1516082561.37 0 2460 0 0
1516082561.47 0 2400 0 0
1516082561.57 0 2340 0 0
1516082561.67 0 2520 0 0
1516082561.77 0 2400 0 0
1516082561.87 0 2340 0 0
1516082561.97 0 2520 0 0
1516082562.07 0 2520 0 0
1516082562.17 0 2400 0 0
1516082562.27 0 2460 0 0
1516082562.37 0 2400 0 0
1516082562.47 0 2460 0 0
1516082562.57 0 2460 0 0
1516082562.67 0 2400 0 0
1516082562.77 0 2520 0 0
1516082562.87 0 2340 0 0
1516082562.97 0 2280 0 0
1516082563.07 0 2400 0 0
1516082563.17 0 2700 0 0
1516082563.27 0 2340 0 0
1516082563.38 0 2400 0 0
1516082563.48 0 2460 0 0
1516082563.58 0 2400 0 0
1516082563.68 0 2460 0 0
1516082563.78 0 2460 0 0
1516082563.87 0 2220 0 0
1516082563.97 0 2340 0 0
1516082564.07 0 2460 0 0
1516082564.17 0 2520 0 0
1516082564.27 0 2400 0 0
1516082564.37 0 2460 0 0
1516082564.47 0 2400 0 60
1516082564.57 0 2460 0 0
1516082564.67 0 2400 0 0
1516082564.77 0 2340 0 0
1516082564.87 0 2460 0 0
1516082564.97 0 2400 0 0
1516082565.07 0 2340 0 0
1516082565.17 0 2460 0 0
1516082565.27 0 2460 0 0
1516082565.37 0 2520 0 0
1516082565.47 0 2340 0 0
1516082565.57 0 2340 0 0
1516082565.68 0 2640 0 0
1516082565.78 0 2340 0 0
1516082565.87 0 2400 0 0
1516082565.98 0 2340 0 0
1516082566.07 0 2400 0 0
1516082566.17 0 2580 0 0
1516082566.28 0 2460 0 0
1516082566.38 0 2340 0 0
1516082566.48 0 2400 0 0
1516082566.58 0 2520 0 0
1516082566.68 0 2400 0 0
1516082566.78 0 2400 0 0
1516082566.88 0 2580 0 0
1516082566.98 0 2400 0 0
1516082567.08 0 2340 0 0
1516082567.18 0 2460 0 0
1516082567.3 0 2760 0 0
1516082567.38 0 2160 0 0
1516082567.48 0 2520 0 0
1516082567.58 0 2340 0 0
1516082567.68 0 2400 0 0
1516082567.78 0 2460 0 0
1516082567.88 0 2400 0 0
1516082567.98 0 2460 0 0
1516082568.08 0 2460 0 0
1516082568.18 0 2400 0 0
1516082568.28 0 2400 0 0
1516082568.38 0 2520 0 0
1516082568.48 0 2400 0 0
1516082568.58 0 2280 0 0
1516082568.68 0 2640 0 0
1516082568.78 0 2460 0 0
1516082568.88 0 2340 0 0
1516082568.98 0 2400 0 0
1516082569.08 0 2460 0 0
1516082569.18 0 2460 0 0
1516082569.28 0 2460 0 0
1516082569.38 0 2280 0 0
1516082569.48 0 2640 0 0
1516082569.59 0 2280 0 0
1516082569.68 0 2340 0 0
1516082569.78 0 2400 0 0
1516082569.89 0 2400 0 0
1516082569.99 0 2700 0 0
1516082570.09 0 2400 0 0
1516082570.18 0 2160 0 0
1516082570.28 0 2460 0 0
1516082570.38 0 2400 0 0
1516082570.49 0 2460 0 0
1516082570.58 0 2460 0 0
1516082570.68 0 2460 0 0
1516082570.78 0 2400 0 0
1516082570.88 0 2400 0 0
1516082570.99 0 2520 0 0
1516082571.09 0 2580 0 0
1516082571.19 0 2220 0 0
1516082571.29 0 2400 0 0
1516082571.39 0 2460 0 0
1516082571.49 0 2400 0 0
1516082571.6 0 2460 0 0
1516082571.69 0 2400 0 0
1516082571.79 0 2340 0 0
1516082571.89 0 2520 0 0
1516082571.99 0 2400 0 0
1516082572.09 0 2460 0 0
1516082572.19 0 2340 0 0
1516082572.29 0 2460 0 0
1516082572.39 0 2460 0 0
1516082572.49 0 2280 0 0
1516082572.59 0 2400 0 0
1516082572.69 0 2460 0 0
1516082572.79 0 2400 0 0
1516082572.89 0 2400 0 0
1516082572.99 0 2340 0 0
1516082573.09 0 2460 0 0
1516082573.19 0 2460 0 0
1516082573.29 0 2400 0 0
1516082573.39 0 2460 0 0
1516082573.49 0 2280 0 0
1516082573.59 0 2460 0 0
1516082573.69 0 2460 0 0
1516082573.79 0 2400 0 0
1516082573.89 0 2400 0 0
1516082573.99 0 2400 0 0
1516082574.09 0 2460 0 0
1516082574.19 0 2520 0 0
1516082574.29 0 2400 0 0
1516082574.39 0 2400 0 0
1516082574.49 0 2340 0 0
1516082574.59 0 2460 0 0
1516082574.69 0 2460 0 0
1516082574.79 0 2460 0 0
1516082574.89 0 2460 0 0
1516082574.99 0 2340 0 0
1516082575.09 0 2400 0 0
1516082575.2 0 2460 0 0
1516082575.29 0 2400 0 0
1516082575.4 0 2400 0 0
1516082575.5 0 2400 0 0
1516082575.6 0 2580 0 0
1516082575.7 0 2280 0 0
1516082575.81 0 2760 0 0
1516082575.9 0 2220 0 0
1516082576.01 0 2580 0 0
1516082576.11 0 2460 0 0
1516082576.21 0 2460 0 0
1516082576.32 0 2520 0 0
1516082576.42 0 2400 0 0
1516082576.52 0 2460 0 0
1516082576.62 0 2400 0 0
1516082576.72 0 2520 0 0
1516082576.82 0 2460 0 0
1516082576.92 0 2400 0 0
1516082577.03 0 2760 0 0
1516082577.12 0 2160 0 0
1516082577.23 0 2700 0 0
1516082577.34 0 2520 0 0
1516082577.43 0 2280 0 0
1516082577.54 0 2700 0 0
1516082577.64 0 2400 0 0
1516082577.74 0 2520 0 0
1516082577.84 0 2280 0 0
1516082577.94 0 2460 0 0
1516082578.04 0 2400 0 0
1516082578.14 0 2460 0 0
1516082578.24 0 2280 0 0
1516082578.34 0 2400 0 0
1516082578.44 0 2460 0 0
1516082578.54 0 2460 0 0
1516082578.64 0 2400 0 0
1516082578.74 0 2460 0 0
1516082578.84 0 2460 0 0
1516082578.94 0 2400 0 0
1516082579.04 0 2280 0 0
1516082579.14 0 2460 0 0
1516082579.24 0 2460 0 0
1516082579.34 0 2460 0 0
1516082579.44 0 2520 0 0
1516082579.54 0 2400 0 0
1516082579.64 0 2400 0 0
1516082579.74 0 2340 0 0
1516082579.84 0 2520 0 0
1516082579.94 0 2460 0 0
1516082580.04 0 2400 0 0
1516082580.14 0 2280 0 0
1516082580.24 0 2580 0 0
1516082580.34 0 2460 0 0
1516082580.44 0 2400 0 0
1516082580.54 0 2400 0 0
1516082580.64 0 2400 0 0
1516082580.74 0 2520 0 0
1516082580.84 0 2340 0 0
1516082580.94 0 2520 0 0
1516082581.04 0 2340 0 0
1516082581.14 0 2400 0 0
1516082581.24 0 2460 0 0
1516082581.34 0 2580 0 0
1516082581.44 0 2340 0 60
1516082581.54 0 2400 0 0
1516082581.64 0 2400 0 0
1516082581.74 0 2460 0 0
1516082581.84 0 2460 0 0
1516082581.94 0 2400 0 0
1516082582.04 0 2640 0 0
1516082582.15 0 2400 0 0
1516082582.26 0 2700 0 0
1516082582.35 0 2220 0 0
1516082582.45 0 2400 0 0
1516082582.55 0 2520 0 0
1516082582.65 0 2340 0 0
1516082582.75 0 2400 0 0
1516082582.85 0 2460 0 0
1516082582.95 0 2400 0 0
1516082583.05 0 2460 0 0
1516082583.15 0 2400 0 0
1516082583.25 0 2460 0 0
1516082583.35 0 2340 0 0
1516082583.45 0 2460 0 0
1516082583.55 0 2400 0 0
1516082583.65 0 2460 0 0
1516082583.75 0 2400 0 0
1516082583.85 0 2460 0 0
1516082583.95 0 2460 0 0
1516082584.05 0 2460 0 0
1516082584.15 0 2460 0 0
1516082584.25 0 2460 0 0
1516082584.35 0 2340 0 0
1516082584.45 0 2520 0 0
1516082584.55 0 2400 0 0
1516082584.65 0 2280 0 0
1516082584.75 0 2520 0 0
1516082584.85 0 2340 0 0
1516082584.95 0 2460 0 0
1516082585.05 0 2460 0 0
1516082585.15 0 2340 0 0
1516082585.25 0 2460 0 0
1516082585.35 0 2400 0 0
1516082585.45 0 2340 0 0
1516082585.55 0 2460 0 0
1516082585.65 0 2460 0 0
1516082585.75 0 2460 0 0
1516082585.85 0 2400 0 0
1516082585.95 0 2400 0 0
1516082586.06 0 2520 0 0
1516082586.15 0 2400 0 0
1516082586.25 0 2520 0 0
1516082586.36 0 2460 0 0
1516082586.46 0 2460 0 0
1516082586.56 0 2400 0 0
1516082586.67 0 2580 0 0
1516082586.76 0 2460 0 0
1516082586.86 0 2340 0 0
1516082586.96 0 2460 0 0
1516082587.07 0 2580 0 0
1516082587.17 0 2400 0 0
1516082587.27 0 2460 0 0
1516082587.37 0 2460 0 0
1516082587.47 0 2460 0 0
1516082587.57 0 2400 0 0
1516082587.68 0 2460 0 0
1516082587.78 0 2460 0 0
1516082587.88 0 2580 0 0
1516082587.98 0 2400 0 0
1516082588.09 0 2520 0 0
1516082588.19 0 2460 0 0
1516082588.29 0 2580 0 0
1516082588.39 0 2340 0 0
1516082588.49 0 2280 0 0
1516082588.59 0 2460 0 0
1516082588.69 0 2400 0 0
1516082588.79 0 2460 0 0
1516082588.89 0 2460 0 0
1516082588.99 0 2460 0 0
1516082589.09 0 2400 0 0
1516082589.19 0 2400 0 0
1516082589.29 0 2460 0 0
1516082589.39 0 2460 0 0
1516082589.49 0 2400 0 60
1516082589.59 0 2400 0 0
1516082589.69 0 2400 0 0
1516082589.79 0 2340 0 0
1516082589.89 0 2520 0 0
1516082589.99 0 2460 0 0
1516082590.09 0 2400 0 0
1516082590.19 0 2400 0 0
1516082590.29 0 2400 0 0
1516082590.39 0 2460 0 0
1516082590.49 0 2520 0 0
1516082590.59 0 2400 0 0
1516082590.69 0 2460 0 0
1516082590.79 0 2400 0 0
1516082590.89 0 2340 0 0
1516082590.99 0 2520 0 0
1516082591.09 0 2400 0 0
1516082591.19 0 2340 0 0
1516082591.29 0 2400 0 0
1516082591.39 0 2400 0 0
1516082591.49 0 2520 0 0
1516082591.59 0 2400 0 0
1516082591.69 0 2400 0 0
1516082591.79 0 2460 0 0
1516082591.9 0 2580 0 0
1516082592.0 0 2400 0 0
1516082592.1 0 2520 0 0
1516082592.21 0 2580 0 0
1516082592.3 0 2280 0 0
1516082592.39 0 2160 0 0
1516082592.5 0 2040 0 0
1516082592.6 0 1920 0 0
1516082592.7 0 1920 0 0
1516082592.8 0 1980 0 0
1516082592.9 0 1860 0 0
1516082593.0 0 1920 0 0
1516082593.1 0 1920 0 0
1516082593.2 0 1800 0 0
1516082593.3 0 1800 0 0
1516082593.4 0 1800 0 0
1516082593.5 0 1800 0 0
1516082593.6 0 1740 0 0
1516082593.7 0 1740 0 0
1516082593.8 0 1680 0 0
1516082593.9 0 1800 0 0
1516082594.0 0 1680 0 0
1516082594.1 0 1680 0 0
1516082594.2 0 1740 0 0
1516082594.3 0 1740 0 0
1516082594.4 0 1740 0 0
1516082594.5 0 1800 0 0
1516082594.6 0 1680 0 0
1516082594.7 0 1680 0 0
1516082594.8 0 1740 0 0
1516082594.9 0 1680 0 0
1516082595.0 0 1920 0 0
1516082595.1 0 1500 0 0
1516082595.2 0 1680 0 0
1516082595.3 0 1680 0 0
1516082595.4 0 1620 0 0
1516082595.5 0 1500 0 0
1516082595.6 0 1680 0 0
1516082595.71 0 1800 0 0
1516082595.8 0 1620 0 0
1516082595.91 0 1680 0 0
1516082596.01 0 1740 0 0
1516082596.11 0 1620 0 0
1516082596.21 0 1680 0 0
1516082596.31 0 1740 0 0
1516082596.41 0 1500 0 0
1516082596.52 0 1740 0 0
1516082596.62 0 1740 0 0
1516082596.72 0 1500 0 0
1516082596.82 0 1800 0 0
1516082596.92 0 1560 0 0
1516082597.02 0 1560 0 0
1516082597.12 0 1740 0 0
1516082597.23 0 1680 0 0
1516082597.32 0 1680 0 0
1516082597.43 0 1620 0 0
1516082597.52 0 1620 0 0
1516082597.62 0 1620 0 0
1516082597.72 0 1560 0 0
1516082597.82 0 1620 0 0
1516082597.92 0 1620 0 0
1516082598.02 0 1560 0 0
1516082598.12 0 1680 0 0
1516082598.22 0 1620 0 0
1516082598.32 0 1560 0 0
1516082598.42 0 1740 0 0
1516082598.52 0 1620 0 0
1516082598.62 0 1560 0 0
1516082598.72 0 1740 0 0
1516082598.82 0 1500 0 0
1516082598.92 0 1500 0 0
1516082599.02 0 1560 0 0
1516082599.12 0 1560 0 0
1516082599.22 0 1560 0 0
1516082599.32 0 1680 0 0
1516082599.42 0 1560 0 0
1516082599.52 0 1680 0 0
1516082599.62 0 1560 0 0
1516082599.72 0 1620 0 0
1516082599.82 0 1560 0 0
1516082599.92 0 1440 0 0
1516082600.02 0 1500 0 0
1516082600.13 0 1440 0 0
1516082600.23 0 1560 0 0
1516082600.32 0 1500 0 0
1516082600.43 0 1500 0 0
1516082600.53 0 1620 0 0
1516082600.63 0 1500 0 0
1516082600.73 0 1620 0 0
1516082600.83 0 1620 0 0
1516082600.93 0 1560 0 0
1516082601.03 0 1680 0 0
1516082601.12 0 1500 0 0
1516082601.23 0 1800 0 0
1516082601.33 0 1440 0 0
1516082601.43 0 1560 0 0
1516082601.53 0 1320 0 0
1516082601.63 0 1440 0 0
1516082601.73 0 1620 0 0
1516082601.83 0 1560 0 0
1516082601.93 0 1500 0 0
1516082602.03 0 1620 0 0
1516082602.14 0 1620 0 0
1516082602.24 0 1680 0 0
1516082602.34 0 1560 0 0
1516082602.44 0 1680 0 0
1516082602.54 0 1620 0 0
1516082602.65 0 1740 0 0
1516082602.74 0 1440 0 0
1516082602.84 0 1500 0 0
1516082602.94 0 1380 0 0
1516082603.04 0 1500 0 0
1516082603.14 0 1440 0 0
1516082603.24 0 1500 0 0
1516082603.34 0 1440 0 0
1516082603.44 0 1500 0 0
1516082603.54 0 1500 0 0
1516082603.64 0 1620 0 0
1516082603.74 0 1620 0 0
1516082603.84 0 1680 0 0
1516082603.94 0 1620 0 0
1516082604.04 0 1560 0 0
1516082604.14 0 1560 0 0
1516082604.24 0 1620 0 0
1516082604.34 0 1800 0 0
1516082604.44 0 1320 0 0
1516082604.54 0 1440 0 0
1516082604.65 0 1500 0 0
1516082604.74 0 1380 0 0
1516082604.84 0 1440 0 0
1516082604.95 0 1500 0 0
1516082605.05 0 1500 0 0
1516082605.14 0 1560 0 0
1516082605.24 0 1680 0 0
1516082605.34 0 1560 0 0
1516082605.45 0 1680 0 0
1516082605.55 0 1620 0 0
1516082605.65 0 1620 0 0
1516082605.75 0 1500 0 0
1516082605.85 0 1740 0 0
1516082605.95 0 1320 0 0
1516082606.05 0 1500 0 0
1516082606.15 0 1440 0 0
1516082606.25 0 1500 0 0
1516082606.35 0 1560 0 0
1516082606.45 0 1560 0 0
1516082606.56 0 1620 0 0
1516082606.66 0 1500 0 0
1516082606.75 0 1560 0 0
1516082606.86 0 1740 0 0
1516082606.96 0 1620 0 0
1516082607.06 0 1740 0 0
1516082607.16 0 1620 0 0
1516082607.26 0 1440 0 0
1516082607.36 0 1440 0 0
1516082607.47 0 1440 0 0
1516082607.57 0 1560 0 0
1516082607.67 0 1500 0 0
1516082607.78 0 1620 0 0
1516082607.88 0 1500 0 0
1516082607.98 0 1560 0 0
1516082608.08 0 1500 0 0
1516082608.18 0 1620 0 0
1516082608.28 0 1560 0 0
1516082608.38 0 1620 0 0
1516082608.48 0 1620 0 0
1516082608.58 0 1560 0 0
1516082608.68 0 1560 0 0
1516082608.78 0 1740 0 0
1516082608.88 0 1380 0 0
1516082608.98 0 1380 0 0
1516082609.08 0 1440 0 0
1516082609.18 0 1440 0 0
1516082609.28 0 1500 0 0
1516082609.38 0 1500 0 0
1516082609.48 0 1500 0 0
1516082609.58 0 1440 0 0
1516082609.68 0 1440 0 0
1516082609.78 0 1620 0 0
1516082609.88 0 1440 0 0
1516082609.98 0 1560 0 0
1516082610.08 0 1620 0 0
1516082610.18 0 1620 0 0
1516082610.28 0 1620 0 0
1516082610.38 0 1560 0 0
1516082610.48 0 1620 0 0
1516082610.58 0 1620 0 0
1516082610.68 0 1440 0 0
1516082610.78 0 1320 0 0
1516082610.88 0 1500 0 0
1516082610.98 0 1500 0 0
1516082611.08 0 1560 0 0
1516082611.18 0 1500 0 0
1516082611.28 0 1560 0 0
1516082611.38 0 1560 0 0
1516082611.48 0 1680 0 0
1516082611.58 0 1560 0 0
1516082611.68 0 1680 0 0
1516082611.79 0 1620 0 0
1516082611.89 0 1500 0 0
1516082611.98 0 1800 0 0
1516082612.08 0 1380 0 0
1516082612.19 0 1140 0 0
1516082612.29 0 1560 0 0
1516082612.39 0 1500 0 0
1516082612.5 0 1440 0 0
1516082612.59 0 1560 0 0
1516082612.69 0 1440 0 0
1516082612.79 0 1500 0 0
1516082612.89 0 1560 0 0
1516082612.99 0 1620 0 0
1516082613.09 0 1560 0 0
1516082613.19 0 1680 0 0
1516082613.29 0 1620 0 0
1516082613.39 0 1500 0 0
1516082613.49 0 1740 0 0
1516082613.59 0 1560 0 0
1516082613.69 0 1500 0 0
1516082613.79 0 1260 0 0
1516082613.89 0 1500 0 0
1516082613.99 0 1440 0 0
1516082614.09 0 1500 0 0
1516082614.19 0 1440 0 0
1516082614.29 0 1500 0 0
1516082614.39 0 1560 0 0
1516082614.49 0 1560 0 0
1516082614.59 0 1620 0 60
1516082614.69 0 1680 0 0
1516082614.79 0 1500 0 0
1516082614.89 0 1620 0 0
1516082614.99 0 1500 0 0
1516082615.09 0 1680 0 0
1516082615.2 0 1260 0 0
1516082615.29 0 1440 0 0
1516082615.39 0 1500 0 0
1516082615.49 0 1500 0 0
1516082615.59 0 1500 0 60
1516082615.69 0 1500 0 0
1516082615.79 0 1560 0 0
1516082615.89 0 1440 0 0
1516082616.0 0 1560 0 0
1516082616.1 0 1680 0 0
1516082616.2 0 1740 0 0
1516082616.3 0 1440 0 0
1516082616.4 0 1620 0 0
1516082616.5 0 1680 0 0
1516082616.61 0 1620 0 0
1516082616.71 0 1740 0 0
1516082616.8 0 1320 0 0
1516082616.9 0 1320 0 0
1516082617.0 0 1440 0 0
1516082617.1 0 1440 0 0
1516082617.2 0 1560 0 0
1516082617.3 0 1380 0 0
1516082617.4 0 1500 0 0
1516082617.5 0 1500 0 0
1516082617.6 0 1500 0 0
1516082617.7 0 1500 0 0
1516082617.8 0 1500 0 0
1516082617.9 0 1680 0 0
1516082618.0 0 1560 0 0
1516082618.1 0 1680 0 0
1516082618.2 0 1500 0 0
1516082618.3 0 1680 0 0
1516082618.4 0 1560 0 0
1516082618.5 0 1560 0 0
1516082618.6 0 1560 0 0
1516082618.7 0 1440 0 0
1516082618.8 0 1380 0 0
1516082618.9 0 1440 0 0
1516082619.0 0 1500 0 0
1516082619.1 0 1500 0 0
1516082619.2 0 1440 0 0
1516082619.3 0 1560 0 0
1516082619.4 0 1560 0 0
1516082619.5 0 1620 0 0
1516082619.6 0 1680 0 0
1516082619.7 0 1500 0 0
1516082619.81 0 1560 0 0
1516082619.9 0 1740 0 0
1516082620.01 0 1500 0 0
1516082620.1 0 1320 0 0
1516082620.21 0 1500 0 0
1516082620.31 0 1500 0 0
1516082620.41 0 1440 0 0
1516082620.51 0 1560 0 0
1516082620.61 0 1560 0 0
1516082620.7 0 1500 0 0
1516082620.81 0 1560 0 0
1516082620.91 0 1620 0 0
1516082621.01 0 1560 0 0
1516082621.11 0 1620 0 0
1516082621.21 0 1740 0 0
1516082621.31 0 1560 0 0
1516082621.41 0 1620 0 0
1516082621.51 0 1560 0 0
1516082621.62 0 1380 0 0
1516082621.71 0 1320 0 0
1516082621.82 0 1560 0 0
1516082621.92 0 1500 0 0
1516082622.02 0 1560 0 0
1516082622.12 0 1440 0 60
1516082622.22 0 1560 0 0
1516082622.32 0 1440 0 0
1516082622.42 0 1560 0 0
1516082622.52 0 1560 0 0
1516082622.62 0 1620 0 0
1516082622.72 0 1560 0 0
1516082622.82 0 1620 0 0
1516082622.92 0 1620 0 60
1516082623.02 0 1560 0 0
1516082623.12 0 1620 0 0
1516082623.22 0 1680 0 0
1516082623.32 0 1380 0 0
1516082623.42 0 1380 0 0
1516082623.52 0 1500 0 0
1516082623.62 0 1440 0 0
1516082623.72 0 1440 0 0
1516082623.82 0 1560 0 0
1516082623.92 0 1440 0 0
1516082624.02 0 1500 0 0
1516082624.12 0 1560 0 0
1516082624.22 0 1440 0 0
1516082624.32 0 1500 0 0
1516082624.42 0 1620 0 0
1516082624.52 0 1560 0 0
1516082624.63 0 1680 0 0
1516082624.73 0 1560 0 0
1516082624.83 0 1560 0 0
1516082624.92 0 1800 0 0
1516082625.02 0 1320 0 0
1516082625.12 0 1320 0 0
1516082625.22 0 1500 0 0
1516082625.32 0 1440 0 0
1516082625.43 0 1560 0 0
1516082625.53 0 1560 0 0
1516082625.63 0 1500 0 0
1516082625.73 0 1500 0 0
1516082625.83 0 1620 0 0
1516082625.93 0 1560 0 0
1516082626.03 0 1680 0 0
1516082626.13 0 1560 0 0
1516082626.23 0 1680 0 0
1516082626.33 0 1380 0 0
1516082626.43 0 1860 0 0
1516082626.53 0 1260 0 0
1516082626.63 0 1320 0 0
1516082626.73 0 1620 0 0
1516082626.83 60 1560 0 0
1516082626.93 0 1500 0 0
1516082627.04 0 1560 0 0
1516082627.13 0 1500 0 0
1516082627.23 0 1560 0 0
1516082627.33 0 1620 0 0
1516082627.43 0 1680 0 0
1516082627.53 0 1560 0 0
1516082627.63 0 1380 0 0
1516082627.73 0 1860 0 0
1516082627.83 0 1440 0 0
1516082627.93 0 1320 0 0
1516082628.03 0 1500 0 0
1516082628.13 0 1500 0 0
1516082628.23 0 1440 0 0
1516082628.33 0 1560 0 0
1516082628.43 0 1440 0 0
1516082628.53 0 1440 0 0
1516082628.63 0 1500 0 0
1516082628.73 0 1560 0 0
1516082628.83 0 1440 0 0
1516082628.93 0 1620 0 0
1516082629.03 0 1620 0 0
1516082629.13 0 1560 0 0
1516082629.23 0 1560 0 0
1516082629.33 0 1680 0 0
1516082629.43 0 1560 0 0
1516082629.53 0 1560 0 0
1516082629.63 0 1380 0 0
1516082629.73 0 1500 0 0
1516082629.84 0 1500 0 0
1516082629.94 0 1500 0 0
1516082630.04 0 1500 0 0
1516082630.13 0 1560 0 0
1516082630.24 0 1680 0 0
1516082630.34 0 1620 0 0
1516082630.44 0 1620 0 0
1516082630.54 0 1800 0 0
1516082630.64 0 1860 0 0
1516082630.74 0 2100 0 0
1516082630.84 0 2340 0 0
1516082630.94 0 2580 0 0
1516082631.04 0 2580 0 0
1516082631.14 0 2580 0 0
1516082631.24 0 2700 0 0
1516082631.34 0 2160 0 0
1516082631.45 0 1860 0 0
1516082631.56 0 2400 0 0
1516082631.65 0 2220 0 0
1516082631.75 0 2220 0 0
1516082631.85 0 2580 0 0
1516082631.95 0 2400 0 0
1516082632.05 0 2580 0 0
1516082632.15 0 2700 0 0
1516082632.25 0 2520 0 0
1516082632.35 0 2520 0 0
1516082632.45 0 2280 0 0
1516082632.55 0 2340 0 0
1516082632.65 0 2580 0 0
1516082632.75 0 2520 0 0
1516082632.85 0 2460 0 0
1516082632.95 0 2340 0 0
1516082633.05 0 2460 0 0
1516082633.15 0 2400 0 0
1516082633.25 0 2460 0 0
1516082633.35 0 2400 0 0
1516082633.45 0 2400 0 0
1516082633.55 0 2400 0 0
1516082633.65 0 2460 0 0
1516082633.75 0 2460 0 0
1516082633.85 0 2340 0 0
1516082633.95 0 2460 0 0
1516082634.05 0 2400 0 0
1516082634.15 0 2460 0 0
1516082634.25 0 2400 0 0
1516082634.35 0 2400 0 0
1516082634.45 0 2460 0 0
1516082634.55 0 2400 0 0
1516082634.65 0 2460 0 0
1516082634.75 0 2340 0 0
1516082634.85 0 2460 0 0
1516082634.95 0 2460 0 0
1516082635.05 0 2400 0 0
1516082635.15 0 2460 0 0
1516082635.26 0 2400 0 0
1516082635.35 0 2400 0 0
1516082635.45 0 2400 0 0
1516082635.55 0 2460 0 0
1516082635.65 0 2460 0 0
1516082635.76 0 2580 0 0
1516082635.86 0 2400 0 0
1516082635.96 0 2460 0 0
1516082636.06 0 2340 0 0
1516082636.16 0 2580 0 0
1516082636.26 0 2400 0 0
1516082636.36 0 2460 0 0
1516082636.47 0 2520 0 0
1516082636.57 0 2400 0 0
1516082636.67 0 2400 0 0
1516082636.78 0 2640 0 0
1516082636.87 0 2340 0 0
1516082636.98 0 2520 0 0
1516082637.07 0 2220 0 0
1516082637.17 0 2460 0 0
1516082637.27 0 2400 0 0
1516082637.37 0 2460 0 0
1516082637.47 0 2460 0 0
1516082637.57 0 2340 0 0
1516082637.67 0 2520 0 0
1516082637.77 0 2340 0 0
1516082637.87 0 2460 0 0
1516082637.97 0 2400 0 0
1516082638.07 0 2460 0 0
1516082638.17 0 2460 0 0
1516082638.27 0 2400 0 0
1516082638.37 0 2460 0 0
1516082638.47 0 2400 0 0
1516082638.57 0 2400 0 0
1516082638.67 0 2460 0 0
1516082638.77 0 2400 0 0
1516082638.87 0 2340 0 0
1516082638.97 0 2400 0 0
1516082639.07 0 2460 0 0
1516082639.17 0 2400 0 0
1516082639.27 0 2460 0 0
1516082639.37 0 2400 0 0
1516082639.47 0 2400 0 0
1516082639.57 0 2400 0 0
1516082639.67 0 2460 0 0
1516082639.77 0 2400 0 0
1516082639.87 0 2400 0 0
1516082639.97 0 2460 0 0
1516082640.07 0 2340 0 0
1516082640.18 0 2520 0 0
1516082640.28 0 2460 0 0
1516082640.38 0 2460 0 0
1516082640.48 0 2280 0 0
1516082640.58 0 2520 0 0
1516082640.68 0 2400 0 0
1516082640.78 0 2520 0 0
1516082640.88 0 2400 0 0
1516082640.99 0 2580 0 0
1516082641.09 0 2340 0 0
1516082641.19 0 2460 0 0
1516082641.29 0 2460 0 0
1516082641.39 0 2340 0 0
1516082641.49 0 2580 0 0
1516082641.59 0 2280 0 0
1516082641.69 0 2460 0 0
1516082641.79 0 2520 0 0
1516082641.9 0 2460 0 0
1516082641.99 0 2280 0 0
1516082642.09 0 2460 0 0
1516082642.19 0 2460 0 0
1516082642.29 0 2400 0 0
1516082642.39 0 2400 0 60
1516082642.49 0 2460 0 0
1516082642.59 0 2460 0 0
1516082642.69 0 2340 0 0
1516082642.79 0 2460 0 0
1516082642.89 0 2460 0 0
1516082642.99 0 2460 0 0
1516082643.09 0 2400 0 0
1516082643.2 0 2520 0 0
1516082643.29 0 2340 0 0
1516082643.39 0 2460 0 0
1516082643.49 0 2400 0 0
1516082643.59 0 2400 0 0
1516082643.69 0 2400 0 0
1516082643.79 0 2400 0 0
1516082643.9 0 2460 0 0
1516082643.99 0 2400 0 0
1516082644.1 0 2400 0 0
1516082644.2 0 2400 0 0
1516082644.3 0 2460 0 0
1516082644.4 0 2460 0 0
1516082644.5 0 2400 0 0
1516082644.6 0 2460 0 0
1516082644.7 0 2400 0 0
1516082644.8 0 2400 0 0
1516082644.9 0 2400 0 0
1516082645.0 0 2520 0 0
1516082645.1 0 2400 0 0
1516082645.2 0 2460 0 0
1516082645.3 0 2460 0 0
1516082645.4 0 2340 0 0
1516082645.5 0 2520 0 0
1516082645.6 0 2400 0 0
1516082645.71 0 2340 0 0
1516082645.81 0 2460 0 0
1516082645.91 0 2580 0 0
1516082646.0 0 2220 0 0
1516082646.1 0 2460 0 0
1516082646.2 0 2400 0 0
1516082646.3 0 2400 0 0
1516082646.4 0 2460 0 0
1516082646.5 0 2400 0 0
1516082646.6 0 2460 0 0
1516082646.7 0 2400 0 0
1516082646.8 0 2400 0 0
1516082646.9 0 2340 0 0
1516082647.0 0 2460 0 0
1516082647.1 0 2460 0 0
1516082647.2 0 2400 0 0
1516082647.3 0 2460 0 0
1516082647.4 0 2400 0 0
1516082647.5 0 2400 0 0
1516082647.6 0 2400 0 0
1516082647.7 0 2460 0 0
1516082647.8 0 2400 0 0
1516082647.9 0 2460 0 0
1516082648.0 0 2400 0 0
1516082648.1 0 2460 0 0
1516082648.2 0 2400 0 0
1516082648.3 0 2460 0 0
1516082648.4 0 2400 0 0
1516082648.5 0 2400 0 0
1516082648.6 0 2460 0 0
1516082648.7 0 2460 0 0
1516082648.8 0 2400 0 0
1516082648.9 0 2400 0 0
1516082649.01 0 2460 0 0
1516082649.1 0 2400 0 0
1516082649.21 0 2640 0 0
1516082649.31 0 2340 0 0
1516082649.41 0 2280 0 0
1516082649.52 0 2760 0 0
1516082649.61 0 2220 0 0
1516082649.72 0 2640 0 0
1516082649.81 0 2340 0 0
1516082649.91 0 2340 0 0
1516082650.02 0 2520 0 0
1516082650.12 0 2460 0 0
1516082650.22 0 2460 0 0
1516082650.33 0 2520 0 0
1516082650.42 0 2400 0 0
1516082650.52 0 2340 0 0
1516082650.63 0 2460 0 0
1516082650.72 0 2280 0 0
1516082650.82 0 2520 0 0
1516082650.92 0 2400 0 0
1516082651.03 0 2340 0 0
1516082651.13 0 2460 0 0
1516082651.22 0 2400 0 0
1516082651.32 0 2400 0 0
1516082651.42 0 2460 0 0
1516082651.52 0 2460 0 0
1516082651.63 0 2460 0 0
1516082651.73 0 2340 0 0
1516082651.83 0 2460 0 0
1516082651.92 0 2340 0 0
1516082652.03 0 2400 0 0
1516082652.13 0 2280 0 0
1516082652.23 0 2460 0 0
1516082652.32 0 2400 0 0
1516082652.43 0 2460 0 0
1516082652.53 0 2340 0 0
1516082652.63 0 2460 0 0
1516082652.73 0 2400 0 0
1516082652.83 0 2460 0 0
1516082652.93 0 2460 0 0
1516082653.03 0 2400 0 0
1516082653.13 0 2400 0 0
1516082653.23 0 2460 0 0
1516082653.33 0 2400 0 0
1516082653.43 0 2460 0 0
1516082653.53 0 2400 0 0
1516082653.63 0 2520 0 0
1516082653.73 0 2400 0 0
1516082653.83 0 2400 0 0
1516082653.93 0 2400 0 0
1516082654.03 0 2460 0 0
1516082654.13 0 2520 0 0
1516082654.23 0 2400 0 0
1516082654.33 0 2460 0 0
1516082654.44 0 2580 0 0
1516082654.54 0 2460 0 0
1516082654.65 0 2580 0 0
1516082654.74 0 2220 0 0
1516082654.84 0 2520 0 0
1516082654.94 0 2280 0 0
1516082655.05 0 2580 0 0
1516082655.15 0 2400 0 0
1516082655.25 0 2400 0 0
1516082655.35 0 2640 0 0
1516082655.45 0 2460 0 0
1516082655.56 0 2580 0 0
1516082655.66 0 2340 0 0
1516082655.76 0 2400 0 0
1516082655.87 0 2700 0 0
1516082655.96 0 2280 0 0
1516082656.07 0 2580 0 0
1516082656.16 0 2280 0 0
1516082656.27 0 2340 0 0
1516082656.37 0 2520 0 0
1516082656.46 0 2460 0 0
1516082656.56 0 2340 0 0
1516082656.66 0 2400 0 0
1516082656.76 0 2400 0 0
1516082656.86 0 2520 0 0
1516082656.96 0 2340 0 0
1516082657.06 0 2460 0 0
1516082657.16 0 2400 0 0
1516082657.27 0 2400 0 0
1516082657.36 0 2400 0 0
1516082657.47 0 2400 0 0
1516082657.56 0 2520 0 0
1516082657.67 0 2400 0 0
1516082657.77 0 2280 0 0
1516082657.87 0 2460 0 0
1516082657.97 0 2460 0 0
1516082658.07 0 2400 0 0
1516082658.17 0 2400 0 0
1516082658.27 0 2460 0 0
1516082658.37 0 2460 0 0
1516082658.47 0 2400 0 0
1516082658.57 0 2460 0 0
1516082658.67 0 2340 0 0
1516082658.77 0 2400 0 0
1516082658.87 0 2460 0 0
1516082658.97 0 2400 0 0
1516082659.07 0 2460 0 0
1516082659.17 0 2400 0 0
1516082659.27 0 2400 0 0
1516082659.37 0 2400 0 0
1516082659.47 0 2460 0 0
1516082659.57 0 2460 0 0
1516082659.67 0 2400 0 0
1516082659.77 0 2460 0 0
1516082659.87 0 2460 0 0
1516082659.97 0 2460 0 0
1516082660.07 0 2400 0 0
1516082660.18 0 2400 0 0
1516082660.27 0 2400 0 60
1516082660.37 0 2460 0 0
1516082660.47 0 2460 0 0
1516082660.57 0 2460 0 0
1516082660.67 0 2340 0 0
1516082660.77 0 2400 0 0
1516082660.87 0 2460 0 0
1516082660.98 0 2460 0 0
1516082661.07 0 2400 0 0
1516082661.18 0 2520 0 0
1516082661.28 0 2400 0 0
1516082661.38 0 2400 0 0
1516082661.48 0 2340 0 0
1516082661.58 0 2460 0 0
1516082661.68 0 2400 0 0
1516082661.78 0 2460 0 0
1516082661.88 0 2400 0 0
1516082661.98 0 2400 0 0
1516082662.08 0 2460 0 0
1516082662.18 0 2400 0 0
1516082662.28 0 2400 0 0
1516082662.38 0 2460 0 0
1516082662.48 0 2460 0 0
1516082662.58 0 2520 0 0
1516082662.68 0 2280 0 0
1516082662.78 0 2460 0 0
1516082662.88 0 2340 0 0
1516082662.98 0 2460 0 0
1516082663.08 0 2460 0 0
1516082663.18 0 2340 0 0
1516082663.28 0 2460 0 0
1516082663.38 0 2400 0 0
1516082663.48 0 2460 0 0
1516082663.58 0 2400 0 0
1516082663.68 0 2460 0 0
1516082663.78 0 2340 0 0
1516082663.88 0 2400 0 0
1516082663.98 0 2460 0 0
1516082664.08 0 2460 0 0
1516082664.18 0 2400 0 0
1516082664.29 0 2580 0 0
1516082664.38 0 2340 0 0
1516082664.49 0 2400 0 0
1516082664.59 0 2640 0 0
1516082664.69 0 2460 0 0
1516082664.79 0 2220 0 0
1516082664.89 0 2460 0 0
1516082664.99 0 2460 0 0
1516082665.09 0 2400 0 0
1516082665.19 0 2460 0 0
1516082665.3 0 2460 0 0
1516082665.4 0 2520 0 0
1516082665.49 0 2280 0 0
1516082665.6 0 2340 0 0
1516082665.7 0 2640 0 0
1516082665.8 0 2340 0 0
1516082665.9 0 2340 0 0
1516082665.99 0 2340 0 0
1516082666.09 0 2400 0 0
1516082666.19 0 2460 0 0
1516082666.29 0 2460 0 0
1516082666.39 0 2400 0 0
1516082666.5 0 2460 0 0
1516082666.6 0 2460 0 0
1516082666.7 0 2460 0 0
1516082666.8 0 2340 0 0
1516082666.9 0 2460 0 0
1516082667.0 0 2460 0 0
1516082667.1 0 2460 0 0
1516082667.2 0 2400 0 0
1516082667.3 0 2400 0 0
1516082667.4 0 2400 0 60
1516082667.5 0 2460 0 0
1516082667.6 0 2460 0 0
1516082667.7 0 2460 0 0
1516082667.8 0 2460 0 0
1516082667.9 0 2340 0 0
1516082668.0 0 2460 0 0
1516082668.1 0 2460 0 0
1516082668.2 0 2400 0 0
1516082668.3 0 2400 0 0
1516082668.4 0 2460 0 0
1516082668.5 0 2460 0 0
1516082668.6 0 2340 0 0
1516082668.7 0 2460 0 0
1516082668.8 0 2460 0 0
1516082668.9 0 2460 0 0
1516082669.0 0 2460 0 0
1516082669.11 0 2400 0 0
1516082669.21 0 2520 0 0
1516082669.31 0 2340 0 0
1516082669.41 0 2460 0 0
1516082669.51 0 2520 0 0
1516082669.61 0 2340 0 0
1516082669.71 0 2520 0 0
1516082669.82 0 2460 0 0
1516082669.91 0 2340 0 0
1516082670.01 0 2400 0 0
1516082670.11 0 2460 0 0
1516082670.22 0 2520 0 0
1516082670.31 0 2340 0 0
1516082670.42 0 2460 0 0
1516082670.52 0 2460 0 0
1516082670.62 0 2460 0 0
1516082670.72 0 2520 0 0
1516082670.82 0 2460 0 0
1516082670.93 0 2400 0 0
1516082671.02 0 2460 0 0
1516082671.12 0 2340 0 0
1516082671.22 0 2400 0 0
1516082671.32 0 2460 0 0
1516082671.42 0 2400 0 0
1516082671.52 0 2460 0 0
1516082671.63 0 2400 0 0
1516082671.73 0 2280 0 0
1516082671.83 0 2580 0 0
1516082671.92 0 2400 0 0
1516082672.03 0 2400 0 0
1516082672.13 0 2460 0 0
1516082672.22 0 2460 0 0
1516082672.33 0 2460 0 0
1516082672.43 0 2400 0 0
1516082672.53 0 2460 0 0
1516082672.63 0 2340 0 0
1516082672.73 0 2460 0 0
1516082672.83 0 2400 0 0
1516082672.93 0 2460 0 0
1516082673.03 0 2400 0 0
1516082673.13 0 2400 0 0
1516082673.23 0 2400 0 0
1516082673.33 0 2460 0 0
1516082673.43 0 2460 0 0
1516082673.53 0 2400 0 0
1516082673.63 0 2460 0 0
1516082673.73 0 2340 0 0
1516082673.83 0 2460 0 0
1516082673.93 0 2400 0 0
1516082674.03 0 2460 0 0
1516082674.13 0 2580 0 0
1516082674.23 0 2280 0 0
1516082674.33 0 2400 0 0
1516082674.43 0 2340 0 0
1516082674.53 0 2460 0 0
1516082674.64 0 2640 0 0
1516082674.73 0 2340 0 0
1516082674.84 0 2520 0 0
1516082674.94 0 2460 0 0
1516082675.04 0 2460 0 0
1516082675.14 0 2340 0 0
1516082675.24 0 2520 0 0
1516082675.35 0 2640 0 0
1516082675.45 0 2400 0 0
1516082675.55 0 2280 0 0
1516082675.65 0 2580 0 0
1516082675.75 0 2160 0 0
1516082675.85 0 2460 0 0
1516082675.95 0 2400 0 0
1516082676.05 0 2460 0 0
1516082676.15 0 2400 0 0
1516082676.25 0 2460 0 0
1516082676.35 0 2460 0 0
1516082676.45 0 2400 0 0
1516082676.55 0 2460 0 0
1516082676.65 0 2280 0 0
1516082676.75 0 2400 0 0
1516082676.85 0 2520 0 0
1516082676.95 0 2460 0 0
1516082677.05 0 2340 0 0
1516082677.15 0 2400 0 0
1516082677.25 0 2460 0 0
1516082677.35 0 2520 0 0
1516082677.45 0 2400 0 0
1516082677.55 0 2400 0 0
1516082677.65 0 2400 0 0
1516082677.75 0 2400 0 0
1516082677.85 0 2460 0 0
1516082677.95 0 2400 0 0
1516082678.05 0 2460 0 0
1516082678.15 0 2460 0 0
1516082678.25 0 2340 0 0
1516082678.35 0 2520 0 0
1516082678.45 0 2400 0 0
1516082678.55 0 2400 0 0
1516082678.65 0 2400 0 0
1516082678.75 0 2460 0 0
1516082678.85 0 2400 0 0
1516082678.95 0 2340 0 0
1516082679.05 0 2460 0 0
1516082679.15 0 2460 0 0
1516082679.26 0 2340 0 0
1516082679.35 0 2460 0 0
1516082679.46 0 2460 0 0
1516082679.56 0 2460 0 0
1516082679.66 0 2520 0 0
1516082679.76 0 2520 0 0
1516082679.87 0 2640 0 0
1516082679.97 0 2460 0 0
1516082680.07 0 2400 0 0
1516082680.17 0 2280 0 0
1516082680.26 0 2460 0 0
1516082680.36 0 2340 0 0
1516082680.47 0 2520 0 0
1516082680.57 0 2400 0 0
1516082680.66 0 2340 0 0
1516082680.76 0 2460 0 0
1516082680.87 0 2520 0 0
1516082680.97 0 2340 0 0
1516082681.07 0 2520 0 0
1516082681.17 0 2340 0 0
1516082681.27 0 2520 0 0
1516082681.37 0 2340 0 0
1516082681.47 0 2340 0 0
1516082681.57 0 2460 0 0
1516082681.67 0 2340 0 0
1516082681.77 0 2400 0 0
1516082681.87 0 2460 0 0
1516082681.97 0 2460 0 0
1516082682.07 0 2460 0 0
1516082682.17 0 2340 0 0
1516082682.27 0 2340 0 0
1516082682.37 0 2460 0 0
1516082682.47 0 2340 0 0
1516082682.57 0 2520 0 0
1516082682.67 0 2340 0 0
1516082682.77 0 2520 0 0
1516082682.87 0 2340 0 0
1516082682.97 0 2460 0 0
1516082683.08 0 2700 0 0
1516082683.17 0 2040 0 0
1516082683.27 0 2400 0 0
1516082683.37 0 2520 0 0
1516082683.47 0 2400 0 0
1516082683.57 0 2460 0 0
1516082683.67 0 2340 0 0
1516082683.77 0 2400 0 0
1516082683.87 0 2400 0 0
1516082683.97 0 2400 0 0
1516082684.07 0 2400 0 0
1516082684.17 0 2460 0 0
1516082684.27 0 2460 0 0
1516082684.38 0 2640 0 0
1516082684.48 0 2580 0 0
1516082684.57 0 2100 0 0
1516082684.68 0 2640 0 0
1516082684.78 0 2220 0 0
1516082684.88 0 2400 0 0
1516082684.98 0 2520 0 0
1516082685.07 0 2220 0 0
1516082685.17 0 2400 0 0
1516082685.27 0 2520 0 0
1516082685.37 0 2400 0 0
1516082685.47 0 2340 0 0
1516082685.58 0 2460 0 0
1516082685.68 0 2700 0 0
1516082685.77 0 2220 0 0
1516082685.87 0 2400 0 0
1516082685.98 0 2460 0 0
1516082686.08 0 2400 0 0
1516082686.17 0 2460 0 0
1516082686.27 0 2400 0 0
1516082686.37 0 2460 0 0
1516082686.47 0 2460 0 0
1516082686.58 0 2400 0 0
1516082686.68 0 2400 0 0
1516082686.78 0 2520 0 0
1516082686.88 0 2400 0 0
1516082686.98 0 2400 0 0
1516082687.08 0 2520 0 0
1516082687.18 0 2400 0 0
1516082687.28 0 2400 0 0
1516082687.38 0 2520 0 0
1516082687.48 0 2400 0 0
1516082687.58 0 2400 0 0
1516082687.68 0 2400 0 0
1516082687.78 0 2520 0 0
1516082687.88 0 2400 0 0
1516082687.98 0 2400 0 0
1516082688.08 0 2460 0 0
1516082688.18 0 2400 0 0
1516082688.28 0 2460 0 0
1516082688.38 0 2460 0 0
1516082688.48 0 2400 0 0
1516082688.58 0 2400 0 0
1516082688.68 0 2580 0 0
1516082688.79 0 2700 0 0
1516082688.88 0 2160 0 0
1516082688.98 0 2400 0 0
1516082689.08 0 2460 0 0
1516082689.19 0 2520 0 0
1516082689.28 0 2400 0 0
1516082689.39 0 2400 0 0
1516082689.49 0 2280 0 0
1516082689.58 0 2400 0 0
1516082689.68 0 2460 0 0
1516082689.78 0 2460 0 0
1516082689.88 0 2400 0 0
1516082689.98 0 2460 0 0
1516082690.08 0 2460 0 0
1516082690.18 0 2460 0 0
1516082690.28 0 2400 0 0
1516082690.38 0 2460 0 0
1516082690.48 0 2460 0 0
1516082690.58 0 2400 0 0
1516082690.68 0 2400 0 0
1516082690.78 0 2520 0 0
1516082690.88 0 2400 0 0
1516082690.99 0 2460 0 0
1516082691.08 0 2460 0 0
1516082691.19 0 2460 0 0
1516082691.29 0 2400 0 0
1516082691.39 0 2340 0 0
1516082691.49 0 2520 0 0
1516082691.59 0 2400 0 0
1516082691.69 0 2460 0 0
1516082691.79 0 2460 0 0
1516082691.89 0 2400 0 0
1516082691.99 0 2460 0 0
1516082692.09 0 2460 0 0
1516082692.19 0 2340 0 0
1516082692.29 0 2520 0 0
1516082692.39 0 2400 0 60
1516082692.49 0 2460 0 0
1516082692.59 0 2400 0 0
1516082692.69 0 2520 0 0
1516082692.79 0 2400 0 0
1516082692.89 0 2520 0 0
1516082692.99 0 2400 0 0
1516082693.09 0 2400 0 0
1516082693.19 0 2460 0 0
1516082693.29 0 2400 0 0
1516082693.39 0 2460 0 0
1516082693.49 0 2340 0 0
1516082693.59 0 2340 0 0
1516082693.7 0 2760 0 0
1516082693.8 0 2460 0 0
1516082693.89 0 2280 0 0
1516082693.99 0 2400 0 0
1516082694.1 0 2520 0 0
1516082694.19 0 2280 0 0
1516082694.29 0 2520 0 0
1516082694.39 0 2340 0 0
1516082694.49 0 2400 0 0
1516082694.59 0 2460 0 0
1516082694.69 0 2400 0 0
1516082694.79 0 2460 0 0
1516082694.89 0 2400 0 0
1516082694.99 0 2400 0 0
1516082695.09 0 2460 0 0
1516082695.19 0 2400 0 0
1516082695.29 0 2460 0 0
1516082695.39 0 2460 0 0
1516082695.49 0 2400 0 0
1516082695.59 0 2460 0 0
1516082695.7 0 2460 0 0
1516082695.79 0 2340 0 0
1516082695.9 0 2400 0 0
1516082695.99 0 2520 0 0
1516082696.1 0 2400 0 0
1516082696.19 0 2340 0 0
1516082696.3 0 2520 0 0
1516082696.39 0 2400 0 0
1516082696.5 0 2400 0 0
1516082696.6 0 2520 0 0
1516082696.7 0 2400 0 0
1516082696.8 0 2400 0 0
1516082696.9 0 2460 0 0
1516082697.0 0 2460 0 0
1516082697.1 0 2400 0 0
1516082697.2 0 2460 0 0
1516082697.3 0 2460 0 0
1516082697.4 0 2460 0 0
1516082697.5 0 2400 0 0
1516082697.6 0 2520 0 0
1516082697.7 0 2400 0 0
1516082697.8 0 2520 0 0
1516082697.9 0 2400 0 0
1516082698.01 0 2580 0 0
1516082698.11 0 2520 0 0
1516082698.21 0 2400 0 0
1516082698.31 0 2580 0 0
1516082698.42 0 2460 0 0
1516082698.52 0 2520 0 0
1516082698.63 0 2640 0 0
1516082698.71 0 2160 0 0
1516082698.82 0 2340 0 0
1516082698.93 0 2760 0 0
1516082699.02 0 2220 0 0
1516082699.11 0 2280 0 0
1516082699.22 0 2520 0 0
1516082699.31 0 2280 0 0
1516082699.41 0 2400 0 0
1516082699.51 0 2460 0 0
1516082699.61 0 2460 0 0
1516082699.71 0 2400 0 0
1516082699.81 0 2460 0 0
1516082699.91 0 2460 0 0
1516082700.02 0 2460 0 0
1516082700.12 0 2460 0 0
1516082700.21 0 2340 0 0
1516082700.32 0 2520 0 0
1516082700.42 0 2400 0 0
1516082700.51 0 2340 0 0
1516082700.62 0 2520 0 0
1516082700.71 0 2400 0 0
1516082700.81 0 2400 0 0
1516082700.92 0 2520 0 0
1516082701.02 0 2340 0 0
1516082701.12 0 2460 0 0
1516082701.22 0 2400 0 0
1516082701.32 0 2400 0 0
1516082701.42 0 2460 0 0
1516082701.51 0 2340 0 0
1516082701.62 0 2460 0 0
1516082701.72 0 2460 0 0
1516082701.82 0 2400 0 0
1516082701.92 0 2580 0 0
1516082702.02 0 2280 0 0
1516082702.13 0 2700 0 0
1516082702.23 0 2400 0 0
1516082702.33 0 2580 0 0
1516082702.43 0 2280 0 0
1516082702.53 0 2400 0 0
1516082702.63 0 2280 0 0
1516082702.73 0 2580 0 0
1516082702.82 0 2280 0 0
1516082702.92 0 2400 0 0
1516082703.03 0 2460 0 0
1516082703.12 0 2280 0 0
1516082703.22 0 2460 0 0
1516082703.32 0 2400 0 0
1516082703.42 0 2400 0 0
1516082703.53 0 2460 0 0
1516082703.63 0 2460 0 0
1516082703.72 0 2340 0 0
1516082703.82 0 2400 0 0
1516082703.92 0 2400 0 0
1516082704.02 0 2400 0 0
1516082704.12 0 2400 0 0
1516082704.22 0 2400 0 0
1516082704.32 0 2400 0 0
1516082704.42 0 2400 0 60
1516082704.52 0 2400 0 0
1516082704.62 0 2460 0 0
1516082704.72 0 2460 0 0
1516082704.82 0 2400 0 0
1516082704.93 0 2460 0 0
1516082705.02 0 2340 0 0
1516082705.13 0 2400 0 0
1516082705.23 0 2400 0 0
1516082705.33 0 2400 0 0
1516082705.43 0 2400 0 0
1516082705.53 0 2400 0 0
1516082705.63 0 2400 0 0
1516082705.73 0 2460 0 0
1516082705.83 0 2400 0 0
1516082705.93 0 2580 0 0
1516082706.03 0 2400 0 0
1516082706.13 0 2400 0 0
1516082706.23 0 1140 0 3540
1516082706.33 0 1200 0 0
1516082706.44 0 1380 0 0
1516082706.54 0 1080 0 0
1516082706.64 0 1260 0 0
1516082706.74 0 1200 0 0
1516082706.84 0 1140 0 0
1516082706.94 0 1680 0 0
1516082707.04 0 1560 0 0
1516082707.14 0 1860 0 0
1516082707.24 0 1980 0 0
1516082707.34 0 1920 0 0
1516082707.44 0 1920 0 590
1516082707.54 0 2040 0 0
1516082707.64 0 2040 0 0
1516082707.74 0 1860 0 0
1516082707.84 0 0 0 3540
1516082707.94 0 0 0 0
1516082708.04 0 0 0 0
1516082708.14 0 0 0 0
1516082708.24 0 0 0 0
1516082708.34 0 0 0 590
1516082708.44 0 0 0 0
1516082708.54 0 0 0 0
1516082708.64 0 0 0 0
1516082708.74 0 0 0 0
1516082708.84 0 0 0 0
1516082708.94 0 0 0 0
1516082709.04 0 0 0 0
1516082709.14 0 0 0 0
1516082709.24 0 0 0 0
1516082709.34 0 0 0 590
1516082709.44 0 0 0 0
1516082709.54 0 0 0 0
1516082709.64 0 0 0 0
1516082709.74 0 0 0 0
1516082709.84 0 0 0 0
1516082709.94 0 0 0 0
1516082710.04 0 0 0 0
1516082710.14 0 0 0 0
1516082710.24 0 0 0 0
1516082710.34 0 0 0 0
1516082710.44 0 0 0 0
1516082710.54 0 0 0 0
1516082710.64 0 0 0 0
1516082710.74 0 0 0 0
1516082710.84 0 0 0 0
1516082710.94 0 0 0 0
1516082711.05 0 0 0 0
1516082711.15 0 0 0 0
1516082711.25 0 0 0 0
1516082711.35 0 0 0 0
1516082711.45 0 0 0 0
1516082711.54 0 0 0 0
1516082711.64 0 0 0 0
1516082711.74 0 0 0 0
1516082711.85 0 0 0 0
1516082711.95 0 0 0 0
1516082712.05 0 0 0 0
1516082712.15 0 0 0 0
1516082712.25 0 0 0 0
1516082712.35 0 0 0 0
1516082712.45 0 0 0 0
1516082712.55 0 0 0 0
1516082712.65 0 0 0 0
1516082712.75 0 0 0 0
1516082712.85 0 0 0 0
1516082712.95 0 0 0 0
1516082713.05 0 0 0 0
1516082713.15 0 0 0 0
1516082713.25 0 0 0 0
1516082713.35 0 0 0 0
1516082713.45 0 0 0 0
1516082713.55 0 0 0 0
1516082713.65 0 0 0 0
1516082713.75 0 0 0 0
1516082713.85 0 0 0 0
1516082713.95 0 0 0 0
1516082714.05 0 0 0 0
1516082714.15 0 0 0 0
1516082714.25 0 0 0 0
1516082714.35 0 0 0 0
1516082714.45 0 0 0 0
1516082714.55 0 0 0 0
1516082714.65 0 0 0 0
1516082714.75 0 0 0 0
1516082714.85 0 0 0 0
1516082714.95 0 0 0 0
1516082715.05 0 0 0 0
1516082715.15 0 0 0 0
1516082715.25 0 0 0 0
1516082715.35 0 0 0 0
1516082715.45 0 0 0 0
1516082715.55 0 0 0 0
1516082715.65 0 0 0 0
1516082715.75 0 0 0 0
1516082715.85 0 0 0 0
1516082715.95 0 0 0 0
1516082716.05 0 0 0 0
1516082716.15 0 0 0 0
1516082716.25 0 0 0 0
1516082716.35 0 0 0 0
1516082716.45 0 0 0 0
1516082716.55 0 0 0 0
1516082716.66 0 0 0 0
1516082716.76 0 0 0 0
1516082716.85 0 0 0 0
1516082716.96 0 0 0 0
1516082717.06 0 0 0 0
1516082717.16 0 0 0 0
1516082717.26 0 0 0 0
1516082717.36 0 0 0 0
1516082717.46 0 0 0 0
1516082717.56 0 0 0 0
1516082717.66 0 0 0 0
1516082717.76 0 0 0 0
1516082717.86 0 0 0 0
1516082717.96 0 0 0 0
1516082718.06 0 0 0 0
1516082718.16 0 0 0 0
1516082718.26 0 0 0 0
1516082718.36 0 0 0 0
1516082718.46 0 0 0 0
1516082718.56 0 0 0 0
1516082718.66 0 0 0 0
1516082718.76 0 0 0 0
1516082718.86 0 0 0 0
1516082718.96 0 0 0 0
1516082719.06 0 0 0 0
1516082719.16 0 0 0 0
1516082719.26 0 0 0 0
1516082719.36 0 0 0 0
1516082719.47 0 0 0 0
1516082719.57 0 0 0 0
1516082719.67 0 0 0 0
1516082719.77 0 0 0 0
1516082719.87 0 0 0 0
1516082719.97 0 0 0 0
1516082720.07 0 0 0 0
1516082720.17 0 0 0 0
1516082720.27 0 0 0 0
1516082720.37 0 0 0 0
1516082720.47 0 0 0 0
1516082720.57 0 0 0 0
1516082720.67 0 0 0 0
1516082720.77 0 0 0 0
1516082720.87 0 0 0 0
1516082720.97 0 0 0 0
1516082721.07 0 0 0 0
1516082721.17 0 0 0 0
1516082721.27 0 0 0 0
1516082721.37 0 0 0 0
1516082721.47 0 0 0 0
1516082721.57 0 0 0 0
1516082721.67 0 0 0 0
1516082721.77 0 0 0 0
1516082721.87 0 0 0 0
1516082721.97 0 0 0 0
1516082722.07 0 0 0 0
1516082722.17 0 0 0 0
1516082722.28 0 0 0 74
1516082722.38 0 0 0 1689
1516082722.48 0 0 0 266
1516082722.57 0 0 0 66
1516082722.67 0 0 0 412
1516082722.78 0 0 0 66
1516082722.88 0 0 0 176
1516082722.98 0 0 0 118
1516082723.08 0 0 0 646
1516082723.18 0 0 0 94
1516082723.28 0 0 0 110
1516082723.38 0 0 0 138
1516082723.48 0 0 0 0
1516082723.58 0 0 0 134
1516082723.68 0 0 0 15140
1516082723.78 0 0 0 30280
1516082723.88 0 0 19682 38436
1516082723.98 0 0 0 36466
1516082724.08 0 0 0 66
