1512262844.47 2500.0 3166.66666667
1512262844.56 2500.0 3611.11111111
1512262844.66 2500.0 3907.40740741
1512262844.76 2500.0 4104.9382716
1512262844.86 2500.0 4236.6255144
1512262844.96 2500.0 4324.4170096
1512262845.06 2500.0 4382.94467307
1512262845.16 2500.0 4421.96311538
1512262845.26 2500.0 4447.97541025
1512262845.36 2500.0 4465.31694017
1512262845.46 2500.0 4476.87796011
1512262845.56 2500.0 4484.58530674
1512262845.66 2500.0 4489.72353783
1512262845.76 2500.0 4493.14902522
1512262845.86 2500.0 4495.43268348
1512262845.96 2500.0 4496.95512232
1512262846.06 2500.0 4497.97008155
1512262846.17 2500.0 4498.64672103
1512262846.29 2500.0 4499.09781402
1512262846.36 2500.0 4499.39854268
1512262846.46 2500.0 4499.59902845
1512262846.56 2500.0 4499.73268564
1512262846.66 2500.0 4499.82179042
1512262846.76 2500.0 4499.88119362
1512262846.86 2500.0 4499.92079574
1512262846.97 2500.0 4499.94719716
1512262847.06 2500.0 4499.96479811
1512262847.16 2500.0 4499.97653207
1512262847.26 2500.0 4499.98435471
1512262847.36 2500.0 4499.98956981
1512262847.46 2500.0 4499.99304654
1512262847.56 2500.0 4499.99536436
1512262847.66 2500.0 4499.99690957
1512262847.77 2500.0 4499.99793972
1512262847.86 2500.0 4499.99862648
1512262847.96 2500.0 4499.99908432
1512262848.07 2500.0 4499.99938955
1512262848.17 2500.0 4499.99959303
1512262848.26 2500.0 4499.99972869
1512262848.37 2500.0 4499.99981912
1512262848.46 2500.0 4499.99987942
1512262848.57 2500.0 4499.99991961
1512262848.67 2500.0 4499.99994641
1512262848.76 2500.0 4499.99996427
1512262848.86 2500.0 4499.99997618
1512262848.97 2500.0 4499.99998412
1512262849.07 2500.0 4499.99998941
1512262849.17 2500.0 4499.99999294
1512262849.27 2500.0 4499.9999953
1512262849.37 2500.0 4499.99999686
1512262849.47 2500.0 4499.99999791
1512262849.57 2500.0 4499.99999861
1512262849.67 2500.0 4499.99999907
1512262849.77 2500.0 4499.99999938
1512262849.87 2500.0 4499.99999959
1512262849.97 2500.0 4499.99999972
1512262850.07 2500.0 4499.99999982
1512262850.17 2500.0 4499.99999988
1512262850.27 2500.0 4499.99999992
1512262850.38 2500.0 4499.99999995
1512262850.47 2500.0 4499.99999996
1512262850.59 2500.0 4499.99999998
1512262850.67 2500.0 4499.99999998
1512262850.81 2500.0 4499.99999999
1512262850.88 2500.0 4499.99999999
1512262850.97 2500.0 4500.0
1512262851.07 2500.0 4500.0
1512262851.17 2500.0 4500.0
1512262851.27 2500.0 4500.0
1512262851.38 2500.0 4500.0
1512262851.47 2500.0 4500.0
1512262851.61 2500.0 4500.0
1512262851.68 2500.0 4500.0
1512262851.77 2500.0 4500.0
1512262851.87 2500.0 4500.0
1512262851.97 2500.0 4500.0
1512262852.07 2500.0 4500.0
1512262852.17 2500.0 4500.0
1512262852.27 2500.0 4500.0
1512262852.37 2500.0 4500.0
1512262852.47 2500.0 4500.0
1512262852.57 2500.0 4500.0
1512262852.67 2500.0 4500.0
1512262852.77 2500.0 4500.0
1512262852.87 2500.0 4500.0
1512262852.97 2500.0 4500.0
1512262853.07 2500.0 4500.0
1512262853.17 2500.0 4500.0
1512262853.27 2500.0 4500.0
1512262853.37 2500.0 4500.0
1512262853.48 2500.0 4500.0
1512262853.57 2500.0 4500.0
1512262853.67 2500.0 4500.0
1512262853.77 2500.0 4500.0
1512262853.87 2500.0 4500.0
1512262853.97 2500.0 4500.0
1512262854.07 2500.0 4500.0
1512262854.17 2500.0 4500.0
1512262854.27 2500.0 4500.0
1512262854.37 2500.0 4500.0
1512262854.47 2500.0 4500.0
1512262854.57 2500.0 4500.0
1512262854.68 2500.0 4500.0
1512262854.78 2500.0 4500.0
1512262854.88 2500.0 4500.0
1512262854.98 2500.0 4500.0
1512262855.08 2500.0 4500.0
1512262855.18 2500.0 4500.0
1512262855.27 2500.0 4500.0
1512262855.38 2500.0 4500.0
1512262855.48 2500.0 4500.0
1512262855.58 2500.0 4500.0
1512262855.68 2500.0 4500.0
1512262855.78 2500.0 4500.0
1512262855.88 2500.0 4500.0
1512262855.98 2500.0 4500.0
1512262856.08 2500.0 4500.0
1512262856.18 2500.0 4500.0
1512262856.28 2500.0 4500.0
1512262856.38 2500.0 4500.0
1512262856.48 2500.0 4500.0
1512262856.58 2500.0 4500.0
1512262856.68 2500.0 4500.0
1512262856.78 2500.0 4500.0
1512262856.88 2500.0 4500.0
1512262856.98 2500.0 4500.0
1512262857.08 2500.0 4500.0
1512262857.18 2500.0 4500.0
1512262857.28 2500.0 4500.0
1512262857.38 2500.0 4500.0
1512262857.48 2500.0 4500.0
1512262857.58 2500.0 4500.0
1512262857.68 2500.0 4500.0
1512262857.78 2500.0 4500.0
1512262857.88 2500.0 4500.0
1512262857.98 2500.0 4500.0
1512262858.08 2500.0 4500.0
1512262858.19 2500.0 4500.0
1512262858.28 2500.0 4500.0
1512262858.38 2500.0 4500.0
1512262858.48 2500.0 4500.0
1512262858.59 2500.0 4500.0
1512262858.69 2500.0 4500.0
1512262858.79 2500.0 4500.0
1512262858.89 2500.0 4500.0
1512262858.98 2500.0 4500.0
1512262859.08 2500.0 4500.0
1512262859.18 2500.0 4500.0
1512262859.28 2500.0 4500.0
1512262859.38 2500.0 4500.0
1512262859.49 2500.0 4500.0
1512262859.59 2500.0 4500.0
1512262859.69 2500.0 4500.0
1512262859.79 2500.0 4500.0
1512262859.89 2500.0 4500.0
1512262859.99 2500.0 4500.0
1512262860.09 2500.0 4500.0
1512262860.19 2500.0 4500.0
1512262860.28 2500.0 4500.0
1512262860.39 2500.0 4500.0
1512262860.49 2500.0 4500.0
1512262860.6 2500.0 4500.0
1512262860.69 2500.0 4500.0
1512262860.79 2500.0 4500.0
1512262860.89 2458.33333333 4500.0
1512262860.99 2460.41666667 4500.0
1512262861.09 2462.39583333 4500.0
1512262861.19 2422.609375 4500.0
1512262861.29 2384.81223958 4500.0
1512262861.39 2390.5716276 4500.0
1512262861.49 2396.04304622 4500.0
1512262861.59 2359.57422725 4500.0
1512262861.69 2366.59551588 4500.0
1512262861.79 2373.26574009 4500.0
1512262861.9 2337.93578642 4500.0
1512262861.99 2346.0389971 4500.0
1512262862.09 2353.73704724 4500.0
1512262862.19 2319.38352821 4500.0
1512262862.29 2328.4143518 4500.0
1512262862.39 2336.99363421 4500.0
1512262862.49 2303.47728584 4500.0
1512262862.59 2313.30342154 4500.0
1512262862.69 2322.63825047 4500.0
1512262862.79 2289.83967128 4500.0
1512262862.89 2300.34768771 4500.0
1512262862.99 2310.33030333 4500.0
1512262863.09 2278.14712149 4500.0
1512262863.19 2289.23976542 4500.0
1512262863.29 2299.77777715 4500.0
1512262863.39 2268.12222162 4500.0
1512262863.49 2279.71611054 4500.0
1512262863.59 2290.73030502 4500.0
1512262863.69 2301.19378977 4500.0
1512262863.79 2311.13410028 4500.0
1512262863.89 2320.57739526 4500.0
1512262863.99 2329.5485255 4500.0
1512262864.09 2338.07109922 4500.0
1512262864.19 2346.16754426 4500.0
1512262864.29 2353.85916705 4500.0
1512262864.39 2361.1662087 4500.0
1512262864.49 2368.10789826 4500.0
1512262864.59 2374.70250335 4500.0
1512262864.69 2380.96737818 4500.0
1512262864.79 2386.91900927 4500.0
1512262864.89 2392.57305881 4500.0
1512262864.99 2397.94440587 4500.0
1512262865.1 2403.04718558 4500.0
1512262865.19 2407.8948263 4500.0
1512262865.29 2412.50008498 4500.0
1512262865.39 2416.87508073 4500.0
1512262865.49 2421.0313267 4500.0
1512262865.6 2424.97976036 4500.0
1512262865.69 2428.73077234 4500.0
1512262865.79 2432.29423373 4500.0
1512262865.89 2435.67952204 4500.0
1512262865.99 2438.89554594 4500.0
1512262866.09 2441.95076864 4500.0
1512262866.19 2444.85323021 4500.0
1512262866.29 2447.6105687 4500.0
1512262866.39 2450.23004026 4500.0
1512262866.5 2452.71853825 4500.0
1512262866.59 2455.08261134 4500.0
1512262866.7 2457.32848077 4500.0
1512262866.79 2459.46205673 4500.0
1512262866.9 2461.4889539 4500.0
1512262866.99 2463.4145062 4500.0
1512262867.09 2465.24378089 4500.0
1512262867.2 2466.98159185 4500.0
1512262867.3 2468.63251225 4500.0
1512262867.39 2470.20088664 4500.0
1512262867.5 2471.69084231 4500.0
1512262867.6 2473.10630019 4500.0
1512262867.7 2474.45098518 4500.0
1512262867.79 2475.72843592 4500.0
1512262867.9 2476.94201413 4500.0
1512262868.0 2478.09491342 4500.0
1512262868.1 2479.19016775 4500.0
1512262868.2 2480.23065936 4500.0
1512262868.3 2481.2191264 4500.0
1512262868.4 2482.15817008 4500.0
1512262868.5 2483.05026157 4500.0
1512262868.6 2483.89774849 4500.0
1512262868.7 2484.70286107 4500.0
1512262868.8 2485.46771802 4500.0
1512262868.9 2486.19433211 4500.0
1512262869.0 2486.88461551 4500.0
1512262869.1 2487.54038473 4500.0
1512262869.2 2488.1633655 4500.0
1512262869.3 2488.75519722 4500.0
1512262869.4 2489.31743736 4500.0
1512262869.5 2489.85156549 4500.0
1512262869.6 2490.35898722 4500.0
1512262869.7 2490.84103786 4500.0
1512262869.8 2491.29898596 4500.0
1512262869.9 2491.73403667 4500.0
1512262870.0 2492.14733483 4500.0
1512262870.1 2492.53996809 4500.0
1512262870.2 2492.91296969 4500.0
1512262870.3 2493.2673212 4500.0
1512262870.4 2493.60395514 4500.0
1512262870.51 2493.92375739 4500.0
1512262870.61 2494.22756952 4500.0
1512262870.7 2494.51619104 4500.0
1512262870.81 2494.79038149 4500.0
1512262870.91 2495.05086241 4500.0
1512262871.01 2495.29831929 4500.0
1512262871.1 2495.53340333 4500.0
1512262871.2 2495.75673316 4500.0
1512262871.31 2495.9688965 4500.0
1512262871.4 2496.17045168 4500.0
1512262871.5 2496.36192909 4500.0
1512262871.61 2496.54383264 4500.0
1512262871.71 2496.71664101 4500.0
1512262871.81 2496.88080896 4500.0
1512262871.91 2497.03676851 4500.0
1512262872.01 2497.18493008 4500.0
1512262872.11 2497.32568358 4500.0
1512262872.21 2497.4593994 4500.0
1512262872.31 2497.58642943 4500.0
1512262872.4 2497.70710796 4500.0
1512262872.51 2497.82175256 4500.0
1512262872.61 2497.93066493 4500.0
1512262872.71 2498.03413169 4500.0
1512262872.81 2498.1324251 4500.0
1512262872.91 2498.22580385 4500.0
1512262873.01 2498.31451365 4500.0
1512262873.11 2498.39878797 4500.0
1512262873.21 2498.47884857 4500.0
1512262873.31 2498.55490614 4500.0
1512262873.41 2498.62716084 4500.0
1512262873.52 2498.6958028 4500.0
1512262873.61 2498.76101266 4500.0
1512262873.71 2498.82296202 4500.0
1512262873.81 2498.88181392 4500.0
1512262873.91 2498.93772323 4500.0
1512262874.01 2498.99083706 4500.0
1512262874.11 2499.04129521 4500.0
1512262874.21 2499.08923045 4500.0
1512262874.31 2499.13476893 4500.0
1512262874.41 2499.17803048 4500.0
1512262874.51 2499.21912896 4500.0
1512262874.61 2499.25817251 4500.0
1512262874.71 2499.29526388 4500.0
1512262874.81 2499.33050069 4500.0
1512262874.92 2499.36397566 4500.0
1512262875.01 2499.39577687 4500.0
1512262875.16 2499.42598803 4500.0
1512262875.22 2499.45468863 4500.0
1512262875.31 2499.4819542 4500.0
1512262875.48 2499.50785649 4500.0
1512262875.54 2499.53246366 4500.0
1512262875.64 2499.55584048 4500.0
1512262875.74 2499.57804846 4500.0
1512262875.84 2499.59914603 4500.0
1512262875.94 2499.61918873 4500.0
1512262876.04 2499.63822929 4500.0
1512262876.14 2499.65631783 4500.0
1512262876.24 2499.67350194 4500.0
1512262876.34 2499.68982684 4500.0
1512262876.44 2499.7053355 4500.0
1512262876.54 2499.72006872 4500.0
1512262876.63 2499.73406529 4500.0
1512262876.74 2499.74736202 4500.0
1512262876.84 2499.75999392 4500.0
1512262877.01 2499.77199423 4500.0
1512262877.08 2499.78339451 4500.0
1512262877.17 2499.79422479 4500.0
1512262877.28 2499.80451355 4500.0
1512262877.38 2499.81428787 4500.0
1512262877.47 2499.82357348 4500.0
1512262877.57 2499.8323948 4500.0
1512262877.67 2499.84077506 4500.0
1512262877.77 2499.84873631 4500.0
1512262877.87 2499.8562995 4500.0
1512262877.97 2499.86348452 4500.0
1512262878.07 2499.87031029 4500.0
1512262878.17 2499.87679478 4500.0
1512262878.27 2499.88295504 4500.0
1512262878.45 2499.88880729 4500.0
1512262878.51 2499.89436692 4500.0
1512262878.61 2499.89964858 4500.0
1512262878.71 2499.90466615 4500.0
1512262878.81 2499.90943284 4500.0
1512262878.91 2499.9139612 4500.0
1512262879.01 2499.91826314 4500.0
1512262879.11 2499.92234998 4500.0
1512262879.21 2499.92623248 4500.0
1512262879.31 2499.92992086 4500.0
1512262879.41 2499.93342482 4500.0
1512262879.52 2499.93675358 4500.0
1512262879.62 2499.9399159 4500.0
1512262879.71 2499.9429201 4500.0
1512262879.82 2499.9457741 4500.0
1512262879.92 2499.94848539 4500.0
1512262880.02 2499.95106112 4500.0
1512262880.12 2499.95350807 4500.0
1512262880.21 2499.95583266 4500.0
1512262880.31 2499.95804103 4500.0
1512262880.41 2499.96013898 4500.0
1512262880.51 2499.96213203 4500.0
1512262880.61 2499.96402543 4500.0
1512262880.71 2499.96582416 4500.0
1512262880.82 2499.96753295 4500.0
1512262880.91 2499.9691563 4500.0
1512262881.01 2499.97069849 4500.0
1512262881.12 2499.97216356 4500.0
1512262881.22 2499.97355538 4500.0
1512262881.32 2499.97487761 4500.0
1512262881.41 2499.97613373 4500.0
1512262881.52 2499.97732705 4500.0
1512262881.61 2499.97846069 4500.0
1512262881.72 2499.97953766 4500.0
1512262881.82 2499.98056078 4500.0
1512262881.92 2499.98153274 4500.0
1512262882.02 2499.9824561 4500.0
1512262882.12 2499.9833333 4500.0
1512262882.22 2499.98416663 4500.0
1512262882.32 2499.9849583 4500.0
1512262882.42 2499.98571038 4500.0
1512262882.59 2499.98642487 4500.0
1512262882.67 2499.98710362 4500.0
1512262882.77 2499.98774844 4500.0
1512262882.87 2499.98836102 4500.0
1512262882.97 2499.98894297 4500.0
1512262883.08 2499.98949582 4500.0
1512262883.2 2499.99002103 4500.0
1512262883.27 2499.99051998 4500.0
1512262883.41 2499.99099398 4500.0
1512262883.48 2499.99144428 4500.0
1512262883.57 2499.99187207 4500.0
1512262883.68 2499.99227846 4500.0
1512262883.77 2499.99266454 4500.0
1512262883.87 2499.99303131 4500.0
1512262883.97 2499.99337975 4500.0
1512262884.08 2499.99371076 4500.0
1512262884.18 2499.99402522 4500.0
1512262884.27 2499.99432396 4500.0
1512262884.37 2499.99460776 4500.0
1512262884.47 2499.99487737 4500.0
1512262884.64 2499.99513351 4500.0
1512262884.71 2499.99537683 4500.0
1512262884.8 2499.99560799 4500.0
1512262884.9 2499.99582759 4500.0
1512262885.01 2499.99603621 4500.0
1512262885.1 2499.9962344 4500.0
1512262885.21 2499.99642268 4500.0
1512262885.31 2499.99660155 4500.0
1512262885.41 2499.99677147 4500.0
1512262885.51 2499.99693289 4500.0
1512262885.61 2499.99708625 4500.0
1512262885.71 2499.99723194 4500.0
1512262885.81 2499.99737034 4500.0
1512262885.91 2499.99750182 4500.0
1512262886.0 2499.99762673 4500.0
1512262886.1 2499.9977454 4500.0
1512262886.2 2499.99785813 4500.0
1512262886.3 2499.99796522 4500.0
1512262886.41 2499.99806696 4500.0
1512262886.51 2499.99816361 4500.0
1512262886.61 2499.99825543 4500.0
1512262886.7 2499.99834266 4500.0
1512262886.81 2499.99842553 4500.0
1512262886.91 2499.99850425 4500.0
1512262887.01 2499.99857904 4500.0
1512262887.11 2499.99865009 4500.0
1512262887.2 2499.99871758 4500.0
1512262887.3 2499.9987817 4500.0
1512262887.4 2499.99884262 4500.0
1512262887.5 2499.99890049 4500.0
1512262887.6 2499.99895546 4500.0
1512262887.7 2499.99900769 4500.0
1512262887.8 2499.9990573 4500.0
1512262887.91 2499.99910444 4500.0
1512262888.01 2499.99914922 4500.0
1512262888.11 2499.99919176 4500.0
1512262888.21 2499.99923217 4500.0
1512262888.32 2499.99927056 4500.0
1512262888.42 2499.99930703 4500.0
1512262888.51 2499.99934168 4500.0
1512262888.61 2499.9993746 4500.0
1512262888.71 2499.99940587 4500.0
1512262888.81 2499.99943557 4500.0
1512262888.91 2499.99946379 4500.0
1512262889.01 2499.9994906 4500.0
1512262889.11 2499.99951607 4500.0
1512262889.21 2499.99954027 4500.0
1512262889.38 2499.99956326 4500.0
1512262889.46 2499.99958509 4500.0
1512262889.55 2499.99960584 4500.0
1512262889.65 2499.99962555 4500.0
1512262889.75 2499.99964427 4500.0
1512262889.85 2499.99966206 4500.0
1512262889.95 2499.99967895 4500.0
1512262890.11 2499.99969501 4500.0
1512262890.19 2499.99971026 4500.0
1512262890.29 2499.99972474 4500.0
1512262890.39 2499.99973851 4500.0
1512262890.48 2499.99975158 4500.0
1512262890.59 2499.999764 4500.0
1512262890.69 2499.9997758 4500.0
1512262890.79 2499.99978701 4500.0
1512262890.89 2499.99979766 4500.0
1512262890.99 2499.99980778 4500.0
1512262891.09 2499.99981739 4500.0
1512262891.19 2499.99982652 4500.0
1512262891.29 2499.99983519 4500.0
1512262891.39 2499.99984343 4500.0
1512262891.49 2499.99985126 4500.0
1512262891.59 2499.9998587 4500.0
1512262891.69 2499.99986576 4500.0
1512262891.79 2499.99987248 4500.0
1512262891.88 2499.99987885 4500.0
1512262892.05 2499.99988491 4500.0
1512262892.12 2499.99989066 4500.0
1512262892.21 2499.99989613 4500.0
1512262892.39 2499.99990132 4500.0
1512262892.5 2499.99990626 4500.0
1512262892.58 2499.99991095 4500.0
1512262892.67 2499.9999154 4500.0
1512262892.77 2499.99991963 4500.0
1512262892.88 2499.99992365 4500.0
1512262892.98 2499.99992746 4500.0
1512262893.14 2499.99993109 4500.0
1512262893.21 2499.99993454 4500.0
1512262893.3 2499.99993781 4500.0
1512262893.4 2499.99994092 4500.0
1512262893.51 2499.99994387 4500.0
1512262893.61 2499.99994668 4500.0
1512262893.71 2499.99994935 4500.0
1512262893.81 2499.99995188 4500.0
1512262893.91 2499.99995428 4500.0
1512262894.01 2541.66662324 4500.0
1512262894.11 2581.24995874 4500.0
1512262894.21 2618.85412747 4500.0
1512262894.31 2654.57808776 4500.0
1512262894.41 2688.51585004 4500.0
1512262894.51 2720.75672421 4500.0
1512262894.61 2751.38555466 4500.0
1512262894.71 2780.4829436 4500.0
1512262894.81 2808.12546308 4500.0
1512262894.92 2834.3858566 4500.0
1512262895.01 2859.33323043 4500.0
1512262895.11 2883.03323558 4500.0
1512262895.22 2905.54824047 4500.0
1512262895.31 2926.93749511 4500.0
1512262895.41 2947.25728702 4500.0
1512262895.51 2966.56108934 4500.0
1512262895.61 2984.89970154 4500.0
1512262895.71 3002.32138313 4500.0
1512262895.82 3018.87198064 4500.0
1512262895.92 3034.59504827 4500.0
1512262896.01 3049.53196252 4500.0
1512262896.12 3063.72203106 4500.0
1512262896.22 3077.20259618 4500.0
1512262896.32 3090.00913304 4500.0
1512262896.42 3102.17534305 4500.0
1512262896.52 3113.73324256 4500.0
1512262896.62 3124.7132471 4500.0
1512262896.72 3135.14425141 4500.0
1512262896.81 3145.05370551 4500.0
1512262896.92 3154.4676869 4500.0
1512262897.02 3163.41096922 4500.0
1512262897.12 3171.90708743 4500.0
1512262897.22 3179.97839972 4500.0
1512262897.32 3187.6461464 4500.0
1512262897.42 3194.93050575 4500.0
1512262897.52 3201.85064713 4500.0
1512262897.62 3208.42478144 4500.0
1512262897.72 3214.67020903 4500.0
1512262897.82 3220.60336525 4500.0
1512262897.92 3226.23986365 4500.0
1512262898.03 3231.59453714 4500.0
1512262898.12 3236.68147695 4500.0
1512262898.22 3241.51406977 4500.0
1512262898.32 3246.10503295 4500.0
1512262898.42 3250.46644796 4500.0
1512262898.52 3254.60979223 4500.0
1512262898.62 3258.54596929 4500.0
1512262898.72 3262.28533749 4500.0
1512262898.83 3265.83773728 4500.0
1512262898.93 3269.21251709 4500.0
1512262899.02 3272.4185579 4500.0
1512262899.12 3275.46429667 4500.0
1512262899.22 3278.3577485 4500.0
1512262899.33 3281.10652774 4500.0
1512262899.42 3283.71786802 4500.0
1512262899.52 3286.19864129 4500.0
1512262899.62 3288.55537589 4500.0
1512262899.72 3290.79427376 4500.0
1512262899.82 3292.92122674 4500.0
1512262899.92 3294.94183207 4500.0
1512262900.03 3296.86140713 4500.0
1512262900.13 3298.68500344 4500.0
1512262900.22 3300.41741994 4500.0
1512262900.33 3302.06321561 4500.0
1512262900.42 3303.62672149 4500.0
1512262900.53 3305.11205209 4500.0
1512262900.63 3306.52311615 4500.0
1512262900.72 3307.86362701 4500.0
1512262900.83 3309.13711232 4500.0
1512262900.92 3310.34692338 4500.0
1512262901.03 3311.49624387 4500.0
1512262901.13 3312.58809835 4500.0
1512262901.23 3313.6253601 4500.0
1512262901.32 3314.61075876 4500.0
1512262901.42 3315.54688749 4500.0
1512262901.53 3316.43620978 4500.0
1512262901.63 3317.28106596 4500.0
1512262901.73 3318.08367932 4500.0
1512262901.83 3318.84616203 4500.0
1512262901.94 3319.57052059 4500.0
1512262902.03 3320.25866123 4500.0
1512262902.13 3320.91239483 4500.0
1512262902.23 3321.53344176 4500.0
1512262902.33 3322.12343634 4500.0
1512262902.43 3322.68393119 4500.0
1512262902.53 3323.21640129 4500.0
1512262902.64 3323.7222479 4500.0
1512262902.73 3324.20280217 4500.0
1512262902.83 3324.65932873 4500.0
1512262902.93 3325.09302896 4500.0
1512262903.03 3325.50504418 4500.0
1512262903.13 3325.89645863 4500.0
1512262903.23 3326.26830237 4500.0
1512262903.33 3326.62155392 4500.0
1512262903.43 3326.95714289 4500.0
1512262903.53 3327.27595241 4500.0
1512262903.63 3327.57882146 4500.0
1512262903.73 3327.86654705 4500.0
1512262903.84 3328.13988636 4500.0
1512262903.93 3328.39955871 4500.0
1512262904.03 3328.64624744 4500.0
1512262904.13 3328.88060174 4500.0
1512262904.23 3329.10323832 4500.0
1512262904.33 3329.31474307 4500.0
1512262904.43 3329.51567258 4500.0
1512262904.53 3329.70655562 4500.0
1512262904.63 3329.88789451 4500.0
1512262904.73 3330.06016645 4500.0
1512262904.83 3330.22382479 4500.0
1512262904.93 3330.37930022 4500.0
1512262905.04 3330.52700187 4500.0
1512262905.14 3330.66731845 4500.0
1512262905.24 3330.80061919 4500.0
1512262905.34 3330.9272549 4500.0
1512262905.44 3331.04755882 4500.0
1512262905.53 3331.16184755 4500.0
1512262905.63 3331.27042183 4500.0
1512262905.74 3331.37356741 4500.0
1512262905.84 3331.47155571 4500.0
1512262905.94 3331.56464459 4500.0
1512262906.03 3331.65307902 4500.0
1512262906.14 3331.73709174 4500.0
1512262906.24 3331.81690382 4500.0
1512262906.34 3331.8927253 4500.0
1512262906.44 3331.9647557 4500.0
1512262906.54 3332.03318458 4500.0
1512262906.63 3332.09819202 4500.0
1512262906.74 3332.15994908 4500.0
1512262906.83 3332.2186183 4500.0
1512262906.94 3332.27435405 4500.0
1512262907.04 3332.32730301 4500.0
1512262907.13 3332.37760453 4500.0
1512262907.24 3332.42539097 4500.0
1512262907.34 3332.47078809 4500.0
1512262907.44 3332.51391535 4500.0
1512262907.54 3332.55488625 4500.0
1512262907.64 3332.5938086 4500.0
1512262907.74 3332.63078484 4500.0
1512262907.84 3332.66591226 4500.0
1512262907.94 3332.69928332 4500.0
1512262908.04 3332.73098582 4500.0
1512262908.14 3332.76110319 4500.0
1512262908.24 3332.7897147 4500.0
1512262908.34 3332.81689563 4500.0
1512262908.44 3332.84271752 4500.0
1512262908.54 3332.86724831 4500.0
1512262908.64 3332.89055256 4500.0
1512262908.74 3332.9126916 4500.0
1512262908.84 3332.93372368 4500.0
1512262908.94 3332.95370417 4500.0
1512262909.04 3332.97268563 4500.0
1512262909.14 3332.99071801 4500.0
1512262909.24 3333.00784878 4500.0
1512262909.35 3333.024123 4500.0
1512262909.45 3333.03958352 4500.0
1512262909.55 3333.05427101 4500.0
1512262909.64 3333.06822413 4500.0
1512262909.74 3333.08147959 4500.0
1512262909.84 3333.09407228 4500.0
1512262909.94 3333.10603533 4500.0
1512262910.04 3333.11740023 4500.0
1512262910.14 3333.12819688 4500.0
1512262910.25 3333.13845371 4500.0
1512262910.35 3333.14819769 4500.0
1512262910.45 3333.15745447 4500.0
1512262910.55 3333.16624841 4500.0
1512262910.65 3333.17460266 4500.0
1512262910.75 3333.18253919 4500.0
1512262910.84 3333.1900789 4500.0
1512262910.95 3333.19724162 4500.0
1512262911.04 3333.20404621 4500.0
1512262911.15 3333.21051056 4500.0
1512262911.24 3333.2166517 4500.0
1512262911.35 3333.22248578 4500.0
1512262911.44 3333.22802816 4500.0
1512262911.55 3333.23329342 4500.0
1512262911.64 3333.23829542 4500.0
1512262911.74 3333.24304731 4500.0
1512262911.85 3333.24756161 4500.0
1512262911.95 3333.2518502 4500.0
1512262912.05 3333.25592436 4500.0
1512262912.14 3333.2597948 4500.0
1512262912.25 3333.26347173 4500.0
1512262912.34 3333.26696481 4500.0
1512262912.45 3333.27028324 4500.0
1512262912.55 3333.27343574 4500.0
1512262912.66 3333.27643062 4500.0
1512262912.75 3333.27927576 4500.0
1512262912.85 3333.28197864 4500.0
1512262912.96 3333.28454637 4500.0
1512262913.06 3333.28698572 4500.0
1512262913.17 3333.2893031 4500.0
1512262913.27 3333.29150461 4500.0
1512262913.36 3333.29359605 4500.0
1512262913.47 3333.29558291 4500.0
1512262913.57 3333.29747043 4500.0
1512262913.66 3333.29926358 4500.0
1512262913.76 3333.30096707 4500.0
1512262913.86 3333.30258538 4500.0
1512262913.96 3333.30412278 4500.0
1512262914.06 3333.3055833 4500.0
1512262914.16 3333.30697081 4500.0
1512262914.27 3333.30828893 4500.0
1512262914.36 3333.30954115 4500.0
1512262914.46 3333.31073076 4500.0
1512262914.56 3333.31186089 4500.0
1512262914.66 3333.31293451 4500.0
1512262914.76 3333.31395445 4500.0
1512262914.86 3333.3149234 4500.0
1512262914.97 3333.31584389 4500.0
1512262915.06 3333.31671837 4500.0
1512262915.16 3333.31754911 4500.0
1512262915.26 3333.31833833 4500.0
1512262915.36 3333.31908808 4500.0
1512262915.47 3333.31980034 4500.0
1512262915.56 3333.32047699 4500.0
1512262915.66 3333.32111981 4500.0
1512262915.76 3333.32173048 4500.0
1512262915.86 3333.32231062 4500.0
1512262915.97 3333.32286176 4500.0
1512262916.07 3333.32338534 4500.0
1512262916.17 3333.32388274 4500.0
1512262916.27 3333.32435527 4500.0
1512262916.36 3333.32480417 4500.0
1512262916.47 3333.32523063 4500.0
1512262916.57 3333.32563576 4500.0
1512262916.67 3333.32602064 4500.0
1512262916.77 3333.32638628 4500.0
1512262916.87 3333.32673363 4500.0
1512262916.97 3333.32706362 4500.0
1512262917.07 3333.3273771 4500.0
1512262917.17 3333.32767491 4500.0
1512262917.27 3333.32795783 4500.0
1512262917.37 3333.32822661 4500.0
1512262917.47 3333.32848195 4500.0
1512262917.57 3333.32872451 4500.0
1512262917.67 3333.32895496 4500.0
1512262917.77 3333.32917387 4500.0
1512262917.87 3333.32938185 4500.0
1512262917.97 3333.32957942 4500.0
1512262918.07 3333.32976712 4500.0
1512262918.17 3333.32994543 4500.0
1512262918.27 3333.33011482 4500.0
1512262918.37 3333.33027575 4500.0
1512262918.47 3333.33042863 4500.0
1512262918.58 3333.33057386 4500.0
1512262918.67 3333.33071184 4500.0
1512262918.77 3333.33084291 4500.0
1512262918.87 3333.33096743 4500.0
1512262918.97 3333.33108573 4500.0
1512262919.07 3333.33119811 4500.0
1512262919.17 3333.33130487 4500.0
1512262919.28 3333.33140629 4500.0
1512262919.37 3333.33150264 4500.0
1512262919.48 3333.33159418 4500.0
1512262919.57 3333.33168114 4500.0
1512262919.67 3333.33176375 4500.0
1512262919.77 3333.33184223 4500.0
1512262919.87 3333.33191678 4500.0
1512262919.98 3333.33198761 4500.0
1512262920.08 3333.3320549 4500.0
1512262920.17 3333.33211882 4500.0
1512262920.27 3333.33217954 4500.0
1512262920.37 3333.33223723 4500.0
1512262920.48 3333.33229204 4500.0
1512262920.58 3333.3323441 4500.0
1512262920.68 3333.33239356 4500.0
1512262920.78 3333.33244055 4500.0
1512262920.88 3333.33248519 4500.0
1512262920.97 3333.3325276 4500.0
1512262921.08 3333.33256789 4500.0
1512262921.19 3333.33260616 4500.0
1512262921.28 3333.33264252 4500.0
1512262921.38 3333.33267706 4500.0
1512262921.47 3333.33270987 4500.0
1512262921.58 3333.33274104 4500.0
1512262921.68 3333.33277066 4500.0
1512262921.78 3333.33279879 4500.0
1512262921.87 3333.33282552 4500.0
1512262921.98 3333.33285091 4500.0
1512262922.08 3333.33287503 4500.0
1512262922.17 3333.33289795 4500.0
1512262922.27 3333.33291972 4500.0
1512262922.38 3333.3329404 4500.0
1512262922.48 3333.33296004 4500.0
1512262922.58 3333.33297871 4500.0
1512262922.68 3333.33299644 4500.0
1512262922.78 3333.33301328 4500.0
1512262922.88 3333.33302929 4500.0
1512262922.98 3333.33304449 4500.0
1512262923.08 3333.33305893 4500.0
1512262923.19 3333.33307265 4500.0
1512262923.28 3333.33308569 4500.0
1512262923.38 3333.33309807 4500.0
1512262923.48 3333.33310983 4500.0
1512262923.58 3333.33312101 4500.0
1512262923.68 3333.33313162 4500.0
1512262923.79 3333.33314171 4500.0
1512262923.88 3333.33315129 4500.0
1512262923.98 3333.33316039 4500.0
1512262924.08 3333.33316904 4500.0
1512262924.19 3333.33317725 4500.0
1512262924.29 3333.33318506 4500.0
1512262924.39 3333.33319247 4500.0
1512262924.49 3333.33319951 4500.0
1512262924.58 3333.33320621 4500.0
1512262924.68 3333.33321256 4500.0
1512262924.78 3333.3332186 4500.0
1512262924.89 3333.33322434 4500.0
1512262924.98 3333.33322979 4500.0
1512262925.09 3333.33323496 4500.0
1512262925.19 3333.33323988 4500.0
1512262925.28 3333.33324455 4500.0
1512262925.38 3333.33324899 4500.0
1512262925.48 3333.33325321 4500.0
1512262925.59 3333.33325722 4500.0
1512262925.69 3333.33326102 4500.0
1512262925.78 3333.33326464 4500.0
1512262925.88 3333.33326807 4500.0
1512262925.99 3333.33327134 4500.0
1512262926.09 3333.33327444 4500.0
1512262926.18 3333.33327738 4500.0
1512262926.29 3333.33328018 4500.0
1512262926.39 3333.33328284 4500.0
1512262926.49 3333.33328536 4500.0
1512262926.59 3333.33328776 4500.0
1512262926.69 3333.33329004 4500.0
1512262926.79 3333.3332922 4500.0
1512262926.89 3333.33329426 4500.0
1512262926.99 3333.33329621 4500.0
1512262927.09 3333.33329807 4500.0
1512262927.19 3333.33329983 4500.0
1512262927.29 3333.33330151 4500.0
1512262927.39 3333.3333031 4500.0
1512262927.49 3333.33330461 4500.0
1512262927.58 3333.33330605 4500.0
1512262927.7 3333.33330741 4500.0
1512262927.8 3333.33330871 4500.0
1512262927.89 3333.33330994 4500.0
1512262927.99 3333.33331111 4500.0
1512262928.09 3333.33331222 4500.0
1512262928.19 3333.33331328 4500.0
1512262928.29 3333.33331428 4500.0
1512262928.4 3333.33331523 4500.0
1512262928.5 3333.33331614 4500.0
1512262928.59 3333.333317 4500.0
1512262928.69 3333.33331781 4500.0
1512262928.8 3333.33331859 4500.0
1512262928.89 3333.33331933 4500.0
1512262928.99 3333.33332003 4500.0
1512262929.09 3333.33332069 4500.0
1512262929.19 3333.33332132 4500.0
1512262929.3 3333.33332192 4500.0
1512262929.4 3333.33332249 4500.0
1512262929.49 3333.33332304 4500.0
1512262929.59 3333.33332355 4500.0
1512262929.69 3333.33332404 4500.0
1512262929.8 3333.33332451 4500.0
1512262929.89 3333.33332495 4500.0
1512262929.99 3333.33332537 4500.0
1512262930.1 3333.33332576 4500.0
1512262930.19 3333.33332614 4500.0
1512262930.3 3333.3333265 4500.0
1512262930.4 3333.33332684 4500.0
1512262930.5 3333.33332717 4500.0
1512262930.6 3333.33332748 4500.0
1512262930.7 3333.33332777 4500.0
1512262930.8 3333.33332805 4500.0
1512262930.9 3333.33332831 4500.0
1512262931.0 3333.33332856 4500.0
1512262931.1 3333.3333288 4500.0
1512262931.2 3333.33332903 4500.0
1512262931.3 3333.33332924 4500.0
1512262931.39 3333.33332945 4500.0
1512262931.5 3333.33332964 4500.0
1512262931.6 3333.33332983 4500.0
1512262931.71 3333.33333 4500.0
1512262931.81 3333.33333017 4500.0
1512262931.91 3333.33333033 4500.0
1512262932.0 3333.33333048 4500.0
1512262932.11 3333.33333062 4500.0
1512262932.21 3333.33333076 4500.0
1512262932.3 3333.33333088 4500.0
1512262932.41 3333.33333101 4500.0
1512262932.5 3333.33333112 4500.0
1512262932.6 3333.33333123 4500.0
1512262932.7 3333.33333134 4500.0
1512262932.81 3333.33333144 4500.0
1512262932.91 3333.33333153 4500.0
1512262933.0 3333.33333162 4500.0
1512262933.11 3333.33333171 4500.0
1512262933.21 3333.33333179 4500.0
1512262933.3 3333.33333187 4500.0
1512262933.41 3333.33333194 4500.0
1512262933.51 3333.33333201 4500.0
1512262933.61 3333.33333208 4500.0
1512262933.71 3333.33333214 4500.0
1512262933.81 3333.3333322 4500.0
1512262933.91 3333.33333226 4500.0
1512262934.01 3333.33333231 4500.0
1512262934.11 3333.33333236 4500.0
1512262934.21 3333.33333241 4500.0
1512262934.31 3333.33333246 4500.0
1512262934.42 3333.3333325 4500.0
1512262934.51 3333.33333254 4500.0
1512262934.61 3333.33333258 4500.0
1512262934.71 3333.33333262 4500.0
1512262934.81 3333.33333265 4500.0
1512262934.91 3333.33333269 4500.0
1512262935.01 3333.33333272 4500.0
1512262935.11 3333.33333275 4500.0
1512262935.2 3333.33333278 4500.0
1512262935.31 3333.33333281 4500.0
1512262935.42 3333.33333283 4500.0
1512262935.51 3333.33333286 4500.0
1512262935.61 3333.33333288 4500.0
1512262935.71 3333.33333291 4500.0
1512262935.81 3333.33333293 4500.0
1512262935.93 3333.33333295 4500.0
1512262936.02 3333.33333297 4500.0
1512262936.12 3333.33333298 4500.0
1512262936.21 3333.333333 4500.0
1512262936.31 3333.33333302 4500.0
1512262936.41 3333.33333303 4500.0
1512262936.52 3333.33333305 4500.0
1512262936.62 3333.33333306 4500.0
1512262936.72 3333.33333308 4500.0
1512262936.81 3333.33333309 4500.0
1512262936.92 3333.3333331 4500.0
1512262937.02 3333.33333311 4500.0
1512262937.12 3333.33333312 4500.0
1512262937.22 3333.33333313 4500.0
1512262937.32 3333.33333314 4500.0
1512262937.41 3333.33333315 4500.0
1512262937.51 3333.33333316 4500.0
1512262937.62 3333.33333317 4500.0
1512262937.72 3333.33333318 4500.0
1512262937.82 3333.33333319 4500.0
1512262937.92 3333.33333319 4500.0
1512262938.03 3333.3333332 4500.0
1512262938.11 3333.33333321 4500.0
1512262938.22 3333.33333321 4500.0
1512262938.32 3333.33333322 4500.0
1512262938.41 3333.33333323 4500.0
1512262938.51 3333.33333323 4500.0
1512262938.62 3333.33333324 4500.0
1512262938.72 3333.33333324 4500.0
1512262938.82 3333.33333325 4500.0
1512262938.92 3333.33333325 4500.0
1512262939.02 3333.33333325 4500.0
1512262939.12 3333.33333326 4500.0
1512262939.22 3333.33333326 4500.0
1512262939.32 3333.33333327 4500.0
1512262939.42 3333.33333327 4500.0
1512262939.52 3333.33333327 4500.0
1512262939.63 3333.33333328 4500.0
1512262939.73 3333.33333328 4500.0
1512262939.82 3333.33333328 4500.0
1512262939.92 3333.33333328 4500.0
1512262940.02 3333.33333329 4500.0
1512262940.13 3333.33333329 4500.0
1512262940.22 3333.33333329 4500.0
1512262940.32 3333.33333329 4500.0
1512262940.41 3333.33333329 4500.0
1512262940.51 3333.3333333 4500.0
1512262940.61 3333.3333333 4500.0
1512262940.72 3333.3333333 4500.0
1512262940.81 3333.3333333 4500.0
1512262940.92 3333.3333333 4500.0
1512262941.02 3333.33333331 4500.0
1512262941.12 3333.33333331 4500.0
1512262941.22 3333.33333331 4500.0
1512262941.32 3333.33333331 4500.0
1512262941.42 3333.33333331 4500.0
1512262941.52 3333.33333331 4500.0
1512262941.62 3333.33333331 4500.0
1512262941.73 3333.33333331 4500.0
1512262941.82 3333.33333331 4500.0
1512262941.92 3333.33333332 4500.0
1512262942.02 3333.33333332 4500.0
1512262942.12 3333.33333332 4500.0
1512262942.22 3333.33333332 4500.0
1512262942.32 3333.33333332 4500.0
1512262942.42 3333.33333332 4500.0
1512262942.52 3333.33333332 4500.0
1512262942.62 3333.33333332 4500.0
1512262942.73 3333.33333332 4500.0
1512262942.82 3333.33333332 4500.0
1512262942.93 3333.33333332 4500.0
1512262943.03 3333.33333332 4500.0
1512262943.13 3333.33333332 4500.0
1512262943.22 3333.33333332 4500.0
1512262943.33 3333.33333332 4500.0
1512262943.43 3333.33333333 4500.0
1512262943.52 3333.33333333 4500.0
1512262943.62 3333.33333333 4500.0
1512262943.73 3333.33333333 4500.0
1512262943.82 3333.33333333 4500.0
1512262943.93 3333.33333333 4500.0
1512262944.02 3333.33333333 4500.0
1512262944.13 3333.33333333 4500.0
1512262944.22 3333.33333333 4500.0
1512262944.32 3333.33333333 4500.0
1512262944.43 3333.33333333 4500.0
1512262944.53 3333.33333333 4500.0
1512262944.62 3333.33333333 4500.0
1512262944.72 3333.33333333 4500.0
1512262944.82 3333.33333333 4500.0
1512262944.93 3333.33333333 4500.0
1512262945.03 3333.33333333 4500.0
1512262945.12 3333.33333333 4500.0
1512262945.22 3333.33333333 4500.0
1512262945.32 3333.33333333 4500.0
1512262945.42 3333.33333333 4500.0
1512262945.53 3333.33333333 4500.0
1512262945.62 3333.33333333 4500.0
1512262945.72 3333.33333333 4500.0
1512262945.83 3333.33333333 4500.0
1512262945.93 3333.33333333 4500.0
1512262946.03 3333.33333333 4500.0
1512262946.13 3333.33333333 4500.0
1512262946.23 3333.33333333 4500.0
1512262946.34 3333.33333333 4500.0
1512262946.43 3333.33333333 4500.0
1512262946.53 3333.33333333 4500.0
1512262946.63 3333.33333333 4500.0
1512262946.73 3333.33333333 4500.0
1512262946.82 3333.33333333 4500.0
1512262946.93 3333.33333333 4500.0
1512262947.03 3333.33333333 4500.0
1512262947.13 3333.33333333 4500.0
1512262947.23 3333.33333333 4500.0
1512262947.33 3333.33333333 4500.0
1512262947.43 3333.33333333 4500.0
1512262947.53 3333.33333333 4500.0
1512262947.63 3333.33333333 4500.0
1512262947.73 3333.33333333 4500.0
1512262947.83 3333.33333333 4500.0
1512262947.93 3333.33333333 4500.0
1512262948.03 3333.33333333 4500.0
1512262948.13 3333.33333333 4500.0
1512262948.23 3333.33333333 4500.0
1512262948.33 3333.33333333 4500.0
1512262948.43 3333.33333333 4500.0
1512262948.53 3333.33333333 4500.0
1512262948.63 3333.33333333 4500.0
1512262948.73 3333.33333333 4500.0
1512262948.83 3333.33333333 4500.0
1512262948.94 3333.33333333 4500.0
1512262949.04 3333.33333333 4500.0
1512262949.14 3333.33333333 4500.0
1512262949.24 3333.33333333 4500.0
1512262949.33 3333.33333333 4500.0
1512262949.44 3333.33333333 4500.0
1512262949.53 3333.33333333 4500.0
1512262949.63 3333.33333333 4500.0
1512262949.73 3333.33333333 4500.0
1512262949.84 3333.33333333 4500.0
1512262949.93 3333.33333333 4500.0
1512262950.04 3333.33333333 4500.0
1512262950.13 3333.33333333 4500.0
1512262950.23 3333.33333333 4500.0
1512262950.33 3333.33333333 4500.0
1512262950.44 3333.33333333 4500.0
1512262950.54 3333.33333333 4500.0
1512262950.64 3333.33333333 4500.0
1512262950.74 3333.33333333 4500.0
1512262950.84 3333.33333333 4500.0
1512262950.94 3333.33333333 4500.0
1512262951.04 3333.33333333 4500.0
1512262951.14 3333.33333333 4500.0
1512262951.23 3333.33333333 4500.0
1512262951.34 3333.33333333 4500.0
1512262951.44 3333.33333333 4500.0
1512262951.54 3333.33333333 4500.0
1512262951.64 3333.33333333 4500.0
1512262951.74 3333.33333333 4500.0
1512262951.84 3333.33333333 4500.0
1512262951.94 3333.33333333 4500.0
1512262952.04 3333.33333333 4500.0
1512262952.14 3333.33333333 4500.0
1512262952.24 3333.33333333 4500.0
1512262952.34 3333.33333333 4500.0
1512262952.44 3333.33333333 4500.0
1512262952.54 3333.33333333 4500.0
1512262952.64 3333.33333333 4500.0
1512262952.74 3333.33333333 4500.0
1512262952.83 3333.33333333 4500.0
1512262952.93 3333.33333333 4500.0
1512262953.04 3333.33333333 4500.0
1512262953.14 3333.33333333 4500.0
1512262953.24 3333.33333333 4500.0
1512262953.34 3333.33333333 4500.0
1512262953.44 3333.33333333 4500.0
1512262953.55 3333.33333333 4500.0
1512262953.64 3333.33333333 4500.0
1512262953.74 3333.33333333 4500.0
1512262953.84 3333.33333333 4500.0
1512262953.94 3333.33333333 4500.0
1512262954.04 3333.33333333 4500.0
1512262954.14 3333.33333333 4500.0
1512262954.24 3333.33333333 4500.0
1512262954.35 3333.33333333 4500.0
1512262954.45 3333.33333333 4500.0
1512262954.55 3333.33333333 4500.0
1512262954.64 3333.33333333 4500.0
1512262954.75 3333.33333333 4500.0
1512262954.85 3333.33333333 4500.0
1512262954.95 3333.33333333 4500.0
1512262955.04 3333.33333333 4500.0
1512262955.14 3333.33333333 4500.0
1512262955.24 3333.33333333 4500.0
1512262955.35 3333.33333333 4500.0
1512262955.45 3333.33333333 4500.0
1512262955.55 3333.33333333 4500.0
1512262955.65 3333.33333333 4500.0
1512262955.75 3333.33333333 4500.0
1512262955.85 3333.33333333 4500.0
1512262955.95 3333.33333333 4500.0
1512262956.05 3333.33333333 4500.0
1512262956.15 3333.33333333 4500.0
1512262956.24 3333.33333333 4500.0
1512262956.35 3333.33333333 4500.0
1512262956.46 3333.33333333 4500.0
1512262956.55 3333.33333333 4500.0
1512262956.65 3333.33333333 4500.0
1512262956.75 3333.33333333 4500.0
1512262956.85 3333.33333333 4500.0
1512262956.95 3333.33333333 4500.0
1512262957.05 3333.33333333 4500.0
1512262957.15 3333.33333333 4500.0
1512262957.25 3333.33333333 4500.0
1512262957.35 3333.33333333 4500.0
1512262957.45 3333.33333333 4500.0
1512262957.55 3333.33333333 4500.0
1512262957.66 3333.33333333 4500.0
1512262957.75 3333.33333333 4500.0
1512262957.85 3333.33333333 4500.0
1512262957.95 3333.33333333 4500.0
1512262958.06 3333.33333333 4500.0
1512262958.15 3333.33333333 4500.0
1512262958.26 3333.33333333 4500.0
1512262958.36 3333.33333333 4500.0
1512262958.46 3333.33333333 4500.0
1512262958.55 3333.33333333 4500.0
1512262958.66 3333.33333333 4500.0
1512262958.76 3333.33333333 4500.0
1512262958.86 3333.33333333 4500.0
1512262958.96 3333.33333333 4500.0
1512262959.06 3333.33333333 4500.0
1512262959.15 3333.33333333 4500.0
1512262959.26 3333.33333333 4500.0
1512262959.36 3333.33333333 4500.0
1512262959.46 3333.33333333 4500.0
1512262959.55 3333.33333333 4500.0
1512262959.66 3333.33333333 4500.0
1512262959.76 3333.33333333 4500.0
1512262959.85 3333.33333333 4500.0
1512262959.95 3333.33333333 4500.0
1512262960.06 3333.33333333 4500.0
1512262960.15 3333.33333333 4500.0
1512262960.26 3333.33333333 4500.0
1512262960.36 3333.33333333 4500.0
1512262960.46 3333.33333333 4500.0
1512262960.57 3333.33333333 4500.0
1512262960.67 3333.33333333 4500.0
1512262960.76 3333.33333333 4500.0
1512262960.86 3333.33333333 4500.0
1512262960.95 3333.33333333 4500.0
1512262961.06 3333.33333333 4500.0
1512262961.16 3333.33333333 4500.0
1512262961.26 3333.33333333 4500.0
1512262961.36 3333.33333333 4500.0
1512262961.46 3333.33333333 4500.0
1512262961.56 3333.33333333 4500.0
1512262961.67 3333.33333333 4500.0
1512262961.76 3333.33333333 4500.0
1512262961.86 3333.33333333 4500.0
1512262961.96 3333.33333333 4500.0
1512262962.06 3333.33333333 4500.0
1512262962.17 3333.33333333 4500.0
1512262962.27 3333.33333333 4500.0
1512262962.37 3333.33333333 4500.0
1512262962.46 3333.33333333 4500.0
1512262962.57 3333.33333333 4500.0
1512262962.66 3333.33333333 4500.0
1512262962.77 3333.33333333 4500.0
1512262962.87 3333.33333333 4500.0
1512262962.97 3333.33333333 4500.0
1512262963.07 3333.33333333 4500.0
1512262963.17 3333.33333333 4500.0
1512262963.26 3333.33333333 4500.0
1512262963.36 3333.33333333 4500.0
1512262963.47 3333.33333333 4500.0
1512262963.57 3333.33333333 4500.0
1512262963.67 3333.33333333 4500.0
1512262963.76 3333.33333333 4500.0
1512262963.87 3333.33333333 4500.0
1512262963.97 3333.33333333 4500.0
1512262964.07 3333.33333333 4500.0
1512262964.17 3333.33333333 4500.0
1512262964.27 3333.33333333 4500.0
1512262964.36 3333.33333333 4500.0
1512262964.47 3333.33333333 4500.0
1512262964.57 3333.33333333 4500.0
1512262964.67 3333.33333333 4500.0
1512262964.77 3333.33333333 4500.0
1512262964.87 3333.33333333 4500.0
1512262964.97 3333.33333333 4500.0
1512262965.07 3333.33333333 4500.0
1512262965.17 3333.33333333 4500.0
1512262965.27 3333.33333333 4500.0
1512262965.38 3333.33333333 4500.0
1512262965.47 3333.33333333 4500.0
1512262965.58 3333.33333333 4500.0
1512262965.68 3333.33333333 4500.0
1512262965.78 3333.33333333 4500.0
1512262965.88 3333.33333333 4500.0
1512262965.97 3333.33333333 4500.0
1512262966.07 3333.33333333 4500.0
1512262966.17 3333.33333333 4500.0
1512262966.28 3333.33333333 4500.0
1512262966.37 3333.33333333 4500.0
1512262966.47 3333.33333333 4500.0
1512262966.58 3333.33333333 4500.0
1512262966.67 3333.33333333 4500.0
1512262966.77 3333.33333333 4500.0
1512262966.88 3333.33333333 4500.0
1512262966.97 3333.33333333 4500.0
1512262967.08 3333.33333333 4500.0
1512262967.18 3333.33333333 4500.0
1512262967.27 3333.33333333 4500.0
1512262967.37 3333.33333333 4500.0
1512262967.48 3333.33333333 4500.0
1512262967.57 3333.33333333 4500.0
1512262967.68 3333.33333333 4500.0
1512262967.78 3333.33333333 4500.0
1512262967.89 3333.33333333 4500.0
1512262967.98 3333.33333333 4500.0
1512262968.08 3333.33333333 4500.0
1512262968.18 3333.33333333 4500.0
1512262968.29 3333.33333333 4500.0
1512262968.38 3333.33333333 4500.0
1512262968.48 3333.33333333 4500.0
1512262968.58 3333.33333333 4500.0
1512262968.68 3333.33333333 4500.0
1512262968.78 3333.33333333 4500.0
1512262968.88 3333.33333333 4500.0
1512262968.98 3333.33333333 4500.0
1512262969.09 3333.33333333 4500.0
1512262969.18 3333.33333333 4500.0
1512262969.28 3333.33333333 4500.0
1512262969.38 3333.33333333 4500.0
1512262969.48 3333.33333333 4500.0
1512262969.58 3333.33333333 4500.0
1512262969.68 3333.33333333 4500.0
1512262969.79 3333.33333333 4500.0
1512262969.89 3333.33333333 4500.0
1512262969.99 3333.33333333 4500.0
1512262970.09 3333.33333333 4500.0
1512262970.18 3333.33333333 4500.0
1512262970.28 3333.33333333 4500.0
1512262970.39 3333.33333333 4500.0
1512262970.49 3333.33333333 4500.0
1512262970.59 3333.33333333 4500.0
1512262970.68 3333.33333333 4500.0
1512262970.79 3333.33333333 4500.0
1512262970.89 3333.33333333 4500.0
1512262970.99 3333.33333333 4500.0
1512262971.09 3333.33333333 4500.0
1512262971.19 3333.33333333 4500.0
1512262971.29 3333.33333333 4500.0
1512262971.38 3333.33333333 4500.0
1512262971.49 3333.33333333 4500.0
1512262971.59 3333.33333333 4500.0
1512262971.69 3333.33333333 4500.0
1512262971.79 3333.33333333 4500.0
1512262971.89 3333.33333333 4500.0
1512262971.99 3333.33333333 4500.0
1512262972.09 3333.33333333 4500.0
1512262972.19 3333.33333333 4500.0
1512262972.29 3333.33333333 4500.0
1512262972.39 3333.33333333 4500.0
1512262972.49 3333.33333333 4500.0
1512262972.59 3333.33333333 4500.0
1512262972.69 3333.33333333 4500.0
1512262972.79 3333.33333333 4500.0
1512262972.89 3333.33333333 4500.0
1512262972.99 3333.33333333 4500.0
1512262973.1 3333.33333333 4500.0
1512262973.2 3333.33333333 4500.0
1512262973.3 3333.33333333 4500.0
1512262973.4 3333.33333333 4500.0
1512262973.5 3333.33333333 4500.0
1512262973.6 3333.33333333 4500.0
1512262973.7 3333.33333333 4500.0
1512262973.79 3333.33333333 4500.0
1512262973.89 3333.33333333 4500.0
1512262973.99 3333.33333333 4500.0
1512262974.1 3333.33333333 4500.0
1512262974.2 3333.33333333 4500.0
1512262974.3 3333.33333333 4500.0
1512262974.39 3333.33333333 4500.0
1512262974.5 3333.33333333 4500.0
1512262974.6 3333.33333333 4500.0
1512262974.7 3333.33333333 4500.0
1512262974.79 3333.33333333 4500.0
1512262974.9 3333.33333333 4500.0
1512262974.99 3333.33333333 4500.0
1512262975.1 3333.33333333 4500.0
1512262975.19 3333.33333333 4500.0
1512262975.3 3333.33333333 4500.0
1512262975.39 3333.33333333 4500.0
1512262975.49 3333.33333333 4500.0
1512262975.59 3333.33333333 4500.0
1512262975.69 3333.33333333 4500.0
1512262975.8 3333.33333333 4500.0
1512262975.89 3333.33333333 4500.0
1512262976.0 3333.33333333 4500.0
1512262976.09 3333.33333333 4500.0
1512262976.2 3333.33333333 4500.0
1512262976.29 3333.33333333 4500.0
1512262976.39 3333.33333333 4500.0
1512262976.5 3333.33333333 4500.0
1512262976.6 3333.33333333 4500.0
1512262976.7 3333.33333333 4500.0
1512262976.8 3333.33333333 4500.0
1512262976.9 3333.33333333 4500.0
1512262977.0 3333.33333333 4500.0
1512262977.1 3333.33333333 4500.0
1512262977.2 3333.33333333 4500.0
1512262977.3 3333.33333333 4500.0
1512262977.41 3333.33333333 4500.0
1512262977.5 3333.33333333 4500.0
1512262977.6 3333.33333333 4500.0
1512262977.7 3333.33333333 4500.0
1512262977.8 3333.33333333 4500.0
1512262977.9 3333.33333333 4500.0
1512262978.0 3333.33333333 4500.0
1512262978.1 3333.33333333 4500.0
1512262978.2 3333.33333333 4500.0
1512262978.3 3333.33333333 4500.0
1512262978.39 3333.33333333 4500.0
1512262978.5 3333.33333333 4500.0
1512262978.6 3333.33333333 4500.0
1512262978.7 3333.33333333 4500.0
1512262978.8 3333.33333333 4500.0
1512262978.9 3333.33333333 4500.0
1512262979.0 3333.33333333 4500.0
1512262979.1 3333.33333333 4500.0
1512262979.2 3333.33333333 4500.0
1512262979.31 3333.33333333 4500.0
1512262979.4 3333.33333333 4500.0
1512262979.5 3333.33333333 4500.0
1512262979.6 3333.33333333 4500.0
1512262979.7 3333.33333333 4500.0
1512262979.81 3333.33333333 4500.0
1512262979.91 3333.33333333 4500.0
1512262980.01 3333.33333333 4500.0
1512262980.11 3333.33333333 4500.0
1512262980.2 3333.33333333 4500.0
1512262980.31 3333.33333333 4500.0
1512262980.4 3333.33333333 4500.0
1512262980.5 3333.33333333 4500.0
1512262980.61 3333.33333333 4500.0
1512262980.71 3333.33333333 4500.0
1512262980.81 3333.33333333 4500.0
1512262980.91 3333.33333333 4500.0
1512262981.01 3333.33333333 4500.0
1512262981.11 3333.33333333 4500.0
1512262981.2 3333.33333333 4500.0
1512262981.31 3333.33333333 4500.0
1512262981.41 3333.33333333 4500.0
1512262981.51 3333.33333333 4500.0
1512262981.61 3333.33333333 4500.0
1512262981.71 3333.33333333 4500.0
1512262981.81 3333.33333333 4500.0
1512262981.91 3333.33333333 4500.0
1512262982.0 3333.33333333 4500.0
1512262982.11 3333.33333333 4500.0
1512262982.2 3333.33333333 4500.0
1512262982.31 3333.33333333 4500.0
1512262982.41 3333.33333333 4500.0
1512262982.51 3333.33333333 4500.0
1512262982.61 3333.33333333 4500.0
1512262982.71 3333.33333333 4500.0
1512262982.81 3333.33333333 4500.0
1512262982.91 3333.33333333 4500.0
1512262983.0 3333.33333333 4500.0
1512262983.11 3333.33333333 4500.0
1512262983.21 3333.33333333 4500.0
1512262983.31 3333.33333333 4500.0
1512262983.41 3333.33333333 4500.0
1512262983.51 3333.33333333 4500.0
1512262983.61 3333.33333333 4500.0
1512262983.71 3333.33333333 4500.0
1512262983.81 3333.33333333 4500.0
1512262983.91 3333.33333333 4500.0
1512262984.01 3333.33333333 4500.0
1512262984.11 3333.33333333 4500.0
1512262984.22 3333.33333333 4500.0
1512262984.32 3333.33333333 4500.0
1512262984.42 3333.33333333 4500.0
1512262984.52 3333.33333333 4500.0
1512262984.62 3333.33333333 4500.0
1512262984.71 3333.33333333 4500.0
1512262984.82 3333.33333333 4500.0
1512262984.91 3333.33333333 4500.0
1512262985.01 3333.33333333 4500.0
1512262985.12 3333.33333333 4500.0
1512262985.22 3333.33333333 4500.0
1512262985.32 3333.33333333 4500.0
1512262985.42 3333.33333333 4500.0
1512262985.52 3333.33333333 4500.0
1512262985.62 3333.33333333 4500.0
1512262985.72 3333.33333333 4500.0
1512262985.82 3333.33333333 4500.0
1512262985.92 3333.33333333 4500.0
1512262986.01 3333.33333333 4500.0
1512262986.11 3333.33333333 4500.0
1512262986.22 3333.33333333 4500.0
1512262986.32 3333.33333333 4500.0
1512262986.42 3333.33333333 4500.0
1512262986.52 3333.33333333 4500.0
1512262986.62 3333.33333333 4500.0
1512262986.71 3333.33333333 4500.0
1512262986.82 3333.33333333 4500.0
1512262986.92 3333.33333333 4500.0
1512262987.02 3333.33333333 4500.0
1512262987.12 3333.33333333 4500.0
1512262987.22 3333.33333333 4500.0
1512262987.32 3333.33333333 4500.0
1512262987.42 3333.33333333 4500.0
1512262987.52 3333.33333333 4500.0
1512262987.63 3333.33333333 4500.0
1512262987.72 3333.33333333 4500.0
1512262987.83 3333.33333333 4500.0
1512262987.92 3333.33333333 4500.0
1512262988.02 3333.33333333 4500.0
1512262988.12 3333.33333333 4500.0
1512262988.22 3333.33333333 4500.0
1512262988.33 3333.33333333 4500.0
1512262988.43 3333.33333333 4500.0
1512262988.53 3333.33333333 4500.0
1512262988.63 3333.33333333 4500.0
1512262988.73 3333.33333333 4500.0
1512262988.83 3333.33333333 4500.0
1512262988.94 3333.33333333 4500.0
1512262989.03 3333.33333333 4500.0
1512262989.13 3333.33333333 4500.0
1512262989.23 3333.33333333 4500.0
1512262989.33 3333.33333333 4500.0
1512262989.43 3333.33333333 4500.0
1512262989.54 3333.33333333 4500.0
1512262989.63 3333.33333333 4500.0
1512262989.73 3333.33333333 4500.0
1512262989.83 3333.33333333 4500.0
1512262989.93 3333.33333333 4500.0
1512262990.04 3333.33333333 4500.0
1512262990.14 3333.33333333 4500.0
1512262990.24 3333.33333333 4500.0
1512262990.33 3333.33333333 4500.0
1512262990.43 3333.33333333 4500.0
1512262990.53 3333.33333333 4500.0
1512262990.63 3333.33333333 4500.0
1512262990.73 3333.33333333 4500.0
1512262990.83 3333.33333333 4500.0
1512262990.94 3333.33333333 4500.0
1512262991.04 3333.33333333 4500.0
1512262991.13 3333.33333333 4500.0
1512262991.23 3333.33333333 4500.0
1512262991.33 3333.33333333 4500.0
1512262991.44 3333.33333333 4500.0
1512262991.54 3333.33333333 4500.0
1512262991.63 3333.33333333 4500.0
1512262991.73 3333.33333333 4500.0
1512262991.83 3333.33333333 4500.0
1512262991.94 3333.33333333 4500.0
1512262992.03 3333.33333333 4500.0
1512262992.13 3333.33333333 4500.0
1512262992.23 3333.33333333 4500.0
1512262992.33 3333.33333333 4500.0
1512262992.44 3333.33333333 4500.0
1512262992.53 3333.33333333 4500.0
1512262992.63 3333.33333333 4500.0
1512262992.73 3333.33333333 4500.0
1512262992.83 3333.33333333 4500.0
1512262992.93 3333.33333333 4500.0
1512262993.03 3333.33333333 4500.0
1512262993.14 3333.33333333 4500.0
1512262993.23 3333.33333333 4500.0
1512262993.34 3333.33333333 4500.0
1512262993.44 3333.33333333 4500.0
1512262993.53 3333.33333333 4500.0
1512262993.64 3333.33333333 4500.0
1512262993.74 3333.33333333 4500.0
1512262993.84 3333.33333333 4500.0
1512262993.94 3333.33333333 4500.0
1512262994.03 3333.33333333 4500.0
1512262994.14 3333.33333333 4500.0
1512262994.23 3333.33333333 4500.0
1512262994.34 3333.33333333 4500.0
1512262994.44 3333.33333333 4500.0
1512262994.54 3333.33333333 4500.0
1512262994.64 3333.33333333 4500.0
1512262994.74 3333.33333333 4500.0
1512262994.84 3333.33333333 4500.0
1512262994.94 3333.33333333 4500.0
1512262995.04 3333.33333333 4500.0
1512262995.14 3333.33333333 4500.0
1512262995.24 3333.33333333 4500.0
1512262995.34 3333.33333333 4500.0
1512262995.44 3333.33333333 4500.0
1512262995.54 3333.33333333 4500.0
1512262995.64 3333.33333333 4500.0
1512262995.74 3333.33333333 4500.0
1512262995.84 3333.33333333 4500.0
1512262995.94 3333.33333333 4500.0
1512262996.05 3333.33333333 4500.0
1512262996.14 3333.33333333 4500.0
1512262996.24 3333.33333333 4500.0
1512262996.34 3333.33333333 4500.0
1512262996.44 3333.33333333 4500.0
1512262996.54 3333.33333333 4500.0
1512262996.64 3333.33333333 4500.0
1512262996.74 3333.33333333 4500.0
1512262996.84 3333.33333333 4500.0
1512262996.95 3333.33333333 4500.0
1512262997.04 3333.33333333 4500.0
1512262997.14 3333.33333333 4500.0
1512262997.24 3333.33333333 4500.0
1512262997.35 3333.33333333 4500.0
1512262997.44 3333.33333333 4500.0
1512262997.54 3333.33333333 4500.0
1512262997.65 3333.33333333 4500.0
1512262997.75 3333.33333333 4500.0
1512262997.85 3333.33333333 4500.0
1512262997.95 3333.33333333 4500.0
1512262998.05 3333.33333333 4500.0
1512262998.15 3333.33333333 4500.0
1512262998.24 3333.33333333 4500.0
1512262998.35 3333.33333333 4500.0
1512262998.45 3333.33333333 4500.0
1512262998.54 3333.33333333 4500.0
1512262998.64 3333.33333333 4500.0
1512262998.75 3333.33333333 4500.0
1512262998.85 3333.33333333 4500.0
1512262998.95 3333.33333333 4500.0
1512262999.05 3333.33333333 4500.0
1512262999.15 3333.33333333 4500.0
1512262999.25 3333.33333333 4500.0
1512262999.35 3333.33333333 4500.0
1512262999.45 3333.33333333 4500.0
1512262999.55 3333.33333333 4500.0
1512262999.65 3333.33333333 4500.0
1512262999.74 3333.33333333 4500.0
1512262999.85 3333.33333333 4500.0
1512262999.95 3333.33333333 4500.0
1512263000.05 3333.33333333 4500.0
1512263000.15 3333.33333333 4500.0
1512263000.25 3333.33333333 4500.0
1512263000.35 3333.33333333 4500.0
1512263000.45 3333.33333333 4500.0
1512263000.55 3333.33333333 4500.0
1512263000.65 3333.33333333 4500.0
1512263000.75 3333.33333333 4500.0
1512263000.85 3333.33333333 4500.0
1512263000.95 3333.33333333 4500.0
1512263001.06 3333.33333333 4500.0
1512263001.16 3333.33333333 4500.0
1512263001.25 3333.33333333 4500.0
1512263001.36 3333.33333333 4500.0
1512263001.46 3333.33333333 4500.0
1512263001.56 3333.33333333 4500.0
1512263001.66 3333.33333333 4500.0
1512263001.76 3333.33333333 4500.0
1512263001.85 3333.33333333 4500.0
1512263001.95 3333.33333333 4500.0
1512263002.05 3333.33333333 4500.0
1512263002.16 3333.33333333 4500.0
1512263002.26 3333.33333333 4500.0
1512263002.36 3333.33333333 4500.0
1512263002.45 3333.33333333 4500.0
1512263002.55 3333.33333333 4500.0
1512263002.65 3333.33333333 4500.0
1512263002.76 3333.33333333 4500.0
1512263002.85 3333.33333333 4500.0
1512263002.96 3333.33333333 4500.0
1512263003.06 3333.33333333 4500.0
1512263003.16 3333.33333333 4500.0
1512263003.25 3333.33333333 4500.0
1512263003.36 3333.33333333 4500.0
1512263003.46 3333.33333333 4500.0
1512263003.56 3333.33333333 4500.0
1512263003.65 3333.33333333 4500.0
1512263003.76 3333.33333333 4500.0
1512263003.86 3333.33333333 4500.0
1512263003.95 3333.33333333 4500.0
1512263004.05 3333.33333333 4500.0
1512263004.15 3333.33333333 4500.0
1512263004.26 3333.33333333 4500.0
1512263004.36 3333.33333333 4500.0
1512263004.46 3333.33333333 4500.0
1512263004.56 3333.33333333 4500.0
1512263004.67 3333.33333333 4500.0
1512263004.76 3333.33333333 4500.0
1512263004.87 3333.33333333 4500.0
1512263004.96 3333.33333333 4500.0
1512263005.07 3333.33333333 4500.0
1512263005.16 3333.33333333 4500.0
1512263005.26 3333.33333333 4500.0
1512263005.36 3333.33333333 4500.0
1512263005.46 3333.33333333 4500.0
1512263005.57 3333.33333333 4500.0
1512263005.66 3333.33333333 4500.0
1512263005.77 3333.33333333 4500.0
1512263005.87 3333.33333333 4500.0
1512263005.97 3333.33333333 4500.0
1512263006.07 3333.33333333 4500.0
1512263006.17 3333.33333333 4500.0
1512263006.26 3333.33333333 4500.0
1512263006.36 3333.33333333 4500.0
1512263006.47 3333.33333333 4500.0
1512263006.56 3333.33333333 4500.0
1512263006.67 3333.33333333 4500.0
1512263006.76 3333.33333333 4500.0
1512263006.87 3333.33333333 4500.0
1512263006.97 3333.33333333 4500.0
1512263007.07 3333.33333333 4500.0
1512263007.17 3333.33333333 4500.0
1512263007.27 3333.33333333 4500.0
1512263007.36 3333.33333333 4500.0
1512263007.47 3333.33333333 4500.0
1512263007.57 3333.33333333 4500.0
1512263007.67 3333.33333333 4500.0
1512263007.77 3333.33333333 4500.0
1512263007.87 3333.33333333 4500.0
1512263007.97 3333.33333333 4500.0
1512263008.07 3333.33333333 4500.0
1512263008.17 3333.33333333 4500.0
1512263008.27 3333.33333333 4500.0
1512263008.37 3333.33333333 4500.0
1512263008.48 3333.33333333 4500.0
1512263008.58 3333.33333333 4500.0
1512263008.68 3333.33333333 4500.0
1512263008.77 3333.33333333 4500.0
1512263008.87 3333.33333333 4500.0
1512263008.97 3333.33333333 4500.0
1512263009.07 3333.33333333 4500.0
1512263009.18 3333.33333333 4500.0
1512263009.28 3333.33333333 4500.0
1512263009.38 3333.33333333 4500.0
1512263009.48 3333.33333333 4500.0
1512263009.58 3333.33333333 4500.0
1512263009.68 3333.33333333 4500.0
1512263009.77 3333.33333333 4500.0
1512263009.88 3333.33333333 4500.0
1512263009.97 3333.33333333 4500.0
1512263010.07 3333.33333333 4500.0
1512263010.17 3333.33333333 4500.0
1512263010.27 3333.33333333 4500.0
1512263010.38 3333.33333333 4500.0
1512263010.47 3333.33333333 4500.0
1512263010.58 3333.33333333 4500.0
1512263010.68 3333.33333333 4500.0
1512263010.78 3333.33333333 4500.0
1512263010.88 3333.33333333 4500.0
1512263010.98 3333.33333333 4500.0
1512263011.07 3333.33333333 4500.0
1512263011.18 3333.33333333 4500.0
1512263011.28 3333.33333333 4500.0
1512263011.37 3333.33333333 4500.0
1512263011.48 3333.33333333 4500.0
1512263011.58 3333.33333333 4500.0
1512263011.68 3333.33333333 4500.0
1512263011.78 3333.33333333 4500.0
1512263011.88 3333.33333333 4500.0
1512263011.98 3333.33333333 4500.0
1512263012.08 3333.33333333 4500.0
1512263012.18 3333.33333333 4500.0
1512263012.28 3333.33333333 4500.0
1512263012.38 3333.33333333 4500.0
1512263012.48 3333.33333333 4500.0
1512263012.59 3333.33333333 4500.0
1512263012.69 3333.33333333 4500.0
1512263012.78 3333.33333333 4500.0
1512263012.88 3333.33333333 4500.0
1512263012.99 3333.33333333 4500.0
1512263013.09 3333.33333333 4500.0
1512263013.18 3333.33333333 4500.0
1512263013.29 3333.33333333 4500.0
1512263013.39 3333.33333333 4500.0
1512263013.49 3333.33333333 4500.0
1512263013.58 3333.33333333 4500.0
1512263013.69 3333.33333333 4500.0
1512263013.78 3333.33333333 4500.0
1512263013.88 3333.33333333 4500.0
1512263013.98 3333.33333333 4500.0
1512263014.09 3333.33333333 4500.0
1512263014.19 3333.33333333 4500.0
1512263014.28 3333.33333333 4500.0
1512263014.39 3333.33333333 4500.0
1512263014.49 3333.33333333 4500.0
1512263014.59 3333.33333333 4500.0
1512263014.68 3333.33333333 4500.0
1512263014.79 3333.33333333 4500.0
1512263014.89 3333.33333333 4500.0
1512263014.99 3333.33333333 4500.0
1512263015.09 3333.33333333 4500.0
1512263015.19 3333.33333333 4500.0
1512263015.29 3333.33333333 4500.0
1512263015.39 3333.33333333 4500.0
1512263015.49 3333.33333333 4500.0
1512263015.59 3333.33333333 4500.0
1512263015.69 3333.33333333 4500.0
1512263015.79 3333.33333333 4500.0
1512263015.89 3333.33333333 4500.0
1512263015.99 3333.33333333 4500.0
1512263016.09 3333.33333333 4500.0
1512263016.19 3333.33333333 4500.0
1512263016.3 3333.33333333 4500.0
1512263016.39 3333.33333333 4500.0
1512263016.5 3333.33333333 4500.0
1512263016.6 3333.33333333 4500.0
1512263016.69 3333.33333333 4500.0
1512263016.8 3333.33333333 4500.0
1512263016.89 3333.33333333 4500.0
1512263017.0 3333.33333333 4500.0
1512263017.09 3333.33333333 4500.0
1512263017.2 3333.33333333 4500.0
1512263017.3 3333.33333333 4500.0
1512263017.39 3333.33333333 4500.0
1512263017.5 3333.33333333 4500.0
1512263017.6 3333.33333333 4500.0
1512263017.7 3333.33333333 4500.0
1512263017.8 3333.33333333 4500.0
1512263017.9 3333.33333333 4500.0
1512263018.0 3333.33333333 4500.0
1512263018.1 3333.33333333 4500.0
1512263018.2 3333.33333333 4500.0
1512263018.3 3333.33333333 4500.0
1512263018.39 3333.33333333 4500.0
1512263018.5 3333.33333333 4500.0
1512263018.6 3333.33333333 4500.0
1512263018.7 3333.33333333 4500.0
1512263018.8 3333.33333333 4500.0
1512263018.91 3333.33333333 4500.0
1512263019.0 3333.33333333 4500.0
1512263019.1 3333.33333333 4500.0
1512263019.2 3333.33333333 4500.0
1512263019.3 3333.33333333 4500.0
1512263019.4 3333.33333333 4500.0
1512263019.5 3333.33333333 4500.0
1512263019.6 3333.33333333 4500.0
1512263019.7 3333.33333333 4500.0
1512263019.8 3333.33333333 4500.0
1512263019.9 3333.33333333 4500.0
1512263020.0 3333.33333333 4500.0
1512263020.1 3333.33333333 4500.0
1512263020.2 3333.33333333 4500.0
1512263020.3 3333.33333333 4500.0
1512263020.4 3333.33333333 4500.0
1512263020.5 3333.33333333 4500.0
1512263020.6 3333.33333333 4500.0
1512263020.71 3333.33333333 4500.0
1512263020.8 3333.33333333 4500.0
1512263020.9 3333.33333333 4500.0
1512263021.01 3333.33333333 4500.0
1512263021.1 3333.33333333 4500.0
1512263021.21 3333.33333333 4500.0
1512263021.31 3333.33333333 4500.0
1512263021.4 3333.33333333 4500.0
1512263021.51 3333.33333333 4500.0
1512263021.61 3333.33333333 4500.0
1512263021.71 3333.33333333 4500.0
1512263021.81 3333.33333333 4500.0
1512263021.91 3333.33333333 4500.0
1512263022.0 3333.33333333 4500.0
1512263022.11 3333.33333333 4500.0
1512263022.21 3333.33333333 4500.0
1512263022.3 3333.33333333 4500.0
1512263022.4 3333.33333333 4500.0
1512263022.51 3333.33333333 4500.0
1512263022.61 3333.33333333 4500.0
1512263022.71 3333.33333333 4500.0
1512263022.8 3333.33333333 4500.0
1512263022.91 3333.33333333 4500.0
1512263023.01 3333.33333333 4500.0
1512263023.11 3333.33333333 4500.0
1512263023.21 3333.33333333 4500.0
1512263023.31 3333.33333333 4500.0
1512263023.41 3333.33333333 4500.0
1512263023.51 3333.33333333 4500.0
1512263023.61 3333.33333333 4500.0
1512263023.71 3333.33333333 4500.0
1512263023.81 3333.33333333 4500.0
1512263023.91 3333.33333333 4500.0
1512263024.01 3333.33333333 4500.0
1512263024.11 3333.33333333 4500.0
1512263024.21 3333.33333333 4500.0
1512263024.31 3333.33333333 4500.0
1512263024.41 3333.33333333 4500.0
1512263024.51 3333.33333333 4500.0
1512263024.62 3333.33333333 4500.0
1512263024.72 3333.33333333 4500.0
1512263024.82 3333.33333333 4500.0
1512263024.92 3333.33333333 4500.0
1512263025.02 3333.33333333 4500.0
1512263025.12 3333.33333333 4500.0
1512263025.22 3333.33333333 4500.0
1512263025.32 3333.33333333 4500.0
1512263025.42 3333.33333333 4500.0
1512263025.52 3333.33333333 4500.0
1512263025.62 3333.33333333 4500.0
1512263025.72 3333.33333333 4500.0
1512263025.82 3333.33333333 4500.0
1512263025.92 3333.33333333 4500.0
1512263026.02 3333.33333333 4500.0
1512263026.12 3333.33333333 4500.0
1512263026.22 3333.33333333 4500.0
1512263026.31 3333.33333333 4500.0
1512263026.42 3333.33333333 4500.0
1512263026.52 3333.33333333 4500.0
1512263026.62 3333.33333333 4500.0
1512263026.72 3333.33333333 4500.0
1512263026.81 3333.33333333 4500.0
1512263026.92 3333.33333333 4500.0
1512263027.01 3333.33333333 4500.0
1512263027.11 3333.33333333 4500.0
1512263027.22 3333.33333333 4500.0
1512263027.32 3333.33333333 4500.0
1512263027.42 3333.33333333 4500.0
1512263027.52 3333.33333333 4500.0
1512263027.62 3333.33333333 4500.0
1512263027.72 3333.33333333 4500.0
1512263027.82 3333.33333333 4500.0
1512263027.92 3333.33333333 4500.0
1512263028.02 3333.33333333 4500.0
1512263028.12 3333.33333333 4500.0
1512263028.23 3333.33333333 4500.0
1512263028.33 3333.33333333 4500.0
1512263028.42 3333.33333333 4500.0
1512263028.52 3333.33333333 4500.0
1512263028.63 3333.33333333 4500.0
1512263028.72 3333.33333333 4500.0
1512263028.82 3333.33333333 4500.0
1512263028.92 3333.33333333 4500.0
1512263029.03 3333.33333333 4500.0
1512263029.12 3333.33333333 4500.0
1512263029.22 3333.33333333 4500.0
1512263029.32 3333.33333333 4500.0
1512263029.42 3333.33333333 4500.0
1512263029.53 3333.33333333 4500.0
1512263029.62 3333.33333333 4500.0
1512263029.72 3333.33333333 4500.0
1512263029.82 3333.33333333 4500.0
1512263029.92 3333.33333333 4500.0
1512263030.03 3333.33333333 4500.0
1512263030.12 3333.33333333 4500.0
1512263030.22 3333.33333333 4500.0
1512263030.33 3333.33333333 4500.0
1512263030.43 3333.33333333 4500.0
1512263030.52 3333.33333333 4500.0
1512263030.63 3333.33333333 4500.0
1512263030.73 3333.33333333 4500.0
1512263030.83 3333.33333333 4500.0
1512263030.92 3333.33333333 4500.0
1512263031.03 3333.33333333 4500.0
1512263031.13 3333.33333333 4500.0
1512263031.22 3333.33333333 4500.0
1512263031.33 3333.33333333 4500.0
1512263031.43 3333.33333333 4500.0
1512263031.53 3333.33333333 4500.0
1512263031.62 3333.33333333 4500.0
1512263031.73 3333.33333333 4500.0
1512263031.83 3333.33333333 4500.0
1512263031.93 3333.33333333 4500.0
1512263032.03 3333.33333333 4500.0
1512263032.13 3333.33333333 4500.0
1512263032.23 3333.33333333 4500.0
1512263032.33 3333.33333333 4500.0
1512263032.43 3333.33333333 4500.0
1512263032.54 3333.33333333 4500.0
1512263032.63 3333.33333333 4500.0
1512263032.73 3333.33333333 4500.0
1512263032.83 3333.33333333 4500.0
1512263032.93 3333.33333333 4500.0
1512263033.03 3333.33333333 4500.0
1512263033.13 3333.33333333 4500.0
1512263033.23 3333.33333333 4500.0
1512263033.33 3333.33333333 4500.0
1512263033.43 3333.33333333 4500.0
1512263033.53 3333.33333333 4500.0
1512263033.63 3333.33333333 4500.0
1512263033.73 3333.33333333 4500.0
1512263033.83 3333.33333333 4500.0
1512263033.93 3333.33333333 4500.0
1512263034.03 3333.33333333 4500.0
1512263034.14 3333.33333333 4500.0
1512263034.23 3333.33333333 4500.0
1512263034.34 3333.33333333 4500.0
1512263034.43 3333.33333333 4500.0
1512263034.54 3333.33333333 4500.0
1512263034.63 3333.33333333 4500.0
1512263034.73 3333.33333333 4500.0
1512263034.84 3333.33333333 4500.0
1512263034.93 3333.33333333 4500.0
1512263035.04 3333.33333333 4500.0
1512263035.14 3333.33333333 4500.0
1512263035.24 3333.33333333 4500.0
1512263035.34 3333.33333333 4500.0
1512263035.44 3333.33333333 4500.0
1512263035.54 3333.33333333 4500.0
1512263035.64 3333.33333333 4500.0
1512263035.74 3333.33333333 4500.0
1512263035.84 3333.33333333 4500.0
1512263035.94 3333.33333333 4500.0
1512263036.04 3333.33333333 4500.0
1512263036.14 3333.33333333 4500.0
1512263036.24 3333.33333333 4500.0
1512263036.34 3333.33333333 4500.0
1512263036.44 3333.33333333 4500.0
1512263036.54 3333.33333333 4500.0
1512263036.65 3333.33333333 4500.0
1512263036.75 3333.33333333 4500.0
1512263036.84 3333.33333333 4500.0
1512263036.95 3333.33333333 4500.0
1512263037.05 3333.33333333 4500.0
1512263037.14 3333.33333333 4500.0
1512263037.25 3333.33333333 4500.0
1512263037.34 3333.33333333 4500.0
1512263037.44 3333.33333333 4500.0
1512263037.54 3333.33333333 4500.0
1512263037.64 3333.33333333 4500.0
1512263037.74 3333.33333333 4500.0
1512263037.84 3333.33333333 4500.0
1512263037.94 3333.33333333 4500.0
1512263038.05 3333.33333333 4500.0
1512263038.14 3333.33333333 4500.0
1512263038.24 3333.33333333 4500.0
1512263038.35 3333.33333333 4500.0
1512263038.45 3333.33333333 4500.0
1512263038.54 3333.33333333 4500.0
1512263038.66 3333.33333333 4500.0
1512263038.76 3333.33333333 4500.0
1512263038.85 3333.33333333 4500.0
1512263038.95 3333.33333333 4500.0
1512263039.05 3333.33333333 4500.0
1512263039.15 3333.33333333 4500.0
1512263039.25 3333.33333333 4500.0
1512263039.35 3333.33333333 4500.0
1512263039.45 3333.33333333 4500.0
1512263039.55 3333.33333333 4500.0
1512263039.65 3333.33333333 4500.0
1512263039.75 3333.33333333 4500.0
1512263039.85 3333.33333333 4500.0
1512263039.95 3333.33333333 4500.0
1512263040.06 3333.33333333 4500.0
1512263040.15 3333.33333333 4500.0
1512263040.26 3333.33333333 4500.0
1512263040.36 3333.33333333 4500.0
1512263040.45 3333.33333333 4500.0
1512263040.56 3333.33333333 4500.0
1512263040.65 3333.33333333 4500.0
1512263040.76 3333.33333333 4500.0
1512263040.86 3333.33333333 4500.0
1512263040.96 3333.33333333 4500.0
1512263041.06 3333.33333333 4500.0
1512263041.16 3333.33333333 4500.0
1512263041.26 3333.33333333 4500.0
1512263041.36 3333.33333333 4500.0
1512263041.46 3333.33333333 4500.0
1512263041.56 3333.33333333 4500.0
1512263041.66 3333.33333333 4500.0
1512263041.75 3333.33333333 4500.0
1512263041.86 3333.33333333 4500.0
1512263041.96 3333.33333333 4500.0
1512263042.05 3333.33333333 4500.0
1512263042.16 3333.33333333 4500.0
1512263042.26 3333.33333333 4500.0
1512263042.36 3333.33333333 4500.0
1512263042.46 3333.33333333 4500.0
1512263042.56 3333.33333333 4500.0
1512263042.66 3333.33333333 4500.0
1512263042.77 3333.33333333 4500.0
1512263042.86 3291.66666667 4500.0
1512263042.96 3252.08333333 4500.0
1512263043.06 3214.47916667 4500.0
1512263043.15 3178.75520833 4500.0
1512263043.26 3144.81744792 4500.0
1512263043.36 3112.57657552 4500.0
1512263043.46 3081.94774674 4500.0
1512263043.56 3052.85035941 4500.0
1512263043.65 3025.20784144 4500.0
1512263043.76 2998.94744937 4500.0
1512263043.85 2974.0000769 4500.0
1512263043.95 2950.30007305 4500.0
1512263044.05 2927.7850694 4500.0
1512263044.15 2906.39581593 4500.0
1512263044.25 2886.07602513 4500.0
1512263044.36 2866.77222388 4500.0
1512263044.45 2848.43361268 4500.0
1512263044.55 2831.01193205 4500.0
1512263044.66 2814.46133545 4500.0
1512263044.75 2798.73826867 4500.0
1512263044.86 2783.80135524 4500.0
1512263044.95 2769.61128748 4500.0
1512263045.05 2756.1307231 4500.0
1512263045.15 2743.32418695 4500.0
1512263045.25 2731.1579776 4500.0
1512263045.35 2719.60007872 4500.0
1512263045.45 2708.62007479 4500.0
1512263045.55 2698.18907105 4500.0
1512263045.65 2688.27961749 4500.0
1512263045.75 2678.86563662 4500.0
1512263045.85 2669.92235479 4500.0
1512263045.96 2661.42623705 4500.0
1512263046.05 2653.3549252 4500.0
1512263046.16 2645.68717894 4500.0
1512263046.25 2638.40281999 4500.0
1512263046.35 2631.48267899 4500.0
1512263046.46 2624.90854504 4500.0
1512263046.56 2618.66311779 4500.0
1512263046.65 2612.7299619 4500.0
1512263046.76 2607.0934638 4500.0
1512263046.86 2601.73879061 4500.0
1512263046.96 2596.65185108 