1512262844.44 0 0
1512262844.54 0 0
1512262844.64 0 0
1512262844.74 0 0
1512262844.84 0 0
1512262844.94 0 0
1512262845.04 0 0
1512262845.14 0 0
1512262845.24 0 0
1512262845.34 0 0
1512262845.44 0 0
1512262845.54 0 0
1512262845.64 0 0
1512262845.74 0 0
1512262845.84 0 0
1512262845.94 0 0
1512262846.04 0 0
1512262846.14 0 0
1512262846.25 0 0
1512262846.34 0 0
1512262846.44 0 0
1512262846.54 0 0
1512262846.64 0 0
1512262846.74 0 0
1512262846.84 0 0
1512262846.94 0 0
1512262847.04 0 0
1512262847.14 0 0
1512262847.24 0 0
1512262847.34 0 0
1512262847.44 0 0
1512262847.54 0 0
1512262847.64 0 0
1512262847.75 0 0
1512262847.84 0 0
1512262847.94 0 0
1512262848.04 0 0
1512262848.14 0 0
1512262848.24 0 0
1512262848.34 0 0
1512262848.44 0 0
1512262848.54 0 0
1512262848.64 0 0
1512262848.74 0 0
1512262848.84 0 0
1512262848.94 0 0
1512262849.04 0 0
1512262849.14 0 0
1512262849.24 0 0
1512262849.35 0 0
1512262849.45 0 0
1512262849.55 0 0
1512262849.65 0 0
1512262849.75 0 0
1512262849.85 0 0
1512262849.95 0 0
1512262850.05 0 0
1512262850.15 0 0
1512262850.25 0 0
1512262850.35 0 0
1512262850.45 0 0
1512262850.56 0 0
1512262850.65 0 0
1512262850.76 0 0
1512262850.85 0 0
1512262850.95 0 0
1512262851.05 0 0
1512262851.15 0 0
1512262851.25 0 0
1512262851.35 0 0
1512262851.45 0 0
1512262851.57 0 0
1512262851.65 0 0
1512262851.75 0 0
1512262851.85 0 0
1512262851.95 0 0
1512262852.05 0 0
1512262852.15 0 0
1512262852.25 0 0
1512262852.35 0 0
1512262852.45 0 0
1512262852.55 0 0
1512262852.65 0 0
1512262852.75 0 0
1512262852.85 0 0
1512262852.95 0 0
1512262853.05 0 0
1512262853.15 0 0
1512262853.25 0 0
1512262853.35 0 0
1512262853.45 0 0
1512262853.55 0 0
1512262853.65 0 0
1512262853.75 0 0
1512262853.85 0 0
1512262853.95 0 0
1512262854.05 0 0
1512262854.15 0 0
1512262854.25 0 0
1512262854.35 0 0
1512262854.45 0 0
1512262854.55 0 0
1512262854.65 0 0
1512262854.75 0 0
1512262854.85 0 0
1512262854.95 0 0
1512262855.05 0 0
1512262855.15 0 0
1512262855.25 0 0
1512262855.35 0 0
1512262855.45 0 0
1512262855.55 0 0
1512262855.66 0 0
1512262855.76 0 0
1512262855.86 0 0
1512262855.96 0 0
1512262856.05 0 0
1512262856.15 0 0
1512262856.26 0 0
1512262856.35 0 0
1512262856.46 0 0
1512262856.56 0 0
1512262856.66 0 0
1512262856.76 0 0
1512262856.86 0 0
1512262856.96 0 0
1512262857.06 0 0
1512262857.16 0 0
1512262857.26 0 0
1512262857.36 0 0
1512262857.46 0 0
1512262857.56 0 0
1512262857.66 0 0
1512262857.76 0 0
1512262857.86 0 0
1512262857.96 0 0
1512262858.06 0 0
1512262858.16 0 0
1512262858.26 0 0
1512262858.36 0 0
1512262858.46 0 0
1512262858.56 0 0
1512262858.66 0 0
1512262858.76 0 0
1512262858.86 0 0
1512262858.96 0 0
1512262859.06 0 0
1512262859.16 0 0
1512262859.26 0 0
1512262859.36 0 0
1512262859.46 0 0
1512262859.56 0 0
1512262859.66 0 0
1512262859.76 0 0
1512262859.86 0 0
1512262859.96 0 0
1512262860.06 0 0
1512262860.16 0 0
1512262860.26 0 0
1512262860.36 0 0
1512262860.46 0 0
1512262860.56 0 0
1512262860.66 0 0
1512262860.77 0 0
1512262860.87 0 0
1512262860.96 0 0
1512262861.06 0 0
1512262861.16 0 0
1512262861.26 0 0
1512262861.36 0 0
1512262861.46 0 0
1512262861.57 0 0
1512262861.67 0 0
1512262861.77 0 0
1512262861.87 0 0
1512262861.97 0 0
1512262862.07 0 0
1512262862.17 0 0
1512262862.27 0 0
1512262862.37 0 0
1512262862.47 0 0
1512262862.57 0 0
1512262862.67 0 0
1512262862.77 0 0
1512262862.87 0 0
1512262862.97 0 0
1512262863.07 0 0
1512262863.17 0 0
1512262863.27 0 0
1512262863.37 0 0
1512262863.47 0 0
1512262863.57 0 0
1512262863.67 0 0
1512262863.77 0 0
1512262863.87 0 0
1512262863.97 0 0
1512262864.07 0 0
1512262864.17 0 0
1512262864.27 0 0
1512262864.37 0 0
1512262864.47 0 0
1512262864.57 0 0
1512262864.67 0 0
1512262864.77 0 0
1512262864.87 0 0
1512262864.97 0 0
1512262865.07 0 0
1512262865.17 0 0
1512262865.27 0 0
1512262865.37 0 0
1512262865.47 0 0
1512262865.57 0 0
1512262865.67 0 0
1512262865.77 0 0
1512262865.87 0 0
1512262865.97 0 0
1512262866.07 0 0
1512262866.17 0 0
1512262866.27 0 0
1512262866.37 0 0
1512262866.47 0 0
1512262866.57 0 0
1512262866.67 0 0
1512262866.77 0 0
1512262866.87 0 0
1512262866.97 0 0
1512262867.07 0 0
1512262867.17 0 0
1512262867.27 0 0
1512262867.37 0 0
1512262867.47 0 0
1512262867.58 0 0
1512262867.67 0 0
1512262867.77 0 0
1512262867.87 0 0
1512262867.97 0 0
1512262868.08 0 0
1512262868.17 0 0
1512262868.27 0 0
1512262868.38 0 0
1512262868.48 0 0
1512262868.58 0 0
1512262868.68 0 0
1512262868.78 0 0
1512262868.88 0 0
1512262868.98 0 0
1512262869.08 0 0
1512262869.18 0 0
1512262869.28 0 0
1512262869.38 0 0
1512262869.48 0 0
1512262869.58 0 0
1512262869.68 0 0
1512262869.78 0 0
1512262869.88 0 0
1512262869.98 0 0
1512262870.08 0 0
1512262870.18 0 0
1512262870.28 0 0
1512262870.38 0 0
1512262870.48 0 0
1512262870.58 0 0
1512262870.68 0 0
1512262870.78 0 0
1512262870.88 0 0
1512262870.98 0 0
1512262871.08 0 0
1512262871.18 0 0
1512262871.28 0 0
1512262871.38 0 0
1512262871.48 0 0
1512262871.58 0 0
1512262871.68 0 0
1512262871.78 0 0
1512262871.88 0 0
1512262871.98 0 0
1512262872.08 0 0
1512262872.18 0 0
1512262872.28 0 0
1512262872.38 0 0
1512262872.48 0 0
1512262872.58 0 0
1512262872.68 0 0
1512262872.78 0 0
1512262872.89 0 0
1512262872.99 0 0
1512262873.09 0 0
1512262873.19 0 0
1512262873.29 0 0
1512262873.39 0 0
1512262873.5 0 0
1512262873.59 0 0
1512262873.69 0 0
1512262873.79 0 0
1512262873.89 0 0
1512262873.99 0 0
1512262874.09 0 0
1512262874.19 0 0
1512262874.29 0 0
1512262874.39 0 0
1512262874.49 0 0
1512262874.59 0 0
1512262874.69 0 0
1512262874.79 0 0
1512262874.89 0 0
1512262874.99 0 0
1512262875.1 0 0
1512262875.19 0 0
1512262875.29 0 0
1512262875.4 0 0
1512262875.51 0 0
1512262875.61 0 0
1512262875.71 0 0
1512262875.81 0 0
1512262875.91 0 0
1512262876.01 0 0
1512262876.11 0 0
1512262876.21 0 0
1512262876.31 0 0
1512262876.41 0 0
1512262876.51 0 0
1512262876.61 0 0
1512262876.71 0 0
1512262876.81 0 0
1512262876.93 0 0
1512262877.04 0 0
1512262877.14 0 0
1512262877.24 0 0
1512262877.34 0 0
1512262877.44 0 0
1512262877.54 0 0
1512262877.65 0 0
1512262877.74 0 0
1512262877.85 0 0
1512262877.94 0 0
1512262878.05 0 0
1512262878.15 0 0
1512262878.25 0 0
1512262878.36 0 0
1512262878.48 0 0
1512262878.58 0 0
1512262878.68 0 0
1512262878.78 0 0
1512262878.88 0 0
1512262878.98 0 0
1512262879.08 0 0
1512262879.18 0 0
1512262879.28 0 0
1512262879.38 0 0
1512262879.48 0 0
1512262879.58 0 0
1512262879.68 0 0
1512262879.78 0 0
1512262879.88 0 0
1512262879.98 0 0
1512262880.08 0 0
1512262880.18 0 0
1512262880.28 0 0
1512262880.38 0 0
1512262880.48 0 0
1512262880.58 0 0
1512262880.68 0 0
1512262880.78 0 0
1512262880.88 0 0
1512262880.98 0 0
1512262881.08 0 0
1512262881.18 0 0
1512262881.28 0 0
1512262881.38 0 0
1512262881.49 0 0
1512262881.59 0 0
1512262881.69 0 0
1512262881.79 0 0
1512262881.89 0 0
1512262881.99 0 0
1512262882.09 0 0
1512262882.19 0 0
1512262882.29 0 0
1512262882.39 0 0
1512262882.51 0 0
1512262882.64 0 0
1512262882.74 0 0
1512262882.84 0 0
1512262882.94 0 0
1512262883.04 0 0
1512262883.16 0 0
1512262883.24 0 0
1512262883.35 0 0
1512262883.44 0 0
1512262883.54 0 0
1512262883.65 0 0
1512262883.74 0 0
1512262883.84 0 0
1512262883.94 0 0
1512262884.04 0 0
1512262884.14 0 0
1512262884.24 0 0
1512262884.34 0 0
1512262884.44 0 0
1512262884.55 0 0
1512262884.67 0 0
1512262884.77 0 0
1512262884.87 0 0
1512262884.97 0 0
1512262885.07 0 0
1512262885.17 0 0
1512262885.27 0 0
1512262885.37 0 0
1512262885.47 0 0
1512262885.57 0 0
1512262885.68 0 0
1512262885.77 0 0
1512262885.87 0 0
1512262885.97 0 0
1512262886.07 0 0
1512262886.17 0 0
1512262886.27 0 0
1512262886.38 0 0
1512262886.48 0 0
1512262886.58 0 0
1512262886.68 0 0
1512262886.78 0 0
1512262886.87 0 0
1512262886.98 0 0
1512262887.08 0 0
1512262887.18 0 0
1512262887.28 0 0
1512262887.38 0 0
1512262887.48 0 0
1512262887.58 0 0
1512262887.68 0 0
1512262887.78 0 0
1512262887.88 0 0
1512262887.98 0 0
1512262888.08 0 0
1512262888.18 0 0
1512262888.28 0 0
1512262888.38 0 0
1512262888.48 0 0
1512262888.58 0 0
1512262888.68 0 0
1512262888.78 0 0
1512262888.88 0 0
1512262888.98 0 0
1512262889.08 0 0
1512262889.18 0 0
1512262889.29 0 0
1512262889.42 0 0
1512262889.52 0 0
1512262889.62 0 0
1512262889.72 0 0
1512262889.82 0 0
1512262889.92 0 0
1512262890.03 0 0
1512262890.16 0 0
1512262890.26 0 0
1512262890.35 0 0
1512262890.45 0 0
1512262890.55 0 0
1512262890.65 0 0
1512262890.75 0 0
1512262890.86 0 0
1512262890.96 0 0
1512262891.06 0 0
1512262891.16 0 0
1512262891.26 0 0
1512262891.36 0 0
1512262891.46 0 0
1512262891.56 0 0
1512262891.66 0 0
1512262891.76 0 0
1512262891.86 0 0
1512262891.97 0 0
1512262892.08 0 0
1512262892.18 0 0
1512262892.3 0 0
1512262892.46 0 0
1512262892.55 0 0
1512262892.65 0 0
1512262892.75 0 0
1512262892.85 0 0
1512262892.95 0 0
1512262893.07 0 0
1512262893.18 0 0
1512262893.28 0 0
1512262893.38 0 0
1512262893.48 0 0
1512262893.58 0 0
1512262893.68 0 50
1512262893.78 0 0
1512262893.88 0 0
1512262893.98 0 50
1512262894.08 0 100
1512262894.18 0 50
1512262894.28 0 50
1512262894.38 0 2050
1512262894.48 0 2050
1512262894.58 0 2050
1512262894.68 0 2000
1512262894.78 0 1950
1512262894.88 0 2100
1512262894.98 0 2050
1512262895.08 0 2100
1512262895.18 0 2050
1512262895.28 0 2050
1512262895.38 0 2050
1512262895.48 0 2000
1512262895.58 0 2100
1512262895.68 0 2100
1512262895.78 0 2000
1512262895.88 0 2100
1512262895.98 0 2050
1512262896.08 0 2050
1512262896.18 0 2050
1512262896.28 0 2100
1512262896.38 0 2050
1512262896.48 0 1950
1512262896.58 0 2100
1512262896.68 0 2100
1512262896.78 0 2100
1512262896.88 0 2050
1512262896.98 0 2050
1512262897.09 0 2050
1512262897.18 0 2000
1512262897.29 0 2100
1512262897.39 0 2100
1512262897.49 0 2050
1512262897.59 0 2050
1512262897.69 0 2050
1512262897.79 0 2100
1512262897.89 0 2050
1512262897.99 0 2000
1512262898.09 0 2050
1512262898.19 0 2100
1512262898.29 0 2050
1512262898.39 0 2000
1512262898.49 0 2100
1512262898.59 0 2100
1512262898.69 0 2100
1512262898.79 0 2050
1512262898.89 0 2100
1512262898.99 0 1950
1512262899.09 0 2100
1512262899.19 0 2100
1512262899.29 0 2050
1512262899.39 0 2050
1512262899.49 0 2050
1512262899.59 0 2050
1512262899.69 0 2050
1512262899.79 0 2100
1512262899.89 0 2050
1512262899.99 0 2050
1512262900.09 0 2100
1512262900.19 0 2000
1512262900.29 0 2050
1512262900.39 0 2100
1512262900.49 0 2050
1512262900.6 0 2100
1512262900.69 0 2000
1512262900.79 0 2100
1512262900.89 0 2050
1512262900.99 0 2050
1512262901.1 0 2100
1512262901.2 0 2050
1512262901.29 0 2050
1512262901.4 0 2100
1512262901.5 0 2050
1512262901.6 0 2000
1512262901.69 0 2050
1512262901.8 0 2100
1512262901.9 0 2150
1512262902.0 0 2000
1512262902.1 0 2050
1512262902.2 0 1950
1512262902.3 0 2050
1512262902.4 0 2100
1512262902.5 0 2100
1512262902.6 0 2050
1512262902.7 0 2050
1512262902.8 0 2050
1512262902.9 0 2100
1512262903.0 0 2050
1512262903.1 0 2050
1512262903.2 0 2050
1512262903.3 0 2050
1512262903.4 0 2050
1512262903.5 0 2150
1512262903.6 0 2050
1512262903.7 0 2050
1512262903.8 0 2050
1512262903.9 0 2100
1512262904.0 0 2000
1512262904.1 0 2100
1512262904.2 0 2050
1512262904.3 0 2050
1512262904.4 0 2000
1512262904.5 0 2100
1512262904.6 0 2050
1512262904.7 0 2100
1512262904.8 0 2000
1512262904.9 0 2050
1512262905.0 0 2100
1512262905.1 0 2100
1512262905.21 0 2100
1512262905.31 0 1950
1512262905.4 0 2100
1512262905.5 0 2050
1512262905.61 0 2100
1512262905.7 0 2050
1512262905.8 0 2000
1512262905.9 0 2100
1512262906.0 0 2000
1512262906.1 0 2050
1512262906.21 0 2100
1512262906.31 0 2050
1512262906.41 0 2100
1512262906.51 0 2050
1512262906.6 0 2000
1512262906.71 0 2150
1512262906.8 0 2000
1512262906.91 0 2150
1512262907.01 0 2000
1512262907.11 0 1950
1512262907.21 0 2150
1512262907.31 0 2050
1512262907.41 0 2100
1512262907.51 0 2000
1512262907.61 0 2150
1512262907.71 0 2000
1512262907.81 0 2000
1512262907.91 0 2100
1512262908.01 0 2050
1512262908.11 0 2050
1512262908.21 0 2100
1512262908.31 0 2100
1512262908.41 0 2000
1512262908.51 0 2100
1512262908.61 0 2050
1512262908.71 0 2100
1512262908.81 0 2000
1512262908.91 0 2050
1512262909.01 0 2000
1512262909.11 0 2050
1512262909.21 0 2050
1512262909.32 0 2200
1512262909.41 0 1950
1512262909.51 0 2150
1512262909.61 0 2000
1512262909.71 0 2100
1512262909.81 0 2050
1512262909.91 0 2050
1512262910.01 0 2050
1512262910.11 0 2100
1512262910.21 0 2050
1512262910.31 0 2050
1512262910.41 0 2050
1512262910.51 0 2100
1512262910.61 0 2000
1512262910.71 0 2100
1512262910.81 0 2000
1512262910.91 0 2100
1512262911.01 0 2050
1512262911.11 0 2050
1512262911.21 0 2050
1512262911.31 0 2100
1512262911.41 0 2050
1512262911.52 0 2050
1512262911.61 0 2050
1512262911.71 0 2050
1512262911.82 0 2100
1512262911.92 0 2050
1512262912.02 0 2050
1512262912.12 0 2050
1512262912.22 0 2050
1512262912.32 0 1950
1512262912.42 0 2200
1512262912.52 0 2000
1512262912.62 0 2200
1512262912.72 0 2000
1512262912.82 0 2100
1512262912.93 0 2150
1512262913.03 0 2100
1512262913.13 0 2150
1512262913.23 0 1450
1512262913.33 0 1100
1512262913.43 0 1100
1512262913.53 0 1400
1512262913.63 0 2000
1512262913.73 0 250
1512262913.83 0 50
1512262913.93 0 300
1512262914.03 0 550
1512262914.13 0 500
1512262914.23 0 400
1512262914.33 0 400
1512262914.43 0 400
1512262914.53 0 350
1512262914.63 0 350
1512262914.73 0 450
1512262914.83 0 550
1512262914.93 0 500
1512262915.03 0 550
1512262915.13 0 650
1512262915.23 0 650
1512262915.33 0 750
1512262915.43 0 850
1512262915.53 0 850
1512262915.63 0 950
1512262915.73 0 1050
1512262915.83 0 1050
1512262915.93 0 1000
1512262916.03 0 1050
1512262916.13 0 1050
1512262916.24 0 850
1512262916.33 0 650
1512262916.44 0 850
1512262916.53 0 850
1512262916.64 0 900
1512262916.74 0 900
1512262916.84 0 1000
1512262916.94 0 950
1512262917.04 0 1000
1512262917.14 0 1000
1512262917.24 0 1050
1512262917.34 0 1100
1512262917.44 0 1000
1512262917.54 0 1100
1512262917.64 0 650
1512262917.74 0 700
1512262917.84 0 900
1512262917.94 0 950
1512262918.04 0 950
1512262918.14 0 950
1512262918.24 0 1050
1512262918.34 0 1050
1512262918.44 0 950
1512262918.54 0 1100
1512262918.64 0 1100
1512262918.74 0 1000
1512262918.84 0 1100
1512262918.94 0 400
1512262919.04 0 750
1512262919.14 0 850
1512262919.24 0 900
1512262919.34 0 900
1512262919.44 0 900
1512262919.54 0 900
1512262919.64 0 1000
1512262919.74 0 1000
1512262919.84 0 1100
1512262919.94 0 1050
1512262920.04 0 1100
1512262920.14 0 1050
1512262920.24 0 550
1512262920.34 0 850
1512262920.45 0 950
1512262920.54 0 950
1512262920.65 0 1000
1512262920.74 0 1000
1512262920.85 0 1050
1512262920.94 0 1000
1512262921.04 0 1100
1512262921.14 0 1050
1512262921.25 0 1050
1512262921.34 0 1000
1512262921.44 0 950
1512262921.54 0 1000
1512262921.65 0 1100
1512262921.74 0 1050
1512262921.85 0 1050
1512262921.95 0 1100
1512262922.05 0 1050
1512262922.15 0 1050
1512262922.25 0 1000
1512262922.35 0 1050
1512262922.45 0 1100
1512262922.55 0 1100
1512262922.65 0 1050
1512262922.75 0 1100
1512262922.85 0 1000
1512262922.95 0 1000
1512262923.05 0 1050
1512262923.15 0 1100
1512262923.25 0 1100
1512262923.35 0 1050
1512262923.45 0 1100
1512262923.55 0 950
1512262923.65 0 1000
1512262923.75 0 1050
1512262923.85 0 1100
1512262923.95 0 1100
1512262924.05 0 1050
1512262924.15 0 1100
1512262924.26 0 950
1512262924.35 0 1000
1512262924.45 0 1000
1512262924.55 0 1100
1512262924.65 0 1050
1512262924.75 0 1100
1512262924.85 0 1100
1512262924.95 0 1050
1512262925.05 0 1000
1512262925.15 0 1050
1512262925.25 0 1050
1512262925.35 0 1100
1512262925.45 0 1050
1512262925.55 0 1100
1512262925.65 0 1100
1512262925.76 0 1000
1512262925.85 0 1000
1512262925.96 0 1050
1512262926.05 0 1100
1512262926.15 0 1050
1512262926.25 0 1100
1512262926.36 0 1100
1512262926.46 0 1000
1512262926.56 0 1000
1512262926.66 0 1000
1512262926.76 0 1100
1512262926.86 0 1100
1512262926.96 0 1050
1512262927.06 0 1100
1512262927.16 0 1050
1512262927.26 0 1000
1512262927.36 0 1000
1512262927.46 0 1100
1512262927.56 0 1050
1512262927.66 0 1150
1512262927.76 0 1100
1512262927.86 0 1050
1512262927.96 0 900
1512262928.06 0 950
1512262928.16 0 1000
1512262928.26 0 1050
1512262928.36 0 1100
1512262928.46 0 1100
1512262928.56 0 1050
1512262928.66 0 1100
1512262928.76 0 850
1512262928.86 0 950
1512262928.96 0 1050
1512262929.06 0 1100
1512262929.16 0 1050
1512262929.26 0 1100
1512262929.36 0 1050
1512262929.46 0 1100
1512262929.56 0 850
1512262929.66 0 900
1512262929.76 0 950
1512262929.87 0 1000
1512262929.96 0 1000
1512262930.06 0 1050
1512262930.16 0 1100
1512262930.27 0 1100
1512262930.37 0 1050
1512262930.47 0 1100
1512262930.56 0 1000
1512262930.67 0 1000
1512262930.77 0 950
1512262930.86 0 1100
1512262930.97 0 1100
1512262931.07 0 1100
1512262931.17 0 1050
1512262931.27 0 1100
1512262931.37 0 900
1512262931.47 0 950
1512262931.57 0 1050
1512262931.68 0 1100
1512262931.77 0 950
1512262931.87 0 900
1512262931.97 0 850
1512262932.07 0 950
1512262932.17 0 950
1512262932.27 0 800
1512262932.37 0 750
1512262932.47 0 250
1512262932.57 0 250
1512262932.67 0 400
1512262932.77 0 350
1512262932.87 0 400
1512262932.97 0 400
1512262933.07 0 400
1512262933.17 0 400
1512262933.27 0 400
1512262933.37 0 500
1512262933.47 0 550
1512262933.57 0 500
1512262933.67 0 600
1512262933.77 0 700
1512262933.87 0 700
1512262933.97 0 750
1512262934.08 0 700
1512262934.18 0 750
1512262934.27 0 750
1512262934.38 0 1150
1512262934.48 0 600
1512262934.58 0 200
1512262934.68 0 450
1512262934.78 0 550
1512262934.88 0 550
1512262934.98 0 550
1512262935.08 0 550
1512262935.17 0 600
1512262935.28 0 600
1512262935.38 0 650
1512262935.48 0 650
1512262935.58 0 650
1512262935.68 0 750
1512262935.78 0 650
1512262935.88 0 750
1512262935.98 0 700
1512262936.08 0 950
1512262936.18 0 600
1512262936.28 0 100
1512262936.38 0 450
1512262936.48 0 500
1512262936.58 0 550
1512262936.68 0 600
1512262936.78 0 500
1512262936.88 0 550
1512262936.98 0 550
1512262937.08 0 650
1512262937.18 0 650
1512262937.28 0 750
1512262937.38 0 700
1512262937.48 0 750
1512262937.58 0 700
1512262937.68 0 750
1512262937.78 0 700
1512262937.88 0 900
1512262937.99 0 650
1512262938.08 0 200
1512262938.18 0 150
1512262938.29 0 400
1512262938.38 0 300
1512262938.48 0 300
1512262938.58 0 350
1512262938.68 0 350
1512262938.78 0 300
1512262938.89 0 400
1512262938.99 0 350
1512262939.09 0 450
1512262939.18 0 450
1512262939.28 0 500
1512262939.38 0 600
1512262939.48 0 600
1512262939.59 0 650
1512262939.69 0 750
1512262939.79 0 750
1512262939.88 0 650
1512262939.98 0 850
1512262940.08 0 850
1512262940.18 0 750
1512262940.29 0 750
1512262940.38 0 650
1512262940.48 0 650
1512262940.58 0 600
1512262940.68 0 600
1512262940.78 0 600
1512262940.89 0 600
1512262940.98 0 650
1512262941.09 0 700
1512262941.19 0 650
1512262941.29 0 700
1512262941.39 0 800
1512262941.49 0 750
1512262941.59 0 700
1512262941.69 0 800
1512262941.79 0 750
1512262941.89 0 1050
1512262941.99 0 750
1512262942.09 0 850
1512262942.19 0 650
1512262942.29 0 600
1512262942.39 0 300
1512262942.49 0 450
1512262942.59 0 500
1512262942.69 0 450
1512262942.79 0 450
1512262942.89 0 450
1512262942.99 0 450
1512262943.09 0 500
1512262943.19 0 500
1512262943.29 0 650
1512262943.39 0 600
1512262943.49 0 650
1512262943.59 0 750
1512262943.69 0 750
1512262943.79 0 750
1512262943.89 0 750
1512262943.99 0 750
1512262944.09 0 750
1512262944.19 0 800
1512262944.29 0 900
1512262944.39 0 350
1512262944.49 0 100
1512262944.59 0 300
1512262944.69 0 300
1512262944.79 0 300
1512262944.89 0 250
1512262944.99 0 300
1512262945.09 0 300
1512262945.19 0 300
1512262945.29 0 300
1512262945.39 0 400
1512262945.49 0 400
1512262945.59 0 400
1512262945.69 0 450
1512262945.79 0 550
1512262945.89 0 550
1512262945.99 0 650
1512262946.09 0 650
1512262946.19 0 750
1512262946.3 0 850
1512262946.4 0 750
1512262946.49 0 750
1512262946.59 0 750
1512262946.69 0 750
1512262946.8 0 700
1512262946.9 0 800
1512262947.0 0 750
1512262947.1 0 50
1512262947.2 0 200
1512262947.3 0 350
1512262947.4 0 350
1512262947.5 0 400
1512262947.6 0 350
1512262947.7 0 350
1512262947.8 0 350
1512262947.9 0 400
1512262948.0 0 450
1512262948.1 0 500
1512262948.2 0 500
1512262948.3 0 550
1512262948.4 0 600
1512262948.5 0 600
1512262948.6 0 700
1512262948.7 0 750
1512262948.8 0 1000
1512262948.9 0 750
1512262949.0 0 750
1512262949.1 0 700
1512262949.2 0 750
1512262949.3 0 750
1512262949.4 0 900
1512262949.5 0 500
1512262949.6 0 50
1512262949.7 0 100
1512262949.81 0 300
1512262949.9 0 300
1512262950.0 0 350
1512262950.1 0 250
1512262950.2 0 300
1512262950.31 0 300
1512262950.41 0 300
1512262950.51 0 300
1512262950.61 0 400
1512262950.71 0 450
1512262950.81 0 450
1512262950.91 0 500
1512262951.01 0 600
1512262951.11 0 600
1512262951.21 0 650
1512262951.31 0 750
1512262951.41 0 700
1512262951.51 0 750
1512262951.61 0 700
1512262951.71 0 700
1512262951.81 0 700
1512262951.91 0 850
1512262952.01 0 900
1512262952.11 0 450
1512262952.21 0 50
1512262952.31 0 200
1512262952.41 0 300
1512262952.51 0 300
1512262952.61 0 250
1512262952.71 0 300
1512262952.81 0 250
1512262952.91 0 250
1512262953.01 0 300
1512262953.11 0 350
1512262953.21 0 350
1512262953.31 0 450
1512262953.41 0 450
1512262953.51 0 500
1512262953.61 0 500
1512262953.71 0 550
1512262953.81 0 650
1512262953.92 0 750
1512262954.02 0 750
1512262954.12 0 750
1512262954.21 0 800
1512262954.32 0 850
1512262954.41 0 800
1512262954.51 0 950
1512262954.61 0 1100
1512262954.71 0 850
1512262954.82 0 100
1512262954.91 0 400
1512262955.01 0 650
1512262955.12 0 550
1512262955.21 0 400
1512262955.32 0 500
1512262955.42 0 500
1512262955.52 0 450
1512262955.62 0 500
1512262955.72 0 550
1512262955.82 0 600
1512262955.92 0 650
1512262956.02 0 650
1512262956.12 0 700
1512262956.22 0 750
1512262956.32 0 800
1512262956.42 0 800
1512262956.52 0 1000
1512262956.62 0 850
1512262956.72 0 800
1512262956.82 0 750
1512262956.92 0 850
1512262957.02 0 900
1512262957.12 0 350
1512262957.22 0 400
1512262957.32 0 500
1512262957.42 0 550
1512262957.52 0 550
1512262957.63 0 650
1512262957.73 0 600
1512262957.82 0 550
1512262957.92 0 600
1512262958.02 0 700
1512262958.12 0 700
1512262958.22 0 750
1512262958.32 0 800
1512262958.42 0 900
1512262958.52 0 800
1512262958.62 0 800
1512262958.72 0 750
1512262958.82 0 800
1512262958.92 0 750
1512262959.03 0 800
1512262959.12 0 1100
1512262959.23 0 50
1512262959.33 0 50
1512262959.43 0 300
1512262959.52 0 300
1512262959.63 0 350
1512262959.73 0 300
1512262959.83 0 350
1512262959.93 0 300
1512262960.03 0 350
1512262960.13 0 350
1512262960.23 0 350
1512262960.33 0 450
1512262960.43 0 450
1512262960.53 0 500
1512262960.63 0 600
1512262960.73 0 600
1512262960.83 0 700
1512262960.93 0 700
1512262961.03 0 800
1512262961.13 0 750
1512262961.23 0 800
1512262961.33 0 900
1512262961.43 0 900
1512262961.53 0 600
1512262961.63 0 450
1512262961.73 0 550
1512262961.83 0 550
1512262961.93 0 600
1512262962.03 0 500
1512262962.13 0 600
1512262962.24 0 550
1512262962.34 0 600
1512262962.44 0 550
1512262962.54 0 650
1512262962.64 0 700
1512262962.74 0 700
1512262962.84 0 800
1512262962.94 0 750
1512262963.04 0 1000
1512262963.14 0 750
1512262963.24 0 750
1512262963.34 0 750
1512262963.44 0 800
1512262963.54 0 900
1512262963.64 0 700
1512262963.74 0 100
1512262963.84 0 300
1512262963.94 0 350
1512262964.04 0 400
1512262964.14 0 350
1512262964.24 0 400
1512262964.34 0 450
1512262964.44 0 450
1512262964.54 0 450
1512262964.64 0 550
1512262964.74 0 600
1512262964.84 0 700
1512262964.94 0 750
1512262965.04 0 800
1512262965.14 0 950
1512262965.24 0 1000
1512262965.34 0 1050
1512262965.44 0 1050
1512262965.54 0 1000
1512262965.64 0 1050
1512262965.74 0 1050
1512262965.84 0 500
1512262965.94 0 750
1512262966.04 0 850
1512262966.14 0 900
1512262966.24 0 900
1512262966.34 0 900
1512262966.44 0 850
1512262966.55 0 1000
1512262966.64 0 950
1512262966.75 0 1050
1512262966.85 0 1050
1512262966.94 0 1050
1512262967.04 0 1050
1512262967.15 0 1100
1512262967.24 0 900
1512262967.34 0 950
1512262967.45 0 1100
1512262967.54 0 1050
1512262967.65 0 1050
1512262967.75 0 1100
1512262967.85 0 1050
1512262967.95 0 1100
1512262968.05 0 950
1512262968.15 0 1050
1512262968.25 0 1100
1512262968.35 0 1050
1512262968.45 0 1050
1512262968.55 0 1150
1512262968.65 0 1000
1512262968.75 0 1000
1512262968.85 0 1100
1512262968.95 0 1050
1512262969.05 0 1100
1512262969.15 0 1050
1512262969.25 0 1150
1512262969.35 0 1000
1512262969.45 0 1000
1512262969.55 0 1000
1512262969.65 0 1100
1512262969.75 0 1100
1512262969.85 0 1100
1512262969.95 0 1100
1512262970.05 0 1050
1512262970.15 0 900
1512262970.25 0 1000
1512262970.35 0 1050
1512262970.45 0 1100
1512262970.55 0 1050
1512262970.65 0 1100
1512262970.75 0 1100
1512262970.85 0 1100
1512262970.95 0 950
1512262971.05 0 1050
1512262971.16 0 1050
1512262971.26 0 1100
1512262971.35 0 1050
1512262971.46 0 1100
1512262971.56 0 1100
1512262971.66 0 1050
1512262971.76 0 1000
1512262971.86 0 1050
1512262971.96 0 1100
1512262972.06 0 1050
1512262972.16 0 1100
1512262972.26 0 1050
1512262972.36 0 1050
1512262972.46 0 950
1512262972.56 0 1050
1512262972.66 0 1100
1512262972.76 0 1050
1512262972.86 0 1100
1512262972.96 0 1100
1512262973.06 0 1150
1512262973.16 0 1000
1512262973.26 0 1000
1512262973.36 0 1050
1512262973.46 0 1050
1512262973.56 0 1100
1512262973.66 0 1100
1512262973.76 0 1050
1512262973.86 0 650
1512262973.96 0 900
1512262974.06 0 1000
1512262974.16 0 1050
1512262974.26 0 1050
1512262974.36 0 1100
1512262974.46 0 1050
1512262974.56 0 1100
1512262974.66 0 1050
1512262974.76 0 1100
1512262974.86 0 950
1512262974.96 0 1000
1512262975.06 0 1100
1512262975.16 0 1050
1512262975.26 0 1100
1512262975.36 0 1100
1512262975.46 0 1050
1512262975.56 0 1050
1512262975.66 0 1000
1512262975.76 0 1050
1512262975.86 0 1000
1512262975.96 0 1100
1512262976.06 0 1100
1512262976.16 0 1050
1512262976.26 0 950
1512262976.36 0 1000
1512262976.46 0 1050
1512262976.56 0 1050
1512262976.66 0 1100
1512262976.76 0 1100
1512262976.87 0 1050
1512262976.97 0 1100
1512262977.07 0 1050
1512262977.17 0 1000
1512262977.27 0 1050
1512262977.37 0 1100
1512262977.47 0 1100
1512262977.57 0 1050
1512262977.67 0 1050
1512262977.77 0 950
1512262977.87 0 1050
1512262977.97 0 1000
1512262978.07 0 1050
1512262978.17 0 1050
1512262978.27 0 1100
1512262978.37 0 1100
1512262978.47 0 1000
1512262978.57 0 1000
1512262978.67 0 1050
1512262978.77 0 1100
1512262978.87 0 1100
1512262978.97 0 1050
1512262979.07 0 1050
1512262979.17 0 950
1512262979.27 0 1050
1512262979.37 0 1000
1512262979.47 0 1100
1512262979.57 0 1100
1512262979.67 0 1100
1512262979.77 0 1100
1512262979.87 0 1050
1512262979.97 0 1000
1512262980.07 0 1100
1512262980.17 0 1100
1512262980.27 0 1100
1512262980.37 0 900
1512262980.47 0 900
1512262980.57 0 1050
1512262980.67 0 1100
1512262980.77 0 1000
1512262980.87 0 1100
1512262980.97 0 1100
1512262981.07 0 1050
1512262981.17 0 850
1512262981.27 0 950
1512262981.37 0 1000
1512262981.47 0 1000
1512262981.57 0 1100
1512262981.67 0 1050
1512262981.77 0 1100
1512262981.87 0 1100
1512262981.97 0 1050
1512262982.07 0 950
1512262982.17 0 900
1512262982.27 0 1000
1512262982.37 0 1000
1512262982.47 0 1100
1512262982.57 0 1050
1512262982.67 0 1100
1512262982.77 0 1050
1512262982.88 0 1100
1512262982.97 0 1100
1512262983.07 0 850
1512262983.17 0 950
1512262983.28 0 1050
1512262983.38 0 1050
1512262983.48 0 1100
1512262983.58 0 1100
1512262983.68 0 1050
1512262983.78 0 1100
1512262983.88 0 850
1512262983.98 0 900
1512262984.08 0 950
1512262984.18 0 950
1512262984.28 0 1050
1512262984.38 0 1100
1512262984.48 0 1100
1512262984.59 0 1050
1512262984.68 0 1050
1512262984.78 0 1100
1512262984.88 0 900
1512262984.98 0 950
1512262985.08 0 950
1512262985.18 0 1000
1512262985.28 0 1050
1512262985.38 0 1100
1512262985.48 0 1050
1512262985.58 0 1100
1512262985.68 0 1050
1512262985.78 0 1050
1512262985.88 0 1100
1512262985.98 0 1000
1512262986.08 0 1100
1512262986.19 0 1100
1512262986.28 0 1050
1512262986.38 0 1100
1512262986.48 0 950
1512262986.58 0 900
1512262986.68 0 950
1512262986.78 0 1000
1512262986.89 0 1050
1512262986.99 0 1100
1512262987.09 0 1050
1512262987.19 0 1050
1512262987.29 0 1100
1512262987.39 0 1100
1512262987.49 0 950
1512262987.59 0 700
1512262987.69 0 900
1512262987.79 0 800
1512262987.89 0 1050
1512262987.99 0 1000
1512262988.09 0 950
1512262988.19 0 1000
1512262988.29 0 1050
1512262988.39 0 1100
1512262988.5 0 1150
1512262988.6 0 1050
1512262988.7 0 1050
1512262988.8 0 900
1512262988.91 0 1000
1512262989.0 0 900
1512262989.1 0 1000
1512262989.19 0 1100
1512262989.3 0 1100
1512262989.4 0 1100
1512262989.5 0 1100
1512262989.6 0 1050
1512262989.7 0 950
1512262989.8 0 950
1512262989.9 0 1050
1512262990.0 0 1100
1512262990.1 0 1050
1512262990.2 0 1050
1512262990.3 0 1100
1512262990.4 0 1050
1512262990.5 0 950
1512262990.6 0 900
1512262990.7 0 1000
1512262990.8 0 1050
1512262990.9 0 1100
1512262991.0 0 1050
1512262991.1 0 1050
1512262991.2 0 1100
1512262991.3 0 1050
1512262991.4 0 1050
1512262991.5 0 1000
1512262991.6 0 1050
1512262991.7 0 1050
1512262991.8 0 1100
1512262991.9 0 1050
1512262992.0 0 1100
1512262992.1 0 850
1512262992.2 0 950
1512262992.3 0 950
1512262992.4 0 1000
1512262992.5 0 1100
1512262992.6 0 1050
1512262992.7 0 1150
1512262992.8 0 1000
1512262992.9 0 1100
1512262993.0 0 950
1512262993.1 0 950
1512262993.2 0 1100
1512262993.3 0 1050
1512262993.4 0 1100
1512262993.5 0 1100
1512262993.6 0 1050
1512262993.7 0 1050
1512262993.8 0 950
1512262993.91 0 1050
1512262994.0 0 1050
1512262994.1 0 1100
1512262994.2 0 1050
1512262994.31 0 1050
1512262994.41 0 1100
1512262994.51 0 1000
1512262994.61 0 1000
1512262994.7 0 1000
1512262994.81 0 1100
1512262994.91 0 1050
1512262995.01 0 1100
1512262995.11 0 1100
1512262995.21 0 1050
1512262995.31 0 1050
1512262995.41 0 1100
1512262995.51 0 900
1512262995.61 0 900
1512262995.71 0 950
1512262995.81 0 1000
1512262995.91 0 1100
1512262996.01 0 1050
1512262996.11 0 1050
1512262996.21 0 1100
1512262996.31 0 1050
1512262996.41 0 1100
1512262996.51 0 1100
1512262996.61 0 950
1512262996.71 0 1000
1512262996.81 0 1100
1512262996.91 0 1050
1512262997.01 0 1100
1512262997.11 0 1050
1512262997.21 0 1100
1512262997.31 0 900
1512262997.41 0 950
1512262997.51 0 1050
1512262997.62 0 1100
1512262997.71 0 1050
1512262997.81 0 1100
1512262997.91 0 1100
1512262998.01 0 1050
1512262998.11 0 950
1512262998.21 0 900
1512262998.31 0 1000
1512262998.41 0 1050
1512262998.51 0 1050
1512262998.61 0 1100
1512262998.71 0 1100
1512262998.82 0 1100
1512262998.92 0 1050
1512262999.01 0 1050
1512262999.11 0 950
1512262999.21 0 1000
1512262999.31 0 1050
1512262999.42 0 1150
1512262999.51 0 1000
1512262999.61 0 1150
1512262999.71 0 1000
1512262999.82 0 1050
1512262999.92 0 1000
1512263000.02 0 1050
1512263000.12 0 1100
1512263000.22 0 1100
1512263000.32 0 1100
1512263000.42 0 1150
1512263000.52 0 800
1512263000.62 0 1000
1512263000.72 0 950
1512263000.82 0 1050
1512263000.92 0 1100
1512263001.02 0 1050
1512263001.12 0 1100
1512263001.22 0 1100
1512263001.32 0 1000
1512263001.42 0 850
1512263001.52 0 850
1512263001.62 0 1000
1512263001.72 0 1000
1512263001.82 0 1000
1512263001.92 0 1050
1512263002.02 0 1100
1512263002.12 0 1100
1512263002.22 0 1050
1512263002.32 0 1100
1512263002.42 0 1000
1512263002.52 0 600
1512263002.62 0 850
1512263002.72 0 950
1512263002.83 0 1000
1512263002.93 0 1000
1512263003.03 0 1000
1512263003.12 0 1100
1512263003.22 0 1050
1512263003.33 0 1100
1512263003.43 0 1050
1512263003.53 0 1050
1512263003.62 0 900
1512263003.73 0 500
1512263003.83 0 800
1512263003.93 0 900
1512263004.03 0 900
1512263004.13 0 900
1512263004.23 0 1000
1512263004.33 0 1000
1512263004.43 0 1050
1512263004.53 0 1100
1512263004.63 0 1050
1512263004.73 0 1100
1512263004.84 0 1100
1512263004.93 0 650
1512263005.03 0 600
1512263005.13 0 850
1512263005.23 0 950
1512263005.33 0 900
1512263005.43 0 950
1512263005.53 0 1000
1512263005.63 0 1000
1512263005.73 0 1050
1512263005.83 0 1100
1512263005.93 0 1050
1512263006.03 0 1050
1512263006.14 0 1100
1512263006.23 0 450
1512263006.34 0 750
1512263006.44 0 850
1512263006.53 0 850
1512263006.63 0 900
1512263006.74 0 900
1512263006.83 0 950
1512263006.94 0 1000
1512263007.04 0 950
1512263007.14 0 1100
1512263007.24 0 1050
1512263007.34 0 1050
1512263007.44 0 1050
1512263007.54 0 1150
1512263007.64 0 500
1512263007.74 0 850
1512263007.84 0 900
1512263007.94 0 950
1512263008.04 0 950
1512263008.14 0 1000
1512263008.24 0 1050
1512263008.34 0 1100
1512263008.44 0 1050
1512263008.54 0 1050
1512263008.64 0 1100
1512263008.74 0 1050
1512263008.84 0 650
1512263008.94 0 700
1512263009.04 0 850
1512263009.14 0 950
1512263009.24 0 950
1512263009.34 0 950
1512263009.44 0 1000
1512263009.54 0 1000
1512263009.64 0 1050
1512263009.74 0 1100
1512263009.84 0 1050
1512263009.94 0 1050
1512263010.04 0 1000
1512263010.14 0 750
1512263010.24 0 900
1512263010.35 0 1000
1512263010.45 0 1000
1512263010.55 0 1050
1512263010.65 0 1100
1512263010.75 0 1050
1512263010.85 0 1100
1512263010.95 0 1050
1512263011.05 0 1050
1512263011.15 0 900
1512263011.25 0 900
1512263011.35 0 950
1512263011.45 0 1000
1512263011.55 0 1050
1512263011.65 0 1100
1512263011.75 0 1050
1512263011.85 0 1100
1512263011.95 0 1050
1512263012.05 0 1100
1512263012.15 0 1100
1512263012.25 0 950
1512263012.35 0 1050
1512263012.45 0 1050
1512263012.55 0 1100
1512263012.66 0 1150
1512263012.75 0 1000
1512263012.85 0 1050
1512263012.95 0 950
1512263013.05 0 1000
1512263013.15 0 1050
1512263013.25 0 1100
1512263013.35 0 1100
1512263013.45 0 1100
1512263013.55 0 1050
1512263013.65 0 1000
1512263013.75 0 950
1512263013.85 0 1000
1512263013.95 0 1100
1512263014.05 0 1100
1512263014.16 0 1100
1512263014.25 0 1050
1512263014.35 0 1100
1512263014.46 0 950
1512263014.56 0 1000
1512263014.66 0 1050
1512263014.76 0 1100
1512263014.86 0 1050
1512263014.96 0 1100
1512263015.06 0 1100
1512263015.16 0 1050
1512263015.26 0 800
1512263015.36 0 950
1512263015.46 0 1050
1512263015.56 0 1050
1512263015.66 0 1100
1512263015.76 0 1050
1512263015.86 0 1050
1512263015.96 0 1150
1512263016.06 0 1000
1512263016.16 0 1000
1512263016.26 0 950
1512263016.36 0 1100
1512263016.46 0 1050
1512263016.56 0 1050
1512263016.66 0 1100
1512263016.76 0 1000
1512263016.86 0 950
1512263016.96 0 1000
1512263017.06 0 1100
1512263017.17 0 1100
1512263017.27 0 1100
1512263017.37 0 1050
1512263017.47 0 1000
1512263017.57 0 900
1512263017.67 0 1000
1512263017.77 0 1100
1512263017.87 0 1100
1512263017.97 0 1050
1512263018.07 0 1100
1512263018.17 0 1050
1512263018.27 0 1000
1512263018.37 0 850
1512263018.47 0 1000
1512263018.57 0 1050
1512263018.67 0 1050
1512263018.77 0 1100
1512263018.87 0 1100
1512263018.97 0 1050
1512263019.07 0 1100
1512263019.17 0 900
1512263019.27 0 950
1512263019.37 0 950
1512263019.47 0 1050
1512263019.57 0 1100
1512263019.67 0 1100
1512263019.77 0 1050
1512263019.87 0 1050
1512263019.97 0 1100
1512263020.07 0 1000
1512263020.17 0 1000
1512263020.27 0 1050
1512263020.37 0 1050
1512263020.47 0 1100
1512263020.57 0 1100
1512263020.68 0 1050
1512263020.77 0 1100
1512263020.87 0 1000
1512263020.97 0 950
1512263021.07 0 1000
1512263021.17 0 1050
1512263021.27 0 1150
1512263021.37 0 1050
1512263021.47 0 1100
1512263021.57 0 1100
1512263021.67 0 950
1512263021.77 0 900
1512263021.88 0 1000
1512263021.97 0 1050
1512263022.08 0 1100
1512263022.18 0 1050
1512263022.28 0 1100
1512263022.37 0 1050
1512263022.48 0 1100
1512263022.58 0 750
1512263022.68 0 950
1512263022.78 0 1000
1512263022.88 0 1100
1512263022.98 0 1050
1512263023.08 0 1050
1512263023.18 0 1100
1512263023.28 0 1100
1512263023.38 0 1050
1512263023.48 0 1000
1512263023.58 0 950
1512263023.68 0 950
1512263023.78 0 1050
1512263023.88 0 1100
1512263023.98 0 1100
1512263024.08 0 1050
1512263024.18 0 1100
1512263024.28 0 1100
1512263024.38 0 900
1512263024.48 0 900
1512263024.58 0 1000
1512263024.68 0 1050
1512263024.78 0 1050
1512263024.88 0 1100
1512263024.98 0 1050
1512263025.08 0 1100
1512263025.18 0 1050
1512263025.28 0 1150
1512263025.39 0 750
1512263025.48 0 900
1512263025.58 0 1050
1512263025.68 0 1000
1512263025.78 0 1150
1512263025.88 0 1100
1512263025.99 0 1050
1512263026.08 0 1100
1512263026.19 0 1100
1512263026.28 0 900
1512263026.38 0 1000
1512263026.48 0 1000
1512263026.59 0 1100
1512263026.69 0 1100
1512263026.78 0 1050
1512263026.88 0 1100
1512263026.99 0 1100
1512263027.09 0 850
1512263027.19 0 900
1512263027.29 0 1000
1512263027.39 0 1000
1512263027.49 0 1050
1512263027.59 0 1100
1512263027.69 0 1100
1512263027.79 0 1100
1512263027.89 0 1050
1512263027.99 0 1100
1512263028.09 0 950
1512263028.19 0 1050
1512263028.29 0 1050
1512263028.39 0 1050
1512263028.49 0 1050
1512263028.59 0 1050
1512263028.69 0 1100
1512263028.79 0 1050
1512263028.89 0 800
1512263028.99 0 950
1512263029.09 0 1000
1512263029.19 0 1100
1512263029.29 0 1100
1512263029.39 0 1100
1512263029.49 0 1100
1512263029.59 0 1050
1512263029.69 0 800
1512263029.79 0 800
1512263029.89 0 950
1512263029.99 0 1000
1512263030.09 0 1000
1512263030.19 0 1000
1512263030.29 0 1100
1512263030.39 0 1100
1512263030.49 0 1050
1512263030.59 0 1100
1512263030.69 0 1050
1512263030.79 0 900
1512263030.89 0 700
1512263030.99 0 900
1512263031.09 0 950
1512263031.19 0 1000
1512263031.29 0 1000
1512263031.4 0 1050
1512263031.49 0 1100
1512263031.6 0 1050
1512263031.7 0 1100
1512263031.79 0 1050
1512263031.9 0 1100
1512263032.0 0 900
1512263032.1 0 950
1512263032.2 0 950
1512263032.3 0 1000
1512263032.4 0 1100
1512263032.5 0 1050
1512263032.6 0 1100
1512263032.7 0 1100
1512263032.8 0 1250
1512263032.9 0 900
1512263033.0 0 1050
1512263033.1 0 1150
1512263033.2 0 1250
1512263033.3 0 1300
1512263033.4 0 1400
1512263033.5 0 1450
1512263033.6 0 1600
1512263033.7 0 1600
1512263033.8 0 1700
1512263033.9 0 1750
1512263034.0 0 1900
1512263034.1 0 1950
1512263034.2 0 1850
1512263034.3 0 2100
1512263034.4 0 2000
1512263034.5 0 2000
1512263034.6 0 2050
1512263034.7 0 2150
1512263034.8 0 2100
1512263034.9 0 2050
1512263035.0 0 2050
1512263035.1 0 2050
1512263035.21 0 2100
1512263035.31 0 2100
1512263035.41 0 1950
1512263035.51 0 2150
1512263035.61 0 2100
1512263035.71 0 2050
1512263035.81 0 2150
1512263035.91 0 2000
1512263036.01 0 2100
1512263036.11 0 2000
1512263036.21 0 2100
1512263036.31 0 2000
1512263036.41 0 2050
1512263036.51 0 2100
1512263036.61 0 2100
1512263036.71 0 2050
1512263036.81 0 2000
1512263036.91 0 2100
1512263037.01 0 2050
1512263037.11 0 2000
1512263037.21 0 2150
1512263037.31 0 2000
1512263037.41 0 2100
1512263037.51 0 2000
1512263037.62 0 2200
1512263037.71 0 1950
1512263037.81 0 2050
1512263037.91 0 2050
1512263038.01 0 2050
1512263038.11 0 2050
1512263038.21 0 2000
1512263038.32 0 2150
1512263038.42 0 2050
1512263038.51 0 2050
1512263038.62 0 2150
1512263038.72 0 2050
1512263038.82 0 2050
1512263038.92 0 2050
1512263039.02 0 2000
1512263039.12 0 2100
1512263039.22 0 2100
1512263039.32 0 2050
1512263039.42 0 2000
1512263039.52 0 2050
1512263039.62 0 2050
1512263039.72 0 2100
1512263039.82 0 2050
1512263039.92 0 2100
1512263040.03 0 2100
1512263040.12 0 2000
1512263040.23 0 2200
1512263040.33 0 2000
1512263040.42 0 2000
1512263040.52 0 2000
1512263040.62 0 2100
1512263040.73 0 2150
1512263040.83 0 2050
1512263040.93 0 2050
1512263041.03 0 2050
1512263041.13 0 2050
1512263041.23 0 2050
1512263041.33 0 2050
1512263041.43 0 2100
1512263041.53 0 1900
1512263041.63 0 2150
1512263041.73 0 2100
1512263041.83 0 2050
1512263041.93 0 1950
1512263042.03 0 2150
1512263042.13 0 2050
1512263042.23 0 2000
1512263042.33 0 2100
1512263042.43 0 2150
1512263042.53 0 2000
1512263042.63 0 2050
1512263042.73 0 2100
1512263042.83 0 200
1512263042.93 0 0
1512263043.03 0 0
1512263043.13 0 0
1512263043.23 0 0
1512263043.33 0 0
1512263043.43 0 0
1512263043.53 0 0
1512263043.63 0 0
1512263043.73 0 0
1512263043.83 0 0
1512263043.93 0 0
1512263044.03 0 0
1512263044.13 0 0
1512263044.23 0 0
1512263044.33 0 0
1512263044.43 0 0
1512263044.53 0 0
1512263044.63 0 0
1512263044.73 0 0
1512263044.83 0 0
1512263044.93 0 0
1512263045.03 0 0
1512263045.13 0 0
1512263045.23 0 0
1512263045.33 0 0
1512263045.43 0 0
1512263045.53 0 0
1512263045.63 0 0
1512263045.73 0 0
1512263045.83 0 0
1512263045.93 0 0
1512263046.03 0 0
1512263046.13 0 0
1512263046.23 0 0
1512263046.33 0 0
1512263046.44 0 0
1512263046.54 0 0
1512263046.63 0 0
1512263046.74 0 0
1512263046.84 0 0
1512263046.94 0 0
1512263047.04 0 0
1512263047.14 0 0
1512263047.24 0 0
1512263047.34 0 0
1512263047.44 0 0
1512263047.54 0 0
1512263047.64 0 0
1512263047.74 0 0
1512263047.84 0 0
1512263047.94 0 0
1512263048.04 0 0
1512263048.14 0 0
1512263048.24 0 0
1512263048.34 0 0
1512263048.44 0 0
1512263048.54 0 0
1512263048.64 0 0
1512263048.74 0 0
1512263048.84 0 0
1512263048.94 0 0
1512263049.04 0 0
1512263049.14 0 0
1512263049.24 0 0
1512263049.34 0 0
1512263049.44 0 0
1512263049.54 0 0
1512263049.64 0 0
1512263049.74 0 0
1512263049.84 0 0
1512263049.94 0 0
1512263050.04 0 0
1512263050.14 0 0
1512263050.24 0 0
1512263050.34 0 0
1512263050.44 0 0
1512263050.54 0 0
1512263050.64 0 0
1512263050.74 0 0
1512263050.84 0 0
1512263050.94 0 0
1512263051.04 0 0
1512263051.15 0 0
1512263051.25 0 0
1512263051.35 0 0
1512263051.45 0 0
1512263051.55 0 0
1512263051.65 0 0
1512263051.75 0 0
1512263051.85 0 0
1512263051.95 0 0
1512263052.05 0 0
1512263052.15 0 0
1512263052.25 0 0
1512263052.35 0 0
1512263052.45 0 0
1512263052.55 0 0
1512263052.65 0 0
1512263052.75 0 0
1512263052.85 0 0
1512263052.96 0 0
1512263053.05 0 0
1512263053.15 0 0
1512263053.26 0 0
1512263053.34 0 0
1512263053.44 0 0
1512263053.55 0 0
1512263053.65 0 0
1512263053.75 0 0
1512263053.85 0 0
1512263053.95 0 0
1512263054.05 0 0
1512263054.15 0 0
1512263054.25 0 0
1512263054.36 0 0
1512263054.45 0 0
1512263054.56 0 0
1512263054.65 0 0
1512263054.76 0 0
1512263054.85 0 0
1512263054.96 0 0
1512263055.05 0 0
1512263055.15 0 0
1512263055.25 0 0
1512263055.36 0 0
1512263055.45 0 0
