1512262844.49 2500.0 3166.66666667
1512262844.58 2500.0 3611.11111111
1512262844.68 2500.0 3907.40740741
1512262844.78 2500.0 4104.9382716
1512262844.88 2500.0 4236.6255144
1512262844.97 2500.0 4324.4170096
1512262845.08 2500.0 4382.94467307
1512262845.17 2500.0 4421.96311538
1512262845.28 2500.0 4447.97541025
1512262845.38 2500.0 4465.31694017
1512262845.48 2500.0 4476.87796011
1512262845.58 2500.0 4484.58530674
1512262845.67 2500.0 4489.72353783
1512262845.78 2500.0 4493.14902522
1512262845.87 2500.0 4495.43268348
1512262845.98 2500.0 4496.95512232
1512262846.08 2500.0 4497.97008155
1512262846.19 2500.0 4498.64672103
1512262846.31 2500.0 4499.09781402
1512262846.38 2500.0 4499.39854268
1512262846.48 2500.0 4499.59902845
1512262846.58 2500.0 4499.73268564
1512262846.68 2500.0 4499.82179042
1512262846.78 2500.0 4499.88119362
1512262846.88 2500.0 4499.92079574
1512262846.99 2500.0 4499.94719716
1512262847.08 2500.0 4499.96479811
1512262847.18 2500.0 4499.97653207
1512262847.28 2500.0 4499.98435471
1512262847.38 2500.0 4499.98956981
1512262847.48 2500.0 4499.99304654
1512262847.58 2500.0 4499.99536436
1512262847.68 2500.0 4499.99690957
1512262847.79 2500.0 4499.99793972
1512262847.88 2500.0 4499.99862648
1512262847.98 2500.0 4499.99908432
1512262848.08 2500.0 4499.99938955
1512262848.18 2500.0 4499.99959303
1512262848.28 2500.0 4499.99972869
1512262848.38 2500.0 4499.99981912
1512262848.48 2500.0 4499.99987942
1512262848.59 2500.0 4499.99991961
1512262848.68 2500.0 4499.99994641
1512262848.78 2500.0 4499.99996427
1512262848.88 2500.0 4499.99997618
1512262848.98 2500.0 4499.99998412
1512262849.08 2500.0 4499.99998941
1512262849.19 2500.0 4499.99999294
1512262849.29 2500.0 4499.9999953
1512262849.39 2500.0 4499.99999686
1512262849.49 2500.0 4499.99999791
1512262849.59 2500.0 4499.99999861
1512262849.68 2500.0 4499.99999907
1512262849.79 2500.0 4499.99999938
1512262849.89 2500.0 4499.99999959
1512262849.98 2500.0 4499.99999972
1512262850.08 2500.0 4499.99999982
1512262850.18 2500.0 4499.99999988
1512262850.28 2500.0 4499.99999992
1512262850.4 2500.0 4499.99999995
1512262850.48 2500.0 4499.99999996
1512262850.61 2500.0 4499.99999998
1512262850.69 2500.0 4499.99999998
1512262850.83 2500.0 4499.99999999
1512262850.9 2500.0 4499.99999999
1512262850.99 2500.0 4500.0
1512262851.09 2500.0 4500.0
1512262851.19 2500.0 4500.0
1512262851.29 2500.0 4500.0
1512262851.39 2500.0 4500.0
1512262851.49 2500.0 4500.0
1512262851.64 2500.0 4500.0
1512262851.7 2500.0 4500.0
1512262851.79 2500.0 4500.0
1512262851.89 2500.0 4500.0
1512262851.99 2500.0 4500.0
1512262852.09 2500.0 4500.0
1512262852.19 2500.0 4500.0
1512262852.28 2500.0 4500.0
1512262852.39 2500.0 4500.0
1512262852.49 2500.0 4500.0
1512262852.58 2500.0 4500.0
1512262852.68 2500.0 4500.0
1512262852.78 2500.0 4500.0
1512262852.89 2500.0 4500.0
1512262852.99 2500.0 4500.0
1512262853.09 2500.0 4500.0
1512262853.19 2500.0 4500.0
1512262853.29 2500.0 4500.0
1512262853.39 2500.0 4500.0
1512262853.49 2500.0 4500.0
1512262853.59 2500.0 4500.0
1512262853.69 2500.0 4500.0
1512262853.79 2500.0 4500.0
1512262853.89 2500.0 4500.0
1512262853.99 2500.0 4500.0
1512262854.09 2500.0 4500.0
1512262854.19 2500.0 4500.0
1512262854.29 2500.0 4500.0
1512262854.39 2500.0 4500.0
1512262854.49 2500.0 4500.0
1512262854.59 2500.0 4500.0
1512262854.69 2500.0 4500.0
1512262854.79 2500.0 4500.0
1512262854.89 2500.0 4500.0
1512262854.99 2500.0 4500.0
1512262855.09 2500.0 4500.0
1512262855.2 2500.0 4500.0
1512262855.29 2500.0 4500.0
1512262855.39 2500.0 4500.0
1512262855.49 2500.0 4500.0
1512262855.59 2500.0 4500.0
1512262855.69 2500.0 4500.0
1512262855.79 2500.0 4500.0
1512262855.89 2500.0 4500.0
1512262856.0 2500.0 4500.0
1512262856.09 2500.0 4500.0
1512262856.19 2500.0 4500.0
1512262856.29 2500.0 4500.0
1512262856.39 2500.0 4500.0
1512262856.49 2500.0 4500.0
1512262856.6 2500.0 4500.0
1512262856.69 2500.0 4500.0
1512262856.79 2500.0 4500.0
1512262856.9 2500.0 4500.0
1512262857.0 2500.0 4500.0
1512262857.1 2500.0 4500.0
1512262857.2 2500.0 4500.0
1512262857.3 2500.0 4500.0
1512262857.39 2500.0 4500.0
1512262857.5 2500.0 4500.0
1512262857.6 2500.0 4500.0
1512262857.7 2500.0 4500.0
1512262857.8 2500.0 4500.0
1512262857.9 2500.0 4500.0
1512262858.0 2500.0 4500.0
1512262858.1 2500.0 4500.0
1512262858.2 2500.0 4500.0
1512262858.3 2500.0 4500.0
1512262858.4 2500.0 4500.0
1512262858.5 2500.0 4500.0
1512262858.6 2500.0 4500.0
1512262858.7 2500.0 4500.0
1512262858.81 2500.0 4500.0
1512262858.9 2500.0 4500.0
1512262859.0 2500.0 4500.0
1512262859.1 2500.0 4500.0
1512262859.2 2500.0 4500.0
1512262859.3 2500.0 4500.0
1512262859.39 2500.0 4500.0
1512262859.5 2500.0 4500.0
1512262859.6 2500.0 4500.0
1512262859.7 2500.0 4500.0
1512262859.81 2500.0 4500.0
1512262859.9 2500.0 4500.0
1512262860.0 2500.0 4500.0
1512262860.1 2500.0 4500.0
1512262860.21 2500.0 4500.0
1512262860.3 2500.0 4500.0
1512262860.4 2500.0 4500.0
1512262860.51 2500.0 4500.0
1512262860.62 2500.0 4500.0
1512262860.71 2500.0 4500.0
1512262860.81 2500.0 4500.0
1512262860.91 2500.0 4500.0
1512262861.01 2500.0 4500.0
1512262861.11 2500.0 4500.0
1512262861.21 2500.0 4500.0
1512262861.31 2500.0 4500.0
1512262861.41 2500.0 4500.0
1512262861.51 2500.0 4500.0
1512262861.6 2500.0 4500.0
1512262861.71 2500.0 4500.0
1512262861.81 2500.0 4500.0
1512262861.91 2500.0 4500.0
1512262862.01 2500.0 4500.0
1512262862.11 2500.0 4500.0
1512262862.21 2500.0 4500.0
1512262862.3 2500.0 4500.0
1512262862.4 2500.0 4500.0
1512262862.51 2500.0 4500.0
1512262862.61 2500.0 4500.0
1512262862.71 2500.0 4500.0
1512262862.81 2500.0 4500.0
1512262862.91 2500.0 4500.0
1512262863.01 2500.0 4500.0
1512262863.1 2500.0 4500.0
1512262863.2 2500.0 4500.0
1512262863.3 2500.0 4500.0
1512262863.4 2500.0 4500.0
1512262863.5 2500.0 4500.0
1512262863.6 2500.0 4500.0
1512262863.7 2500.0 4500.0
1512262863.81 2500.0 4500.0
1512262863.91 2500.0 4500.0
1512262864.0 2500.0 4500.0
1512262864.11 2500.0 4500.0
1512262864.2 2500.0 4500.0
1512262864.31 2500.0 4500.0
1512262864.41 2500.0 4500.0
1512262864.51 2500.0 4500.0
1512262864.6 2500.0 4500.0
1512262864.7 2500.0 4500.0
1512262864.8 2500.0 4500.0
1512262864.91 2500.0 4500.0
1512262865.01 2500.0 4500.0
1512262865.11 2500.0 4500.0
1512262865.2 2500.0 4500.0
1512262865.31 2500.0 4500.0
1512262865.41 2500.0 4500.0
1512262865.51 2500.0 4500.0
1512262865.61 2500.0 4500.0
1512262865.71 2500.0 4500.0
1512262865.81 2500.0 4500.0
1512262865.91 2500.0 4500.0
1512262866.01 2500.0 4500.0
1512262866.11 2500.0 4500.0
1512262866.21 2500.0 4500.0
1512262866.31 2500.0 4500.0
1512262866.41 2500.0 4500.0
1512262866.52 2500.0 4500.0
1512262866.61 2500.0 4500.0
1512262866.71 2500.0 4500.0
1512262866.81 2500.0 4500.0
1512262866.91 2500.0 4500.0
1512262867.01 2500.0 4500.0
1512262867.11 2500.0 4500.0
1512262867.22 2500.0 4500.0
1512262867.31 2500.0 4500.0
1512262867.41 2500.0 4500.0
1512262867.51 2500.0 4500.0
1512262867.61 2500.0 4500.0
1512262867.71 2500.0 4500.0
1512262867.81 2500.0 4500.0
1512262867.92 2500.0 4500.0
1512262868.01 2500.0 4500.0
1512262868.11 2500.0 4500.0
1512262868.21 2500.0 4500.0
1512262868.32 2500.0 4500.0
1512262868.42 2500.0 4500.0
1512262868.52 2500.0 4500.0
1512262868.61 2500.0 4500.0
1512262868.72 2500.0 4500.0
1512262868.81 2500.0 4500.0
1512262868.91 2500.0 4500.0
1512262869.02 2500.0 4500.0
1512262869.11 2500.0 4500.0
1512262869.21 2500.0 4500.0
1512262869.32 2500.0 4500.0
1512262869.42 2500.0 4500.0
1512262869.52 2500.0 4500.0
1512262869.62 2500.0 4500.0
1512262869.72 2500.0 4500.0
1512262869.82 2500.0 4500.0
1512262869.91 2500.0 4500.0
1512262870.02 2500.0 4500.0
1512262870.11 2500.0 4500.0
1512262870.22 2500.0 4500.0
1512262870.32 2500.0 4500.0
1512262870.42 2500.0 4500.0
1512262870.52 2500.0 4500.0
1512262870.62 2500.0 4500.0
1512262870.72 2500.0 4500.0
1512262870.82 2500.0 4500.0
1512262870.93 2500.0 4500.0
1512262871.02 2500.0 4500.0
1512262871.12 2500.0 4500.0
1512262871.22 2500.0 4500.0
1512262871.32 2500.0 4500.0
1512262871.42 2500.0 4500.0
1512262871.52 2500.0 4500.0
1512262871.63 2500.0 4500.0
1512262871.73 2500.0 4500.0
1512262871.83 2500.0 4500.0
1512262871.93 2500.0 4500.0
1512262872.03 2500.0 4500.0
1512262872.13 2500.0 4500.0
1512262872.22 2500.0 4500.0
1512262872.33 2500.0 4500.0
1512262872.42 2500.0 4500.0
1512262872.52 2500.0 4500.0
1512262872.62 2500.0 4500.0
1512262872.72 2500.0 4500.0
1512262872.82 2500.0 4500.0
1512262872.92 2500.0 4500.0
1512262873.03 2500.0 4500.0
1512262873.12 2500.0 4500.0
1512262873.22 2500.0 4500.0
1512262873.33 2500.0 4500.0
1512262873.43 2500.0 4500.0
1512262873.54 2500.0 4500.0
1512262873.63 2500.0 4500.0
1512262873.73 2500.0 4500.0
1512262873.83 2500.0 4500.0
1512262873.93 2500.0 4500.0
1512262874.03 2500.0 4500.0
1512262874.13 2500.0 4500.0
1512262874.23 2500.0 4500.0
1512262874.33 2500.0 4500.0
1512262874.43 2500.0 4500.0
1512262874.53 2500.0 4500.0
1512262874.63 2500.0 4500.0
1512262874.74 2500.0 4500.0
1512262874.83 2500.0 4500.0
1512262874.93 2500.0 4500.0
1512262875.03 2500.0 4500.0
1512262875.18 2500.0 4500.0
1512262875.24 2500.0 4500.0
1512262875.33 2500.0 4500.0
1512262875.5 2500.0 4500.0
1512262875.56 2500.0 4500.0
1512262875.66 2500.0 4500.0
1512262875.76 2500.0 4500.0
1512262875.86 2500.0 4500.0
1512262875.96 2500.0 4500.0
1512262876.05 2500.0 4500.0
1512262876.16 2500.0 4500.0
1512262876.26 2500.0 4500.0
1512262876.36 2500.0 4500.0
1512262876.47 2500.0 4500.0
1512262876.56 2500.0 4500.0
1512262876.65 2500.0 4500.0
1512262876.76 2500.0 4500.0
1512262876.86 2500.0 4500.0
1512262877.04 2500.0 4500.0
1512262877.1 2500.0 4500.0
1512262877.19 2500.0 4500.0
1512262877.3 2500.0 4500.0
1512262877.4 2500.0 4500.0
1512262877.49 2500.0 4500.0
1512262877.6 2500.0 4500.0
1512262877.69 2500.0 4500.0
1512262877.79 2500.0 4500.0
1512262877.89 2500.0 4500.0
1512262877.98 2500.0 4500.0
1512262878.09 2500.0 4500.0
1512262878.19 2500.0 4500.0
1512262878.29 2500.0 4500.0
1512262878.47 2500.0 4500.0
1512262878.53 2500.0 4500.0
1512262878.63 2500.0 4500.0
1512262878.73 2500.0 4500.0
1512262878.83 2500.0 4500.0
1512262878.94 2500.0 4500.0
1512262879.03 2500.0 4500.0
1512262879.14 2500.0 4500.0
1512262879.23 2500.0 4500.0
1512262879.33 2500.0 4500.0
1512262879.44 2500.0 4500.0
1512262879.54 2500.0 4500.0
1512262879.64 2500.0 4500.0
1512262879.73 2500.0 4500.0
1512262879.84 2500.0 4500.0
1512262879.94 2500.0 4500.0
1512262880.04 2500.0 4500.0
1512262880.14 2500.0 4500.0
1512262880.24 2500.0 4500.0
1512262880.34 2500.0 4500.0
1512262880.44 2500.0 4500.0
1512262880.53 2500.0 4500.0
1512262880.63 2500.0 4500.0
1512262880.73 2500.0 4500.0
1512262880.84 2500.0 4500.0
1512262880.94 2500.0 4500.0
1512262881.04 2500.0 4500.0
1512262881.14 2500.0 4500.0
1512262881.24 2500.0 4500.0
1512262881.34 2500.0 4500.0
1512262881.43 2500.0 4500.0
1512262881.55 2500.0 4500.0
1512262881.63 2500.0 4500.0
1512262881.74 2500.0 4500.0
1512262881.84 2500.0 4500.0
1512262881.95 2500.0 4500.0
1512262882.04 2500.0 4500.0
1512262882.14 2500.0 4500.0
1512262882.24 2500.0 4500.0
1512262882.34 2500.0 4500.0
1512262882.44 2500.0 4500.0
1512262882.63 2500.0 4500.0
1512262882.7 2500.0 4500.0
1512262882.79 2500.0 4500.0
1512262882.88 2500.0 4500.0
1512262883.0 2500.0 4500.0
1512262883.1 2500.0 4500.0
1512262883.22 2500.0 4500.0
1512262883.29 2500.0 4500.0
1512262883.43 2500.0 4500.0
1512262883.5 2500.0 4500.0
1512262883.59 2500.0 4500.0
1512262883.7 2500.0 4500.0
1512262883.79 2500.0 4500.0
1512262883.9 2500.0 4500.0
1512262883.99 2500.0 4500.0
1512262884.1 2500.0 4500.0
1512262884.2 2500.0 4500.0
1512262884.3 2500.0 4500.0
1512262884.39 2500.0 4500.0
1512262884.49 2500.0 4500.0
1512262884.66 2500.0 4500.0
1512262884.73 2500.0 4500.0
1512262884.82 2500.0 4500.0
1512262884.92 2500.0 4500.0
1512262885.03 2500.0 4500.0
1512262885.13 2500.0 4500.0
1512262885.23 2500.0 4500.0
1512262885.33 2500.0 4500.0
1512262885.43 2500.0 4500.0
1512262885.53 2500.0 4500.0
1512262885.63 2500.0 4500.0
1512262885.74 2500.0 4500.0
1512262885.83 2500.0 4500.0
1512262885.93 2500.0 4500.0
1512262886.03 2500.0 4500.0
1512262886.12 2500.0 4500.0
1512262886.22 2500.0 4500.0
1512262886.32 2500.0 4500.0
1512262886.43 2500.0 4500.0
1512262886.53 2500.0 4500.0
1512262886.63 2500.0 4500.0
1512262886.72 2500.0 4500.0
1512262886.83 2500.0 4500.0
1512262886.93 2500.0 4500.0
1512262887.03 2500.0 4500.0
1512262887.13 2500.0 4500.0
1512262887.22 2500.0 4500.0
1512262887.32 2500.0 4500.0
1512262887.42 2500.0 4500.0
1512262887.52 2500.0 4500.0
1512262887.62 2500.0 4500.0
1512262887.72 2500.0 4500.0
1512262887.82 2500.0 4500.0
1512262887.93 2500.0 4500.0
1512262888.02 2500.0 4500.0
1512262888.12 2500.0 4500.0
1512262888.23 2500.0 4500.0
1512262888.34 2500.0 4500.0
1512262888.43 2500.0 4500.0
1512262888.54 2500.0 4500.0
1512262888.63 2500.0 4500.0
1512262888.73 2500.0 4500.0
1512262888.83 2500.0 4500.0
1512262888.93 2500.0 4500.0
1512262889.04 2500.0 4500.0
1512262889.14 2500.0 4500.0
1512262889.23 2500.0 4500.0
1512262889.41 2500.0 4500.0
1512262889.48 2500.0 4500.0
1512262889.57 2500.0 4500.0
1512262889.67 2500.0 4500.0
1512262889.77 2500.0 4500.0
1512262889.87 2500.0 4500.0
1512262889.97 2500.0 4500.0
1512262890.15 2500.0 4500.0
1512262890.21 2500.0 4500.0
1512262890.31 2500.0 4500.0
1512262890.41 2500.0 4500.0
1512262890.51 2500.0 4500.0
1512262890.6 2500.0 4500.0
1512262890.7 2500.0 4500.0
1512262890.81 2500.0 4500.0
1512262890.91 2500.0 4500.0
1512262891.01 2500.0 4500.0
1512262891.11 2500.0 4500.0
1512262891.21 2500.0 4500.0
1512262891.31 2500.0 4500.0
1512262891.4 2500.0 4500.0
1512262891.51 2500.0 4500.0
1512262891.61 2500.0 4500.0
1512262891.71 2500.0 4500.0
1512262891.81 2500.0 4500.0
1512262891.91 2500.0 4500.0
1512262892.07 2500.0 4500.0
1512262892.14 2500.0 4500.0
1512262892.23 2500.0 4500.0
1512262892.44 2500.0 4500.0
1512262892.52 2500.0 4500.0
1512262892.6 2500.0 4500.0
1512262892.69 2500.0 4500.0
1512262892.79 2500.0 4500.0
1512262892.9 2500.0 4500.0
1512262893.0 2500.0 4500.0
1512262893.17 2500.0 4500.0
1512262893.22 2500.0 4500.0
1512262893.32 2500.0 4500.0
1512262893.42 2500.0 4500.0
1512262893.53 2500.0 4500.0
1512262893.63 2500.0 4500.0
1512262893.73 2500.0 4500.0
1512262893.83 2500.0 4500.0
1512262893.93 2500.0 4500.0
1512262894.03 2500.0 4500.0
1512262894.13 2500.0 4500.0
1512262894.23 2500.0 4500.0
1512262894.33 2500.0 4500.0
1512262894.44 2500.0 4500.0
1512262894.53 2500.0 4500.0
1512262894.63 2500.0 4500.0
1512262894.73 2500.0 4500.0
1512262894.84 2500.0 4500.0
1512262894.94 2500.0 4500.0
1512262895.04 2500.0 4500.0
1512262895.14 2500.0 4500.0
1512262895.24 2500.0 4500.0
1512262895.33 2500.0 4500.0
1512262895.44 2500.0 4500.0
1512262895.54 2500.0 4500.0
1512262895.64 2500.0 4500.0
1512262895.74 2500.0 4500.0
1512262895.84 2500.0 4500.0
1512262895.94 2500.0 4500.0
1512262896.03 2500.0 4500.0
1512262896.14 2500.0 4500.0
1512262896.24 2500.0 4500.0
1512262896.34 2500.0 4500.0
1512262896.44 2500.0 4500.0
1512262896.55 2500.0 4500.0
1512262896.64 2500.0 4500.0
1512262896.74 2500.0 4500.0
1512262896.84 2500.0 4500.0
1512262896.95 2500.0 4500.0
1512262897.04 2500.0 4500.0
1512262897.14 2500.0 4500.0
1512262897.24 2500.0 4500.0
1512262897.34 2500.0 4500.0
1512262897.44 2500.0 4500.0
1512262897.54 2500.0 4500.0
1512262897.64 2500.0 4500.0
1512262897.74 2500.0 4500.0
1512262897.84 2500.0 4500.0
1512262897.94 2500.0 4500.0
1512262898.05 2500.0 4500.0
1512262898.15 2500.0 4500.0
1512262898.25 2500.0 4500.0
1512262898.34 2500.0 4500.0
1512262898.45 2500.0 4500.0
1512262898.54 2500.0 4500.0
1512262898.65 2500.0 4500.0
1512262898.74 2500.0 4500.0
1512262898.85 2500.0 4500.0
1512262898.96 2500.0 4500.0
1512262899.04 2500.0 4500.0
1512262899.15 2500.0 4500.0
1512262899.25 2500.0 4500.0
1512262899.35 2500.0 4500.0
1512262899.45 2500.0 4500.0
1512262899.55 2500.0 4500.0
1512262899.65 2500.0 4500.0
1512262899.74 2500.0 4500.0
1512262899.85 2500.0 4500.0
1512262899.94 2500.0 4500.0
1512262900.05 2500.0 4500.0
1512262900.15 2500.0 4500.0
1512262900.24 2500.0 4500.0
1512262900.35 2500.0 4500.0
1512262900.44 2500.0 4500.0
1512262900.55 2500.0 4500.0
1512262900.65 2500.0 4500.0
1512262900.74 2500.0 4500.0
1512262900.85 2500.0 4500.0
1512262900.95 2500.0 4500.0
1512262901.05 2500.0 4500.0
1512262901.15 2500.0 4500.0
1512262901.25 2500.0 4500.0
1512262901.35 2500.0 4500.0
1512262901.44 2500.0 4500.0
1512262901.55 2500.0 4500.0
1512262901.65 2500.0 4500.0
1512262901.76 2500.0 4500.0
1512262901.85 2500.0 4500.0
1512262901.96 2500.0 4500.0
1512262902.05 2500.0 4500.0
1512262902.15 2500.0 4500.0
1512262902.25 2500.0 4500.0
1512262902.36 2500.0 4500.0
1512262902.45 2500.0 4500.0
1512262902.55 2500.0 4500.0
1512262902.66 2500.0 4500.0
1512262902.75 2500.0 4500.0
1512262902.86 2500.0 4500.0
1512262902.95 2500.0 4500.0
1512262903.05 2500.0 4500.0
1512262903.16 2500.0 4500.0
1512262903.26 2500.0 4500.0
1512262903.35 2500.0 4500.0
1512262903.46 2500.0 4500.0
1512262903.56 2500.0 4500.0
1512262903.66 2500.0 4500.0
1512262903.76 2500.0 4500.0
1512262903.87 2500.0 4500.0
1512262903.96 2500.0 4500.0
1512262904.06 2500.0 4500.0
1512262904.15 2500.0 4500.0
1512262904.26 2500.0 4500.0
1512262904.35 2500.0 4500.0
1512262904.46 2500.0 4500.0
1512262904.55 2500.0 4500.0
1512262904.65 2500.0 4500.0
1512262904.76 2500.0 4500.0
1512262904.86 2500.0 4500.0
1512262904.96 2500.0 4500.0
1512262905.06 2500.0 4500.0
1512262905.17 2500.0 4500.0
1512262905.27 2500.0 4500.0
1512262905.36 2500.0 4500.0
1512262905.46 2500.0 4500.0
1512262905.55 2500.0 4500.0
1512262905.65 2500.0 4500.0
1512262905.76 2500.0 4500.0
1512262905.86 2500.0 4500.0
1512262905.96 2500.0 4500.0
1512262906.05 2500.0 4500.0
1512262906.16 2500.0 4500.0
1512262906.26 2500.0 4500.0
1512262906.36 2500.0 4500.0
1512262906.46 2500.0 4500.0
1512262906.56 2500.0 4500.0
1512262906.66 2500.0 4500.0
1512262906.76 2500.0 4500.0
1512262906.86 2500.0 4500.0
1512262906.96 2500.0 4500.0
1512262907.06 2500.0 4500.0
1512262907.15 2500.0 4500.0
1512262907.26 2500.0 4500.0
1512262907.36 2500.0 4500.0
1512262907.46 2500.0 4500.0
1512262907.57 2500.0 4500.0
1512262907.67 2500.0 4500.0
1512262907.76 2500.0 4500.0
1512262907.87 2500.0 4500.0
1512262907.96 2500.0 4500.0
1512262908.06 2500.0 4500.0
1512262908.16 2500.0 4500.0
1512262908.26 2500.0 4500.0
1512262908.37 2500.0 4500.0
1512262908.46 2500.0 4500.0
1512262908.56 2500.0 4500.0
1512262908.67 2500.0 4500.0
1512262908.77 2500.0 4500.0
1512262908.85 2500.0 4500.0
1512262908.96 2500.0 4500.0
1512262909.06 2500.0 4500.0
1512262909.16 2500.0 4500.0
1512262909.26 2500.0 4500.0
1512262909.37 2500.0 4500.0
1512262909.47 2500.0 4500.0
1512262909.57 2500.0 4500.0
1512262909.66 2500.0 4500.0
1512262909.76 2500.0 4500.0
1512262909.86 2500.0 4500.0
1512262909.96 2500.0 4500.0
1512262910.07 2500.0 4500.0
1512262910.17 2500.0 4500.0
1512262910.27 2500.0 4500.0
1512262910.37 2500.0 4500.0
1512262910.47 2500.0 4500.0
1512262910.57 2500.0 4500.0
1512262910.67 2500.0 4500.0
1512262910.77 2500.0 4500.0
1512262910.86 2500.0 4500.0
1512262910.97 2500.0 4500.0
1512262911.06 2500.0 4500.0
1512262911.16 2500.0 4500.0
1512262911.26 2500.0 4500.0
1512262911.37 2500.0 4500.0
1512262911.46 2500.0 4500.0
1512262911.56 2500.0 4500.0
1512262911.67 2500.0 4500.0
1512262911.76 2500.0 4500.0
1512262911.87 2500.0 4500.0
1512262911.97 2500.0 4500.0
1512262912.07 2500.0 4500.0
1512262912.16 2500.0 4500.0
1512262912.27 2500.0 4500.0
1512262912.36 2500.0 4500.0
1512262912.47 2500.0 4500.0
1512262912.57 2500.0 4500.0
1512262912.68 2500.0 4500.0
1512262912.77 2500.0 4500.0
1512262912.87 2500.0 4500.0
1512262912.98 2500.0 4500.0
1512262913.08 2500.0 4500.0
1512262913.19 2500.0 4500.0
1512262913.29 2500.0 4500.0
1512262913.38 2500.0 4500.0
1512262913.49 2500.0 4500.0
1512262913.59 2500.0 4500.0
1512262913.68 2500.0 4500.0
1512262913.79 2500.0 4500.0
1512262913.88 2500.0 4500.0
1512262913.99 2500.0 4500.0
1512262914.09 2500.0 4500.0
1512262914.18 2500.0 4500.0
1512262914.29 2500.0 4500.0
1512262914.38 2500.0 4500.0
1512262914.48 2500.0 4500.0
1512262914.58 2500.0 4500.0
1512262914.69 2500.0 4500.0
1512262914.79 2500.0 4500.0
1512262914.88 2500.0 4500.0
1512262914.99 2500.0 4500.0
1512262915.09 2500.0 4500.0
1512262915.18 2500.0 4500.0
1512262915.29 2500.0 4500.0
1512262915.39 2500.0 4500.0
1512262915.49 2500.0 4500.0
1512262915.58 2500.0 4500.0
1512262915.68 2500.0 4500.0
1512262915.79 2500.0 4500.0
1512262915.89 2500.0 4500.0
1512262915.99 2500.0 4500.0
1512262916.1 2500.0 4500.0
1512262916.19 2500.0 4500.0
1512262916.28 2500.0 4500.0
1512262916.38 2500.0 4500.0
1512262916.49 2500.0 4500.0
1512262916.59 2500.0 4500.0
1512262916.69 2500.0 4500.0
1512262916.79 2500.0 4500.0
1512262916.89 2500.0 4500.0
1512262917.0 2500.0 4500.0
1512262917.09 2500.0 4500.0
1512262917.19 2500.0 4500.0
1512262917.3 2500.0 4500.0
1512262917.4 2500.0 4500.0
1512262917.49 2500.0 4500.0
1512262917.6 2500.0 4500.0
1512262917.69 2500.0 4500.0
1512262917.8 2500.0 4500.0
1512262917.9 2500.0 4500.0
1512262917.99 2500.0 4500.0
1512262918.09 2500.0 4500.0
1512262918.19 2500.0 4500.0
1512262918.3 2500.0 4500.0
1512262918.4 2500.0 4500.0
1512262918.49 2500.0 4500.0
1512262918.6 2500.0 4500.0
1512262918.7 2500.0 4500.0
1512262918.8 2500.0 4500.0
1512262918.89 2500.0 4500.0
1512262918.99 2500.0 4500.0
1512262919.1 2500.0 4500.0
1512262919.19 2500.0 4500.0
1512262919.3 2500.0 4500.0
1512262919.4 2500.0 4500.0
1512262919.5 2500.0 4500.0
1512262919.59 2500.0 4500.0
1512262919.69 2500.0 4500.0
1512262919.79 2500.0 4500.0
1512262919.9 2500.0 4500.0
1512262920.0 2500.0 4500.0
1512262920.1 2500.0 4500.0
1512262920.2 2500.0 4500.0
1512262920.3 2500.0 4500.0
1512262920.39 2500.0 4500.0
1512262920.5 2500.0 4500.0
1512262920.6 2500.0 4500.0
1512262920.7 2500.0 4500.0
1512262920.8 2500.0 4500.0
1512262920.9 2500.0 4500.0
1512262920.99 2500.0 4500.0
1512262921.1 2500.0 4500.0
1512262921.21 2500.0 4500.0
1512262921.3 2500.0 4500.0
1512262921.4 2500.0 4500.0
1512262921.49 2500.0 4500.0
1512262921.6 2500.0 4500.0
1512262921.7 2500.0 4500.0
1512262921.8 2500.0 4500.0
1512262921.9 2500.0 4500.0
1512262922.0 2500.0 4500.0
1512262922.1 2500.0 4500.0
1512262922.2 2500.0 4500.0
1512262922.3 2500.0 4500.0
1512262922.4 2500.0 4500.0
1512262922.5 2500.0 4500.0
1512262922.61 2500.0 4500.0
1512262922.71 2500.0 4500.0
1512262922.8 2500.0 4500.0
1512262922.9 2500.0 4500.0
1512262922.99 2500.0 4500.0
1512262923.1 2500.0 4500.0
1512262923.21 2500.0 4500.0
1512262923.3 2500.0 4500.0
1512262923.4 2500.0 4500.0
1512262923.51 2500.0 4500.0
1512262923.6 2500.0 4500.0
1512262923.7 2500.0 4500.0
1512262923.81 2500.0 4500.0
1512262923.9 2500.0 4500.0
1512262924.0 2500.0 4500.0
1512262924.1 2500.0 4500.0
1512262924.21 2500.0 4500.0
1512262924.3 2500.0 4500.0
1512262924.41 2500.0 4500.0
1512262924.51 2500.0 4500.0
1512262924.6 2500.0 4500.0
1512262924.7 2500.0 4500.0
1512262924.81 2500.0 4500.0
1512262924.91 2500.0 4500.0
1512262925.0 2500.0 4500.0
1512262925.11 2500.0 4500.0
1512262925.21 2500.0 4500.0
1512262925.31 2500.0 4500.0
1512262925.41 2500.0 4500.0
1512262925.5 2500.0 4500.0
1512262925.61 2500.0 4500.0
1512262925.71 2500.0 4500.0
1512262925.81 2500.0 4500.0
1512262925.91 2500.0 4500.0
1512262926.02 2500.0 4500.0
1512262926.11 2500.0 4500.0
1512262926.2 2500.0 4500.0
1512262926.31 2500.0 4500.0
1512262926.41 2500.0 4500.0
1512262926.51 2500.0 4500.0
1512262926.61 2500.0 4500.0
1512262926.7 2500.0 4500.0
1512262926.81 2500.0 4500.0
1512262926.91 2500.0 4500.0
1512262927.01 2500.0 4500.0
1512262927.11 2500.0 4500.0
1512262927.21 2500.0 4500.0
1512262927.32 2500.0 4500.0
1512262927.41 2500.0 4500.0
1512262927.51 2500.0 4500.0
1512262927.6 2500.0 4500.0
1512262927.72 2500.0 4500.0
1512262927.82 2500.0 4500.0
1512262927.91 2500.0 4500.0
1512262928.01 2500.0 4500.0
1512262928.11 2500.0 4500.0
1512262928.21 2500.0 4500.0
1512262928.31 2500.0 4500.0
1512262928.42 2500.0 4500.0
1512262928.52 2500.0 4500.0
1512262928.62 2500.0 4500.0
1512262928.72 2500.0 4500.0
1512262928.82 2500.0 4500.0
1512262928.92 2500.0 4500.0
1512262929.01 2500.0 4500.0
1512262929.11 2500.0 4500.0
1512262929.21 2500.0 4500.0
1512262929.32 2500.0 4500.0
1512262929.42 2500.0 4500.0
1512262929.51 2500.0 4500.0
1512262929.61 2500.0 4500.0
1512262929.72 2500.0 4500.0
1512262929.82 2500.0 4500.0
1512262929.91 2500.0 4500.0
1512262930.02 2500.0 4500.0
1512262930.12 2500.0 4500.0
1512262930.21 2500.0 4500.0
1512262930.32 2500.0 4500.0
1512262930.41 2500.0 4500.0
1512262930.51 2500.0 4500.0
1512262930.62 2500.0 4500.0
1512262930.72 2500.0 4500.0
1512262930.82 2500.0 4500.0
1512262930.92 2500.0 4500.0
1512262931.02 2500.0 4500.0
1512262931.12 2500.0 4500.0
1512262931.23 2500.0 4500.0
1512262931.32 2500.0 4500.0
1512262931.41 2500.0 4500.0
1512262931.52 2500.0 4500.0
1512262931.62 2500.0 4500.0
1512262931.73 2500.0 4500.0
1512262931.83 2500.0 4500.0
1512262931.93 2500.0 4500.0
1512262932.02 2500.0 4500.0
1512262932.13 2500.0 4500.0
1512262932.22 2500.0 4500.0
1512262932.32 2500.0 4500.0
1512262932.43 2500.0 4500.0
1512262932.52 2500.0 4500.0
1512262932.62 2500.0 4500.0
1512262932.73 2500.0 4500.0
1512262932.83 2500.0 4500.0
1512262932.93 2500.0 4500.0
1512262933.02 2500.0 4500.0
1512262933.13 2500.0 4500.0
1512262933.22 2500.0 4500.0
1512262933.32 2500.0 4500.0
1512262933.43 2500.0 4500.0
1512262933.52 2500.0 4500.0
1512262933.62 2500.0 4500.0
1512262933.72 2500.0 4500.0
1512262933.83 2500.0 4500.0
1512262933.93 2500.0 4500.0
1512262934.03 2500.0 4500.0
1512262934.13 2500.0 4500.0
1512262934.24 2500.0 4500.0
1512262934.33 2500.0 4500.0
1512262934.44 2500.0 4500.0
1512262934.53 2500.0 4500.0
1512262934.63 2500.0 4500.0
1512262934.73 2500.0 4500.0
1512262934.83 2500.0 4500.0
1512262934.93 2500.0 4500.0
1512262935.03 2500.0 4500.0
1512262935.13 2500.0 4500.0
1512262935.22 2500.0 4500.0
1512262935.33 2500.0 4500.0
1512262935.44 2500.0 4500.0
1512262935.53 2500.0 4500.0
1512262935.62 2500.0 4500.0
1512262935.73 2500.0 4500.0
1512262935.83 2500.0 4500.0
1512262935.94 2500.0 4500.0
1512262936.03 2500.0 4500.0
1512262936.14 2500.0 4500.0
1512262936.23 2500.0 4500.0
1512262936.33 2500.0 4500.0
1512262936.43 2500.0 4500.0
1512262936.53 2500.0 4500.0
1512262936.64 2500.0 4500.0
1512262936.74 2500.0 4500.0
1512262936.84 2500.0 4500.0
1512262936.94 2500.0 4500.0
1512262937.05 2500.0 4500.0
1512262937.14 2500.0 4500.0
1512262937.24 2500.0 4500.0
1512262937.34 2500.0 4500.0
1512262937.43 2500.0 4500.0
1512262937.54 2500.0 4500.0
1512262937.64 2500.0 4500.0
1512262937.74 2500.0 4500.0
1512262937.84 2500.0 4500.0
1512262937.94 2500.0 4500.0
1512262938.05 2500.0 4500.0
1512262938.13 2500.0 4500.0
1512262938.24 2500.0 4500.0
1512262938.34 2500.0 4500.0
1512262938.43 2500.0 4500.0
1512262938.53 2500.0 4500.0
1512262938.64 2500.0 4500.0
1512262938.74 2500.0 4500.0
1512262938.84 2500.0 4500.0
1512262938.94 2500.0 4500.0
1512262939.05 2500.0 4500.0
1512262939.14 2500.0 4500.0
1512262939.24 2500.0 4500.0
1512262939.34 2500.0 4500.0
1512262939.44 2500.0 4500.0
1512262939.54 2500.0 4500.0
1512262939.65 2500.0 4500.0
1512262939.75 2500.0 4500.0
1512262939.84 2500.0 4500.0
1512262939.94 2500.0 4500.0
1512262940.04 2500.0 4500.0
1512262940.15 2500.0 4500.0
1512262940.24 2500.0 4500.0
1512262940.34 2500.0 4500.0
1512262940.44 2500.0 4500.0
1512262940.53 2500.0 4500.0
1512262940.63 2500.0 4500.0
1512262940.74 2500.0 4500.0
1512262940.83 2500.0 4500.0
1512262940.94 2500.0 4500.0
1512262941.04 2500.0 4500.0
1512262941.14 2500.0 4500.0
1512262941.24 2500.0 4500.0
1512262941.34 2500.0 4500.0
1512262941.44 2500.0 4500.0
1512262941.54 2500.0 4500.0
1512262941.64 2500.0 4500.0
1512262941.75 2500.0 4500.0
1512262941.85 2500.0 4500.0
1512262941.93 2500.0 4500.0
1512262942.04 2500.0 4500.0
1512262942.14 2500.0 4500.0
1512262942.24 2500.0 4500.0
1512262942.34 2500.0 4500.0
1512262942.44 2500.0 4500.0
1512262942.54 2500.0 4500.0
1512262942.65 2500.0 4500.0
1512262942.75 2500.0 4500.0
1512262942.84 2500.0 4500.0
1512262942.94 2500.0 4500.0
1512262943.04 2500.0 4500.0
1512262943.14 2500.0 4500.0
1512262943.25 2500.0 4500.0
1512262943.35 2500.0 4500.0
1512262943.45 2500.0 4500.0
1512262943.54 2500.0 4500.0
1512262943.64 2500.0 4500.0
1512262943.75 2500.0 4500.0
1512262943.84 2500.0 4500.0
1512262943.95 2500.0 4500.0
1512262944.04 2500.0 4500.0
1512262944.15 2500.0 4500.0
1512262944.25 2500.0 4500.0
1512262944.34 2500.0 4500.0
1512262944.45 2500.0 4500.0
1512262944.55 2500.0 4500.0
1512262944.64 2500.0 4500.0
1512262944.74 2500.0 4500.0
1512262944.84 2500.0 4500.0
1512262944.95 2500.0 4500.0
1512262945.04 2500.0 4500.0
1512262945.14 2500.0 4500.0
1512262945.25 2500.0 4500.0
1512262945.34 2500.0 4500.0
1512262945.44 2500.0 4500.0
1512262945.55 2500.0 4500.0
1512262945.64 2500.0 4500.0
1512262945.74 2500.0 4500.0
1512262945.85 2500.0 4500.0
1512262945.95 2500.0 4500.0
1512262946.05 2500.0 4500.0
1512262946.15 2500.0 4500.0
1512262946.26 2500.0 4500.0
1512262946.36 2500.0 4500.0
1512262946.45 2500.0 4500.0
1512262946.55 2500.0 4500.0
1512262946.65 2500.0 4500.0
1512262946.75 2500.0 4500.0
1512262946.84 2500.0 4500.0
1512262946.95 2500.0 4500.0
1512262947.05 2500.0 4500.0
1512262947.15 2500.0 4500.0
1512262947.25 2500.0 4500.0
1512262947.35 2500.0 4500.0
1512262947.45 2500.0 4500.0
1512262947.55 2500.0 4500.0
1512262947.65 2500.0 4500.0
1512262947.75 2500.0 4500.0
1512262947.85 2500.0 4500.0
1512262947.95 2500.0 4500.0
1512262948.05 2500.0 4500.0
1512262948.15 2500.0 4500.0
1512262948.26 2500.0 4500.0
1512262948.35 2500.0 4500.0
1512262948.45 2500.0 4500.0
1512262948.56 2500.0 4500.0
1512262948.65 2500.0 4500.0
1512262948.76 2500.0 4500.0
1512262948.85 2500.0 4500.0
1512262948.96 2500.0 4500.0
1512262949.06 2500.0 4500.0
1512262949.16 2500.0 4500.0
1512262949.26 2500.0 4500.0
1512262949.35 2500.0 4500.0
1512262949.46 2500.0 4500.0
1512262949.55 2500.0 4500.0
1512262949.66 2500.0 4500.0
1512262949.75 2500.0 4500.0
1512262949.86 2500.0 4500.0
1512262949.96 2500.0 4500.0
1512262950.06 2500.0 4500.0
1512262950.15 2500.0 4500.0
1512262950.25 2500.0 4500.0
1512262950.36 2500.0 4500.0
1512262950.45 2500.0 4500.0
1512262950.56 2500.0 4500.0
1512262950.66 2500.0 4500.0
1512262950.76 2500.0 4500.0
1512262950.86 2500.0 4500.0
1512262950.97 2500.0 4500.0
1512262951.07 2500.0 4500.0
1512262951.16 2500.0 4500.0
1512262951.25 2500.0 4500.0
1512262951.36 2500.0 4500.0
1512262951.46 2500.0 4500.0
1512262951.56 2500.0 4500.0
1512262951.66 2500.0 4500.0
1512262951.76 2500.0 4500.0
1512262951.87 2500.0 4500.0
1512262951.96 2500.0 4500.0
1512262952.07 2500.0 4500.0
1512262952.16 2500.0 4500.0
1512262952.26 2500.0 4500.0
1512262952.36 2500.0 4500.0
1512262952.46 2500.0 4500.0
1512262952.56 2500.0 4500.0
1512262952.66 2500.0 4500.0
1512262952.76 2500.0 4500.0
1512262952.85 2500.0 4500.0
1512262952.95 2500.0 4500.0
1512262953.07 2500.0 4500.0
1512262953.16 2500.0 4500.0
1512262953.26 2500.0 4500.0
1512262953.36 2500.0 4500.0
1512262953.46 2500.0 4500.0
1512262953.57 2500.0 4500.0
1512262953.67 2500.0 4500.0
1512262953.77 2500.0 4500.0
1512262953.87 2500.0 4500.0
1512262953.96 2500.0 4500.0
1512262954.06 2500.0 4500.0
1512262954.17 2500.0 4500.0
1512262954.26 2500.0 4500.0
1512262954.37 2500.0 4500.0
1512262954.48 2500.0 4500.0
1512262954.57 2500.0 4500.0
1512262954.67 2500.0 4500.0
1512262954.77 2500.0 4500.0
1512262954.87 2500.0 4500.0
1512262954.98 2500.0 4500.0
1512262955.07 2500.0 4500.0
1512262955.17 2500.0 4500.0
1512262955.27 2500.0 4500.0
1512262955.37 2500.0 4500.0
1512262955.47 2500.0 4500.0
1512262955.57 2500.0 4500.0
1512262955.68 2500.0 4500.0
1512262955.78 2500.0 4500.0
1512262955.87 2500.0 4500.0
1512262955.98 2500.0 4500.0
1512262956.07 2500.0 4500.0
1512262956.17 2500.0 4500.0
1512262956.26 2500.0 4500.0
1512262956.37 2500.0 4500.0
1512262956.48 2500.0 4500.0
1512262956.57 2500.0 4500.0
1512262956.67 2500.0 4500.0
1512262956.77 2500.0 4500.0
1512262956.87 2500.0 4500.0
1512262956.97 2500.0 4500.0
1512262957.07 2500.0 4500.0
1512262957.18 2500.0 4500.0
1512262957.27 2500.0 4500.0
1512262957.37 2500.0 4500.0
1512262957.47 2500.0 4500.0
1512262957.58 2500.0 4500.0
1512262957.68 2500.0 4500.0
1512262957.77 2500.0 4500.0
1512262957.87 2500.0 4500.0
1512262957.98 2500.0 4500.0
1512262958.08 2500.0 4500.0
1512262958.18 2500.0 4500.0
1512262958.27 2500.0 4500.0
1512262958.38 2500.0 4500.0
1512262958.48 2500.0 4500.0
1512262958.57 2500.0 4500.0
1512262958.68 2500.0 4500.0
1512262958.78 2500.0 4500.0
1512262958.88 2500.0 4500.0
1512262958.98 2500.0 4500.0
1512262959.09 2500.0 4500.0
1512262959.17 2500.0 4500.0
1512262959.28 2500.0 4500.0
1512262959.38 2500.0 4500.0
1512262959.48 2500.0 4500.0
1512262959.57 2500.0 4500.0
1512262959.68 2500.0 4500.0
1512262959.78 2500.0 4500.0
1512262959.88 2500.0 4500.0
1512262959.97 2500.0 4500.0
1512262960.08 2500.0 4500.0
1512262960.17 2500.0 4500.0
1512262960.28 2500.0 4500.0
1512262960.38 2500.0 4500.0
1512262960.48 2500.0 4500.0
1512262960.59 2500.0 4500.0
1512262960.69 2500.0 4500.0
1512262960.78 2500.0 4500.0
1512262960.88 2500.0 4500.0
1512262960.97 2500.0 4500.0
1512262961.08 2500.0 4500.0
1512262961.18 2500.0 4500.0
1512262961.28 2500.0 4500.0
1512262961.38 2500.0 4500.0
1512262961.48 2500.0 4500.0
1512262961.59 2500.0 4500.0
1512262961.69 2500.0 4500.0
1512262961.78 2500.0 4500.0
1512262961.88 2500.0 4500.0
1512262961.99 2500.0 4500.0
1512262962.08 2500.0 4500.0
1512262962.19 2500.0 4500.0
1512262962.29 2500.0 4500.0
1512262962.4 2500.0 4500.0
1512262962.48 2500.0 4500.0
1512262962.59 2500.0 4500.0
1512262962.69 2500.0 4500.0
1512262962.8 2500.0 4500.0
1512262962.89 2500.0 4500.0
1512262962.99 2500.0 4500.0
1512262963.09 2500.0 4500.0
1512262963.19 2500.0 4500.0
1512262963.28 2500.0 4500.0
1512262963.38 2500.0 4500.0
1512262963.48 2500.0 4500.0
1512262963.59 2500.0 4500.0
1512262963.69 2500.0 4500.0
1512262963.79 2500.0 4500.0
1512262963.89 2500.0 4500.0
1512262963.99 2500.0 4500.0
1512262964.09 2500.0 4500.0
1512262964.19 2500.0 4500.0
1512262964.29 2500.0 4500.0
1512262964.38 2500.0 4500.0
1512262964.49 2500.0 4500.0
1512262964.58 2500.0 4500.0
1512262964.69 2500.0 4500.0
1512262964.78 2500.0 4500.0
1512262964.89 2500.0 4500.0
1512262964.99 2500.0 4500.0
1512262965.09 2500.0 4500.0
1512262965.2 2500.0 4500.0
1512262965.3 2500.0 4500.0
1512262965.4 2500.0 4500.0
1512262965.5 2500.0 4500.0
1512262965.6 2500.0 4500.0
1512262965.7 2500.0 4500.0
1512262965.8 2500.0 4500.0
1512262965.9 2500.0 4500.0
1512262965.99 2500.0 4500.0
1512262966.1 2500.0 4500.0
1512262966.19 2500.0 4500.0
1512262966.3 2500.0 4500.0
1512262966.4 2500.0 4500.0
1512262966.5 2500.0 4500.0
1512262966.6 2500.0 4500.0
1512262966.7 2500.0 4500.0
1512262966.8 2500.0 4500.0
1512262966.9 2500.0 4500.0
1512262966.99 2500.0 4500.0
1512262967.1 2500.0 4500.0
1512262967.21 2500.0 4500.0
1512262967.29 2500.0 4500.0
1512262967.4 2500.0 4500.0
1512262967.5 2500.0 4500.0
1512262967.59 2500.0 4500.0
1512262967.7 2500.0 4500.0
1512262967.8 2500.0 4500.0
1512262967.91 2500.0 4500.0
1512262968.01 2500.0 4500.0
1512262968.09 2500.0 4500.0
1512262968.2 2500.0 4500.0
1512262968.31 2500.0 4500.0
1512262968.41 2500.0 4500.0
1512262968.5 2500.0 4500.0
1512262968.6 2500.0 4500.0
1512262968.7 2500.0 4500.0
1512262968.81 2500.0 4500.0
1512262968.91 2500.0 4500.0
1512262969.01 2500.0 4500.0
1512262969.11 2500.0 4500.0
1512262969.2 2500.0 4500.0
1512262969.31 2500.0 4500.0
1512262969.4 2500.0 4500.0
1512262969.5 2500.0 4500.0
1512262969.61 2500.0 4500.0
1512262969.7 2500.0 4500.0
1512262969.81 2500.0 4500.0
1512262969.91 2500.0 4500.0
1512262970.01 2500.0 4500.0
1512262970.11 2500.0 4500.0
1512262970.21 2500.0 4500.0
1512262970.31 2500.0 4500.0
1512262970.41 2500.0 4500.0
1512262970.51 2500.0 4500.0
1512262970.61 2500.0 4500.0
1512262970.7 2500.0 4500.0
1512262970.81 2500.0 4500.0
1512262970.91 2500.0 4500.0
1512262971.02 2500.0 4500.0
1512262971.11 2500.0 4500.0
1512262971.21 2500.0 4500.0
1512262971.31 2500.0 4500.0
1512262971.4 2500.0 4500.0
1512262971.51 2500.0 4500.0
1512262971.62 2500.0 4500.0
1512262971.71 2500.0 4500.0
1512262971.82 2500.0 4500.0
1512262971.92 2500.0 4500.0
1512262972.01 2500.0 4500.0
1512262972.11 2500.0 4500.0
1512262972.21 2500.0 4500.0
1512262972.3 2500.0 4500.0
1512262972.41 2500.0 4500.0
1512262972.51 2500.0 4500.0
1512262972.61 2500.0 4500.0
1512262972.71 2500.0 4500.0
1512262972.81 2500.0 4500.0
1512262972.92 2500.0 4500.0
1512262973.02 2500.0 4500.0
1512262973.11 2500.0 4500.0
1512262973.22 2500.0 4500.0
1512262973.32 2500.0 4500.0
1512262973.42 2500.0 4500.0
1512262973.52 2500.0 4500.0
1512262973.62 2500.0 4500.0
1512262973.72 2500.0 4500.0
1512262973.81 2500.0 4500.0
1512262973.91 2500.0 4500.0
1512262974.01 2500.0 4500.0
1512262974.12 2500.0 4500.0
1512262974.22 2500.0 4500.0
1512262974.33 2500.0 4500.0
1512262974.42 2500.0 4500.0
1512262974.52 2500.0 4500.0
1512262974.62 2500.0 4500.0
1512262974.72 2500.0 4500.0
1512262974.81 2500.0 4500.0
1512262974.92 2500.0 4500.0
1512262975.01 2500.0 4500.0
1512262975.12 2500.0 4500.0
1512262975.21 2500.0 4500.0
1512262975.32 2500.0 4500.0
1512262975.41 2500.0 4500.0
1512262975.51 2500.0 4500.0
1512262975.61 2500.0 4500.0
1512262975.71 2500.0 4500.0
1512262975.82 2500.0 4500.0
1512262975.91 2500.0 4500.0
1512262976.01 2500.0 4500.0
1512262976.12 2500.0 4500.0
1512262976.22 2500.0 4500.0
1512262976.32 2500.0 4500.0
1512262976.41 2500.0 4500.0
1512262976.52 2500.0 4500.0
1512262976.62 2500.0 4500.0
1512262976.71 2500.0 4500.0
1512262976.82 2500.0 4500.0
1512262976.92 2500.0 4500.0
1512262977.02 2500.0 4500.0
1512262977.12 2500.0 4500.0
1512262977.22 2500.0 4500.0
1512262977.32 2500.0 4500.0
1512262977.43 2500.0 4500.0
1512262977.52 2500.0 4500.0
1512262977.63 2500.0 4500.0
1512262977.72 2500.0 4500.0
1512262977.82 2500.0 4500.0
1512262977.93 2500.0 4500.0
1512262978.02 2500.0 4500.0
1512262978.13 2500.0 4500.0
1512262978.23 2500.0 4500.0
1512262978.33 2500.0 4500.0
1512262978.41 2500.0 4500.0
1512262978.53 2500.0 4500.0
1512262978.62 2500.0 4500.0
1512262978.72 2500.0 4500.0
1512262978.82 2500.0 4500.0
1512262978.93 2500.0 4500.0
1512262979.02 2500.0 4500.0
1512262979.13 2500.0 4500.0
1512262979.22 2500.0 4500.0
1512262979.33 2500.0 4500.0
1512262979.42 2500.0 4500.0
1512262979.52 2500.0 4500.0
1512262979.62 2500.0 4500.0
1512262979.72 2500.0 4500.0
1512262979.83 2500.0 4500.0
1512262979.93 2500.0 4500.0
1512262980.03 2500.0 4500.0
1512262980.13 2500.0 4500.0
1512262980.22 2500.0 4500.0
1512262980.33 2500.0 4500.0
1512262980.42 2500.0 4500.0
1512262980.52 2500.0 4500.0
1512262980.63 2500.0 4500.0
1512262980.73 2500.0 4500.0
1512262980.83 2500.0 4500.0
1512262980.93 2500.0 4500.0
1512262981.03 2500.0 4500.0
1512262981.13 2500.0 4500.0
1512262981.22 2500.0 4500.0
1512262981.33 2500.0 4500.0
1512262981.43 2500.0 4500.0
1512262981.53 2500.0 4500.0
1512262981.63 2500.0 4500.0
1512262981.74 2500.0 4500.0
1512262981.83 2500.0 4500.0
1512262981.93 2500.0 4500.0
1512262982.02 2500.0 4500.0
1512262982.12 2500.0 4500.0
1512262982.22 2500.0 4500.0
1512262982.33 2500.0 4500.0
1512262982.43 2500.0 4500.0
1512262982.53 2500.0 4500.0
1512262982.63 2500.0 4500.0
1512262982.73 2500.0 4500.0
1512262982.83 2500.0 4500.0
1512262982.93 2500.0 4500.0
1512262983.02 2500.0 4500.0
1512262983.13 2500.0 4500.0
1512262983.23 2500.0 4500.0
1512262983.33 2500.0 4500.0
1512262983.43 2500.0 4500.0
1512262983.53 2500.0 4500.0
1512262983.63 2500.0 4500.0
1512262983.73 2500.0 4500.0
1512262983.83 2500.0 4500.0
1512262983.92 2500.0 4500.0
1512262984.04 2500.0 4500.0
1512262984.14 2500.0 4500.0
1512262984.24 2500.0 4500.0
1512262984.34 2500.0 4500.0
1512262984.44 2500.0 4500.0
1512262984.54 2500.0 4500.0
1512262984.64 2500.0 4500.0
1512262984.74 2500.0 4500.0
1512262984.84 2500.0 4500.0
1512262984.94 2500.0 4500.0
1512262985.03 2500.0 4500.0
1512262985.14 2500.0 4500.0
1512262985.24 2500.0 4500.0
1512262985.34 2500.0 4500.0
1512262985.44 2500.0 4500.0
1512262985.54 2500.0 4500.0
1512262985.64 2500.0 4500.0
1512262985.74 2500.0 4500.0
1512262985.84 2500.0 4500.0
1512262985.94 2500.0 4500.0
1512262986.03 2500.0 4500.0
1512262986.14 2500.0 4500.0
1512262986.24 2500.0 4500.0
1512262986.34 2500.0 4500.0
1512262986.44 2500.0 4500.0
1512262986.55 2500.0 4500.0
1512262986.64 2500.0 4500.0
1512262986.73 2500.0 4500.0
1512262986.84 2500.0 4500.0
1512262986.95 2500.0 4500.0
1512262987.05 2500.0 4500.0
1512262987.13 2500.0 4500.0
1512262987.24 2500.0 4500.0
1512262987.34 2500.0 4500.0
1512262987.44 2500.0 4500.0
1512262987.54 2500.0 4500.0
1512262987.64 2500.0 4500.0
1512262987.74 2500.0 4500.0
1512262987.85 2500.0 4500.0
1512262987.94 2500.0 4500.0
1512262988.04 2500.0 4500.0
1512262988.14 2500.0 4500.0
1512262988.24 2500.0 4500.0
1512262988.35 2500.0 4500.0
1512262988.45 2500.0 4500.0
1512262988.56 2500.0 4500.0
1512262988.66 2500.0 4500.0
1512262988.75 2500.0 4500.0
1512262988.86 2500.0 4500.0
1512262988.96 2500.0 4500.0
1512262989.06 2500.0 4500.0
1512262989.15 2500.0 4500.0
1512262989.24 2500.0 4500.0
1512262989.35 2500.0 4500.0
1512262989.45 2500.0 4500.0
1512262989.56 2500.0 4500.0
1512262989.65 2500.0 4500.0
1512262989.76 2500.0 4500.0
1512262989.86 2500.0 4500.0
1512262989.96 2500.0 4500.0
1512262990.06 2500.0 4500.0
1512262990.16 2500.0 4500.0
1512262990.26 2500.0 4500.0
1512262990.35 2500.0 4500.0
1512262990.45 2500.0 4500.0
1512262990.56 2500.0 4500.0
1512262990.65 2500.0 4500.0
1512262990.76 2500.0 4500.0
1512262990.85 2500.0 4500.0
1512262990.96 2500.0 4500.0
1512262991.06 2500.0 4500.0
1512262991.16 2500.0 4500.0
1512262991.26 2500.0 4500.0
1512262991.35 2500.0 4500.0
1512262991.46 2500.0 4500.0
1512262991.56 2500.0 4500.0
1512262991.65 2500.0 4500.0
1512262991.76 2500.0 4500.0
1512262991.85 2500.0 4500.0
1512262991.96 2500.0 4500.0
1512262992.05 2500.0 4500.0
1512262992.15 2500.0 4500.0
1512262992.25 2500.0 4500.0
1512262992.35 2500.0 4500.0
1512262992.46 2500.0 4500.0
1512262992.55 2500.0 4500.0
1512262992.65 2500.0 4500.0
1512262992.76 2500.0 4500.0
1512262992.85 2500.0 4500.0
1512262992.95 2500.0 4500.0
1512262993.06 2500.0 4500.0
1512262993.16 2500.0 4500.0
1512262993.25 2500.0 4500.0
1512262993.36 2500.0 4500.0
1512262993.47 2500.0 4500.0
1512262993.55 2500.0 4500.0
1512262993.66 2500.0 4500.0
1512262993.76 2500.0 4500.0
1512262993.86 2500.0 4500.0
1512262993.97 2500.0 4500.0
1512262994.05 2500.0 4500.0
1512262994.16 2500.0 4500.0
1512262994.25 2500.0 4500.0
1512262994.37 2500.0 4500.0
1512262994.46 2500.0 4500.0
1512262994.57 2500.0 4500.0
1512262994.66 2500.0 4500.0
1512262994.76 2500.0 4500.0
1512262994.86 2500.0 4500.0
1512262994.97 2500.0 4500.0
1512262995.06 2500.0 4500.0
1512262995.16 2500.0 4500.0
1512262995.26 2500.0 4500.0
1512262995.36 2500.0 4500.0
1512262995.46 2500.0 4500.0
1512262995.56 2500.0 4500.0
1512262995.66 2500.0 4500.0
1512262995.76 2500.0 4500.0
1512262995.86 2500.0 4500.0
1512262995.97 2500.0 4500.0
1512262996.07 2500.0 4500.0
1512262996.16 2500.0 4500.0
1512262996.27 2500.0 4500.0
1512262996.36 2500.0 4500.0
1512262996.46 2500.0 4500.0
1512262996.56 2500.0 4500.0
1512262996.66 2500.0 4500.0
1512262996.76 2500.0 4500.0
1512262996.86 2500.0 4500.0
1512262996.97 2500.0 4500.0
1512262997.06 2500.0 4500.0
1512262997.16 2500.0 4500.0
1512262997.26 2500.0 4500.0
1512262997.37 2500.0 4500.0
1512262997.46 2500.0 4500.0
1512262997.56 2500.0 4500.0
1512262997.67 2500.0 4500.0
1512262997.77 2500.0 4500.0
1512262997.88 2500.0 4500.0
1512262997.97 2500.0 4500.0
1512262998.07 2500.0 4500.0
1512262998.17 2500.0 4500.0
1512262998.26 2500.0 4500.0
1512262998.37 2500.0 4500.0
1512262998.47 2500.0 4500.0
1512262998.57 2500.0 4500.0
1512262998.66 2500.0 4500.0
1512262998.77 2500.0 4500.0
1512262998.87 2500.0 4500.0
1512262998.97 2500.0 4500.0
1512262999.07 2500.0 4500.0
1512262999.17 2500.0 4500.0
1512262999.27 2500.0 4500.0
1512262999.37 2500.0 4500.0
1512262999.47 2500.0 4500.0
1512262999.57 2500.0 4500.0
1512262999.67 2500.0 4500.0
1512262999.76 2500.0 4500.0
1512262999.87 2500.0 4500.0
1512262999.96 2500.0 4500.0
1512263000.07 2500.0 4500.0
1512263000.17 2500.0 4500.0
1512263000.27 2500.0 4500.0
1512263000.38 2500.0 4500.0
1512263000.48 2500.0 4500.0
1512263000.58 2500.0 4500.0
1512263000.67 2500.0 4500.0
1512263000.77 2500.0 4500.0
1512263000.87 2500.0 4500.0
1512263000.97 2500.0 4500.0
1512263001.08 2500.0 4500.0
1512263001.18 2500.0 4500.0
1512263001.27 2500.0 4500.0
1512263001.38 2500.0 4500.0
1512263001.48 2500.0 4500.0
1512263001.58 2500.0 4500.0
1512263001.68 2500.0 4500.0
1512263001.78 2500.0 4500.0
1512263001.87 2500.0 4500.0
1512263001.98 2500.0 4500.0
1512263002.07 2500.0 4500.0
1512263002.18 2500.0 4500.0
1512263002.28 2500.0 4500.0
1512263002.38 2500.0 4500.0
1512263002.48 2500.0 4500.0
1512263002.57 2500.0 4500.0
1512263002.67 2500.0 4500.0
1512263002.78 2500.0 4500.0
1512263002.87 2500.0 4500.0
1512263002.98 2500.0 4500.0
1512263003.08 2500.0 4500.0
1512263003.18 2500.0 4500.0
1512263003.27 2500.0 4500.0
1512263003.38 2500.0 4500.0
1512263003.48 2500.0 4500.0
1512263003.58 2500.0 4500.0
1512263003.67 2500.0 4500.0
1512263003.78 2500.0 4500.0
1512263003.88 2500.0 4500.0
1512263003.97 2500.0 4500.0
1512263004.08 2500.0 4500.0
1512263004.18 2500.0 4500.0
1512263004.28 2500.0 4500.0
1512263004.38 2500.0 4500.0
1512263004.48 2500.0 4500.0
1512263004.58 2500.0 4500.0
1512263004.69 2500.0 4500.0
1512263004.78 2500.0 4500.0
1512263004.89 2500.0 4500.0
1512263004.98 2500.0 4500.0
1512263005.09 2500.0 4500.0
1512263005.19 2500.0 4500.0
1512263005.28 2500.0 4500.0
1512263005.38 2500.0 4500.0
1512263005.48 2500.0 4500.0
1512263005.59 2500.0 4500.0
1512263005.68 2500.0 4500.0
1512263005.79 2500.0 4500.0
1512263005.89 2500.0 4500.0
1512263005.99 2500.0 4500.0
1512263006.09 2500.0 4500.0
1512263006.19 2500.0 4500.0
1512263006.29 2500.0 4500.0
1512263006.39 2500.0 4500.0
1512263006.49 2500.0 4500.0
1512263006.58 2500.0 4500.0
1512263006.69 2500.0 4500.0
1512263006.78 2500.0 4500.0
1512263006.88 2500.0 4500.0
1512263006.99 2500.0 4500.0
1512263007.09 2500.0 4500.0
1512263007.19 2500.0 4500.0
1512263007.29 2500.0 4500.0
1512263007.38 2500.0 4500.0
1512263007.49 2500.0 4500.0
1512263007.59 2500.0 4500.0
1512263007.69 2500.0 4500.0
1512263007.79 2500.0 4500.0
1512263007.89 2500.0 4500.0
1512263008.0 2500.0 4500.0
1512263008.09 2500.0 4500.0
1512263008.19 2500.0 4500.0
1512263008.29 2500.0 4500.0
1512263008.39 2500.0 4500.0
1512263008.5 2500.0 4500.0
1512263008.6 2500.0 4500.0
1512263008.7 2500.0 4500.0
1512263008.79 2500.0 4500.0
1512263008.89 2500.0 4500.0
1512263008.99 2500.0 4500.0
1512263009.08 2500.0 4500.0
1512263009.2 2500.0 4500.0
1512263009.3 2500.0 4500.0
1512263009.4 2500.0 4500.0
1512263009.5 2500.0 4500.0
1512263009.6 2500.0 4500.0
1512263009.7 2500.0 4500.0
1512263009.8 2500.0 4500.0
1512263009.9 2500.0 4500.0
1512263009.99 2500.0 4500.0
1512263010.1 2500.0 4500.0
1512263010.19 2500.0 4500.0
1512263010.29 2500.0 4500.0
1512263010.4 2500.0 4500.0
1512263010.5 2500.0 4500.0
1512263010.6 2500.0 4500.0
1512263010.7 2500.0 4500.0
1512263010.8 2500.0 4500.0
1512263010.9 2500.0 4500.0
1512263011.0 2500.0 4500.0
1512263011.09 2500.0 4500.0
1512263011.2 2500.0 4500.0
1512263011.3 2500.0 4500.0
1512263011.39 2500.0 4500.0
1512263011.5 2500.0 4500.0
1512263011.6 2500.0 4500.0
1512263011.7 2500.0 4500.0
1512263011.79 2500.0 4500.0
1512263011.9 2500.0 4500.0
1512263012.0 2500.0 4500.0
1512263012.1 2500.0 4500.0
1512263012.2 2500.0 4500.0
1512263012.31 2500.0 4500.0
1512263012.4 2500.0 4500.0
1512263012.5 2500.0 4500.0
1512263012.61 2500.0 4500.0
1512263012.71 2500.0 4500.0
1512263012.81 2500.0 4500.0
1512263012.9 2500.0 4500.0
1512263013.01 2500.0 4500.0
1512263013.11 2500.0 4500.0
1512263013.21 2500.0 4500.0
1512263013.31 2500.0 4500.0
1512263013.41 2500.0 4500.0
1512263013.51 2500.0 4500.0
1512263013.6 2500.0 4500.0
1512263013.71 2500.0 4500.0
1512263013.81 2500.0 4500.0
1512263013.91 2500.0 4500.0
1512263014.0 2500.0 4500.0
1512263014.11 2500.0 4500.0
1512263014.21 2500.0 4500.0
1512263014.31 2500.0 4500.0
1512263014.4 2500.0 4500.0
1512263014.51 2500.0 4500.0
1512263014.6 2500.0 4500.0
1512263014.7 2500.0 4500.0
1512263014.81 2500.0 4500.0
1512263014.91 2500.0 4500.0
1512263015.01 2500.0 4500.0
1512263015.11 2500.0 4500.0
1512263015.21 2500.0 4500.0
1512263015.31 2500.0 4500.0
1512263015.42 2500.0 4500.0
1512263015.52 2500.0 4500.0
1512263015.61 2500.0 4500.0
1512263015.71 2500.0 4500.0
1512263015.82 2500.0 4500.0
1512263015.92 2500.0 4500.0
1512263016.01 2500.0 4500.0
1512263016.11 2500.0 4500.0
1512263016.21 2500.0 4500.0
1512263016.32 2500.0 4500.0
1512263016.42 2500.0 4500.0
1512263016.52 2500.0 4500.0
1512263016.62 2500.0 4500.0
1512263016.72 2500.0 4500.0
1512263016.82 2500.0 4500.0
1512263016.91 2500.0 4500.0
1512263017.01 2500.0 4500.0
1512263017.12 2500.0 4500.0
1512263017.23 2500.0 4500.0
1512263017.32 2500.0 4500.0
1512263017.41 2500.0 4500.0
1512263017.52 2500.0 4500.0
1512263017.62 2500.0 4500.0
1512263017.72 2500.0 4500.0
1512263017.82 2500.0 4500.0
1512263017.92 2500.0 4500.0
1512263018.01 2500.0 4500.0
1512263018.12 2500.0 4500.0
1512263018.23 2500.0 4500.0
1512263018.32 2500.0 4500.0
1512263018.41 2500.0 4500.0
1512263018.52 2500.0 4500.0
1512263018.63 2500.0 4500.0
1512263018.72 2500.0 4500.0
1512263018.82 2500.0 4500.0
1512263018.93 2500.0 4500.0
1512263019.02 2500.0 4500.0
1512263019.12 2500.0 4500.0
1512263019.22 2500.0 4500.0
1512263019.32 2500.0 4500.0
1512263019.42 2500.0 4500.0
1512263019.53 2500.0 4500.0
1512263019.63 2500.0 4500.0
1512263019.72 2500.0 4500.0
1512263019.82 2500.0 4500.0
1512263019.92 2500.0 4500.0
1512263020.02 2500.0 4500.0
1512263020.12 2500.0 4500.0
1512263020.22 2500.0 4500.0
1512263020.32 2500.0 4500.0
1512263020.42 2500.0 4500.0
1512263020.52 2500.0 4500.0
1512263020.62 2500.0 4500.0
1512263020.73 2500.0 4500.0
1512263020.82 2500.0 4500.0
1512263020.92 2500.0 4500.0
1512263021.02 2500.0 4500.0
1512263021.13 2500.0 4500.0
1512263021.23 2500.0 4500.0
1512263021.33 2500.0 4500.0
1512263021.43 2500.0 4500.0
1512263021.53 2500.0 4500.0
1512263021.63 2500.0 4500.0
1512263021.73 2500.0 4500.0
1512263021.83 2500.0 4500.0
1512263021.92 2500.0 4500.0
1512263022.02 2500.0 4500.0
1512263022.13 2500.0 4500.0
1512263022.23 2500.0 4500.0
1512263022.32 2500.0 4500.0
1512263022.43 2500.0 4500.0
1512263022.53 2500.0 4500.0
1512263022.63 2500.0 4500.0
1512263022.73 2500.0 4500.0
1512263022.82 2500.0 4500.0
1512263022.93 2500.0 4500.0
1512263023.03 2500.0 4500.0
1512263023.13 2500.0 4500.0
1512263023.23 2500.0 4500.0
1512263023.33 2500.0 4500.0
1512263023.43 2500.0 4500.0
1512263023.53 2500.0 4500.0
1512263023.63 2500.0 4500.0
1512263023.73 2500.0 4500.0
1512263023.84 2500.0 4500.0
1512263023.93 2500.0 4500.0
1512263024.03 2500.0 4500.0
1512263024.13 2500.0 4500.0
1512263024.23 2500.0 4500.0
1512263024.33 2500.0 4500.0
1512263024.43 2500.0 4500.0
1512263024.53 2500.0 4500.0
1512263024.64 2500.0 4500.0
1512263024.74 2500.0 4500.0
1512263024.84 2500.0 4500.0
1512263024.95 2500.0 4500.0
1512263025.03 2500.0 4500.0
1512263025.14 2500.0 4500.0
1512263025.24 2500.0 4500.0
1512263025.33 2500.0 4500.0
1512263025.43 2500.0 4500.0
1512263025.53 2500.0 4500.0
1512263025.63 2500.0 4500.0
1512263025.74 2500.0 4500.0
1512263025.84 2500.0 4500.0
1512263025.94 2500.0 4500.0
1512263026.04 2500.0 4500.0
1512263026.14 2500.0 4500.0
1512263026.23 2500.0 4500.0
1512263026.33 2500.0 4500.0
1512263026.44 2500.0 4500.0
1512263026.53 2500.0 4500.0
1512263026.64 2500.0 4500.0
1512263026.74 2500.0 4500.0
1512263026.83 2500.0 4500.0
1512263026.93 2500.0 4500.0
1512263027.03 2500.0 4500.0
1512263027.13 2500.0 4500.0
1512263027.23 2500.0 4500.0
1512263027.34 2500.0 4500.0
1512263027.45 2500.0 4500.0
1512263027.53 2500.0 4500.0
1512263027.63 2500.0 4500.0
1512263027.74 2500.0 4500.0
1512263027.84 2500.0 4500.0
1512263027.94 2500.0 4500.0
1512263028.04 2500.0 4500.0
1512263028.14 2500.0 4500.0
1512263028.25 2500.0 4500.0
1512263028.35 2500.0 4500.0
1512263028.44 2500.0 4500.0
1512263028.54 2500.0 4500.0
1512263028.65 2500.0 4500.0
1512263028.74 2500.0 4500.0
1512263028.84 2500.0 4500.0
1512263028.93 2500.0 4500.0
1512263029.04 2500.0 4500.0
1512263029.14 2500.0 4500.0
1512263029.25 2500.0 4500.0
1512263029.34 2500.0 4500.0
1512263029.45 2500.0 4500.0
1512263029.55 2500.0 4500.0
1512263029.64 2500.0 4500.0
1512263029.74 2500.0 4500.0
1512263029.84 2500.0 4500.0
1512263029.95 2500.0 4500.0
1512263030.05 2500.0 4500.0
1512263030.14 2500.0 4500.0
1512263030.24 2500.0 4500.0
1512263030.35 2500.0 4500.0
1512263030.45 2500.0 4500.0
1512263030.55 2500.0 4500.0
1512263030.65 2500.0 4500.0
1512263030.75 2500.0 4500.0
1512263030.85 2500.0 4500.0
1512263030.94 2500.0 4500.0
1512263031.04 2500.0 4500.0
1512263031.15 2500.0 4500.0
1512263031.24 2500.0 4500.0
1512263031.35 2500.0 4500.0
1512263031.45 2500.0 4500.0
1512263031.54 2500.0 4500.0
1512263031.64 2500.0 4500.0
1512263031.74 2500.0 4500.0
1512263031.85 2500.0 4500.0
1512263031.95 2500.0 4500.0
1512263032.05 2500.0 4500.0
1512263032.15 2500.0 4500.0
1512263032.25 2500.0 4500.0
1512263032.35 2500.0 4500.0
1512263032.45 2500.0 4500.0
1512263032.56 2500.0 4500.0
1512263032.66 2500.0 4500.0
1512263032.75 2500.0 4500.0
1512263032.85 2500.0 4500.0
1512263032.95 2500.0 4500.0
1512263033.05 2500.0 4500.0
1512263033.15 2500.0 4500.0
1512263033.25 2500.0 4500.0
1512263033.35 2500.0 4500.0
1512263033.45 2500.0 4500.0
1512263033.56 2500.0 4500.0
1512263033.65 2500.0 4500.0
1512263033.76 2500.0 4500.0
1512263033.86 2500.0 4500.0
1512263033.96 2500.0 4500.0
1512263034.05 2500.0 4500.0
1512263034.16 2500.0 4500.0
1512263034.25 2500.0 4500.0
1512263034.36 2500.0 4500.0
1512263034.47 2500.0 4500.0
1512263034.56 2500.0 4500.0
1512263034.65 2500.0 4500.0
1512263034.75 2500.0 4500.0
1512263034.86 2500.0 4500.0
1512263034.95 2500.0 4500.0
1512263035.05 2500.0 4500.0
1512263035.16 2500.0 4500.0
1512263035.26 2500.0 4500.0
1512263035.36 2500.0 4500.0
1512263035.46 2500.0 4500.0
1512263035.56 2500.0 4500.0
1512263035.66 2500.0 4500.0
1512263035.76 2500.0 4500.0
1512263035.87 2500.0 4500.0
1512263035.97 2500.0 4500.0
1512263036.06 2500.0 4500.0
1512263036.16 2500.0 4500.0
1512263036.27 2500.0 4500.0
1512263036.36 2500.0 4500.0
1512263036.47 2500.0 4500.0
1512263036.56 2500.0 4500.0
1512263036.67 2500.0 4500.0
1512263036.77 2500.0 4500.0
1512263036.87 2500.0 4500.0
1512263036.97 2500.0 4500.0
1512263037.07 2500.0 4500.0
1512263037.17 2500.0 4500.0
1512263037.28 2500.0 4500.0
1512263037.36 2500.0 4500.0
1512263037.46 2500.0 4500.0
1512263037.57 2500.0 4500.0
1512263037.67 2500.0 4500.0
1512263037.77 2500.0 4500.0
1512263037.86 2500.0 4500.0
1512263037.96 2500.0 4500.0
1512263038.07 2500.0 4500.0
1512263038.16 2500.0 4500.0
1512263038.27 2500.0 4500.0
1512263038.37 2500.0 4500.0
1512263038.47 2500.0 4500.0
1512263038.56 2500.0 4500.0
1512263038.68 2500.0 4500.0
1512263038.78 2500.0 4500.0
1512263038.87 2500.0 4500.0
1512263038.98 2500.0 4500.0
1512263039.07 2500.0 4500.0
1512263039.17 2500.0 4500.0
1512263039.27 2500.0 4500.0
1512263039.37 2500.0 4500.0
1512263039.47 2500.0 4500.0
1512263039.57 2500.0 4500.0
1512263039.66 2500.0 4500.0
1512263039.77 2500.0 4500.0
1512263039.88 2500.0 4500.0
1512263039.97 2500.0 4500.0
1512263040.08 2500.0 4500.0
1512263040.18 2500.0 4500.0
1512263040.28 2500.0 4500.0
1512263040.38 2500.0 4500.0
1512263040.48 2500.0 4500.0
1512263040.58 2500.0 4500.0
1512263040.68 2500.0 4500.0
1512263040.78 2500.0 4500.0
1512263040.88 2500.0 4500.0
1512263040.98 2500.0 4500.0
1512263041.08 2500.0 4500.0
1512263041.18 2500.0 4500.0
1512263041.28 2500.0 4500.0
1512263041.39 2500.0 4500.0
1512263041.48 2500.0 4500.0
1512263041.58 2500.0 4500.0
1512263041.68 2500.0 4500.0
1512263041.77 2500.0 4500.0
1512263041.88 2500.0 4500.0
1512263041.98 2500.0 4500.0
1512263042.08 2500.0 4500.0
1512263042.18 2500.0 4500.0
1512263042.27 2500.0 4500.0
1512263042.38 2500.0 4500.0
1512263042.49 2500.0 4500.0
1512263042.58 2500.0 4500.0
1512263042.68 2500.0 4500.0
1512263042.79 2500.0 4500.0
1512263042.88 2500.0 4500.0
1512263042.98 2500.0 4500.0
1512263043.08 2500.0 4500.0
1512263043.17 2500.0 4500.0
1512263043.27 2500.0 4500.0
1512263043.38 2500.0 4500.0
1512263043.47 2500.0 4500.0
1512263043.57 2500.0 4500.0
1512263043.67 2500.0 4500.0
1512263043.77 2500.0 4500.0
1512263043.87 2500.0 4500.0
1512263043.97 2500.0 4500.0
1512263044.07 2500.0 4500.0
1512263044.17 2500.0 4500.0
1512263044.27 2500.0 4500.0
1512263044.37 2500.0 4500.0
1512263044.47 2500.0 4500.0
1512263044.57 2500.0 4500.0
1512263044.68 2500.0 4500.0
1512263044.77 2500.0 4500.0
1512263044.87 2500.0 4500.0
1512263044.97 2500.0 4500.0
1512263045.07 2500.0 4500.0
1512263045.17 2500.0 4500.0
1512263045.27 2500.0 4500.0
1512263045.37 2500.0 4500.0
1512263045.47 2500.0 4500.0
1512263045.57 2500.0 4500.0
1512263045.67 2500.0 4500.0
1512263045.76 2500.0 4500.0
1512263045.87 2500.0 4500.0
1512263045.97 2500.0 4500.0
1512263046.07 2500.0 4500.0
1512263046.17 2500.0 4500.0
1512263046.27 2500.0 4500.0
1512263046.37 2500.0 4500.0
1512263046.48 2500.0 4500.0
1512263046.58 2500.0 4500.0
1512263046.67 2500.0 4500.0
1512263046.77 2500.0 4500.0
1512263046.87 2500.0 4500.0
1512263046.97 2500.0 4500.0
1512263047.08 2500.0 4500.0
1512263047.17 2500.0 4500.0
1512263047.28 2500.0 4500.0
1512263047.37 2500.0 4500.0
1512263047.47 2500.0 4500.0
1512263047.57 2500.0 4500.0
1512263047.67 2500.0 4500.0
1512263047.78 2500.0 4500.0
1512263047.88 2500.0 4500.0
1512263047.98 2500.0 4500.0
1512263048.08 2500.0 4500.0
1512263048.18 2500.0 4500.0
1512263048.27 2500.0 4500.0
1512263048.38 2500.0 4500.0
1512263048.48 2500.0 4500.0
1512263048.58 2500.0 4500.0
1512263048.68 2500.0 4500.0
1512263048.78 2500.0 4500.0
1512263048.88 2500.0 4500.0
1512263048.97 2500.0 4500.0
1512263049.08 2500.0 4500.0
15