1512378039.53 2500.0 3166.66666667
1512378039.6 2500.0 3611.11111111
1512378039.74 2500.0 3907.40740741
1512378039.8 2500.0 4104.9382716
1512378039.95 2500.0 4236.6255144
1512378039.99 2500.0 4324.4170096
1512378040.13 2500.0 4382.94467307
1512378040.2 2500.0 4421.96311538
1512378040.35 2500.0 4447.97541025
1512378040.4 2500.0 4465.31694017
1512378040.53 2500.0 4476.87796011
1512378040.6 2500.0 4484.58530674
1512378040.7 2500.0 4489.72353783
1512378040.8 2500.0 4493.14902522
1512378040.9 2500.0 4495.43268348
1512378041.0 2500.0 4496.95512232
1512378041.11 2500.0 4497.97008155
1512378041.21 2500.0 4498.64672103
1512378041.31 2500.0 4499.09781402
1512378041.41 2500.0 4499.39854268
1512378041.51 2500.0 4499.59902845
1512378041.62 2500.0 4499.73268564
1512378041.71 2500.0 4499.82179042
1512378041.81 2500.0 4499.88119362
1512378041.91 2500.0 4499.92079574
1512378042.01 2500.0 4499.94719716
1512378042.11 2500.0 4499.96479811
1512378042.21 2500.0 4499.97653207
1512378042.31 2500.0 4499.98435471
1512378042.41 2500.0 4499.98956981
1512378042.51 2500.0 4499.99304654
1512378042.61 2500.0 4499.99536436
1512378042.72 2500.0 4499.99690957
1512378042.82 2500.0 4499.99793972
1512378042.91 2500.0 4499.99862648
1512378043.01 2500.0 4499.99908432
1512378043.12 2500.0 4499.99938955
1512378043.22 2500.0 4499.99959303
1512378043.31 2500.0 4499.99972869
1512378043.41 2500.0 4499.99981912
1512378043.51 2500.0 4499.99987942
1512378043.61 2500.0 4499.99991961
1512378043.71 2500.0 4499.99994641
1512378043.81 2500.0 4499.99996427
1512378043.91 2500.0 4499.99997618
1512378044.02 2500.0 4499.99998412
1512378044.12 2500.0 4499.99998941
1512378044.22 2500.0 4499.99999294
1512378044.31 2500.0 4499.9999953
1512378044.42 2500.0 4499.99999686
1512378044.53 2500.0 4499.99999791
1512378044.61 2500.0 4499.99999861
1512378044.72 2500.0 4499.99999907
1512378044.82 2500.0 4499.99999938
1512378044.92 2500.0 4499.99999959
1512378045.01 2500.0 4499.99999972
1512378045.12 2500.0 4499.99999982
1512378045.22 2500.0 4499.99999988
1512378045.32 2500.0 4499.99999992
1512378045.42 2500.0 4499.99999995
1512378045.52 2500.0 4499.99999996
1512378045.62 2500.0 4499.99999998
1512378045.72 2500.0 4499.99999998
1512378045.82 2500.0 4499.99999999
1512378045.92 2500.0 4499.99999999
1512378046.03 2500.0 4500.0
1512378046.12 2500.0 4500.0
1512378046.22 2500.0 4500.0
1512378046.33 2500.0 4500.0
1512378046.43 2500.0 4500.0
1512378046.52 2500.0 4500.0
1512378046.62 2500.0 4500.0
1512378046.72 2500.0 4500.0
1512378046.82 2500.0 4500.0
1512378046.92 2500.0 4500.0
1512378047.02 2500.0 4500.0
1512378047.12 2500.0 4500.0
1512378047.22 2500.0 4500.0
1512378047.32 2500.0 4500.0
1512378047.42 2500.0 4500.0
1512378047.53 2500.0 4500.0
1512378047.63 2500.0 4500.0
1512378047.73 2500.0 4500.0
1512378047.83 2500.0 4500.0
1512378047.93 2500.0 4500.0
1512378048.03 2500.0 4500.0
1512378048.13 2500.0 4500.0
1512378048.22 2500.0 4500.0
1512378048.32 2500.0 4500.0
1512378048.42 2500.0 4500.0
1512378048.53 2500.0 4500.0
1512378048.63 2500.0 4500.0
1512378048.73 2500.0 4500.0
1512378048.83 2500.0 4500.0
1512378048.93 2500.0 4500.0
1512378049.05 2500.0 4500.0
1512378049.13 2500.0 4500.0
1512378049.22 2500.0 4500.0
1512378049.33 2500.0 4500.0
1512378049.43 2500.0 4500.0
1512378049.53 2500.0 4500.0
1512378049.62 2500.0 4500.0
1512378049.73 2500.0 4500.0
1512378049.85 2500.0 4500.0
1512378049.93 2500.0 4500.0
1512378050.03 2500.0 4500.0
1512378050.13 2500.0 4500.0
1512378050.23 2500.0 4500.0
1512378050.33 2500.0 4500.0
1512378050.43 2500.0 4500.0
1512378050.53 2500.0 4500.0
1512378050.63 2500.0 4500.0
1512378050.73 2500.0 4500.0
1512378050.83 2500.0 4500.0
1512378050.93 2500.0 4500.0
1512378051.03 2500.0 4500.0
1512378051.13 2500.0 4500.0
1512378051.23 2500.0 4500.0
1512378051.33 2500.0 4500.0
1512378051.43 2500.0 4500.0
1512378051.53 2500.0 4500.0
1512378051.63 2500.0 4500.0
1512378051.73 2500.0 4500.0
1512378051.83 2500.0 4500.0
1512378051.93 2500.0 4500.0
1512378052.03 2500.0 4500.0
1512378052.13 2500.0 4500.0
1512378052.23 2500.0 4500.0
1512378052.33 2500.0 4500.0
1512378052.43 2500.0 4500.0
1512378052.53 2500.0 4500.0
1512378052.63 2500.0 4500.0
1512378052.73 2500.0 4500.0
1512378052.83 2500.0 4500.0
1512378052.93 2500.0 4500.0
1512378053.03 2500.0 4500.0
1512378053.13 2500.0 4500.0
1512378053.23 2500.0 4500.0
1512378053.33 2500.0 4500.0
1512378053.43 2500.0 4500.0
1512378053.53 2500.0 4500.0
1512378053.63 2500.0 4500.0
1512378053.73 2500.0 4500.0
1512378053.83 2500.0 4500.0
1512378053.93 2500.0 4500.0
1512378054.03 2500.0 4500.0
1512378054.13 2500.0 4500.0
1512378054.23 2500.0 4500.0
1512378054.33 2500.0 4500.0
1512378054.43 2500.0 4500.0
1512378054.53 2500.0 4500.0
1512378054.63 2500.0 4500.0
1512378054.73 2500.0 4500.0
1512378054.83 2500.0 4500.0
1512378054.93 2500.0 4500.0
1512378055.03 2500.0 4500.0
1512378055.13 2500.0 4500.0
1512378055.23 2500.0 4500.0
1512378055.34 2500.0 4500.0
1512378055.43 2500.0 4500.0
1512378055.53 2500.0 4500.0
1512378055.64 2500.0 4500.0
1512378055.74 2500.0 4500.0
1512378055.84 2500.0 4500.0
1512378055.94 2500.0 4500.0
1512378056.04 2500.0 4500.0
1512378056.14 2500.0 4500.0
1512378056.24 2500.0 4500.0
1512378056.34 2500.0 4500.0
1512378056.44 2500.0 4500.0
1512378056.54 2500.0 4500.0
1512378056.64 2500.0 4500.0
1512378056.74 2500.0 4500.0
1512378056.84 2500.0 4500.0
1512378056.94 2500.0 4500.0
1512378057.04 2500.0 4500.0
1512378057.14 2500.0 4500.0
1512378057.24 2500.0 4500.0
1512378057.34 2500.0 4500.0
1512378057.44 2500.0 4500.0
1512378057.54 2500.0 4500.0
1512378057.64 2500.0 4500.0
1512378057.74 2500.0 4500.0
1512378057.84 2500.0 4500.0
1512378057.94 2500.0 4500.0
1512378058.04 2500.0 4500.0
1512378058.14 2500.0 4500.0
1512378058.24 2500.0 4500.0
1512378058.34 2500.0 4500.0
1512378058.44 2500.0 4500.0
1512378058.54 2500.0 4500.0
1512378058.64 2500.0 4500.0
1512378058.75 2500.0 4500.0
1512378058.85 2458.33333333 4500.0
1512378058.95 2418.75 4500.0
1512378059.05 2360.3125 4500.0
1512378059.15 2325.63020833 4500.0
1512378059.24 2259.34869792 4500.0
1512378059.34 2208.88126302 4500.0
1512378059.45 2181.7705332 4500.0
1512378059.54 2122.68200654 4500.0
1512378059.65 2079.04790622 4500.0
1512378059.75 2037.59551091 4500.0
1512378059.84 2060.71573536 4500.0
1512378059.95 2020.17994859 4500.0
1512378060.04 2044.17095116 4500.0
1512378060.14 2025.29573694 4500.0
1512378060.24 2007.36428342 4500.0
1512378060.34 1990.32940259 4500.0
1512378060.45 2015.81293246 4500.0
1512378060.54 1977.52228583 4500.0
1512378060.65 2003.64617154 4500.0
1512378060.75 1986.7971963 4500.0
1512378060.86 1970.79066982 4500.0
1512378060.96 1997.25113633 4500.0
1512378061.05 2022.38857951 4500.0
1512378061.16 2004.60248387 4500.0
1512378061.26 2029.37235967 4500.0
1512378061.36 2052.90374169 4500.0
1512378061.45 2033.59188794 4500.0
1512378061.55 2056.91229354 4500.0
1512378061.65 2079.06667887 4500.0
1512378061.76 2058.44667826 4500.0
1512378061.86 2080.52434434 4500.0
1512378061.96 2101.49812713 4500.0
1512378062.06 2121.42322077 4500.0
1512378062.16 2140.35205973 4500.0
1512378062.26 2158.33445674 4500.0
1512378062.36 2175.41773391 4500.0
1512378062.46 2191.64684721 4500.0
1512378062.55 2207.06450485 4500.0
1512378062.65 2221.71127961 4500.0
1512378062.76 2235.62571563 4500.0
1512378062.86 2248.84442985 4500.0
1512378062.96 2261.40220835 4500.0
1512378063.06 2273.33209794 4500.0
1512378063.16 2284.66549304 4500.0
1512378063.26 2295.43221839 4500.0
1512378063.36 2305.66060747 4500.0
1512378063.46 2315.37757709 4500.0
1512378063.56 2324.60869824 4500.0
1512378063.66 2333.37826333 4500.0
1512378063.76 2341.70935016 4500.0
1512378063.86 2349.62388265 4500.0
1512378063.96 2357.14268852 4500.0
1512378064.06 2364.28555409 4500.0
1512378064.16 2371.07127639 4500.0
1512378064.26 2377.51771257 4500.0
1512378064.36 2383.64182694 4500.0
1512378064.46 2389.4597356 4500.0
1512378064.56 2394.98674882 4500.0
1512378064.66 2400.23741137 4500.0
1512378064.76 2405.22554081 4500.0
1512378064.86 2409.96426377 4500.0
1512378064.96 2414.46605058 4500.0
1512378065.06 2418.74274805 4500.0
1512378065.16 2422.80561065 4500.0
1512378065.26 2426.66533011 4500.0
1512378065.36 2430.33206361 4500.0
1512378065.46 2433.81546043 4500.0
1512378065.56 2437.12468741 4500.0
1512378065.66 2440.26845304 4500.0
1512378065.76 2443.25503038 4500.0
1512378065.86 2446.09227886 4500.0
1512378065.96 2448.78766492 4500.0
1512378066.06 2451.34828168 4500.0
1512378066.16 2453.78086759 4500.0
1512378066.26 2456.09182421 4500.0
1512378066.36 2458.287233 4500.0
1512378066.46 2460.37287135 4500.0
1512378066.57 2462.35422778 4500.0
1512378066.66 2464.23651639 4500.0
1512378066.76 2466.02469057 4500.0
1512378066.87 2467.72345605 4500.0
1512378066.97 2469.33728324 4500.0
1512378067.07 2470.87041908 4500.0
1512378067.16 2472.32689813 4500.0
1512378067.27 2473.71055322 4500.0
1512378067.36 2475.02502556 4500.0
1512378067.47 2476.27377428 4500.0
1512378067.57 2477.46008557 4500.0
1512378067.67 2478.58708129 4500.0
1512378067.77 2479.65772723 4500.0
1512378067.87 2480.67484086 4500.0
1512378067.97 2481.64109882 4500.0
1512378068.07 2482.55904388 4500.0
1512378068.17 2483.43109169 4500.0
1512378068.27 2484.2595371 4500.0
1512378068.37 2485.04656025 4500.0
1512378068.47 2485.79423223 4500.0
1512378068.56 2486.50452062 4500.0
1512378068.67 2487.17929459 4500.0
1512378068.77 2487.82032986 4500.0
1512378068.87 2488.42931337 4500.0
1512378068.97 2489.0078477 4500.0
1512378069.07 2489.55745532 4500.0
1512378069.17 2490.07958255 4500.0
1512378069.27 2490.57560342 4500.0
1512378069.37 2491.04682325 4500.0
1512378069.47 2491.49448209 4500.0
1512378069.57 2491.91975798 4500.0
1512378069.67 2492.32377008 4500.0
1512378069.77 2492.70758158 4500.0
1512378069.87 2493.0722025 4500.0
1512378069.97 2493.41859238 4500.0
1512378070.07 2493.74766276 4500.0
1512378070.17 2494.06027962 4500.0
1512378070.27 2494.35726564 4500.0
1512378070.37 2494.63940236 4500.0
1512378070.47 2494.90743224 4500.0
1512378070.57 2495.16206063 4500.0
1512378070.67 2495.4039576 4500.0
1512378070.78 2495.63375972 4500.0
1512378070.87 2495.85207173 4500.0
1512378070.97 2496.05946814 4500.0
1512378071.08 2496.25649474 4500.0
1512378071.18 2496.44367 4500.0
1512378071.28 2496.6214865 4500.0
1512378071.38 2496.79041217 4500.0
1512378071.48 2496.95089157 4500.0
1512378071.58 2497.10334699 4500.0
1512378071.68 2497.24817964 4500.0
1512378071.78 2497.38577066 4500.0
1512378071.87 2497.51648212 4500.0
1512378071.98 2497.64065802 4500.0
1512378072.08 2497.75862512 4500.0
1512378072.18 2497.87069386 4500.0
1512378072.28 2497.97715917 4500.0
1512378072.38 2498.07830121 4500.0
1512378072.48 2498.17438615 4500.0
1512378072.58 2498.26566684 4500.0
1512378072.68 2498.3523835 4500.0
1512378072.78 2498.43476432 4500.0
1512378072.88 2498.51302611 4500.0
1512378072.98 2498.5873748 4500.0
1512378073.08 2498.65800606 4500.0
1512378073.18 2498.72510576 4500.0
1512378073.28 2498.78885047 4500.0
1512378073.4 2498.84940795 4500.0
1512378073.48 2498.90693755 4500.0
1512378073.58 2498.96159067 4500.0
1512378073.72 2499.01351114 4500.0
1512378073.78 2499.06283558 4500.0
1512378073.88 2499.1096938 4500.0
1512378073.98 2499.15420911 4500.0
1512378074.08 2499.19649866 4500.0
1512378074.18 2499.23667372 4500.0
1512378074.28 2499.27484004 4500.0
1512378074.38 2499.31109804 4500.0
1512378074.48 2499.34554313 4500.0
1512378074.58 2499.37826598 4500.0
1512378074.68 2499.40935268 4500.0
1512378074.79 2499.43888504 4500.0
1512378074.88 2499.46694079 4500.0
1512378074.98 2499.49359375 4500.0
1512378075.08 2499.51891407 4500.0
1512378075.25 2499.54296836 4500.0
1512378075.31 2499.56581994 4500.0
1512378075.41 2499.58752895 4500.0
1512378075.52 2499.6081525 4500.0
1512378075.62 2499.62774487 4500.0
1512378075.71 2499.64635763 4500.0
1512378075.82 2499.66403975 4500.0
1512378075.91 2499.68083776 4500.0
1512378076.02 2499.69679587 4500.0
1512378076.11 2499.71195608 4500.0
1512378076.21 2499.72635828 4500.0
1512378076.31 2499.74004036 4500.0
1512378076.41 2499.75303834 4500.0
1512378076.51 2499.76538643 4500.0
1512378076.67 2499.77711711 4500.0
1512378076.73 2499.78826125 4500.0
1512378076.82 2499.79884819 4500.0
1512378076.93 2499.80890578 4500.0
1512378077.02 2499.81846049 4500.0
1512378077.13 2499.82753746 4500.0
1512378077.23 2499.83616059 4500.0
1512378077.33 2499.84435256 4500.0
1512378077.44 2499.85213493 4500.0
1512378077.54 2499.85952819 4500.0
1512378077.63 2499.86655178 4500.0
1512378077.74 2499.87322419 4500.0
1512378077.84 2499.87956298 4500.0
1512378077.94 2499.88558483 4500.0
1512378078.04 2499.89130559 4500.0
1512378078.14 2499.89674031 4500.0
1512378078.24 2499.90190329 4500.0
1512378078.34 2499.90680813 4500.0
1512378078.44 2499.91146772 4500.0
1512378078.54 2499.91589434 4500.0
1512378078.63 2499.92009962 4500.0
1512378078.74 2499.92409464 4500.0
1512378078.84 2499.92788991 4500.0
1512378078.94 2499.93149541 4500.0
1512378079.04 2499.93492064 4500.0
1512378079.13 2499.93817461 4500.0
1512378079.23 2499.94126588 4500.0
1512378079.34 2499.94420258 4500.0
1512378079.44 2499.94699246 4500.0
1512378079.54 2499.94964283 4500.0
1512378079.64 2499.95216069 4500.0
1512378079.75 2499.95455266 4500.0
1512378079.84 2499.95682502 4500.0
1512378079.93 2499.95898377 4500.0
1512378080.04 2499.96103458 4500.0
1512378080.14 2499.96298285 4500.0
1512378080.23 2499.96483371 4500.0
1512378080.34 2499.96659203 4500.0
1512378080.44 2499.96826243 4500.0
1512378080.54 2499.9698493 4500.0
1512378080.64 2499.97135684 4500.0
1512378080.82 2499.972789 4500.0
1512378080.9 2499.97414955 4500.0
1512378080.99 2499.97544207 4500.0
1512378081.09 2499.97666997 4500.0
1512378081.19 2499.97783647 4500.0
1512378081.29 2499.97894464 4500.0
1512378081.42 2499.97999741 4500.0
1512378081.48 2499.98099754 4500.0
1512378081.62 2499.98194766 4500.0
1512378081.69 2499.98285028 4500.0
1512378081.79 2499.98370777 4500.0
1512378081.89 2499.98452238 4500.0
1512378081.99 2499.98529626 4500.0
1512378082.09 2499.98603145 4500.0
1512378082.19 2499.98672987 4500.0
1512378082.29 2499.98739338 4500.0
1512378082.39 2499.98802371 4500.0
1512378082.49 2499.98862253 4500.0
1512378082.59 2499.9891914 4500.0
1512378082.69 2499.98973183 4500.0
1512378082.86 2499.99024524 4500.0
1512378082.93 2499.99073298 4500.0
1512378083.03 2499.99119633 4500.0
1512378083.13 2499.99163651 4500.0
1512378083.23 2499.99205469 4500.0
1512378083.33 2499.99245195 4500.0
1512378083.43 2499.99282935 4500.0
1512378083.53 2499.99318789 4500.0
1512378083.63 2499.99352849 4500.0
1512378083.73 2499.99385207 4500.0
1512378083.83 2499.99415946 4500.0
1512378083.93 2499.99445149 4500.0
1512378084.03 2499.99472892 4500.0
1512378084.13 2499.99499247 4500.0
1512378084.23 2499.99524285 4500.0
1512378084.34 2499.9954807 4500.0
1512378084.43 2499.99570667 4500.0
1512378084.53 2499.99592134 4500.0
1512378084.63 2499.99612527 4500.0
1512378084.73 2499.99631901 4500.0
1512378084.83 2499.99650306 4500.0
1512378084.93 2499.9966779 4500.0
1512378085.04 2499.99684401 4500.0
1512378085.14 2499.99700181 4500.0
1512378085.24 2499.99715172 4500.0
1512378085.33 2499.99729413 4500.0
1512378085.43 2499.99742942 4500.0
1512378085.54 2499.99755795 4500.0
1512378085.63 2499.99768006 4500.0
1512378085.72 2499.99779605 4500.0
1512378085.82 2499.99790625 4500.0
1512378085.93 2499.99801094 4500.0
1512378086.03 2499.99811039 4500.0
1512378086.13 2499.99820487 4500.0
1512378086.23 2499.99829463 4500.0
1512378086.34 2499.9983799 4500.0
1512378086.44 2499.9984609 4500.0
1512378086.53 2499.99853786 4500.0
1512378086.63 2499.99861096 4500.0
1512378086.73 2499.99868042 4500.0
1512378086.83 2499.99874639 4500.0
1512378086.93 2499.99880907 4500.0
1512378087.03 2499.99886862 4500.0
1512378087.14 2499.99892519 4500.0
1512378087.24 2499.99897893 4500.0
1512378087.34 2499.99902998 4500.0
1512378087.43 2499.99907848 4500.0
1512378087.59 2499.99912456 4500.0
1512378087.68 2499.99916833 4500.0
1512378087.77 2499.99920992 4500.0
1512378087.87 2499.99924942 4500.0
1512378087.97 2499.99928695 4500.0
1512378088.07 2499.9993226 4500.0
1512378088.17 2499.99935647 4500.0
1512378088.34 2499.99938865 4500.0
1512378088.41 2499.99941922 4500.0
1512378088.5 2499.99944825 4500.0
1512378088.6 2499.99947584 4500.0
1512378088.7 2499.99950205 4500.0
1512378088.8 2499.99952695 4500.0
1512378088.9 2499.9995506 4500.0
1512378089.0 2499.99957307 4500.0
1512378089.1 2499.99959442 4500.0
1512378089.21 2499.9996147 4500.0
1512378089.3 2499.99963396 4500.0
1512378089.41 2499.99965226 4500.0
1512378089.5 2499.99966965 4500.0
1512378089.61 2499.99968617 4500.0
1512378089.71 2499.99970186 4500.0
1512378089.81 2499.99971677 4500.0
1512378089.91 2499.99973093 4500.0
1512378090.01 2499.99974438 4500.0
1512378090.11 2499.99975716 4500.0
1512378090.27 2499.9997693 4500.0
1512378090.35 2499.99978084 4500.0
1512378090.44 2499.9997918 4500.0
1512378090.61 2499.99980221 4500.0
1512378090.72 2499.9998121 4500.0
1512378090.8 2499.99982149 4500.0
1512378090.9 2499.99983042 4500.0
1512378091.0 2499.9998389 4500.0
1512378091.1 2499.99984695 4500.0
1512378091.2 2499.9998546 4500.0
1512378091.38 2499.99986187 4500.0
1512378091.45 2499.99986878 4500.0
1512378091.54 2499.99987534 4500.0
1512378091.64 2499.99988157 4500.0
1512378091.74 2499.9998875 4500.0
1512378091.85 2499.99989312 4500.0
1512378091.95 2499.99989846 4500.0
1512378092.05 2499.99990354 4500.0
1512378092.16 2499.99990836 4500.0
1512378092.25 2499.99991295 4500.0
1512378092.35 2499.9999173 4500.0
1512378092.45 2499.99992143 4500.0
1512378092.56 2499.99992536 4500.0
1512378092.66 2499.99992909 4500.0
1512378092.75 2499.99993264 4500.0
1512378092.85 2499.99993601 4500.0
1512378092.95 2499.99993921 4500.0
1512378093.06 2499.99994225 4500.0
1512378093.16 2499.99994513 4500.0
1512378093.26 2499.99994788 4500.0
1512378093.35 2499.99995048 4500.0
1512378093.46 2499.99995296 4500.0
1512378093.55 2499.99995531 4500.0
1512378093.66 2499.99995755 4500.0
1512378093.76 2499.99995967 4500.0
1512378093.85 2499.99996169 4500.0
1512378093.96 2499.9999636 4500.0
1512378094.06 2499.99996542 4500.0
1512378094.16 2499.99996715 4500.0
1512378094.26 2499.99996879 4500.0
1512378094.36 2499.99997035 4500.0
1512378094.46 2499.99997184 4500.0
1512378094.56 2499.99997324 4500.0
1512378094.65 2499.99997458 4500.0
1512378094.76 2499.99997585 4500.0
1512378094.86 2499.99997706 4500.0
1512378094.96 2499.99997821 4500.0
1512378095.05 2499.9999793 4500.0
1512378095.16 2499.99998033 4500.0
1512378095.27 2499.99998131 4500.0
1512378095.36 2499.99998225 4500.0
1512378095.46 2499.99998314 4500.0
1512378095.56 2499.99998398 4500.0
1512378095.66 2499.99998478 4500.0
1512378095.76 2499.99998554 4500.0
1512378095.86 2499.99998626 4500.0
1512378095.96 2499.99998695 4500.0
1512378096.06 2499.9999876 4500.0
1512378096.16 2499.99998822 4500.0
1512378096.27 2499.99998881 4500.0
1512378096.36 2499.99998937 4500.0
1512378096.46 2499.9999899 4500.0
1512378096.55 2499.99999041 4500.0
1512378096.66 2499.99999089 4500.0
1512378096.76 2499.99999134 4500.0
1512378096.86 2499.99999178 4500.0
1512378096.96 2499.99999219 4500.0
1512378097.07 2499.99999258 4500.0
1512378097.16 2499.99999295 4500.0
1512378097.26 2499.9999933 4500.0
1512378097.36 2499.99999364 4500.0
1512378097.47 2499.99999395 4500.0
1512378097.56 2499.99999426 4500.0
1512378097.66 2499.99999454 4500.0
1512378097.76 2499.99999482 4500.0
1512378097.87 2499.99999508 4500.0
1512378097.97 2499.99999532 4500.0
1512378098.07 2499.99999556 4500.0
1512378098.17 2499.99999578 4500.0
1512378098.26 2499.99999599 4500.0
1512378098.36 2499.99999619 4500.0
1512378098.46 2499.99999638 4500.0
1512378098.56 2499.99999656 4500.0
1512378098.66 2499.99999673 4500.0
1512378098.77 2499.9999969 4500.0
1512378098.86 2499.99999705 4500.0
1512378098.96 2499.9999972 4500.0
1512378099.07 2499.99999734 4500.0
1512378099.16 2499.99999747 4500.0
1512378099.26 2499.9999976 4500.0
1512378099.36 2499.99999772 4500.0
1512378099.47 2499.99999783 4500.0
1512378099.56 2499.99999794 4500.0
1512378099.66 2499.99999804 4500.0
1512378099.76 2499.99999814 4500.0
1512378099.87 2499.99999823 4500.0
1512378099.96 2499.99999832 4500.0
1512378100.07 2499.99999841 4500.0
1512378100.16 2499.99999849 4500.0
1512378100.27 2499.99999856 4500.0
1512378100.36 2499.99999863 4500.0
1512378100.46 2499.9999987 4500.0
1512378100.56 2499.99999877 4500.0
1512378100.67 2499.99999883 4500.0
1512378100.76 2499.99999889 4500.0
1512378100.87 2499.99999894 4500.0
1512378100.97 2499.999999 4500.0
1512378101.06 2499.99999905 4500.0
1512378101.17 2499.99999909 4500.0
1512378101.27 2499.99999914 4500.0
1512378101.36 2499.99999918 4500.0
1512378101.47 2499.99999922 4500.0
1512378101.57 2499.99999926 4500.0
1512378101.67 2499.9999993 4500.0
1512378101.77 2499.99999933 4500.0
1512378101.87 2499.99999937 4500.0
1512378101.98 2499.9999994 4500.0
1512378102.07 2499.99999943 4500.0
1512378102.16 2499.99999946 4500.0
1512378102.27 2499.99999948 4500.0
1512378102.36 2499.99999951 4500.0
1512378102.47 2499.99999953 4500.0
1512378102.57 2499.99999956 4500.0
1512378102.67 2499.99999958 4500.0
1512378102.77 2499.9999996 4500.0
1512378102.87 2499.99999962 4500.0
1512378102.97 2499.99999964 4500.0
1512378103.06 2499.99999966 4500.0
1512378103.17 2499.99999968 4500.0
1512378103.26 2499.99999969 4500.0
1512378103.37 2499.99999971 4500.0
1512378103.47 2499.99999972 4500.0
1512378103.57 2499.99999974 4500.0
1512378103.67 2499.99999975 4500.0
1512378103.76 2499.99999976 4500.0
1512378103.87 2499.99999977 4500.0
1512378103.97 2499.99999978 4500.0
1512378104.07 2499.9999998 4500.0
1512378104.17 2499.99999981 4500.0
1512378104.27 2499.99999982 4500.0
1512378104.37 2499.99999982 4500.0
1512378104.47 2499.99999983 4500.0
1512378104.58 2499.99999984 4500.0
1512378104.68 2499.99999985 4500.0
1512378104.77 2499.99999986 4500.0
1512378104.87 2499.99999986 4500.0
1512378104.97 2499.99999987 4500.0
1512378105.07 2499.99999988 4500.0
1512378105.16 2499.99999988 4500.0
1512378105.27 2499.99999989 4500.0
1512378105.37 2499.99999989 4500.0
1512378105.47 2499.9999999 4500.0
1512378105.57 2499.99999991 4500.0
1512378105.67 2499.99999991 4500.0
1512378105.77 2499.99999991 4500.0
1512378105.87 2499.99999992 4500.0
1512378105.97 2499.99999992 4500.0
1512378106.07 2499.99999993 4500.0
1512378106.18 2499.99999993 4500.0
1512378106.28 2499.99999993 4500.0
1512378106.38 2499.99999994 4500.0
1512378106.47 2499.99999994 4500.0
1512378106.58 2499.99999994 4500.0
1512378106.67 2499.99999995 4500.0
1512378106.77 2499.99999995 4500.0
1512378106.87 2499.99999995 4500.0
1512378106.97 2499.99999995 4500.0
1512378107.07 2499.99999996 4500.0
1512378107.17 2499.99999996 4500.0
1512378107.27 2499.99999996 4500.0
1512378107.38 2499.99999996 4500.0
1512378107.48 2499.99999996 4500.0
1512378107.58 2499.99999997 4500.0
1512378107.68 2499.99999997 4500.0
1512378107.79 2499.99999997 4500.0
1512378107.87 2499.99999997 4500.0
1512378107.98 2499.99999997 4500.0
1512378108.08 2499.99999997 4500.0
1512378108.18 2499.99999998 4500.0
1512378108.28 2499.99999998 4500.0
1512378108.38 2499.99999998 4500.0
1512378108.48 2499.99999998 4500.0
1512378108.58 2499.99999998 4500.0
1512378108.68 2499.99999998 4500.0
1512378108.78 2499.99999998 4500.0
1512378108.88 2499.99999998 4500.0
1512378108.98 2499.99999998 4500.0
1512378109.08 2499.99999998 4500.0
1512378109.18 2499.99999999 4500.0
1512378109.28 2499.99999999 4500.0
1512378109.38 2499.99999999 4500.0
1512378109.49 2499.99999999 4500.0
1512378109.58 2499.99999999 4500.0
1512378109.69 2499.99999999 4500.0
1512378109.78 2499.99999999 4500.0
1512378109.88 2499.99999999 4500.0
1512378109.98 2499.99999999 4500.0
1512378110.08 2499.99999999 4500.0
1512378110.18 2499.99999999 4500.0
1512378110.28 2499.99999999 4500.0
1512378110.38 2499.99999999 4500.0
1512378110.48 2499.99999999 4500.0
1512378110.59 2499.99999999 4500.0
1512378110.68 2499.99999999 4500.0
1512378110.79 2499.99999999 4500.0
1512378110.88 2499.99999999 4500.0
1512378110.99 2499.99999999 4500.0
1512378111.1 2499.99999999 4500.0
1512378111.19 2499.99999999 4500.0
1512378111.29 2499.99999999 4500.0
1512378111.4 2500.0 4500.0
1512378111.5 2500.0 4500.0
1512378111.61 2500.0 4500.0
1512378111.69 2500.0 4500.0
1512378111.79 2500.0 4500.0
1512378111.89 2500.0 4500.0
1512378111.99 2500.0 4500.0
1512378112.09 2500.0 4500.0
1512378112.19 2500.0 4500.0
1512378112.3 2500.0 4500.0
1512378112.39 2500.0 4500.0
1512378112.49 2500.0 4500.0
1512378112.59 2500.0 4500.0
1512378112.69 2500.0 4500.0
1512378112.79 2500.0 4500.0
1512378112.9 2500.0 4500.0
1512378113.0 2500.0 4500.0
1512378113.09 2500.0 4500.0
1512378113.2 2500.0 4500.0
1512378113.29 2500.0 4500.0
1512378113.39 2500.0 4500.0
1512378113.5 2500.0 4500.0
1512378113.6 2500.0 4500.0
1512378113.71 2500.0 4500.0
1512378113.81 2500.0 4500.0
1512378113.91 2500.0 4500.0
1512378114.0 2500.0 4500.0
1512378114.09 2500.0 4500.0
1512378114.2 2500.0 4500.0
1512378114.3 2500.0 4500.0
1512378114.4 2500.0 4500.0
1512378114.49 2500.0 4500.0
1512378114.6 2500.0 4500.0
1512378114.69 2500.0 4500.0
1512378114.8 2500.0 4500.0
1512378114.89 2500.0 4500.0
1512378114.99 2500.0 4500.0
1512378115.1 2500.0 4500.0
1512378115.2 2500.0 4500.0
1512378115.29 2500.0 4500.0
1512378115.4 2500.0 4500.0
1512378115.5 2500.0 4500.0
1512378115.6 2500.0 4500.0
1512378115.7 2500.0 4500.0
1512378115.8 2500.0 4500.0
1512378115.9 2500.0 4500.0
1512378115.99 2500.0 4500.0
1512378116.1 2500.0 4500.0
1512378116.2 2500.0 4500.0
1512378116.3 2500.0 4500.0
1512378116.41 2500.0 4500.0
1512378116.5 2500.0 4500.0
1512378116.61 2500.0 4500.0
1512378116.71 2500.0 4500.0
1512378116.81 2500.0 4500.0
1512378116.9 2500.0 4500.0
1512378117.01 2500.0 4500.0
1512378117.1 2500.0 4500.0
1512378117.2 2500.0 4500.0
1512378117.31 2500.0 4500.0
1512378117.4 2500.0 4500.0
1512378117.51 2500.0 4500.0
1512378117.61 2500.0 4500.0
1512378117.71 2500.0 4500.0
1512378117.8 2500.0 4500.0
1512378117.91 2500.0 4500.0
1512378118.01 2500.0 4500.0
1512378118.12 2500.0 4500.0
1512378118.2 2500.0 4500.0
1512378118.3 2500.0 4500.0
1512378118.4 2500.0 4500.0
1512378118.5 2500.0 4500.0
1512378118.6 2500.0 4500.0
1512378118.7 2500.0 4500.0
1512378118.8 2500.0 4500.0
1512378118.9 2500.0 4500.0
1512378119.0 2500.0 4500.0
1512378119.09 2500.0 4500.0
1512378119.21 2500.0 4500.0
1512378119.3 2500.0 4500.0
1512378119.4 2500.0 4500.0
1512378119.5 2500.0 4500.0
1512378119.59 2500.0 4500.0
1512378119.7 2500.0 4500.0
1512378119.8 2500.0 4500.0
1512378119.9 2500.0 4500.0
1512378120.0 2500.0 4500.0
1512378120.1 2500.0 4500.0
1512378120.21 2500.0 4500.0
1512378120.31 2500.0 4500.0
1512378120.41 2500.0 4500.0
1512378120.51 2500.0 4500.0
1512378120.61 2500.0 4500.0
1512378120.71 2500.0 4500.0
1512378120.81 2500.0 4500.0
1512378120.91 2500.0 4500.0
1512378121.01 2500.0 4500.0
1512378121.1 2500.0 4500.0
1512378121.21 2500.0 4500.0
1512378121.31 2500.0 4500.0
1512378121.43 2500.0 4500.0
1512378121.51 2500.0 4500.0
1512378121.6 2500.0 4500.0
1512378121.71 2500.0 4500.0
1512378121.8 2500.0 4500.0
1512378121.9 2500.0 4500.0
1512378122.01 2500.0 4500.0
1512378122.11 2500.0 4500.0
1512378122.21 2500.0 4500.0
1512378122.3 2500.0 4500.0
1512378122.41 2500.0 4500.0
1512378122.5 2500.0 4500.0
1512378122.6 2500.0 4500.0
1512378122.7 2500.0 4500.0
1512378122.81 2500.0 4500.0
1512378122.9 2500.0 4500.0
1512378123.0 2500.0 4500.0
1512378123.1 2500.0 4500.0
1512378123.21 2500.0 4500.0
1512378123.31 2500.0 4500.0
1512378123.4 2500.0 4500.0
1512378123.51 2500.0 4500.0
1512378123.61 2500.0 4500.0
1512378123.71 2500.0 4500.0
1512378123.81 2500.0 4500.0
1512378123.91 2500.0 4500.0
1512378124.01 2500.0 4500.0
1512378124.11 2500.0 4500.0
1512378124.22 2500.0 4500.0
1512378124.31 2500.0 4500.0
1512378124.41 2500.0 4500.0
1512378124.5 2500.0 4500.0
1512378124.61 2500.0 4500.0
1512378124.71 2500.0 4500.0
1512378124.81 2500.0 4500.0
1512378124.91 2500.0 4500.0
1512378125.01 2500.0 4500.0
1512378125.11 2500.0 4500.0
1512378125.22 2500.0 4500.0
1512378125.31 2500.0 4500.0
1512378125.41 2500.0 4500.0
1512378125.51 2500.0 4500.0
1512378125.61 2500.0 4500.0
1512378125.71 2500.0 4500.0
1512378125.81 2500.0 4500.0
1512378125.91 2500.0 4500.0
1512378126.01 2500.0 4500.0
1512378126.11 2500.0 4500.0
1512378126.21 2500.0 4500.0
1512378126.31 2500.0 4500.0
1512378126.41 2500.0 4500.0
1512378126.52 2500.0 4500.0
1512378126.61 2500.0 4500.0
1512378126.72 2500.0 4500.0
1512378126.82 2500.0 4500.0
1512378126.91 2500.0 4500.0
1512378127.02 2500.0 4500.0
1512378127.12 2500.0 4500.0
1512378127.22 2500.0 4500.0
1512378127.32 2500.0 4500.0
1512378127.42 2500.0 4500.0
1512378127.53 2500.0 4500.0
1512378127.62 2500.0 4500.0
1512378127.72 2500.0 4500.0
1512378127.81 2500.0 4500.0
1512378127.93 2500.0 4500.0
1512378128.02 2500.0 4500.0
1512378128.13 2500.0 4500.0
1512378128.22 2500.0 4500.0
1512378128.32 2500.0 4500.0
1512378128.42 2500.0 4500.0
1512378128.52 2500.0 4500.0
1512378128.62 2500.0 4500.0
1512378128.73 2500.0 4500.0
1512378128.82 2500.0 4500.0
1512378128.93 2500.0 4500.0
1512378129.03 2500.0 4500.0
1512378129.13 2500.0 4500.0
1512378129.22 2500.0 4500.0
1512378129.33 2500.0 4500.0
1512378129.43 2500.0 4500.0
1512378129.53 2500.0 4500.0
1512378129.63 2500.0 4500.0
1512378129.73 2500.0 4500.0
1512378129.83 2500.0 4500.0
1512378129.93 2500.0 4500.0
1512378130.04 2500.0 4500.0
1512378130.13 2500.0 4500.0
1512378130.24 2500.0 4500.0
1512378130.33 2500.0 4500.0
1512378130.44 2500.0 4500.0
1512378130.54 2500.0 4500.0
1512378130.64 2500.0 4500.0
1512378130.73 2500.0 4500.0
1512378130.82 2500.0 4500.0
1512378130.93 2500.0 4500.0
1512378131.03 2500.0 4500.0
1512378131.14 2500.0 4500.0
1512378131.24 2500.0 4500.0
1512378131.33 2500.0 4500.0
1512378131.43 2500.0 4500.0
1512378131.53 2500.0 4500.0
1512378131.64 2500.0 4500.0
1512378131.73 2500.0 4500.0
1512378131.83 2500.0 4500.0
1512378131.94 2500.0 4500.0
1512378132.04 2500.0 4500.0
1512378132.14 2500.0 4500.0
1512378132.24 2500.0 4500.0
1512378132.34 2500.0 4500.0
1512378132.43 2500.0 4500.0
1512378132.53 2500.0 4500.0
1512378132.64 2500.0 4500.0
1512378132.74 2500.0 4500.0
1512378132.84 2500.0 4500.0
1512378132.93 2500.0 4500.0
1512378133.03 2500.0 4500.0
1512378133.14 2500.0 4500.0
1512378133.24 2500.0 4500.0
1512378133.34 2500.0 4500.0
1512378133.44 2500.0 4500.0
1512378133.55 2500.0 4500.0
1512378133.64 2500.0 4500.0
1512378133.75 2500.0 4500.0
1512378133.85 2500.0 4500.0
1512378133.95 2500.0 4500.0
1512378134.05 2500.0 4500.0
1512378134.15 2500.0 4500.0
1512378134.24 2500.0 4500.0
1512378134.34 2500.0 4500.0
1512378134.45 2500.0 4500.0
1512378134.54 2500.0 4500.0
1512378134.65 2500.0 4500.0
1512378134.75 2500.0 4500.0
1512378134.84 2500.0 4500.0
1512378134.94 2500.0 4500.0
1512378135.04 2500.0 4500.0
1512378135.15 2500.0 4500.0
1512378135.24 2500.0 4500.0
1512378135.34 2500.0 4500.0
1512378135.44 2500.0 4500.0
1512378135.55 2500.0 4500.0
1512378135.65 2500.0 4500.0
1512378135.75 2500.0 4500.0
1512378135.85 2500.0 4500.0
1512378135.94 2500.0 4500.0
1512378136.05 2500.0 4500.0
1512378136.16 2500.0 4500.0
1512378136.25 2500.0 4500.0
1512378136.35 2500.0 4500.0
1512378136.45 2500.0 4500.0
1512378136.56 2500.0 4500.0
1512378136.66 2500.0 4500.0
1512378136.75 2500.0 4500.0
1512378136.86 2500.0 4500.0
1512378136.95 2500.0 4500.0
1512378137.07 2500.0 4500.0
1512378137.16 2500.0 4500.0
1512378137.25 2500.0 4500.0
1512378137.36 2500.0 4500.0
1512378137.47 2500.0 4500.0
1512378137.57 2500.0 4500.0
1512378137.66 2500.0 4500.0
1512378137.77 2500.0 4500.0
1512378137.86 2500.0 4500.0
1512378137.97 2500.0 4500.0
1512378138.05 2500.0 4500.0
1512378138.17 2500.0 4500.0
1512378138.26 2500.0 4500.0
1512378138.36 2500.0 4500.0
1512378138.47 2500.0 4500.0
1512378138.57 2500.0 4500.0
1512378138.67 2500.0 4500.0
1512378138.77 2500.0 4500.0
1512378138.87 2500.0 4500.0
1512378138.96 2500.0 4500.0
1512378139.07 2500.0 4500.0
1512378139.17 2500.0 4500.0
1512378139.27 2500.0 4500.0
1512378139.38 2500.0 4500.0
1512378139.48 2500.0 4500.0
1512378139.57 2500.0 4500.0
1512378139.67 2500.0 4500.0
1512378139.78 2500.0 4500.0
1512378139.88 2500.0 4500.0
1512378139.97 2500.0 4500.0
1512378140.07 2500.0 4500.0
1512378140.17 2500.0 4500.0
1512378140.26 2500.0 4500.0
1512378140.36 2500.0 4500.0
1512378140.47 2500.0 4500.0
1512378140.57 2500.0 4500.0
1512378140.67 2500.0 4500.0
1512378140.76 2500.0 4500.0
1512378140.87 2500.0 4500.0
1512378140.98 2500.0 4500.0
1512378141.08 2500.0 4500.0
1512378141.17 2500.0 4500.0
1512378141.28 2500.0 4500.0
1512378141.37 2500.0 4500.0
1512378141.47 2500.0 4500.0
1512378141.58 2500.0 4500.0
1512378141.67 2500.0 4500.0
1512378141.77 2500.0 4500.0
1512378141.87 2500.0 4500.0
1512378141.97 2500.0 4500.0
1512378142.08 2500.0 4500.0
1512378142.17 2500.0 4500.0
1512378142.27 2500.0 4500.0
1512378142.38 2500.0 4500.0
1512378142.47 2500.0 4500.0
1512378142.58 2500.0 4500.0
1512378142.69 2500.0 4500.0
1512378142.78 2500.0 4500.0
1512378142.87 2500.0 4500.0
1512378142.97 2500.0 4500.0
1512378143.09 2500.0 4500.0
1512378143.18 2500.0 4500.0
1512378143.28 2500.0 4500.0
1512378143.38 2500.0 4500.0
1512378143.48 2500.0 4500.0
1512378143.58 2500.0 4500.0
1512378143.68 2500.0 4500.0
1512378143.78 2500.0 4500.0
1512378143.88 2500.0 4500.0
1512378143.98 2500.0 4500.0
1512378144.09 2500.0 4500.0
1512378144.19 2500.0 4500.0
1512378144.29 2500.0 4500.0
1512378144.39 2500.0 4500.0
1512378144.49 2500.0 4500.0
1512378144.6 2500.0 4500.0
1512378144.68 2500.0 4500.0
1512378144.79 2500.0 4500.0
1512378144.89 2500.0 4500.0
1512378144.99 2500.0 4500.0
1512378145.08 2500.0 4500.0
1512378145.19 2500.0 4500.0
1512378145.29 2500.0 4500.0
1512378145.39 2500.0 4500.0
1512378145.49 2500.0 4500.0
1512378145.59 2500.0 4500.0
1512378145.69 2500.0 4500.0
1512378145.79 2500.0 4500.0
1512378145.89 2500.0 4500.0
1512378145.99 2500.0 4500.0
1512378146.09 2500.0 4500.0
1512378146.2 2500.0 4500.0
1512378146.31 2500.0 4500.0
1512378146.4 2500.0 4500.0
1512378146.5 2500.0 4500.0
1512378146.6 2500.0 4500.0
1512378146.69 2500.0 4500.0
1512378146.8 2500.0 4500.0
1512378146.9 2500.0 4500.0
1512378147.0 2500.0 4500.0
1512378147.11 2500.0 4500.0
1512378147.2 2500.0 4500.0
1512378147.3 2500.0 4500.0
1512378147.4 2500.0 4500.0
1512378147.5 2500.0 4500.0
1512378147.6 2500.0 4500.0
1512378147.7 2500.0 4500.0
1512378147.8 2500.0 4500.0
1512378147.9 2500.0 4500.0
1512378148.0 2500.0 4500.0
1512378148.11 2500.0 4500.0
1512378148.2 2500.0 4500.0
1512378148.3 2500.0 4500.0
1512378148.41 2500.0 4500.0
1512378148.5 2500.0 4500.0
1512378148.61 2500.0 4500.0
1512378148.7 2500.0 4500.0
1512378148.81 2500.0 4500.0
1512378148.91 2500.0 4500.0
1512378149.01 2500.0 4500.0
1512378149.11 2500.0 4500.0
1512378149.22 2500.0 4500.0
1512378149.31 2500.0 4500.0
1512378149.4 2500.0 4500.0
1512378149.51 2500.0 4500.0
1512378149.61 2500.0 4500.0
1512378149.7 2500.0 4500.0
1512378149.81 2500.0 4500.0
1512378149.92 2500.0 4500.0
1512378150.02 2500.0 4500.0
1512378150.11 2500.0 4500.0
1512378150.21 2500.0 4500.0
1512378150.31 2500.0 4500.0
1512378150.43 2500.0 4500.0
1512378150.52 2500.0 4500.0
1512378150.61 2500.0 4500.0
1512378150.71 2500.0 4500.0
1512378150.81 2500.0 4500.0
1512378150.91 2500.0 4500.0
1512378151.01 2500.0 4500.0
1512378151.11 2500.0 4500.0
1512378151.21 2500.0 4500.0
1512378151.31 2500.0 4500.0
1512378151.41 2500.0 4500.0
1512378151.51 2500.0 4500.0
1512378151.62 2500.0 4500.0
1512378151.71 2500.0 4500.0
1512378151.82 2500.0 4500.0
1512378151.91 2500.0 4500.0
1512378152.02 2500.0 4500.0
1512378152.11 2500.0 4500.0
1512378152.22 2500.0 4500.0
1512378152.32 2500.0 4500.0
1512378152.41 2500.0 4500.0
1512378152.51 2500.0 4500.0
1512378152.62 2500.0 4500.0
1512378152.72 2500.0 4500.0
1512378152.82 2500.0 4500.0
1512378152.92 2500.0 4500.0
1512378153.01 2500.0 4500.0
1512378153.12 2500.0 4500.0
1512378153.21 2500.0 4500.0
1512378153.31 2500.0 4500.0
1512378153.41 2500.0 4500.0
1512378153.52 2500.0 4500.0
1512378153.62 2500.0 4500.0
1512378153.72 2500.0 4500.0
1512378153.82 2500.0 4500.0
1512378153.92 2500.0 4500.0
1512378154.02 2500.0 4500.0
1512378154.12 2500.0 4500.0
1512378154.22 2500.0 4500.0
1512378154.32 2500.0 4500.0
1512378154.42 2500.0 4500.0
1512378154.53 2500.0 4500.0
1512378154.63 2500.0 4500.0
1512378154.73 2500.0 4500.0
1512378154.83 2500.0 4500.0
1512378154.93 2500.0 4500.0
1512378155.02 2500.0 4500.0
1512378155.12 2500.0 4500.0
1512378155.23 2500.0 4500.0
1512378155.33 2500.0 4500.0
1512378155.42 2500.0 4500.0
1512378155.53 2500.0 4500.0
1512378155.62 2500.0 4500.0
1512378155.72 2500.0 4500.0
1512378155.83 2500.0 4500.0
1512378155.93 2500.0 4500.0
1512378156.02 2500.0 4500.0
1512378156.13 2500.0 4500.0
1512378156.23 2500.0 4500.0
1512378156.33 2500.0 4500.0
1512378156.43 2500.0 4500.0
1512378156.53 2500.0 4500.0
1512378156.64 2500.0 4500.0
1512378156.74 2500.0 4500.0
1512378156.83 2500.0 4500.0
1512378156.93 2500.0 4500.0
1512378157.03 2500.0 4500.0
1512378157.13 2500.0 4500.0
1512378157.23 2500.0 4500.0
1512378157.33 2500.0 4500.0
1512378157.43 2500.0 4500.0
1512378157.53 2500.0 4500.0
1512378157.63 2500.0 4500.0
1512378157.73 2500.0 4500.0
1512378157.83 2500.0 4500.0
1512378157.93 2500.0 4500.0
1512378158.03 2500.0 4500.0
1512378158.13 2500.0 4500.0
1512378158.23 2500.0 4500.0
1512378158.33 2500.0 4500.0
1512378158.43 2500.0 4500.0
1512378158.53 2500.0 4500.0
1512378158.63 2500.0 4500.0
1512378158.74 2500.0 4500.0
1512378158.84 2500.0 4500.0
1512378158.94 2500.0 4500.0
1512378159.04 2500.0 4500.0
1512378159.14 2500.0 4500.0
1512378159.23 2500.0 4500.0
1512378159.34 2500.0 4500.0
1512378159.43 2500.0 4500.0
1512378159.54 2500.0 4500.0
1512378159.63 2500.0 4500.0
1512378159.73 2500.0 4500.0
1512378159.83 2500.0 4500.0
1512378159.94 2500.0 4500.0
1512378160.04 2500.0 4500.0
1512378160.14 2500.0 4500.0
1512378160.24 2500.0 4500.0
1512378160.33 2500.0 4500.0
1512378160.44 2500.0 4500.0
1512378160.54 2500.0 4500.0
1512378160.64 2500.0 4500.0
1512378160.74 2500.0 4500.0
1512378160.84 2500.0 4500.0
1512378160.94 2500.0 4500.0
1512378161.04 2500.0 4500.0
1512378161.14 2500.0 4500.0
1512378161.25 2500.0 4500.0
1512378161.35 2500.0 4500.0
1512378161.44 2500.0 4500.0
1512378161.54 2500.0 4500.0
1512378161.64 2500.0 4500.0
1512378161.74 2500.0 4500.0
1512378161.84 2500.0 4500.0
1512378161.94 2500.0 4500.0
1512378162.04 2500.0 4500.0
1512378162.15 2500.0 4500.0
1512378162.24 2500.0 4500.0
1512378162.35 2500.0 4500.0
1512378162.45 2500.0 4500.0
1512378162.54 2500.0 4500.0
1512378162.65 2500.0 4500.0
1512378162.75 2500.0 4500.0
1512378162.85 2500.0 4500.0
1512378162.96 2500.0 4500.0
1512378163.05 2500.0 4500.0
1512378163.15 2500.0 4500.0
1512378163.26 2500.0 4500.0
1512378163.35 2500.0 4500.0
1512378163.45 2500.0 4500.0
1512378163.55 2500.0 4500.0
1512378163.65 2500.0 4500.0
1512378163.75 2500.0 4500.0
1512378163.85 2500.0 4500.0
1512378163.95 2500.0 4500.0
1512378164.05 2500.0 4500.0
1512378164.16 2500.0 4500.0
1512378164.25 2500.0 4500.0
1512378164.35 2500.0 4500.0
1512378164.46 2500.0 4500.0
1512378164.56 2500.0 4500.0
1512378164.66 2500.0 4500.0
1512378164.76 2500.0 4500.0
1512378164.85 2500.0 4500.0
1512378164.95 2500.0 4500.0
1512378165.07 2500.0 4500.0
1512378165.15 2500.0 4500.0
1512378165.25 2500.0 4500.0
1512378165.35 2500.0 4500.0
1512378165.45 2500.0 4500.0
1512378165.55 2500.0 4500.0
1512378165.66 2500.0 4500.0
1512378165.76 2500.0 4500.0
1512378165.86 2500.0 4500.0
1512378165.96 2500.0 4500.0
1512378166.06 2500.0 4500.0
1512378166.16 2500.0 4500.0
1512378166.26 2500.0 4500.0
1512378166.36 2500.0 4500.0
1512378166.46 2500.0 4500.0
1512378166.57 2500.0 4500.0
1512378166.67 2500.0 4500.0
1512378166.77 2500.0 4500.0
1512378166.86 2500.0 4500.0
1512378166.97 2500.0 4500.0
1512378167.07 2500.0 4500.0
1512378167.17 2500.0 4500.0
1512378167.27 2500.0 4500.0
1512378167.37 2500.0 4500.0
1512378167.47 2500.0 4500.0
1512378167.58 2500.0 4500.0
1512378167.67 2500.0 4500.0
1512378167.76 2500.0 4500.0
1512378167.87 2500.0 4500.0
1512378167.97 2500.0 4500.0
1512378168.07 2500.0 4500.0
1512378168.17 2500.0 4500.0
1512378168.27 2500.0 4500.0
1512378168.36 2500.0 4500.0
1512378168.47 2500.0 4500.0
1512378168.57 2500.0 4500.0
1512378168.67 2500.0 4500.0
1512378168.77 2500.0 4500.0
1512378168.87 2500.0 4500.0
1512378168.97 2500.0 4500.0
1512378169.07 2500.0 4500.0
1512378169.18 2500.0 4500.0
1512378169.28 2500.0 4500.0
1512378169.38 2500.0 4500.0
1512378169.48 2500.0 4500.0
1512378169.58 2500.0 4500.0
1512378169.68 2500.0 4500.0
1512378169.78 2500.0 4500.0
1512378169.89 2500.0 4500.0
1512378169.98 2500.0 4500.0
1512378170.09 2500.0 4500.0
1512378170.19 2500.0 4500.0
1512378170.28 2500.0 4500.0
1512378170.38 2500.0 4500.0
1512378170.49 2500.0 4500.0
1512378170.58 2500.0 4500.0
1512378170.68 2500.0 4500.0
1512378170.79 2500.0 4500.0
1512378170.89 2500.0 4500.0
1512378170.98 2500.0 4500.0
1512378171.09 2500.0 4500.0
1512378171.18 2500.0 4500.0
1512378171.29 2500.0 4500.0
1512378171.38 2500.0 4500.0
1512378171.49 2500.0 4500.0
1512378171.58 2500.0 4500.0
1512378171.7 2500.0 4500.0
1512378171.79 2500.0 4500.0
1512378171.89 2500.0 4500.0
1512378171.99 2500.0 4500.0
1512378172.09 2500.0 4500.0
1512378172.18 2500.0 4500.0
1512378172.28 2500.0 4500.0
1512378172.38 2500.0 4500.0
1512378172.48 2500.0 4500.0
1512378172.59 2500.0 4500.0
1512378172.69 2500.0 4500.0
1512378172.79 2500.0 4500.0
1512378172.89 2500.0 4500.0
1512378172.99 2500.0 4500.0
1512378173.09 2500.0 4500.0
1512378173.2 2500.0 4500.0
1512378173.29 2500.0 4500.0
1512378173.38 2500.0 4500.0
1512378173.49 2500.0 4500.0
1512378173.6 2500.0 4500.0
1512378173.69 2500.0 4500.0
1512378173.78 2500.0 4500.0
1512378173.89 2500.0 4500.0
1512378173.99 2500.0 4500.0
1512378174.09 2500.0 4500.0
1512378174.18 2500.0 4500.0
1512378174.29 2500.0 4500.0
1512378174.39 2500.0 4500.0
1512378174.49 2500.0 4500.0
1512378174.58 2500.0 4500.0
1512378174.68 2500.0 4500.0
1512378174.79 2500.0 4500.0
1512378174.89 2500.0 4500.0
1512378174.99 2500.0 4500.0
1512378175.09 2500.0 4500.0
1512378175.19 2500.0 4500.0
1512378175.28 2500.0 4500.0
1512378175.38 2500.0 4500.0
1512378175.49 2500.0 4500.0
1512378175.6 2500.0 4500.0
1512378175.69 2500.0 4500.0
1512378175.79 2500.0 4500.0
1512378175.89 2500.0 4500.0
1512378176.0 2500.0 4500.0
1512378176.09 2500.0 4500.0
1512378176.2 2500.0 4500.0
1512378176.3 2500.0 4500.0
1512378176.4 2500.0 4500.0
1512378176.5 2500.0 4500.0
1512378176.61 2500.0 4500.0
1512378176.7 2500.0 4500.0
1512378176.79 2500.0 4500.0
1512378176.9 2500.0 4500.0
1512378177.01 2500.0 4500.0
1512378177.1 2500.0 4500.0
1512378177.2 2500.0 4500.0
1512378177.3 2500.0 4500.0
1512378177.4 2500.0 4500.0
1512378177.5 2500.0 4500.0
1512378177.6 2500.0 4500.0
1512378177.69 2500.0 4500.0
1512378177.8 2500.0 4500.0
1512378177.91 2500.0 4500.0
1512378178.0 2500.0 4500.0
1512378178.1 2500.0 4500.0
1512378178.2 2500.0 4500.0
1512378178.3 2500.0 4500.0
1512378178.41 2500.0 4500.0
1512378178.5 2500.0 4500.0
1512378178.6 2500.0 4500.0
1512378178.69 2500.0 4500.0
1512378178.8 2500.0 4500.0
1512378178.9 2500.0 4500.0
1512378179.0 2500.0 4500.0
1512378179.1 2500.0 4500.0
1512378179.22 2500.0 4500.0
1512378179.3 2500.0 4500.0
1512378179.4 2500.0 4500.0
1512378179.5 2500.0 4500.0
1512378179.6 2500.0 4500.0
1512378179.71 2500.0 4500.0
1512378179.82 2500.0 4500.0
1512378179.92 2500.0 4500.0
1512378180.02 2500.0 4500.0
1512378180.11 2500.0 4500.0
1512378180.22 2500.0 4500.0
1512378180.32 2500.0 4500.0
1512378180.42 2500.0 4500.0
1512378180.52 2500.0 4500.0
1512378180.62 2500.0 4500.0
1512378180.73 2500.0 4500.0
1512378180.83 2500.0 4500.0
1512378180.92 2500.0 4500.0
1512378181.02 2500.0 4500.0
1512378181.13 2500.0 4500.0
1512378181.23 2500.0 4500.0
1512378181.32 2500.0 4500.0
1512378181.42 2500.0 4500.0
1512378181.53 2500.0 4500.0
1512378181.62 2500.0 4500.0
1512378181.73 2500.0 4500.0
1512378181.83 2500.0 4500.0
1512378181.94 2500.0 4500.0
1512378182.02 2500.0 4500.0
1512378182.13 2500.0 4500.0
1512378182.22 2500.0 4500.0
1512378182.34 2500.0 4500.0
1512378182.42 2500.0 4500.0
1512378182.53 2500.0 4500.0
1512378182.62 2500.0 4500.0
1512378182.73 2500.0 4500.0
1512378182.83 2500.0 4500.0
1512378182.93 2500.0 4500.0
1512378183.03 2500.0 4500.0
1512378183.14 2500.0 4500.0
1512378183.24 2500.0 4500.0
1512378183.34 2500.0 4500.0
1512378183.44 2500.0 4500.0
1512378183.54 2500.0 4500.0
1512378183.64 2500.0 4500.0
1512378183.74 2500.0 4500.0
1512378183.83 2500.0 4500.0
1512378183.93 2500.0 4500.0
1512378184.04 2500.0 4500.0
1512378184.15 2500.0 4500.0
1512378184.25 2500.0 4500.0
1512378184.34 2500.0 4500.0
1512378184.44 2500.0 4500.0
1512378184.55 2500.0 4500.0
1512378184.64 2500.0 4500.0
1512378184.75 2500.0 4500.0
1512378184.85 2500.0 4500.0
1512378184.96 2500.0 4500.0
1512378185.04 2500.0 4500.0
1512378185.14 2500.0 4500.0
1512378185.25 2500.0 4500.0
1512378185.35 2500.0 4500.0
1512378185.46 2500.0 4500.0
1512378185.56 2500.0 4500.0
1512378185.66 2500.0 4500.0
1512378185.76 2500.0 4500.0
1512378185.85 2500.0 4500.0
1512378185.95 2500.0 4500.0
1512378186.06 2500.0 4500.0
1512378186.16 2500.0 4500.0
1512378186.25 2500.0 4500.0
1512378186.36 2500.0 4500.0
1512378186.46 2500.0 4500.0
1512378186.56 2500.0 4500.0
1512378186.66 2500.0 4500.0
1512378186.76 2500.0 4500.0
1512378186.86 2500.0 4500.0
1512378186.96 2500.0 4500.0
1512378187.06 2500.0 4500.0
1512378187.15 2500.0 4500.0
1512378187.27 2500.0 4500.0
1512378187.35 2500.0 4500.0
1512378187.46 2500.0 4500.0
1512378187.57 2500.0 4500.0
1512378187.67 2500.0 4500.0
1512378187.76 2500.0 4500.0
1512378187.87 2500.0 4500.0
1512378187.96 2500.0 4500.0
1512378188.07 2500.0 4500.0
1512378188.17 2500.0 4500.0
1512378188.27 2500.0 4500.0
1512378188.37 2500.0 4500.0
1512378188.46 2500.0 4500.0
1512378188.56 2500.0 4500.0
1512378188.67 2500.0 4500.0
1512378188.77 2500.0 4500.0
1512378188.87 2500.0 4500.0
1512378188.97 2500.0 4500.0
1512378189.07 2500.0 4500.0
1512378189.17 2500.0 4500.0
1512378189.27 2500.0 4500.0
1512378189.38 2500.0 4500.0
1512378189.47 2500.0 4500.0
1512378189.57 2500.0 4500.0
1512378189.67 2500.0 4500.0
1512378189.77 2500.0 4500.0
1512378189.88 2500.0 4500.0
1512378189.97 2500.0 4500.0
1512378190.08 2500.0 4500.0
1512378190.17 2500.0 4500.0
1512378190.27 2500.0 4500.0
1512378190.37 2500.0 4500.0
1512378190.48 2500.0 4500.0
1512378190.58 2500.0 4500.0
1512378190.67 2500.0 4500.0
1512378190.77 2500.0 4500.0
1512378190.88 2500.0 4500.0
1512378190.97 2500.0 4500.0
1512378191.07 2500.0 4500.0
1512378191.19 2500.0 4500.0
1512378191.27 2500.0 4500.0
1512378191.38 2500.0 4500.0
1512378191.48 2500.0 4500.0
1512378191.59 2500.0 4500.0
1512378191.69 2500.0 4500.0
1512378191.77 2500.0 4500.0
1512378191.89 2500.0 4500.0
1512378191.99 2500.0 4500.0
1512378192.08 2500.0 4500.0
1512378192.18 2500.0 4500.0
1512378192.28 2500.0 4500.0
1512378192.38 2500.0 4500.0
1512378192.49 2500.0 4500.0
1512378192.59 2500.0 4500.0
1512378192.69 2500.0 4500.0
1512378192.78 2500.0 4500.0
1512378192.89 2500.0 4500.0
1512378192.99 2500.0 4500.0
1512378193.09 2500.0 4500.0
1512378193.19 2500.0 4500.0
1512378193.3 2500.0 4500.0
1512378193.39 2500.0 4500.0
1512378193.49 2500.0 4500.0
1512378193.59 2500.0 4500.0
1512378193.69 2500.0 4500.0
1512378193.79 2500.0 4500.0
1512378193.89 2500.0 4500.0
1512378193.99 2500.0 4500.0
1512378194.09 2500.0 4500.0
1512378194.19 2500.0 4500.0
1512378194.29 2500.0 4500.0
1512378194.39 2500.0 4500.0
1512378194.49 2500.0 4500.0
1512378194.6 2500.0 4500.0
1512378194.69 2500.0 4500.0
1512378194.79 2500.0 4500.0
1512378194.9 2500.0 4500.0
1512378194.99 2500.0 4500.0
1512378195.09 2500.0 4500.0
1512378195.2 2500.0 4500.0
1512378195.3 2500.0 4500.0
1512378195.4 2500.0 4500.0
1512378195.48 2500.0 4500.0
1512378195.6 2500.0 4500.0
1512378195.7 2500.0 4500.0
1512378195.78 2500.0 4500.0
1512378195.89 2500.0 4500.0
1512378196.0 2500.0 4500.0
1512378196.09 2500.0 4500.0
1512378196.19 2500.0 4500.0
1512378196.29 2500.0 4500.0
1512378196.4 2500.0 4500.0
1512378196.49 2500.0 4500.0
1512378196.59 2500.0 4500.0
1512378196.7 2500.0 4500.0
1512378196.79 2500.0 4500.0
1512378196.9 2500.0 4500.0
1512378197.0 2500.0 4500.0
1512378197.1 2500.0 4500.0
1512378197.19 2500.0 4500.0
1512378197.29 2500.0 4500.0
1512378197.39 2500.0 4500.0
1512378197.51 2500.0 4500.0
1512378197.61 2500.0 4500.0
1512378197.7 2500.0 4500.0
1512378197.81 2500.0 4500.0
1512378197.9 2500.0 4500.0
1512378198.01 2500.0 4500.0
1512378198.11 2500.0 4500.0
1512378198.19 2500.0 4500.0
1512378198.3 2500.0 4500.0
1512378198.4 2500.0 4500.0
1512378198.5 2500.0 4500.0
1512378198.6 2500.0 4500.0
1512378198.71 2500.0 4500.0
1512378198.81 2500.0 4500.0
1512378198.89 2500.0 4500.0
1512378198.99 2500.0 4500.0
1512378199.1 2500.0 4500.0
1512378199.21 2500.0 4500.0
1512378199.31 2500.0 4500.0
1512378199.4 2500.0 4500.0
1512378199.5 2500.0 4500.0
1512378199.6 2500.0 4500.0
1512378199.7 2500.0 4500.0
1512378199.8 2500.0 4500.0
1512378199.91 2500.0 4500.0
1512378200.01 2500.0 4500.0
1512378200.11 2500.0 4500.0
1512378200.21 2500.0 4500.0
1512378200.3 2500.0 4500.0
1512378200.41 2500.0 4500.0
1512378200.51 2500.0 4500.0
1512378200.6 2500.0 4500.0
1512378200.71 2500.0 4500.0
1512378200.81 2500.0 4500.0
1512378200.91 2500.0 4500.0
1512378201.01 2500.0 4500.0
1512378201.11 2500.0 4500.0
1512378201.21 2500.0 4500.0
1512378201.31 2500.0 4500.0
1512378201.41 2500.0 4500.0
1512378201.51 2500.0 4500.0
1512378201.61 2500.0 4500.0
1512378201.7 2500.0 4500.0
1512378201.8 2500.0 4500.0
1512378201.91 2500.0 4500.0
1512378202.01 2500.0 4500.0
1512378202.11 2500.0 4500.0
1512378202.21 2500.0 4500.0
1512378202.31 2500.0 4500.0
1512378202.41 2500.0 4500.0
1512378202.51 2500.0 4500.0
1512378202.61 2500.0 4500.0
1512378202.71 2500.0 4500.0
1512378202.81 2500.0 4500.0
1512378202.92 2500.0 4500.0
1512378203.02 2500.0 4500.0
1512378203.12 2500.0 4500.0
1512378203.21 2500.0 4500.0
1512378203.31 2500.0 4500.0
1512378203.42 2500.0 4500.0
1512378203.51 2500.0 4500.0
1512378203.61 2500.0 4500.0
1512378203.71 2500.0 4500.0
1512378203.81 2500.0 4500.0
1512378203.91 2500.0 4500.0
1512378204.02 2500.0 4500.0
1512378204.11 2500.0 4500.0
1512378204.21 2500.0 4500.0
1512378204.31 2500.0 4500.0
1512378204.42 2500.0 4500.0
1512378204.52 2500.0 4500.0
1512378204.62 2500.0 4500.0
1512378204.71 2500.0 4500.0
1512378204.82 2500.0 4500.0
1512378204.91 2500.0 4500.0
1512378205.02 2500.0 4500.0
1512378205.12 2500.0 4500.0
1512378205.22 2500.0 4500.0
1512378205.32 2500.0 4500.0
1512378205.42 2500.0 4500.0
1512378205.52 2500.0 4500.0
1512378205.62 2500.0 4500.0
1512378205.72 2500.0 4500.0
1512378205.81 2500.0 4500.0
1512378205.92 2500.0 4500.0
1512378206.02 2500.0 4500.0
1512378206.12 2500.0 4500.0
1512378206.23 2500.0 4500.0
1512378206.32 2500.0 4500.0
1512378206.42 2500.0 4500.0
1512378206.52 2500.0 4500.0
1512378206.63 2500.0 4500.0
1512378206.73 2500.0 4500.0
1512378206.83 2500.0 4500.0
1512378206.92 2500.0 4500.0
1512378207.03 2500.0 4500.0
1512378207.12 2500.0 4500.0
1512378207.23 2500.0 4500.0
1512378207.32 2500.0 4500.0
1512378207.43 2500.0 4500.0
1512378207.53 2500.0 4500.0
1512378207.63 2500.0 4500.0
1512378207.73 2500.0 4500.0
1512378207.84 2500.0 4500.0
1512378207.93 2500.0 4500.0
1512378208.04 2500.0 4500.0
1512378208.14 2500.0 4500.0
1512378208.23 2500.0 4500.0
1512378208.34 2500.0 4500.0
1512378208.43 2500.0 4500.0
1512378208.54 2500.0 4500.0
1512378208.64 2500.0 4500.0
1512378208.75 2500.0 4500.0
1512378208.85 2500.0 4500.0
1512378208.94 2500.0 4500.0
1512378209.04 2500.0 4500.0
1512378209.15 2500.0 4500.0
1512378209.25 2500.0 4500.0
1512378209.34 2500.0 4500.0
1512378209.44 2500.0 4500.0
1512378209.55 2500.0 4500.0
1512378209.64 2500.0 4500.0
1512378209.74 2500.0 4500.0
1512378209.84 2500.0 4500.0
1512378209.94 2500.0 4500.0
1512378210.04 2500.0 4500.0
1512378210.14 2500.0 4500.0
1512378210.25 2500.0 4500.0
1512378210.35 2500.0 4500.0
1512378210.45 2500.0 4500.0
1512378210.54 2500.0 4500.0
1512378210.65 2500.0 4500.0
1512378210.74 2500.0 4500.0
1512378210.85 2500.0 4500.0
1512378210.95 2500.0 4500.0
1512378211.05 2500.0 4500.0
1512378211.15 2500.0 4500.0
1512378211.26 2500.0 4500.0
1512378211.35 2500.0 4500.0
1512378211.45 2500.0 4500.0
1512378211.56 2500.0 4500.0
1512378211.65 2500.0 4500.0
1512378211.76 2500.0 4500.0
1512378211.86 2500.0 4500.0
1512378211.95 2500.0 4500.0
1512378212.06 2500.0 4500.0
1512378212.15 2500.0 4500.0
1512378212.26 2500.0 4500.0
1512378212.36 2500.0 4500.0
1512378212.46 2500.0 4500.0
1512378212.56 2500.0 4500.0
1512378212.66 2500.0 4500.0
1512378212.76 2500.0 4500.0
1512378212.86 2500.0 4500.0
1512378212.96 2500.0 4500.0
1512378213.06 2500.0 4500.0
1512378213.16 2500.0 4500.0
1512378213.26 2500.0 4500.0
1512378213.36 2500.0 4500.0
1512378213.45 2500.0 4500.0
1512378213.55 2500.0 4500.0
1512378213.66 2500.0 4500.0
1512378213.76 2500.0 4500.0
1512378213.86 2500.0 4500.0
1512378213.96 2500.0 4500.0
1512378214.06 2500.0 4500.0
1512378214.16 2500.0 4500.0
1512378214.26 2500.0 4500.0
1512378214.35 2500.0 4500.0
1512378214.45 2500.0 4500.0
1512378214.56 2500.0 4500.0
1512378214.66 2500.0 4500.0
1512378214.76 2500.0 4500.0
1512378214.86 2500.0 4500.0
1512378214.96 2500.0 4500.0
1512378215.06 2500.0 4500.0
1512378215.16 2500.0 4500.0
1512378215.26 2500.0 4500.0
1512378215.37 2500.0 4500.0
1512378215.47 2500.0 4500.0
1512378215.56 2500.0 4500.0
1512378215.66 2500.0 4500.0
1512378215.77 2500.0 4500.0
1512378215.86 2500.0 4500.0
1512378215.96 2500.0 4500.0
1512378216.06 2500.0 4500.0
1512378216.17 2500.0 4500.0
1512378216.27 2500.0 4500.0
1512378216.38 2500.0 4500.0
1512378216.46 2500.0 4500.0
1512378216.56 2500.0 4500.0
1512378216.66 2500.0 4500.0
1512378216.77 2500.0 4500.0
1512378216.87 2500.0 4500.0
1512378216.97 2500.0 4500.0
1512378217.06 2500.0 4500.0
1512378217.17 2500.0 4500.0
1512378217.26 2500.0 4500.0
1512378217.36 2500.0 4500.0
1512378217.46 2500.0 4500.0
1512378217.56 2500.0 4500.0
1512378217.66 2500.0 4500.0
1512378217.77 2500.0 4500.0
1512378217.86 2500.0 4500.0
1512378217.97 2500.0 4500.0
1512378218.07 2500.0 4500.0
1512378218.17 2500.0 4500.0
1512378218.27 2500.0 4500.0
1512378218.37 2500.0 4500.0
1512378218.47 2500.0 4500.0
1512378218.57 2500.0 4500.0
1512378218.68 2500.0 4500.0
1512378218.77 2500.0 4500.0
1512378218.88 2500.0 4500.0
1512378218.97 2500.0 4500.0
1512378219.07 2500.0 4500.0
1512378219.17 2500.0 4500.0
1512378219.28 2500.0 4500.0
1512378219.39 2500.0 4500.0
1512378219.48 2500.0 4500.0
1512378219.58 2500.0 4500.0
1512378219.67 2500.0 4500.0
1512378219.78 2500.0 4500.0
1512378219.87 2500.0 4500.0
1512378219.98 2500.0 4500.0
1512378220.08 2500.0 4500.0
1512378220.18 2500.0 4500.0
1512378220.28 2500.0 4500.0
1512378220.38 2500.0 4500.0
1512378220.48 2500.0 4500.0
1512378220.57 2500.0 4500.0
1512378220.68 2500.0 4500.0
1512378220.77 2500.0 4500.0
1512378220.87 2500.0 4500.0
1512378220.98 2500.0 4500.0
1512378221.08 2500.0 4500.0
1512378221.18 2500.0 4500.0
1512378221.28 2500.0 4500.0
1512378221.37 2500.0 4500.0
1512378221.49 2500.0 4500.0
1512378221.58 2500.0 4500.0
1512378221.69 2500.0 4500.0
1512378221.79 2500.0 4500.0
1512378221.9 2500.0 4500.0
1512378221.98 2500.0 4500.0
1512378222.09 2500.0 4500.0
1512378222.19 2500.0 4500.0
1512378222.29 2500.0 4500.0
1512378222.39 2500.0 4500.0
1512378222.5 2500.0 4500.0
1512378222.58 2500.0 4500.0
1512378222.69 2500.0 4500.0
1512378222.79 2500.0 4500.0
1512378222.89 2500.0 4500.0
1512378223.0 2500.0 4500.0
1512378223.09 2500.0 4500.0
1512378223.2 2500.0 4500.0
1512378223.3 2500.0 4500.0
1512378223.39 2500.0 4500.0
1512378223.49 2500.0 4500.0
1512378223.59 2500.0 4500.0
1512378223.68 2500.0 4500.0
1512378223.79 2500.0 4500.0
1512378223.89 2500.0 4500.0
1512378223.99 2500.0 4500.0
1512378224.09 2500.0 4500.0
1512378224.2 2500.0 4500.0
1512378224.29 2500.0 4500.0
1512378224.39 2500.0 4500.0
1512378224.49 2500.0 4500.0
1512378224.59 2500.0 4500.0
1512378224.69 2500.0 4500.0
1512378224.79 2500.0 4500.0
1512378224.9 2500.0 4500.0
1512378225.0 2500.0 4500.0
1512378225.09 2500.0 4500.0
1512378225.19 2500.0 4500.0
1512378225.3 2500.0 4500.0
1512378225.4 2500.0 4500.0
1512378225.5 2500.0 4500.0
1512378225.6 2500.0 4500.0
1512378225.72 2500.0 4500.0
1512378225.8 2500.0 4500.0
1512378225.9 2500.0 4500.0
1512378226.0 2500.0 4500.0
1512378226.1 2500.0 4500.0
1512378226.2 2500.0 4500.0
1512378226.3 2500.0 4500.0
1512378226.42 2500.0 4500.0
1512378226.5 2500.0 4500.0
1512378226.6 2500.0 4500.0
1512378226.7 2500.0 4500.0
1512378226.8 2500.0 4500.0
1512378226.9 2500.0 4500.0
1512378227.0 2500.0 4500.0
1512378227.1 2500.0 4500.0
1512378227.2 2500.0 4500.0
1512378227.3 2500.0 4500.0
1512378227.4 2500.0 4500.0
1512378227.5 2500.0 4500.0
1512378227.6 2500.0 4500.0
1512378227.7 2500.0 4500.0
1512378227.8 2500.0 4500.0
1512378227.9 2500.0 4500.0
1512378228.0 2500.0 4500.0
1512378228.1 2500.0 4500.0
1512378228.21 2500.0 4500.0
1512378228.3 2500.0 4500.0
1512378228.4 2500.0 4500.0
1512378228.51 2500.0 4500.0
1512378228.61 2500.0 4500.0
1512378228.71 2500.0 4500.0
1512378228.81 2500.0 4500.0
1512378228.9 2500.0 4500.0
1512378229.01 2500.0 4500.0
1512378229.1 2500.0 4500.0
1512378229.21 2500.0 4500.0
1512378229.31 2500.0 4500.0
1512378229.41 2500.0 4500.0
1512378229.51 2500.0 4500.0
1512378229.61 2500.0 4500.0
1512378229.71 2500.0 4500.0
1512378229.81 2500.0 4500.0
1512378229.91 2500.0 4500.0
1512378230.01 2500.0 4500.0
1512378230.12 2500.0 4500.0
1512378230.22 2500.0 4500.0
1512378230.32 2500.0 4500.0
1512378230.41 2500.0 4500.0
1512378230.53 2500.0 4500.0
1512378230.62 2500.0 4500.0
1512378230.72 2500.0 4500.0
1512378230.83 2500.0 4500.0
1512378230.91 2500.0 4500.0
1512378231.0 2500.0 4500.0
1512378231.1 2500.0 4500.0
1512378231.21 2500.0 4500.0
1512378231.31 2500.0 4500.0
1512378231.4 2500.0 4500.0
1512378231.5 2500.0 4500.0
1512378231.6 2500.0 4500.0
1512378231.7 2500.0 4500.0
1512378231.81 2500.0 4500.0
1512378231.92 2500.0 4500.0
1512378232.01 2500.0 4500.0
1512378232.12 2500.0 4500.0
1512378232.21 2500.0 4500.0
1512378232.31 2500.0 4500.0
1512378232.42 2500.0 4500.0
1512378232.51 2500.0 4500.0
1512378232.62 2500.0 4500.0
1512378232.71 2500.0 4500.0
1512378232.82 2500.0 4500.0
1512378232.91 2500.0 4500.0
1512378233.01 2500.0 4500.0
1512378233.11 2500.0 4500.0
1512378233.21 2500.0 4500.0
1512378233.31 2500.0 4500.0
1512378233.41 2500.0 4500.0
1512378233.51 2500.0 4500.0
1512378233.62 2500.0 4500.0
1512378233.71 2500.0 4500.0
1512378233.82 2500.0 4500.0
1512378233.92 2500.0 4500.0
1512378234.01 2500.0 4500.0
1512378234.12 2500.0 4500.0
1512378234.22 2500.0 4500.0
1512378234.31 2500.0 4500.0
1512378234.41 2500.0 4500.0
1512378234.52 2500.0 4500.0
1512378234.61 2500.0 4500.0
1512378234.71 2500.0 4500.0
1512378234.81 2500.0 4500.0
1512378234.92 2500.0 4500.0
1512378235.01 2500.0 4500.0
1512378235.11 2500.0 4500.0
1512378235.22 2500.0 4500.0
1512378235.31 2500.0 4500.0
1512378235.42 2500.0 4500.0
1512378235.52 2500.0 4500.0
1512378235.62 2500.0 4500.0
1512378235.72 2500.0 4500.0
1512378235.82 2500.0 4500.0
1512378235.92 2500.0 4500.0
1512378236.02 2500.0 4500.0
1512378236.12 2500.0 4500.0
1512378236.21 2500.0 4500.0
1512378236.31 2500.0 4500.0
1512378236.42 2500.0 4500.0
1512378236.52 2500.0 4500.0
1512378236.62 2500.0 4500.0
1512378236.71 2500.0 4500.0
1512378236.82 2500.0 4500.0
1512378236.92 2500.0 4500.0
1512378237.02 2500.0 4500.0
1512378237.12 2500.0 4500.0
1512378237.22 2500.0 4500.0
1512378237.32 2500.0 4500.0
1512378237.42 2500.0 4500.0
1512378237.52 2500.0 4500.0
1512378237.62 2500.0 4500.0
1512378237.72 2500.0 4500.0
1512378237.82 2500.0 4500.0
1512378237.92 2500.0 4500.0
1512378238.03 2500.0 4500.0
1512378238.13 2500.0 4500.0
1512378238.22 2500.0 4500.0
1512378238.32 2500.0 4500.0
1512378238.42 2500.0 4500.0
1512378238.52 2500.0 4500.0
1512378238.62 2500.0 4500.0
1512378238.72 2500.0 4500.0
1512378238.83 2500.0 4500.0
1512378238.93 2500.0 4500.0
1512378239.02 2500.0 4500.0
1512378239.12 2500.0 4500.0
1512378239.23 2500.0 4500.0
1512378239.33 2500.0 4500.0
1512378239.42 2500.0 4500.0
1512378239.53 2500.0 4500.0
1512378239.62 2500.0 4500.0
1512378239.72 2500.0 4500.0
1512378239.82 2500.0 4500.0
1512378239.92 2500.0 4500.0
1512378240.02 2500.0 4500.0
1512378240.12 2500.0 4500.0
1512378240.22 2500.0 4500.0
1512378240.32 2500.0 4500.0
1512378240.42 2500.0 4500.0
1512378240.52 2500.0 4500.0
1512378240.62 2500.0 4500.0
1512378240.72 2500.0 4500.0
1512378240.82 2500.0 4500.0
1512378240.92 2500.0 4500.0
1512378241.02 2500.0 4500.0
1512378241.12 2500.0 4500.0
1512378241.21 2500.0 4500.0
1512378241.31 2500.0 4500.0
1512378241.41 2500.0 4500.0
1512378241.51 2500.0 4500.0
1512378241.61 2500.0 4500.0
1512378241.71 2500.0 4500.0
1512378241.81 2500.0 4500.0
1512378241.91 2500.0 4500.0
1512378242.01 2500.0 4500.0
1512378242.11 2500.0 4500.0
1512378242.2 2500.0 4500.0
1512378242.31 2500.0 4500.0
1512378242.41 2500.0 4500.0
1512378242.51 2500.0 4500.0
1512378242.61 2500.0 4500.0
1512378242.71 2500.0 4500.0
1512378242.82 2500.0 4500.0
1512378242.92 2500.0 4500.0
1512378243.01 2500.0 4500.0
1512378243.11 2500.0 4500.0
1512378243.22 2500.0 4500.0
1512378243.31 2500.0 4500.0
1512378243.41 2500.0 4500.0
1512378243.51 2500.0 4500.0
1512378243.61 2500.0 4500.0
1512378243.71 2500.0 4500.0
1512378243.81 2500.0 4500.0
1512378243.9 2500.0 4500.0
1512378244.01 2500.0 4500.0
1512378244.11 2500.0 4500.0
1512378244.21 2500.0 4500.0
1512378244.31 2500.0 4500.0
1512378244.41 2500.0 4500.0
1512378244.51 2500.0 4500.0
1512378244.61 2500.0 4500.0
1512378244.72 2500.0 4500.0
1512378244.81 2500.0 4500.0
1512378244.91 2500.0 4500.0
1512378245.01 2500.0 4500.0
1512378245.11 2500.0 4500.0
1512378245.21 2500.0 4500.0
1512378245.31 2500.0 4500.0
1512378245.41 2500.0 4500.0
1512378245.51 2500.0 4500.0
1512378245.61 2500.0 4500.0
1512378245.71 2500.0 4500.0
1512378245.81 2500.0 4500.0
1512378245.91 2500.0 4500.0
1512378246.01 2500.0 4500.0
1512378246.11 2500.0 4500.