1512378039.51 0 0
1512378039.58 0 0
1512378039.69 0 0
1512378039.78 0 0
1512378039.89 0 0
1512378039.97 0 0
1512378040.09 0 0
1512378040.17 0 0
1512378040.29 0 0
1512378040.38 0 0
1512378040.49 0 0
1512378040.58 0 0
1512378040.68 0 0
1512378040.79 0 0
1512378040.89 0 0
1512378040.99 0 0
1512378041.09 0 0
1512378041.19 0 0
1512378041.29 0 0
1512378041.39 0 0
1512378041.49 0 0
1512378041.59 0 0
1512378041.69 0 0
1512378041.79 0 0
1512378041.89 0 0
1512378041.99 0 0
1512378042.09 0 0
1512378042.19 0 0
1512378042.29 0 0
1512378042.39 0 0
1512378042.49 0 0
1512378042.59 0 0
1512378042.69 0 0
1512378042.79 0 0
1512378042.89 0 0
1512378042.99 0 0
1512378043.09 0 0
1512378043.19 0 0
1512378043.29 0 0
1512378043.39 0 0
1512378043.49 0 0
1512378043.59 0 0
1512378043.69 0 0
1512378043.79 0 0
1512378043.89 0 0
1512378043.99 0 0
1512378044.09 0 0
1512378044.19 0 0
1512378044.29 0 0
1512378044.39 0 0
1512378044.5 0 0
1512378044.59 0 0
1512378044.69 0 0
1512378044.79 0 0
1512378044.89 0 0
1512378044.99 0 0
1512378045.09 0 0
1512378045.2 0 0
1512378045.29 0 0
1512378045.39 0 0
1512378045.49 0 0
1512378045.59 0 0
1512378045.69 0 0
1512378045.79 0 0
1512378045.9 0 0
1512378046.0 0 0
1512378046.1 0 0
1512378046.2 0 0
1512378046.3 0 0
1512378046.4 0 0
1512378046.5 0 0
1512378046.6 0 0
1512378046.7 0 0
1512378046.8 0 0
1512378046.9 0 0
1512378047.0 0 0
1512378047.1 0 0
1512378047.2 0 0
1512378047.3 0 0
1512378047.4 0 0
1512378047.5 0 0
1512378047.6 0 0
1512378047.7 0 0
1512378047.8 0 0
1512378047.9 0 0
1512378048.0 0 0
1512378048.1 0 0
1512378048.2 0 0
1512378048.3 0 0
1512378048.4 0 0
1512378048.5 0 0
1512378048.6 0 0
1512378048.7 0 0
1512378048.8 0 0
1512378048.9 0 0
1512378049.01 0 0
1512378049.1 0 0
1512378049.2 0 0
1512378049.3 0 0
1512378049.4 0 0
1512378049.5 0 0
1512378049.6 0 0
1512378049.7 0 0
1512378049.81 0 0
1512378049.9 0 0
1512378050.01 0 0
1512378050.11 0 0
1512378050.2 0 0
1512378050.31 0 0
1512378050.41 0 0
1512378050.51 0 0
1512378050.61 0 0
1512378050.71 0 0
1512378050.8 0 0
1512378050.91 0 0
1512378051.01 0 0
1512378051.11 0 0
1512378051.21 0 0
1512378051.31 0 0
1512378051.41 0 0
1512378051.51 0 0
1512378051.61 0 0
1512378051.71 0 0
1512378051.81 0 0
1512378051.91 0 0
1512378052.01 0 0
1512378052.11 0 0
1512378052.21 0 0
1512378052.31 0 0
1512378052.41 0 0
1512378052.51 0 0
1512378052.61 0 0
1512378052.71 0 0
1512378052.81 0 0
1512378052.91 0 0
1512378053.01 0 0
1512378053.11 0 0
1512378053.21 0 0
1512378053.31 0 0
1512378053.41 0 0
1512378053.51 0 0
1512378053.61 0 0
1512378053.71 0 0
1512378053.81 0 0
1512378053.91 0 0
1512378054.01 0 0
1512378054.11 0 0
1512378054.21 0 0
1512378054.31 0 0
1512378054.41 0 0
1512378054.51 0 0
1512378054.61 0 0
1512378054.71 0 0
1512378054.81 0 0
1512378054.91 0 0
1512378055.01 0 0
1512378055.11 0 0
1512378055.21 0 0
1512378055.31 0 0
1512378055.41 0 0
1512378055.51 0 0
1512378055.62 0 0
1512378055.72 0 0
1512378055.82 0 0
1512378055.91 0 0
1512378056.02 0 0
1512378056.12 0 0
1512378056.22 0 0
1512378056.32 0 0
1512378056.42 0 0
1512378056.52 0 0
1512378056.62 0 0
1512378056.72 0 0
1512378056.82 0 0
1512378056.92 0 0
1512378057.02 0 0
1512378057.12 0 0
1512378057.22 0 0
1512378057.32 0 0
1512378057.42 0 0
1512378057.52 0 0
1512378057.62 0 0
1512378057.72 0 0
1512378057.82 0 0
1512378057.92 0 0
1512378058.02 0 0
1512378058.12 0 0
1512378058.22 0 0
1512378058.32 0 0
1512378058.42 0 0
1512378058.52 0 0
1512378058.62 0 0
1512378058.72 0 0
1512378058.82 0 0
1512378058.92 0 0
1512378059.02 0 0
1512378059.12 0 0
1512378059.22 0 0
1512378059.32 0 0
1512378059.42 0 0
1512378059.52 0 0
1512378059.62 0 0
1512378059.72 0 0
1512378059.82 0 0
1512378059.92 0 0
1512378060.02 0 0
1512378060.12 0 0
1512378060.22 0 0
1512378060.32 0 0
1512378060.42 0 0
1512378060.52 0 0
1512378060.63 0 0
1512378060.73 0 0
1512378060.83 0 0
1512378060.93 0 0
1512378061.03 0 0
1512378061.13 0 0
1512378061.23 0 0
1512378061.33 0 0
1512378061.43 0 0
1512378061.53 0 0
1512378061.63 0 0
1512378061.73 0 0
1512378061.83 0 0
1512378061.93 0 0
1512378062.03 0 0
1512378062.13 0 0
1512378062.23 0 0
1512378062.33 0 0
1512378062.43 0 0
1512378062.53 0 0
1512378062.63 0 0
1512378062.74 0 0
1512378062.83 0 0
1512378062.93 0 0
1512378063.03 0 0
1512378063.14 0 0
1512378063.23 0 0
1512378063.34 0 0
1512378063.44 0 0
1512378063.54 0 0
1512378063.64 0 0
1512378063.74 0 0
1512378063.84 0 0
1512378063.94 0 0
1512378064.04 0 0
1512378064.14 0 0
1512378064.24 0 0
1512378064.34 0 0
1512378064.44 0 0
1512378064.54 0 0
1512378064.64 0 0
1512378064.74 0 0
1512378064.84 0 0
1512378064.94 0 0
1512378065.04 0 0
1512378065.14 0 0
1512378065.24 0 0
1512378065.34 0 0
1512378065.44 0 0
1512378065.54 0 0
1512378065.64 0 0
1512378065.74 0 0
1512378065.84 0 0
1512378065.94 0 0
1512378066.04 0 0
1512378066.14 0 0
1512378066.24 0 0
1512378066.34 0 0
1512378066.44 0 0
1512378066.54 0 0
1512378066.64 0 0
1512378066.74 0 0
1512378066.84 0 0
1512378066.94 0 0
1512378067.04 0 0
1512378067.14 0 0
1512378067.24 0 0
1512378067.34 0 0
1512378067.44 0 0
1512378067.54 0 0
1512378067.64 0 0
1512378067.74 0 0
1512378067.84 0 0
1512378067.94 0 0
1512378068.04 0 0
1512378068.14 0 0
1512378068.25 0 0
1512378068.34 0 0
1512378068.44 0 0
1512378068.54 0 0
1512378068.64 0 0
1512378068.75 0 0
1512378068.85 0 0
1512378068.94 0 0
1512378069.05 0 0
1512378069.15 0 0
1512378069.25 0 0
1512378069.35 0 0
1512378069.45 0 0
1512378069.55 0 0
1512378069.65 0 0
1512378069.75 0 0
1512378069.85 0 0
1512378069.95 0 0
1512378070.05 0 0
1512378070.15 0 0
1512378070.25 0 0
1512378070.35 0 0
1512378070.45 0 0
1512378070.55 0 0
1512378070.65 0 0
1512378070.75 0 0
1512378070.85 0 0
1512378070.95 0 0
1512378071.05 0 0
1512378071.15 0 0
1512378071.25 0 0
1512378071.35 0 0
1512378071.45 0 0
1512378071.55 0 0
1512378071.65 0 0
1512378071.75 0 0
1512378071.85 0 0
1512378071.95 0 0
1512378072.05 0 0
1512378072.15 0 0
1512378072.25 0 0
1512378072.35 0 0
1512378072.45 0 0
1512378072.55 0 0
1512378072.65 0 0
1512378072.75 0 0
1512378072.85 0 0
1512378072.95 0 0
1512378073.05 0 0
1512378073.15 0 0
1512378073.25 0 0
1512378073.36 0 0
1512378073.46 0 0
1512378073.55 0 0
1512378073.67 0 0
1512378073.75 0 0
1512378073.85 0 0
1512378073.95 0 0
1512378074.05 0 0
1512378074.15 0 0
1512378074.25 0 0
1512378074.35 0 0
1512378074.45 0 0
1512378074.55 0 0
1512378074.65 0 0
1512378074.75 0 0
1512378074.85 0 0
1512378074.95 0 0
1512378075.05 0 0
1512378075.17 0 0
1512378075.28 0 0
1512378075.38 0 0
1512378075.48 0 0
1512378075.58 0 0
1512378075.68 0 0
1512378075.78 0 0
1512378075.88 0 0
1512378075.98 0 0
1512378076.08 0 0
1512378076.18 0 0
1512378076.28 0 0
1512378076.38 0 0
1512378076.48 0 0
1512378076.6 0 0
1512378076.7 0 0
1512378076.8 0 0
1512378076.9 0 0
1512378077.0 0 0
1512378077.1 0 0
1512378077.2 0 0
1512378077.3 0 0
1512378077.4 0 0
1512378077.5 0 0
1512378077.6 0 0
1512378077.7 0 0
1512378077.8 0 0
1512378077.9 0 0
1512378078.0 0 0
1512378078.1 0 0
1512378078.2 0 0
1512378078.3 0 0
1512378078.4 0 0
1512378078.5 0 0
1512378078.6 0 0
1512378078.7 0 0
1512378078.8 0 0
1512378078.9 0 0
1512378079.0 0 0
1512378079.1 0 0
1512378079.2 0 0
1512378079.3 0 0
1512378079.41 0 0
1512378079.51 0 0
1512378079.61 0 0
1512378079.71 0 0
1512378079.8 0 0
1512378079.91 0 0
1512378080.01 0 0
1512378080.11 0 0
1512378080.21 0 0
1512378080.31 0 0
1512378080.41 0 0
1512378080.51 0 0
1512378080.61 0 0
1512378080.73 0 0
1512378080.86 0 0
1512378080.96 0 0
1512378081.06 0 0
1512378081.16 0 0
1512378081.26 0 0
1512378081.38 0 0
1512378081.45 0 0
1512378081.56 0 0
1512378081.66 0 0
1512378081.76 0 0
1512378081.86 0 0
1512378081.96 0 0
1512378082.06 0 0
1512378082.16 0 0
1512378082.26 0 0
1512378082.36 0 0
1512378082.46 0 0
1512378082.56 0 0
1512378082.66 0 0
1512378082.78 0 0
1512378082.9 0 0
1512378082.99 0 0
1512378083.1 0 0
1512378083.2 0 0
1512378083.3 0 0
1512378083.4 0 0
1512378083.5 0 0
1512378083.6 0 0
1512378083.7 0 0
1512378083.8 0 0
1512378083.9 0 0
1512378084.0 0 0
1512378084.1 0 0
1512378084.2 0 0
1512378084.3 0 0
1512378084.4 0 0
1512378084.5 0 0
1512378084.6 0 0
1512378084.7 0 0
1512378084.8 0 0
1512378084.9 0 0
1512378085.0 0 0
1512378085.1 0 0
1512378085.2 0 0
1512378085.3 0 0
1512378085.4 0 0
1512378085.5 0 0
1512378085.6 0 0
1512378085.7 0 0
1512378085.8 0 0
1512378085.9 0 0
1512378086.0 0 0
1512378086.1 0 0
1512378086.2 0 0
1512378086.3 0 0
1512378086.41 0 0
1512378086.5 0 0
1512378086.6 0 0
1512378086.7 0 0
1512378086.8 0 0
1512378086.9 0 0
1512378087.0 0 0
1512378087.1 0 0
1512378087.2 0 0
1512378087.31 0 0
1512378087.4 0 0
1512378087.52 0 0
1512378087.64 0 0
1512378087.74 0 0
1512378087.84 0 0
1512378087.94 0 0
1512378088.04 0 0
1512378088.14 0 0
1512378088.25 0 0
1512378088.37 0 0
1512378088.47 0 0
1512378088.57 0 0
1512378088.67 0 0
1512378088.77 0 0
1512378088.87 0 0
1512378088.97 0 0
1512378089.07 0 0
1512378089.17 0 0
1512378089.27 0 0
1512378089.37 0 0
1512378089.47 0 0
1512378089.58 0 0
1512378089.68 0 0
1512378089.78 0 0
1512378089.88 0 0
1512378089.98 0 0
1512378090.08 0 0
1512378090.19 0 0
1512378090.31 0 0
1512378090.41 0 0
1512378090.53 0 0
1512378090.68 0 0
1512378090.77 0 0
1512378090.87 0 0
1512378090.97 0 0
1512378091.07 0 0
1512378091.17 0 0
1512378091.29 0 0
1512378091.41 0 0
1512378091.51 0 0
1512378091.62 0 0
1512378091.71 0 0
1512378091.81 0 0
1512378091.92 0 0
1512378092.01 0 0
1512378092.12 0 0
1512378092.21 0 0
1512378092.31 0 0
1512378092.42 0 0
1512378092.52 0 0
1512378092.62 0 0
1512378092.71 0 0
1512378092.82 0 0
1512378092.92 0 0
1512378093.02 0 0
1512378093.12 0 0
1512378093.22 0 0
1512378093.32 0 0
1512378093.42 0 0
1512378093.52 0 0
1512378093.62 0 0
1512378093.72 0 0
1512378093.82 0 0
1512378093.92 0 0
1512378094.02 0 0
1512378094.12 0 0
1512378094.22 0 0
1512378094.32 0 0
1512378094.42 0 0
1512378094.52 0 0
1512378094.62 0 0
1512378094.72 0 0
1512378094.82 0 0
1512378094.92 0 0
1512378095.02 0 0
1512378095.12 0 0
1512378095.22 0 0
1512378095.32 0 0
1512378095.42 0 0
1512378095.52 0 0
1512378095.62 0 0
1512378095.72 0 0
1512378095.82 0 0
1512378095.92 0 0
1512378096.02 0 0
1512378096.12 0 0
1512378096.22 0 0
1512378096.32 0 0
1512378096.42 0 0
1512378096.52 0 0
1512378096.62 0 0
1512378096.72 0 0
1512378096.82 0 0
1512378096.92 0 0
1512378097.02 0 0
1512378097.12 0 0
1512378097.22 0 0
1512378097.32 0 0
1512378097.42 0 0
1512378097.52 0 0
1512378097.62 0 0
1512378097.72 0 0
1512378097.83 0 0
1512378097.92 0 0
1512378098.02 0 0
1512378098.12 0 0
1512378098.22 0 0
1512378098.33 0 0
1512378098.42 0 0
1512378098.52 0 0
1512378098.63 0 0
1512378098.73 0 0
1512378098.83 0 0
1512378098.92 0 0
1512378099.03 0 0
1512378099.12 0 0
1512378099.23 0 0
1512378099.33 0 0
1512378099.43 0 0
1512378099.53 0 0
1512378099.63 0 0
1512378099.73 0 0
1512378099.83 0 0
1512378099.93 0 0
1512378100.03 0 0
1512378100.13 0 0
1512378100.23 0 0
1512378100.33 0 0
1512378100.43 0 0
1512378100.53 0 0
1512378100.63 0 0
1512378100.73 0 0
1512378100.83 0 0
1512378100.93 0 0
1512378101.03 0 0
1512378101.13 0 0
1512378101.23 0 0
1512378101.33 0 0
1512378101.43 0 0
1512378101.53 0 0
1512378101.63 0 0
1512378101.73 0 0
1512378101.83 0 0
1512378101.93 0 0
1512378102.03 0 0
1512378102.13 0 0
1512378102.23 0 0
1512378102.33 0 0
1512378102.43 0 0
1512378102.53 0 0
1512378102.63 0 0
1512378102.73 0 0
1512378102.83 0 0
1512378102.93 0 0
1512378103.03 0 0
1512378103.13 0 0
1512378103.24 0 0
1512378103.34 0 0
1512378103.43 0 0
1512378103.54 0 0
1512378103.64 0 0
1512378103.73 0 0
1512378103.83 0 0
1512378103.94 0 0
1512378104.04 0 0
1512378104.14 0 0
1512378104.24 0 0
1512378104.34 0 0
1512378104.44 0 0
1512378104.54 0 0
1512378104.64 0 0
1512378104.73 0 0
1512378104.84 0 0
1512378104.94 0 0
1512378105.04 0 0
1512378105.14 0 0
1512378105.24 0 0
1512378105.34 0 0
1512378105.44 0 0
1512378105.54 0 0
1512378105.64 0 0
1512378105.74 0 0
1512378105.84 0 0
1512378105.94 0 0
1512378106.04 0 0
1512378106.14 0 0
1512378106.25 0 0
1512378106.34 0 0
1512378106.44 0 0
1512378106.54 0 0
1512378106.64 0 0
1512378106.74 0 0
1512378106.84 0 0
1512378106.94 0 0
1512378107.04 0 0
1512378107.15 0 0
1512378107.24 0 0
1512378107.35 0 0
1512378107.45 0 0
1512378107.55 0 0
1512378107.65 0 0
1512378107.75 0 0
1512378107.85 0 0
1512378107.95 0 0
1512378108.05 0 0
1512378108.15 0 0
1512378108.25 0 0
1512378108.35 0 0
1512378108.45 0 0
1512378108.55 0 0
1512378108.65 0 0
1512378108.75 0 0
1512378108.85 0 0
1512378108.95 0 0
1512378109.05 0 0
1512378109.15 0 0
1512378109.25 0 0
1512378109.35 0 0
1512378109.45 0 0
1512378109.55 0 0
1512378109.66 0 0
1512378109.75 0 0
1512378109.85 0 0
1512378109.95 0 0
1512378110.05 0 0
1512378110.15 0 0
1512378110.25 0 0
1512378110.35 0 0
1512378110.45 0 0
1512378110.55 0 0
1512378110.65 0 0
1512378110.76 0 0
1512378110.85 0 0
1512378110.96 0 0
1512378111.06 0 0
1512378111.16 0 0
1512378111.26 0 0
1512378111.36 0 0
1512378111.46 0 0
1512378111.56 0 0
1512378111.66 0 0
1512378111.76 0 0
1512378111.86 0 0
1512378111.96 0 0
1512378112.06 0 0
1512378112.16 0 0
1512378112.26 0 0
1512378112.36 0 0
1512378112.46 0 0
1512378112.56 0 0
1512378112.66 0 0
1512378112.76 0 0
1512378112.86 0 0
1512378112.96 0 0
1512378113.06 0 0
1512378113.16 0 0
1512378113.26 0 0
1512378113.36 0 0
1512378113.46 0 0
1512378113.56 0 0
1512378113.66 0 0
1512378113.76 0 0
1512378113.87 0 0
1512378113.96 0 0
1512378114.06 0 0
1512378114.16 0 0
1512378114.26 0 0
1512378114.36 0 0
1512378114.46 0 0
1512378114.56 0 0
1512378114.66 0 0
1512378114.76 0 0
1512378114.86 0 0
1512378114.96 0 0
1512378115.07 0 0
1512378115.16 0 0
1512378115.26 0 0
1512378115.36 0 0
1512378115.46 0 0
1512378115.57 0 0
1512378115.67 0 0
1512378115.77 0 0
1512378115.86 0 0
1512378115.96 0 0
1512378116.06 0 0
1512378116.17 0 0
1512378116.26 0 0
1512378116.37 0 0
1512378116.47 0 0
1512378116.57 0 0
1512378116.67 0 0
1512378116.77 0 0
1512378116.87 0 0
1512378116.97 0 0
1512378117.07 0 0
1512378117.17 0 0
1512378117.27 0 0
1512378117.37 0 0
1512378117.47 0 0
1512378117.57 0 0
1512378117.67 0 0
1512378117.77 0 0
1512378117.87 0 0
1512378117.97 0 0
1512378118.07 0 0
1512378118.16 0 0
1512378118.26 0 0
1512378118.36 0 0
1512378118.46 0 0
1512378118.56 0 0
1512378118.66 0 0
1512378118.77 0 0
1512378118.87 0 0
1512378118.97 0 0
1512378119.07 0 0
1512378119.16 0 0
1512378119.27 0 0
1512378119.37 0 0
1512378119.46 0 0
1512378119.57 0 0
1512378119.67 0 0
1512378119.77 0 0
1512378119.87 0 0
1512378119.97 0 0
1512378120.07 0 0
1512378120.17 0 0
1512378120.27 0 0
1512378120.37 0 0
1512378120.48 0 0
1512378120.58 0 0
1512378120.68 0 0
1512378120.78 0 0
1512378120.87 0 0
1512378120.98 0 0
1512378121.07 0 0
1512378121.18 0 0
1512378121.28 0 0
1512378121.38 0 0
1512378121.46 0 0
1512378121.56 0 0
1512378121.66 0 0
1512378121.76 0 0
1512378121.86 0 0
1512378121.96 0 0
1512378122.07 0 0
1512378122.17 0 0
1512378122.26 0 0
1512378122.36 0 0
1512378122.47 0 0
1512378122.56 0 0
1512378122.66 0 0
1512378122.77 0 0
1512378122.86 0 0
1512378122.96 0 0
1512378123.06 0 0
1512378123.17 0 0
1512378123.27 0 0
1512378123.37 0 0
1512378123.47 0 0
1512378123.57 0 0
1512378123.67 0 0
1512378123.77 0 0
1512378123.87 0 0
1512378123.97 0 0
1512378124.07 0 0
1512378124.17 0 0
1512378124.27 0 0
1512378124.37 0 0
1512378124.47 0 0
1512378124.57 0 0
1512378124.67 0 0
1512378124.77 0 0
1512378124.87 0 0
1512378124.97 0 0
1512378125.07 0 0
1512378125.17 0 0
1512378125.27 0 0
1512378125.37 0 0
1512378125.47 0 0
1512378125.57 0 0
1512378125.67 0 0
1512378125.78 0 0
1512378125.87 0 0
1512378125.97 0 0
1512378126.07 0 0
1512378126.17 0 0
1512378126.27 0 0
1512378126.37 0 0
1512378126.48 0 0
1512378126.57 0 0
1512378126.67 0 0
1512378126.78 0 0
1512378126.87 0 0
1512378126.98 0 0
1512378127.08 0 0
1512378127.18 0 0
1512378127.28 0 0
1512378127.38 0 0
1512378127.47 0 0
1512378127.58 0 0
1512378127.68 0 0
1512378127.78 0 0
1512378127.88 0 0
1512378127.99 0 0
1512378128.08 0 0
1512378128.18 0 0
1512378128.28 0 0
1512378128.38 0 0
1512378128.48 0 0
1512378128.58 0 0
1512378128.69 0 0
1512378128.78 0 0
1512378128.88 0 0
1512378128.99 0 0
1512378129.09 0 0
1512378129.19 0 0
1512378129.29 0 0
1512378129.39 0 0
1512378129.49 0 0
1512378129.59 0 0
1512378129.69 0 0
1512378129.79 0 0
1512378129.89 0 0
1512378129.99 0 0
1512378130.09 0 0
1512378130.19 0 0
1512378130.29 0 0
1512378130.39 0 0
1512378130.49 0 0
1512378130.59 0 0
1512378130.69 0 0
1512378130.79 0 0
1512378130.89 0 0
1512378130.99 0 0
1512378131.09 0 0
1512378131.19 0 0
1512378131.29 0 0
1512378131.39 0 0
1512378131.49 0 0
1512378131.59 0 0
1512378131.69 0 0
1512378131.79 0 0
1512378131.9 0 0
1512378132.0 0 0
1512378132.1 0 0
1512378132.2 0 0
1512378132.3 0 0
1512378132.4 0 0
1512378132.5 0 0
1512378132.6 0 0
1512378132.7 0 0
1512378132.8 0 0
1512378132.9 0 0
1512378133.0 0 0
1512378133.1 0 0
1512378133.2 0 0
1512378133.31 0 0
1512378133.4 0 0
1512378133.5 0 0
1512378133.61 0 0
1512378133.7 0 0
1512378133.81 0 0
1512378133.91 0 0
1512378134.01 0 0
1512378134.11 0 0
1512378134.21 0 0
1512378134.31 0 0
1512378134.41 0 0
1512378134.51 0 0
1512378134.61 0 0
1512378134.71 0 0
1512378134.81 0 0
1512378134.91 0 0
1512378135.01 0 0
1512378135.11 0 0
1512378135.21 0 0
1512378135.31 0 0
1512378135.41 0 0
1512378135.51 0 0
1512378135.61 0 0
1512378135.71 0 0
1512378135.81 0 0
1512378135.91 0 0
1512378136.01 0 0
1512378136.12 0 0
1512378136.21 0 0
1512378136.32 0 0
1512378136.42 0 0
1512378136.52 0 0
1512378136.62 0 0
1512378136.72 0 0
1512378136.82 0 0
1512378136.92 0 0
1512378137.02 0 0
1512378137.12 0 0
1512378137.22 0 0
1512378137.32 0 0
1512378137.42 0 0
1512378137.52 0 0
1512378137.62 0 0
1512378137.72 0 0
1512378137.82 0 0
1512378137.92 0 0
1512378138.02 0 0
1512378138.12 0 0
1512378138.22 0 0
1512378138.33 0 0
1512378138.43 0 0
1512378138.53 0 0
1512378138.63 0 0
1512378138.73 0 0
1512378138.83 0 0
1512378138.93 0 0
1512378139.03 0 0
1512378139.13 0 0
1512378139.23 0 0
1512378139.33 0 0
1512378139.43 0 0
1512378139.54 0 0
1512378139.64 0 0
1512378139.73 0 0
1512378139.83 0 0
1512378139.93 0 0
1512378140.03 0 0
1512378140.14 0 0
1512378140.23 0 0
1512378140.33 0 0
1512378140.43 0 0
1512378140.53 0 0
1512378140.64 0 0
1512378140.73 0 0
1512378140.84 0 0
1512378140.94 0 0
1512378141.04 0 0
1512378141.14 0 0
1512378141.24 0 0
1512378141.34 0 0
1512378141.44 0 0
1512378141.54 0 0
1512378141.64 0 0
1512378141.74 0 0
1512378141.84 0 0
1512378141.94 0 0
1512378142.04 0 0
1512378142.14 0 0
1512378142.24 0 0
1512378142.35 0 0
1512378142.44 0 0
1512378142.55 0 0
1512378142.65 0 0
1512378142.75 0 0
1512378142.84 0 0
1512378142.95 0 0
1512378143.05 0 0
1512378143.15 0 0
1512378143.25 0 0
1512378143.35 0 0
1512378143.45 0 0
1512378143.55 0 0
1512378143.65 0 0
1512378143.75 0 0
1512378143.85 0 0
1512378143.95 0 0
1512378144.05 0 0
1512378144.15 0 0
1512378144.25 0 0
1512378144.35 0 0
1512378144.45 0 0
1512378144.56 0 0
1512378144.66 0 0
1512378144.75 0 0
1512378144.86 0 0
1512378144.95 0 0
1512378145.05 0 0
1512378145.15 0 0
1512378145.26 0 0
1512378145.36 0 0
1512378145.46 0 0
1512378145.56 0 0
1512378145.66 0 0
1512378145.76 0 0
1512378145.86 0 0
1512378145.96 0 0
1512378146.06 0 0
1512378146.16 0 0
1512378146.26 0 0
1512378146.36 0 0
1512378146.46 0 0
1512378146.56 0 0
1512378146.66 0 0
1512378146.76 0 0
1512378146.87 0 0
1512378146.96 0 0
1512378147.06 0 0
1512378147.17 0 0
1512378147.27 0 0
1512378147.37 0 0
1512378147.47 0 0
1512378147.57 0 0
1512378147.67 0 0
1512378147.77 0 0
1512378147.87 0 0
1512378147.97 0 0
1512378148.07 0 0
1512378148.17 0 0
1512378148.27 0 0
1512378148.37 0 0
1512378148.47 0 0
1512378148.57 0 0
1512378148.67 0 0
1512378148.77 0 0
1512378148.87 0 0
1512378148.97 0 0
1512378149.08 0 0
1512378149.17 0 0
1512378149.27 0 0
1512378149.37 0 0
1512378149.48 0 0
1512378149.58 0 0
1512378149.67 0 0
1512378149.78 0 0
1512378149.88 0 0
1512378149.98 0 0
1512378150.08 0 0
1512378150.18 0 0
1512378150.28 0 0
1512378150.38 0 0
1512378150.48 0 0
1512378150.58 0 0
1512378150.68 0 0
1512378150.78 0 0
1512378150.88 0 0
1512378150.98 0 0
1512378151.08 0 0
1512378151.18 0 0
1512378151.28 0 0
1512378151.38 0 0
1512378151.48 0 0
1512378151.58 0 0
1512378151.68 0 0
1512378151.78 0 0
1512378151.88 0 0
1512378151.98 0 0
1512378152.08 0 0
1512378152.18 0 0
1512378152.29 0 0
1512378152.38 0 0
1512378152.48 0 0
1512378152.59 0 0
1512378152.68 0 0
1512378152.78 0 0
1512378152.88 0 0
1512378152.98 0 0
1512378153.09 0 0
1512378153.18 0 0
1512378153.28 0 0
1512378153.39 0 0
1512378153.49 0 0
1512378153.59 0 0
1512378153.68 0 0
1512378153.79 0 0
1512378153.89 0 0
1512378153.99 0 0
1512378154.09 0 0
1512378154.19 0 0
1512378154.29 0 0
1512378154.39 0 0
1512378154.49 0 0
1512378154.59 0 0
1512378154.69 0 0
1512378154.79 0 0
1512378154.89 0 0
1512378154.99 0 0
1512378155.09 0 0
1512378155.19 0 0
1512378155.29 0 0
1512378155.39 0 0
1512378155.5 0 0
1512378155.6 0 0
1512378155.69 0 0
1512378155.79 0 0
1512378155.9 0 0
1512378155.99 0 0
1512378156.1 0 0
1512378156.19 0 0
1512378156.3 0 0
1512378156.4 0 0
1512378156.49 0 0
1512378156.6 0 0
1512378156.69 0 0
1512378156.8 0 0
1512378156.9 0 0
1512378157.0 0 0
1512378157.1 0 0
1512378157.2 0 0
1512378157.3 0 0
1512378157.4 0 0
1512378157.5 0 0
1512378157.6 0 0
1512378157.7 0 0
1512378157.8 0 0
1512378157.9 0 0
1512378158.0 0 0
1512378158.1 0 0
1512378158.2 0 0
1512378158.3 0 0
1512378158.4 0 0
1512378158.5 0 0
1512378158.6 0 0
1512378158.7 0 0
1512378158.81 0 0
1512378158.9 0 0
1512378159.0 0 0
1512378159.1 0 0
1512378159.2 0 0
1512378159.3 0 0
1512378159.4 0 0
1512378159.5 0 0
1512378159.6 0 0
1512378159.7 0 0
1512378159.8 0 0
1512378159.9 0 0
1512378160.0 0 0
1512378160.1 0 0
1512378160.2 0 0
1512378160.3 0 0
1512378160.41 0 0
1512378160.51 0 0
1512378160.61 0 0
1512378160.71 0 0
1512378160.81 0 0
1512378160.91 0 0
1512378161.01 0 0
1512378161.11 0 0
1512378161.21 0 0
1512378161.31 0 0
1512378161.41 0 0
1512378161.51 0 0
1512378161.61 0 0
1512378161.71 0 0
1512378161.81 0 0
1512378161.91 0 0
1512378162.01 0 0
1512378162.11 0 0
1512378162.21 0 0
1512378162.31 0 0
1512378162.42 0 0
1512378162.52 0 0
1512378162.62 0 0
1512378162.72 0 0
1512378162.82 0 0
1512378162.92 0 0
1512378163.02 0 0
1512378163.12 0 0
1512378163.22 0 0
1512378163.32 0 0
1512378163.42 0 0
1512378163.52 0 0
1512378163.62 0 0
1512378163.72 0 0
1512378163.82 0 0
1512378163.92 0 0
1512378164.02 0 0
1512378164.12 0 0
1512378164.22 0 0
1512378164.32 0 0
1512378164.42 0 0
1512378164.52 0 0
1512378164.62 0 0
1512378164.72 0 0
1512378164.82 0 0
1512378164.92 0 0
1512378165.02 0 0
1512378165.12 0 0
1512378165.22 0 0
1512378165.32 0 0
1512378165.42 0 0
1512378165.52 0 0
1512378165.62 0 0
1512378165.72 0 0
1512378165.82 0 0
1512378165.92 0 0
1512378166.03 0 0
1512378166.13 0 0
1512378166.23 0 0
1512378166.33 0 0
1512378166.43 0 0
1512378166.53 0 0
1512378166.63 0 0
1512378166.73 0 0
1512378166.83 0 0
1512378166.93 0 0
1512378167.03 0 0
1512378167.13 0 0
1512378167.23 0 0
1512378167.33 0 0
1512378167.43 0 0
1512378167.53 0 0
1512378167.64 0 0
1512378167.73 0 0
1512378167.83 0 0
1512378167.93 0 0
1512378168.03 0 0
1512378168.13 0 0
1512378168.24 0 0
1512378168.33 0 0
1512378168.43 0 0
1512378168.54 0 0
1512378168.64 0 0
1512378168.74 0 0
1512378168.84 0 0
1512378168.94 0 0
1512378169.04 0 0
1512378169.14 0 0
1512378169.24 0 0
1512378169.34 0 0
1512378169.44 0 0
1512378169.55 0 0
1512378169.65 0 0
1512378169.74 0 0
1512378169.85 0 0
1512378169.94 0 0
1512378170.05 0 0
1512378170.15 0 0
1512378170.25 0 0
1512378170.34 0 0
1512378170.45 0 0
1512378170.54 0 0
1512378170.64 0 0
1512378170.75 0 0
1512378170.85 0 0
1512378170.95 0 0
1512378171.05 0 0
1512378171.15 0 0
1512378171.25 0 0
1512378171.35 0 0
1512378171.45 0 0
1512378171.55 0 0
1512378171.65 0 0
1512378171.75 0 0
1512378171.85 0 0
1512378171.95 0 0
1512378172.05 0 0
1512378172.15 0 0
1512378172.25 0 0
1512378172.35 0 0
1512378172.45 0 0
1512378172.55 0 0
1512378172.66 0 0
1512378172.75 0 0
1512378172.85 0 0
1512378172.95 0 0
1512378173.05 0 0
1512378173.15 0 0
1512378173.25 0 0
1512378173.35 0 0
1512378173.45 0 0
1512378173.55 0 0
1512378173.65 0 0
1512378173.75 0 0
1512378173.85 0 0
1512378173.95 0 0
1512378174.05 0 0
1512378174.15 0 0
1512378174.25 0 0
1512378174.35 0 0
1512378174.45 0 0
1512378174.55 0 0
1512378174.65 0 0
1512378174.75 0 0
1512378174.85 0 0
1512378174.95 0 0
1512378175.05 0 0
1512378175.16 0 0
1512378175.25 0 0
1512378175.35 0 0
1512378175.45 0 0
1512378175.55 0 0
1512378175.66 0 0
1512378175.76 0 0
1512378175.86 0 0
1512378175.95 0 0
1512378176.06 0 0
1512378176.16 0 0
1512378176.26 0 0
1512378176.36 0 0
1512378176.46 0 0
1512378176.56 0 0
1512378176.66 0 0
1512378176.76 0 0
1512378176.86 0 0
1512378176.96 0 0
1512378177.06 0 0
1512378177.16 0 0
1512378177.26 0 0
1512378177.36 0 0
1512378177.46 0 0
1512378177.56 0 0
1512378177.66 0 0
1512378177.76 0 0
1512378177.86 0 0
1512378177.96 0 0
1512378178.06 0 0
1512378178.16 0 0
1512378178.26 0 0
1512378178.37 0 0
1512378178.47 0 0
1512378178.56 0 0
1512378178.67 0 0
1512378178.77 0 0
1512378178.87 0 0
1512378178.97 0 0
1512378179.07 0 0
1512378179.17 0 0
1512378179.27 0 0
1512378179.37 0 0
1512378179.47 0 0
1512378179.57 0 0
1512378179.67 0 0
1512378179.77 0 0
1512378179.87 0 0
1512378179.97 0 0
1512378180.08 0 0
1512378180.18 0 0
1512378180.28 0 0
1512378180.38 0 0
1512378180.48 0 0
1512378180.58 0 0
1512378180.68 0 0
1512378180.78 0 0
1512378180.88 0 0
1512378180.98 0 0
1512378181.08 0 0
1512378181.18 0 0
1512378181.28 0 0
1512378181.39 0 0
1512378181.49 0 0
1512378181.59 0 0
1512378181.69 0 0
1512378181.79 0 0
1512378181.89 0 0
1512378181.99 0 0
1512378182.09 0 0
1512378182.19 0 0
1512378182.29 0 0
1512378182.39 0 0
1512378182.49 0 0
1512378182.59 0 0
1512378182.69 0 0
1512378182.79 0 0
1512378182.89 0 0
1512378182.99 0 0
1512378183.09 0 0
1512378183.19 0 0
1512378183.3 0 0
1512378183.39 0 0
1512378183.5 0 0
1512378183.6 0 0
1512378183.7 0 0
1512378183.8 0 0
1512378183.9 0 0
1512378184.0 0 0
1512378184.1 0 0
1512378184.21 0 0
1512378184.3 0 0
1512378184.4 0 0
1512378184.51 0 0
1512378184.61 0 0
1512378184.7 0 0
1512378184.81 0 0
1512378184.91 0 0
1512378185.01 0 0
1512378185.11 0 0
1512378185.21 0 0
1512378185.32 0 0
1512378185.42 0 0
1512378185.51 0 0
1512378185.62 0 0
1512378185.71 0 0
1512378185.82 0 0
1512378185.92 0 0
1512378186.01 0 0
1512378186.11 0 0
1512378186.22 0 0
1512378186.32 0 0
1512378186.42 0 0
1512378186.52 0 0
1512378186.61 0 0
1512378186.71 0 0
1512378186.82 0 0
1512378186.91 0 0
1512378187.02 0 0
1512378187.12 0 0
1512378187.22 0 0
1512378187.32 0 0
1512378187.41 0 0
1512378187.53 0 0
1512378187.63 0 0
1512378187.72 0 0
1512378187.83 0 0
1512378187.93 0 0
1512378188.03 0 0
1512378188.12 0 0
1512378188.23 0 0
1512378188.33 0 0
1512378188.42 0 0
1512378188.53 0 0
1512378188.63 0 0
1512378188.73 0 0
1512378188.83 0 0
1512378188.93 0 0
1512378189.03 0 0
1512378189.13 0 0
1512378189.23 0 0
1512378189.33 0 0
1512378189.43 0 0
1512378189.53 0 0
1512378189.63 0 0
1512378189.73 0 0
1512378189.83 0 0
1512378189.94 0 0
1512378190.04 0 0
1512378190.13 0 0
1512378190.23 0 0
1512378190.33 0 0
1512378190.44 0 0
1512378190.54 0 0
1512378190.63 0 0
1512378190.74 0 0
1512378190.84 0 0
1512378190.93 0 0
1512378191.04 0 0
1512378191.14 0 0
1512378191.24 0 0
1512378191.34 0 0
1512378191.44 0 0
1512378191.55 0 0
1512378191.64 0 0
1512378191.74 0 0
1512378191.84 0 0
1512378191.95 0 0
1512378192.04 0 0
1512378192.14 0 0
1512378192.25 0 0
1512378192.35 0 0
1512378192.45 0 0
1512378192.55 0 0
1512378192.65 0 0
1512378192.75 0 0
1512378192.85 0 0
1512378192.95 0 0
1512378193.05 0 0
1512378193.15 0 0
1512378193.25 0 0
1512378193.35 0 0
1512378193.45 0 0
1512378193.55 0 0
1512378193.65 0 0
1512378193.75 0 0
1512378193.85 0 0
1512378193.95 0 0
1512378194.05 0 0
1512378194.15 0 0
1512378194.25 0 0
1512378194.35 0 0
1512378194.45 0 0
1512378194.55 0 0
1512378194.65 0 0
1512378194.75 0 0
1512378194.85 0 0
1512378194.95 0 0
1512378195.06 0 0
1512378195.16 0 0
1512378195.26 0 0
1512378195.36 0 0
1512378195.46 0 0
1512378195.56 0 0
1512378195.66 0 0
1512378195.76 0 0
1512378195.86 0 0
1512378195.96 0 0
1512378196.06 0 0
1512378196.16 0 0
1512378196.26 0 0
1512378196.36 0 0
1512378196.46 0 0
1512378196.56 0 0
1512378196.66 0 0
1512378196.76 0 0
1512378196.86 0 0
1512378196.96 0 0
1512378197.06 0 0
1512378197.16 0 0
1512378197.26 0 0
1512378197.36 0 0
1512378197.46 0 0
1512378197.56 0 0
1512378197.67 0 0
1512378197.76 0 0
1512378197.86 0 0
1512378197.96 0 0
1512378198.07 0 0
1512378198.16 0 0
1512378198.26 0 0
1512378198.36 0 0
1512378198.47 0 0
1512378198.57 0 0
1512378198.67 0 0
1512378198.77 0 0
1512378198.87 0 0
1512378198.97 0 0
1512378199.07 0 0
1512378199.17 0 0
1512378199.27 0 0
1512378199.37 0 0
1512378199.47 0 0
1512378199.57 0 0
1512378199.67 0 0
1512378199.77 0 0
1512378199.87 0 0
1512378199.97 0 0
1512378200.07 0 0
1512378200.17 0 0
1512378200.27 0 0
1512378200.37 0 0
1512378200.47 0 0
1512378200.57 0 0
1512378200.67 0 0
1512378200.78 0 0
1512378200.87 0 0
1512378200.97 0 0
1512378201.08 0 0
1512378201.17 0 0
1512378201.27 0 0
1512378201.37 0 0
1512378201.47 0 0
1512378201.57 0 0
1512378201.67 0 0
1512378201.77 0 0
1512378201.87 0 0
1512378201.98 0 0
1512378202.08 0 0
1512378202.18 0 0
1512378202.28 0 0
1512378202.38 0 0
1512378202.48 0 0
1512378202.57 0 0
1512378202.67 0 0
1512378202.77 0 0
1512378202.87 0 0
1512378202.98 0 0
1512378203.08 0 0
1512378203.17 0 0
1512378203.28 0 0
1512378203.38 0 0
1512378203.48 0 0
1512378203.58 0 0
1512378203.68 0 0
1512378203.78 0 0
1512378203.88 0 0
1512378203.98 0 0
1512378204.08 0 0
1512378204.18 0 0
1512378204.28 0 0
1512378204.38 0 0
1512378204.48 0 0
1512378204.58 0 0
1512378204.68 0 0
1512378204.79 0 0
1512378204.88 0 0
1512378204.98 0 0
1512378205.08 0 0
1512378205.18 0 0
1512378205.28 0 0
1512378205.38 0 0
1512378205.48 0 0
1512378205.58 0 0
1512378205.68 0 0
1512378205.78 0 0
1512378205.89 0 0
1512378205.99 0 0
1512378206.09 0 0
1512378206.19 0 0
1512378206.29 0 0
1512378206.39 0 0
1512378206.49 0 0
1512378206.59 0 0
1512378206.7 0 0
1512378206.8 0 0
1512378206.89 0 0
1512378206.99 0 0
1512378207.09 0 0
1512378207.2 0 0
1512378207.3 0 0
1512378207.39 0 0
1512378207.49 0 0
1512378207.59 0 0
1512378207.69 0 0
1512378207.8 0 0
1512378207.9 0 0
1512378208.0 0 0
1512378208.1 0 0
1512378208.2 0 0
1512378208.3 0 0
1512378208.4 0 0
1512378208.51 0 0
1512378208.6 0 0
1512378208.71 0 0
1512378208.81 0 0
1512378208.91 0 0
1512378209.0 0 0
1512378209.11 0 0
1512378209.21 0 0
1512378209.31 0 0
1512378209.41 0 0
1512378209.51 0 0
1512378209.61 0 0
1512378209.71 0 0
1512378209.81 0 0
1512378209.91 0 0
1512378210.01 0 0
1512378210.11 0 0
1512378210.21 0 0
1512378210.31 0 0
1512378210.41 0 0
1512378210.51 0 0
1512378210.62 0 0
1512378210.71 0 0
1512378210.82 0 0
1512378210.92 0 0
1512378211.02 0 0
1512378211.12 0 0
1512378211.22 0 0
1512378211.32 0 0
1512378211.42 0 0
1512378211.52 0 0
1512378211.62 0 0
1512378211.72 0 0
1512378211.82 0 0
1512378211.92 0 0
1512378212.02 0 0
1512378212.12 0 0
1512378212.22 0 0
1512378212.32 0 0
1512378212.42 0 0
1512378212.52 0 0
1512378212.62 0 0
1512378212.72 0 0
1512378212.82 0 0
1512378212.92 0 0
1512378213.02 0 0
1512378213.12 0 0
1512378213.22 0 0
1512378213.32 0 0
1512378213.42 0 0
1512378213.52 0 0
1512378213.62 0 0
1512378213.72 0 0
1512378213.82 0 0
1512378213.92 0 0
1512378214.02 0 0
1512378214.12 0 0
1512378214.22 0 0
1512378214.32 0 0
1512378214.42 0 0
1512378214.52 0 0
1512378214.62 0 0
1512378214.72 0 0
1512378214.82 0 0
1512378214.92 0 0
1512378215.02 0 0
1512378215.12 0 0
1512378215.22 0 0
1512378215.33 0 0
1512378215.43 0 0
1512378215.53 0 0
1512378215.63 0 0
1512378215.73 0 0
1512378215.83 0 0
1512378215.93 0 0
1512378216.03 0 0
1512378216.13 0 0
1512378216.23 0 0
1512378216.33 0 0
1512378216.43 0 0
1512378216.53 0 0
1512378216.63 0 0
1512378216.73 0 0
1512378216.83 0 0
1512378216.93 0 0
1512378217.03 0 0
1512378217.13 0 0
1512378217.23 0 0
1512378217.33 0 0
1512378217.43 0 0
1512378217.53 0 0
1512378217.63 0 0
1512378217.73 0 0
1512378217.83 0 0
1512378217.94 0 0
1512378218.03 0 0
1512378218.14 0 0
1512378218.23 0 0
1512378218.33 0 0
1512378218.43 0 0
1512378218.53 0 0
1512378218.64 0 0
1512378218.73 0 0
1512378218.84 0 0
1512378218.94 0 0
1512378219.03 0 0
1512378219.13 0 0
1512378219.24 0 0
1512378219.34 0 0
1512378219.44 0 0
1512378219.54 0 0
1512378219.64 0 0
1512378219.74 0 0
1512378219.84 0 0
1512378219.94 0 0
1512378220.04 0 0
1512378220.14 0 0
1512378220.24 0 0
1512378220.34 0 0
1512378220.44 0 0
1512378220.54 0 0
1512378220.64 0 0
1512378220.74 0 0
1512378220.84 0 0
1512378220.94 0 0
1512378221.04 0 0
1512378221.14 0 0
1512378221.25 0 0
1512378221.34 0 0
1512378221.45 0 0
1512378221.55 0 0
1512378221.65 0 0
1512378221.75 0 0
1512378221.85 0 0
1512378221.95 0 0
1512378222.05 0 0
1512378222.15 0 0
1512378222.25 0 0
1512378222.35 0 0
1512378222.45 0 0
1512378222.55 0 0
1512378222.65 0 0
1512378222.75 0 0
1512378222.85 0 0
1512378222.95 0 0
1512378223.05 0 0
1512378223.16 0 0
1512378223.26 0 0
1512378223.35 0 0
1512378223.45 0 0
1512378223.55 0 0
1512378223.65 0 0
1512378223.76 0 0
1512378223.86 0 0
1512378223.96 0 0
1512378224.06 0 0
1512378224.16 0 0
1512378224.26 0 0
1512378224.36 0 0
1512378224.46 0 0
1512378224.56 0 0
1512378224.66 0 0
1512378224.76 0 0
1512378224.86 0 0
1512378224.96 0 0
1512378225.06 0 0
1512378225.16 0 0
1512378225.26 0 0
1512378225.36 0 0
1512378225.46 0 0
1512378225.56 0 0
1512378225.67 0 0
1512378225.76 0 0
1512378225.86 0 0
1512378225.96 0 0
1512378226.07 0 0
1512378226.16 0 0
1512378226.26 0 0
1512378226.37 0 0
1512378226.47 0 0
1512378226.57 0 0
1512378226.67 0 0
1512378226.77 0 0
1512378226.87 0 0
1512378226.97 0 0
1512378227.07 0 0
1512378227.17 0 0
1512378227.27 0 0
1512378227.37 0 0
1512378227.47 0 0
1512378227.57 0 0
1512378227.67 0 0
1512378227.77 0 0
1512378227.87 0 0
1512378227.97 0 0
1512378228.07 0 0
1512378228.17 0 0
1512378228.27 0 0
1512378228.37 0 0
1512378228.47 0 0
1512378228.57 0 0
1512378228.67 0 0
1512378228.77 0 0
1512378228.88 0 0
1512378228.98 0 0
1512378229.07 0 0
1512378229.17 0 0
1512378229.27 0 0
1512378229.37 0 0
1512378229.47 0 0
1512378229.57 0 0
1512378229.67 0 0
1512378229.77 0 0
1512378229.88 0 0
1512378229.97 0 0
1512378230.08 0 0
1512378230.18 0 0
1512378230.28 0 0
1512378230.38 0 0
1512378230.48 0 0
1512378230.58 0 0
1512378230.68 0 0
1512378230.78 0 0
1512378230.88 0 0
1512378230.98 0 0
1512378231.07 0 0
1512378231.17 0 0
1512378231.27 0 0
1512378231.37 0 0
1512378231.47 0 0
1512378231.57 0 0
1512378231.67 0 0
1512378231.77 0 0
1512378231.88 0 0
1512378231.97 0 0
1512378232.08 0 0
1512378232.17 0 0
1512378232.28 0 0
1512378232.37 0 0
1512378232.47 0 0
1512378232.58 0 0
1512378232.68 0 0
1512378232.78 0 0
1512378232.88 0 0
1512378232.98 0 0
1512378233.08 0 0
1512378233.18 0 0
1512378233.28 0 0
1512378233.38 0 0
1512378233.48 0 0
1512378233.58 0 0
1512378233.68 0 0
1512378233.78 0 0
1512378233.88 0 0
1512378233.98 0 0
1512378234.08 0 0
1512378234.18 0 0
1512378234.28 0 0
1512378234.38 0 0
1512378234.48 0 0
1512378234.58 0 0
1512378234.68 0 0
1512378234.78 0 0
1512378234.88 0 0
1512378234.98 0 0
1512378235.08 0 0
1512378235.18 0 0
1512378235.28 0 0
1512378235.38 0 0
1512378235.48 0 0
1512378235.58 0 0
1512378235.68 0 0
1512378235.78 0 0
1512378235.88 0 0
1512378235.98 0 0
1512378236.09 0 0
1512378236.18 0 0
1512378236.28 0 0
1512378236.38 0 0
1512378236.48 0 0
1512378236.58 0 0
1512378236.68 0 0
1512378236.78 0 0
1512378236.88 0 0
1512378236.98 0 0
1512378237.08 0 0
1512378237.19 0 0
1512378237.29 0 0
1512378237.39 0 0
1512378237.49 0 0
1512378237.59 0 0
1512378237.69 0 0
1512378237.79 0 0
1512378237.89 0 0
1512378237.99 0 0
1512378238.09 0 0
1512378238.19 0 0
1512378238.29 0 0
1512378238.39 0 0
1512378238.49 0 0
1512378238.59 0 0
1512378238.69 0 0
1512378238.79 0 0
1512378238.89 0 0
1512378238.99 0 0
1512378239.09 0 0
1512378239.19 0 0
1512378239.29 0 0
1512378239.39 0 0
1512378239.49 0 0
1512378239.58 0 0
1512378239.68 0 0
1512378239.78 0 0
1512378239.88 0 0
1512378239.98 0 0
1512378240.08 0 0
1512378240.18 0 0
1512378240.28 0 0
1512378240.38 0 0
1512378240.48 0 0
1512378240.58 0 0
1512378240.68 0 0
1512378240.78 0 0
1512378240.88 0 0
1512378240.98 0 0
1512378241.09 0 0
1512378241.18 0 0
1512378241.28 0 0
1512378241.38 0 0
1512378241.48 0 0
1512378241.58 0 0
1512378241.68 0 0
1512378241.78 0 0
1512378241.88 0 0
1512378241.98 0 0
1512378242.08 0 0
1512378242.18 0 0
1512378242.28 0 0
1512378242.38 0 0
1512378242.49 0 0
1512378242.58 0 0
1512378242.69 0 0
1512378242.79 0 0
1512378242.89 0 0
1512378242.99 0 0
1512378243.08 0 0
1512378243.18 0 0
1512378243.28 0 0
1512378243.39 0 0
1512378243.49 0 0
1512378243.59 0 0
1512378243.68 0 0
1512378243.79 0 0
1512378243.88 0 0
1512378243.98 0 0
1512378244.09 0 0
1512378244.19 0 0
1512378244.29 0 0
1512378244.39 0 0
1512378244.49 0 0
1512378244.59 0 0
1512378244.69 0 0
1512378244.79 0 0
1512378244.89 0 0
1512378244.99 0 0
1512378245.09 0 0
1512378245.19 0 0
1512378245.29 0 0
1512378245.39 0 0
1512378245.49 0 0
1512378245.59 0 0
1512378245.69 0 0
1512378245.79 0 0
1512378245.89 0 0
1512378245.99 0 0
1512378246.09 0 0
1512378246.19 0 0
1512378246.29 0 0
1512378246.39 0 0
1512378246.49 0 0
1512378246.59 0 0
1512378246.69 0 0
1512378246.79 0 0
1512378246.89 0 0
1512378246.99 0 0
1512378247.09 0 0
1512378247.19 0 0
1512378247.29 0 0
1512378247.39 0 0
1512378247.49 0 0
1512378247.59 0 0
1512378247.69 0 0
1512378247.79 0 0
1512378247.89 0 0
1512378247.99 0 0
1512378248.09 0 0
1512378248.19 0 0
1512378248.29 0 0
1512378248.39 0 0
1512378248.49 0 0
1512378248.6 0 0
1512378248.7 0 0
1512378248.8 0 0
1512378248.9 0 0
1512378249.0 0 0
1512378249.1 0 0
1512378249.2 0 0
1512378249.3 0 0
1512378249.4 0 0
1512378249.5 0 0
1512378249.6 0 0
1512378249.7 0 0
1512378249.8 0 0
1512378249.9 0 0
1512378250.0 0 0
1512378250.1 0 0
1512378250.2 0 0
1512378250.3 0 0
1512378250.4 0 0
