1512378039.55 2500.0 3166.66666667
1512378039.62 2500.0 3611.11111111
1512378039.76 2500.0 3907.40740741
1512378039.81 2500.0 4104.9382716
1512378039.97 2500.0 4236.6255144
1512378040.0 2500.0 4324.4170096
1512378040.14 2500.0 4382.94467307
1512378040.21 2500.0 4421.96311538
1512378040.37 2500.0 4447.97541025
1512378040.41 2500.0 4465.31694017
1512378040.55 2500.0 4476.87796011
1512378040.62 2500.0 4484.58530674
1512378040.72 2500.0 4489.72353783
1512378040.82 2500.0 4493.14902522
1512378040.92 2500.0 4495.43268348
1512378041.02 2500.0 4496.95512232
1512378041.12 2500.0 4497.97008155
1512378041.22 2500.0 4498.64672103
1512378041.32 2500.0 4499.09781402
1512378041.42 2500.0 4499.39854268
1512378041.52 2500.0 4499.59902845
1512378041.63 2500.0 4499.73268564
1512378041.73 2500.0 4499.82179042
1512378041.82 2500.0 4499.88119362
1512378041.92 2500.0 4499.92079574
1512378042.02 2500.0 4499.94719716
1512378042.13 2500.0 4499.96479811
1512378042.22 2500.0 4499.97653207
1512378042.32 2500.0 4499.98435471
1512378042.43 2500.0 4499.98956981
1512378042.52 2500.0 4499.99304654
1512378042.63 2500.0 4499.99536436
1512378042.74 2500.0 4499.99690957
1512378042.83 2500.0 4499.99793972
1512378042.93 2500.0 4499.99862648
1512378043.03 2500.0 4499.99908432
1512378043.13 2500.0 4499.99938955
1512378043.23 2500.0 4499.99959303
1512378043.33 2500.0 4499.99972869
1512378043.43 2500.0 4499.99981912
1512378043.53 2500.0 4499.99987942
1512378043.63 2500.0 4499.99991961
1512378043.73 2500.0 4499.99994641
1512378043.83 2500.0 4499.99996427
1512378043.93 2500.0 4499.99997618
1512378044.03 2500.0 4499.99998412
1512378044.13 2500.0 4499.99998941
1512378044.24 2500.0 4499.99999294
1512378044.33 2500.0 4499.9999953
1512378044.43 2500.0 4499.99999686
1512378044.55 2500.0 4499.99999791
1512378044.63 2500.0 4499.99999861
1512378044.73 2500.0 4499.99999907
1512378044.83 2500.0 4499.99999938
1512378044.93 2500.0 4499.99999959
1512378045.03 2500.0 4499.99999972
1512378045.14 2500.0 4499.99999982
1512378045.24 2500.0 4499.99999988
1512378045.33 2500.0 4499.99999992
1512378045.43 2500.0 4499.99999995
1512378045.53 2500.0 4499.99999996
1512378045.63 2500.0 4499.99999998
1512378045.73 2500.0 4499.99999998
1512378045.83 2500.0 4499.99999999
1512378045.94 2500.0 4499.99999999
1512378046.04 2500.0 4500.0
1512378046.14 2500.0 4500.0
1512378046.24 2500.0 4500.0
1512378046.34 2500.0 4500.0
1512378046.44 2500.0 4500.0
1512378046.53 2500.0 4500.0
1512378046.64 2500.0 4500.0
1512378046.74 2500.0 4500.0
1512378046.84 2500.0 4500.0
1512378046.94 2500.0 4500.0
1512378047.04 2500.0 4500.0
1512378047.13 2500.0 4500.0
1512378047.24 2500.0 4500.0
1512378047.34 2500.0 4500.0
1512378047.44 2500.0 4500.0
1512378047.54 2500.0 4500.0
1512378047.64 2500.0 4500.0
1512378047.74 2500.0 4500.0
1512378047.85 2500.0 4500.0
1512378047.94 2500.0 4500.0
1512378048.04 2500.0 4500.0
1512378048.14 2500.0 4500.0
1512378048.24 2500.0 4500.0
1512378048.34 2500.0 4500.0
1512378048.44 2500.0 4500.0
1512378048.54 2500.0 4500.0
1512378048.64 2500.0 4500.0
1512378048.74 2500.0 4500.0
1512378048.85 2500.0 4500.0
1512378048.95 2500.0 4500.0
1512378049.07 2500.0 4500.0
1512378049.14 2500.0 4500.0
1512378049.24 2500.0 4500.0
1512378049.34 2500.0 4500.0
1512378049.44 2500.0 4500.0
1512378049.54 2500.0 4500.0
1512378049.64 2500.0 4500.0
1512378049.74 2500.0 4500.0
1512378049.88 2500.0 4500.0
1512378049.95 2500.0 4500.0
1512378050.05 2500.0 4500.0
1512378050.14 2500.0 4500.0
1512378050.24 2500.0 4500.0
1512378050.35 2500.0 4500.0
1512378050.44 2500.0 4500.0
1512378050.54 2500.0 4500.0
1512378050.64 2500.0 4500.0
1512378050.74 2500.0 4500.0
1512378050.84 2500.0 4500.0
1512378050.94 2500.0 4500.0
1512378051.05 2500.0 4500.0
1512378051.15 2500.0 4500.0
1512378051.25 2500.0 4500.0
1512378051.34 2500.0 4500.0
1512378051.44 2500.0 4500.0
1512378051.55 2500.0 4500.0
1512378051.65 2500.0 4500.0
1512378051.75 2500.0 4500.0
1512378051.84 2500.0 4500.0
1512378051.94 2500.0 4500.0
1512378052.05 2500.0 4500.0
1512378052.15 2500.0 4500.0
1512378052.24 2500.0 4500.0
1512378052.34 2500.0 4500.0
1512378052.44 2500.0 4500.0
1512378052.54 2500.0 4500.0
1512378052.64 2500.0 4500.0
1512378052.75 2500.0 4500.0
1512378052.85 2500.0 4500.0
1512378052.94 2500.0 4500.0
1512378053.05 2500.0 4500.0
1512378053.14 2500.0 4500.0
1512378053.24 2500.0 4500.0
1512378053.35 2500.0 4500.0
1512378053.44 2500.0 4500.0
1512378053.54 2500.0 4500.0
1512378053.65 2500.0 4500.0
1512378053.74 2500.0 4500.0
1512378053.85 2500.0 4500.0
1512378053.95 2500.0 4500.0
1512378054.05 2500.0 4500.0
1512378054.15 2500.0 4500.0
1512378054.25 2500.0 4500.0
1512378054.35 2500.0 4500.0
1512378054.45 2500.0 4500.0
1512378054.55 2500.0 4500.0
1512378054.65 2500.0 4500.0
1512378054.75 2500.0 4500.0
1512378054.85 2500.0 4500.0
1512378054.95 2500.0 4500.0
1512378055.04 2500.0 4500.0
1512378055.15 2500.0 4500.0
1512378055.25 2500.0 4500.0
1512378055.35 2500.0 4500.0
1512378055.45 2500.0 4500.0
1512378055.55 2500.0 4500.0
1512378055.65 2500.0 4500.0
1512378055.75 2500.0 4500.0
1512378055.85 2500.0 4500.0
1512378055.95 2500.0 4500.0
1512378056.05 2500.0 4500.0
1512378056.15 2500.0 4500.0
1512378056.25 2500.0 4500.0
1512378056.36 2500.0 4500.0
1512378056.46 2500.0 4500.0
1512378056.56 2500.0 4500.0
1512378056.65 2500.0 4500.0
1512378056.76 2500.0 4500.0
1512378056.86 2500.0 4500.0
1512378056.95 2500.0 4500.0
1512378057.05 2500.0 4500.0
1512378057.16 2500.0 4500.0
1512378057.25 2500.0 4500.0
1512378057.36 2500.0 4500.0
1512378057.45 2500.0 4500.0
1512378057.55 2500.0 4500.0
1512378057.65 2500.0 4500.0
1512378057.75 2500.0 4500.0
1512378057.86 2500.0 4500.0
1512378057.95 2500.0 4500.0
1512378058.05 2500.0 4500.0
1512378058.15 2500.0 4500.0
1512378058.26 2500.0 4500.0
1512378058.36 2500.0 4500.0
1512378058.46 2500.0 4500.0
1512378058.56 2500.0 4500.0
1512378058.66 2500.0 4500.0
1512378058.76 2458.33333333 4500.0
1512378058.86 2397.91666667 4500.0
1512378058.96 2361.35416667 4500.0
1512378059.06 2305.78645833 4500.0
1512378059.16 2252.99713542 4500.0
1512378059.26 2190.34727865 4500.0
1512378059.36 2143.32991471 4500.0
1512378059.46 2119.49675231 4500.0
1512378059.56 2076.0219147 4500.0
1512378059.66 2034.72081896 4500.0
1512378059.76 2016.31811135 4500.0
1512378059.86 2040.50220578 4500.0
1512378059.96 2000.97709549 4500.0
1512378060.06 2025.92824072 4500.0
1512378060.16 2007.96516201 4500.0
1512378060.26 1990.90023725 4500.0
1512378060.36 1974.68855872 4500.0
1512378060.46 2000.95413078 4500.0
1512378060.56 1963.40642424 4500.0
1512378060.66 1990.23610303 4500.0
1512378060.76 2015.72429788 4500.0
1512378060.87 1998.27141632 4500.0
1512378060.97 2023.3578455 4500.0
1512378061.07 2047.18995323 4500.0
1512378061.17 2028.1637889 4500.0
1512378061.27 2051.75559945 4500.0
1512378061.37 2074.16781948 4500.0
1512378061.47 2053.79276184 4500.0
1512378061.57 2076.10312375 4500.0
1512378061.67 2097.29796756 4500.0
1512378061.77 2117.43306918 4500.0
1512378061.87 2136.56141572 4500.0
1512378061.97 2154.73334494 4500.0
1512378062.08 2171.99667769 4500.0
1512378062.17 2188.39684381 4500.0
1512378062.28 2203.97700162 4500.0
1512378062.38 2218.77815154 4500.0
1512378062.48 2232.83924396 4500.0
1512378062.57 2246.19728176 4500.0
1512378062.67 2258.88741767 4500.0
1512378062.77 2270.94304679 4500.0
1512378062.87 2282.39589445 4500.0
1512378062.97 2293.27609973 4500.0
1512378063.07 2303.61229474 4500.0
1512378063.17 2313.43168 4500.0
1512378063.27 2322.760096 4500.0
1512378063.38 2331.6220912 4500.0
1512378063.47 2340.04098664 4500.0
1512378063.57 2348.03893731 4500.0
1512378063.68 2355.63699045 4500.0
1512378063.77 2362.85514092 4500.0
1512378063.87 2369.71238388 4500.0
1512378063.97 2376.22676468 4500.0
1512378064.07 2382.41542645 4500.0
1512378064.17 2388.29465513 4500.0
1512378064.27 2393.87992237 4500.0
1512378064.37 2399.18592625 4500.0
1512378064.47 2404.22662994 4500.0
1512378064.57 2409.01529844 4500.0
1512378064.67 2413.56453352 4500.0
1512378064.77 2417.88630684 4500.0
1512378064.87 2421.9919915 4500.0
1512378064.97 2425.89239193 4500.0
1512378065.07 2429.59777233 4500.0
1512378065.17 2433.11788371 4500.0
1512378065.27 2436.46198953 4500.0
1512378065.37 2439.63889005 4500.0
1512378065.48 2442.65694555 4500.0
1512378065.57 2445.52409827 4500.0
1512378065.67 2448.24789336 4500.0
1512378065.77 2450.83549869 4500.0
1512378065.88 2453.29372376 4500.0
1512378065.97 2455.62903757 4500.0
1512378066.07 2457.84758569 4500.0
1512378066.18 2459.95520641 4500.0
1512378066.28 2461.95744608 4500.0
1512378066.38 2463.85957378 4500.0
1512378066.48 2465.66659509 4500.0
1512378066.58 2467.38326534 4500.0
1512378066.68 2469.01410207 4500.0
1512378066.78 2470.56339697 4500.0
1512378066.88 2472.03522712 4500.0
1512378066.98 2473.43346576 4500.0
1512378067.08 2474.76179247 4500.0
1512378067.18 2476.02370285 4500.0
1512378067.28 2477.22251771 4500.0
1512378067.38 2478.36139182 4500.0
1512378067.48 2479.44332223 4500.0
1512378067.58 2480.47115612 4500.0
1512378067.69 2481.44759831 4500.0
1512378067.78 2482.3752184 4500.0
1512378067.88 2483.25645748 4500.0
1512378067.98 2484.0936346 4500.0
1512378068.09 2484.88895287 4500.0
1512378068.19 2485.64450523 4500.0
1512378068.28 2486.36227997 4500.0
1512378068.38 2487.04416597 4500.0
1512378068.48 2487.69195767 4500.0
1512378068.58 2488.30735979 4500.0
1512378068.68 2488.8919918 4500.0
1512378068.78 2489.44739221 4500.0
1512378068.89 2489.9750226 4500.0
1512378068.98 2490.47627147 4500.0
1512378069.08 2490.9524579 4500.0
1512378069.19 2491.404835 4500.0
1512378069.28 2491.83459325 4500.0
1512378069.38 2492.24286359 4500.0
1512378069.49 2492.63072041 4500.0
1512378069.58 2492.99918439 4500.0
1512378069.68 2493.34922517 4500.0
1512378069.79 2493.68176391 4500.0
1512378069.89 2493.99767571 4500.0
1512378069.99 2494.29779193 4500.0
1512378070.09 2494.58290233 4500.0
1512378070.19 2494.85375722 4500.0
1512378070.29 2495.11106936 4500.0
1512378070.39 2495.35551589 4500.0
1512378070.49 2495.58774009 4500.0
1512378070.59 2495.80835309 4500.0
1512378070.68 2496.01793543 4500.0
1512378070.79 2496.21703866 4500.0
1512378070.89 2496.40618673 4500.0
1512378070.98 2496.58587739 4500.0
1512378071.09 2496.75658352 4500.0
1512378071.19 2496.91875435 4500.0
1512378071.29 2497.07281663 4500.0
1512378071.39 2497.2191758 4500.0
1512378071.49 2497.35821701 4500.0
1512378071.59 2497.49030616 4500.0
1512378071.69 2497.61579085 4500.0
1512378071.79 2497.73500131 4500.0
1512378071.89 2497.84825124 4500.0
1512378071.99 2497.95583868 4500.0
1512378072.09 2498.05804675 4500.0
1512378072.2 2498.15514441 4500.0
1512378072.29 2498.24738719 4500.0
1512378072.39 2498.33501783 4500.0
1512378072.49 2498.41826694 4500.0
1512378072.6 2498.49735359 4500.0
1512378072.7 2498.57248591 4500.0
1512378072.8 2498.64386162 4500.0
1512378072.9 2498.71166853 4500.0
1512378073.0 2498.77608511 4500.0
1512378073.1 2498.83728085 4500.0
1512378073.19 2498.89541681 4500.0
1512378073.3 2498.95064597 4500.0
1512378073.42 2499.00311367 4500.0
1512378073.49 2499.05295799 4500.0
1512378073.59 2499.10031009 4500.0
1512378073.74 2499.14529458 4500.0
1512378073.8 2499.18802985 4500.0
1512378073.9 2499.22862836 4500.0
1512378074.0 2499.26719694 4500.0
1512378074.1 2499.3038371 4500.0
1512378074.19 2499.33864524 4500.0
1512378074.3 2499.37171298 4500.0
1512378074.4 2499.40312733 4500.0
1512378074.5 2499.43297096 4500.0
1512378074.6 2499.46132242 4500.0
1512378074.7 2499.4882563 4500.0
1512378074.81 2499.51384348 4500.0
1512378074.9 2499.53815131 4500.0
1512378075.0 2499.56124374 4500.0
1512378075.1 2499.58318155 4500.0
1512378075.27 2499.60402248 4500.0
1512378075.33 2499.62382135 4500.0
1512378075.43 2499.64263028 4500.0
1512378075.54 2499.66049877 4500.0
1512378075.64 2499.67747383 4500.0
1512378075.73 2499.69360014 4500.0
1512378075.84 2499.70892013 4500.0
1512378075.94 2499.72347413 4500.0
1512378076.03 2499.73730042 4500.0
1512378076.13 2499.7504354 4500.0
1512378076.23 2499.76291363 4500.0
1512378076.32 2499.77476795 4500.0
1512378076.43 2499.78602955 4500.0
1512378076.53 2499.79672807 4500.0
1512378076.69 2499.80689167 4500.0
1512378076.74 2499.81654709 4500.0
1512378076.84 2499.82571973 4500.0
1512378076.95 2499.83443375 4500.0
1512378077.04 2499.84271206 4500.0
1512378077.15 2499.85057645 4500.0
1512378077.26 2499.85804763 4500.0
1512378077.36 2499.86514525 4500.0
1512378077.46 2499.87188799 4500.0
1512378077.56 2499.87829359 4500.0
1512378077.65 2499.88437891 4500.0
1512378077.76 2499.89015996 4500.0
1512378077.86 2499.89565197 4500.0
1512378077.96 2499.90086937 4500.0
1512378078.07 2499.9058259 4500.0
1512378078.16 2499.9105346 4500.0
1512378078.27 2499.91500787 4500.0
1512378078.36 2499.91925748 4500.0
1512378078.46 2499.92329461 4500.0
1512378078.56 2499.92712988 4500.0
1512378078.65 2499.93077338 4500.0
1512378078.76 2499.93423471 4500.0
1512378078.86 2499.93752298 4500.0
1512378078.96 2499.94064683 4500.0
1512378079.06 2499.94361449 4500.0
1512378079.15 2499.94643376 4500.0
1512378079.26 2499.94911207 4500.0
1512378079.36 2499.95165647 4500.0
1512378079.46 2499.95407365 4500.0
1512378079.56 2499.95636996 4500.0
1512378079.66 2499.95855147 4500.0
1512378079.77 2499.96062389 4500.0
1512378079.86 2499.9625927 4500.0
1512378079.95 2499.96446306 4500.0
1512378080.06 2499.96623991 4500.0
1512378080.15 2499.96792791 4500.0
1512378080.25 2499.96953152 4500.0
1512378080.36 2499.97105494 4500.0
1512378080.46 2499.9725022 4500.0
1512378080.56 2499.97387709 4500.0
1512378080.66 2499.97518323 4500.0
1512378080.85 2499.97642407 4500.0
1512378080.92 2499.97760287 4500.0
1512378081.01 2499.97872272 4500.0
1512378081.11 2499.97978659 4500.0
1512378081.21 2499.98079726 4500.0
1512378081.31 2499.9817574 4500.0
1512378081.44 2499.98266953 4500.0
1512378081.51 2499.98353605 4500.0
1512378081.65 2499.98435925 4500.0
1512378081.71 2499.98514128 4500.0
1512378081.81 2499.98588422 4500.0
1512378081.91 2499.98659001 4500.0
1512378082.02 2499.98726051 4500.0
1512378082.11 2499.98789748 4500.0
1512378082.21 2499.98850261 4500.0
1512378082.31 2499.98907748 4500.0
1512378082.42 2499.9896236 4500.0
1512378082.51 2499.99014242 4500.0
1512378082.61 2499.9906353 4500.0
1512378082.71 2499.99110354 4500.0
1512378082.89 2499.99154836 4500.0
1512378082.96 2499.99197094 4500.0
1512378083.05 2499.9923724 4500.0
1512378083.15 2499.99275378 4500.0
1512378083.25 2499.99311609 4500.0
1512378083.35 2499.99346028 4500.0
1512378083.45 2499.99378727 4500.0
1512378083.56 2499.99409791 4500.0
1512378083.66 2499.99439301 4500.0
1512378083.76 2499.99467336 4500.0
1512378083.85 2499.99493969 4500.0
1512378083.95 2499.99519271 4500.0
1512378084.05 2499.99543307 4500.0
1512378084.15 2499.99566142 4500.0
1512378084.25 2499.99587835 4500.0
1512378084.36 2499.99608443 4500.0
1512378084.45 2499.99628021 4500.0
1512378084.55 2499.9964662 4500.0
1512378084.66 2499.99664289 4500.0
1512378084.75 2499.99681074 4500.0
1512378084.85 2499.99697021 4500.0
1512378084.95 2499.9971217 4500.0
1512378085.06 2499.99726561 4500.0
1512378085.16 2499.99740233 4500.0
1512378085.26 2499.99753221 4500.0
1512378085.35 2499.9976556 4500.0
1512378085.45 2499.99777282 4500.0
1512378085.55 2499.99788418 4500.0
1512378085.65 2499.99798997 4500.0
1512378085.74 2499.99809047 4500.0
1512378085.84 2499.99818595 4500.0
1512378085.95 2499.99827665 4500.0
1512378086.06 2499.99836282 4500.0
1512378086.16 2499.99844468 4500.0
1512378086.26 2499.99852245 4500.0
1512378086.36 2499.99859632 4500.0
1512378086.45 2499.99866651 4500.0
1512378086.55 2499.99873318 4500.0
1512378086.65 2499.99879652 4500.0
1512378086.75 2499.9988567 4500.0
1512378086.86 2499.99891386 4500.0
1512378086.95 2499.99896817 4500.0
1512378087.05 2499.99901976 4500.0
1512378087.16 2499.99906877 4500.0
1512378087.26 2499.99911533 4500.0
1512378087.36 2499.99915957 4500.0
1512378087.46 2499.99920159 4500.0
1512378087.63 2499.99924151 4500.0
1512378087.7 2499.99927943 4500.0
1512378087.8 2499.99931546 4500.0
1512378087.9 2499.99934969 4500.0
1512378087.99 2499.9993822 4500.0
1512378088.09 2499.99941309 4500.0
1512378088.19 2499.99944244 4500.0
1512378088.36 2499.99947032 4500.0
1512378088.43 2499.9994968 4500.0
1512378088.53 2499.99952196 4500.0
1512378088.62 2499.99954586 4500.0
1512378088.72 2499.99956857 4500.0
1512378088.83 2499.99959014 4500.0
1512378088.92 2499.99961063 4500.0
1512378089.02 2499.9996301 4500.0
1512378089.13 2499.9996486 4500.0
1512378089.23 2499.99966617 4500.0
1512378089.32 2499.99968286 4500.0
1512378089.43 2499.99969872 4500.0
1512378089.52 2499.99971378 4500.0
1512378089.63 2499.99972809 4500.0
1512378089.73 2499.99974169 4500.0
1512378089.83 2499.9997546 4500.0
1512378089.93 2499.99976687 4500.0
1512378090.03 2499.99977853 4500.0
1512378090.13 2499.9997896 4500.0
1512378090.3 2499.99980012 4500.0
1512378090.37 2499.99981012 4500.0
1512378090.46 2499.99981961 4500.0
1512378090.66 2499.99982863 4500.0
1512378090.74 2499.9998372 4500.0
1512378090.82 2499.99984534 4500.0
1512378090.92 2499.99985307 4500.0
1512378091.02 2499.99986042 4500.0
1512378091.13 2499.9998674 4500.0
1512378091.22 2499.99987403 4500.0
1512378091.4 2499.99988033 4500.0
1512378091.47 2499.99988631 4500.0
1512378091.56 2499.99989199 4500.0
1512378091.66 2499.99989739 4500.0
1512378091.76 2499.99990252 4500.0
1512378091.87 2499.9999074 4500.0
1512378091.98 2499.99991203 4500.0
1512378092.07 2499.99991643 4500.0
1512378092.18 2499.99992061 4500.0
1512378092.27 2499.99992458 4500.0
1512378092.37 2499.99992835 4500.0
1512378092.47 2541.6665986 4500.0
1512378092.58 2581.24993533 4500.0
1512378092.68 2618.85410523 4500.0
1512378092.77 2654.57806664 4500.0
1512378092.88 2688.51582997 4500.0
1512378092.98 2720.75670514 4500.0
1512378093.08 2751.38553655 4500.0
1512378093.18 2780.48292639 4500.0
1512378093.28 2808.12544674 4500.0
1512378093.37 2834.38584107 4500.0
1512378093.48 2859.33321568 4500.0
1512378093.57 2883.03322156 4500.0
1512378093.68 2905.54822715 4500.0
1512378093.78 2926.93748246 4500.0
1512378093.87 2947.257275 4500.0
1512378093.98 2966.56107792 4500.0
1512378094.08 2984.89969069 4500.0
1512378094.19 3002.32137282 4500.0
1512378094.28 3018.87197085 4500.0
1512378094.38 3034.59503897 4500.0
1512378094.48 3049.53195369 4500.0
1512378094.58 3063.72202267 4500.0
1512378094.68 3077.20258821 4500.0
1512378094.78 3090.00912546 4500.0
1512378094.89 3102.17533586 4500.0
1512378094.98 3113.73323573 4500.0
1512378095.07 3124.71324061 4500.0
1512378095.19 3135.14424525 4500.0
1512378095.29 3145.05369965 4500.0
1512378095.39 3154.46768133 4500.0
1512378095.48 3163.41096393 4500.0
1512378095.58 3171.9070824 4500.0
1512378095.68 3179.97839495 4500.0
1512378095.78 3187.64614187 4500.0
1512378095.88 3194.93050144 4500.0
1512378095.98 3201.85064304 4500.0
1512378096.09 3208.42477755 4500.0
1512378096.18 3214.67020534 4500.0
1512378096.29 3220.60336174 4500.0
1512378096.38 3226.23986032 4500.0
1512378096.48 3231.59453397 4500.0
1512378096.58 3236.68147394 4500.0
1512378096.68 3241.51406691 4500.0
1512378096.78 3246.10503023 4500.0
1512378096.88 3250.46644539 4500.0
1512378096.98 3254.60978978 4500.0
1512378097.09 3258.54596696 4500.0
1512378097.18 3262.28533528 4500.0
1512378097.28 3265.83773518 4500.0
1512378097.38 3269.21251509 4500.0
1512378097.49 3272.418556 4500.0
1512378097.58 3275.46429487 4500.0
1512378097.68 3278.35774679 4500.0
1512378097.78 3281.10652612 4500.0
1512378097.89 3283.71786648 4500.0
1512378097.99 3286.19863982 4500.0
1512378098.09 3288.5553745 4500.0
1512378098.19 3290.79427244 4500.0
1512378098.28 3292.92122548 4500.0
1512378098.38 3294.94183088 4500.0
1512378098.48 3296.861406 4500.0
1512378098.58 3298.68500237 4500.0
1512378098.69 3300.41741891 4500.0
1512378098.79 3302.06321464 4500.0
1512378098.89 3303.62672057 4500.0
1512378098.99 3305.11205121 4500.0
1512378099.09 3306.52311531 4500.0
1512378099.18 3307.86362622 4500.0
1512378099.29 3309.13711157 4500.0
1512378099.38 3310.34692266 4500.0
1512378099.49 3311.49624319 4500.0
1512378099.58 3312.5880977 4500.0
1512378099.69 3313.62535948 4500.0
1512378099.79 3314.61075817 4500.0
1512378099.89 3315.54688693 4500.0
1512378099.98 3316.43620925 4500.0
1512378100.08 3317.28106546 4500.0
1512378100.18 3318.08367885 4500.0
1512378100.29 3318.84616157 4500.0
1512378100.39 3319.57052016 4500.0
1512378100.48 3320.25866082 4500.0
1512378100.59 3320.91239445 4500.0
1512378100.69 3321.53344139 4500.0
1512378100.79 3322.12343599 4500.0
1512378100.89 3322.68393086 4500.0
1512378100.99 3323.21640098 4500.0
1512378101.09 3323.7222476 4500.0
1512378101.19 3324.20280188 4500.0
1512378101.29 3324.65932846 4500.0
1512378101.39 3325.0930287 4500.0
1512378101.49 3325.50504393 4500.0
1512378101.59 3325.8964584 4500.0
1512378101.69 3326.26830215 4500.0
1512378101.79 3326.62155371 4500.0
1512378101.89 3326.95714269 4500.0
1512378102.0 3327.27595222 4500.0
1512378102.1 3327.57882128 4500.0
1512378102.19 3327.86654688 4500.0
1512378102.29 3328.1398862 4500.0
1512378102.39 3328.39955856 4500.0
1512378102.49 3328.6462473 4500.0
1512378102.59 3328.8806016 4500.0
1512378102.69 3329.10323819 4500.0
1512378102.79 3329.31474294 4500.0
1512378102.89 3329.51567246 4500.0
1512378102.98 3329.70655551 4500.0
1512378103.09 3329.8878944 4500.0
1512378103.19 3330.06016634 4500.0
1512378103.28 3330.22382469 4500.0
1512378103.4 3330.37930013 4500.0
1512378103.5 3330.52700179 4500.0
1512378103.59 3330.66731836 4500.0
1512378103.69 3330.80061911 4500.0
1512378103.79 3330.92725482 4500.0
1512378103.89 3331.04755875 4500.0
1512378103.99 3331.16184748 4500.0
1512378104.09 3331.27042177 4500.0
1512378104.19 3331.37356735 4500.0
1512378104.29 3331.47155565 4500.0
1512378104.39 3331.56464453 4500.0
1512378104.49 3331.65307897 4500.0
1512378104.6 3331.73709169 4500.0
1512378104.7 3331.81690377 4500.0
1512378104.79 3331.89272525 4500.0
1512378104.9 3331.96475565 4500.0
1512378104.99 3332.03318454 4500.0
1512378105.09 3332.09819198 4500.0
1512378105.19 3332.15994905 4500.0
1512378105.3 3332.21861826 4500.0
1512378105.4 3332.27435401 4500.0
1512378105.5 3332.32730298 4500.0
1512378105.6 3332.3776045 4500.0
1512378105.7 3332.42539094 4500.0
1512378105.8 3332.47078806 4500.0
1512378105.9 3332.51391532 4500.0
1512378106.0 3332.55488622 4500.0
1512378106.1 3332.59380858 4500.0
1512378106.2 3332.63078482 4500.0
1512378106.3 3332.66591224 4500.0
1512378106.4 3332.6992833 4500.0
1512378106.5 3332.7309858 4500.0
1512378106.6 3332.76110318 4500.0
1512378106.7 3332.78971468 4500.0
1512378106.8 3332.81689562 4500.0
1512378106.9 3332.8427175 4500.0
1512378107.0 3332.86724829 4500.0
1512378107.1 3332.89055255 4500.0
1512378107.2 3332.91269158 4500.0
1512378107.3 3332.93372367 4500.0
1512378107.4 3332.95370416 4500.0
1512378107.51 3332.97268561 4500.0
1512378107.6 3332.990718 4500.0
1512378107.71 3333.00784877 4500.0
1512378107.82 3333.024123 4500.0
1512378107.9 3333.03958351 4500.0
1512378108.0 3333.054271 4500.0
1512378108.1 3333.06822412 4500.0
1512378108.2 3333.08147958 4500.0
1512378108.31 3333.09407227 4500.0
1512378108.4 3333.10603532 4500.0
1512378108.51 3333.11740022 4500.0
1512378108.6 3333.12819688 4500.0
1512378108.71 3333.1384537 4500.0
1512378108.8 3333.14819768 4500.0
1512378108.91 3333.15745446 4500.0
1512378109.0 3333.16624841 4500.0
1512378109.11 3333.17460265 4500.0
1512378109.21 3333.18253919 4500.0
1512378109.3 3333.1900789 4500.0
1512378109.4 3333.19724162 4500.0
1512378109.51 3333.2040462 4500.0
1512378109.61 3333.21051056 4500.0
1512378109.71 3333.2166517 4500.0
1512378109.8 3333.22248578 4500.0
1512378109.91 3333.22802816 4500.0
1512378110.01 3333.23329342 4500.0
1512378110.11 3333.23829541 4500.0
1512378110.21 3333.24304731 4500.0
1512378110.3 3333.24756161 4500.0
1512378110.41 3333.2518502 4500.0
1512378110.51 3333.25592435 4500.0
1512378110.61 3333.2597948 4500.0
1512378110.71 3333.26347173 4500.0
1512378110.81 3333.26696481 4500.0
1512378110.91 3333.27028323 4500.0
1512378111.02 3333.27343574 4500.0
1512378111.13 3333.27643062 4500.0
1512378111.22 3333.27927576 4500.0
1512378111.32 3354.11531197 4500.0
1512378111.43 3373.90954637 4500.0
1512378111.53 3392.71406905 4500.0
1512378111.63 3389.74503226 4500.0
1512378111.72 3345.25778065 4500.0
1512378111.82 3344.66155829 4500.0
1512378111.92 3344.09514704 4500.0
1512378112.01 3364.39038969 4500.0
1512378112.11 3383.6708702 4500.0
1512378112.23 3401.98732669 4500.0
1512378112.32 3419.38796036 4500.0
1512378112.42 3435.91856234 4500.0
1512378112.52 3451.62263422 4500.0
1512378112.62 3466.54150251 4500.0
1512378112.72 3480.71442739 4500.0
1512378112.81 3494.17870602 4500.0
1512378112.93 3506.96977072 4500.0
1512378113.03 3519.12128218 4500.0
1512378113.13 3530.66521807 4500.0
1512378113.23 3541.63195717 4500.0
1512378113.31 3552.05035931 4500.0
1512378113.41 3561.94784134 4500.0
1512378113.53 3571.35044928 4500.0
1512378113.63 3580.28292681 4500.0
1512378113.73 3588.76878047 4500.0
1512378113.84 3596.83034145 4500.0
1512378113.93 3604.48882438 4500.0
1512378114.03 3611.76438316 4500.0
1512378114.12 3618.676164 4500.0
1512378114.23 3625.2423558 4500.0
1512378114.33 3631.48023801 4500.0
1512378114.43 3637.40622611 4500.0
1512378114.52 3643.0359148 4500.0
1512378114.63 3648.38411906 4500.0
1512378114.72 3653.46491311 4500.0
1512378114.82 3658.29166745 4500.0
1512378114.92 3662.87708408 4500.0
1512378115.03 3667.23322988 4500.0
1512378115.13 3671.37156838 4500.0
1512378115.23 3675.30298996 4500.0
1512378115.32 3679.03784047 4500.0
1512378115.43 3682.58594844 4500.0
1512378115.54 3685.95665102 4500.0
1512378115.63 3689.15881847 4500.0
1512378115.72 3692.20087755 4500.0
1512378115.83 3695.09083367 4500.0
1512378115.94 3697.83629199 4500.0
1512378116.02 3700.44447739 4500.0
1512378116.12 3702.92225352 4500.0
1512378116.23 3705.27614084 4500.0
1512378116.33 3707.5123338 4500.0
1512378116.43 3709.63671711 4500.0
1512378116.54 3711.65488125 4500.0
1512378116.64 3713.57213719 4500.0
1512378116.74 3715.39353033 4500.0
1512378116.83 3717.12385381 4500.0
1512378116.93 3718.76766112 4500.0
1512378117.04 3720.32927807 4500.0
1512378117.12 3721.81281416 4500.0
1512378117.23 3723.22217346 4500.0
1512378117.33 3724.56106478 4500.0
1512378117.42 3725.83301154 4500.0
1512378117.54 3727.04136097 4500.0
1512378117.63 3728.18929292 4500.0
1512378117.74 3729.27982827 4500.0
1512378117.83 3730.31583686 4500.0
1512378117.94 3731.30004502 4500.0
1512378118.04 3732.23504277 4500.0
1512378118.15 3733.12329063 4500.0
1512378118.23 3733.9671261 4500.0
1512378118.33 3734.76876979 4500.0
1512378118.42 3735.5303313 4500.0
1512378118.53 3736.25381474 4500.0
1512378118.62 3736.941124 4500.0
1512378118.72 3737.5940678 4500.0
1512378118.83 3738.21436441 4500.0
1512378118.93 3738.80364619 4500.0
1512378119.03 3739.36346388 4500.0
1512378119.12 3739.89529069 4500.0
1512378119.24 3740.40052615 4500.0
1512378119.33 3740.88049984 4500.0
1512378119.43 3741.33647485 4500.0
1512378119.52 3741.76965111 4500.0
1512378119.62 3742.18116855 4500.0
1512378119.73 3742.57211013 4500.0
1512378119.83 3742.94350462 4500.0
1512378119.93 3743.29632939 4500.0
1512378120.02 3743.63151292 4500.0
1512378120.13 3743.94993727 4500.0
1512378120.24 3744.25244041 4500.0
1512378120.33 3744.53981839 4500.0
1512378120.45 3744.81282747 4500.0
1512378120.54 3745.0721861 4500.0
1512378120.64 3745.31857679 4500.0
1512378120.74 3745.55264795 4500.0
1512378120.83 3745.77501555 4500.0
1512378120.93 3745.98626478 4500.0
1512378121.04 3746.18695154 4500.0
1512378121.13 3746.37760396 4500.0
1512378121.23 3746.55872376 4500.0
1512378121.34 3746.73078757 4500.0
1512378121.45 3746.8942482 4500.0
1512378121.54 3747.04953579 4500.0
1512378121.62 3747.197059 4500.0
1512378121.74 3747.33720605 4500.0
1512378121.82 3747.47034574 4500.0
1512378121.92 3747.59682846 4500.0
1512378122.04 3747.71698703 4500.0
1512378122.13 3747.83113768 4500.0
1512378122.24 3747.9395808 4500.0
1512378122.32 3748.04260176 4500.0
1512378122.44 3748.14047167 4500.0
1512378122.53 3748.23344809 4500.0
1512378122.63 3748.32177568 4500.0
1512378122.72 3748.4056869 4500.0
1512378122.83 3748.48540255 4500.0
1512378122.93 3748.56113243 4500.0
1512378123.02 3748.6330758 4500.0
1512378123.13 3748.70142201 4500.0
1512378123.23 3748.76635091 4500.0
1512378123.34 3748.82803337 4500.0
1512378123.42 3748.8866317 4500.0
1512378123.53 3748.94230011 4500.0
1512378123.63 3748.99518511 4500.0
1512378123.74 3749.04542585 4500.0
1512378123.84 3749.09315456 4500.0
1512378123.94 3749.13849683 4500.0
1512378124.03 3749.18157199 4500.0
1512378124.13 3749.22249339 4500.0
1512378124.24 3749.26136872 4500.0
1512378124.33 3749.29830029 4500.0
1512378124.43 3749.33338527 4500.0
1512378124.52 3749.36671601 4500.0
1512378124.62 3749.39838021 4500.0
1512378124.73 3749.4284612 4500.0
1512378124.83 3749.45703814 4500.0
1512378124.94 3749.48418623 4500.0
1512378125.04 3749.50997692 4500.0
1512378125.14 3749.53447807 4500.0
1512378125.24 3749.55775417 4500.0
1512378125.34 3749.57986646 4500.0
1512378125.43 3749.60087314 4500.0
1512378125.54 3749.62082948 4500.0
1512378125.64 3749.63978801 4500.0
1512378125.73 3749.65779861 4500.0
1512378125.84 3749.67490868 4500.0
1512378125.93 3749.69116324 4500.0
1512378126.03 3749.70660508 4500.0
1512378126.13 3749.72127483 4500.0
1512378126.23 3749.73521109 4500.0
1512378126.33 3749.74845053 4500.0
1512378126.44 3749.761028 4500.0
1512378126.54 3749.7729766 4500.0
1512378126.63 3749.78432777 4500.0
1512378126.74 3749.79511139 4500.0
1512378126.84 3749.80535582 4500.0
1512378126.93 3749.81508803 4500.0
1512378127.05 3749.82433362 4500.0
1512378127.15 3749.83311694 4500.0
1512378127.24 3749.8414611 4500.0
1512378127.34 3749.84938804 4500.0
1512378127.44 3749.85691864 4500.0
1512378127.55 3749.86407271 4500.0
1512378127.64 3749.87086907 4500.0
1512378127.74 3749.87732562 4500.0
1512378127.84 3749.88345934 4500.0
1512378127.96 3749.88928637 4500.0
1512378128.05 3749.89482205 4500.0
1512378128.15 3749.90008095 4500.0
1512378128.25 3749.9050769 4500.0
1512378128.35 3749.90982306 4500.0
1512378128.44 3749.9143319 4500.0
1512378128.55 3749.91861531 4500.0
1512378128.65 3749.92268454 4500.0
1512378128.75 3749.92655032 4500.0
1512378128.84 3749.9302228 4500.0
1512378128.96 3749.93371166 4500.0
1512378129.05 3749.93702608 4500.0
1512378129.15 3749.94017477 4500.0
1512378129.25 3749.94316603 4500.0
1512378129.35 3749.94600773 4500.0
1512378129.45 3749.94870735 4500.0
1512378129.56 3749.95127198 4500.0
1512378129.65 3749.95370838 4500.0
1512378129.75 3749.95602296 4500.0
1512378129.85 3749.95822181 4500.0
1512378129.96 3749.96031072 4500.0
1512378130.06 3749.96229519 4500.0
1512378130.16 3749.96418043 4500.0
1512378130.25 3749.96597141 4500.0
1512378130.35 3749.96767284 4500.0
1512378130.45 3749.96928919 4500.0
1512378130.56 3749.97082473 4500.0
1512378130.67 3749.9722835 4500.0
1512378130.75 3749.97366932 4500.0
1512378130.85 3749.97498586 4500.0
1512378130.95 3749.97623656 4500.0
1512378131.05 3749.97742474 4500.0
1512378131.16 3749.9785535 4500.0
1512378131.26 3749.97962582 4500.0
1512378131.36 3749.98064453 4500.0
1512378131.46 3749.98161231 4500.0
1512378131.56 3749.98253169 4500.0
1512378131.66 3749.98340511 4500.0
1512378131.75 3749.98423485 4500.0
1512378131.85 3749.98502311 4500.0
1512378131.96 3749.98577195 4500.0
1512378132.06 3749.98648336 4500.0
1512378132.16 3749.98715919 4500.0
1512378132.26 3749.98780123 4500.0
1512378132.36 3749.98841117 4500.0
1512378132.46 3749.98899061 4500.0
1512378132.56 3749.98954108 4500.0
1512378132.67 3749.99006402 4500.0
1512378132.76 3749.99056082 4500.0
1512378132.86 3749.99103278 4500.0
1512378132.96 3749.99148114 4500.0
1512378133.06 3749.99190709 4500.0
1512378133.16 3749.99231173 4500.0
1512378133.26 3749.99269614 4500.0
1512378133.36 3749.99306134 4500.0
1512378133.46 3749.99340827 4500.0
1512378133.56 3749.99373786 4500.0
1512378133.67 3749.99405096 4500.0
1512378133.77 3749.99434842 4500.0
1512378133.87 3749.994631 4500.0
1512378133.97 3749.99489945 4500.0
1512378134.07 3749.99515447 4500.0
1512378134.17 3749.99539675 4500.0
1512378134.26 3749.99562691 4500.0
1512378134.36 3749.99584557 4500.0
1512378134.47 3749.99605329 4500.0
1512378134.57 3749.99625062 4500.0
1512378134.67 3749.99643809 4500.0
1512378134.77 3749.99661619 4500.0
1512378134.88 3749.99678538 4500.0
1512378134.97 3749.99694611 4500.0
1512378135.06 3749.9970988 4500.0
1512378135.17 3749.99724386 4500.0
1512378135.27 3749.99738167 4500.0
1512378135.37 3749.99751259 4500.0
1512378135.47 3749.99763696 4500.0
1512378135.57 3749.99775511 4500.0
1512378135.68 3749.99786735 4500.0
1512378135.77 3749.99797399 4500.0
1512378135.88 3749.99807529 4500.0
1512378135.97 3749.99817152 4500.0
1512378136.07 3749.99826295 4500.0
1512378136.18 3749.9983498 4500.0
1512378136.27 3749.99843231 4500.0
1512378136.37 3749.99851069 4500.0
1512378136.47 3749.99858516 4500.0
1512378136.58 3749.9986559 4500.0
1512378136.67 3749.99872311 4500.0
1512378136.77 3749.99878695 4500.0
1512378136.88 3749.9988476 4500.0
1512378136.98 3749.99890522 4500.0
1512378137.08 3749.99895996 4500.0
1512378137.18 3749.99901196 4500.0
1512378137.28 3749.99906137 4500.0
1512378137.39 3749.9991083 4500.0
1512378137.48 3749.99915288 4500.0
1512378137.58 3749.99919524 4500.0
1512378137.68 3749.99923548 4500.0
1512378137.78 3749.9992737 4500.0
1512378137.88 3749.99931002 4500.0
1512378137.99 3749.99934452 4500.0
1512378138.09 3749.99937729 4500.0
1512378138.19 3749.99940843 4500.0
1512378138.28 3749.99943801 4500.0
1512378138.39 3749.9994661 4500.0
1512378138.49 3749.9994928 4500.0
1512378138.59 3749.99951816 4500.0
1512378138.69 3749.99954225 4500.0
1512378138.79 3749.99956514 4500.0
1512378138.89 3749.99958688 4500.0
1512378138.98 3749.99960754 4500.0
1512378139.1 3749.99962716 4500.0
1512378139.19 3749.9996458 4500.0
1512378139.29 3749.99966351 4500.0
1512378139.39 3749.99968034 4500.0
1512378139.5 3749.99969632 4500.0
1512378139.6 3749.9997115 4500.0
1512378139.7 3749.99972593 4500.0
1512378139.8 3749.99973963 4500.0
1512378139.9 3749.99975265 4500.0
1512378140.0 3749.99976502 4500.0
1512378140.09 3749.99977677 4500.0
1512378140.2 3749.99978793 4500.0
1512378140.29 3749.99979853 4500.0
1512378140.39 3749.99980861 4500.0
1512378140.48 3749.99981818 4500.0
1512378140.59 3749.99982727 4500.0
1512378140.69 3749.9998359 4500.0
1512378140.79 3749.99984411 4500.0
1512378140.9 3749.9998519 4500.0
1512378141.0 3749.99985931 4500.0
1512378141.1 3749.99986634 4500.0
1512378141.2 3749.99987303 4500.0
1512378141.3 3749.99987937 4500.0
1512378141.4 3749.99988541 4500.0
1512378141.5 3749.99989114 4500.0
1512378141.6 3749.99989658 4500.0
1512378141.69 3749.99990175 4500.0
1512378141.8 3749.99990666 4500.0
1512378141.9 3749.99991133 4500.0
1512378142.0 3749.99991576 4500.0
1512378142.1 3749.99991997 4500.0
1512378142.2 3749.99992398 4500.0
1512378142.3 3749.99992778 4500.0
1512378142.41 3749.99993139 4500.0
1512378142.5 3729.16660149 4500.0
1512378142.6 3730.20827141 4500.0
1512378142.71 3731.19785784 4500.0
1512378142.81 3732.13796495 4500.0
1512378142.89 3733.0310667 4500.0
1512378142.99 3733.87951337 4500.0
1512378143.11 3734.6855377 4500.0
1512378143.2 3735.45126081 4500.0
1512378143.3 3736.17869777 4500.0
1512378143.4 3736.86976288 4500.0
1512378143.5 3737.52627474 4500.0
1512378143.6 3738.149961 4500.0
1512378143.7 3738.74246295 4500.0
1512378143.8 3739.3053398 4500.0
1512378143.9 3739.84007281 4500.0
1512378144.0 3740.34806917 4500.0
1512378144.11 3740.83066572 4500.0
1512378144.21 3741.28913243 4500.0
1512378144.31 3741.72467581 4500.0
1512378144.41 3742.13844202 4500.0
1512378144.51 3742.53151992 4500.0
1512378144.62 3742.90494392 4500.0
1512378144.71 3743.25969672 4500.0
1512378144.81 3743.59671189 4500.0
1512378144.91 3743.91687629 4500.0
1512378145.01 3744.22103248 4500.0
1512378145.1 3723.67664752 4500.0
1512378145.21 3704.15948181 4500.0
1512378145.32 3706.45150772 4500.0
1512378145.41 3708.62893234 4500.0
1512378145.51 3710.69748572 4500.0
1512378145.61 3712.66261143 4500.0
1512378145.72 3714.52948086 4500.0
1512378145.81 3716.30300682 4500.0
1512378145.91 3717.98785648 4500.0
1512378146.02 3719.58846365 4500.0
1512378146.11 3721.10904047 4500.0
1512378146.22 3722.55358845 4500.0
1512378146.33 3723.92590902 4500.0
1512378146.42 3725.22961357 4500.0
1512378146.52 3726.4681329 4500.0
1512378146.62 3727.64472625 4500.0
1512378146.72 3728.76248994 4500.0
1512378146.82 3729.82436544 4500.0
1512378146.91 3730.83314717 4500.0
1512378147.03 3731.79148981 4500.0
1512378147.13 3732.70191532 4500.0
1512378147.23 3733.56681955 4500.0
1512378147.32 3734.38847858 4500.0
1512378147.42 3735.16905465 4500.0
1512378147.52 3673.41060192 4500.0
1512378147.63 3656.40673849 4500.0
1512378147.73 3640.25306823 4500.0
1512378147.82 3645.74041482 4500.0
1512378147.92 3650.95339408 4500.0
1512378148.03 3655.90572437 4500.0
1512378148.13 3660.61043815 4500.0
1512378148.22 3665.07991625 4500.0
1512378148.33 3669.32592043 4500.0
1512378148.43 3673.35962441 4500.0
1512378148.52 3677.19164319 4500.0
1512378148.63 3680.83206103 4500.0
1512378148.73 3684.29045798 4500.0
1512378148.83 3687.57593508 4500.0
1512378148.94 3690.69713833 4500.0
1512378149.03 3693.66228141 4500.0
1512378149.13 3696.47916734 4500.0
1512378149.24 3699.15520897 4500.0
1512378149.33 3701.69744852 4500.0
1512378149.43 3704.1125761 4500.0
1512378149.54 3706.40694729 4500.0
1512378149.63 3708.58659993 4500.0
1512378149.73 3710.65726993 4500.0
1512378149.83 3712.62440644 4500.0
1512378149.94 3714.49318611 4500.0
1512378150.05 3716.26852681 4500.0
1512378150.14 3697.12176713 4500.0
1512378150.24 3678.93234544 4500.0
1512378150.34 3661.65239484 4500.0
1512378150.45 3666.0697751 4500.0
1512378150.54 3670.26628634 4500.0
1512378150.64 3674.25297202 4500.0
1512378150.73 3678.04032342 4500.0
1512378150.83 3681.63830725 4500.0
1512378150.92 3685.05639189 4500.0
1512378151.03 3688.3035723 4500.0
1512378151.13 3691.38839368 4500.0
1512378151.22 3694.318974 4500.0
1512378151.33 3697.1030253 4500.0
1512378151.43 3699.74787403 4500.0
1512378151.53 3702.26048033 4500.0
1512378151.64 3704.64745631 4500.0
1512378151.73 3706.9150835 4500.0
1512378151.84 3709.06932932 4500.0
1512378151.94 3711.11586286 4500.0
1512378152.05 3713.06006971 4500.0
1512378152.14 3714.90706623 4500.0
1512378152.25 3716.66171292 4500.0
1512378152.35 3718.32862727 4500.0
1512378152.43 3719.91219591 4500.0
1512378152.54 3721.41658611 4500.0
1512378152.64 3722.84575681 4500.0
1512378152.75 3724.20346897 4500.0
1512378152.85 3725.49329552 4500.0
1512378152.94 3705.88529741 4500.0
1512378153.04 3708.09103254 4500.0
1512378153.15 3710.18648091 4500.0
1512378153.24 3712.17715687 4500.0
1512378153.33 3714.06829902 4500.0
1512378153.43 3715.86488407 4500.0
1512378153.55 3717.57163987 4500.0
1512378153.64 3719.19305787 4500.0
1512378153.75 3720.73340498 4500.0
1512378153.86 3722.19673473 4500.0
1512378153.95 3723.586898 4500.0
1512378154.04 3724.9075531 4500.0
1512378154.14 3726.16217544 4500.0
1512378154.24 3727.35406667 4500.0
1512378154.34 3728.48636334 4500.0
1512378154.44 3729.56204517 4500.0
1512378154.55 3730.58394291 4500.0
1512378154.65 3731.55474576 4500.0
1512378154.75 3732.47700848 4500.0
1512378154.85 3733.35315805 4500.0
1512378154.94 3734.18550015 4500.0
1512378155.04 3734.97622514 4500.0
1512378155.14 3735.72741389 4500.0
1512378155.25 3736.44104319 4500.0
1512378155.35 3737.11899103 4500.0
1512378155.44 3737.76304148 4500.0
1512378155.55 3738.37488941 4500.0
1512378155.65 3738.95614494 4500.0
1512378155.74 3739.50833769 4500.0
1512378155.85 3740.0329208 4500.0
1512378155.96 3740.53127476 4500.0
1512378156.04 3741.00471103 4500.0
1512378156.15 3741.45447547 4500.0
1512378156.25 3741.8817517 4500.0
1512378156.35 3742.28766412 4500.0
1512378156.45 3742.67328091 4500.0
1512378156.55 3743.03961686 4500.0
1512378156.66 3743.38763602 4500.0
1512378156.76 3743.71825422 4500.0
1512378156.85 3744.03234151 4500.0
1512378156.96 3744.33072443 4500.0
1512378157.05 3744.61418821 4500.0
1512378157.16 3744.8834788 4500.0
1512378157.26 3724.30597153 4500.0
1512378157.36 3704.75733962 4500.0
1512378157.45 3686.1861393 4500.0
1512378157.55 3689.37683234 4500.0
1512378157.65 3692.40799072 4500.0
1512378157.75 3695.28759119 4500.0
1512378157.85 3698.02321163 4500.0
1512378157.95 3700.62205105 4500.0
1512378158.05 3703.09094849 4500.0
1512378158.15 3705.43640107 4500.0
1512378158.25 3707.66458101 4500.0
1512378158.35 3709.78135196 4500.0
1512378158.45 3711.79228437 4500.0
1512378158.55 3713.70267015 4500.0
1512378158.65 3715.51753664 4500.0
1512378158.76 3717.24165981 4500.0
1512378158.86 3718.87957682 4500.0
1512378158.96 3720.43559798 4500.0
1512378159.06 3721.91381808 4500.0
1512378159.16 3723.31812717 4500.0
1512378159.25 3724.65222082 4500.0
1512378159.36 3725.91960977 4500.0
1512378159.46 3727.12362929 4500.0
1512378159.56 3728.26744782 4500.0
1512378159.65 3729.35407543 4500.0
1512378159.76 3730.38637166 4500.0
1512378159.86 3731.36705308 4500.0
1512378159.97 3732.29870042 4500.0
1512378160.06 3733.1837654 4500.0
1512378160.17 3734.02457713 4500.0
1512378160.26 3734.82334827 4500.0
1512378160.36 3735.58218086 4500.0
1512378160.47 3736.30307182 4500.0
1512378160.56 3736.98791823 4500.0
1512378160.67 3737.63852232 4500.0
1512378160.77 3738.2565962 4500.0
1512378160.87 3738.84376639 4500.0
1512378160.97 3739.40157807 4500.0
1512378161.06 3739.93149917 4500.0
1512378161.17 3740.43492421 4500.0
1512378161.28 3740.913178 4500.0
1512378161.38 3741.3675191 4500.0
1512378161.47 3741.79914314 4500.0
1512378161.57 3742.20918599 4500.0
1512378161.66 3742.59872669 4500.0
1512378161.76 3742.96879035 4500.0
1512378161.86 3680.82035083 4500.0
1512378161.96 3684.27933329 4500.0
1512378162.07 3687.56536663 4500.0
1512378162.17 3690.6870983 4500.0
1512378162.27 3693.65274338 4500.0
1512378162.37 3696.47010621 4500.0
1512378162.47 3699.1466009 4500.0
1512378162.56 3701.68927086 4500.0
1512378162.67 3704.10480731 4500.0
1512378162.77 3706.39956695 4500.0
1512378162.88 3708.5795886 4500.0
1512378162.98 3710.65060917 4500.0
1512378163.08 3712.61807871 4500.0
1512378163.18 3714.48717478 4500.0
1512378163.28 3716.26281604 4500.0
1512378163.38 3717.94967524 4500.0
1512378163.48 3719.55219147 4500.0
1512378163.58 3721.0745819 4500.0
1512378163.67 3722.52085281 4500.0
1512378163.78 3723.89481017 4500.0
1512378163.88 3725.20006966 4500.0
1512378163.98 3726.44006617 4500.0
1512378164.08 3727.61806287 4500.0
1512378164.18 3728.73715972 4500.0
1512378164.28 3729.80030174 4500.0
1512378164.37 3730.81028665 4500.0
1512378164.48 3731.76977232 4500.0
1512378164.58 3732.6812837 4500.0
1512378164.68 3733.54721952 4500.0
1512378164.78 3734.36985854 4500.0
1512378164.88 3735.15136561 4500.0
1512378164.98 3735.89379733 4500.0
1512378165.09 3736.59910747 4500.0
1512378165.18 3737.26915209 4500.0
1512378165.28 3737.90569449 4500.0
1512378165.38 3738.51040976 4500.0
1512378165.48 3739.08488928 4500.0
1512378165.57 3739.63064481 4500.0
1512378165.69 3740.14911257 4500.0
1512378165.78 3740.64165694 4500.0
1512378165.88 3741.1095741 4500.0
1512378165.98 3741.55409539 4500.0
1512378166.09 3741.97639062 4500.0
1512378166.19 3742.37757109 4500.0
1512378166.28 3742.75869254 4500.0
1512378166.39 3743.12075791 4500.0
1512378166.48 3743.46472001 4500.0
1512378166.59 3743.79148401 4500.0
1512378166.7 3744.10190981 4500.0
1512378166.79 3744.39681432 4500.0
1512378166.89 3744.67697361 4500.0
1512378166.99 3744.94312493 4500.0
1512378167.1 3745.19596868 4500.0
1512378167.19 3745.43617024 4500.0
1512378167.29 3745.66436173 4500.0
1512378167.4 3745.88114365 4500.0
1512378167.49 3746.08708646 4500.0
1512378167.6 3746.28273214 4500.0
1512378167.69 3746.46859553 4500.0
1512378167.79 3746.64516576 4500.0
1512378167.9 3746.81290747 4500.0
1512378168.0 3746.9722621 4500.0
1512378168.1 3747.12364899 4500.0
1512378168.2 3747.26746654 4500.0
1512378168.3 3747.40409321 4500.0
1512378168.39 3747.53388855 4500.0
1512378168.49 3747.65719413 4500.0
1512378168.6 3747.77433442 4500.0
1512378168.7 3747.8856177 4500.0
1512378168.79 3747.99133681 4500.0
1512378168.9 3748.09176997 4500.0
1512378169.0 3748.18718147 4500.0
1512378169.1 3748.2778224 4500.0
1512378169.21 3748.36393128 4500.0
1512378169.3 3748.44573472 4500.0
1512378169.4 3748.52344798 4500.0
1512378169.5 3748.59727558 4500.0
1512378169.61 3748.6674118 4500.0
1512378169.7 3748.73404121 4500.0
1512378169.8 3748.79733915 4500.0
1512378169.91 3748.85747219 4500.0
1512378170.0 3748.91459858 4500.0
1512378170.12 3748.96886866 4500.0
1512378170.21 3749.02042522 4500.0
1512378170.31 3749.06940396 4500.0
1512378170.41 3749.11593376 4500.0
1512378170.51 3749.16013708 4500.0
1512378170.6 3749.20213022 4500.0
1512378170.71 3749.24202371 4500.0
1512378170.81 3749.27992252 4500.0
1512378170.91 3749.3159264 4500.0
1512378171.01 3749.35013008 4500.0
1512378171.11 3749.38262357 4500.0
1512378171.21 3749.4134924 4500.0
1512378171.31 3749.44281778 4500.0
1512378171.41 3749.47067689 4500.0
1512378171.51 3749.49714304 4500.0
1512378171.61 3749.52228589 4500.0
1512378171.74 3749.5461716 4500.0
1512378171.82 3749.56886302 4500.0
1512378171.91 3749.59041987 4500.0
1512378172.01 3749.61089887 4500.0
1512378172.11 3749.63035393 4500.0
1512378172.21 3749.64883623 4500.0
1512378172.31 3749.66639442 4500.0
1512378172.41 3749.6830747 4500.0
1512378172.51 3749.69892096 4500.0
1512378172.62 3749.71397492 4500.0
1512378172.72 3749.72827617 4500.0
1512378172.82 3749.74186236 4500.0
1512378172.92 3749.75476924 4500.0
1512378173.02 3749.76703078 4500.0
1512378173.12 3749.77867924 4500.0
1512378173.23 3749.78974528 4500.0
1512378173.32 3749.80025802 4500.0
1512378173.41 3749.81024512 4500.0
1512378173.51 3749.81973286 4500.0
1512378173.62 3749.82874622 4500.0
1512378173.71 3749.83730891 4500.0
1512378173.8 3749.84544346 4500.0
1512378173.91 3749.85317129 4500.0
1512378174.01 3749.86051272 4500.0
1512378174.11 3749.86748709 4500.0
1512378174.21 3749.87411273 4500.0
1512378174.31 3749.8804071 4500.0
1512378174.42 3749.88638674 4500.0
1512378174.52 3749.8920674 4500.0
1512378174.61 3749.89746403 4500.0
1512378174.71 3749.90259083 4500.0
1512378174.82 3749.90746129 4500.0
1512378174.91 3749.91208823 4500.0
1512378175.01 3749.91648381 4500.0
1512378175.11 3749.92065962 4500.0
1512378175.22 3749.92462664 4500.0
1512378175.32 3749.92839531 4500.0
1512378175.41 3749.93197555 4500.0
1512378175.52 3749.93537677 4500.0
1512378175.62 3749.93860793 4500.0
1512378175.72 3749.94167753 4500.0
1512378175.81 3749.94459366 4500.0
1512378175.92 3749.94736397 4500.0
1512378176.02 3749.94999577 4500.0
1512378176.12 3749.95249599 4500.0
1512378176.22 3749.95487119 4500.0
1512378176.32 3749.95712763 4500.0
1512378176.42 3749.95927125 4500.0
1512378176.52 3749.96130768 4500.0
1512378176.63 3749.9632423 4500.0
1512378176.72 3749.96508018 4500.0
1512378176.82 3749.96682618 4500.0
1512378176.92 3749.96848487 4500.0
1512378177.03 3749.97006062 4500.0
1512378177.13 3749.97155759 4500.0
1512378177.23 3749.97297971 4500.0
1512378177.32 3749.97433073 4500.0
1512378177.42 3749.97561419 4500.0
1512378177.52 3749.97683348 4500.0
1512378177.63 3749.97799181 4500.0
1512378177.72 3749.97909222 4500.0
1512378177.83 3749.98013761 4500.0
1512378177.93 3749.98113073 4500.0
1512378178.03 3749.98207419 4500.0
1512378178.13 3749.98297048 4500.0
1512378178.23 3749.98382196 4500.0
1512378178.33 3749.98463086 4500.0
1512378178.43 3749.98539932 4500.0
1512378178.52 3749.98612935 4500.0
1512378178.62 3749.98682288 4500.0
1512378178.72 3749.98748174 4500.0
1512378178.82 3749.98810765 4500.0
1512378178.92 3749.98870227 4500.0
1512378179.03 3749.98926715 4500.0
1512378179.13 3749.9898038 4500.0
1512378179.24 3749.99031361 4500.0
1512378179.33 3749.99079793 4500.0
1512378179.44 3749.99125803 4500.0
1512378179.53 3749.99169513 4500.0
1512378179.64 3749.99211037 4500.0
1512378179.73 3749.99250485 4500.0
1512378179.84 3749.99287961 4500.0
1512378179.94 3749.99323563 4500.0
1512378180.05 3749.99357385 4500.0
1512378180.14 3749.99389516 4500.0
1512378180.24 3749.9942004 4500.0
1512378180.34 3749.99449038 4500.0
1512378180.44 3749.99476586 4500.0
1512378180.54 3749.99502757 4500.0
1512378180.64 3749.99527619 4500.0
1512378180.75 3749.99551238 4500.0
1512378180.85 3749.99573676 4500.0
1512378180.94 3749.99594992 4500.0
1512378181.05 3749.99615243 4500.0
1512378181.15 3749.9963448 4500.0
1512378181.25 3749.99652756 4500.0
1512378181.35 3749.99670119 4500.0
1512378181.44 3749.99686613 4500.0
1512378181.55 3749.99702282 4500.0
1512378181.65 3749.99717168 4500.0
1512378181.76 3749.9973131 4500.0
1512378181.85 3749.99744744 4500.0
1512378181.96 3749.99757507 4500.0
1512378182.06 3749.99769632 4500.0
1512378182.15 3749.9978115 4500.0
1512378182.25 3749.99792092 4500.0
1512378182.36 3749.99802488 4500.0
1512378182.45 3749.99812363 4500.0
1512378182.56 3749.99821745 4500.0
1512378182.65 3749.99830658 4500.0
1512378182.75 3749.99839125 4500.0
1512378182.86 3749.99847169 4500.0
1512378182.96 3749.9985481 4500.0
1512378183.05 3749.9986207 4500.0
1512378183.16 3749.99868966 4500.0
1512378183.27 3749.99875518 4500.0
1512378183.36 3749.99881742 4500.0
1512378183.46 3749.99887655 4500.0
1512378183.57 3749.99893272 4500.0
1512378183.66 3749.99898609 4500.0
1512378183.76 3749.99903678 4500.0
1512378183.86 3749.99908494 4500.0
1512378183.96 3749.9991307 4500.0
1512378184.07 3749.99917416 4500.0
1512378184.17 3749.99921545 4500.0
1512378184.27 3749.99925468 4500.0
1512378184.36 3749.99929195 4500.0
1512378184.47 3749.99932735 4500.0
1512378184.57 3749.99936098 4500.0
1512378184.67 3749.99939293 4500.0
1512378184.77 3749.99942329 4500.0
1512378184.87 3749.99945212 4500.0
1512378184.98 3749.99947952 4500.0
1512378185.06 3749.99950554 4500.0
1512378185.17 3749.99953026 4500.0
1512378185.28 3749.99955375 4500.0
1512378185.38 3749.99957606 4500.0
1512378185.48 3749.99959726 4500.0
1512378185.58 3749.9996174 4500.0
1512378185.68 3749.99963653 4500.0
1512378185.78 3749.9996547 4500.0
1512378185.88 3749.99967197 4500.0
1512378185.98 3749.99968837 4500.0
1512378186.08 3749.99970395 4500.0
1512378186.18 3749.99971875 4500.0
1512378186.28 3749.99973281 4500.0
1512378186.38 3749.99974617 4500.0
1512378186.48 3749.99975886 4500.0
1512378186.58 3749.99977092 4500.0
1512378186.69 3749.99978237 4500.0
1512378186.78 3749.99979326 4500.0
1512378186.88 3749.99980359 4500.0
1512378186.98 3749.99981341 4500.0
1512378187.09 3749.99982274 4500.0
1512378187.18 3749.99983161 4500.0
1512378187.29 3749.99984003 4500.0
1512378187.37 3749.99984802 4500.0
1512378187.49 3749.99985562 4500.0
1512378187.59 3749.99986284 4500.0
1512378187.69 3749.9998697 4500.0
1512378187.79 3749.99987621 4500.0
1512378187.9 3749.9998824 4500.0
1512378187.99 3749.99988828 4500.0
1512378188.09 3749.99989387 4500.0
1512378188.2 3749.99989918 4500.0
1512378188.29 3749.99990422 4500.0
1512378188.39 3749.99990901 4500.0
1512378188.48 3749.99991356 4500.0
1512378188.59 3749.99991788 4500.0
1512378188.69 3749.99992198 4500.0
1512378188.79 3749.99992589 4500.0
1512378188.89 3749.99992959 4500.0
1512378189.0 3749.99993311 4500.0
1512378189.09 3749.99993646 4500.0
1512378189.2 3749.99993963 4500.0
1512378189.29 3749.99994265 4500.0
1512378189.4 3749.99994552 4500.0
1512378189.49 3749.99994824 4500.0
1512378189.6 3749.99995083 4500.0
1512378189.69 3749.99995329 4500.0
1512378189.79 3749.99995562 4500.0
1512378189.9 3749.99995784 4500.0
1512378190.0 3749.99995995 4500.0
1512378190.1 3749.99996195 4500.0
1512378190.2 3749.99996386 4500.0
1512378190.29 3749.99996566 4500.0
1512378190.39 3749.99996738 4500.0
1512378190.5 3749.99996901 4500.0
1512378190.6 3749.99997056 4500.0
1512378190.69 3749.99997203 4500.0
1512378190.8 3749.99997343 4500.0
1512378190.9 3749.99997476 4500.0
1512378191.0 3749.99997602 4500.0
1512378191.1 3749.99997722 4500.0
1512378191.21 3749.99997836 4500.0
1512378191.3 3749.99997944 4500.0
1512378191.41 3749.99998047 4500.0
1512378191.5 3749.99998145 4500.0
1512378191.61 3749.99998237 4500.0
1512378191.71 3749.99998325 4500.0
1512378191.8 3749.99998409 4500.0
1512378191.91 3749.99998489 4500.0
1512378192.01 3749.99998564 4500.0
1512378192.1 3749.99998636 4500.0
1512378192.21 3749.99998704 4500.0
1512378192.31 3749.99998769 4500.0
1512378192.41 3749.99998831 4500.0
1512378192.5 3749.99998889 4500.0
1512378192.61 3749.99998945 4500.0
1512378192.7 3749.99998997 4500.0
1512378192.8 3749.99999048 4500.0
1512378192.91 3749.99999095 4500.0
1512378193.01 3749.9999914 4500.0
1512378193.11 3749.99999183 4500.0
1512378193.21 3749.99999224 4500.0
1512378193.32 3749.99999263 4500.0
1512378193.41 3749.999993 4500.0
1512378193.51 3749.99999335 4500.0
1512378193.61 3749.99999368 4500.0
1512378193.71 3749.999994 4500.0
1512378193.81 3749.9999943 4500.0
1512378193.91 3749.99999458 4500.0
1512378194.01 3749.99999485 4500.0
1512378194.11 3749.99999511 4500.0
1512378194.21 3749.99999536 4500.0
1512378194.32 3749.99999559 4500.0
1512378194.41 3749.99999581 4500.0
1512378194.51 3749.99999602 4500.0
1512378194.62 3749.99999622 4500.0
1512378194.71 3749.99999641 4500.0
1512378194.81 3749.99999659 4500.0
1512378194.92 3749.99999676 4500.0
1512378195.02 3749.99999692 4500.0
1512378195.12 3749.99999707 4500.0
1512378195.22 3749.99999722 4500.0
1512378195.32 3749.99999736 4500.0
1512378195.42 3749.99999749 4500.0
1512378195.51 3749.99999762 4500.0
1512378195.62 3749.99999773 4500.0
1512378195.72 3749.99999785 4500.0
1512378195.81 3749.99999796 4500.0
1512378195.92 3749.99999806 4500.0
1512378196.02 3749.99999815 4500.0
1512378196.12 3749.99999825 4500.0
1512378196.22 3749.99999833 4500.0
1512378196.32 3749.99999842 4500.0
1512378196.41 3749.9999985 4500.0
1512378196.52 3749.99999857 4500.0
1512378196.61 3749.99999864 4500.0
1512378196.72 3749.99999871 4500.0
1512378196.82 3749.99999878 4500.0
1512378196.92 3749.99999884 4500.0
1512378197.02 3749.9999989 4500.0
1512378197.12 3749.99999895 4500.0
1512378197.22 3749.999999 4500.0
1512378197.32 3749.99999905 4500.0
1512378197.42 3749.9999991 4500.0
1512378197.53 3749.99999915 4500.0
1512378197.63 3749.99999919 4500.0
1512378197.72 3749.99999923 4500.0
1512378197.83 3749.99999927 4500.0
1512378197.93 3749.9999993 4500.0
1512378198.03 3749.99999934 4500.0
1512378198.13 3749.99999937 4500.0
1512378198.22 3749.9999994 4500.0
1512378198.32 3749.99999943 4500.0
1512378198.43 3749.99999946 4500.0
1512378198.52 3749.99999949 4500.0
1512378198.62 3749.99999951 4500.0
1512378198.73 3749.99999954 4500.0
1512378198.84 3749.99999956 4500.0
1512378198.91 3749.99999958 4500.0
1512378199.02 3749.9999996 4500.0
1512378199.12 3749.99999962 4500.0
1512378199.23 3749.99999964 4500.0
1512378199.33 3749.99999966 4500.0
1512378199.42 3749.99999968 4500.0
1512378199.52 3749.99999969 4500.0
1512378199.63 3749.99999971 4500.0
1512378199.72 3749.99999972 4500.0
1512378199.83 3749.99999974 4500.0
1512378199.93 3749.99999975 4500.0
1512378200.04 3749.99999976 4500.0
1512378200.13 3749.99999977 4500.0
1512378200.23 3749.99999979 4500.0
1512378200.33 3749.9999998 4500.0
1512378200.43 3749.99999981 4500.0
1512378200.54 3749.99999982 4500.0
1512378200.62 3749.99999983 4500.0
1512378200.73 3749.99999983 4500.0
1512378200.83 3749.99999984 4500.0
1512378200.93 3749.99999985 4500.0
1512378201.04 3749.99999986 4500.0
1512378201.14 3749.99999987 4500.0
1512378201.24 3749.99999987 4500.0
1512378201.34 3749.99999988 4500.0
1512378201.44 3749.99999988 4500.0
1512378201.53 3749.99999989 4500.0
1512378201.64 3749.9999999 4500.0
1512378201.72 3749.9999999 4500.0
1512378201.83 3749.99999991 4500.0
1512378201.93 3749.99999991 4500.0
1512378202.03 3749.99999991 4500.0
1512378202.14 3749.99999992 4500.0
1512378202.23 3749.99999992 4500.0
1512378202.33 3749.99999993 4500.0
1512378202.44 3749.99999993 4500.0
1512378202.53 3749.99999993 4500.0
1512378202.63 3749.99999994 4500.0
1512378202.73 3749.99999994 4500.0
1512378202.83 3749.99999994 4500.0
1512378202.95 3749.99999995 4500.0
1512378203.04 3749.99999995 4500.0
1512378203.15 3749.99999995 4500.0
1512378203.23 3749.99999995 4500.0
1512378203.33 3749.99999996 4500.0
1512378203.44 3749.99999996 4500.0
1512378203.53 3749.99999996 4500.0
1512378203.63 3749.99999996 4500.0
1512378203.74 3749.99999996 4500.0
1512378203.83 3749.99999997 4500.0
1512378203.93 3749.99999997 4500.0
1512378204.04 3749.99999997 4500.0
1512378204.13 3749.99999997 4500.0
1512378204.25 3749.99999997 4500.0
1512378204.35 3749.99999997 4500.0
1512378204.43 3749.99999998 4500.0
1512378204.54 3749.99999998 4500.0
1512378204.64 3749.99999998 4500.0
1512378204.73 3749.99999998 4500.0
1512378204.84 3749.99999998 4500.0
1512378204.93 3749.99999998 4500.0
1512378205.04 3749.99999998 4500.0
1512378205.14 3749.99999998 4500.0
1512378205.24 3749.99999998 4500.0
1512378205.34 3749.99999998 4500.0
1512378205.45 3749.99999999 4500.0
1512378205.55 3749.99999999 4500.0
1512378205.64 3749.99999999 4500.0
1512378205.74 3749.99999999 4500.0
1512378205.84 3749.99999999 4500.0
1512378205.94 3749.99999999 4500.0
1512378206.04 3749.99999999 4500.0
1512378206.16 3749.99999999 4500.0
1512378206.26 3749.99999999 4500.0
1512378206.35 3749.99999999 4500.0
1512378206.45 3749.99999999 4500.0
1512378206.54 3749.99999999 4500.0
1512378206.65 3749.99999999 4500.0
1512378206.75 3749.99999999 4500.0
1512378206.85 3749.99999999 4500.0
1512378206.94 3749.99999999 4500.0
1512378207.05 3749.99999999 4500.0
1512378207.15 3749.99999999 4500.0
1512378207.25 3749.99999999 4500.0
1512378207.35 3749.99999999 4500.0
1512378207.45 3749.99999999 4500.0
1512378207.55 3749.99999999 4500.0
1512378207.65 3750.0 4500.0
1512378207.75 3750.0 4500.0
1512378207.86 3750.0 4500.0
1512378207.96 3750.0 4500.0
1512378208.06 3750.0 4500.0
1512378208.16 3750.0 4500.0
1512378208.25 3750.0 4500.0
1512378208.36 3750.0 4500.0
1512378208.46 3750.0 4500.0
1512378208.56 3750.0 4500.0
1512378208.66 3750.0 4500.0
1512378208.77 3750.0 4500.0
1512378208.87 3750.0 4500.0
1512378208.96 3750.0 4500.0
1512378209.07 3750.0 4500.0
1512378209.17 3750.0 4500.0
1512378209.27 3750.0 4500.0
1512378209.36 3750.0 4500.0
1512378209.46 3750.0 4500.0
1512378209.57 3750.0 4500.0
1512378209.67 3750.0 4500.0
1512378209.77 3750.0 4500.0
1512378209.87 3750.0 4500.0
1512378209.97 3750.0 4500.0
1512378210.06 3750.0 4500.0
1512378210.17 3750.0 4500.0
1512378210.29 3750.0 4500.0
1512378210.38 3750.0 4500.0
1512378210.49 3750.0 4500.0
1512378210.57 3750.0 4500.0
1512378210.69 3750.0 4500.0
1512378210.77 3750.0 4500.0
1512378210.88 3750.0 4500.0
1512378210.98 3750.0 4500.0
1512378211.08 3750.0 4500.0
1512378211.18 3750.0 4500.0
1512378211.29 3750.0 4500.0
1512378211.39 3750.0 4500.0
1512378211.48 3750.0 4500.0
1512378211.59 3750.0 4500.0
1512378211.68 3750.0 4500.0
1512378211.78 3750.0 4500.0
1512378211.88 3750.0 4500.0
1512378211.98 3750.0 4500.0
1512378212.08 3750.0 4500.0
1512378212.18 3750.0 4500.0
1512378212.28 3750.0 4500.0
1512378212.38 3750.0 4500.0
1512378212.48 3750.0 4500.0
1512378212.59 3750.0 4500.0
1512378212.68 3750.0 4500.0
1512378212.78 3750.0 4500.0
1512378212.88 3750.0 4500.0
1512378212.98 3750.0 4500.0
1512378213.08 3750.0 4500.0
1512378213.18 3750.0 4500.0
1512378213.29 3750.0 4500.0
1512378213.39 3750.0 4500.0
1512378213.48 3750.0 4500.0
1512378213.58 3750.0 4500.0
1512378213.69 3750.0 4500.0
1512378213.79 3750.0 4500.0
1512378213.89 3750.0 4500.0
1512378213.99 3750.0 4500.0
1512378214.08 3750.0 4500.0
1512378214.19 3750.0 4500.0
1512378214.28 3750.0 4500.0
1512378214.38 3750.0 4500.0
1512378214.48 3750.0 4500.0
1512378214.59 3750.0 4500.0
1512378214.68 3750.0 4500.0
1512378214.79 3750.0 4500.0
1512378214.88 3750.0 4500.0
1512378214.98 3750.0 4500.0
1512378215.08 3750.0 4500.0
1512378215.18 3750.0 4500.0
1512378215.28 3750.0 4500.0
1512378215.39 3750.0 4500.0
1512378215.49 3750.0 4500.0
1512378215.59 3750.0 4500.0
1512378215.69 3750.0 4500.0
1512378215.79 3750.0 4500.0
1512378215.88 3750.0 4500.0
1512378215.99 3750.0 4500.0
1512378216.09 3750.0 4500.0
1512378216.19 3750.0 4500.0
1512378216.3 3750.0 4500.0
1512378216.4 3750.0 4500.0
1512378216.49 3750.0 4500.0
1512378216.58 3750.0 4500.0
1512378216.69 3750.0 4500.0
1512378216.8 3750.0 4500.0
1512378216.89 3750.0 4500.0
1512378217.0 3750.0 4500.0
1512378217.09 3750.0 4500.0
1512378217.19 3750.0 4500.0
1512378217.28 3750.0 4500.0
1512378217.39 3750.0 4500.0
1512378217.49 3750.0 4500.0
1512378217.59 3750.0 4500.0
1512378217.69 3750.0 4500.0
1512378217.79 3750.0 4500.0
1512378217.89 3750.0 4500.0
1512378217.99 3750.0 4500.0
1512378218.09 3750.0 4500.0
1512378218.19 3750.0 4500.0
1512378218.28 3750.0 4500.0
1512378218.39 3750.0 4500.0
1512378218.49 3750.0 4500.0
1512378218.59 3750.0 4500.0
1512378218.7 3750.0 4500.0
1512378218.79 3750.0 4500.0
1512378218.9 3750.0 4500.0
1512378219.0 3750.0 4500.0
1512378219.09 3750.0 4500.0
1512378219.19 3750.0 4500.0
1512378219.3 3750.0 4500.0
1512378219.41 3750.0 4500.0
1512378219.5 3750.0 4500.0
1512378219.6 3750.0 4500.0
1512378219.7 3750.0 4500.0
1512378219.81 3750.0 4500.0
1512378219.9 3750.0 4500.0
1512378220.01 3750.0 4500.0
1512378220.09 3750.0 4500.0
1512378220.2 3750.0 4500.0
1512378220.3 3750.0 4500.0
1512378220.42 3750.0 4500.0
1512378220.5 3750.0 4500.0
1512378220.59 3750.0 4500.0
1512378220.71 3750.0 4500.0
1512378220.8 3750.0 4500.0
1512378220.9 3750.0 4500.0
1512378221.0 3750.0 4500.0
1512378221.11 3750.0 4500.0
1512378221.21 3750.0 4500.0
1512378221.31 3750.0 4500.0
1512378221.4 3750.0 4500.0
1512378221.52 3750.0 4500.0
1512378221.61 3750.0 4500.0
1512378221.72 3750.0 4500.0
1512378221.81 3750.0 4500.0
1512378221.92 3750.0 4500.0
1512378222.01 3750.0 4500.0
1512378222.11 3750.0 4500.0
1512378222.21 3750.0 4500.0
1512378222.32 3750.0 4500.0
1512378222.42 3750.0 4500.0
1512378222.52 3750.0 4500.0
1512378222.61 3750.0 4500.0
1512378222.72 3750.0 4500.0
1512378222.82 3750.0 4500.0
1512378222.92 3750.0 4500.0
1512378223.02 3750.0 4500.0
1512378223.11 3750.0 4500.0
1512378223.23 3750.0 4500.0
1512378223.32 3750.0 4500.0
1512378223.42 3750.0 4500.0
1512378223.51 3750.0 4500.0
1512378223.63 3750.0 4500.0
1512378223.72 3750.0 4500.0
1512378223.82 3750.0 4500.0
1512378223.93 3750.0 4500.0
1512378224.02 3750.0 4500.0
1512378224.12 3750.0 4500.0
1512378224.23 3750.0 4500.0
1512378224.32 3750.0 4500.0
1512378224.41 3750.0 4500.0
1512378224.52 3750.0 4500.0
1512378224.62 3750.0 4500.0
1512378224.72 3750.0 4500.0
1512378224.82 3750.0 4500.0
1512378224.93 3750.0 4500.0
1512378225.03 3750.0 4500.0
1512378225.12 3750.0 4500.0
1512378225.22 3750.0 4500.0
1512378225.34 3750.0 4500.0
1512378225.43 3750.0 4500.0
1512378225.52 3750.0 4500.0
1512378225.63 3750.0 4500.0
1512378225.74 3750.0 4500.0
1512378225.83 3750.0 4500.0
1512378225.93 3750.0 4500.0
1512378226.03 3750.0 4500.0
1512378226.13 3750.0 4500.0
1512378226.22 3750.0 4500.0
1512378226.33 3750.0 4500.0
1512378226.44 3750.0 4500.0
1512378226.53 3750.0 4500.0
1512378226.64 3750.0 4500.0
1512378226.74 3750.0 4500.0
1512378226.83 3750.0 4500.0
1512378226.93 3750.0 4500.0
1512378227.03 3750.0 4500.0
1512378227.12 3750.0 4500.0
1512378227.23 3750.0 4500.0
1512378227.34 3750.0 4500.0
1512378227.43 3750.0 4500.0
1512378227.53 3750.0 4500.0
1512378227.63 3750.0 4500.0
1512378227.72 3750.0 4500.0
1512378227.82 3750.0 4500.0
1512378227.93 3750.0 4500.0
1512378228.04 3750.0 4500.0
1512378228.12 3750.0 4500.0
1512378228.23 3750.0 4500.0
1512378228.33 3750.0 4500.0
1512378228.44 3750.0 4500.0
1512378228.54 3750.0 4500.0
1512378228.63 3750.0 4500.0
1512378228.73 3750.0 4500.0
1512378228.84 3750.0 4500.0
1512378228.94 3750.0 4500.0
1512378229.04 3750.0 4500.0
1512378229.13 3750.0 4500.0
1512378229.24 3750.0 4500.0
1512378229.34 3750.0 4500.0
1512378229.44 3750.0 4500.0
1512378229.54 3750.0 4500.0
1512378229.63 3750.0 4500.0
1512378229.74 3750.0 4500.0
1512378229.83 3750.0 4500.0
1512378229.94 3750.0 4500.0
1512378230.04 3750.0 4500.0
1512378230.14 3750.0 4500.0
1512378230.24 3750.0 4500.0
1512378230.35 3750.0 4500.0
1512378230.44 3750.0 4500.0
1512378230.55 3750.0 4500.0
1512378230.66 3750.0 4500.0
1512378230.75 3750.0 4500.0
1512378230.86 3750.0 4500.0
1512378230.94 3750.0 4500.0
1512378231.03 3729.16666667 4500.0
1512378231.13 3709.375 4500.0
1512378231.23 3690.57291667 4500.0
1512378231.33 3672.7109375 4500.0
1512378231.43 3655.74205729 4500.0
1512378231.53 3639.62162109 4500.0
1512378231.63 3624.30720671 4500.0
1512378231.72 3609.75851304 4500.0
1512378231.83 3616.77058739 4500.0
1512378231.94 3623.43205802 4500.0
1512378232.04 3629.76045512 4500.0
1512378232.14 3635.77243236 4500.0
1512378232.23 3620.65047741 4500.0
1512378232.33 3627.11795354 4500.0
1512378232.45 3633.26205586 4500.0
1512378232.55 3639.09895307 4500.0
1512378232.64 3644.64400541 4500.0
1512378232.74 3629.07847181 4500.0
1512378232.84 3614.29121489 4500.0
1512378232.94 3600.24332081 4500.0
1512378233.03 3586.89782144 4500.0
1512378233.14 3574.21959703 4500.0
1512378233.24 3583.00861718 4500.0
1512378233.34 3591.35818632 4500.0
1512378233.44 3599.290277 4500.0
1512378233.53 3606.82576315 4500.0
1512378233.65 3593.15114166 4500.0
1512378233.74 3580.16025125 4500.0
1512378233.84 3567.81890535 4500.0
1512378233.94 3556.09462675 4500.0
1512378234.04 3544.95656208 4500.0
1512378234.15 3534.37540064 4500.0
1512378234.24 3524.32329728 4500.0
1512378234.34 3514.77379908 4500.0
1512378234.45 3505.70177579 4500.0
1512378234.54 3497.08335367 4500.0
1512378234.64 3488.89585265 4500.0
1512378234.73 3481.11772669 4500.0
1512378234.84 3473.72850702 4500.0
1512378234.94 3466.70874833 4500.0
1512378235.03 3460.03997758 4500.0
1512378235.13 3453.70464537 4500.0
1512378235.24 3447.68607977 4500.0
1512378235.34 3441.96844245 4500.0
1512378235.44 3436.53668699 4500.0
1512378235.54 3431.37651931 4500.0
1512378235.64 3426.47436001 4500.0
1512378235.75 3421.81730868 4500.0
1512378235.84 3417.39310991 4500.0
1512378235.94 3413.19012108 4500.0
1512378236.04 3409.19728169 4500.0
1512378236.15 3405.40408428 4500.0
1512378236.24 3401.80054673 4500.0
1512378236.34 3398.37718606 4500.0
1512378236.44 3395.12499342 4500.0
1512378236.54 3392.03541042 4500.0
1512378236.64 3389.10030656 4500.0
1512378236.74 3386.3119579 4500.0
1512378236.85 3383.66302667 4500.0
1512378236.95 3381.14654201 4500.0
1512378237.05 3378.75588157 4500.0
1512378237.15 3376.48475416 4500.0
1512378237.25 3374.32718312 4500.0
1512378237.35 3372.27749063 4500.0
1512378237.44 3370.33028277 4500.0
1512378237.54 3368.48043529 4500.0
1512378237.64 3366.7230802 4500.0
1512378237.75 3365.05359285 4500.0
1512378237.84 3363.46757988 4500.0
1512378237.95 3361.96086755 4500.0
1512378238.05 3360.52949084 4500.0
1512378238.15 3359.16968296 4500.0
1512378238.24 3357.87786548 4500.0
1512378238.34 3356.65063887 4500.0
1512378238.44 3355.4847736 4500.0
1512378238.54 3354.37720158 4500.0
1512378238.64 3353.32500817 4500.0
1512378238.74 3352.32542443 4500.0
1512378238.86 3351.37581987 4500.0
1512378238.96 3350.47369555 4500.0
1512378239.04 3349.61667744 4500.0
1512378239.15 3348.80251023 4500.0
1512378239.25 3348.02905139 4500.0
1512378239.35 3347.29426548 4500.0
1512378239.45 3346.59621888 4500.0
1512378239.57 3345.9330746 4500.0
1512378239.64 3345.30308754 4500.0
1512378239.74 3344.70459983 4500.0
1512378239.84 3344.1360365 4500.0
1512378239.94 3343.59590134 4500.0
1512378240.04 3343.08277294 4500.0
1512378240.14 3342.59530096 4500.0
1512378240.24 3342.13220258 4500.0
1512378240.34 3341.69225912 4500.0
1512378240.44 3341.27431283 4500.0
1512378240.54 3340.87726385 4500.0
1512378240.64 3340.50006733 4500.0
1512378240.75 3340.14173063 4500.0
1512378240.84 3339.80131076 4500.0
1512378240.94 3339.47791189 4500.0
1512378241.04 3339.17068296 4500.0
1512378241.15 3338.87881548 4500.0
1512378241.23 3338.60154138 4500.0
1512378241.33 3296.67146431 4500.0
1512378241.43 3256.83789109 4500.0
1512378241.53 3218.99599654 4500.0
1512378241.63 3183.04619671 4500.0
1512378241.73 3148.89388687 4500.0
1512378241.83 3116.44919253 4500.0
1512378241.93 3085.6267329 4500.0
1512378242.03 3056.34539626 4500.0
1512378242.12 3028.52812645 4500.0
1512378242.22 3002.10172012 4500.0
1512378242.32 2976.99663412 4500.0
1512378242.42 2953.14680241 4500.0
1512378242.52 2930.48946229 4500.0
1512378242.63 2908.96498918 4500.0
1512378242.73 2888.51673972 4500.0
1512378242.84 2869.09090273 4500.0
1512378242.93 2850.6363576 4500.0
1512378243.03 2833.10453972 4500.0
1512378243.12 2816.44931273 4500.0
1512378243.23 2800.62684709 4500.0
1512378243.32 2785.59550474 4500.0
1512378243.42 2771.3157295 4500.0
1512378243.52 2757.74994303 4500.0
1512378243.62 2744.86244588 4500.0
1512378243.72 2732.61932358 4500.0
1512378243.83 2720.9883574 4500.0
1512378243.92 2709.93893953 4500.0
1512378244.03 2699.44199256 4500.0
1512378244.13 2689.46989293 4500.0
1512378244.23 2679.99639828 4500.0
1512378244.33 2670.99657837 4500.0
1512378244.43 2662.44674945 4500.0
1512378244.52 2654.32441198 4500.0
1512378244.63 2646.60819138 4500.0
1512378244.73 2639.27778181 4500.0
1512378244.83 2632.31389272 4500.0
1512378244.92 2625.69819808 4500.0
1512378245.03 2619.41328818 4500.0
1512378245.12 2613.44262377 4500.0
1512378245.22 2607.77049258 4500.0
1512378245.33 2602.38196795 4500.0
1512378245.43 2597.26286955 4500.0
1512378245.53 2592.39972608 4500.0
1512378245.62 2587.77973977 4500.0
1512378245.73 2583.39075278 4500.0
1512378245.83 2579.22121514 4500.0
1512378245.93 2575.26015439 4500.0
1512378246.03 2571.49714667 4500.0
1512378246.13 2567.92228933 4500.0
1512378246.23 2564.52617487 4500.0
1512378246.33 2561.29986612 4500.0
1512378246.43 2558.23487282 4500.0
1512378246.53 2555.32312918 4500.0
1512378246.62 2552.55697272 4500.0
1512378246.73 2549.92912408 4500.0
1512378246.83 2547.43266788 4500.0
1512378246.93 2545.06103448 4500.0
1512378247.03 2542.80798276 4500.0
1512378247.13 2540.66758362 4500.0
1512378247.23 2538.63420444 4500.0
1512378247.33 2536.70249422 4500.0
1512378247.43 2534.86736951 4500.0
1512378247.53 2533.12400103 4500.0
15123782