1516084202.924337, 1, 12112.000000
1516084203.024557, 0, 10900.799805
1516084203.124748, 0, 9810.719727
1516084203.225033, 8, 105725.648438
1516084203.325246, 20, 337393.062500
1516084203.425384, 19, 533781.750000
1516084203.525563, 19, 710531.562500
1516084203.625763, 0, 639478.375000
1516084203.726278, 1, 587642.562500
1516084203.826724, 4, 577326.312500
1516084203.926940, 4, 568041.687500
1516084204.027216, 4, 559685.500000
1516084204.127424, 4, 552164.937500
1516084204.227659, 5, 557508.437500
1516084204.327807, 6, 574429.625000
1516084204.427930, 6, 589658.687500
1516084204.528098, 6, 603364.812500
1516084204.628220, 8, 639924.312500
1516084204.730647, 7, 660715.875000
1516084204.830868, 9, 703652.312500
1516084204.931087, 9, 742295.062500
1516084205.031327, 10, 789185.562500
1516084205.131529, 11, 843499.000000
1516084205.231838, 12, 904493.125000
1516084205.331955, 12, 959387.812500
1516084205.432022, 13, 1020905.000000
1516084205.532174, 7, 1003598.500000
1516084205.632625, 10, 1024358.625000
1516084205.732971, 10, 1043042.750000
1516084205.833190, 10, 1059858.500000
1516084205.933267, 10, 1074992.625000
1516084206.033583, 10, 1088613.375000
1516084206.133882, 9, 1088760.000000
1516084206.234001, 9, 1088892.000000
1516084206.334096, 10, 1101122.750000
1516084206.434182, 9, 1100018.500000
1516084206.534381, 10, 1111136.625000
1516084206.634649, 9, 1109031.000000
1516084206.735002, 10, 1119247.875000
1516084206.835427, 9, 1116331.125000
1516084206.935814, 9, 1113706.000000
1516084207.036140, 10, 1123455.375000
1516084207.136490, 10, 1132229.875000
1516084207.236919, 9, 1128014.875000
1516084207.337047, 10, 1136333.375000
1516084207.437518, 10, 1143820.000000
1516084207.537652, 9, 1138446.000000
1516084207.637766, 10, 1145721.375000
1516084207.737914, 10, 1152269.250000
1516084207.838361, 10, 1158162.375000
1516084207.938512, 10, 1163466.125000
1516084208.038673, 10, 1168239.500000
1516084208.138872, 9, 1160423.500000
1516084208.239381, 11, 1177613.125000
1516084208.339534, 10, 1180971.750000
1516084208.439970, 10, 1183994.625000
1516084208.540607, 10, 1186715.125000
1516084208.641042, 10, 1189163.625000
1516084208.741525, 10, 1191367.250000
1516084208.842211, 10, 1193350.500000
1516084208.942410, 9, 1183023.500000
1516084209.042571, 11, 1197953.125000
1516084209.142725, 10, 1199277.750000
1516084209.242841, 10, 1200470.000000
1516084209.343022, 10, 1201543.000000
1516084209.443197, 11, 1214620.750000
1516084209.543314, 10, 1214278.625000
1516084209.643705, 10, 1213970.750000
1516084209.743859, 11, 1225805.625000
1516084209.844067, 10, 1224345.000000
1516084209.944246, 10, 1223030.500000
1516084210.044394, 11, 1233959.500000
1516084210.144638, 10, 1231683.500000
1516084210.244805, 11, 1241747.125000
1516084210.344906, 10, 1238692.375000
1516084210.445042, 11, 1248055.125000
1516084210.545254, 10, 1244369.625000
1516084210.645663, 11, 1253164.625000
1516084210.745816, 11, 1261080.125000
1516084210.846001, 10, 1256092.125000
1516084210.946231, 11, 1263714.875000
1516084211.046314, 11, 1270575.375000
1516084211.146899, 11, 1276749.875000
1516084211.247010, 10, 1270194.875000
1516084211.347167, 11, 1276407.375000
1516084211.447260, 11, 1281998.625000
1516084211.547339, 11, 1287030.750000
1516084211.647632, 11, 1291559.625000
1516084211.747859, 11, 1295635.625000
1516084211.847993, 10, 1287192.000000
1516084211.948401, 11, 1291704.750000
1516084212.048564, 11, 1295766.250000
1516084212.148861, 11, 1299421.625000
1516084212.249165, 12, 1314823.500000
1516084212.349602, 11, 1316573.125000
1516084212.450154, 11, 1318147.750000
1516084212.550779, 11, 1319565.000000
1516084212.651201, 10, 1308728.500000
1516084212.751523, 11, 1311087.625000
1516084212.851869, 11, 1313210.875000
1516084212.952040, 11, 1315121.750000
1516084213.052143, 12, 1328953.625000
1516084213.152304, 11, 1329290.250000
1516084213.252521, 11, 1329593.250000
1516084213.352648, 11, 1329865.875000
1516084213.453164, 11, 1330111.250000
1516084213.553658, 12, 1342444.125000
1516084213.653852, 11, 1341431.750000
1516084213.754042, 11, 1340520.625000
1516084213.854591, 11, 1339700.500000
1516084213.955024, 12, 1351074.500000
1516084214.055407, 11, 1349199.000000
1516084214.155636, 12, 1359623.125000
1516084214.255764, 11, 1356892.750000
1516084214.355857, 12, 1366547.500000
1516084214.456197, 11, 1363124.750000
1516084214.556390, 12, 1372156.250000
1516084214.656593, 11, 1368172.625000
1516084214.760529, 12, 1376699.375000
1516084214.860916, 12, 1384373.500000
1516084214.961721, 11, 1379168.125000
1516084215.062197, 12, 1386595.250000
1516084215.162541, 11, 1381167.750000
1516084215.262931, 11, 1376283.000000
1516084215.363409, 12, 1383998.750000
1516084215.463683, 11, 1378830.875000
1516084215.563790, 12, 1386291.750000
1516084215.664264, 12, 1393006.625000
1516084215.765356, 12, 1399050.000000
1516084215.865461, 11, 1392377.000000
1516084215.965552, 11, 1386371.250000
1516084216.065624, 12, 1393078.125000
1516084216.165788, 12, 1399114.250000
1516084216.266160, 11, 1392434.875000
1516084216.366391, 12, 1398535.375000
1516084216.466491, 12, 1404025.875000
1516084216.567034, 12, 1408967.250000
1516084216.667259, 12, 1413414.500000
1516084216.767721, 12, 1417417.000000
1516084216.868147, 12, 1421019.250000
1516084216.968294, 12, 1424261.375000
1516084217.068627, 11, 1415067.250000
1516084217.168779, 12, 1418904.500000
1516084217.269429, 12, 1422358.000000
1516084217.369907, 12, 1425466.250000
1516084217.470484, 12, 1428263.625000
1516084217.570913, 12, 1430781.250000
1516084217.671386, 12, 1433047.125000
1516084217.771837, 12, 1435086.375000
1516084217.872191, 12, 1436921.750000
1516084217.972522, 12, 1438573.625000
1516084218.072713, 12, 1440060.250000
1516084218.173210, 12, 1441398.250000
1516084218.273393, 13, 1454714.375000
1516084218.373479, 10, 1430363.000000
1516084218.473870, 13, 1444782.750000
1516084218.576363, 11, 1433536.500000
1516084218.676484, 13, 1447638.875000
1516084218.776884, 12, 1448219.000000
1516084218.877194, 12, 1448741.125000
1516084218.977654, 12, 1449211.000000
1516084219.078034, 13, 1461745.875000
1516084219.178459, 11, 1448803.250000
1516084219.278582, 12, 1449266.875000
1516084219.378917, 12, 1449684.250000
1516084219.479463, 13, 1462171.875000
1516084219.579895, 12, 1461298.750000
1516084219.680312, 11, 1448400.875000
1516084219.780699, 13, 1461016.750000
1516084219.881074, 12, 1460259.125000
1516084219.981457, 12, 1459577.250000
1516084220.081819, 12, 1458963.500000
1516084220.182007, 12, 1458411.125000
1516084220.282566, 13, 1470026.000000
1516084220.382899, 12, 1468367.375000
1516084220.483223, 12, 1466874.625000
1516084220.583605, 13, 1477643.125000
1516084220.684005, 12, 1475222.750000
1516084220.784380, 12, 1473044.500000
1516084220.884564, 12, 1471084.000000
1516084220.984662, 13, 1481431.625000
1516084221.084750, 12, 1478632.500000
1516084221.185301, 13, 1488225.250000
1516084221.285708, 12, 1484746.750000
1516084221.386065, 13, 1493728.125000
1516084221.486623, 12, 1489699.250000
1516084221.586963, 13, 1498185.375000
1516084221.687349, 11, 1481598.875000
1516084221.787447, 13, 1490895.000000
1516084221.887600, 13, 1499261.500000
1516084221.987818, 12, 1494679.375000
1516084222.088196, 13, 1502667.500000
1516084222.188320, 12, 1497744.750000
1516084222.288387, 13, 1505426.250000
1516084222.388756, 12, 1500227.625000
1516084222.488877, 12, 1495548.875000
1516084222.588969, 13, 1503450.000000
1516084222.689348, 13, 1510561.000000
1516084222.789435, 12, 1504848.875000
1516084222.889839, 13, 1511820.000000
1516084222.990016, 13, 1518094.000000
1516084223.090090, 13, 1523740.625000
1516084223.190176, 12, 1516710.500000
1516084223.290282, 13, 1522495.500000
1516084223.390447, 13, 1527702.000000
1516084223.491013, 13, 1532387.750000
1516084223.591499, 13, 1536605.000000
1516084223.691623, 13, 1540400.500000
1516084223.792101, 13, 1543816.500000
1516084223.892748, 13, 1546890.875000
1516084223.992946, 13, 1549657.750000
1516084224.093037, 12, 1540036.000000
1516084224.193124, 13, 1543488.375000
1516084224.293226, 13, 1546595.500000
1516084224.393299, 13, 1549392.000000
1516084224.493390, 13, 1551908.750000
1516084224.593471, 13, 1554173.875000
1516084224.693865, 13, 1556212.500000
1516084224.794220, 13, 1558047.250000
1516084224.897240, 14, 1571810.500000
1516084224.997540, 12, 1559973.500000
1516084225.097947, 13, 1561432.125000
1516084225.198325, 14, 1574856.875000
1516084225.298526, 13, 1574827.250000
1516084225.398634, 13, 1574800.500000
1516084225.499042, 13, 1574776.500000
1516084225.599368, 13, 1574754.875000
1516084225.699767, 14, 1586847.375000
1516084225.800189, 13, 1585618.625000
1516084225.903650, 14, 1596624.750000
1516084226.004196, 13, 1594418.250000
1516084226.104329, 13, 1592432.375000
1516084226.204473, 14, 1602757.125000
1516084226.304806, 13, 1599937.375000
1516084226.405261, 13, 1597399.625000
1516084226.505525, 14, 1607227.625000
1516084226.605852, 13, 1603960.875000
1516084226.706351, 14, 1613132.750000
1516084226.806907, 13, 1609275.500000
1516084226.907188, 14, 1617916.000000
1516084227.007696, 13, 1613580.375000
1516084227.108209, 13, 1609678.375000
1516084227.208635, 14, 1618278.500000
1516084227.308888, 14, 1626018.625000
1516084227.409150, 13, 1620872.750000
1516084227.509525, 14, 1628353.500000
1516084227.609802, 13, 1622974.125000
1516084227.710270, 14, 1630244.750000
1516084227.810676, 13, 1624676.250000
1516084227.910869, 13, 1619664.625000
1516084228.010968, 14, 1627266.125000
1516084228.111113, 14, 1634107.500000
1516084228.211253, 13, 1628152.750000
1516084228.311720, 14, 1634905.500000
1516084228.412129, 14, 1640983.000000
1516084228.512442, 13, 1634340.750000
1516084228.612833, 14, 1640474.625000
1516084228.713330, 14, 1645995.125000
1516084228.813589, 14, 1650963.625000
1516084228.913939, 13, 1643323.250000
1516084229.014143, 13, 1636446.875000
1516084229.114287, 14, 1642370.250000
1516084229.214608, 14, 1647701.250000
1516084229.315018, 14, 1652499.125000
1516084229.415532, 13, 1644705.250000
1516084229.515964, 14, 1649802.750000
1516084229.616291, 14, 1654390.500000
1516084229.716929, 14, 1658519.500000
1516084229.817057, 14, 1662235.500000
1516084229.919181, 14, 1665580.000000
1516084230.019409, 14, 1668590.000000
1516084230.119879, 14, 1671299.000000
1516084230.220240, 14, 1673737.125000
1516084230.320327, 14, 1675931.375000
1516084230.420426, 14, 1677906.250000
1516084230.520566, 14, 1679683.625000
1516084230.620663, 14, 1681283.250000
1516084230.720767, 14, 1682722.875000
1516084230.820857, 14, 1684018.625000
1516084230.920940, 14, 1685184.750000
1516084231.021342, 14, 1686234.250000
1516084231.121708, 14, 1687178.875000
1516084231.222157, 14, 1688029.000000
1516084231.322448, 13, 1676682.125000
1516084231.422544, 14, 1678581.875000
1516084231.522898, 14, 1680291.750000
1516084231.623249, 14, 1681830.625000
1516084231.723380, 15, 1695327.500000
1516084231.823527, 14, 1695362.750000
1516084231.923843, 14, 1695394.500000
1516084232.024190, 14, 1695423.000000
1516084232.124314, 14, 1695448.750000
1516084232.224684, 15, 1707583.875000
1516084232.324968, 13, 1694281.500000
1516084232.425306, 14, 1694421.375000
1516084232.525521, 15, 1706659.250000
1516084232.625893, 14, 1705561.375000
1516084232.726274, 14, 1704573.250000
1516084232.826591, 14, 1703683.875000
1516084232.926740, 15, 1714995.500000
1516084233.027115, 14, 1713064.000000
1516084233.127592, 14, 1711325.625000
1516084233.227862, 15, 1721873.000000
1516084233.328127, 14, 1719253.750000
1516084233.428554, 15, 1729008.375000
1516084233.528768, 13, 1713563.500000
1516084233.629166, 15, 1723887.125000
1516084233.729475, 14, 1721066.375000
1516084233.829678, 14, 1718527.750000
1516084233.929791, 14, 1716243.000000
1516084234.030244, 14, 1714186.750000
1516084234.130737, 15, 1724448.125000
1516084234.231169, 14, 1721571.250000
1516084234.331569, 14, 1718982.125000
1516084234.431935, 14, 1716651.875000
1516084234.532051, 15, 1726666.750000
1516084234.632137, 13, 1711456.125000
1516084234.732423, 14, 1709878.500000
1516084234.832781, 15, 1720570.625000
1516084234.933148, 14, 1718081.500000
1516084235.033320, 14, 1715841.375000
1516084235.133409, 14, 1713825.250000
1516084235.233548, 15, 1724122.750000
1516084235.333643, 14, 1721278.500000
1516084235.433750, 15, 1730830.625000
1516084235.533867, 14, 1727315.500000
1516084235.633977, 14, 1724152.000000
1516084235.734171, 15, 1733416.750000
1516084235.834267, 14, 1729643.125000
1516084235.934355, 15, 1738358.750000
1516084236.034505, 14, 1734090.875000
1516084236.134676, 15, 1742361.750000
1516084236.235106, 14, 1737693.625000
1516084236.335240, 15, 1745604.250000
1516084236.435349, 15, 1752723.875000
1516084236.535443, 14, 1747019.500000
1516084236.635606, 15, 1753997.500000
1516084236.735803, 14, 1748165.750000
1516084236.836226, 15, 1755029.125000
1516084236.936617, 15, 1761206.250000
1516084237.036809, 15, 1766765.625000
1516084237.136913, 14, 1759657.000000
1516084237.237125, 15, 1765371.250000
1516084237.337341, 14, 1758402.125000
1516084237.437548, 15, 1764241.875000
1516084237.537664, 15, 1769497.750000
1516084237.637835, 15, 1774228.000000
1516084237.738041, 15, 1778485.250000
1516084237.838149, 14, 1770204.750000
1516084237.938285, 15, 1774864.250000
1516084238.038549, 15, 1779057.875000
1516084238.138660, 15, 1782832.125000
1516084238.238759, 15, 1786228.875000
1516084238.338836, 15, 1789286.000000
1516084238.438983, 15, 1792037.375000
1516084238.539151, 14, 1782401.625000
1516084238.639303, 15, 1785841.500000
1516084238.739392, 15, 1788937.375000
1516084238.839835, 15, 1791723.625000
1516084238.939991, 15, 1794231.250000
1516084239.040086, 15, 1796488.125000
1516084239.140252, 14, 1786407.250000
1516084239.240441, 15, 1789446.500000
1516084239.340544, 15, 1792181.875000
1516084239.440653, 15, 1794643.750000
1516084239.540783, 15, 1796859.375000
1516084239.641269, 15, 1798853.500000
1516084239.741422, 15, 1800648.125000
1516084239.841977, 15, 1802263.250000
1516084239.942609, 15, 1803716.875000
1516084240.043005, 15, 1805025.250000
1516084240.143579, 14, 1794090.750000
1516084240.246125, 15, 1796361.625000
1516084240.346210, 15, 1798405.500000
1516084240.446305, 15, 1800245.000000
1516084240.546448, 15, 1801900.500000
1516084240.646605, 16, 1815502.500000
1516084240.746690, 15, 1815632.250000
1516084240.846808, 15, 1815749.000000
1516084240.946939, 15, 1815854.125000
1516084241.047092, 15, 1815948.750000
1516084241.147252, 15, 1816033.875000
1516084241.247803, 15, 1816110.500000
1516084241.348018, 15, 1816179.500000
1516084241.448256, 16, 1828353.500000
1516084241.548436, 15, 1827198.125000
1516084241.648625, 15, 1826158.250000
1516084241.749046, 15, 1825222.375000
1516084241.849237, 14, 1812268.125000
1516084241.949361, 13, 1788497.250000
1516084242.049554, 12, 1754991.500000
1516084242.149743, 11, 1712724.375000
1516084242.249923, 12, 1686796.000000
1516084242.350125, 10, 1639236.375000
1516084242.450230, 11, 1608544.750000
1516084242.550690, 11, 1580922.250000
1516084242.650873, 9, 1531838.000000
1516084242.751029, 9, 1487662.250000
1516084242.851205, 9, 1447904.000000
1516084242.951289, 9, 1412121.625000
1516084243.051697, 9, 1379917.500000
1516084243.152103, 10, 1363045.750000
1516084243.252217, 8, 1323637.125000
1516084243.352393, 9, 1300281.375000
1516084243.452524, 9, 1279261.250000
1516084243.552635, 9, 1260343.125000
1516084243.652766, 8, 1231204.750000
1516084243.752912, 9, 1217092.250000
1516084243.853058, 9, 1204391.000000
1516084243.953405, 11, 1217183.875000
1516084244.053679, 10, 1216585.500000
1516084244.153788, 11, 1228159.000000
1516084244.253890, 12, 1250687.125000
1516084244.354001, 11, 1258850.375000
1516084244.454107, 12, 1278309.375000
1516084244.554256, 11, 1283710.500000
1516084244.654406, 10, 1276459.500000
1516084244.754516, 14, 1318381.500000
1516084244.854705, 8, 1283439.375000
1516084244.954869, 8, 1251991.500000
1516084245.055335, 10, 1247912.375000
1516084245.155467, 10, 1244241.125000
1516084245.256004, 10, 1240937.000000
1516084245.356271, 11, 1250075.250000
1516084245.456686, 11, 1258299.750000
1516084245.556792, 12, 1277813.750000
1516084245.656884, 12, 1295376.375000
1516084245.757000, 12, 1311182.750000
1516084245.857656, 11, 1313296.500000
1516084245.957941, 12, 1327310.875000
1516084246.058502, 10, 1315699.750000
1516084246.158625, 14, 1353697.750000
1516084246.258993, 6, 1291000.000000
1516084246.359160, 10, 1283020.000000
1516084246.459620, 9, 1263726.000000
1516084246.559849, 7, 1222137.375000
1516084246.660044, 9, 1208931.625000
1516084246.760471, 9, 1197046.500000
1516084246.860640, 10, 1198461.875000
1516084246.960826, 11, 1211847.750000
1516084247.061224, 11, 1223895.000000
1516084247.161588, 12, 1246849.500000
1516084247.261975, 12, 1267508.500000
1516084247.362258, 12, 1286101.625000
1516084247.462749, 12, 1302835.500000
1516084247.563020, 12, 1317896.000000
1516084247.663132, 10, 1307226.375000
1516084247.764612, 7, 1261287.750000
1516084247.864758, 9, 1244167.000000
1516084247.964854, 9, 1228758.250000
1516084248.065244, 10, 1227002.375000
1516084248.165684, 10, 1225422.125000
1516084248.266129, 11, 1236111.875000
1516084248.366538, 11, 1245732.750000
1516084248.466847, 12, 1266503.500000
1516084248.567039, 12, 1285197.125000
1516084248.667529, 11, 1289909.375000
1516084248.767662, 13, 1318374.500000
1516084248.868028, 12, 1331881.000000
1516084248.968132, 11, 1331924.875000
1516084249.068271, 11, 1331964.375000
1516084249.168561, 12, 1344112.000000
1516084249.269138, 7, 1294484.750000
1516084249.370001, 9, 1274044.250000
1516084249.470446, 9, 1255647.875000
1516084249.570899, 9, 1239091.125000
1516084249.671154, 9, 1224190.000000
1516084249.771307, 9, 1210779.000000
1516084249.871773, 10, 1210821.125000
1516084249.972326, 9, 1198747.000000
1516084250.072751, 10, 1199992.250000
1516084250.172951, 11, 1213225.000000
1516084250.273448, 11, 1225134.500000
1516084250.373727, 13, 1260077.000000
1516084250.474189, 12, 1279413.250000
1516084250.574683, 12, 1296815.875000
1516084250.674965, 12, 1312478.250000
1516084250.775102, 12, 1326574.375000
1516084250.875440, 11, 1327149.000000
1516084250.975731, 13, 1351890.125000
1516084251.081522, 6, 1289373.125000
1516084251.182295, 10, 1281555.750000
1516084251.282786, 8, 1250296.125000
1516084251.383246, 9, 1234274.500000
1516084251.483746, 10, 1231967.000000
1516084251.583936, 9, 1217778.250000
1516084251.684138, 9, 1205008.375000
1516084251.784349, 10, 1205627.500000
1516084251.884519, 11, 1218296.750000
1516084251.984882, 10, 1217587.125000
1516084252.085494, 12, 1241172.375000
1516084252.185713, 12, 1262399.125000
1516084252.285831, 12, 1281503.250000
1516084252.385939, 13, 1310808.875000
1516084252.486045, 12, 1325072.000000
1516084252.586150, 12, 1337908.750000
1516084252.686287, 11, 1337349.875000
1516084252.786453, 11, 1336846.875000
1516084252.886566, 8, 1300058.250000
1516084252.986651, 9, 1279060.375000
1516084253.086773, 10, 1272274.375000
1516084253.186879, 9, 1254055.000000
1516084253.287013, 9, 1237657.500000
1516084253.387125, 10, 1235011.750000
1516084253.487329, 10, 1232630.625000
1516084253.587520, 10, 1230487.500000
1516084253.687621, 11, 1240670.750000
1516084253.787803, 12, 1261947.625000
1516084253.888348, 13, 1293208.875000
1516084253.988801, 12, 1309232.000000
1516084254.089332, 13, 1335764.750000
1516084254.189518, 12, 1347532.250000
1516084254.289616, 12, 1358123.000000
1516084254.389709, 12, 1367654.750000
1516084254.490214, 13, 1388345.250000
1516084254.591992, 10, 1370630.750000
1516084254.692558, 9, 1342575.625000
1516084254.793347, 10, 1329438.000000
1516084254.893918, 10, 1317614.250000
1516084254.994143, 10, 1306972.875000
1516084255.094278, 10, 1297395.625000
1516084255.194404, 11, 1300888.000000
1516084255.294504, 12, 1316143.250000
1516084255.394640, 14, 1354096.875000
1516084255.494802, 14, 1388255.250000
1516084255.594986, 13, 1406885.750000
1516084255.695129, 13, 1423653.125000
1516084255.795289, 13, 1438743.750000
1516084255.895413, 13, 1452325.375000
1516084255.995552, 11, 1440324.875000
1516084256.095666, 9, 1405300.375000
1516084256.195766, 11, 1398002.375000
1516084256.295883, 10, 1379322.125000
1516084256.395979, 10, 1362509.875000
1516084256.496073, 11, 1359490.875000
1516084256.596197, 12, 1368885.750000
1516084256.696338, 12, 1377341.125000
1516084256.796514, 13, 1397063.000000
1516084256.896639, 13, 1414812.750000
1516084256.996765, 13, 1430787.500000
1516084257.096886, 12, 1433052.750000
1516084257.196986, 13, 1447203.500000
1516084257.297150, 12, 1447827.125000
1516084257.397394, 13, 1460500.375000
1516084257.497523, 11, 1447682.375000
1516084257.597641, 10, 1424034.125000
1516084257.697744, 11, 1414862.750000
1516084257.797872, 10, 1394496.500000
1516084257.898050, 10, 1376166.875000
1516084257.998230, 11, 1371782.250000
1516084258.098445, 10, 1355724.000000
1516084258.198552, 11, 1353383.625000
1516084258.298874, 11, 1351277.250000
1516084258.399046, 11, 1349381.500000
1516084258.499247, 13, 1371899.375000
1516084258.599416, 12, 1380053.500000
1516084258.699549, 13, 1399504.125000
1516084258.799728, 12, 1404897.750000
1516084258.899824, 13, 1421864.000000
1516084259.000030, 11, 1412909.625000
1516084259.100225, 12, 1416962.625000
1516084259.200420, 8, 1372162.375000
1516084259.300546, 10, 1356066.125000
1516084259.400652, 10, 1341579.500000
1516084259.500888, 10, 1328541.500000
1516084259.601092, 10, 1316807.375000
1516084259.701192, 11, 1318358.625000
1516084259.801335, 10, 1307642.750000
1516084259.901441, 10, 1297998.500000
1516084260.001574, 11, 1301430.625000
1516084260.101748, 11, 1304519.500000
1516084260.202118, 12, 1319411.500000
1516084260.302218, 12, 1332814.375000
1516084260.402321, 12, 1344877.000000
1516084260.502434, 12, 1355733.250000
1516084260.602804, 13, 1377615.875000
1516084260.703103, 13, 1397310.250000
1516084260.803536, 12, 1402923.250000
1516084260.903815, 12, 1407974.875000
1516084261.003969, 12, 1412521.375000
1516084261.104067, 12, 1416613.250000
1516084261.204186, 8, 1371847.875000
1516084261.304364, 9, 1343671.125000
1516084261.404559, 9, 1318312.000000
1516084261.504728, 10, 1307600.750000
1516084261.604833, 10, 1297960.625000
1516084261.704938, 10, 1289284.500000
1516084261.805031, 11, 1293588.000000
1516084261.905139, 10, 1285349.250000
1516084262.005298, 10, 1277934.375000
1516084262.105792, 12, 1295485.000000
1516084262.206321, 12, 1311280.500000
1516084262.306774, 12, 1325496.500000
1516084262.406926, 13, 1350402.875000
1516084262.507091, 12, 1360706.625000
1516084262.607196, 13, 1382092.000000
1516084262.707363, 12, 1389226.750000
1516084262.807616, 11, 1383536.125000
1516084262.907820, 9, 1354190.500000
1516084263.008001, 10, 1339891.500000
1516084263.108238, 10, 1327022.375000
1516084263.208315, 10, 1315440.125000
1516084263.308468, 10, 1305016.125000
1516084263.408572, 10, 1295634.500000
1516084263.508674, 10, 1287191.000000
1516084263.608813, 11, 1291703.875000
1516084263.708925, 11, 1295765.500000
1516084263.809035, 12, 1311533.000000
1516084263.909395, 13, 1337835.750000
1516084264.009824, 12, 1349396.125000
1516084264.109955, 12, 1359800.500000
1516084264.210065, 13, 1381276.500000
1516084264.310147, 12, 1388492.875000
1516084264.410349, 11, 1382875.625000
1516084264.510445, 14, 1414156.000000
1516084264.610548, 10, 1393860.375000
1516084264.710648, 8, 1351370.375000
1516084264.810739, 10, 1337353.375000
1516084264.910833, 9, 1312626.000000
1516084265.010924, 10, 1302483.375000
1516084265.111131, 10, 1293355.000000
1516084265.211507, 10, 1285139.500000
1516084265.311604, 10, 1277745.500000
1516084265.411687, 12, 1295315.000000
1516084265.511893, 11, 1299015.500000
1516084265.611988, 12, 1314458.000000
1516084265.712066, 13, 1340468.250000
1516084265.812235, 12, 1351765.375000
1516084265.912397, 13, 1374044.875000
1516084266.012556, 13, 1394096.375000
1516084266.112658, 11, 1387918.750000
1516084266.212748, 11, 1382358.875000
1516084266.312822, 14, 1413691.000000
1516084266.412917, 6, 1344993.875000
1516084266.513043, 10, 1331614.500000
1516084266.613219, 9, 1307461.000000
1516084266.713418, 10, 1297834.875000
1516084266.813618, 10, 1289171.375000
1516084266.914041, 10, 1281374.250000
1516084267.014444, 10, 1274356.875000
1516084267.114719, 11, 1280153.250000
1516084267.214964, 10, 1273257.875000
1516084267.315053, 12, 1291276.125000
1516084267.415134, 12, 1307492.500000
1516084267.515234, 11, 1309975.250000
1516084267.615349, 11, 1312209.750000
1516084267.715493, 12, 1326332.750000
1516084267.815718, 10, 1314819.500000
1516084267.915901, 7, 1268121.500000
1516084268.016078, 10, 1262429.375000
1516084268.116259, 8, 1233082.500000
1516084268.216395, 10, 1230894.250000
1516084268.316487, 10, 1228924.875000
1516084268.416640, 11, 1239264.375000
1516084268.516811, 11, 1248570.000000
1516084268.616993, 11, 1256945.000000
1516084268.717153, 12, 1276594.500000
1516084268.817474, 12, 1294279.000000
1516084268.917671, 11, 1298083.125000
1516084269.017839, 10, 1289394.750000
1516084269.117952, 12, 1305799.250000
1516084269.218114, 11, 1308451.375000
1516084269.318357, 6, 1250278.250000
1516084269.418608, 9, 1234258.375000
1516084269.518796, 8, 1207728.500000
1516084269.619100, 9, 1195963.625000
1516084269.719290, 9, 1185375.250000
1516084269.819488, 9, 1175845.750000
1516084269.919659, 9, 1167269.125000
1516084270.019825, 9, 1159550.250000
1516084270.119946, 10, 1164715.250000
1516084270.220502, 11, 1181475.750000
1516084270.320696, 11, 1196560.125000
1516084270.420900, 12, 1222248.125000
1516084270.521065, 12, 1245367.250000
1516084270.621254, 12, 1266174.500000
1516084270.721438, 12, 1284901.000000
1516084270.821603, 12, 1301754.875000
1516084270.921736, 9, 1280587.375000
1516084271.021914, 6, 1225200.625000
1516084271.122085, 10, 1223800.500000
1516084271.222286, 8, 1198316.500000
1516084271.322475, 9, 1187492.875000
1516084271.422649, 11, 1201975.625000
1516084271.522846, 10, 1202898.000000
1516084271.623127, 12, 1227952.250000
1516084271.723228, 11, 1238389.000000
1516084271.823331, 12, 1259894.125000
1516084271.923491, 12, 1279248.750000
1516084272.023597, 11, 1284555.875000
1516084272.123811, 12, 1301444.250000
1516084272.223923, 12, 1316643.875000
1516084272.324113, 11, 1318211.500000
1516084272.424269, 9, 1295398.375000
1516084272.524363, 9, 1274866.500000
1516084272.624575, 9, 1256387.875000
1516084272.724803, 8, 1227645.125000
1516084272.824991, 9, 1213888.625000
1516084272.925155, 9, 1201507.750000
1516084273.025296, 10, 1202477.000000
1516084273.125491, 10, 1203349.250000
1516084273.225598, 11, 1216246.375000
1516084273.325713, 12, 1239965.750000
1516084273.425909, 12, 1261313.125000
1516084273.526111, 11, 1268413.750000
1516084273.626271, 13, 1299028.375000
1516084273.726462, 11, 1302357.500000
1516084273.826923, 12, 1317465.750000
1516084273.928547, 12, 1331063.125000
1516084274.028921, 11, 1331188.750000
1516084274.129291, 7, 1282853.875000
1516084274.229684, 10, 1275688.500000
1516084274.329988, 9, 1257127.625000
1516084274.430160, 8, 1228310.875000
1516084274.530313, 9, 1214487.750000
1516084274.630860, 9, 1202047.000000
1516084274.731386, 9, 1190850.250000
1516084274.831631, 10, 1192885.250000
1516084274.931812, 11, 1206828.750000
1516084275.032019, 12, 1231489.875000
1516084275.132467, 12, 1253684.875000
1516084275.232927, 12, 1273660.375000
1516084275.333107, 12, 1291638.375000
1516084275.433260, 11, 1295706.500000
1516084275.533362, 7, 1250919.875000
1516084275.633513, 9, 1234835.875000
1516084275.733682, 10, 1232472.250000
1516084275.833841, 9, 1218233.000000
1516084275.934034, 9, 1205417.750000
1516084276.034221, 10, 1205996.000000
1516084276.134360, 9, 1194404.375000
1516084276.234538, 10, 1196084.000000
1516084276.334695, 11, 1209707.625000
1516084276.435193, 12, 1234080.875000
1516084276.535682, 11, 1243904.750000
1516084276.635899, 13, 1276970.250000
1516084276.736140, 11, 1282505.250000
1516084276.836384, 13, 1311710.750000
1516084276.936574, 11, 1313771.625000
1516084277.036754, 12, 1327738.500000
1516084277.136932, 12, 1340308.625000
1516084277.237161, 8, 1303173.750000
1516084277.337371, 9, 1281864.375000
1516084277.437464, 9, 1262686.000000
1516084277.537569, 9, 1245425.375000
1516084277.637683, 8, 1217778.875000
1516084277.737868, 10, 1217121.000000
1516084277.838043, 8, 1192304.875000
1516084277.938123, 10, 1194194.375000
1516084278.038198, 10, 1195895.000000
1516084278.138322, 12, 1221649.500000
1516084278.238540, 11, 1232716.500000
1516084278.338658, 12, 1254788.875000
1516084278.438898, 16, 1323102.000000
1516084278.539035, 14, 1360359.750000
1516084278.639220, 14, 1393891.750000
1516084278.739319, 16, 1448294.625000
1516084278.839417, 16, 1497257.125000
1516084278.939533, 16, 1541323.375000
1516084279.039648, 18, 1605207.000000
1516084279.139728, 22, 1711150.250000
1516084279.239829, 20, 1782275.250000
1516084279.339928, 19, 1834175.750000
1516084279.440024, 16, 1844550.125000
1516084279.540218, 13, 1817551.125000
1516084279.640418, 16, 1829588.000000
1516084279.740598, 17, 1852533.250000
1516084279.840765, 16, 1861071.875000
1516084279.940921, 17, 1880868.750000
1516084280.041092, 17, 1898685.875000
1516084280.141296, 18, 1926833.250000
1516084280.241462, 19, 1964277.875000
1516084280.341755, 20, 2010090.125000
1516084280.441844, 20, 2051321.125000
1516084280.541926, 21, 2100541.000000
1516084280.642023, 20, 2132727.000000
1516084280.742173, 20, 2161694.250000
1516084280.842676, 21, 2199876.750000
1516084280.942979, 21, 2234241.000000
1516084281.043093, 20, 2253057.000000
1516084281.143270, 17, 2233655.250000
1516084281.243377, 20, 2252529.750000
1516084281.343933, 20, 2269516.750000
1516084281.444324, 18, 2260581.000000
1516084281.544830, 20, 2276763.000000
1516084281.645232, 19, 2279214.750000
1516084281.745842, 18, 2269309.250000
1516084281.846199, 20, 2284618.250000
1516084281.946656, 19, 2286284.500000
1516084282.047168, 19, 2287784.000000
1516084282.147440, 18, 2277021.500000
1516084282.247835, 19, 2279447.250000
1516084282.348245, 19, 2281630.500000
1516084282.448638, 18, 2271483.500000
1516084282.549074, 20, 2286575.250000
1516084282.649427, 19, 2288045.750000
1516084282.749812, 18, 2277257.250000
1516084282.850413, 20, 2291771.500000
1516084282.950990, 19, 2292722.250000
1516084283.051458, 18, 2281466.000000
1516084283.151809, 19, 2283447.500000
1516084283.252268, 20, 2297342.750000
1516084283.352716, 18, 2285624.500000
1516084283.452987, 19, 2287190.000000
1516084283.553245, 19, 2288599.000000
1516084283.653512, 19, 2289867.000000
1516084283.753970, 18, 2278896.250000
1516084283.854298, 19, 2281134.500000
1516084283.954789, 19, 2283149.000000
1516084284.055063, 20, 2297074.000000
1516084284.155331, 18, 2285382.500000
1516084284.255677, 19, 2286972.250000
1516084284.356059, 19, 2288403.000000
1516084284.456435, 18, 2277578.750000
1516084284.556728, 19, 2279949.000000
1516084284.657048, 19, 2282082.000000
1516084284.757344, 18, 2271889.750000
1516084284.857828, 19, 2274828.750000
1516084284.958158, 19, 2277474.000000
1516084285.058670, 19, 2279854.500000
1516084285.159104, 19, 2281997.000000
1516084285.259496, 19, 2283925.250000
1516084285.359861, 17, 2261436.750000
1516084285.460113, 19, 2265421.000000
1516084285.560632, 19, 2269007.000000
1516084285.660949, 19, 2272234.250000
1516084285.761411, 17, 2250914.750000
1516084285.861776, 19, 2255951.250000
1516084285.962746, 19, 2260484.000000
1516084286.063144, 18, 2252451.500000
1516084286.163295, 19, 2257334.250000
1516084286.263385, 19, 2261728.750000
1516084286.363472, 18, 2253572.000000
1516084286.463672, 19, 2258342.750000
1516084286.564069, 19, 2262636.500000
1516084286.664625, 18, 2254388.750000
1516084286.765002, 19, 2259078.000000
1516084286.865373, 18, 2251186.250000
1516084286.965853, 19, 2256195.500000
1516084287.066338, 19, 2260704.000000
1516084287.166817, 19, 2264761.500000
1516084287.267236, 19, 2268413.250000
1516084287.367670, 17, 2247476.000000
1516084287.468095, 20, 2264968.500000
1516084287.568541, 18, 2256487.750000
1516084287.668862, 17, 2236743.000000
1516084287.769173, 19, 2243196.750000
1516084287.869718, 19, 2249005.000000
1516084287.969978, 17, 2230008.500000
1516084288.070448, 19, 2237135.750000
1516084288.170756, 19, 2243550.250000
1516084288.270886, 17, 2225099.250000
1516084288.371322, 19, 2232717.250000
1516084288.471497, 19, 2239573.500000
1516084288.571581, 18, 2233632.250000
1516084288.671943, 19, 2240397.000000
1516084288.772322, 19, 2246485.250000
1516084288.872758, 18, 2239852.750000
1516084288.973068, 19, 2245995.500000
1516084289.073340, 18, 2239412.000000
1516084289.173587, 19, 2245598.750000
1516084289.273851, 18, 2239055.000000
1516084289.374112, 19, 2245277.500000
1516084289.474396, 19, 2250877.750000
1516084289.574717, 18, 2243806.000000
1516084289.675034, 18, 2237441.500000
1516084289.775755, 19, 2243825.250000
1516084289.876120, 18, 2237458.750000
1516084289.976552, 19, 2243841.000000
1516084290.077051, 18, 2237473.000000
1516084290.177499, 19, 2243853.750000
1516084290.277881, 18, 2237484.500000
1516084290.378165, 18, 2231752.000000
1516084290.478561, 19, 2238704.750000
1516084290.578934, 19, 2244962.250000
1516084290.679324, 17, 2226370.000000
1516084290.779578, 19, 2233861.000000
1516084290.879932, 18, 2228491.000000
1516084290.980205, 18, 2223658.000000
1516084291.080534, 19, 2231420.250000
1516084291.180875, 18, 2226294.250000
1516084291.281132, 17, 2209568.750000
1516084291.381516, 18, 2206628.000000
1516084291.482091, 19, 2216093.250000
1516084291.582432, 17, 2200388.000000
1516084291.682841, 18, 2198365.250000
1516084291.783227, 18, 2196544.750000
1516084291.883646, 17, 2182794.250000
1516084291.984014, 19, 2194642.750000
1516084292.084485, 18, 2193194.500000
1516084292.185194, 18, 2191891.000000
1516084292.285628, 18, 2190718.000000
1516084292.386087, 18, 2189662.250000
1516084292.486760, 19, 2200824.000000
1516084292.587059, 17, 2186645.500000
1516084292.687462, 17, 2173885.000000
1516084292.787911, 19, 2186624.500000
1516084292.888437, 17, 2173866.000000
1516084292.988846, 18, 2174495.500000
1516084293.089387, 18, 2175062.000000
1516084293.189855, 17, 2163459.750000
1516084293.290359, 18, 2165129.750000
1516084293.391057, 17, 2154520.750000
1516084293.494716, 19, 2169196.750000
1516084293.595168, 18, 2170293.000000
1516084293.695284, 17, 2159167.750000
1516084293.795797, 19, 2173379.000000
1516084293.896124, 18, 2174057.000000
1516084293.996474, 18, 2174667.250000
1516084294.096835, 17, 2163104.500000
1516084294.197162, 18, 2164810.000000
1516084294.297705, 18, 2166345.000000
1516084294.398077, 17, 2155614.500000
1516084294.498574, 18, 2158069.000000
1516084294.599087, 17, 2148166.000000
1516084294.699390, 18, 2151365.500000
1516084294.799883, 18, 2154245.000000
1516084294.900305, 18, 2156836.500000
1516084295.000561, 17, 2147056.750000
1516084295.100876, 18, 2150367.000000
1516084295.201216, 18, 2153346.250000
1516084295.301575, 17, 2143915.500000
1516084295.401966, 18, 2147540.000000
1516084295.502254, 18, 2150802.000000
1516084295.602547, 17, 2141625.750000
1516084295.702797, 18, 2145479.250000
1516084295.803390, 18, 2148947.250000
1516084295.903885, 17, 2139956.500000
1516084296.004134, 18, 2143976.750000
1516084296.104487, 18, 2147595.000000
1516084296.204840, 17, 2138739.500000
1516084296.305192, 18, 2142881.500000
1516084296.405541, 18, 2146609.250000
1516084296.506035, 17, 2137852.250000
1516084296.606539, 18, 2142083.000000
1516084296.706794, 18, 2145890.750000
1516084296.807044, 18, 2149317.750000
1516084296.907423, 17, 2140290.000000
1516084297.007705, 18, 2144277.000000
1516084297.107951, 18, 2147865.250000
1516084297.208196, 18, 2151094.750000
1516084297.308521, 17, 2141889.250000
1516084297.408962, 18, 2145716.250000
1516084297.509359, 17, 2137048.500000
1516084297.609717, 18, 2141359.750000
1516084297.710084, 18, 2145239.750000
1516084297.810457, 17, 2136619.750000
1516084297.910976, 18, 2140973.750000
1516084298.011387, 18, 2144892.500000
1516084298.111746, 17, 2136307.250000
1516084298.212209, 18, 2140692.500000
1516084298.312567, 17, 2132527.250000
1516084298.412995, 17, 2125178.500000
1516084298.513284, 18, 2130676.750000
1516084298.613534, 18, 2135625.000000
1516084298.713788, 17, 2127966.500000
1516084298.814104, 17, 2121073.750000
1516084298.914457, 18, 2126982.500000
1516084299.014797, 18, 2132300.250000
1516084299.115061, 18, 2137086.250000
1516084299.215503, 17, 2129281.500000
1516084299.316074, 17, 2122257.250000
1516084299.416588, 18, 2128047.500000
1516084299.517026, 17, 2121146.750000
1516084299.617123, 18, 2127048.000000
1516084299.717334, 18, 2132359.250000
1516084299.817424, 17, 2125027.250000
1516084299.917766, 18, 2130540.500000
1516084300.018119, 18, 2135502.500000
1516084300.118610, 17, 2127856.250000
1516084300.218920, 18, 2133086.500000
1516084300.319389, 18, 2137793.750000
1516084300.419514, 17, 2129918.500000
1516084300.519595, 16, 2110718.750000
1516084300.619987, 19, 2129775.000000
1516084300.720298, 16, 2110589.500000
1516084300.820612, 17, 2105434.500000
1516084300.920943, 18, 2112907.000000
1516084301.021260, 17, 2107520.250000
1516084301.121625, 17, 2102672.250000
1516084301.221902, 18, 2110421.000000
1516084301.322347, 18, 2117395.000000
1516084301.422743, 16, 2099447.500000
1516084301.523280, 18, 2107518.750000
1516084301.623654, 17, 2102671.000000
1516084301.724008, 17, 2098308.000000
1516084301.824358, 16, 2082269.250000
1516084301.924713, 18, 2092058.375000
1516084302.024959, 18, 2100868.500000
1516084302.125247, 15, 2072461.625000
1516084302.225364, 17, 2071119.500000
1516084302.325748, 18, 2082023.500000
1516084302.426154, 17, 2079725.125000
1516084302.526606, 17, 2077656.625000
1516084302.626885, 17, 2075795.000000
1516084302.727355, 17, 2074119.500000
1516084302.827545, 18, 2084723.500000
1516084302.930867, 18, 2094267.125000
1516084303.031170, 17, 2090744.375000
1516084303.131604, 17, 2087574.000000
1516084303.231943, 17, 2084720.625000
1516084303.332243, 18, 2094264.500000
1516084303.432566, 16, 2078630.000000
1516084303.532994, 17, 2076671.000000
1516084303.633384, 18, 2087019.875000
1516084303.733766, 15, 2059997.875000
1516084303.834108, 18, 2072014.125000
1516084303.934539, 17, 2070716.750000
1516084304.034814, 17, 2069549.125000
1516084304.135339, 17, 2068498.250000
1516084304.235751, 17, 2067552.375000
1516084304.336186, 17, 2066701.125000
1516084304.437191, 18, 2078047.000000
1516084304.537688, 16, 2064034.250000
1516084304.637980, 16, 2051422.875000
1516084304.738571, 17, 2052184.625000
1516084304.838843, 18, 2064982.125000
1516084304.939267, 16, 2052275.875000
1516084305.039383, 18, 2065064.250000
1516084305.139820, 17, 2064461.875000
1516084305.240120, 17, 2063919.750000
1516084305.340470, 18, 2075543.750000
1516084305.440727, 16, 2061781.375000
1516084305.541093, 17, 2061507.250000
1516084305.641490, 17, 2061260.500000
1516084305.742118, 16, 2048926.500000
1516084305.842658, 18, 2062049.875000
1516084305.945288, 17, 2061748.875000
1516084306.045678, 17, 2061478.000000
1516084306.146224, 17, 2061234.250000
1516084306.246687, 17, 2061014.875000
1516084306.347089, 17, 2060817.375000
1516084306.447452, 18, 2072751.625000
1516084306.547923, 17, 2071380.500000
1516084306.648368, 17, 2070146.500000
1516084306.748767, 18, 2081147.875000
1516084306.849052, 16, 2066825.125000
1516084306.949450, 17, 2066046.625000
1516084307.049631, 18, 2077458.000000
1516084307.149971, 17, 2075616.250000
1516084307.250336, 17, 2073958.625000
1516084307.350949, 17, 2072466.750000
1516084307.451213, 17, 2071124.125000
1516084307.551629, 17, 2069915.750000
1516084307.652089, 17, 2068828.125000
1516084307.752212, 18, 2079961.250000
1516084307.852611, 16, 2065757.125000
1516084307.952875, 17, 2065085.375000
1516084308.053328, 17, 2064480.875000
1516084308.153746, 17, 2063936.750000
1516084308.254438, 17, 2063447.125000
1516084308.354816, 17, 2063006.375000
1516084308.455249, 16, 2050497.750000
1516084308.555398, 18, 2063464.000000
1516084308.655496, 17, 2063021.625000
1516084308.755816, 17, 2062623.500000
1516084308.856210, 17, 2062265.125000
1516084308.956457, 17, 2061942.625000
1516084309.056724, 17, 2061652.375000
1516084309.156900, 18, 2073503.125000
1516084309.259581, 17, 2072056.750000
1516084309.359739, 18, 2082867.125000
1516084309.459904, 16, 2068372.375000
1516084309.560281, 17, 2067439.125000
1516084309.660547, 17, 2066599.250000
1516084309.760912, 18, 2077955.375000
1516084309.861100, 16, 2063951.875000
1516084309.961201, 17, 2063460.750000
1516084310.061402, 17, 2063018.625000
1516084310.161495, 16, 2050508.750000
1516084310.261656, 17, 2051361.875000
1516084310.361737, 18, 2064241.750000
1516084310.461865, 17, 2063721.625000
1516084310.561975, 17, 2063253.500000
1516084310.662117, 17, 2062832.125000
1516084310.762311, 17, 2062452.875000
1516084310.862571, 17, 2062111.625000
1516084310.962858, 18, 2073916.500000
1516084311.063287, 17, 2072428.875000
1516084311.163679, 17, 2071090.000000
1516084311.264090, 17, 2069885.000000
1516084311.364554, 18, 2080912.500000
1516084311.465033, 16, 2066613.250000
1516084311.565491, 17, 2065855.875000
1516084311.666903, 18, 2077286.250000
1516084311.767170, 17, 2075461.625000
1516084311.867526, 16, 2061707.500000
1516084311.967944, 17, 2061440.750000
1516084312.068301, 18, 2073312.625000
1516084312.168677, 16, 2059773.375000
1516084312.269066, 17, 2059700.000000
1516084312.369420, 17, 2059634.000000
1516084312.469761, 17, 2059574.625000
1516084312.570023, 17, 2059521.125000
1516084312.670528, 18, 2071585.000000
1516084312.770780, 17, 2070330.500000
1516084312.871268, 16, 2057089.500000
1516084312.971749, 17, 2057284.500000
1516084313.072306, 17, 2057460.000000
1516084313.172598, 17, 2057618.000000
1516084313.273008, 17, 2057760.250000
1516084313.373358, 17, 2057888.250000
1516084313.473732, 17, 2058003.375000
1516084313.574194, 16, 2045995.000000
1516084313.676341, 17, 2047299.500000
1516084313.776517, 18, 2060585.500000
1516084313.876714, 16, 2048319.000000
1516084313.977212, 17, 2049391.125000
1516084314.077311, 17, 2050356.000000
1516084314.177681, 17, 2051224.375000
1516084314.277839, 17, 2052006.000000
1516084314.377973, 18, 2064821.375000
1516084314.478116, 17, 2064243.250000
1516084314.578195, 17, 2063722.875000
1516084314.678264, 17, 2063254.625000
1516084314.778407, 17, 2062833.125000
1516084314.878553, 17, 2062453.750000
1516084314.978983, 17, 2062112.375000
1516084315.079297, 17, 2061805.125000
1516084315.179422, 18, 2073640.625000
1516084315.279493, 17, 2072180.500000
1516084315.379575, 17, 2070866.500000
1516084315.479785, 17, 2069683.875000
1516084315.580001, 17, 2068619.500000
1516084315.680141, 17, 2067661.500000
1516084315.780268, 18, 2078911.375000
1516084315.880500, 17, 2076924.250000
1516084315.980653, 17, 2075135.875000
1516084316.080751, 17, 2073526.250000
1516084316.181154, 17, 2072077.625000
1516084316.281318, 18, 2082885.875000
1516084316.381405, 17, 2080501.250000
1516084316.481491, 17, 2078355.125000
1516084316.581565, 17, 2076423.625000
1516084316.681649, 18, 2086797.250000
1516084316.781820, 17, 2084021.500000
1516084316.881914, 17, 2081523.375000
1516084316.982073, 17, 2079275.000000
1516084317.082244, 18, 2089363.500000
1516084317.182533, 17, 2086331.125000
1516084317.282656, 17, 2083602.000000
1516084317.382874, 18, 2093257.750000
1516084317.482975, 17, 2089836.000000
1516084317.583107, 17, 2086756.375000
1516084317.683379, 18, 2096096.750000
1516084317.783590, 17, 2092391.125000
1516084317.883776, 17, 2089056.000000
1516084317.983954, 18, 2098166.500000
1516084318.084110, 17, 2094253.875000
1516084318.184305, 17, 2090732.500000
1516084318.284411, 18, 2099675.250000
1516084318.384524, 17, 2095611.750000
1516084318.484609, 18, 2104066.500000
1516084318.584711, 17, 2099563.750000
1516084318.684874, 17, 2095511.375000
1516084318.785011, 18, 2103976.250000
1516084318.885162, 17, 2099482.500000
1516084318.985272, 18, 2107550.250000
1516084319.085439, 17, 2102699.250000
1516084319.185528, 17, 2098333.250000
1516084319.285730, 18, 2106516.000000
1516084319.385957, 17, 2101768.500000
1516084319.486147, 18, 2109607.750000
1516084319.586245, 17, 2104551.000000
1516084319.686400, 18, 2112112.000000
1516084319.786936, 17, 2106804.750000
1516084319.887363, 18, 2114140.250000
1516084319.987746, 16, 2096518.250000
1516084320.087945, 17, 2092770.375000
1516084320.188126, 18, 2101509.250000
1516084320.288245, 15, 2073038.375000
1516084320.388459, 18, 2083750.500000
1516084320.488725, 17, 2081279.500000
1516084320.589008, 18, 2091167.500000
1516084320.689312, 17, 2087954.750000
1516084320.789619, 17, 2085063.250000
1516084320.889749, 18, 2094572.875000
1516084320.989933, 17, 2091019.625000
1516084321.090124, 18, 2099933.750000
1516084321.190596, 17, 2095844.375000
1516084321.291042, 18, 2104276.000000
1516084321.391453, 17, 2099752.500000
1516084321.491595, 17, 2095681.250000
1516084321.591679, 18, 2104129.000000
1516084321.691833, 16, 2087508.125000
1516084321.791946, 18, 2096773.250000
1516084321.892010, 17, 2092999.875000
1516084321.992193, 17, 2089603.875000
1516084322.092289, 18, 2098659.500000
1516084322.192446, 17, 2094697.500000
1516084322.292547, 18, 2103243.750000
1516084322.392622, 17, 2098823.500000
1516084322.492688, 18, 2106957.250000
1516084322.592761, 17, 2102165.500000
1516084322.692825, 18, 2109965.000000
1516084322.792914, 17, 2104872.500000
1516084322.893112, 18, 2112401.250000
1516084322.993286, 16, 2094953.125000
1516084323.093522, 18, 2103473.750000
1516084323.193723, 17, 2099030.500000
