1516084138.58 0 0 0 0
1516084138.68 0 0 0 0
1516084138.78 0 0 0 0
1516084138.88 0 0 0 0
1516084138.98 0 0 0 0
1516084139.08 0 0 0 0
1516084139.18 0 0 0 0
1516084139.28 0 0 0 0
1516084139.38 0 0 0 0
1516084139.48 0 0 0 0
1516084139.59 0 0 0 0
1516084139.69 0 0 0 0
1516084139.79 0 0 0 0
1516084139.89 0 0 0 0
1516084139.99 0 0 0 0
1516084140.09 0 0 0 0
1516084140.19 0 0 0 0
1516084140.3 0 0 0 0
1516084140.4 0 0 0 0
1516084140.5 0 0 0 0
1516084140.6 0 0 0 0
1516084140.7 0 0 0 0
1516084140.8 0 0 0 0
1516084140.91 0 0 0 0
1516084141.01 0 0 0 0
1516084141.11 0 0 0 0
1516084141.21 0 0 0 0
1516084141.31 0 0 0 0
1516084141.41 0 0 0 0
1516084141.51 0 0 0 0
1516084141.61 0 0 0 0
1516084141.71 0 0 0 0
1516084141.81 0 0 0 0
1516084141.91 0 0 0 0
1516084142.01 0 0 0 0
1516084142.11 0 0 0 0
1516084142.21 0 0 0 0
1516084142.31 0 0 0 0
1516084142.41 0 0 0 0
1516084142.52 0 0 0 0
1516084142.62 0 0 0 0
1516084142.72 0 0 0 0
1516084142.81 0 0 0 0
1516084142.91 0 0 0 0
1516084143.01 0 0 0 0
1516084143.11 0 0 0 0
1516084143.22 0 0 0 0
1516084143.32 0 0 0 0
1516084143.42 0 0 0 0
1516084143.52 0 0 0 0
1516084143.62 0 0 0 0
1516084143.72 0 0 0 0
1516084143.82 0 0 0 0
1516084143.92 0 0 0 0
1516084144.02 0 0 0 0
1516084144.12 0 0 0 0
1516084144.22 0 0 0 0
1516084144.32 0 0 0 0
1516084144.42 0 0 0 0
1516084144.52 0 0 0 0
1516084144.62 0 0 0 0
1516084144.72 0 0 0 0
1516084144.82 0 0 0 0
1516084144.92 0 0 0 0
1516084145.02 0 0 0 0
1516084145.12 0 0 0 0
1516084145.22 0 0 0 0
1516084145.32 0 0 0 0
1516084145.42 0 0 0 0
1516084145.52 0 0 0 0
1516084145.62 0 0 0 0
1516084145.72 0 0 0 0
1516084145.82 0 0 0 0
1516084145.92 0 0 0 0
1516084146.02 0 0 0 0
1516084146.12 0 0 0 0
1516084146.22 0 0 0 0
1516084146.32 0 0 0 0
1516084146.42 0 0 0 0
1516084146.52 0 0 0 0
1516084146.62 0 0 0 0
1516084146.72 0 0 0 0
1516084146.82 0 0 0 0
1516084146.92 0 0 0 0
1516084147.02 0 0 0 0
1516084147.13 0 0 0 0
1516084147.23 0 0 0 0
1516084147.33 0 0 0 0
1516084147.43 0 0 0 0
1516084147.53 0 0 0 0
1516084147.63 0 0 0 0
1516084147.73 0 0 0 0
1516084147.84 0 0 0 0
1516084147.94 0 0 0 0
1516084148.03 0 0 0 0
1516084148.13 0 0 0 0
1516084148.24 0 0 0 0
1516084148.34 0 0 0 0
1516084148.44 0 0 0 0
1516084148.54 0 0 0 0
1516084148.64 0 0 0 0
1516084148.74 0 0 0 0
1516084148.84 0 0 0 0
1516084148.94 0 0 0 0
1516084149.04 0 0 0 0
1516084149.14 0 0 0 0
1516084149.24 0 0 0 0
1516084149.34 0 0 0 0
1516084149.44 0 0 0 0
1516084149.54 0 0 0 0
1516084149.64 0 0 0 0
1516084149.74 0 0 0 0
1516084149.84 0 0 0 0
1516084149.94 0 0 0 0
1516084150.04 0 0 0 0
1516084150.14 0 0 0 0
1516084150.24 0 0 0 0
1516084150.34 0 0 0 0
1516084150.44 0 0 0 0
1516084150.54 0 0 0 148
1516084150.64 0 0 0 0
1516084150.75 0 0 0 0
1516084150.84 0 0 0 0
1516084150.94 0 0 0 173
1516084151.04 0 0 0 0
1516084151.14 0 0 0 0
1516084151.24 0 0 0 1534
1516084151.36 0 0 0 0
1516084151.49 0 0 0 0
1516084151.59 0 0 0 114
1516084151.69 0 0 0 0
1516084151.79 0 0 0 0
1516084151.89 0 0 0 82
1516084151.99 0 0 0 0
1516084152.09 0 0 0 0
1516084152.19 0 0 0 110
1516084152.29 0 0 0 0
1516084152.39 0 0 0 0
1516084152.49 0 0 0 134
1516084152.59 0 0 0 0
1516084152.69 0 0 0 0
1516084152.79 0 0 0 686
1516084152.89 0 0 0 0
1516084152.99 0 0 0 0
1516084153.09 0 0 0 1222
1516084153.19 0 0 0 0
1516084153.29 0 0 0 0
1516084153.39 0 0 0 178
1516084153.49 0 0 0 0
1516084153.59 0 0 0 0
1516084153.69 0 0 0 266
1516084153.79 0 0 0 0
1516084153.89 0 0 0 0
1516084153.99 0 0 0 0
1516084154.09 0 0 0 396
1516084154.19 0 0 0 0
1516084154.29 0 0 0 0
1516084154.39 0 0 0 66
1516084154.5 0 0 0 0
1516084154.6 0 0 0 0
1516084154.7 0 0 0 0
1516084154.8 0 0 0 0
1516084154.9 0 0 0 0
1516084155.01 0 0 0 0
1516084155.1 0 0 0 0
1516084155.21 0 0 0 0
1516084155.33 0 0 0 0
1516084155.43 0 0 0 0
1516084155.53 0 0 0 42
1516084155.63 0 0 0 0
1516084155.74 0 0 0 0
1516084155.83 0 0 0 0
1516084155.93 0 0 0 0
1516084156.04 0 0 0 0
1516084156.14 0 0 0 0
1516084156.23 0 0 0 0
1516084156.33 0 0 0 0
1516084156.46 0 0 0 0
1516084156.58 0 0 0 0
1516084156.68 0 0 0 0
1516084156.79 0 0 0 0
1516084156.9 0 0 0 0
1516084157.0 0 0 0 0
1516084157.1 0 0 0 0
1516084157.21 0 0 0 0
1516084157.31 0 0 0 0
1516084157.42 0 0 0 0
1516084157.55 0 0 0 0
1516084157.65 0 0 0 0
1516084157.75 0 0 0 0
1516084157.85 0 0 0 0
1516084157.96 0 0 0 0
1516084158.09 0 0 0 0
1516084158.19 0 0 0 0
1516084158.29 0 0 0 0
1516084158.39 0 0 0 0
1516084158.51 0 0 0 0
1516084158.63 0 0 0 0
1516084158.73 0 0 0 0
1516084158.83 0 0 0 0
1516084158.93 0 0 0 0
1516084159.04 0 0 0 0
1516084159.16 0 0 0 0
1516084159.26 0 0 0 0
1516084159.36 0 0 0 0
1516084159.46 0 0 0 0
1516084159.57 0 0 0 0
1516084159.66 0 0 0 0
1516084159.77 0 0 0 0
1516084159.86 0 0 0 0
1516084159.96 0 0 0 0
1516084160.06 0 0 0 0
1516084160.16 0 0 0 0
1516084160.26 0 0 0 0
1516084160.37 0 0 0 0
1516084160.46 0 0 0 0
1516084160.56 0 0 0 0
1516084160.67 0 0 0 0
1516084160.76 0 0 0 0
1516084160.86 0 0 0 0
1516084160.97 0 0 0 0
1516084161.07 0 0 0 0
1516084161.17 0 0 0 0
1516084161.3 0 0 0 0
1516084161.4 0 0 0 0
1516084161.5 0 0 0 0
1516084161.6 0 0 0 0
1516084161.7 0 0 0 0
1516084161.8 0 0 0 0
1516084161.9 0 0 0 0
1516084162.0 0 0 0 0
1516084162.1 0 0 0 0
1516084162.2 0 0 0 0
1516084162.32 0 0 0 0
1516084162.4 0 0 0 0
1516084162.5 0 0 0 0
1516084162.6 0 0 0 0
1516084162.7 0 0 0 0
1516084162.8 0 0 0 0
1516084162.9 0 0 0 0
1516084163.0 0 0 0 0
1516084163.1 0 0 0 0
1516084163.21 0 0 0 0
1516084163.31 0 0 0 0
1516084163.41 0 0 0 0
1516084163.52 0 0 0 0
1516084163.61 0 0 0 0
1516084163.7 0 0 0 0
1516084163.81 0 0 0 0
1516084163.91 0 0 0 0
1516084164.01 0 0 0 0
1516084164.1 0 0 0 0
1516084164.2 0 0 0 0
1516084164.3 0 0 0 0
1516084164.41 0 0 0 0
1516084164.51 0 0 0 0
1516084164.61 0 0 0 0
1516084164.71 0 0 0 0
1516084164.82 0 0 0 0
1516084164.94 0 0 0 0
1516084165.04 0 0 0 0
1516084165.15 0 0 0 0
1516084165.29 0 0 0 0
1516084165.38 0 0 0 0
1516084165.48 0 0 0 0
1516084165.58 0 0 0 0
1516084165.68 0 0 0 0
1516084165.78 0 0 0 0
1516084165.88 0 0 0 0
1516084165.98 0 0 0 0
1516084166.08 0 0 0 0
1516084166.19 0 0 0 0
1516084166.28 0 0 0 0
1516084166.39 0 0 0 0
1516084166.49 0 0 0 0
1516084166.58 0 0 0 0
1516084166.69 0 0 0 0
1516084166.79 0 0 0 0
1516084166.89 0 0 0 0
1516084166.98 0 0 0 0
1516084167.08 0 0 0 0
1516084167.18 0 0 0 0
1516084167.29 0 0 0 0
1516084167.4 0 0 0 0
1516084167.51 0 0 0 0
1516084167.61 0 0 0 0
1516084167.71 0 0 0 0
1516084167.81 0 0 0 0
1516084167.91 0 0 0 0
1516084168.01 0 0 0 0
1516084168.12 0 0 0 0
1516084168.21 0 0 0 0
1516084168.34 0 0 0 0
1516084168.43 0 0 0 0
1516084168.53 0 0 0 0
1516084168.63 0 0 0 0
1516084168.73 0 0 0 0
1516084168.83 0 0 0 0
1516084168.93 0 0 0 0
1516084169.03 0 0 0 0
1516084169.13 0 0 0 0
1516084169.23 0 0 0 0
1516084169.33 0 0 0 0
1516084169.43 0 0 0 0
1516084169.57 0 0 0 0
1516084169.68 0 0 0 0
1516084169.78 0 0 0 0
1516084169.88 0 0 0 0
1516084169.98 0 0 0 0
1516084170.08 0 0 0 0
1516084170.18 0 0 0 0
1516084170.28 0 0 0 0
1516084170.38 0 0 0 0
1516084170.48 0 0 0 0
1516084170.58 0 0 0 0
1516084170.68 0 0 0 0
1516084170.78 0 0 0 0
1516084170.88 0 0 0 0
1516084170.98 0 0 0 0
1516084171.08 0 0 0 0
1516084171.18 0 0 0 0
1516084171.28 0 0 0 0
1516084171.38 0 0 0 0
1516084171.48 0 0 0 0
1516084171.58 0 0 0 0
1516084171.71 0 0 0 0
1516084171.84 0 0 0 0
1516084171.94 0 0 0 0
1516084172.04 0 0 0 0
1516084172.14 0 0 0 0
1516084172.24 0 0 0 0
1516084172.34 0 0 0 0
1516084172.46 0 0 0 0
1516084172.55 0 0 0 0
1516084172.65 0 0 0 0
1516084172.75 0 0 0 0
1516084172.85 0 0 0 0
1516084172.95 0 0 0 0
1516084173.05 0 0 0 0
1516084173.15 0 0 0 0
1516084173.25 0 0 0 0
1516084173.35 0 0 0 0
1516084173.45 0 0 0 0
1516084173.55 0 0 0 0
1516084173.66 0 0 0 0
1516084173.78 0 0 0 0
1516084173.88 0 0 0 0
1516084173.98 0 0 0 0
1516084174.08 0 0 0 0
1516084174.18 0 0 0 0
1516084174.28 0 0 0 0
1516084174.38 0 0 0 0
1516084174.48 0 0 0 0
1516084174.58 0 0 0 0
1516084174.68 0 0 0 0
1516084174.78 0 0 0 0
1516084174.88 0 0 0 0
1516084174.98 0 0 0 0
1516084175.08 0 0 0 0
1516084175.18 0 0 0 0
1516084175.28 0 0 0 0
1516084175.38 0 0 0 0
1516084175.49 0 0 0 0
1516084175.59 0 0 0 0
1516084175.69 0 0 0 0
1516084175.79 0 0 0 0
1516084175.89 0 0 0 0
1516084175.99 0 0 0 0
1516084176.1 0 0 0 0
1516084176.2 0 0 0 0
1516084176.3 0 0 0 0
1516084176.4 0 0 0 0
1516084176.5 0 0 0 0
1516084176.6 0 0 0 0
1516084176.71 0 0 0 0
1516084176.8 0 0 0 0
1516084176.91 0 0 0 0
1516084177.01 0 0 0 0
1516084177.11 0 0 0 0
1516084177.21 0 0 0 0
1516084177.31 0 0 0 0
1516084177.41 0 0 0 0
1516084177.52 0 0 0 0
1516084177.62 0 0 0 0
1516084177.71 0 0 0 0
1516084177.81 0 0 0 0
1516084177.91 0 0 0 0
1516084178.01 0 0 0 0
1516084178.11 0 0 0 0
1516084178.21 0 0 0 0
1516084178.31 0 0 0 0
1516084178.41 0 0 0 0
1516084178.52 0 0 0 0
1516084178.61 0 0 0 0
1516084178.71 0 0 0 0
1516084178.81 0 0 0 0
1516084178.91 0 0 0 0
1516084179.01 0 0 0 0
1516084179.11 0 0 0 0
1516084179.22 0 0 0 0
1516084179.32 0 0 0 0
1516084179.42 0 0 0 0
1516084179.52 0 0 0 0
1516084179.62 0 0 0 0
1516084179.72 0 0 0 0
1516084179.82 0 0 0 0
1516084179.92 0 0 0 0
1516084180.02 0 0 0 0
1516084180.12 0 0 0 0
1516084180.22 0 0 0 0
1516084180.32 0 0 0 0
1516084180.42 0 0 0 0
1516084180.52 0 0 0 0
1516084180.62 0 0 0 0
1516084180.72 0 0 0 0
1516084180.82 0 0 0 0
1516084180.92 0 0 0 0
1516084181.02 0 0 0 0
1516084181.12 0 0 0 0
1516084181.22 0 0 0 0
1516084181.32 0 0 0 0
1516084181.42 0 0 0 0
1516084181.52 0 0 0 0
1516084181.62 0 0 0 0
1516084181.72 0 0 0 0
1516084181.82 0 0 0 0
1516084181.92 0 0 0 0
1516084182.02 0 0 0 0
1516084182.12 0 0 0 0
1516084182.22 0 0 0 0
1516084182.32 0 0 0 0
1516084182.42 0 0 0 0
1516084182.52 0 0 0 0
1516084182.63 0 0 0 0
1516084182.72 0 0 0 0
1516084182.83 0 0 0 0
1516084182.93 0 0 0 0
1516084183.02 0 0 0 0
1516084183.12 0 0 0 0
1516084183.22 0 0 0 0
1516084183.32 0 0 0 0
1516084183.42 0 0 0 0
1516084183.52 0 0 0 0
1516084183.62 0 0 0 0
1516084183.73 0 0 0 0
1516084183.83 0 0 0 0
1516084183.93 0 0 0 0
1516084184.03 0 1514 0 0
1516084184.13 0 0 0 0
1516084184.23 0 0 0 0
1516084184.33 0 10598 0 0
1516084184.43 0 56018 0 0
1516084184.53 0 57532 0 0
1516084184.63 0 54504 0 0
1516084184.73 0 57532 0 0
1516084184.83 0 56018 0 0
1516084184.93 0 56018 0 0
1516084185.03 0 56018 0 0
1516084185.13 0 57532 0 0
1516084185.23 0 54504 0 0
1516084185.33 0 57532 0 0
1516084185.43 0 56018 0 0
1516084185.53 0 56018 0 0
1516084185.63 0 57532 0 0
1516084185.73 0 54504 0 0
1516084185.83 0 57532 0 0
1516084185.93 0 56018 0 0
1516084186.03 0 57532 0 0
1516084186.13 0 56018 0 0
1516084186.23 0 56018 0 0
1516084186.33 0 56018 0 0
1516084186.43 0 56018 0 0
1516084186.53 0 57532 0 0
1516084186.63 0 56018 0 0
1516084186.74 0 57532 0 0
1516084186.83 0 54504 0 0
1516084186.94 0 57532 0 0
1516084187.04 0 54504 0 0
1516084187.14 0 62074 0 0
1516084187.24 0 51476 0 0
1516084187.34 0 59046 0 0
1516084187.44 0 52990 0 0
1516084187.54 0 57532 0 0
1516084187.64 0 56018 0 0
1516084187.74 0 56018 0 0
1516084187.84 0 57532 0 0
1516084187.94 0 54504 0 0
1516084188.04 0 56018 0 0
1516084188.14 0 57532 0 0
1516084188.24 0 56018 0 0
1516084188.34 0 56018 0 0
1516084188.44 0 56018 0 0
1516084188.54 0 56018 0 0
1516084188.64 0 57532 0 0
1516084188.74 0 56018 0 0
1516084188.84 0 57532 0 42
1516084188.94 0 56018 0 0
1516084189.04 0 56018 0 0
1516084189.14 0 56018 0 0
1516084189.24 0 56018 0 0
1516084189.34 0 57532 0 0
1516084189.44 0 56018 0 0
1516084189.54 0 56018 0 0
1516084189.64 0 56018 0 0
1516084189.74 0 56018 0 0
1516084189.84 0 57532 0 0
1516084189.94 0 56018 0 0
1516084190.04 0 56018 0 0
1516084190.14 0 56018 0 0
1516084190.25 0 59046 0 0
1516084190.35 0 56018 0 0
1516084190.45 0 59046 0 0
1516084190.55 0 54504 0 0
1516084190.65 0 56018 0 0
1516084190.75 0 57532 0 0
1516084190.85 0 56018 0 0
1516084190.95 0 56018 0 0
1516084191.05 0 54504 0 0
1516084191.15 0 56018 0 0
1516084191.25 0 57532 0 0
1516084191.35 0 56018 0 0
1516084191.45 0 54504 0 0
1516084191.55 0 57532 0 0
1516084191.65 0 56018 0 0
1516084191.75 0 56018 0 0
1516084191.85 0 56018 0 0
1516084191.95 0 57532 0 0
1516084192.05 0 57532 0 0
1516084192.15 0 54504 0 0
1516084192.25 0 56018 0 0
1516084192.35 0 57532 0 0
1516084192.45 0 54504 0 0
1516084192.55 0 57532 0 0
1516084192.65 0 56018 0 0
1516084192.75 0 57532 0 0
1516084192.85 0 56018 0 0
1516084192.95 0 57532 0 0
1516084193.05 0 52990 0 0
1516084193.15 0 57532 0 0
1516084193.25 0 56018 0 0
1516084193.35 0 56018 0 0
1516084193.45 0 56018 0 0
1516084193.55 0 54504 0 0
1516084193.65 0 57532 0 0
1516084193.75 0 56018 0 0
1516084193.85 0 56018 0 0
1516084193.95 0 56018 0 0
1516084194.05 0 56018 0 0
1516084194.15 0 57532 0 0
1516084194.25 0 56018 0 0
1516084194.35 0 54504 0 0
1516084194.46 0 57532 0 0
1516084194.56 0 57532 0 0
1516084194.66 0 52990 0 0
1516084194.76 0 60560 0 0
1516084194.86 0 56018 0 0
1516084194.97 0 59046 0 0
1516084195.06 0 54504 0 0
1516084195.16 0 54504 0 0
1516084195.26 0 56018 0 0
1516084195.36 0 56018 0 0
1516084195.46 0 56018 0 0
1516084195.56 0 57532 0 0
1516084195.66 0 56018 0 0
1516084195.76 0 56018 0 0
1516084195.86 0 56018 0 0
1516084195.96 0 57532 0 0
1516084196.06 0 56018 0 0
1516084196.16 0 56018 0 0
1516084196.26 0 56018 0 0
1516084196.36 0 56018 0 0
1516084196.46 0 57532 0 0
1516084196.56 0 56018 0 0
1516084196.66 0 57532 0 0
1516084196.76 0 56018 0 0
1516084196.86 0 54504 0 0
1516084196.96 0 57532 0 0
1516084197.06 0 56018 0 0
1516084197.16 0 57532 0 0
1516084197.26 0 56018 0 0
1516084197.36 0 54504 0 0
1516084197.46 0 56018 0 0
1516084197.56 0 57532 0 0
1516084197.66 0 56018 0 0
1516084197.76 0 56018 0 0
1516084197.86 0 56018 0 0
1516084197.96 0 56018 0 0
1516084198.07 0 57532 0 0
1516084198.17 0 60560 0 0
1516084198.27 0 52990 0 0
1516084198.37 0 57532 0 0
1516084198.47 0 54504 0 0
1516084198.56 0 56018 0 0
1516084198.67 0 56018 0 0
1516084198.77 0 60560 0 0
1516084198.87 0 54504 0 0
1516084198.97 0 56018 0 0
1516084199.07 0 57532 0 0
1516084199.17 0 54504 0 0
1516084199.27 0 56018 0 0
1516084199.37 0 56018 0 0
1516084199.47 0 56018 0 0
1516084199.57 0 57532 0 0
1516084199.67 0 56018 0 0
1516084199.77 0 56018 0 0
1516084199.87 0 56018 0 0
1516084199.97 0 57532 0 0
1516084200.07 0 54504 0 0
1516084200.17 0 59046 0 0
1516084200.27 0 54504 0 0
1516084200.37 0 57532 0 0
1516084200.47 0 56018 0 0
1516084200.57 0 54504 0 0
1516084200.67 0 57532 0 0
1516084200.77 0 56018 0 0
1516084200.87 0 56018 0 0
1516084200.97 0 57532 0 0
1516084201.07 0 56018 0 0
1516084201.17 0 56018 0 0
1516084201.27 0 56018 0 0
1516084201.37 0 56018 0 0
1516084201.47 0 57532 0 0
1516084201.57 0 56018 0 0
1516084201.67 0 56018 0 0
1516084201.77 0 56018 0 0
1516084201.87 0 56018 0 0
1516084201.98 0 59046 0 0
1516084202.08 0 59046 0 0
1516084202.18 0 52990 0 0
1516084202.28 0 54504 0 0
1516084202.38 0 63588 0 0
1516084202.48 0 52990 0 42
1516084202.58 0 54504 0 0
1516084202.68 0 56018 0 0
1516084202.78 0 56018 0 0
1516084202.88 0 56018 0 0
1516084202.98 0 56018 0 0
1516084203.08 0 56018 0 0
1516084203.18 0 56018 0 0
1516084203.28 0 36336 0 0
1516084203.38 0 33308 0 0
1516084203.48 0 31794 0 0
1516084203.58 0 48448 0 0
1516084203.68 0 52990 0 0
1516084203.78 0 25738 0 0
1516084203.88 0 40878 0 0
1516084203.98 0 45420 0 0
1516084204.08 0 43906 0 0
1516084204.18 0 45420 0 0
1516084204.28 0 42392 0 0
1516084204.38 0 42392 0 0
1516084204.48 0 42392 0 0
1516084204.58 0 45420 0 0
1516084204.68 0 43906 0 0
1516084204.78 0 43906 0 0
1516084204.88 0 43906 0 0
1516084204.98 0 43906 0 0
1516084205.08 0 42392 0 0
1516084205.18 0 43906 0 0
1516084205.28 0 42392 0 0
1516084205.38 0 40878 0 0
1516084205.48 0 39364 0 0
1516084205.59 0 43906 0 0
1516084205.68 0 37850 0 0
1516084205.78 0 43906 0 0
1516084205.89 0 46934 0 0
1516084206.0 0 45420 0 0
1516084206.1 0 45420 0 0
1516084206.2 0 42392 0 0
1516084206.3 0 42392 0 0
1516084206.39 0 43906 0 0
1516084206.5 0 46934 0 0
1516084206.59 0 39364 0 0
1516084206.69 0 43906 0 0
1516084206.79 0 42392 0 0
1516084206.89 0 43906 0 0
1516084206.99 0 43906 0 0
1516084207.09 0 42392 0 0
1516084207.19 0 42392 0 0
1516084207.29 0 43906 0 0
1516084207.39 0 43906 0 0
1516084207.49 0 42392 0 0
1516084207.59 0 43906 0 0
1516084207.69 0 43906 0 0
1516084207.79 0 42392 0 0
1516084207.89 0 43906 0 0
1516084207.99 0 42392 0 0
1516084208.1 0 43906 0 0
1516084208.19 0 40878 0 0
1516084208.3 0 42392 0 0
1516084208.4 0 43906 0 0
1516084208.5 0 42392 0 0
1516084208.6 0 43906 0 0
1516084208.7 0 39364 0 0
1516084208.8 0 42392 0 0
1516084208.9 0 42392 0 0
1516084209.0 0 45420 0 0
1516084209.1 0 39364 0 0
1516084209.2 0 43906 0 0
1516084209.3 0 42392 0 0
1516084209.4 0 42392 0 0
1516084209.5 0 42392 0 0
1516084209.61 0 45420 0 0
1516084209.71 0 42392 0 0
1516084209.81 0 42392 0 0
1516084209.91 0 43906 0 0
1516084210.01 0 43906 0 0
1516084210.12 0 43906 0 0
1516084210.22 0 42392 0 0
1516084210.32 0 42392 0 0
1516084210.42 0 39364 0 0
1516084210.52 0 45420 0 0
1516084210.62 0 39364 0 0
1516084210.72 0 42392 0 0
1516084210.82 0 42392 0 0
1516084210.92 0 42392 0 0
1516084211.02 0 39364 0 0
1516084211.12 0 42392 0 0
1516084211.22 0 42392 0 0
1516084211.32 0 42392 0 0
1516084211.42 0 40878 0 0
1516084211.52 0 42392 0 0
1516084211.62 0 40878 0 0
1516084211.72 0 42392 0 0
1516084211.82 0 40878 0 0
1516084211.92 0 42392 0 0
1516084212.02 0 40878 0 0
1516084212.12 0 42392 0 0
1516084212.22 0 40878 0 0
1516084212.32 0 40878 0 0
1516084212.42 0 40878 0 0
1516084212.52 0 42392 0 0
1516084212.62 0 40878 0 0
1516084212.72 0 42392 0 0
1516084212.82 0 40878 0 0
1516084212.92 0 40878 0 0
1516084213.03 0 42392 0 0
1516084213.13 0 42392 0 0
1516084213.23 0 40878 0 0
1516084213.33 0 42392 0 0
1516084213.43 0 39364 0 0
1516084213.53 0 40878 0 0
1516084213.63 0 40878 0 0
1516084213.73 0 40878 0 0
1516084213.83 0 40878 0 0
1516084213.93 0 40878 0 0
1516084214.03 0 40878 0 0
1516084214.13 0 40878 0 0
1516084214.23 0 42392 0 0
1516084214.33 0 42392 0 0
1516084214.43 0 37850 0 0
1516084214.53 0 42392 0 0
1516084214.63 0 40878 0 0
1516084214.73 0 39364 0 0
1516084214.84 0 40878 0 0
1516084214.93 0 40878 0 0
1516084215.03 0 40878 0 0
1516084215.13 0 39364 0 0
1516084215.23 0 40878 0 0
1516084215.33 0 40878 0 0
1516084215.43 0 39364 0 0
1516084215.52 0 36336 0 0
1516084215.62 0 39364 0 0
1516084215.72 0 40878 0 0
1516084215.82 0 40878 0 0
1516084215.92 0 37850 0 0
1516084216.02 0 40878 0 0
1516084216.12 0 39364 0 0
1516084216.22 0 40878 0 0
1516084216.32 0 39364 0 0
1516084216.43 0 42392 0 0
1516084216.53 0 40878 0 0
1516084216.63 0 39364 0 0
1516084216.73 0 42392 0 0
1516084216.83 0 42392 0 0
1516084216.92 0 33308 0 0
1516084217.02 0 42392 0 0
1516084217.12 0 36336 0 0
1516084217.22 0 40878 0 0
1516084217.33 0 42392 0 0
1516084217.43 0 39364 0 0
1516084217.52 0 37850 0 0
1516084217.63 0 42392 0 0
1516084217.73 0 39364 0 0
1516084217.83 0 39364 0 0
1516084217.93 0 39364 0 0
1516084218.03 0 37850 0 0
1516084218.13 0 40878 0 0
1516084218.23 0 40878 0 0
1516084218.33 0 39364 0 0
1516084218.43 0 36336 0 0
1516084218.53 0 42392 0 0
1516084218.63 0 39364 0 0
1516084218.73 0 37850 0 0
1516084218.83 0 40878 0 0
1516084218.94 0 42392 0 0
1516084219.04 0 39364 0 0
1516084219.14 0 39364 0 0
1516084219.23 0 34822 0 0
1516084219.33 0 40878 0 0
1516084219.43 0 40878 0 0
1516084219.53 0 39364 0 0
1516084219.63 0 39364 0 0
1516084219.74 0 40878 0 0
1516084219.83 0 39364 0 0
1516084219.93 0 39364 0 0
1516084220.04 0 39364 0 0
1516084220.14 0 40878 0 0
1516084220.23 0 37850 0 0
1516084220.33 0 39364 0 0
1516084220.44 0 40878 0 0
1516084220.54 0 39364 0 0
1516084220.64 0 39364 0 0
1516084220.74 0 37850 0 0
1516084220.84 0 39364 0 0
1516084220.94 0 39364 0 0
1516084221.04 0 37850 0 0
1516084221.14 0 39364 0 0
1516084221.24 0 39364 0 0
1516084221.34 0 39364 0 0
1516084221.44 0 40878 0 0
1516084221.54 0 39364 0 0
1516084221.64 0 39364 0 0
1516084221.75 0 42392 0 0
1516084221.85 0 37850 0 0
1516084221.95 0 36336 0 0
1516084222.04 0 39364 0 0
1516084222.14 0 37850 0 0
1516084222.24 0 37850 0 0
1516084222.34 0 40878 0 0
1516084222.44 0 39364 0 0
1516084222.54 0 34822 0 0
1516084222.64 0 39364 0 0
1516084222.74 0 39364 0 0
1516084222.84 0 39364 0 0
1516084222.94 0 39364 0 0
1516084223.04 0 37850 0 0
1516084223.14 0 39364 0 0
1516084223.24 0 37850 0 0
1516084223.34 0 37850 0 0
1516084223.44 0 40878 0 0
1516084223.55 0 37850 0 0
1516084223.65 0 39364 0 0
1516084223.75 0 39364 0 0
1516084223.85 0 39364 0 0
1516084223.95 0 40878 0 0
1516084224.05 0 36336 0 0
1516084224.15 0 37850 0 0
1516084224.26 0 40878 0 0
1516084224.36 0 39364 0 0
1516084224.45 0 36336 0 0
1516084224.55 0 37850 0 0
1516084224.65 0 39364 0 0
1516084224.75 0 34822 0 0
1516084224.86 0 37850 0 0
1516084224.96 0 40878 0 0
1516084225.06 0 39364 0 0
1516084225.15 0 33308 0 0
1516084225.25 0 36336 0 0
1516084225.35 0 39364 0 0
1516084225.45 0 37850 0 0
1516084225.55 0 37850 0 0
1516084225.65 0 39364 0 0
1516084225.75 0 37850 0 0
1516084225.85 0 37850 0 0
1516084225.95 0 37850 0 0
1516084226.05 0 37850 0 0
1516084226.15 0 37850 0 0
1516084226.25 0 37850 0 0
1516084226.35 0 39364 0 0
1516084226.45 0 39364 0 0
1516084226.56 0 37850 0 0
1516084226.66 0 37850 0 0
1516084226.76 0 37850 0 0
1516084226.86 0 37850 0 0
1516084226.96 0 37850 0 0
1516084227.06 0 37850 0 0
1516084227.16 0 36336 0 0
1516084227.26 0 36336 0 0
1516084227.36 0 37850 0 0
1516084227.46 0 37850 0 0
1516084227.56 0 39364 0 0
1516084227.66 0 37850 0 0
1516084227.77 0 39364 0 0
1516084227.87 0 37850 0 0
1516084227.97 0 37850 0 0
1516084228.07 0 36336 0 0
1516084228.17 0 36336 0 0
1516084228.27 0 37850 0 0
1516084228.37 0 39364 0 0
1516084228.46 0 36336 0 0
1516084228.57 0 36336 0 0
1516084228.67 0 36336 0 0
1516084228.77 0 37850 0 0
1516084228.87 0 37850 0 0
1516084228.97 0 39364 0 0
1516084229.07 0 37850 0 0
1516084229.19 0 42392 0 0
1516084229.28 0 34822 0 0
1516084229.38 0 37850 0 0
1516084229.49 0 39364 0 0
1516084229.59 0 37850 0 0
1516084229.7 0 40878 0 0
1516084229.79 0 33308 0 0
1516084229.89 0 37850 0 0
1516084229.99 0 36336 0 0
1516084230.09 0 37850 0 0
1516084230.19 0 36336 0 0
1516084230.29 0 36336 0 0
1516084230.39 0 37850 0 0
1516084230.49 0 36336 0 0
1516084230.6 0 37850 0 0
1516084230.69 0 37850 0 0
1516084230.79 0 36336 0 0
1516084230.89 0 36336 0 0
1516084230.99 0 37850 0 0
1516084231.09 0 36336 0 0
1516084231.19 0 36336 0 0
1516084231.29 0 37850 0 0
1516084231.4 0 37850 0 0
1516084231.49 0 36336 0 0
1516084231.59 0 36336 0 0
1516084231.69 0 36336 0 0
1516084231.8 0 36336 0 0
1516084231.9 0 36336 0 0
1516084232.0 0 36336 0 0
1516084232.1 0 36336 0 0
1516084232.2 0 34822 0 0
1516084232.3 0 36336 0 0
1516084232.4 0 37850 0 0
1516084232.5 0 36336 0 0
1516084232.6 0 36336 0 0
1516084232.7 0 36336 0 0
1516084232.8 0 34822 0 0
1516084232.9 0 36336 0 0
1516084233.0 0 36336 0 0
1516084233.1 0 36336 0 0
1516084233.2 0 37850 0 0
1516084233.3 0 34822 0 0
1516084233.4 0 39364 0 0
1516084233.51 0 36336 0 0
1516084233.6 0 36336 0 0
1516084233.69 0 31794 0 0
1516084233.79 0 34822 0 0
1516084233.89 0 34822 0 0
1516084233.99 0 37850 0 0
1516084234.09 0 36336 0 0
1516084234.19 0 34822 0 0
1516084234.29 0 37850 0 0
1516084234.39 0 34822 0 0
1516084234.49 0 37850 0 0
1516084234.59 0 34822 0 0
1516084234.69 0 36336 0 0
1516084234.79 0 36336 0 0
1516084234.9 0 39364 0 0
1516084234.99 0 33308 0 0
1516084235.1 0 37850 0 0
1516084235.19 0 36336 0 0
1516084235.29 0 36336 0 0
1516084235.4 0 34822 0 0
1516084235.49 0 36336 0 0
1516084235.59 0 36336 0 0
1516084235.69 0 36336 0 0
1516084235.8 0 37850 0 0
1516084235.9 0 34822 0 0
1516084236.0 0 36336 0 0
1516084236.1 0 36336 0 0
1516084236.19 0 34822 0 0
1516084236.3 0 37850 0 0
1516084236.4 0 34822 0 0
1516084236.5 0 36336 0 0
1516084236.6 0 36336 0 0
1516084236.7 0 36336 0 0
1516084236.8 0 37850 0 0
1516084236.9 0 36336 0 0
1516084237.0 0 33308 0 0
1516084237.11 0 39364 0 0
1516084237.21 0 36336 0 0
1516084237.32 0 39364 0 0
1516084237.41 0 31794 0 0
1516084237.51 0 37850 0 0
1516084237.61 0 33308 0 0
1516084237.71 0 36336 0 0
1516084237.81 0 34822 0 0
1516084237.91 0 36336 0 0
1516084238.01 0 36336 0 0
1516084238.11 0 36336 0 0
1516084238.21 0 34822 0 0
1516084238.31 0 34822 0 0
1516084238.41 0 36336 0 0
1516084238.51 0 36336 0 0
1516084238.61 0 36336 0 42
1516084238.71 0 34822 0 0
1516084238.81 0 36336 0 0
1516084238.92 0 36336 0 0
1516084239.01 0 34822 0 0
1516084239.12 0 37850 0 0
1516084239.22 0 36336 0 0
1516084239.32 0 34822 0 0
1516084239.42 0 36336 0 0
1516084239.52 0 36336 0 0
1516084239.62 0 34822 0 0
1516084239.73 0 37850 0 0
1516084239.83 0 34822 0 0
1516084239.93 0 36336 0 0
1516084240.03 0 36336 0 0
1516084240.14 0 36336 0 0
1516084240.24 0 36336 0 0
1516084240.33 0 33308 0 0
1516084240.43 0 34822 0 0
1516084240.53 0 36336 0 0
1516084240.63 0 34822 0 0
1516084240.73 0 36336 0 0
1516084240.83 0 34822 0 0
1516084240.93 0 34822 0 0
1516084241.03 0 36336 0 0
1516084241.14 0 36336 0 0
1516084241.23 0 34822 0 0
1516084241.34 0 37850 0 0
1516084241.44 0 34822 0 0
1516084241.54 0 36336 0 0
1516084241.65 0 36336 0 0
1516084241.75 0 33308 0 74
1516084241.84 0 31794 0 0
1516084241.94 0 30280 0 0
1516084242.04 0 28766 0 0
1516084242.14 0 28766 0 0
1516084242.24 0 27252 0 0
1516084242.34 0 28766 0 0
1516084242.44 0 28766 0 0
1516084242.54 0 21196 0 0
1516084242.64 0 22710 0 0
1516084242.74 0 25738 0 0
1516084242.84 0 24224 0 0
1516084242.94 0 24224 0 0
1516084243.04 0 22710 0 0
1516084243.14 0 24224 0 0
1516084243.24 0 24224 0 0
1516084243.34 0 24224 0 0
1516084243.44 0 22710 0 0
1516084243.55 0 24224 0 0
1516084243.65 0 22710 0 0
1516084243.74 0 24224 0 0
1516084243.84 0 22710 0 0
1516084243.94 0 24224 0 0
1516084244.05 0 22710 0 0
1516084244.14 0 22710 0 0
1516084244.24 0 24224 0 0
1516084244.34 0 22710 0 0
1516084244.45 0 22710 0 0
1516084244.54 0 22710 0 0
1516084244.65 0 25738 0 0
1516084244.75 0 19682 0 0
1516084244.85 0 18168 0 0
1516084244.95 0 21196 0 0
1516084245.04 0 21196 0 0
1516084245.15 0 21196 0 0
1516084245.25 0 19682 0 0
1516084245.35 0 21196 0 0
1516084245.45 0 22710 0 0
1516084245.56 0 21196 0 0
1516084245.66 0 21196 0 0
1516084245.76 0 19682 0 0
1516084245.86 0 22710 0 0
1516084245.95 0 19682 0 0
1516084246.05 0 22710 0 0
1516084246.15 0 19682 0 0
1516084246.25 0 13626 0 0
1516084246.35 0 18168 0 0
1516084246.45 0 19682 0 0
1516084246.55 0 16654 0 0
1516084246.65 0 18168 0 0
1516084246.75 0 16654 0 0
1516084246.85 0 19682 0 0
1516084246.96 0 18168 0 0
1516084247.05 0 21196 0 0
1516084247.16 0 21196 0 0
1516084247.26 0 19682 0 0
1516084247.36 0 19682 0 0
1516084247.46 0 19682 0 0
1516084247.56 0 21196 0 0
1516084247.66 0 18168 0 0
1516084247.76 0 15140 0 0
1516084247.86 0 16654 0 0
1516084247.96 0 18168 0 0
1516084248.06 0 16654 0 0
1516084248.16 0 18168 0 0
1516084248.26 0 18168 0 0
1516084248.36 0 18168 0 0
1516084248.46 0 19682 0 0
1516084248.56 0 21196 0 0
1516084248.66 0 19682 0 0
1516084248.76 0 19682 0 0
1516084248.86 0 19682 0 0
1516084248.96 0 21196 0 0
1516084249.07 0 21196 0 0
1516084249.18 0 16654 0 0
1516084249.28 0 13626 0 42
1516084249.37 0 15140 0 0
1516084249.47 0 16654 0 0
1516084249.57 0 16654 0 0
1516084249.67 0 16654 0 0
1516084249.77 0 15140 0 0
1516084249.87 0 16654 0 0
1516084249.98 0 18168 0 0
1516084250.07 0 15140 0 0
1516084250.17 0 18168 0 0
1516084250.27 0 18168 0 0
1516084250.37 0 19682 0 0
1516084250.47 0 19682 0 0
1516084250.57 0 18168 0 0
1516084250.67 0 19682 0 0
1516084250.77 0 19682 0 0
1516084250.87 0 21196 0 0
1516084250.97 0 19682 0 0
1516084251.07 0 7570 0 0
1516084251.17 0 16654 0 0
1516084251.27 0 15140 0 0
1516084251.37 0 15140 0 0
1516084251.47 0 16654 0 0
1516084251.57 0 16654 0 0
1516084251.67 0 15140 0 0
1516084251.77 0 16654 0 0
1516084251.87 0 18168 0 0
1516084251.97 0 16654 0 0
1516084252.07 0 18168 0 0
1516084252.17 0 19682 0 0
1516084252.27 0 18168 0 0
1516084252.37 0 19682 0 0
1516084252.47 0 19682 0 0
1516084252.57 0 19682 0 0
1516084252.67 0 21196 0 0
1516084252.79 0 22710 0 0
1516084252.88 0 13626 0 0
1516084252.98 0 9084 0 0
1516084253.08 0 16654 0 0
1516084253.18 0 15140 0 0
1516084253.28 0 16654 0 0
1516084253.38 0 15140 0 0
1516084253.48 0 16654 0 0
1516084253.58 0 16654 0 0
1516084253.68 0 16654 0 0
1516084253.78 0 18168 0 0
1516084253.88 0 18168 0 0
1516084253.98 0 18168 0 0
1516084254.08 0 19682 0 0
1516084254.18 0 19682 0 0
1516084254.28 0 18168 0 0
1516084254.38 0 19682 0 0
1516084254.48 0 18168 0 0
1516084254.58 0 18168 0 0
1516084254.68 0 9084 0 0
1516084254.78 0 15140 0 0
1516084254.88 0 15140 0 0
1516084254.98 0 16654 0 0
1516084255.08 0 15140 0 0
1516084255.18 0 16654 0 0
1516084255.28 0 15140 0 0
1516084255.38 0 16654 0 0
1516084255.48 0 18168 0 0
1516084255.59 0 16654 0 0
1516084255.68 0 18168 0 0
1516084255.78 0 16654 0 0
1516084255.89 0 19682 0 0
1516084255.99 0 13626 0 0
1516084256.09 0 12112 0 0
1516084256.2 0 16654 0 0
1516084256.29 0 12112 0 0
1516084256.41 0 18168 0 0
1516084256.5 0 13626 0 0
1516084256.6 0 15140 0 0
1516084256.69 0 16654 0 0
1516084256.79 0 16654 0 0
1516084256.89 0 18168 0 0
1516084257.0 0 19682 0 0
1516084257.09 0 16654 0 0
1516084257.19 0 19682 0 0
1516084257.29 0 19682 0 0
1516084257.39 0 16654 0 0
1516084257.49 0 18168 0 0
1516084257.6 0 9084 0 0
1516084257.69 0 15140 0 0
1516084257.8 0 13626 0 0
1516084257.89 0 15140 0 0
1516084257.99 0 15140 0 0
1516084258.09 0 13626 0 0
1516084258.19 0 16654 0 0
1516084258.3 0 15140 0 0
1516084258.39 0 16654 0 0
1516084258.49 0 18168 0 0
1516084258.59 0 18168 0 0
1516084258.7 0 19682 0 0
1516084258.79 0 18168 0 0
1516084258.89 0 18168 0 0
1516084259.0 0 21196 0 0
1516084259.1 0 18168 0 0
1516084259.2 0 6056 0 0
1516084259.3 0 15140 0 0
1516084259.4 0 15140 0 0
1516084259.5 0 15140 0 0
1516084259.6 0 15140 0 0
1516084259.7 0 15140 0 0
1516084259.8 0 15140 0 0
1516084259.9 0 15140 0 0
1516084260.01 0 15140 0 0
1516084260.11 0 15140 0 0
1516084260.2 0 16654 0 0
1516084260.3 0 18168 0 0
1516084260.41 0 19682 0 0
1516084260.51 0 18168 0 0
1516084260.61 0 19682 0 0
1516084260.71 0 18168 0 0
1516084260.82 0 19682 0 0
1516084260.91 0 19682 0 0
1516084261.01 0 18168 0 0
1516084261.11 0 16654 0 0
1516084261.21 0 9084 0 0
1516084261.31 0 13626 0 0
1516084261.41 0 15140 0 0
1516084261.51 0 15140 0 0
1516084261.61 0 15140 0 0
1516084261.71 0 15140 0 0
1516084261.81 0 15140 0 0
1516084261.91 0 15140 0 0
1516084262.01 0 16654 0 0
1516084262.11 0 16654 0 0
1516084262.21 0 18168 0 0
1516084262.31 0 18168 0 0
1516084262.41 0 19682 0 0
1516084262.51 0 18168 0 0
1516084262.61 0 18168 0 0
1516084262.71 0 19682 0 0
1516084262.81 0 21196 0 0
1516084262.91 0 4542 0 0
1516084263.01 0 13626 0 0
1516084263.11 0 15140 0 0
1516084263.21 0 15140 0 0
1516084263.31 0 15140 0 0
1516084263.41 0 15140 0 0
1516084263.51 0 16654 0 0
1516084263.61 0 15140 0 0
1516084263.72 0 18168 0 0
1516084263.82 0 16654 0 0
1516084263.93 0 19682 0 0
1516084264.02 0 18168 0 0
1516084264.13 0 19682 0 0
1516084264.22 0 16654 0 0
1516084264.33 0 21196 0 0
1516084264.42 0 18168 0 0
1516084264.52 0 18168 0 0
1516084264.62 0 13626 0 0
1516084264.72 0 9084 0 0
1516084264.82 0 15140 0 0
1516084264.92 0 15140 0 0
1516084265.02 0 15140 0 0
1516084265.12 0 15140 0 0
1516084265.22 0 15140 0 0
1516084265.32 0 16654 0 0
1516084265.42 0 15140 0 0
1516084265.52 0 18168 0 0
1516084265.62 0 18168 0 0
1516084265.72 0 19682 0 0
1516084265.83 0 18168 0 0
1516084265.92 0 18168 0 0
1516084266.02 0 19682 0 0
1516084266.12 0 19682 0 0
1516084266.22 0 19682 0 0
1516084266.32 0 15140 0 0
1516084266.42 0 10598 0 0
1516084266.52 0 13626 0 0
1516084266.62 0 15140 0 0
1516084266.72 0 16654 0 0
1516084266.82 0 16654 0 0
1516084266.92 0 16654 0 0
1516084267.02 0 18168 0 0
1516084267.12 0 19682 0 0
1516084267.22 0 19682 0 0
1516084267.32 0 19682 0 0
1516084267.43 0 21196 0 0
1516084267.53 0 21196 0 0
1516084267.63 0 19682 0 0
1516084267.73 0 19682 0 0
1516084267.83 0 18168 0 0
1516084267.94 0 21196 0 0
1516084268.04 0 10598 0 0
1516084268.14 0 16654 0 0
1516084268.23 0 16654 0 0
1516084268.34 0 18168 0 0
1516084268.44 0 21196 0 0
1516084268.54 0 18168 0 0
1516084268.63 0 21196 0 0
1516084268.74 0 21196 0 0
1516084268.84 0 19682 0 0
1516084268.94 0 19682 0 0
1516084269.04 0 21196 0 0
1516084269.14 0 19682 0 0
1516084269.24 0 13626 0 0
1516084269.34 0 15140 0 0
1516084269.44 0 16654 0 0
1516084269.54 0 16654 0 0
1516084269.64 0 16654 0 0
1516084269.74 0 16654 0 0
1516084269.84 0 16654 0 0
1516084269.94 0 16654 0 0
1516084270.04 0 16654 0 0
1516084270.14 0 18168 0 0
1516084270.24 0 18168 0 0
1516084270.34 0 19682 0 0
1516084270.44 0 19682 0 0
1516084270.54 0 19682 0 0
1516084270.64 0 19682 0 0
1516084270.74 0 18168 0 0
1516084270.84 0 19682 0 0
1516084270.94 0 18168 0 0
1516084271.04 0 9084 0 0
1516084271.14 0 16654 0 0
1516084271.24 0 16654 0 0
1516084271.34 0 18168 0 0
1516084271.44 0 16654 0 0
1516084271.54 0 18168 0 0
1516084271.64 0 19682 0 0
1516084271.74 0 21196 0 0
1516084271.84 0 18168 0 0
1516084271.94 0 19682 0 0
1516084272.04 0 21196 0 0
1516084272.14 0 19682 0 0
1516084272.25 0 21196 0 0
1516084272.35 0 19682 0 0
1516084272.45 0 15140 0 0
1516084272.55 0 10598 0 0
1516084272.65 0 16654 0 0
1516084272.75 0 16654 0 0
1516084272.85 0 16654 0 0
1516084272.95 0 13626 0 0
1516084273.05 0 16654 0 0
1516084273.15 0 18168 0 0
1516084273.25 0 18168 0 0
1516084273.35 0 19682 0 0
1516084273.45 0 19682 0 0
1516084273.55 0 19682 0 0
1516084273.65 0 18168 0 0
1516084273.75 0 21196 0 0
1516084273.85 0 19682 0 0
1516084273.95 0 19682 0 0
1516084274.05 0 16654 0 0
1516084274.15 0 10598 0 0
1516084274.25 0 15140 0 0
1516084274.35 0 16654 0 0
1516084274.45 0 15140 0 0
1516084274.55 0 16654 0 0
1516084274.65 0 16654 0 0
1516084274.75 0 15140 0 0
1516084274.85 0 18168 0 0
1516084274.95 0 16654 0 0
1516084275.05 0 21196 0 0
1516084275.15 0 18168 0 0
1516084275.25 0 21196 0 0
1516084275.35 0 19682 0 0
1516084275.45 0 19682 0 0
1516084275.55 0 6056 0 0
1516084275.65 0 16654 0 0
1516084275.75 0 16654 0 0
1516084275.85 0 16654 0 0
1516084275.95 0 15140 0 0
1516084276.05 0 15140 0 0
1516084276.15 0 16654 0 0
1516084276.26 0 18168 0 0
1516084276.36 0 18168 0 0
1516084276.46 0 18168 0 0
1516084276.57 0 21196 0 0
1516084276.67 0 18168 0 0
1516084276.77 0 19682 0 0
1516084276.87 0 19682 0 0
1516084276.97 0 21196 0 0
1516084277.07 0 18168 0 0
1516084277.17 0 21196 0 0
1516084277.28 0 12112 0 0
1516084277.38 0 15140 0 0
1516084277.48 0 18168 0 0
1516084277.58 0 12112 0 0
1516084277.68 0 16654 0 0
1516084277.78 0 16654 0 0
1516084277.87 0 15140 0 0
1516084277.98 0 18168 0 0
1516084278.08 0 18168 0 0
1516084278.18 0 16654 0 0
1516084278.28 0 21196 0 0
1516084278.38 0 21196 0 0
1516084278.48 0 24224 0 0
1516084278.57 0 21196 0 0
1516084278.68 0 25738 0 0
1516084278.78 0 24224 0 0
1516084278.88 0 24224 0 0
1516084278.98 0 25738 0 42
1516084279.08 0 31794 0 0
1516084279.18 0 31794 0 0
1516084279.28 0 31794 0 0
1516084279.38 0 33308 0 0
1516084279.48 0 12112 0 0
1516084279.58 0 19682 0 0
1516084279.68 0 25738 0 0
1516084279.78 0 27252 0 0
1516084279.88 0 24224 0 0
1516084279.98 0 25738 0 0
1516084280.08 0 25738 0 0
1516084280.18 0 28766 0 0
1516084280.29 0 30280 0 0
1516084280.39 0 31794 0 0
1516084280.49 0 31794 0 0
1516084280.59 0 30280 0 0
1516084280.69 0 31794 0 0
1516084280.79 0 31794 0 0
1516084280.9 0 34822 0 0
1516084281.0 0 28766 0 0
1516084281.09 0 27252 0 0
1516084281.19 0 28766 0 0
1516084281.29 0 30280 0 0
1516084281.39 0 28766 0 0
1516084281.5 0 30280 0 0
1516084281.6 0 28766 0 0
1516084281.69 0 28766 0 0
1516084281.79 0 27252 0 0
1516084281.9 0 30280 0 0
1516084282.0 0 28766 0 0
1516084282.1 0 28766 0 0
1516084282.2 0 30280 0 0
1516084282.3 0 28766 0 0
1516084282.4 0 27252 0 0
1516084282.5 0 28766 0 0
1516084282.6 0 30280 0 0
1516084282.7 0 28766 0 0
1516084282.8 0 30280 0 0
1516084282.9 0 30280 0 0
1516084283.0 0 28766 0 0
1516084283.1 0 28766 0 0
1516084283.2 0 30280 0 0
1516084283.3 0 30280 0 0
1516084283.4 0 28766 0 0
1516084283.5 0 28766 0 0
1516084283.61 0 30280 0 0
1516084283.7 0 28766 0 0
1516084283.8 0 30280 0 0
1516084283.91 0 28766 0 0
1516084284.01 0 28766 0 0
1516084284.11 0 31794 0 0
1516084284.21 0 30280 0 0
1516084284.32 0 28766 0 0
1516084284.41 0 28766 0 0
1516084284.51 0 30280 0 0
1516084284.61 0 30280 0 0
1516084284.71 0 28766 0 0
1516084284.81 0 30280 0 0
1516084284.91 0 28766 0 0
1516084285.01 0 28766 0 0
1516084285.11 0 30280 0 0
1516084285.21 0 30280 0 0
1516084285.31 0 28766 0 0
1516084285.41 0 30280 0 0
1516084285.51 0 30280 0 0
1516084285.61 0 30280 0 0
1516084285.71 0 30280 0 0
1516084285.81 0 28766 0 0
1516084285.91 0 28766 0 0
1516084286.01 0 28766 0 0
1516084286.11 0 30280 0 0
1516084286.21 0 30280 0 42
1516084286.31 0 28766 0 0
1516084286.41 0 30280 0 0
1516084286.51 0 30280 0 0
1516084286.61 0 30280 0 0
1516084286.72 0 30280 0 0
1516084286.82 0 30280 0 0
1516084286.91 0 28766 0 0
1516084287.02 0 30280 0 0
1516084287.12 0 30280 0 0
1516084287.22 0 30280 0 0
1516084287.32 0 30280 0 0
1516084287.43 0 31794 0 0
1516084287.52 0 27252 0 0
1516084287.62 0 30280 0 0
1516084287.72 0 30280 0 0
1516084287.82 0 30280 0 0
1516084287.92 0 30280 0 0
1516084288.02 0 30280 0 0
1516084288.12 0 30280 0 0
1516084288.22 0 30280 0 0
1516084288.32 0 30280 0 0
1516084288.42 0 30280 0 0
1516084288.52 0 30280 0 0
1516084288.62 0 30280 0 0
1516084288.73 0 31794 0 0
1516084288.83 0 30280 0 0
1516084288.93 0 31794 0 0
1516084289.03 0 28766 0 0
1516084289.13 0 30280 0 0
1516084289.23 0 30280 0 0
1516084289.33 0 30280 0 0
1516084289.43 0 30280 0 0
1516084289.53 0 30280 0 0
1516084289.63 0 30280 0 0
1516084289.73 0 30280 0 0
1516084289.83 0 30280 0 0
1516084289.93 0 30280 0 0
1516084290.03 0 30280 0 0
1516084290.13 0 28766 0 0
1516084290.23 0 31794 0 0
1516084290.33 0 30280 0 0
1516084290.43 0 30280 0 0
1516084290.53 0 30280 0 0
1516084290.63 0 31794 0 0
1516084290.73 0 28766 0 0
1516084290.83 0 31794 0 0
1516084290.94 0 30280 0 0
1516084291.04 0 31794 0 0
1516084291.14 0 30280 0 0
1516084291.24 0 30280 0 0
1516084291.34 0 30280 0 0
1516084291.44 0 31794 0 0
1516084291.54 0 30280 0 0
1516084291.65 0 31794 0 0
1516084291.75 0 31794 0 0
1516084291.84 0 28766 0 0
1516084291.94 0 30280 0 0
1516084292.04 0 30280 0 0
1516084292.14 0 31794 0 0
1516084292.24 0 30280 0 0
1516084292.34 0 30280 0 0
1516084292.44 0 31794 0 0
1516084292.54 0 30280 0 0
1516084292.64 0 30280 0 0
1516084292.74 0 31794 0 0
1516084292.84 0 31794 0 0
1516084292.94 0 30280 0 0
1516084293.05 0 31794 0 0
1516084293.15 0 31794 0 0
1516084293.25 0 31794 0 0
1516084293.36 0 28766 0 0
1516084293.45 0 33308 0 0
1516084293.56 0 30280 0 0
1516084293.65 0 30280 0 0
1516084293.75 0 28766 0 0
1516084293.85 0 30280 0 0
1516084293.95 0 31794 0 0
1516084294.05 0 30280 0 0
1516084294.15 0 31794 0 0
1516084294.25 0 31794 0 0
1516084294.35 0 31794 0 0
1516084294.45 0 30280 0 0
1516084294.55 0 28766 0 0
1516084294.65 0 31794 0 0
1516084294.75 0 30280 0 0
1516084294.86 0 33308 0 0
1516084294.95 0 30280 0 0
1516084295.05 0 30280 0 0
1516084295.15 0 31794 0 0
1516084295.25 0 30280 0 0
1516084295.35 0 31794 0 0
1516084295.45 0 31794 0 0
1516084295.55 0 31794 0 0
1516084295.65 0 30280 0 0
1516084295.75 0 31794 0 0
1516084295.85 0 31794 0 0
1516084295.95 0 30280 0 0
1516084296.06 0 31794 0 0
1516084296.16 0 31794 0 0
1516084296.25 0 31794 0 0
1516084296.35 0 30280 0 0
1516084296.46 0 31794 0 0
1516084296.56 0 33308 0 0
1516084296.66 0 30280 0 0
1516084296.76 0 33308 0 0
1516084296.87 0 33308 0 0
1516084296.96 0 30280 0 0
1516084297.06 0 30280 0 0
1516084297.16 0 31794 0 0
1516084297.26 0 30280 0 0
1516084297.36 0 31794 0 0
1516084297.46 0 31794 0 0
1516084297.56 0 31794 0 0
1516084297.66 0 31794 0 0
1516084297.77 0 31794 0 0
1516084297.87 0 33308 0 0
1516084297.97 0 30280 0 0
1516084298.07 0 31794 0 0
1516084298.17 0 33308 0 0
1516084298.27 0 30280 0 0
1516084298.36 0 30280 0 0
1516084298.47 0 31794 0 0
1516084298.57 0 31794 0 0
1516084298.67 0 31794 0 0
1516084298.77 0 31794 0 0
1516084298.87 0 31794 0 0
1516084298.97 0 30280 0 0
1516084299.07 0 31794 0 0
1516084299.17 0 31794 0 0
1516084299.27 0 31794 0 0
1516084299.37 0 31794 0 0
1516084299.47 0 31794 0 0
1516084299.57 0 31794 0 0
1516084299.67 0 33308 0 0
1516084299.77 0 30280 0 0
1516084299.87 0 31794 0 0
1516084299.97 0 31794 0 0
1516084300.07 0 30280 0 0
1516084300.17 0 33308 0 0
1516084300.28 0 33308 0 0
1516084300.38 0 31794 0 0
1516084300.48 0 31794 0 0
1516084300.58 0 31794 0 0
1516084300.68 0 31794 0 0
1516084300.78 0 31794 0 0
1516084300.88 0 30280 0 0
1516084300.98 0 31794 0 0
1516084301.09 0 34822 0 0
1516084301.17 0 25738 0 0
1516084301.27 0 31794 0 0
1516084301.38 0 31794 0 0
1516084301.48 0 31794 0 0
1516084301.58 0 31794 0 0
1516084301.68 0 33308 0 0
1516084301.78 0 28766 0 0
1516084301.88 0 33308 0 0
1516084301.98 0 30280 0 0
1516084302.08 0 31794 0 0
1516084302.18 0 31794 0 0
1516084302.28 0 31794 0 0
1516084302.38 0 31794 0 0
1516084302.48 0 28766 0 0
1516084302.58 0 31794 0 0
1516084302.68 0 31794 0 0
1516084302.78 0 31794 0 0
1516084302.88 0 31794 0 0
1516084302.98 0 33308 0 0
1516084303.09 0 31794 0 0
1516084303.18 0 31794 0 0
1516084303.29 0 31794 0 0
1516084303.39 0 31794 0 0
1516084303.48 0 28766 0 0
1516084303.58 0 33308 0 0
1516084303.68 0 30280 0 0
1516084303.78 0 33308 0 0
1516084303.88 0 30280 0 0
1516084303.99 0 33308 0 0
1516084304.09 0 31794 0 0
1516084304.19 0 31794 0 0
1516084304.29 0 33308 0 0
1516084304.39 0 31794 0 0
1516084304.49 0 30280 0 0
1516084304.59 0 31794 0 0
1516084304.69 0 31794 0 0
1516084304.79 0 33308 0 0
1516084304.9 0 31794 0 0
1516084305.0 0 33308 0 0
1516084305.1 0 30280 0 0
1516084305.2 0 31794 0 0
1516084305.3 0 33308 0 0
1516084305.4 0 30280 0 0
1516084305.5 0 31794 0 0
1516084305.6 0 31794 0 0
1516084305.7 0 31794 0 0
1516084305.8 0 30280 0 0
1516084305.9 0 31794 0 0
1516084306.0 0 31794 0 0
1516084306.1 0 31794 0 0
1516084306.2 0 31794 0 0
1516084306.3 0 31794 0 0
1516084306.4 0 31794 0 0
1516084306.5 0 33308 0 0
1516084306.6 0 31794 0 0
1516084306.7 0 33308 0 0
1516084306.8 0 31794 0 0
1516084306.9 0 31794 0 0
1516084307.0 0 31794 0 0
1516084307.1 0 30280 0 0
1516084307.21 0 33308 0 0
1516084307.3 0 30280 0 0
1516084307.41 0 31794 0 0
1516084307.51 0 33308 0 0
1516084307.61 0 31794 0 0
1516084307.71 0 33308 0 0
1516084307.81 0 30280 0 0
1516084307.92 0 34822 0 0
1516084308.01 0 30280 0 0
1516084308.11 0 33308 0 0
1516084308.22 0 31794 0 0
1516084308.32 0 31794 0 0
1516084308.42 0 33308 0 0
1516084308.52 0 30280 0 0
1516084308.62 0 31794 0 0
1516084308.72 0 31794 0 0
1516084308.82 0 33308 0 0
1516084308.92 0 30280 0 0
1516084309.02 0 33308 0 0
1516084309.12 0 31794 0 0
1516084309.22 0 31794 0 0
1516084309.32 0 31794 0 0
1516084309.42 0 33308 0 0
1516084309.51 0 28766 0 0
1516084309.61 0 31794 0 0
1516084309.71 0 31794 0 0
1516084309.81 0 33308 0 0
1516084309.91 0 31794 0 0
1516084310.01 0 31794 0 0
1516084310.11 0 30280 0 0
1516084310.21 0 31794 0 0
1516084310.31 0 31794 0 0
1516084310.41 0 31794 0 0
1516084310.51 0 31794 0 0
1516084310.61 0 33308 0 0
1516084310.71 0 31794 0 0
1516084310.81 0 31794 0 0
1516084310.91 0 34822 0 0
1516084311.02 0 33308 0 0
1516084311.12 0 31794 0 0
1516084311.22 0 31794 0 0
1516084311.32 0 31794 0 0
1516084311.43 0 34822 0 0
1516084311.53 0 31794 0 0
1516084311.63 0 31794 0 0
1516084311.73 0 33308 0 0
1516084311.83 0 30280 0 0
1516084311.93 0 34822 0 0
1516084312.03 0 31794 0 0
1516084312.13 0 31794 0 0
1516084312.23 0 31794 0 0
1516084312.33 0 33308 0 0
1516084312.44 0 34822 0 0
1516084312.54 0 30280 0 0
1516084312.64 0 33308 0 0
1516084312.74 0 30280 0 0
1516084312.84 0 31794 0 0
1516084312.94 0 31794 0 0
1516084313.04 0 34822 0 0
1516084313.14 0 31794 0 0
1516084313.24 0 31794 0 0
1516084313.35 0 33308 0 0
1516084313.45 0 33308 0 0
1516084313.55 0 31794 0 0
1516084313.65 0 31794 0 0
1516084313.75 0 33308 0 0
1516084313.85 0 31794 0 0
1516084313.95 0 30280 0 0
1516084314.04 0 30280 0 0
1516084314.14 0 31794 0 0
1516084314.24 0 33308 0 0
1516084314.34 0 31794 0 0
1516084314.44 0 31794 0 0
1516084314.54 0 31794 0 0
1516084314.64 0 33308 0 0
1516084314.74 0 31794 0 0
1516084314.84 0 31794 0 0
1516084314.94 0 31794 0 0
1516084315.04 0 31794 0 0
1516084315.14 0 33308 0 0
1516084315.24 0 31794 0 0
1516084315.34 0 31794 0 0
1516084315.44 0 31794 0 0
1516084315.54 0 33308 0 0
1516084315.65 0 31794 0 0
1516084315.75 0 31794 0 0
1516084315.85 0 31794 0 0
1516084315.95 0 31794 0 0
1516084316.05 0 31794 0 0
1516084316.15 0 31794 0 0
1516084316.24 0 31794 0 0
1516084316.35 0 33308 0 0
1516084316.45 0 31794 0 0
1516084316.55 0 31794 0 0
1516084316.65 0 33308 0 0
1516084316.75 0 31794 0 0
1516084316.85 0 33308 0 0
1516084316.96 0 31794 0 0
1516084317.06 0 33308 0 0
1516084317.16 0 31794 0 0
1516084317.26 0 33308 0 0
1516084317.37 0 31794 0 0
1516084317.47 0 31794 0 0
1516084317.56 0 31794 0 0
1516084317.67 0 33308 0 0
1516084317.77 0 33308 0 0
1516084317.87 0 28766 0 0
1516084317.95 0 27252 0 0
1516084318.05 0 31794 0 0
1516084318.15 0 31794 0 0
1516084318.25 0 31794 0 0
1516084318.35 0 31794 0 0
1516084318.45 0 31794 0 0
1516084318.55 0 31794 0 0
1516084318.65 0 31794 0 0
1516084318.75 0 31794 0 0
1516084318.85 0 31794 0 0
1516084318.95 0 31794 0 0
1516084319.05 0 33308 0 0
1516084319.15 0 30280 0 0
1516084319.26 0 33308 0 42
1516084319.35 0 30280 0 0
1516084319.45 0 31794 0 0
1516084319.56 0 31794 0 0
1516084319.66 0 33308 0 0
1516084319.76 0 30280 0 0
1516084319.86 0 33308 0 0
1516084319.96 0 30280 0 0
1516084320.06 0 31794 0 0
1516084320.16 0 31794 0 0
1516084320.26 0 31794 0 0
1516084320.36 0 31794 0 0
1516084320.46 0 31794 0 0
1516084320.56 0 31794 0 0
1516084320.66 0 31794 0 0
1516084320.77 0 33308 0 0
1516084320.87 0 31794 0 0
1516084320.97 0 31794 0 0
1516084321.08 0 34822 0 0
1516084321.17 0 30280 0 0
1516084321.27 0 30280 0 0
1516084321.37 0 31794 0 0
1516084321.47 0 31794 0 0
1516084321.57 0 31794 0 0
1516084321.67 0 31794 0 0
1516084321.77 0 31794 0 0
1516084321.87 0 31794 0 0
1516084321.97 0 31794 0 0
1516084322.07 0 31794 0 0
1516084322.17 0 31794 0 0
1516084322.27 0 31794 0 0
1516084322.37 0 31794 0 0
1516084322.47 0 31794 0 0
1516084322.57 0 31794 0 0
1516084322.67 0 30280 0 0
1516084322.77 0 33308 0 0
1516084322.88 0 31794 0 0
1516084322.97 0 31794 0 0
1516084323.07 0 31794 0 0
1516084323.17 0 30280 0 0
1516084323.27 0 31794 0 3540
1516084323.37 0 31794 0 0
1516084323.47 0 30280 0 0
1516084323.57 0 31794 0 0
1516084323.67 0 31794 0 0
1516084323.77 0 31794 0 0
1516084323.88 0 36336 0 0
1516084323.97 0 39364 0 0
1516084324.08 0 48448 0 0
1516084324.18 0 49962 0 0
1516084324.29 0 46934 0 42
1516084324.39 0 42392 0 0
1516084324.48 0 46934 0 0
1516084324.58 0 37850 0 0
1516084324.69 0 0 0 590
1516084324.78 0 0 0 0
1516084324.89 0 0 0 0
1516084324.98 0 1514 0 0
1516084325.08 0 1514 0 0
1516084325.18 0 1514 0 0
1516084325.28 0 0 0 590
1516084325.38 0 1514 0 0
1516084325.48 0 0 0 0
1516084325.58 0 1514 0 0
1516084325.68 0 0 0 0
1516084325.78 0 1514 0 0
1516084325.88 0 0 0 0
1516084325.98 0 0 0 0
1516084326.08 0 1514 0 0
1516084326.18 0 0 0 0
1516084326.28 0 0 0 0
1516084326.38 0 1514 0 0
1516084326.48 0 0 0 0
1516084326.58 0 0 0 0
1516084326.68 0 0 0 0
1516084326.78 0 0 0 0
1516084326.88 0 0 0 0
1516084326.99 0 1514 0 0
1516084327.08 0 0 0 0
1516084327.19 0 0 0 0
1516084327.28 0 0 0 0
1516084327.38 0 0 0 0
1516084327.49 0 0 0 0
1516084327.59 0 0 0 0
1516084327.69 0 0 0 0
1516084327.79 0 0 0 0
1516084327.89 0 0 0 0
1516084327.99 0 0 0 0
1516084328.09 0 0 0 0
1516084328.2 0 0 0 0
1516084328.32 0 0 0 0
1516084328.42 0 0 0 0
1516084328.52 0 0 0 0
1516084328.62 0 0 0 0
1516084328.72 0 0 0 0
1516084328.82 0 0 0 0
1516084328.94 0 0 0 0
1516084329.07 0 0 0 0
1516084329.17 0 0 0 0
1516084329.27 0 0 0 0
1516084329.37 0 0 0 0
1516084329.47 0 0 0 0
1516084329.57 0 0 0 0
1516084329.67 0 0 0 0
1516084329.77 0 0 0 0
1516084329.87 0 0 0 0
1516084329.98 0 0 0 0
1516084330.1 0 0 0 0
1516084330.22 0 0 0 0
1516084330.34 0 0 0 0
1516084330.47 0 0 0 0
1516084330.6 0 0 0 0
1516084330.7 0 0 0 0
1516084330.8 0 0 0 0
1516084330.9 0 0 0 0
1516084331.0 0 0 0 0
1516084331.12 0 0 0 0
1516084331.22 0 0 0 0
1516084331.32 0 0 0 0
1516084331.42 0 0 0 0
1516084331.52 0 0 0 0
1516084331.63 0 0 0 0
1516084331.75 0 0 0 0
1516084331.85 0 0 0 0
1516084331.95 0 0 0 0
1516084332.05 0 0 0 0
1516084332.15 0 0 0 0
1516084332.25 0 0 0 0
1516084332.35 0 0 0 0
1516084332.45 0 0 0 0
1516084332.55 0 0 0 0
1516084332.65 0 0 0 0
1516084332.75 0 0 0 0
1516084332.85 0 0 0 0
1516084332.95 0 0 0 0
1516084333.05 0 0 0 0
1516084333.15 0 0 0 0
1516084333.25 0 0 0 0
1516084333.39 0 0 0 0
1516084333.52 0 0 0 0
1516084333.62 0 0 0 0
1516084333.72 0 0 0 0
1516084333.82 0 0 0 0
1516084333.92 0 0 0 0
1516084334.02 0 0 0 0
1516084334.12 0 0 0 0
1516084334.22 0 0 0 0
1516084334.32 0 0 0 0
1516084334.42 0 0 0 0
1516084334.52 0 0 0 0
1516084334.62 0 0 0 0
1516084334.73 0 0 0 0
1516084334.82 0 0 0 0
1516084334.92 0 0 0 0
