1512321844.41 2500.0 3166.66666667
1512321844.47 2500.0 3611.11111111
1512321844.62 2500.0 3907.40740741
1512321844.69 2500.0 4104.9382716
1512321844.81 2500.0 4236.6255144
1512321844.88 2500.0 4324.4170096
1512321844.99 2500.0 4382.94467307
1512321845.08 2500.0 4421.96311538
1512321845.23 2500.0 4447.97541025
1512321845.27 2500.0 4465.31694017
1512321845.42 2500.0 4476.87796011
1512321845.46 2500.0 4484.58530674
1512321845.58 2500.0 4489.72353783
1512321845.67 2458.33333333 4493.14902522
1512321845.77 2418.75 4495.43268348
1512321845.9 2360.3125 4496.95512232
1512321845.96 2325.63020833 4497.97008155
1512321846.07 2334.34869792 4498.64672103
1512321846.18 2280.13126302 4499.09781402
1512321846.27 2249.4580332 4499.39854268
1512321846.37 2220.31846488 4499.59902845
1512321846.47 2192.63587497 4499.73268564
1512321846.57 2145.50408122 4499.82179042
1512321846.68 2163.22887716 4499.88119362
1512321846.79 2180.0674333 4499.92079574
1512321846.87 2154.39739497 4499.94719716
1512321846.98 2171.67752522 4499.96479811
1512321847.07 2188.09364896 4499.97653207
1512321847.17 2162.02229984 4499.98435471
1512321847.27 2178.92118485 4499.98956981
1512321847.37 2194.97512561 4499.99304654
1512321847.48 2168.55970266 4499.99536436
1512321847.57 2185.13171753 4499.99690957
1512321847.67 2200.87513165 4499.99793972
1512321847.77 2174.1647084 4499.99862648
1512321847.88 2190.45647298 4499.99908432
1512321847.98 2205.93364933 4499.99938955
1512321848.07 2178.9703002 4499.99959303
1512321848.17 2195.02178519 4499.99972869
1512321848.27 2210.27069593 4499.99981912
1512321848.37 2183.09049447 4499.99987942
1512321848.47 2198.93596974 4499.99991961
1512321848.57 2213.98917126 4499.99994641
1512321848.67 2228.28971269 4499.99996427
1512321848.78 2241.87522706 4499.99997618
1512321848.88 2254.78146571 4499.99998412
1512321848.98 2267.04239242 4499.99998941
1512321849.07 2278.6902728 4499.99999294
1512321849.17 2289.75575916 4499.9999953
1512321849.27 2300.2679712 4499.99999686
1512321849.37 2310.25457264 4499.99999791
1512321849.47 2319.74184401 4499.99999861
1512321849.57 2328.75475181 4499.99999907
1512321849.67 2337.31701422 4499.99999938
1512321849.78 2345.45116351 4499.99999959
1512321849.88 2353.17860533 4499.99999972
1512321849.97 2360.51967507 4499.99999982
1512321850.08 2367.49369131 4499.99999988
1512321850.17 2374.11900675 4499.99999992
1512321850.28 2380.41305641 4499.99999995
1512321850.37 2386.39240359 4499.99999996
1512321850.48 2392.07278341 4499.99999998
1512321850.57 2397.46914424 4499.99999998
1512321850.68 2402.59568703 4499.99999999
1512321850.78 2407.46590268 4499.99999999
1512321850.88 2412.09260754 4500.0
1512321850.97 2416.48797716 4500.0
1512321851.07 2420.66357831 4500.0
1512321851.17 2424.63039939 4500.0
1512321851.27 2428.39887942 4500.0
1512321851.38 2431.97893545 4500.0
1512321851.47 2435.37998868 4500.0
1512321851.58 2438.61098924 4500.0
1512321851.68 2441.68043978 4500.0
1512321851.78 2444.59641779 4500.0
1512321851.88 2447.3665969 4500.0
1512321851.98 2449.99826706 4500.0
1512321852.08 2452.49835371 4500.0
1512321852.18 2454.87343602 4500.0
1512321852.28 2457.12976422 4500.0
1512321852.38 2459.27327601 4500.0
1512321852.48 2461.30961221 4500.0
1512321852.58 2463.2441316 4500.0
1512321852.68 2465.08192502 4500.0
1512321852.78 2466.82782877 4500.0
1512321852.88 2468.48643733 4500.0
1512321852.98 2470.06211546 4500.0
1512321853.08 2471.55900969 4500.0
1512321853.18 2472.9810592 4500.0
1512321853.28 2474.33200624 4500.0
1512321853.38 2475.61540593 4500.0
1512321853.48 2476.83463564 4500.0
1512321853.57 2477.99290385 4500.0
1512321853.69 2479.09325866 4500.0
1512321853.78 2480.13859573 4500.0
1512321853.88 2481.13166594 4500.0
1512321853.98 2482.07508264 4500.0
1512321854.08 2482.97132851 4500.0
1512321854.18 2483.82276209 4500.0
1512321854.28 2484.63162398 4500.0
1512321854.38 2485.40004278 4500.0
1512321854.48 2486.13004064 4500.0
1512321854.58 2486.82353861 4500.0
1512321854.68 2487.48236168 4500.0
1512321854.78 2488.1082436 4500.0
1512321854.88 2488.70283142 4500.0
1512321854.98 2489.26768985 4500.0
1512321855.09 2489.80430535 4500.0
1512321855.18 2490.31409009 4500.0
1512321855.29 2490.79838558 4500.0
1512321855.38 2491.2584663 4500.0
1512321855.49 2491.69554299 4500.0
1512321855.58 2492.11076584 4500.0
1512321855.68 2492.50522755 4500.0
1512321855.79 2492.87996617 4500.0
1512321855.89 2493.23596786 4500.0
1512321855.98 2493.57416947 4500.0
1512321856.08 2493.89546099 4500.0
1512321856.19 2494.20068794 4500.0
1512321856.28 2494.49065355 4500.0
1512321856.39 2494.76612087 4500.0
1512321856.48 2495.02781483 4500.0
1512321856.58 2495.27642409 4500.0
1512321856.68 2495.51260288 4500.0
1512321856.78 2495.73697274 4500.0
1512321856.89 2495.9501241 4500.0
1512321856.99 2496.15261789 4500.0
1512321857.09 2496.344987 4500.0
1512321857.19 2496.52773765 4500.0
1512321857.28 2496.70135077 4500.0
1512321857.39 2496.86628323 4500.0
1512321857.49 2497.02296907 4500.0
1512321857.58 2497.17182061 4500.0
1512321857.68 2497.31322958 4500.0
1512321857.78 2497.4475681 4500.0
1512321857.89 2497.5751897 4500.0
1512321857.99 2497.69643021 4500.0
1512321858.09 2497.8116087 4500.0
1512321858.19 2497.92102827 4500.0
1512321858.29 2498.02497686 4500.0
1512321858.39 2498.12372801 4500.0
1512321858.49 2498.21754161 4500.0
1512321858.59 2498.30666453 4500.0
1512321858.69 2498.3913313 4500.0
1512321858.79 2498.47176474 4500.0
1512321858.89 2498.5481765 4500.0
1512321858.99 2498.62076768 4500.0
1512321859.09 2498.68972929 4500.0
1512321859.19 2498.75524283 4500.0
1512321859.29 2498.81748069 4500.0
1512321859.39 2498.87660665 4500.0
1512321859.49 2498.93277632 4500.0
1512321859.59 2498.9861375 4500.0
1512321859.69 2499.03683063 4500.0
1512321859.79 2499.0849891 4500.0
1512321859.89 2499.13073964 4500.0
1512321859.99 2499.17420266 4500.0
1512321860.1 2499.21549253 4500.0
1512321860.19 2499.2547179 4500.0
1512321860.29 2499.29198201 4500.0
1512321860.39 2499.32738291 4500.0
1512321860.49 2499.36101376 4500.0
1512321860.59 2499.39296307 4500.0
1512321860.69 2499.42331492 4500.0
1512321860.79 2499.45214917 4500.0
1512321860.9 2499.47954171 4500.0
1512321861.0 2499.50556463 4500.0
1512321861.1 2499.5302864 4500.0
1512321861.19 2499.55377208 4500.0
1512321861.3 2499.57608347 4500.0
1512321861.39 2499.5972793 4500.0
1512321861.5 2499.61741533 4500.0
1512321861.6 2499.63654457 4500.0
1512321861.7 2499.65471734 4500.0
1512321861.8 2499.67198147 4500.0
1512321861.93 2499.6883824 4500.0
1512321862.0 2499.70396328 4500.0
1512321862.13 2499.71876512 4500.0
1512321862.2 2499.73282686 4500.0
1512321862.3 2499.74618552 4500.0
1512321862.4 2499.75887624 4500.0
1512321862.5 2499.77093243 4500.0
1512321862.62 2499.78238581 4500.0
1512321862.7 2499.79326652 4500.0
1512321862.8 2499.80360319 4500.0
1512321862.9 2499.81342303 4500.0
1512321863.0 2499.82275188 4500.0
1512321863.1 2499.83161429 4500.0
1512321863.2 2499.84003357 4500.0
1512321863.3 2499.84803189 4500.0
1512321863.42 2499.8556303 4500.0
1512321863.5 2499.86284878 4500.0
1512321863.64 2499.86970634 4500.0
1512321863.71 2499.87622103 4500.0
1512321863.81 2499.88240998 4500.0
1512321863.93 2499.88828948 4500.0
1512321864.01 2499.893875 4500.0
1512321864.11 2499.89918125 4500.0
1512321864.2 2499.90422219 4500.0
1512321864.31 2499.90901108 4500.0
1512321864.41 2499.91356053 4500.0
1512321864.5 2499.9178825 4500.0
1512321864.61 2499.92198838 4500.0
1512321864.7 2499.92588896 4500.0
1512321864.81 2499.92959451 4500.0
1512321864.9 2499.93311478 4500.0
1512321865.01 2499.93645904 4500.0
1512321865.12 2499.93963609 4500.0
1512321865.2 2499.94265429 4500.0
1512321865.3 2499.94552157 4500.0
1512321865.41 2499.94824549 4500.0
1512321865.51 2499.95083322 4500.0
1512321865.61 2499.95329156 4500.0
1512321865.71 2499.95562698 4500.0
1512321865.81 2499.95784563 4500.0
1512321865.91 2499.95995335 4500.0
1512321866.01 2499.96195568 4500.0
1512321866.11 2499.9638579 4500.0
1512321866.21 2499.965665 4500.0
1512321866.33 2499.96738175 4500.0
1512321866.41 2499.96901267 4500.0
1512321866.51 2499.97056203 4500.0
1512321866.64 2499.97203393 4500.0
1512321866.72 2499.97343223 4500.0
1512321866.85 2499.97476062 4500.0
1512321866.93 2499.97602259 4500.0
1512321867.01 2499.97722146 4500.0
1512321867.11 2499.97836039 4500.0
1512321867.21 2499.97944237 4500.0
1512321867.31 2499.98047025 4500.0
1512321867.42 2499.98144674 4500.0
1512321867.51 2499.9823744 4500.0
1512321867.62 2499.98325568 4500.0
1512321867.71 2499.9840929 4500.0
1512321867.81 2499.98488825 4500.0
1512321867.91 2499.98564384 4500.0
1512321868.01 2499.98636165 4500.0
1512321868.12 2499.98704357 4500.0
1512321868.23 2499.98769139 4500.0
1512321868.32 2499.98830682 4500.0
1512321868.41 2499.98889148 4500.0
1512321868.56 2499.9894469 4500.0
1512321868.62 2499.98997456 4500.0
1512321868.72 2499.99047583 4500.0
1512321868.82 2499.99095204 4500.0
1512321868.92 2499.99140444 4500.0
1512321869.06 2499.99183421 4500.0
1512321869.14 2499.9922425 4500.0
1512321869.21 2499.99263038 4500.0
1512321869.31 2499.99299886 4500.0
1512321869.42 2499.99334892 4500.0
1512321869.51 2499.99368147 4500.0
1512321869.61 2499.9939974 4500.0
1512321869.71 2499.99429753 4500.0
1512321869.81 2499.99458265 4500.0
1512321869.91 2499.99485352 4500.0
1512321870.02 2499.99511084 4500.0
1512321870.11 2499.9953553 4500.0
1512321870.21 2499.99558754 4500.0
1512321870.34 2499.99580816 4500.0
1512321870.41 2499.99601775 4500.0
1512321870.51 2499.99621686 4500.0
1512321870.62 2499.99640602 4500.0
1512321870.72 2499.99658572 4500.0
1512321870.81 2499.99675643 4500.0
1512321870.92 2499.99691861 4500.0
1512321871.03 2499.99707268 4500.0
1512321871.12 2499.99721905 4500.0
1512321871.22 2499.99735809 4500.0
1512321871.31 2499.99749019 4500.0
1512321871.41 2499.99761568 4500.0
1512321871.51 2499.9977349 4500.0
1512321871.61 2499.99784815 4500.0
1512321871.71 2499.99795574 4500.0
1512321871.81 2499.99805796 4500.0
1512321871.91 2499.99815506 4500.0
1512321872.01 2499.99824731 4500.0
1512321872.11 2499.99833494 4500.0
1512321872.21 2499.99841819 4500.0
1512321872.39 2499.99849728 4500.0
1512321872.44 2499.99857242 4500.0
1512321872.53 2499.9986438 4500.0
1512321872.64 2499.99871161 4500.0
1512321872.74 2499.99877603 4500.0
1512321872.9 2499.99883723 4500.0
1512321872.95 2499.99889537 4500.0
1512321873.05 2499.9989506 4500.0
1512321873.16 2499.99900307 4500.0
1512321873.27 2499.99905291 4500.0
1512321873.38 2499.99910027 4500.0
1512321873.47 2499.99914525 4500.0
1512321873.57 2499.99918799 4500.0
1512321873.66 2499.99922859 4500.0
1512321873.76 2499.99926716 4500.0
1512321873.86 2499.9993038 4500.0
1512321873.96 2499.99933861 4500.0
1512321874.06 2499.99937168 4500.0
1512321874.16 2499.9994031 4500.0
1512321874.27 2499.99943294 4500.0
1512321874.36 2499.9994613 4500.0
1512321874.46 2499.99948823 4500.0
1512321874.56 2499.99951382 4500.0
1512321874.67 2499.99953813 4500.0
1512321874.83 2499.99956122 4500.0
1512321874.9 2499.99958316 4500.0
1512321875.0 2499.999604 4500.0
1512321875.1 2499.9996238 4500.0
1512321875.27 2499.99964261 4500.0
1512321875.33 2499.99966048 4500.0
1512321875.42 2499.99967746 4500.0
1512321875.53 2499.99969359 4500.0
1512321875.62 2499.99970891 4500.0
1512321875.72 2499.99972346 4500.0
1512321875.83 2499.99973729 4500.0
1512321875.93 2499.99975042 4500.0
1512321876.03 2499.9997629 4500.0
1512321876.13 2499.99977476 4500.0
1512321876.22 2499.99978602 4500.0
1512321876.33 2499.99979672 4500.0
1512321876.5 2499.99980688 4500.0
1512321876.56 2499.99981654 4500.0
1512321876.66 2499.99982571 4500.0
1512321876.76 2499.99983443 4500.0
1512321876.86 2499.9998427 4500.0
1512321876.96 2499.99985057 4500.0
1512321877.06 2499.99985804 4500.0
1512321877.16 2499.99986514 4500.0
1512321877.26 2499.99987188 4500.0
1512321877.36 2499.99987829 4500.0
1512321877.46 2499.99988437 4500.0
1512321877.56 2499.99989015 4500.0
1512321877.73 2499.99989565 4500.0
1512321877.8 2499.99990086 4500.0
1512321877.89 2499.99990582 4500.0
1512321878.07 2499.99991053 4500.0
1512321878.13 2499.999915 4500.0
1512321878.23 2499.99991925 4500.0
1512321878.33 2499.99992329 4500.0
1512321878.44 2499.99992713 4500.0
1512321878.54 2499.99993077 4500.0
1512321878.64 2499.99993423 4500.0
1512321878.74 2499.99993752 4500.0
1512321878.84 2499.99994064 4500.0
1512321878.94 2499.99994361 4500.0
1512321879.04 2499.99994643 4500.0
1512321879.14 2499.99994911 4500.0
1512321879.24 2499.99995165 4500.0
1512321879.33 2541.66662074 4500.0
1512321879.44 2581.24995637 4500.0
1512321879.53 2618.85412522 4500.0
1512321879.64 2654.57808562 4500.0
1512321879.75 2688.51584801 4500.0
1512321879.85 2720.75672227 4500.0
1512321879.94 2751.38555283 4500.0
1512321880.04 2780.48294185 4500.0
1512321880.15 2808.12546143 4500.0
1512321880.24 2834.38585502 4500.0
1512321880.35 2859.33322894 4500.0
1512321880.44 2883.03323416 4500.0
1512321880.54 2905.54823912 4500.0
1512321880.65 2926.93749383 4500.0
1512321880.74 2947.2572858 4500.0
1512321880.84 2966.56108818 4500.0
1512321880.95 2984.89970044 4500.0
1512321881.04 3002.32138208 4500.0
1512321881.14 3018.87197964 4500.0
1512321881.24 3034.59504733 4500.0
1512321881.34 3049.53196163 4500.0
1512321881.44 3063.72203021 4500.0
1512321881.54 3077.20259537 4500.0
1512321881.64 3090.00913227 4500.0
1512321881.74 3102.17534232 4500.0
1512321881.84 3113.73324187 4500.0
1512321881.94 3124.71324644 4500.0
1512321882.04 3135.14425079 4500.0
1512321882.15 3145.05370492 4500.0
1512321882.25 3154.46768634 4500.0
1512321882.35 3163.41096869 4500.0
1512321882.45 3171.90708692 4500.0
1512321882.55 3179.97839924 4500.0
1512321882.65 3187.64614594 4500.0
1512321882.75 3194.93050531 4500.0
1512321882.85 3201.85064672 4500.0
1512321882.94 3208.42478105 4500.0
1512321883.04 3214.67020866 4500.0
1512321883.15 3220.60336489 4500.0
1512321883.25 3226.23986332 4500.0
1512321883.35 3231.59453682 4500.0
1512321883.44 3236.68147664 4500.0
1512321883.55 3241.51406948 4500.0
1512321883.65 3246.10503267 4500.0
1512321883.74 3250.4664477 4500.0
1512321883.85 3254.60979198 4500.0
1512321883.95 3258.54596905 4500.0
1512321884.06 3262.28533727 4500.0
1512321884.16 3265.83773707 4500.0
1512321884.25 3269.21251688 4500.0
1512321884.35 3272.41855771 4500.0
1512321884.45 3275.46429649 4500.0
1512321884.55 3278.35774833 4500.0
1512321884.65 3281.10652758 4500.0
1512321884.75 3283.71786787 4500.0
1512321884.85 3286.19864114 4500.0
1512321884.95 3288.55537575 4500.0
1512321885.06 3290.79427363 4500.0
1512321885.16 3292.92122661 4500.0
1512321885.26 3294.94183195 4500.0
1512321885.35 3296.86140702 4500.0
1512321885.45 3298.68500334 4500.0
1512321885.55 3300.41741984 4500.0
1512321885.66 3302.06321551 4500.0
1512321885.76 3303.6267214 4500.0
1512321885.86 3305.112052 4500.0
1512321885.95 3306.52311606 4500.0
1512321886.05 3307.86362693 4500.0
1512321886.16 3309.13711225 4500.0
1512321886.26 3310.3469233 4500.0
1512321886.35 3311.4962438 4500.0
1512321886.45 3312.58809828 4500.0
1512321886.56 3313.62536003 4500.0
1512321886.66 3314.6107587 4500.0
1512321886.75 3315.54688743 4500.0
1512321886.86 3316.43620973 4500.0
1512321886.96 3317.28106591 4500.0
1512321887.05 3318.08367928 4500.0
1512321887.17 3318.84616198 4500.0
1512321887.25 3319.57052055 4500.0
1512321887.36 3320.25866119 4500.0
1512321887.45 3320.91239479 4500.0
1512321887.55 3321.53344172 4500.0
1512321887.65 3322.1234363 4500.0
1512321887.74 3322.68393115 4500.0
1512321887.86 3323.21640126 4500.0
1512321887.96 3323.72224787 4500.0
1512321888.05 3324.20280214 4500.0
1512321888.16 3324.6593287 4500.0
1512321888.26 3325.09302893 4500.0
1512321888.35 3325.50504415 4500.0
1512321888.46 3325.89645861 4500.0
1512321888.56 3326.26830235 4500.0
1512321888.66 3326.6215539 4500.0
1512321888.76 3326.95714287 4500.0
1512321888.86 3327.27595239 4500.0
1512321888.96 3327.57882144 4500.0
1512321889.06 3327.86654703 4500.0
1512321889.16 3328.13988635 4500.0
1512321889.26 3328.3995587 4500.0
1512321889.36 3328.64624743 4500.0
1512321889.46 3328.88060172 4500.0
1512321889.57 3329.1032383 4500.0
1512321889.65 3329.31474306 4500.0
1512321889.76 3329.51567257 4500.0
1512321889.85 3329.70655561 4500.0
1512321889.95 3329.88789449 4500.0
1512321890.06 3330.06016644 4500.0
1512321890.16 3330.22382478 4500.0
1512321890.26 3330.37930021 4500.0
1512321890.36 3330.52700186 4500.0
1512321890.47 3330.66731844 4500.0
1512321890.57 3330.80061918 4500.0
1512321890.66 3330.92725489 4500.0
1512321890.76 3331.04755881 4500.0
1512321890.86 3331.16184754 4500.0
1512321890.96 3331.27042183 4500.0
1512321891.06 3331.3735674 4500.0
1512321891.17 3331.4715557 4500.0
1512321891.26 3331.56464458 4500.0
1512321891.36 3331.65307902 4500.0
1512321891.47 3331.73709174 4500.0
1512321891.57 3331.81690381 4500.0
1512321891.67 3331.89272529 4500.0
1512321891.76 3331.96475569 4500.0
1512321891.87 3332.03318458 4500.0
1512321891.96 3332.09819201 4500.0
1512321892.07 3332.15994908 4500.0
1512321892.15 3332.21861829 4500.0
1512321892.26 3332.27435404 4500.0
1512321892.37 3332.32730301 4500.0
1512321892.46 3332.37760452 4500.0
1512321892.57 3332.42539096 4500.0
1512321892.66 3332.47078808 4500.0
1512321892.77 3332.51391535 4500.0
1512321892.86 3332.55488625 4500.0
1512321892.97 3332.5938086 4500.0
1512321893.06 3332.63078484 4500.0
1512321893.17 3332.66591226 4500.0
1512321893.27 3332.69928331 4500.0
1512321893.38 3332.73098582 4500.0
1512321893.48 3332.76110319 4500.0
1512321893.57 3332.7897147 4500.0
1512321893.67 3332.81689563 4500.0
1512321893.76 3332.84271752 4500.0
1512321893.86 3332.86724831 4500.0
1512321893.97 3332.89055256 4500.0
1512321894.07 3332.9126916 4500.0
1512321894.17 3332.93372368 4500.0
1512321894.27 3332.95370417 4500.0
1512321894.37 3332.97268562 4500.0
1512321894.47 3332.99071801 4500.0
1512321894.58 3333.00784878 4500.0
1512321894.68 3333.024123 4500.0
1512321894.77 3333.03958352 4500.0
1512321894.87 3333.05427101 4500.0
1512321894.97 3333.06822413 4500.0
1512321895.08 3333.08147959 4500.0
1512321895.17 3333.09407227 4500.0
1512321895.29 3333.10603533 4500.0
1512321895.38 3333.11740023 4500.0
1512321895.48 3333.12819688 4500.0
1512321895.57 3333.13845371 4500.0
1512321895.67 3333.14819769 4500.0
1512321895.78 3333.15745447 4500.0
1512321895.87 3333.16624841 4500.0
1512321895.98 3333.17460266 4500.0
1512321896.08 3333.18253919 4500.0
1512321896.18 3333.1900789 4500.0
1512321896.27 3333.19724162 4500.0
1512321896.38 3333.20404621 4500.0
1512321896.47 3333.21051056 4500.0
1512321896.58 3333.2166517 4500.0
1512321896.68 3333.22248578 4500.0
1512321896.77 3333.22802816 4500.0
1512321896.87 3333.23329342 4500.0
1512321896.98 3333.23829541 4500.0
1512321897.08 3354.07638064 4500.0
1512321897.19 3373.87256161 4500.0
1512321897.28 3392.67893353 4500.0
1512321897.38 3410.54498685 4500.0
1512321897.48 3406.68440418 4500.0
1512321897.58 3403.01685064 4500.0
1512321897.68 3399.53267477 4500.0
1512321897.78 3417.05604103 4500.0
1512321897.88 3433.70323898 4500.0
1512321897.97 3449.51807703 4500.0
1512321898.08 3464.54217318 4500.0
1512321898.16 3478.81506452 4500.0
1512321898.27 3492.3743113 4500.0
1512321898.37 3505.25559573 4500.0
1512321898.48 3517.49281594 4500.0
1512321898.59 3529.11817515 4500.0
1512321898.67 3540.16226639 4500.0
1512321898.78 3550.65415307 4500.0
1512321898.89 3560.62144542 4500.0
1512321898.97 3570.09037315 4500.0
1512321899.08 3579.08585449 4500.0
1512321899.18 3587.63156176 4500.0
1512321899.29 3595.74998368 4500.0
1512321899.37 3603.46248449 4500.0
1512321899.47 3610.78936027 4500.0
1512321899.58 3617.74989225 4500.0
1512321899.68 3624.36239764 4500.0
1512321899.77 3630.64427776 4500.0
1512321899.88 3636.61206387 4500.0
1512321899.98 3642.28146068 4500.0
1512321900.08 3647.66738764 4500.0
1512321900.18 3652.78401826 4500.0
1512321900.28 3657.64481735 4500.0
1512321900.39 3662.26257648 4500.0
1512321900.48 3666.64944766 4500.0
1512321900.59 3670.81697527 4500.0
1512321900.68 3674.77612651 4500.0
1512321900.78 3678.53732019 4500.0
1512321900.9 3682.11045418 4500.0
1512321900.99 3685.50493147 4500.0
1512321901.08 3688.72968489 4500.0
1512321901.19 3691.79320065 4500.0
1512321901.28 3694.70354062 4500.0
1512321901.38 3697.46836359 4500.0
1512321901.49 3700.09494541 4500.0
1512321901.58 3702.59019814 4500.0
1512321901.68 3704.96068823 4500.0
1512321901.79 3707.21265382 4500.0
1512321901.89 3709.35202113 4500.0
1512321901.99 3711.38442007 4500.0
1512321902.09 3713.31519907 4500.0
1512321902.19 3715.14943911 4500.0
1512321902.29 3716.89196716 4500.0
1512321902.39 3718.5473688 4500.0
1512321902.49 3720.12000036 4500.0
1512321902.59 3721.61400034 4500.0
1512321902.69 3723.03330032 4500.0
1512321902.79 3724.38163531 4500.0
1512321902.9 3725.66255354 4500.0
1512321902.99 3726.87942587 4500.0
1512321903.09 3728.03545457 4500.0
1512321903.2 3729.13368184 4500.0
1512321903.3 3730.17699775 4500.0
1512321903.39 3731.16814786 4500.0
1512321903.5 3732.10974047 4500.0
1512321903.59 3733.00425345 4500.0
1512321903.69 3733.85404078 4500.0
1512321903.8 3734.66133874 4500.0
1512321903.9 3735.4282718 4500.0
1512321903.99 3736.15685821 4500.0
1512321904.1 3736.8490153 4500.0
1512321904.19 3737.50656453 4500.0
1512321904.29 3738.13123631 4500.0
1512321904.39 3738.72467449 4500.0
1512321904.49 3739.28844077 4500.0
1512321904.6 3739.82401873 4500.0
1512321904.69 3740.33281779 4500.0
1512321904.79 3740.8161769 4500.0
1512321904.9 3741.27536806 4500.0
1512321905.0 3741.71159966 4500.0
1512321905.09 3742.12601967 4500.0
1512321905.19 3742.51971869 4500.0
1512321905.29 3742.89373275 4500.0
1512321905.4 3743.24904612 4500.0
1512321905.49 3743.58659381 4500.0
1512321905.6 3743.90726412 4500.0
1512321905.7 3744.21190091 4500.0
1512321905.8 3744.50130587 4500.0
1512321905.9 3744.77624058 4500.0
1512321905.99 3745.03742855 4500.0
1512321906.1 3745.28555712 4500.0
1512321906.2 3745.52127926 4500.0
1512321906.3 3745.7452153 4500.0
1512321906.4 3745.95795453 4500.0
1512321906.49 3746.16005681 4500.0
1512321906.6 3746.35205397 4500.0
1512321906.71 3746.53445127 4500.0
1512321906.8 3746.70772871 4500.0
1512321906.9 3746.87234227 4500.0
1512321907.0 3747.02872516 4500.0
1512321907.1 3747.1772889 4500.0
1512321907.19 3747.31842445 4500.0
1512321907.29 3747.45250323 4500.0
1512321907.4 3747.57987807 4500.0
1512321907.5 3747.70088417 4500.0
1512321907.59 3747.81583996 4500.0
1512321907.7 3747.92504796 4500.0
1512321907.79 3748.02879556 4500.0
1512321907.9 3748.12735578 4500.0
1512321907.99 3748.22098799 4500.0
1512321908.11 3748.3099386 4500.0
1512321908.2 3748.39444167 4500.0
1512321908.3 3748.47471958 4500.0
1512321908.4 3748.5509836 4500.0
1512321908.5 3748.62343442 4500.0
1512321908.6 3748.6922627 4500.0
1512321908.7 3748.75764957 4500.0
1512321908.8 3748.81976709 4500.0
1512321908.91 3748.87877873 4500.0
1512321909.01 3748.9348398 4500.0
1512321909.11 3748.98809781 4500.0
1512321909.2 3749.03869292 4500.0
1512321909.32 3749.08675827 4500.0
1512321909.41 3749.13242036 4500.0
1512321909.51 3749.17579934 4500.0
1512321909.6 3749.21700937 4500.0
1512321909.7 3749.2561589 4500.0
1512321909.81 3749.29335096 4500.0
1512321909.91 3749.32868341 4500.0
1512321910.01 3749.36224924 4500.0
1512321910.11 3749.39413678 4500.0
1512321910.21 3749.42442994 4500.0
1512321910.31 3749.45320844 4500.0
1512321910.41 3749.48054802 4500.0
1512321910.5 3749.50652062 4500.0
1512321910.61 3749.53119459 4500.0
1512321910.71 3749.55463486 4500.0
1512321910.8 3749.57690312 4500.0
1512321910.91 3749.59805796 4500.0
1512321911.0 3749.61815506 4500.0
1512321911.11 3749.63724731 4500.0
1512321911.2 3749.65538494 4500.0
1512321911.3 3749.6726157 4500.0
1512321911.4 3749.68898491 4500.0
1512321911.51 3749.70453567 4500.0
1512321911.6 3749.71930888 4500.0
1512321911.7 3749.73334344 4500.0
1512321911.81 3749.74667627 4500.0
1512321911.91 3749.75934245 4500.0
1512321912.01 3749.77137533 4500.0
1512321912.11 3749.78280656 4500.0
1512321912.22 3749.79366624 4500.0
1512321912.31 3749.80398292 4500.0
1512321912.41 3749.81378378 4500.0
1512321912.51 3749.82309459 4500.0
1512321912.61 3749.83193986 4500.0
1512321912.71 3749.84034287 4500.0
1512321912.82 3749.84832572 4500.0
1512321912.91 3749.85590944 4500.0
1512321913.01 3749.86311397 4500.0
1512321913.12 3749.86995827 4500.0
1512321913.21 3749.87646035 4500.0
1512321913.32 3749.88263734 4500.0
1512321913.41 3749.88850547 4500.0
1512321913.52 3749.8940802 4500.0
1512321913.62 3749.89937619 4500.0
1512321913.71 3749.90440738 4500.0
1512321913.81 3749.90918701 4500.0
1512321913.91 3749.91372766 4500.0
1512321914.02 3749.91804127 4500.0
1512321914.12 3749.92213921 4500.0
1512321914.22 3749.92603225 4500.0
1512321914.32 3749.92973064 4500.0
1512321914.42 3749.93324411 4500.0
1512321914.52 3749.9365819 4500.0
1512321914.62 3749.93975281 4500.0
1512321914.72 3749.94276517 4500.0
1512321914.82 3749.94562691 4500.0
1512321914.92 3749.94834556 4500.0
1512321915.02 3749.95092828 4500.0
1512321915.12 3749.95338187 4500.0
1512321915.21 3749.95571278 4500.0
1512321915.31 3749.95792714 4500.0
1512321915.41 3749.96003078 4500.0
1512321915.51 3749.96202924 4500.0
1512321915.62 3749.96392778 4500.0
1512321915.72 3749.96573139 4500.0
1512321915.82 3749.96744482 4500.0
1512321915.92 3712.46907258 4249.98914827
1512321916.02 3714.34561895 4333.32609885
1512321916.13 3678.628338 4126.99927222
1512321916.23 3682.1969211 4251.33284814
1512321916.32 3685.58707505 4334.22189876
1512321916.43 3651.3077213 4118.01029086
1512321916.52 3656.24233523 3962.44276767
1512321916.63 3623.43021847 3860.37595686
1512321916.73 3592.25870755 3781.39404406
1512321916.82 3600.14577217 4020.92936271
1512321916.92 3607.63848356 4180.61957514
1512321917.02 3577.25655938 3989.62587795
1512321917.13 3585.89373141 3852.16943842
1512321917.22 3594.09904484 4068.11295895
1512321917.32 3564.3940926 3910.10832091
1512321917.42 3573.67438797 3794.87024481
1512321917.52 3544.99066857 3721.13829253
1512321917.62 3517.74113514 3662.42241788
1512321917.72 3491.85407839 3614.19532363
1512321917.82 3467.26137447 3573.41490855
1512321917.93 3443.89830574 3538.03039719
1512321918.03 3459.20339046 3506.65303337
1512321918.13 3473.74322093 3837.76868892
1512321918.23 3487.55605989 4058.51245928
1512321918.33 3463.17825689 3868.19365948
1512321918.42 3477.51934405 3733.18852528
1512321918.52 3491.14337685 3647.96546487
1512321918.62 3504.086208 3595.69143553
1512321918.73 3516.3818976 3565.15635969
1512321918.83 3528.06280272 3876.77090646
1512321918.93 3539.15966259 4084.51393764
1512321919.02 3512.20167946 3902.72917929
1512321919.12 3524.09159548 3772.55334601
1512321919.22 3497.88701571 3689.7327625
1512321919.33 3472.99266492 3625.78418024
1512321919.42 3449.34303168 3574.85367513
1512321919.52 3426.87588009 3533.01679398
1512321919.62 3443.03208609 3497.63648935
1512321919.73 3458.38048179 3479.4350216
1512321919.83 3472.9614577 3472.41684166
1512321919.93 3486.81338481 3814.94456111
1512321920.04 3462.47271557 3705.56750234
1512321920.13 3476.84907979 3624.53590675
1512321920.24 3490.5066258 3575.30696443
1512321920.34 3503.48129451 3547.04018489
1512321920.42 3515.80722979 3532.52055476
1512321920.53 3527.5168683 3855.01370318
1512321920.63 3538.64102488 4070.00913545
1512321920.73 3511.70897364 3892.88643193
1512321920.83 3523.62352496 3765.82727916
1512321920.94 3497.44234871 3685.09269443
1512321921.03 3472.57023127 3622.54257919
1512321921.15 3448.94171971 3572.55179655
1512321921.23 3426.49463372 3531.3484376
1512321921.34 3442.66990204 3496.39716964
1512321921.44 3458.03640694 3478.48808044
1512321921.54 3472.63458659 3471.67085594
1512321921.64 3486.50285726 3814.44723729
1512321921.75 3499.6777144 4042.96482486
1512321921.85 3474.69382868 3861.86912137
1512321921.94 3488.45913724 3732.81069047
1512321922.03 3501.53618038 3651.36017273
1512321922.14 3513.95937136 3601.41884195
1512321922.24 3525.76140279 3900.94589463
1512321922.34 3536.97333265 4100.63059642
1512321922.43 3510.12466602 3912.74484183
1512321922.54 3522.11843272 3778.53811656
1512321922.63 3496.01251108 3693.06488861
1512321922.73 3471.21188553 3627.38076277
1512321922.83 3447.65129125 3575.32447036
1512321922.93 3425.26872669 3532.76674399
1512321923.05 3441.50529036 3496.93407156
1512321923.13 3456.93002584 3478.45781116
1512321923.25 3471.58352455 3471.28188272
1512321923.34 3485.50434832 3814.18792181
1512321923.45 3498.7291309 4042.79194787
1512321923.54 3473.79267436 3861.43767555
1512321923.64 3487.60304064 3732.22267515
1512321923.74 3500.72288861 3650.68279698
1512321923.85 3513.18674418 3600.69616086
1512321923.94 3525.02740697 3571.5263553
1512321924.05 3536.27603662 3881.0175702
1512321924.14 3546.96223479 4087.3450468
1512321924.24 3519.61412305 3907.2174428
1512321924.34 3531.1334169 3778.01633621
1512321924.45 3504.57674605 3695.72202978
1512321924.54 3479.34790875 3632.0069352
1512321924.65 3455.38051331 3581.12059305
1512321924.75 3432.61148765 3539.20723314
1512321924.85 3448.48091326 3503.67531797
1512321924.95 3463.5568676 3485.27718307
1512321925.05 3477.87902422 3478.03707791
1512321925.16 3491.48507301 3477.98439335
1512321925.25 3504.41081936 3482.4846199
1512321925.36 3516.69027839 3821.65641327
1512321925.46 3490.85576447 4047.77094218
1512321925.55 3503.81297625 3862.13254961
1512321925.65 3516.12232744 3742.69269182
1512321925.75 3527.81621106 3667.16923703
1512321925.85 3538.92540051 3944.77949135
1512321925.95 3511.97913049 3809.4947944
1512321926.06 3486.38017396 3710.32290643
1512321926.15 3462.06116526 3635.67532894
1512321926.25 3438.958107 3577.80394105
1512321926.34 3417.01020165 3531.52199637
1512321926.45 3396.15969157 3493.35139813
1512321926.55 3376.35170699 3460.95416261
1512321926.66 3395.03412164 3432.75334407
1512321926.75 3412.78241556 3420.18026993
1512321926.86 3429.64329478 3417.71431847
1512321926.95 3445.66113004 3421.69064391
1512321927.06 3460.87807354 3781.12709594
1512321927.15 3475.33416986 4020.75139729
1512321927.25 3451.56746137 3838.94565482
1512321927.35 3466.4890883 3709.81959033
1512321927.45 3480.66463389 3628.70942299
1512321927.55 3494.13140219 3919.13961533
1512321927.65 3506.92483208 4112.75974355
1512321927.75 3481.57859048 3910.81477306
1512321927.85 3494.99966095 3767.73604553
1512321927.96 3470.24967791 3676.82391734
1512321928.07 3446.73719401 3607.96583753
1512321928.15 3424.40033431 3554.22295636
1512321928.25 3403.18031759 3510.94874901
1512321928.35 3420.52130171 3475.02593854
1512321928.45 3436.99523663 3456.85772626
1512321928.57 3452.6454748 3450.23689638
1512321928.65 3467.51320106 3451.03975586
1512321928.78 3481.637541 3456.53090426
1512321928.87 3495.05566395 3804.35393617
1512321928.95 3470.30288076 4036.23595745
1512321929.06 3484.28773672 3847.59159855
1512321929.16 3497.57334988 3726.49031127
1512321929.26 3510.19468239 3650.18465748
1512321929.36 3522.18494827 3933.45643832
1512321929.46 3496.07570086 3796.36594163
1512321929.56 3508.77191581 3696.26919471
1512321929.67 3483.33332002 3633.77010174
1512321929.75 3459.16665402 3583.62450784
1512321929.86 3436.20832132 3542.13855656
1512321929.95 3414.39790525 3506.82847815
1512321930.07 3393.67800999 3476.01828718
1512321930.16 3411.49410949 3448.57152812
1512321930.26 3428.41940402 3436.21238858
1512321930.36 3444.49843382 3433.61472706
1512321930.48 3459.77351213 3437.24262931
1512321930.58 3474.28483652 3791.49508621
1512321930.66 3488.07059469 4027.6633908
1512321930.76 3463.66706496 3847.79912543
1512321930.87 3477.98371171 3719.75510528
1512321930.97 3491.58452613 3639.16464075
1512321931.06 3504.50529982 3926.1097605
1512321931.17 3516.78003483 4117.406507
1512321931.26 3490.94103309 3917.19768294
1512321931.36 3503.89398143 3775.11213299
1512321931.47 3478.69928236 3684.70608247
1512321931.56 3454.76431824 3616.0371491
1512321931.66 3432.02610233 3562.27953882
1512321931.76 3410.42479721 3518.86172665
1512321931.87 3427.40355735 3482.71608351
1512321931.97 3443.53337949 3464.27857479
1512321932.07 3458.85671051 3457.36350969
1512321932.17 3473.41387499 3457.8612433
1512321932.27 3487.24318124 3805.24082886
1512321932.36 3500.38102217 4036.82721924
1512321932.46 3475.36197107 3858.01182022
1512321932.56 3489.09387251 3730.4618705
1512321932.67 3502.13917889 3650.00587117
1512321932.76 3514.53221994 3933.33724745
1512321932.87 3526.30560895 4122.22483163
1512321932.97 3499.9903285 3923.58509074
1512321933.07 3512.49081207 3782.38683666
1512321933.17 3486.86627147 3692.42149513
1512321933.28 3462.5229579 3623.90308724
1512321933.37 3439.39681 3570.10971079
1512321933.48 3417.4269695 3526.53874386
1512321933.58 3434.05562103 3490.16815241
1512321933.67 3449.85283997 3471.46397528
1512321933.78 3464.86019798 3464.26026351
1512321933.88 3479.11718808 3464.46024167
1512321933.98 3492.66132867 3469.34589047
1512321934.08 3505.52826224 3812.89726031
1512321934.18 3517.75184913 4041.93150688
1512321934.27 3491.86425667 3867.20495429
1512321934.37 3504.77104384 3742.09138842
1512321934.48 3517.03249165 3662.98460689
1512321934.58 3528.68086706 3941.98973793
1512321934.68 3539.74682371 4127.99315862
1512321934.77 3512.75948252 3931.91104698
1512321934.87 3524.6215084 3792.19385883
1512321934.97 3498.39043298 3703.00307535
1512321935.07 3473.47091133 3634.79886123
1512321935.18 3449.79736576 3581.02287793
1512321935.27 3464.80749748 3537.28104054
1512321935.37 3479.0671226 3513.12319285
1512321935.47 3492.61376647 3501.77116944
1512321935.58 3505.48307815 3498.71870178
1512321935.69 3517.70892424 3500.9734939
1512321935.78 3529.32347803 3833.98232927
1512321935.88 3540.35730413 4055.98821951
1512321935.98 3513.33943892 3884.11124772
1512321936.07 3525.17246697 3760.52064479
1512321936.18 3536.41384363 3682.07125218
1512321936.28 3547.09315144 3954.71416812
1512321936.38 3557.23849387 4136.47611208
1512321936.48 3529.37656918 3943.39690601
1512321936.58 3540.40774072 3805.39012707
1512321936.68 3513.38735368 3717.06266495
1512321936.78 3487.717986 3649.17089453
1512321936.88 3463.3320867 3595.35325835
1512321936.98 3440.16548236 3551.34620113
1512321937.07 3455.65720825 3514.28596154
1512321937.18 3470.37434783 3494.74304378
1512321937.29 3484.35563044 3486.62014513
1512321937.39 3497.63784892 3485.8653069
1512321937.49 3510.25595647 3489.78948757
1512321937.59 3522.24315865 3826.52632505
1512321937.69 3533.63100072 4051.01755003
1512321937.78 3506.94945068 3878.55536693
1512321937.89 3519.10197815 3754.68672818
1512321937.98 3530.64687924 3676.15847817
1512321938.09 3541.61453528 3950.77231878
1512321938.18 3552.03380851 4133.84821252
1512321938.28 3524.43211809 3939.91007785
1512321938.38 3535.71051218 3801.4174246
1512321938.48 3508.92498658 3712.84845379
1512321938.59 3483.47873725 3644.87396472
1512321938.69 3459.30480038 3591.07555556
1512321938.78 3436.33956036 3547.1519705
1512321938.88 3452.02258235 3510.21450046
1512321938.98 3466.92145323 3490.81719442
1512321939.08 3481.07538057 3482.85194736
1512321939.19 3494.52161154 3482.25975843
1512321939.3 3507.29553096 3486.3470428
1512321939.39 3519.43075441 3824.23136187
1512321939.49 3530.95921669 4049.48757458
1512321939.59 3504.41125586 3876.64478862
1512321939.69 3516.69069307 3752.56694436
1512321939.79 3528.35615841 3673.94152726
1512321939.89 3539.43835049 3949.29435151
1512321939.99 3512.46643297 4132.86290101
1512321940.09 3486.84311132 3926.06407833
1512321940.2 3462.50095575 3779.65708932
1512321940.29 3439.37590797 3673.93837813
1512321940.39 3417.40711257 3595.75088808
1512321940.49 3396.53675694 3536.30296291
1512321940.59 3376.70991909 3489.71422758
1512321940.7 3395.37442314 3452.04612475
1512321940.8 3413.10570198 3433.15555755
1512321940.89 3429.95041688 3426.47227236
1512321941.01 3445.95289604 3784.31484824
1512321941.11 3461.15525124 4022.87656549
1512321941.2 3438.09748867 3835.63612741
1512321941.3 3453.69261424 3703.12324783
1512321941.4 3468.50798353 3619.9797033
1512321941.51 3482.58258435 3913.3198022
1512321941.61 3495.95345513 4108.87986813
1512321941.7 3471.15578238 3904.5710638
1512321941.8 3485.09799326 3760.09930333
1512321941.9 3460.8430936 3668.43219997
1512321942.01 3437.80093892 3599.23583118
1512321942.1 3415.91089197 3545.42420042
1512321942.2 3395.11534737 3502.25309761
1512321942.3 3412.85958 3466.54051419
1512321942.4 3429.716601 3448.64686946
1512321942.5 3445.73077095 3442.33677998
1512321942.61 3460.94423241 3443.4681103
1512321942.72 3475.39702078 3795.64540687
1512321942.8 3489.12716975 4030.43027125
1512321942.9 3464.67081126 3849.99590408
1512321943.01 3478.9372707 3721.55420647
1512321943.11 3492.49040716 3640.68189455
1512321943.2 3505.3658868 3927.12126303
1512321943.32 3517.59759246 4118.08084202
1512321943.41 3491.71771284 3917.91975883
1512321943.5 3504.6318272 3775.85241017
1512321943.61 3479.40023584 3685.44554918
1512321943.71 3455.43022405 3616.76377806
1512321943.81 3432.65871284 3562.98592673
1512321943.91 3411.0257772 3519.5435221
1512321944.01 3427.97448834 3483.37094047
1512321944.11 3444.07576392 3464.90545642
1512321944.21 3459.37197573 3457.96222559
1512321944.31 3473.90337694 3458.4321423
1512321944.41 3487.70820809 3805.6214282
1512321944.51 3500.82279769 4037.08095213
1512321944.61 3475.78165781 3858.32823399
1512321944.72 3489.49257491 3730.81270859
1512321944.81 3502.51794617 3650.37266403
1512321944.91 3514.89204886 3933.58177602
1512321945.01 3526.64744642 4122.38785068
1512321945.11 3500.3150741 3923.80771593
1512321945.21 3512.79932039 3782.64350198
1512321945.3 3487.15935437 3692.69544145
1512321945.4 3462.80138665 3624.18341243
1512321945.51 3439.66131732 3570.38940384
1512321945.61 3417.67825145 3526.813375
1512321945.71 3434.29433888 3490.43500048
1512321945.82 3450.07962194 3471.72144662
1512321945.91 3465.07564084 3464.50750506
1512321946.01 3479.3218588 3464.69688365
1512321946.12 3492.85576586 3809.79792243
1512321946.22 3505.71297757 4039.86528162
1512321946.32 3480.42732869 3861.8145136
1512321946.41 3493.90596225 3734.68545197
1512321946.51 3506.71066414 3654.42562206
1512321946.62 3518.87513093 3936.28374804
1512321946.72 3530.43137439 4124.18916536
1512321946.81 3503.90980567 3926.2699017
1512321946.91 3516.21431538 3785.48320302
1512321947.01 3527.90359962 3695.72690714
1512321947.11 3539.00841963 3639.78580463
1512321947.21 3549.55799865 3606.19334297
1512321947.31 3559.58009872 3587.31489486
1512321947.43 3569.10109378 3578.06996282
1512321947.53 3578.14603909 3885.37997521
1512321947.62 3586.73873714 4090.25331681
1512321947.72 3557.40180028 4226.83554454
1512321947.85 3567.03171027 4317.89036303
1512321947.92 3576.18012476 4378.59357535
1512321948.02 3584.87111852 4419.06238357
1512321948.12 3593.12756259 4446.04158904
1512321948.23 3600.97118446 4464.02772603
1512321948.32 3608.42262524 4476.01848402
1512321948.42 3615.50149398 4484.01232268
1512321948.52 3622.22641928 4489.34154845
1512321948.62 3628.61509831 4492.89436564
1512321948.72 3634.6843434 4495.26291042
1512321948.83 3640.45012623 4496.84194028
1512321948.92 3645.92761992 4497.89462685
1512321949.02 3651.13123892 4498.5964179
1512321949.13 3656.07467698 4499.0642786
1512321949.23 3660.77094313 4499.37618573
1512321949.33 3665.23239597 4499.58412382
1512321949.42 3669.47077617 4499.72274922
1512321949.52 3673.49723736 4499.81516614
1512321949.63 3677.3223755 4499.87677743
1512321949.73 3680.95625672 4499.91785162
1512321949.82 3684.40844388 4499.94523441
1512321949.93 3687.68802169 4499.96348961
1512321950.03 3690.80362061 4499.97565974
1512321950.14 3693.76343958 4499.98377316
1512321950.22 3696.5752676 4499.98918211
1512321950.33 3699.24650422 4499.99278807
1512321950.42 3701.78417901 4499.99519205
1512321950.52 3704.19497006 4499.9967947
1512321950.63 3706.48522155 4499.99786313
1512321950.73 3708.66096048 4499.99857542
1512321950.83 3710.72791245 4499.99905028
1512321950.93 3712.69151683 4499.99936685
1512321951.04 3714.55694099 4499.9995779
1512321951.13 3716.32909394 4499.9997186
1512321951.23 3718.01263924 4499.9998124
1512321951.34 3719.61200728 4499.99987493
1512321951.43 3721.13140692 4499.99991662
1512321951.53 3722.57483657 4499.99994442
1512321951.63 3723.94609474 4499.99996294
1512321951.73 3725.24879 4499.9999753
1512321951.83 3726.4863505 4499.99998353
1512321951.93 3727.66203298 4499.99998902
1512321952.03 3728.77893133 4499.99999268
1512321952.13 3729.83998476 4499.99999512
1512321952.23 3730.84798552 4499.99999675
1512321952.34 3731.80558625 4499.99999783
1512321952.44 3732.71530694 4499.99999855
1512321952.54 3733.57954159 4499.99999904
1512321952.64 3734.40056451 4499.99999936
1512321952.73 3735.18053628 4499.99999957
1512321952.85 3735.92150947 4499.99999971
1512321952.94 3736.625434 4499.99999981
1512321953.03 3737.2941623 4499.99999987
1512321953.14 3737.92945418 4499.99999992
1512321953.24 3738.53298147 4499.99999994
1512321953.34 3739.1063324 4499.99999996
1512321953.44 3739.65101578 4499.99999997
1512321953.53 3740.16846499 4499.99999998
1512321953.64 3740.66004174 4499.99999999
1512321953.74 3741.12703965 4499.99999999
1512321953.83 3741.57068767 4500.0
1512321953.94 3741.99215329 4500.0
1512321954.04 3742.39254562 4500.0
1512321954.14 3742.77291834 4500.0
1512321954.24 3743.13427242 4500.0
1512321954.34 3743.4775588 4500.0
1512321954.45 3743.80368086 4500.0
1512321954.54 3744.11349682 4500.0
1512321954.64 3744.40782198 4500.0
1512321954.74 3744.68743088 4500.0
1512321954.85 3744.95305934 4500.0
1512321954.94 3745.20540637 4500.0
1512321955.05 3745.44513605 4500.0
1512321955.15 3745.67287925 4500.0
1512321955.24 3745.88923529 4500.0
1512321955.35 3746.09477352 4500.0
1512321955.45 3746.29003485 4500.0
1512321955.54 3746.4755331 4500.0
1512321955.64 3746.65175645 4500.0
1512321955.74 3746.81916863 4500.0
1512321955.84 3746.97821019 4500.0
1512321955.94 3747.12929968 4500.0
1512321956.04 3747.2728347 4500.0
1512321956.14 3747.40919297 4500.0
1512321956.24 3747.53873332 4500.0
1512321956.34 3747.66179665 4500.0
1512321956.45 3747.77870682 4500.0
1512321956.55 3747.88977148 4500.0
1512321956.64 3747.9952829 4500.0
1512321956.75 3748.09551876 4500.0
1512321956.85 3748.19074282 4500.0
1512321956.95 3748.28120568 4500.0
1512321957.05 3748.3671454 4500.0
1512321957.15 3748.44878813 4500.0
1512321957.25 3748.52634872 4500.0
1512321957.35 3748.60003128 4500.0
1512321957.46 3748.67002972 4500.0
1512321957.56 3748.73652823 4500.0
1512321957.66 3748.79970182 4500.0
1512321957.75 3748.85971673 4500.0
1512321957.86 3748.91673089 4500.0
1512321957.97 3748.97089435 4500.0
1512321958.07 3749.02234963 4500.0
1512321958.16 3749.07123215 4500.0
1512321958.27 3749.11767054 4500.0
1512321958.36 3749.16178702 4500.0
1512321958.46 3749.20369766 4500.0
1512321958.56 3749.24351278 4500.0
1512321958.67 3749.28133714 4500.0
1512321958.76 3749.31727029 4500.0
1512321958.87 3749.35140677 4500.0
1512321958.98 3749.38383643 4500.0
1512321959.07 3749.41464461 4500.0
1512321959.16 3749.44391238 4500.0
1512321959.26 3749.47171676 4500.0
1512321959.37 3749.49813092 4500.0
1512321959.46 3749.52322438 4500.0
1512321959.58 3749.54706316 4500.0
1512321959.67 3749.56971 4500.0
1512321959.76 3749.5912245 4500.0
1512321959.86 3749.61166328 4500.0
1512321959.97 3749.63108011 4500.0
1512321960.07 3749.64952611 4500.0
1512321960.17 3749.6670498 4500.0
1512321960.27 3749.68369731 4500.0
1512321960.37 3749.69951245 4500.0
1512321960.47 3749.71453682 4500.0
1512321960.57 3749.72880998 4500.0
1512321960.66 3749.74236948 4500.0
1512321960.76 3749.75525101 4500.0
1512321960.86 3749.76748846 4500.0
1512321960.97 3749.77911404 4500.0
1512321961.07 3749.79015833 4500.0
1512321961.18 3749.80065042 4500.0
1512321961.27 3749.8106179 4500.0
1512321961.37 3749.820087 4500.0
1512321961.47 3749.82908265 4500.0
1512321961.56 3749.83762852 4500.0
1512321961.67 3749.84574709 4500.0
1512321961.76 3749.85345974 4500.0
1512321961.87 3749.86078675 4500.0
1512321961.97 3749.86774741 4500.0
1512321962.07 3749.87436004 4500.0
1512321962.17 3749.88064204 4500.0
1512321962.27 3749.88660994 4500.0
1512321962.37 3749.89227944 4500.0
1512321962.48 3749.89766547 4500.0
1512321962.58 3749.9027822 4500.0
1512321962.67 3749.90764309 4500.0
1512321962.77 3749.91226093 4500.0
1512321962.88 3749.91664789 4500.0
1512321962.97 3749.92081549 4500.0
1512321963.08 3749.92477472 4500.0
1512321963.17 3749.92853598 4500.0
1512321963.27 3749.93210918 4500.0
1512321963.37 3749.93550372 4500.0
1512321963.48 3749.93872854 4500.0
1512321963.57 3749.94179211 4500.0
1512321963.67 3749.9447025 4500.0
1512321963.78 3749.94746738 4500.0
1512321963.88 3749.95009401 4500.0
1512321963.98 3749.95258931 4500.0
1512321964.08 3749.95495984 4500.0
1512321964.18 3749.95721185 4500.0
1512321964.27 3749.95935126 4500.0
1512321964.38 3749.9613837 4500.0
1512321964.48 3749.96331451 4500.0
1512321964.58 3749.96514879 4500.0
1512321964.69 3749.96689135 4500.0
1512321964.78 3749.96854678 4500.0
1512321964.89 3749.97011944 4500.0
1512321964.96 3749.97161347 4500.0
1512321965.07 3749.97303279 4500.0
1512321965.17 3749.97438116 4500.0
1512321965.27 3749.9756621 4500.0
1512321965.37 3749.97687899 4500.0
1512321965.48 3749.97803504 4500.0
1512321965.57 3749.97913329 4500.0
1512321965.68 3749.98017663 4500.0
1512321965.77 3749.98116779 4500.0
1512321965.87 3749.98210941 4500.0
1512321965.98 3749.98300393 4500.0
1512321966.08 3749.98385374 4500.0
1512321966.17 3749.98466105 4500.0
1512321966.27 3749.985428 4500.0
1512321966.4 3749.9861566 4500.0
1512321966.47 3749.98684877 4500.0
1512321966.58 3749.98750633 4500.0
1512321966.68 3749.98813101 4500.0
1512321966.79 3749.98872446 4500.0
1512321966.87 3749.98928824 4500.0
1512321966.97 3749.98982383 4500.0
1512321967.08 3749.99033264 4500.0
1512321967.18 3749.990816 4500.0
1512321967.28 3749.9912752 4500.0
1512321967.38 3749.99171144 4500.0
1512321967.48 3749.99212587 4500.0
1512321967.57 3749.99251958 4500.0
1512321967.68 3749.9928936 4500.0
1512321967.78 3749.99324892 4500.0
1512321967.88 3749.99358647 4500.0
1512321967.98 3749.99390715 4500.0
1512321968.09 3749.99421179 4500.0
1512321968.18 3749.9945012 4500.0
1512321968.29 3749.99477614 4500.0
1512321968.39 3749.99503734 4500.0
1512321968.48 3749.99528547 4500.0
1512321968.58 3749.9955212 4500.0
1512321968.69 3749.99574514 4500.0
1512321968.79 3749.99595788 4500.0
1512321968.89 3749.99615998 4500.0
1512321968.98 3749.99635199 4500.0
1512321969.08 3749.99653439 4500.0
1512321969.19 3749.99670767 4500.0
1512321969.29 3749.99687228 4500.0
1512321969.39 3749.99702867 4500.0
1512321969.49 3749.99717724 4500.0
1512321969.58 3749.99731837 4500.0
1512321969.68 3749.99745246 4500.0
1512321969.79 3749.99757983 4500.0
1512321969.89 3749.99770084 4500.0
1512321969.98 3749.9978158 4500.0
1512321970.09 3749.99792501 4500.0
1512321970.19 3749.99802876 4500.0
1512321970.3 3749.99812732 4500.0
1512321970.39 3749.99822095 4500.0
1512321970.48 3729.16497657 4500.0
1512321970.59 3709.37339441 4500.0
1512321970.69 3690.57139136 4500.0
1512321970.79 3672.70948846 4500.0
1512321970.88 3655.7406807 4500.0
1512321970.98 3660.45364667 4500.0
1512321971.08 3664.93096433 4500.0
1512321971.19 3669.18441612 4500.0
1512321971.3 3652.39186198 4500.0
1512321971.39 3657.27226888 4500.0
1512321971.49 3641.0753221 4500.0
1512321971.59 3625.68822266 4500.0
1512321971.7 3631.90381153 4500.0
1512321971.79 3616.97528762 4500.0
1512321971.89 3623.62652324 4500.0
1512321972.0 3609.11186374 4500.0
1512321972.09 3595.32293722 4500.0
1512321972.19 3582.22345703 4500.0
1512321972.29 3590.61228418 4500.0
1512321972.39 3577.74833663 4500.0
1512321972.49 3565.52758647 4500.0
1512321972.59 3553.91787381 4500.0
1512321972.69 3542.88864679 4500.0
1512321972.79 3532.41088112 4500.0
1512321972.9 3522.45700373 4500.0
1512321973.0 3513.00082021 4500.0
1512321973.09 3504.01744586 4500.0
1512321973.19 3495.48324024 4500.0
1512321973.29 3487.37574489 4500.0
1512321973.39 3479.67362431 4500.0
1512321973.5 3472.35660976 4500.0
1512321973.59 3465.40544594 4500.0
1512321973.7 3458.80184031 4500.0
1512321973.79 3452.52841496 4500.0
1512321973.89 3446.56866088 4500.0
1512321973.99 3440.9068945 4500.0
1512321974.09 3435.52821645 4500.0
1512321974.19 3430.41847229 4500.0
1512321974.29 3425.56421534 4500.0
1512321974.39 3420.95267124 4500.0
1512321974.49 3416.57170435 4500.0
1512321974.59 3412.4097858 4500.0
1512321974.69 3408.45596317 4500.0
1512321974.8 3404.69983168 4500.0
1512321974.89 3401.13150676 4500.0
1512321974.99 3397.74159809 4500.0
1512321975.09 3394.52118485 4500.0
1512321975.2 3391.46179228 4500.0
1512321975.29 3388.55536933 4500.0
1512321975.39 3385.79426753 4500.0
1512321975.49 3383.17122082 4500.0
1512321975.59 3380.67932645 4500.0
1512321975.7 3378.31202679 4500.0
1512321975.79 3376.06309212 4500.0
1512321975.9 3373.92660418 4500.0
1512321975.99 3371.89694064 4500.0
1512321976.09 3369.96876027 4500.0
1512321976.19 3368.13698892 4500.0
1512321976.29 3366.39680615 4500.0
1512321976.39 3364.7436325 4500.0
1512321976.49 3363.17311755 4500.0
1512321976.6 3361.68112834 4500.0
1512321976.7 3360.26373859 4500.0
1512321976.79 3358.91721832 4500.0
1512321976.89 3357.63802407 4500.0
1512321977.0 3356.42278954 4500.0
1512321977.09 3355.26831673 4500.0
1512321977.19 3354.17156756 4500.0
1512321977.29 3353.12965585 4500.0
1512321977.39 3352.13983972 4500.0
1512321977.49 3351.1995144 4500.0
1512321977.59 3350.30620535 4500.0
1512321977.69 3349.45756175 4500.0
1512321977.79 3348.65135033 4500.0
1512321977.89 3347.88544948 4500.0
1512321977.99 3347.15784367 4500.0
1512321978.09 3346.46661815 4500.0
1512321978.19 3345.80995391 4500.0
1512321978.29 3345.18612288 4500.0
1512321978.39 3344.5934834 4500.0
1512321978.49 3344.0304759 4500.0
1512321978.59 3343.49561877 4500.0
1512321978.7 3342.9875045 4500.0
1512321978.79 3342.50479594 4500.0
1512321978.9 3342.04622281 4500.0
1512321979.0 3341.61057834 4500.0
1512321979.1 3341.19671609 4500.0
1512321979.21 3340.80354695 4500.0
1512321979.3 3340.43003627 4500.0
1512321979.4 3340.07520112 4500.0
1512321979.5 3339.73810773 4500.0
1512321979.6 3339.41786901 4500.0
1512321979.7 3339.11364223 4500.0
1512321979.8 3338.82462678 4500.0
1512321979.9 3338.55006211 4500.0
1512321979.99 3338.28922567 4500.0
1512321980.1 3338.04143106 4500.0
1512321980.2 3337.80602617 4500.0
1512321980.3 3337.58239153 4500.0
1512321980.4 3337.36993862 4500.0
1512321980.5 3337.16810835 4500.0
1512321980.6 3336.9763696 4500.0
1512321980.71 3336.79421779 4500.0
1512321980.8 3336.62117357 4500.0
1512321980.9 3336.45678155 4500.0
1512321981.01 3336.30060914 4500.0
1512321981.1 3336.15224535 4500.0
1512321981.21 3336.01129975 4500.0
1512321981.3 3335.87740143 4500.0
1512321981.4 3335.75019803 4500.0
1512321981.5 3335.62935479 4500.0
1512321981.6 3335.51455372 4500.0
1512321981.7 3335.4054927 4500.0
1512321981.8 3335.30188473 4500.0
1512321981.9 3335.20345716 4500.0
1512321982.01 3335.10995097 4500.0
1512321982.1 3335.02112009 4500.0
1512321982.21 3334.93673075 4500.0
1512321982.31 3334.85656088 4500.0
1512321982.41 3334.7803995 4500.0
1512321982.51 3334.70804619 4500.0
1512321982.62 3334.63931055 4500.0
1512321982.71 3334.57401169 4500.0
1512321982.81 3292.84531111 4500.0
1512321982.9 3253.20304555 4500.0
1512321982.99 3215.54289327 4500.0
1512321983.09 3179.76574861 4500.0
1512321983.2 3145.77746118 4500.0
1512321983.3 3113.48858812 4500.0
1512321983.4 3082.81415871 4500.0
1512321983.5 3053.67345078 4500.0
1512321983.6 3025.98977824 4500.0
1512321983.7 2999.69028933 4500.0
1512321983.8 2974.70577486 4500.0
1512321983.9 2950.97048612 4500.0
1512321983.99 2928.42196181 4500.0
1512321984.1 2907.00086372 4500.0
1512321984.2 2886.65082054 4500.0
1512321984.29 2867.31827951 4500.0
1512321984.4 2848.95236553 4500.0
1512321984.5 2831.50474726 4500.0
1512321984.59 2814.92950989 4500.0
1512321984.7 2799.1830344 4500.0
1512321984.79 2784.22388268 4500.0
1512321984.89 2770.01268854 4500.0
1512321985.0 2756.51205412 4500.0
1512321985.1 2743.68645141 4500.0
1512321985.2 2731.50212884 4500.0
1512321985.29 2719.9270224 4500.0
1512321985.39 2708.93067128 4500.0
1512321985.49 2698.48413772 4500.0
1512321985.59 2688.55993083 4500.0
1512321985.7 2679.13193429 4500.0
1512321985.8 2670.17533757 4500.0
1512321985.9 2661.66657069 4500.0
1512321986.0 2653.58324216 4500.0
1512321986.1 2645.90408005 4500.0
1512321986.2 2638.60887605 4500.0
1512321986.3 2631.67843225 4500.0
1512321986.4 2625.09451063 4500.0
1512321986.5 2618.8397851 4500.0
1512321986.6 2612.89779585 4500.0
1512321986.7 2607.25290606 4500.0
1512321986.8 2601.89026075 4500.0
1512321986.9 2596.79574772 4500.0
1512321987.0 2591.95596033 4500.0
1512321987.1 2587.35816231 4500.0
1512321987.2 2582.9902542 4500.0
1512321987.3 2578.84074149 4500.0
1512321987.41 2574.89870441 4500.0
1512321987.5 2571.15376919 4500.0
1512321987.6 2567.59608073 4500.0
1512321987.7 2564.2162767 4500.0
1512321987.8 2561.00546286 4500.0
1512321987.9 2557.95518972 4500.0
1512321988.0 2555.05743023 4500.0
1512321988.1 2552.30455872 4500.0
1512321988.2 2549.68933078 4500.0
1512321988.31 2547.20486425 4500.0
1512321988.4 2544.84462103 4500.0
1512321988.5 2542.60238998 4500.0
1512321988.6 2540.47227048 4500.0
1512321988.7 2538.44865696 4500.0
1512321988.8 2536.52622411 4500.0
1512321988.91 2534.6999129 4500.0
1512321989.0 2532.96491726 4500.0
1512321989.1 2531.3166714 4500.0
1512321989.2 2529.75083783 4500.0
1512321989.3 2528.26329594 4500.0
1512321989.41 2526.85013114 4500.0
1512321989.51 2525.50762458 4500.0
1512321989.61 2524.23224335 4500.0
1512321989.7 2523.02063119 4500.0
1512321989.81 2521.86959963 4500.0
1512321989.9 2520.77611964 4500.0
1512321990.01 2519.73731366 4500.0
1512321990.11 2518.75044798 4500.0
1512321990.2 2517.81292558 4500.0
1512321990.31 2516.9222793 4500.0
1512321990.41 2516.07616534 4500.0
1512321990.51 2515.27235707 4500.0
1512321990.61 2514.50873922 4500.0
1512321990.71 2513.78330226 4500.0
1512321990.81 2513.09413714 4500.0
1512321990.91 2512.43943029 4500.0
1512321991.01 2511.81745877 4500.0
1512321991.1 2511.22658583 4500.0
1512321991.21 2510.66525654 4500.0
1512321991.31 2510.13199371 4500.0
1512321991.41 2509.62539403 4500.0
1512321991.51 2509.14412433 4500.0
1512321991.61 2508.68691811 4500.0
1512321991.71 2508.2525722 4500.0
1512321991.81 2507.83994359 4500.0
1512321991.91 2507.44794641 4500.0
1512321992.02 2507.07554909 4500.0
1512321992.11 2506.72177164 4500.0
1512321992.22 2506.38568306 4500.0
1512321992.31 2506.0663989 4500.0
1512321992.41 2505.76307896 4500.0
1512321992.52 2505.47492501 4500.0
1512321992.61 2505.20117876 4500.0
1512321992.71 2504.94111982 4500.0
1512321992.81 2504.69406383 4500.0
1512321992.91 2504.45936064 4500.0
1512321993.02 2504.23639261 4500.0
1512321993.12 2504.02457298 4500.0
1512321993.22 2503.82334433 4500.0
1512321993.31 2503.63217711 4500.0
1512321993.42 2503.45056826 4500.0
1512321993.51 2503.27803984 4500.0
1512321993.63 2503.11413785 4500.0
1512321993.72 2502.95843096 4500.0
1512321993.82 2502.81050941 4500.0
1512321993.91 2502.66998394 4500.0
1512321994.02 2502.53648474 4500.0
1512321994.12 2502.40966051 4500.0
1512321994.21 2502.28917748 4500.0
1512321994.31 2502.17471861 4500.0
1512321994.42 2502.06598268 4500.0
1512321994.52 2501.96268354 4500.0
1512321994.62 2501.86454937 4500.0
1512321994.72 2501.7713219 4500.0
1512321994.82 2501.6827558 4500.0
1512321994.92 2501.59861801 4500.0
1512321995.02 2501.51868711 4500.0
1512321995.12 2501.44275276 4500.0
1512321995.22 2501.37061512 4500.0
1512321995.32 2501.30208436 4500.0
1512321995.42 2501.23698014 4500.0
1512321995.52 2501.17513114 4500.0
1512321995.62 2501.11637458 4500.0
1512321995.71 2501.06055585 4500.0
1512321995.82 2501.00752806 4500.0
1512321995.92 2500.95715166 4500.0
1512321996.02 2500.90929407 4500.0
1512321996.12 2500.86382937 4500.0
1512321996.22 2500.8206379 4500.0
1512321996.32 2500.77960601 4500.0
1512321996.42 2500.74062571 4500.0
1512321996.52 2500.70359442 4500.0
1512321996.62 2500.6684147 4500.0
1512321996.72 2500.63499396 4500.0
1512321996.82 2500.60324427 4500.0
1512321996.92 2500.57308205 4500.0
1512321997.03 2500.54442795 4500.0
1512321997.12 2500.51720655 4500.0
1512321997.22 2500.49134622 4500.0
1512321997.32 2500.46677891 4500.0
1512321997.42 2500.44343997 4500.0
1512321997.52 2500.42126797 4500.0
1512321997.62 2500.40020457 4500.0
1512321997.72 2500.38019434 4500.0
1512321997.82 2500.36118463 4500.0
1512321997.92 2500.34312539 4500.0
1512321998.03 2500.32596912 4500.0
1512321998.12 2500.30967067 4500.0
1512321998.23 2500.29418713 4500.0
1512321998.33 2500.27947778 4500.0
1512321998.43 2500.26550389 4500.0
1512321998.53 2500.25222869 4500.0
1512321998.63 2500.23961726 4500.0
1512321998.72 2500.2276364 4500.0
1512321998.83 2500.21625458 4500.0
1512321998.93 2500.20544185 4500.0
1512321999.02 2500.19516976 4500.0
1512321999.13 2500.18541127 4500.0
1512321999.23 2500.1761407 4500.0
1512321999.32 2500.16733367 4500.0
1512321999.43 2500.15896699 4500.0
1512321999.53 2500.15101864 4500.0
1512321999.63 2500.1434677 4500.0
1512321999.72 2500.13629432 4500.0
1512321999.83 2500.1294796 4500.0
1512321999.92 2500.12300562 4500.0
1512322000.03 2500.11685534 4500.0
1512322000.13 2500.11101258 4500.0
1512322000.23 2500.10546195 4500.0
1512322000.33 2500.10018885 4500.0
1512322000.43 2500.09517941 4500.0
1512322000.53 2500.09042044 4500.0
1512322000.63 2500.08589941 4500.0
1512322000.73 2500.08160444 4500.0
1512322000.83 2500.07752422 4500.0
1512322000.93 2500.07364801 4500.0
1512322001.03 2500.06996561 4500.0
1512322001.13 2500.06646733 4500.0
1512322001.23 2500.06314396 4500.0
1512322001.33 2500.05998676 4500.0
1512322001.43 2500.05698743 4500.0
1512322001.53 2500.05413806 4500.0
1512322001.63 2500.05143115 4500.0
1512322001.73 2500.04885959 4500.0
1512322001.83 2500.04641662 4500.0
1512322001.93 2500.04409578 4500.0
1512322002.03 2500.041891 4500.0
1512322002.13 2500.03979645 4500.0
1512322002.23 2500.03780662 4500.0
1512322002.33 2500.03591629 4500.0
1512322002.44 2500.03412048 4500.0
1512322002.53 2500.03241445 4500.0
1512322002.63 2500.03079373 4500.0
1512322002.73 2500.02925404 4500.0
1512322002.83 2500.02779134 4500.0
1512322002.93 2500.02640177 4500.0
1512322003.03 2500.02508169 4500.0
1512322003.13 2500.0238276 4500.0
1512322003.23 2500.02263622 4500.0
1512322003.34 2500.02150441 4500.0
1512322003.45 2500.02042919 4500.0
1512322003.54 2500.01940773 4500.0
1512322003.64 2500.01843734 4500.0
1512322003.74 2500.01751548 4500.0
1512322003.89 2500.0166397 4500.0
1512322003.95 2500.01580772 4500.0
1512322004.05 2500.01501733 4500.0
1512322004.15 2500.01426647 4500.0
1512322004.24 2500.01355314 4500.0
1512322004.42 2500.01287549 4500.0
1512322004.48 2500.01223171 4500.0
1512322004.58 2500.01162013 4500.0
1512322004.69 2500.01103912 4500.0
1512322004.79 2500.01048716 4500.0
1512322004.88 2500.0099628 4500.0
1512322004.99 2500.00946466 4500.0
1512322005.09 2500.00899143 4500.0
1512322005.19 2500.00854186 4500.0
1512322005.29 2500.00811477 4500.0
1512322005.39 2500.00770903 4500.0
1512322005.5 2500.00732358 4500.0
1512322005.6 2500.0069574 4500.0
1512322005.69 2500.00660953 4500.0
1512322005.79 2500.00627905 4500.0
1512322005.89 2500.0059651 4500.0
1512322006.0 2500.00566684 4500.0
1512322006.09 2500.0053835 4500.0
1512322006.18 2500.00511433 4500.0
1512322006.29 2500.00485861 4500.0
1512322006.46 2500.00461568 4500.0
1512322006.52 2500.0043849 4500.0
1512322006.62 2500.00416565 4500.0
1512322006.72 2500.00395737 4500.0
1512322006.82 2500.0037595 4500.0
1512322006.92 2500.00357153 4500.0
1512322007.07 2500.00339295 4500.0
1512322007.14 2500.0032233 4500.0
1512322007.23 2500.00306214 4500.0
1512322007.34 2500.00290903 4500.0
1512322007.44 2500.00276358 4500.0
1512322007.53 2500.0026254 4500.0
1512322007.63 2500.00249413 4500.0
1512322007.81 2500.00236942 4500.0
1512322007.88 2500.00225095 4500.0
1512322007.97 2500.0021384 4500.0
1512322008.07 2500.00203148 4500.0
1512322008.16 2500.00192991 4500.0
1512322008.27 2500.00183341 4500.0
1512322008.38 2500.00174174 4500.0
1512322008.47 2500.00165466 4500.0
1512322008.58 2500.00157192 4500.0
1512322008.71 2500.00149333 4500.0
1512322008.76 2500.00141866 4500.0
1512322008.86 2500.00134773 4500.0
1512322008.97 2500.00128034 4500.0
1512322009.14 2500.00121632 4500.0
1512322009.21 2500.00115551 4500.0
1512322009.3 2500.00109773 4500.0
1512322009.39 2500.00104285 4500.0
1512322009.49 2500.0009907 4500.0
1512322009.6 2500.00094117 4500.0
1512322009.7 2500.00089411 4500.0
1512322009.8 2500.0008494 4500.0
1512322009.9 2500.00080693 4500.0
1512322010.0 2500.00076659 4500.0
1512322010.11 2500.00072826 4500.0
1512322010.21 2500.00069185 4500.0
1512322010.3 2500.00065725 4500.0
1512322010.41 2500.00062439 4500.0
1512322010.51 2500.00059317 4500.0
1512322010.61 2500.00056351 4500.0
1512322010.71 2500.00053534 4500.0
1512322010.81 2500.00050857 4500.0
1512322010.9 2500.00048314 4500.0
1512322011.0 2500.00045898 4500.0
1512322011.1 2500.00043604 4500.0
1512322011.2 2500.00041423 4500.0
1512322011.31 2500.00039352 4500.0
1512322011.41 2500.00037385 4500.0
1512322011.5 2500.00035515 4500.0
1512322011.61 2500.0003374 4500.0
1512322011.71 2500.00032053 4500.0
1512322011.81 2500.0003045 4500.0
1512322011.91 2500.00028927 4500.0
1512322012.01 2500.00027481 4500.0
1512322012.12 2500.00026107 4500.0
1512322012.22 2500.00024802 4500.0
1512322012.3 2500.00023562 4500.0
1512322012.41 2500.00022384 4500.0
1512322012.6 2500.00021264 4500.0
1512322012.67 2500.00020201 4500.0
1512322012.76 2500.00019191 4500.0
1512322012.87 2500.00018232 4500.0
1512322012.96 2500.0001732 4500.0
1512322013.06 2500.00016454 4500.0
1512322013.16 2500.00015631 4500.0
1512322013.26 2500.0001485 4500.0
1512322013.36 2500.00014107 4500.0
1512322013.46 2500.00013402 4500.0
1512322013.56 2500.00012732 4500.0
1512322013.66 2500.00012095 4500.0
1512322013.76 2500.0001149 4500.0
1512322013.86 2500.00010916 4500.0
1512322013.96 2500.0001037 4500.0
1512322014.06 2500.00009852 4500.0
1512322014.16 2500.00009359 4500.0
1512322014.25 2500.00008891 4500.0
1512322014.37 2500.00008447 4500.0
1512322014.46 2500.00008024 4500.0
1512322014.56 2500.00007623 4500.0
1512322014.66 2500.00007242 4500.0
1512322014.76 2500.0000688 4500.0
1512322014.86 2500.00006536 4500.0
1512322014.96 2500.00006209 4500.0
1512322015.06 2500.00005899 4500.0
1512322015.16 2500.00005604 4500.0
1512322015.26 2500.00005323 4500.0
1512322015.36 2500.00005057 4500.0
1512322015.45 2500.00004804 4500.0
1512322015.55 2500.00004564 4500.0
1512322015.65 2500.00004336 4500.0
1512322015.75 2500.00004119 4500.0
1512322015.86 2500.00003913 4500.0
1512322015.95 2500.00003718 4500.0
1512322016.06 2500.00003532 4500.0
1512322016.15 2500.00003355 4500.0
1512322016.26 2500.00003187 4500.0
1512322016.36 2500.00003028 4500.0
1512322016.45 2500.00002877 4500.0
1512322016.56 2500.00002733 4500.0
1512322016.68 2500.00002596 4500.0
1512322016.76 2500.00002466 4500.0
1512322016.86 2500.00002343 4500.0
1512322016.96 2500.00002226 4500.0
1512322017.06 2500.00002115 4500.0
1512322017.15 2500.00002009 4500.0
1512322017.25 2500.00001908 4500.0
1512322017.35 2500.00001813 4500.0
1512322017.46 2500.00001722 4500.0
1512322017.56 2500.00001636 4500.0
1512322017.68 2500.00001554 4500.0
1512322017.76 2500.00001477 4500.0
1512322017.85 2500.00001403 4500.0
1512322017.95 2500.00001333 4500.0
1512322018.05 2500.00001266 4500.0
1512322018.16 2500.00001203 4500.0
1512322018.26 2500.00001143 4500.0
1512322018.36 2500.00001085 4500.0
1512322018.46 2500.00001031 4500.0
1512322018.55 2500.0000098 4500.0
1512322018.66 2500.00000931 4500.0
1512322018.76 2500.00000884 4500.0
1512322018.86 2500.0000084 4500.0
1512322018.96 2500.00000798 4500.0
1512322019.06 2500.00000758 4500.0
1512322019.16 2500.0000072 4500.0
1512322019.26 2500.00000684 4500.0
1512322019.36 2500.0000065 4500.0
1512322019.46 2500.00000617 4500.0
1512322019.56 2500.00000587 4500.0
1512322019.66 2500.00000557 4500.0
1512322019.76 2500.00000529 4500.0
1512322019.86 2500.00000503 4500.0
1512322019.96 2500.00000478 4500.0
1512322020.07 2500.00000454 4500.0
1512322020.17 2500.00000431 4500.0
1512322020.27 2500.0000041 4500.0
1512322020.36 2500.00000389 4500.0
1512322020.46 2500.0000037 4500.0
1512322020.56 2500.00000351 4500.0
1512322020.67 2500.00000334 4500.0
1512322020.76 2500.00000317 4500.0
1512322020.86 2500.00000301 4500.0
1512322020.96 2500.00000286 4500.0
1512322021.06 2500.00000272 4500.0
1512322021.16 2500.00000258 4500.0
1512322021.26 2500.00000245 4500.0
1512322021.36 2500.00000233 4500.0
1512322021.46 2500.00000221 4500.0
1512322021.56 2500.0000021 4500.0
1512322021.66 2500.000002 4500.0
1512322021.76 2500.0000019 4500.0
1512322021.86 2500.0000018 4500.0
1512322021.96 2500.00000171 4500.0
1512322022.07 2500.00000163 4500.0
1512322022.16 2500.00000155 4500.0
1512322022.26 2500.00000147 4500.0
1512322022.37 2500.00000139 4500.0
1512322022.47 2500.00000133 4500.0
1512322022.56 2500.00000126 4500.0
1512322022.66 2500.0000012 4500.0
1512322022.76 2500.00000114 4500.0
1512322022.86 2500.00000108 4500.0
1512322022.97 2500.00000103 4500.0
1512322023.07 2500.00000097 4500.0
1512322023.17 2500.00000093 4500.0
1512322023.27 2500.00000088 4500.0
1512322023.37 2500.00000084 4500.0
1512322023.47 2500.00000079 4500.0
1512322023.57 2500.00000075 4500.0
1512322023.67 2500.00000072 4500.0
1512322023.76 2500.00000068 4500.0
1512322023.87 2500.00000065 4500.0
1512322023.97 2500.00000061 4500.0
1512322024.07 2500.00000058 4500.0
1512322024.17 2500.00000055 4500.0
1512322024.27 2500.00000053 4500.0
1512322024.37 2500.0000005 4500.0
1512322024.47 2500.00000048 4500.0
1512322024.57 2500.00000045 4500.0
1512322024.67 2500.00000043 4500.0
1512322024.77 2500.00000041 4500.0
1512322024.87 2500.00000039 4500.0
1512322024.97 2500.00000037 4500.0
1512322025.08 2500.00000035 4500.0
1512322025.18 2500.00000033 4500.0
1512322025.28 2500.00000032 4500.0
1512322025.37 2500.0000003 4500.0
1512322025.47 2500.00000028 4500.0
1512322025.57 2500.00000027 4500.0
1512322025.67 2500.00000026 4500.0
1512322025.77 2500.00000024 4500.0
1512322025.87 2500.00000023 4500.0
1512322025.97 2500.00000022 4500.0
1512322026.07 2500.00000021 4500.0
1512322026.17 2500.0000002 4500.0
1512322026.27 2500.00000019 4500.0
1512322026.38 2500.00000018 4500.0
1512322026.49 2500.00000017 4500.0
1512322026.58 2500.00000016 4500.0
1512322026.68 2500.00000015 4500.0
1512322026.78 2500.00000015 4500.0
1512322026.88 2500.00000014 4500.0
1512322026.98 2500.00000013 4500.0
1512322027.08 2500.00000013 4500.0
1512322027.19 2500.00000012 4500.0
1512322027.28 2500.00000011 4500.0
1512322027.38 2500.00000011 4500.0
1512322027.48 2500.0000001 4500.0
1512322027.59 2500.0000001 4500.0
1512322027.68 2500.00000009 4500.0
1512322027.78 2500.00000009 4500.0
1512322027.88 2500.00000008 4500.0
1512322027.99 2500.00000008 4500.0
1512322028.08 2500.00000007 4500.0
1512322028.18 2500.00000007 4500.0
1512322028.28 2500.00000007 4500.0
1512322028.37 2500.00000006 4500.0
1512322028.48 2500.00000006 4500.0
1512322028.58 2500.00000006 4500.0
1512322028.68 2500.00000006 4500.0
1512322028.79 2500.00000005 4500.0
1512322028.88 2500.00000005 4500.0
1512322028.98 2500.00000005 4500.0
1512322029.08 2500.00000004 4500.0
1512322029.2 2500.00000004 4500.0
1512322029.29 2500.00000004 4500.0
1512322029.39 2500.00000004 4500.0
1512322029.48 2500.00000004 4500.0
1512322029.59 2500.00000003 4500.0
1512322029.69 2500.00000003 4500.0
1512322029.79 2500.00000003 4500.0
1512322029.89 2500.00000003 4500.0
1512322029.99 2500.00000003 4500.0
1512322030.09 2500.00000003 4500.0
1512322030.19 2500.00000003 4500.0
1512322030.29 2500.00000002 4500.0
1512322030.38 2500.00000002 4500.0
1512322030.49 2500.00000002 4500.0
1512322030.58 2500.00000002 4500.0
1512322030.69 2500.00000002 4500.0
1512322030.79 2500.00000002 4500.0
1512322030.89 2500.00000002 4500.0
1512322030.99 2500.00000002 4500.0
1512322031.09 2500.00000002 4500.0
1512322031.18 2500.00000002 4500.0
1512322031.29 2500.00000001 4500.0
1512322031.39 2500.00000001 4500.0
1512322031.5 2500.00000001 4500.0
1512322031.6 2500.00000001 4500.0
1512322031.69 2500.00000001 4500.0
1512322031.8 2500.00000001 4500.0
1512322031.89 2500.00000001 4500.0
1512322032.0 2500.00000001 4500.0
1512322032.1 2500.00000001 4500.0
1512322032.19 2500.00000001 4500.0
1512322032.3 2500.00000001 4500.0
1512322032.4 2500.00000001 4500.0
1512322032.5 2500.00000001 4500.0
1512322032.66 2500.00000001 4500.0
1512322032.72 2500.00000001 4500.0
1512322032.82 2500.00000001 4500.0
1512322032.93 2500.00000001 4500.0
1512322033.03 2500.00000001 4500.0
1512322033.13 2500.00000001 4500.0
1512322033.23 2500.00000001 4500.0
1512322033.33 2500.00000001 4500.0
1512322033.43 2500.0 4500.0
1512322033.53 2500.0 4500.0
1512322033.69 2500.0 4500.0
1512322033.76 2500.0 4500.0
1512322033.86 2500.0 4500.0
1512322033.97 2500.0 4500.0
1512322034.07 2500.0 4500.0
1512322034.15 2500.0 4500.0
1512322034.26 2500.0 4500.0
1512322034.36 2500.0 4500.0
1512322034.46 2500.0 4500.0
1512322034.56 2500.0 4500.0
1512322034.67 2500.0 4500.0
1512322034.76 2500.0 4500.0
1512322034.86 2500.0 4500.0
1512322034.97 2500.0 4500.0
1512322035.07 2500.0 4500.0
1512322035.17 2500.0 4500.0
1512322035.26 2500.0 4500.0
1512322035.37 2500.0 4500.0
1512322035.46 2500.0 4500.0
1512322035.56 2500.0 4500.0
1512322035.67 2500.0 4500.0
1512322035.77 2500.0 4500.0
1512322035.86 2500.0 4500.0
1512322035.96 2500.0 4500.0
1512322036.07 2500.0 4500.0
1512322036.17 2500.0 4500.0
1512322036.27 2500.0 4500.0
1512322036.37 2500.0 4500.0
1512322036.47 2500.0 4500.0
1512322036.56 2500.0 4500.0
1512322036.72 2500.0 4500.0
1512322036.78 2500.0 4500.0
1512322036.87 2500.0 4500.0
1512322037.06 2500.0 4500.0
1512322037.12 2500.0 4500.0
1512322037.22 2500.0 4500.0
1512322037.33 2500.0 4500.0
1512322037.43 2500.0 4500.0
1512322037.53 2500.0 4500.0
1512322037.69 2500.0 4500.0
1512322037.76 2500.0 4500.0
1512322037.86 2500.0 4500.0
1512322037.96 2500.0 4500.0
1512322038.05 2500.0 4500.0
1512322038.17 2500.0 4500.0
1512322038.26 2500.0 4500.0
1512322038.36 2500.0 4500.0
1512322038.54 2500.0 4500.0
1512322038.6 2500.0 4500.0
1512322038.7 2500.0 4500.0
1512322038.79 2500.0 4500.0
1512322038.9 2500.0 4500.0
1512322039.01 2500.0 4500.0
1512322039.11 2500.0 4500.0
1512322039.21 2500.0 4500.0
1512322039.31 2500.0 4500.0
1512322039.41 2500.0 4500.0
1512322039.56 2500.0 4500.0
1512322039.63 2500.0 4500.0
1512322039.73 2500.0 4500.0
1512322039.84 2500.0 4500.0
1512322039.94 2500.0 4500.0
1512322040.04 2500.0 4500.0
1512322040.14 2500.0 4500.0
1512322040.23 2500.0 4500.0
1512322040.34 2500.0 4500.0
1512322040.44 2500.0 4500.0
1512322040.53 2500.0 4500.0
1512322040.63 2500.0 4500.0
1512322040.73 2500.0 4500.0
1512322040.83 2500.0 4500.0
1512322040.99 2500.0 4500.0
1512322041.06 2500.0 4500.0
1512322041.15 2500.0 4500.0
1512322041.26 2500.0 4500.0
1512322041.44 2500.0 4500.0
1512322041.51 2500.0 4500.0
1512322041.61 2500.0 4500.0
1512322041.71 2500.0 4500.0
1512322041.82 2500.0 4500.0
1512322041.91 2500.0 4500.0
1512322042.01 2500.0 4500.0
1512322042.1 2500.0 4500.0
1512322042.2 2500.0 4500.0
1512322042.31 2500.0 4500.0
1512322042.45 2500.0 4500.0
1512322042.52 2500.0 4500.0
1512322042.61 2500.0 4500.0
1512322042.71 2500.0 4500.0
1512322042.82 2500.0 4500.0
1512322042.92 2500.0 4500.0
1512322043.02 2500.0 4500.0
1512322043.12 2500.0 4500.0
1512322043.22 2500.0 4500.0
1512322043.32 2500.0 4500.0
1512322043.48 2500.0 4500.0
1512322043.53 2500.0 4500.0
1512322043.64 2500.0 4500.0
1512322043.73 2500.0 4500.0
1512322043.85 2500.0 4500.0
1512322043.95 2500.0 4500.0
1512322044.06 2500.0 4500.0
1512322044.14 2500.0 4500.0
1512322044.24 2500.0 4500.0
1512322044.42 2500.0 4500.0
1512322044.48 2500.0 4500.0
1512322044.56 2500.0 4500.0
1512322044.68 2500.0 4500.0
1512322044.8 2500.0 4500.0
1512322044.88 2500.0 4500.0
1512322044.99 2500.0 4500.0
1512322045.08 2500.0 4500.0
1512322045.16 2500.0 4500.0
1512322045.27 2500.0 4500.0
1512322045.37 2500.0 4500.0
1512322045.48 2500.0 4500.0
1512322045.58 2500.0 4500.0
1512322045.67 2500.0 4500.0
1512322045.77 2500.0 4500.0
1512322045.87 2500.0 4500.0
1512322045.97 2500.0 4500.0
1512322046.08 2500.0 4500.0
1512322046.17 2500.0 4500.0
1512322046.28 2500.0 4500.0
1512322046.37 2500.0 4500.0
1512322046.47 2500.0 4500.0
1512322046.58 2500.0 4500.0
1512322046.68 2500.0 4500.0
1512322046.78 2500.0 4500.0
1512322046.88 2500.0 4500.0
1512322046.98 2500.0 4500.0
1512322047.15 2500.0 4500.0
1512322047.21 2500.0 4500.0
1512322047.32 2500.0 4500.0
1512322047.41 2500.0 4500.0
1512322047.51 2500.0 4500.0
1512322047.61 2500.0 4500.0
1512322047.71 2500.0 4500.0
1512322047.81 2500.0 4500.0
1512322047.91 2500.0 4500.0
1512322048.01 2500.0 4500.0
1512322048.1 2500.0 4500.0
1512322048.21 2500.0 4500.0
1512322048.37 2500.0 4500.0
1512322048.43 2500.0 4500.0
1512322048.53 2500.0 4500.0
1512322048.63 2500.0 4500.0
1512322048.73 2500.0 4500.0
1512322048.82 2500.0 4500.0
1512322048.93 2500.0 4500.0
1512322049.03 2500.0 4500.0
1512322049.13 2500.0 4500.0
1512322049.22 2500.0 4500.0
1512322049.33 2500.0 4500.0
1512322049.44 2500.0 4500.0
1512322049.53 2500.0 4500.0
1512322049.63 2500.0 4500.0
1512322049.73 2500.0 4500.0
1512322049.84 2500.0 4500.0
1512322049.94 2500.0 4500.0
1512322050.04 2500.0 4500.0
1512322050.14 2500.0 4500.0
1512322050.24 2500.0 4500.0
1512322050.33 2500.0 4500.0
1512322050.44 2500.0 4500.0
1512322050.53 2500.0 4500.0
1512322050.64 2500.0 4500.0
1512322050.82 2500.0 4500.0
1512322050.88 2500.0 4500.0
1512322051.05 2500.0 4500.0
1512322051.11 2500.0 4500.0
1512322051.21 2500.0 4500.0
1512322051.31 2500.0 4500.0
1512322051.41 2500.0 4500.0
1512322051.5 2500.0 4500.0
1512322051.61 2500.0 4500.0
1512322051.71 2500.0 4500.0
1512322051.81 2500.0 4500.0
1512322051.91 2500.0 4500.0
1512322052.01 2500.0 4500.0
1512322052.19 2500.0 4500.0
1512322052.25 2500.0 4500.0
1512322052.35 2500.0 4500.0
1512322052.44 2500.0 4500.0
1512322052.55 2500.0 4500.0
1512322052.65 2500.0 4500.0
1512322052.75 2500.0 4500.0
1512322052.86 2500.0 4500.0
1512322052.95 2500.0 4500.0
1512322053.05 2500.0 4500.0
1512322053.15 2500.0 4500.0
1512322053.25 2500.0 4500.0
1512322053.35 2500.0 4500.0
1512322053.45 2500.0 4500.0
1512322053.55 2500.0 4500.0
1512322053.65 2500.0 4500.0
1512322053.82 2500.0 4500.0
1512322053.88 2500.0 4500.0
1512322053.98 2500.0 4500.0
1512322054.08 2500.0 4500.0
1512322054.19 2500.0 4500.0
1512322054.28 2500.0 4500.0
1512322054.38 2500.0 4500.0
1512322054.48 2500.0 4500.0
1512322054.58 2500.0 4500.0
1512322054.68 2500.0 4500.0
1512322054.78 2500.0 4500.0
1512322054.89 2500.0 4500.0
1512322054.98 2500.0 4500.0
1512322055.08 2500.0 4500.0
1512322055.25 2500.0 4500.0
1512322055.32 2500.0 4500.0
1512322055.41 2500.0 4500.0
1512322055.51 2500.0 4500.0
1512322055.7 2500.0 4500.0
1512322055.77 2500.0 4500.0
1512322055.86 2500.0 4500.0
1512322055.97 2500.0 4500.0
1512322056.07 2500.0 4500.0
1512322056.21 2500.0 4500.0
1512322056.28 2500.0 4500.0
1512322056.37 2500.0 4500.0
1512322056.55 2500.0 4500.0
1512322056.62 2500.0 4500.0
1512322056.7 2500.0 4500.0
1512322056.81 2500.0 4500.0
1512322056.91 2500.0 4500.0
1512322057.01 2500.0 4500.0
1512322057.11 2500.0 4500.0
1512322057.21 2500.0 4500.0
1512322057.31 2500.0 4500.0
1512322057.41 2500.0 4500.0
1512322057.56 2500.0 4500.0
1512322057.61 2500.0 4500.0
1512322057.71 2500.0 4500.0
1512322057.81 2500.0 4500.0
1512322057.91 2500.0 4500.0
1512322058.01 2500.0 4500.0
1512322058.11 2500.0 4500.0
1512322058.21 2500.0 4500.0
1512322058.31 2500.0 4500.0
1512322058.41 2500.0 4500.0
1512322058.5 2500.0 4500.0
1512322058.61 2500.0 4500.0
1512322058.7 2500.0 4500.0
1512322058.81 2500.0 4500.0
1512322058.92 2500.0 4500.0
1512322059.02 2500.0 4500.0
1512322059.11 2500.0 4500.0
1512322059.21 2500.0 4500.0
1512322059.31 2500.0 4500.0
1512322059.41 2500.0 4500.0
1512322059.51 2500.0 4500.0
1512322059.61 2500.0 4500.0
1512322059.71 2500.0 4500.0
1512322059.81 2500.0 4500.0
1512322059.91 2500.0 4500.0
1512322060.01 2500.0 4500.0
1512322060.16 2500.0 4500.0
1512322060.21 2500.0 4500.0
1512322060.31 2500.0 4500.0
1512322060.41 2500.0 4500.0
1512322060.52 2500.0 4500.0
1512322060.62 2500.0 4500.0
1512322060.71 2500.0 4500.0
1512322060.81 2500.0 4500.0
1512322060.92 2500.0 4500.0
1512322061.01 2500.0 4500.0
1512322061.11 2500.0 4500.0
1512322061.21 2500.0 4500.0
1512322061.32 2500.0 4500.0
1512322061.41 2500.0 4500.0
1512322061.51 2500.0 4500.0
1512322061.61 2500.0 4500.0
1512322061.71 2500.0 4500.0
1512322061.81 2500.0 4500.0
1512322061.91 2500.0 4500.0
1512322062.01 2500.0 4500.0
1512322062.11 2500.0 4500.0
1512322062.21 2500.0 4500.0
1512322062.31 2500.0 4500.0
1512322062.41 2500.0 4500.0
1512322062.51 2500.0 4500.0
1512322062.61 2500.0 4500.0
1512322062.71 2500.0 4500.0
1512322062.81 2500.0 4500.0
1512322062.91 2500.0 4500.0
1512322063.01 2500.0 4500.0
1512322063.11 2500.0 4500.0
1512322063.21 2500.0 4500.0
1512322063.32 2500.0 4500.0
1512322063.41 2500.0 4500.0
1512322063.51 2500.0 4500.0
1512322063.61 2500.0 4500.0
1512322063.72 2500.0 4500.0
1512322063.81 2500.0 4500.0
1512322063.91 2500.0 4500.0
1512322064.01 2500.0 4500.0
1512322064.11 2500.0 4500.0
1512322064.21 2500.0 4500.0
1512322064.31 2500.0 4500.0
1512322064.41 2500.0 4500.0
1512322064.51 2500.0 4500.0
1512322064.61 2500.0 4500.0
1512322064.71 2500.0 4500.0
1512322064.81 2500.0 4500.0
1512322064.92 2500.0 4500.0
1512322065.01 2500.0 4500.0
1512322065.12 2500.0 4500.0
1512322065.21 2500.0 4500.0
1512322065.31 2500.0 4500.0
1512322065.41 2500.0 4500.0
1512322065.51 2500.0 4500.0
1512322065.62 2500.0 4500.0
1512322065.71 2500.0 4500.0
1512322065.81 2500.0 4500.0
1512322065.91 2500.0 4500.0
1512322066.01 2500.0 4500.0
1512322066.11 2500.0 4500.0
1512322066.22 2500.0 4500.0
1512322066.32 2500.0 4500.0
1512322066.42 2500.0 4500.0
1512322066.52 2500.0 4500.0
1512322066.61 2500.0 4500.0
1512322066.72 2500.0 4500.0
1512322066.82 2500.0 4500.0
1512322066.92 2500.0 4500.0
1512322067.01 2500.0 4500.0
1512322067.12 2500.0 4500.0
1512322067.21 2500.0 4500.0
1512322067.32 2500.0 4500.0
1512322067.41 2500.0 4500.0
1512322067.51 2500.0 4500.0
1512322067.61 2500.0 4500.0
1512322067.71 2500.0 4500.0
1512322067.81 2500.0 4500.0
1512322067.92 2500.0 4500.0
1512322068.01 2500.0 4500.0
1512322068.12 2500.0 4500.0
1512322068.22 2500.0 4500.0
1512322068.32 2500.0 4500.0
1512322068.42 2500.0 4500.0
1512322068.52 2500.0 4500.0
1512322068.62 2500.0 4500.0
1512322068.72 2500.0 4500.0
1512322068.82 2500.0 4500.0
1512322068.92 2500.0 4500.0
1512322069.02 2500.0 4500.0
1512322069.12 2500.0 4500.0
1512322069.22 2500.0 4500.0
1512322069.32 2500.0 4500.0
1512322069.42 2500.0 4500.0
1512322069.52 2500.0 4500.0
1512322069.62 2500.0 4500.0
1512322069.72 2500.0 4500.0
1512322069.82 2500.0 4500.0
1512322069.92 2500.0 4500.0
1512322070.02 2500.0 4500.0
1512322070.12 2500.0 4500.0
1512322070.22 2500.0 4500.0
1512322070.32 2500.0 4500.0
1512322070.42 2500.0 4500.0
1512322070.52 2500.0 4500.0
1512322070.62 2500.0 4500.0
1512322070.73 2500.0 4500.0
1512322070.83 2500.0 4500.0
1512322070.92 2500.0 4500.0
1512322071.03 2500.0 4500.0
1512322071.12 2500.0 4500.0
1512322071.22 2500.0 4500.0
1512322071.33 2500.0 4500.0
1512322071.43 2500.0 4500.0
1512322071.54 2500.0 4500.0
1512322071.63 2500.0 4500.0
1512322071.73 2500.0 4500.0
1512322071.83 2500.0 4500.0
1512322071.93 2500.0 4500.0
1512322072.03 2500.0 4500.0
1512322072.13 2500.0 4500.0
1512322072.24 2500.0 4500.0
1512322072.33 2500.0 4500.0
1512322072.42 2500.0 4500.0
1512322072.53 2500.0 4500.0
1512322072.63 2500.0 4500.0
1512322072.73 2500.0 4500.0
1512322072.83 2500.0 4500.0
1512322072.93 2500.0 4500.0
1512322073.03 2500.0 4500.0
1512322073.12 2500.0 4500.0
1512322073.22 2500.0 4500.0
1512322073.33 2500.0 4500.0
1512322073.43 2500.0 4500.0
1512322073.53 2500.0 4500.0
1512322073.63 2500.0 4500.0
1512322073.73 2500.0 4500.0
1512322073.83 2500.0 4500.0
1512322073.93 2500.0 4500.0
1512322074.03 2500.0 4500.0
1512322074.13 2500.0 4500.0
1512322074.24 2500.0 4500.0
1512322074.33 2500.0 4500.0
1512322074.44 2500.0 4500.0
1512322074.53 2500.0 4500.0
1512322074.63 2500.0 4500.0
1512322074.73 2500.0 4500.0
1512322074.83 2500.0 4500.0
1512322074.93 2500.0 4500.0
1512322075.04 2500.0 4500.0
1512322075.13 2500.0 4500.0
1512322075.24 2500.0 4500.0
1512322075.35 2500.0 4500.0
1512322075.43 2500.0 4500.0
1512322075.54 2500.0 4500.0
1512322075.63 2500.0 4500.0
1512322075.73 2500.0 4500.0
1512322075.83 2500.0 4500.0
1512322075.93 2500.0 4500.0
1512322076.04 2500.0 4500.0
1512322076.14 2500.0 4500.0
1512322076.24 2500.0 4500.0
1512322076.34 2500.0 4500.0
1512322076.44 2500.0 4500.0
1512322076.54 2500.0 4500.0
1512322076.64 2500.0 4500.0
1512322076.75 2500.0 4500.0
1512322076.84 2500.0 4500.0
1512322076.94 2500.0 4500.0
1512322077.04 2500.0 4500.0
1512322077.14 2500.0 4500.0
1512322077.24 2500.0 4500.0
1512322077.36 2500.0 4500.0
1512322077.44 2500.0 4500.0
1512322077.54 2500.0 4500.0
1512322077.64 2500.0 4500.0
1512322077.74 2500.0 4500.0
1512322077.84 2500.0 4500.0
1512322077.94 2500.0 4500.0
1512322078.04 2500.0 4500.0
1512322078.14 2500.0 4500.0
1512322078.24 2500.0 4500.0
1512322078.34 2500.0 4500.0
1512322078.44 2500.0 4500.0
1512322078.55 2500.0 4500.0
1512322078.64 2500.0 4500.0
1512322078.74 2500.0 4500.0
1512322078.85 2500.0 4500.0
1512322078.95 2500.0 4500.0
1512322079.04 2500.0 4500.0
1512322079.15 2500.0 4500.0
1512322079.25 2500.0 4500.0
1512322079.34 2500.0 4500.0
1512322079.44 2500.0 4500.0
1512322079.55 2500.0 4500.0
1512322079.65 2500.0 4500.0
1512322079.75 2500.0 4500.0
1512322079.84 2500.0 4500.0
1512322079.96 2500.0 4500.0
1512322080.05 2500.0 4500.0
1512322080.15 2500.0 4500.0
1512322080.25 2500.0 4500.0
1512322080.34 2500.0 4500.0
1512322080.45 2500.0 4500.0
1512322080.54 2500.0 4500.0
1512322080.65 2500.0 4500.0
1512322080.75 2500.0 4500.0
1512322080.85 2500.0 4500.0
1512322080.95 2500.0 4500.0
1512322081.04 2500.0 4500.0
1512322081.15 2500.0 4500.0
1512322081.24 2500.0 4500.0
1512322081.35 2500.0 4500.0
1512322081.45 2500.0 4500.0
1512322081.54 2500.0 4500.0
1512322081.65 2500.0 4500.0
1512322081.75 2500.0 4500.0
1512322081.86 2500.0 4500.0
1512322081.95 2500.0 4500.0
1512322082.05 2500.0 4500.0
1512322082.15 2500.0 4500.0
1512322082.33 2500.0 4500.0
1512322082.38 2500.0 4500.0
1512322082.48 2500.0 4500.0
1512322082.58 2500.0 