1512283079.22 0 0
1512283079.29 0 0
1512283079.41 0 0
1512283079.48 0 0
1512283079.6 0 0
1512283079.69 0 0
1512283079.8 0 0
1512283079.9 0 0
1512283079.99 0 0
1512283080.09 0 0
1512283080.2 0 0
1512283080.29 0 0
1512283080.39 0 0
1512283080.49 0 0
1512283080.6 0 0
1512283080.69 0 0
1512283080.8 0 0
1512283080.89 0 0
1512283080.99 0 0
1512283081.1 0 0
1512283081.2 0 0
1512283081.29 0 0
1512283081.39 0 0
1512283081.49 0 0
1512283081.59 0 0
1512283081.69 0 0
1512283081.79 0 0
1512283081.89 0 0
1512283081.99 0 0
1512283082.09 0 0
1512283082.19 0 0
1512283082.29 0 0
1512283082.4 0 0
1512283082.49 0 0
1512283082.59 0 0
1512283082.69 0 0
1512283082.79 0 0
1512283082.89 0 0
1512283082.99 0 0
1512283083.09 0 0
1512283083.19 0 0
1512283083.29 0 0
1512283083.39 0 0
1512283083.49 0 0
1512283083.61 0 0
1512283083.69 0 0
1512283083.79 0 0
1512283083.89 0 0
1512283083.99 0 0
1512283084.09 0 0
1512283084.19 0 0
1512283084.29 0 0
1512283084.39 0 0
1512283084.49 0 0
1512283084.59 0 0
1512283084.69 0 0
1512283084.79 0 0
1512283084.89 0 0
1512283084.99 0 0
1512283085.09 0 0
1512283085.19 0 0
1512283085.29 0 0
1512283085.39 0 0
1512283085.49 0 0
1512283085.59 0 0
1512283085.69 0 0
1512283085.79 0 0
1512283085.89 0 0
1512283085.99 0 0
1512283086.12 0 0
1512283086.22 0 0
1512283086.31 0 0
1512283086.42 0 0
1512283086.52 0 0
1512283086.62 0 0
1512283086.72 0 0
1512283086.82 0 0
1512283086.92 0 0
1512283087.03 0 0
1512283087.15 0 0
1512283087.25 0 0
1512283087.37 0 0
1512283087.49 0 0
1512283087.59 0 0
1512283087.69 0 0
1512283087.79 0 0
1512283087.91 0 0
1512283088.02 0 0
1512283088.11 0 0
1512283088.21 0 0
1512283088.31 0 0
1512283088.41 0 0
1512283088.51 0 0
1512283088.61 0 0
1512283088.71 0 0
1512283088.81 0 0
1512283088.92 0 0
1512283089.01 0 0
1512283089.12 0 0
1512283089.22 0 0
1512283089.34 0 0
1512283089.48 0 0
1512283089.58 0 0
1512283089.68 0 0
1512283089.78 0 0
1512283089.88 0 0
1512283089.98 0 0
1512283090.08 0 0
1512283090.18 0 0
1512283090.28 0 0
1512283090.38 0 0
1512283090.48 0 0
1512283090.58 0 0
1512283090.68 0 0
1512283090.78 0 0
1512283090.88 0 0
1512283090.98 0 0
1512283091.08 0 0
1512283091.18 0 0
1512283091.28 0 0
1512283091.38 0 0
1512283091.48 0 0
1512283091.58 0 0
1512283091.68 0 0
1512283091.78 0 0
1512283091.88 0 0
1512283091.98 0 0
1512283092.08 0 0
1512283092.18 0 0
1512283092.28 0 0
1512283092.38 0 0
1512283092.48 0 0
1512283092.58 0 0
1512283092.68 0 0
1512283092.8 0 0
1512283092.93 0 0
1512283093.03 0 0
1512283093.13 0 0
1512283093.23 0 0
1512283093.33 0 0
1512283093.43 0 0
1512283093.53 0 0
1512283093.63 0 0
1512283093.73 0 0
1512283093.85 0 0
1512283093.99 0 0
1512283094.09 0 0
1512283094.2 0 0
1512283094.32 0 0
1512283094.42 0 0
1512283094.52 0 0
1512283094.62 0 0
1512283094.74 0 0
1512283094.86 0 0
1512283094.96 0 0
1512283095.06 0 0
1512283095.18 0 0
1512283095.28 0 0
1512283095.38 0 0
1512283095.48 0 0
1512283095.58 0 0
1512283095.68 0 0
1512283095.78 0 0
1512283095.88 0 0
1512283095.98 0 0
1512283096.08 0 0
1512283096.18 0 0
1512283096.28 0 0
1512283096.38 0 0
1512283096.49 0 0
1512283096.58 0 0
1512283096.68 0 0
1512283096.78 0 0
1512283096.88 0 0
1512283096.98 0 0
1512283097.08 0 0
1512283097.18 0 0
1512283097.28 0 0
1512283097.38 0 0
1512283097.48 0 0
1512283097.58 0 0
1512283097.68 0 0
1512283097.79 0 0
1512283097.88 0 0
1512283097.99 0 0
1512283098.08 0 0
1512283098.18 0 0
1512283098.29 0 0
1512283098.39 0 0
1512283098.5 0 0
1512283098.61 0 0
1512283098.71 0 0
1512283098.81 0 0
1512283098.91 0 0
1512283099.01 0 0
1512283099.11 0 0
1512283099.21 0 0
1512283099.31 0 0
1512283099.41 0 0
1512283099.51 0 0
1512283099.61 0 0
1512283099.71 0 0
1512283099.81 0 0
1512283099.91 0 0
1512283100.01 0 0
1512283100.11 0 0
1512283100.21 0 0
1512283100.31 0 0
1512283100.42 0 0
1512283100.51 0 0
1512283100.61 0 0
1512283100.71 0 0
1512283100.81 0 0
1512283100.91 0 0
1512283101.01 0 0
1512283101.12 0 0
1512283101.21 0 0
1512283101.31 0 0
1512283101.41 0 0
1512283101.51 0 0
1512283101.61 0 0
1512283101.72 0 0
1512283101.81 0 0
1512283101.92 0 0
1512283102.02 0 0
1512283102.12 0 0
1512283102.22 0 0
1512283102.32 0 0
1512283102.42 0 0
1512283102.52 0 0
1512283102.62 0 0
1512283102.72 0 0
1512283102.82 0 0
1512283102.92 0 0
1512283103.02 0 0
1512283103.12 0 0
1512283103.22 0 0
1512283103.32 0 0
1512283103.42 0 0
1512283103.53 0 0
1512283103.62 0 0
1512283103.72 0 0
1512283103.82 0 0
1512283103.92 0 0
1512283104.02 0 0
1512283104.12 0 0
1512283104.22 0 0
1512283104.32 0 0
1512283104.42 0 0
1512283104.52 0 0
1512283104.62 0 0
1512283104.72 0 0
1512283104.82 0 0
1512283104.92 0 0
1512283105.02 0 0
1512283105.12 0 0
1512283105.22 0 0
1512283105.32 0 0
1512283105.42 0 0
1512283105.52 0 0
1512283105.62 0 0
1512283105.72 0 0
1512283105.82 0 0
1512283105.92 0 0
1512283106.02 0 0
1512283106.12 0 0
1512283106.22 0 0
1512283106.32 0 0
1512283106.42 0 0
1512283106.53 0 0
1512283106.64 0 0
1512283106.73 0 0
1512283106.83 0 0
1512283106.93 0 0
1512283107.05 0 0
1512283107.17 0 0
1512283107.27 0 0
1512283107.36 0 0
1512283107.47 0 0
1512283107.57 0 0
1512283107.66 0 0
1512283107.77 0 0
1512283107.87 0 0
1512283107.97 0 0
1512283108.07 0 0
1512283108.17 0 0
1512283108.27 0 0
1512283108.37 0 0
1512283108.48 0 0
1512283108.61 0 0
1512283108.71 0 0
1512283108.81 0 0
1512283108.91 0 0
1512283109.01 0 0
1512283109.11 0 0
1512283109.21 0 0
1512283109.31 0 0
1512283109.41 0 0
1512283109.51 0 0
1512283109.61 0 0
1512283109.71 0 0
1512283109.81 0 0
1512283109.91 0 0
1512283110.01 0 0
1512283110.11 0 0
1512283110.23 0 0
1512283110.34 0 0
1512283110.44 0 0
1512283110.54 0 0
1512283110.64 0 0
1512283110.74 0 0
1512283110.84 0 0
1512283110.94 0 0
1512283111.04 0 0
1512283111.14 0 0
1512283111.24 0 0
1512283111.34 0 0
1512283111.44 0 0
1512283111.54 0 0
1512283111.64 0 0
1512283111.74 0 0
1512283111.84 0 0
1512283111.94 0 0
1512283112.05 0 0
1512283112.15 0 0
1512283112.24 0 0
1512283112.35 0 0
1512283112.45 0 0
1512283112.55 0 0
1512283112.64 0 0
1512283112.75 0 0
1512283112.85 0 0
1512283112.95 0 0
1512283113.05 0 0
1512283113.15 0 0
1512283113.25 0 0
1512283113.35 0 0
1512283113.45 0 0
1512283113.55 0 0
1512283113.65 0 0
1512283113.76 0 0
1512283113.87 0 0
1512283113.97 0 0
1512283114.07 0 0
1512283114.17 0 0
1512283114.27 0 0
1512283114.37 0 0
1512283114.47 0 0
1512283114.57 0 0
1512283114.67 0 0
1512283114.77 0 0
1512283114.87 0 0
1512283114.97 0 0
1512283115.07 0 0
1512283115.17 0 0
1512283115.27 0 0
1512283115.37 0 0
1512283115.47 0 0
1512283115.59 0 0
1512283115.69 0 0
1512283115.79 0 0
1512283115.91 0 0
1512283116.03 0 0
1512283116.13 0 0
1512283116.23 0 0
1512283116.33 0 0
1512283116.43 0 0
1512283116.53 0 0
1512283116.63 0 0
1512283116.75 0 0
1512283116.87 0 0
1512283116.97 0 0
1512283117.07 0 0
1512283117.17 0 0
1512283117.27 0 0
1512283117.4 0 0
1512283117.5 0 0
1512283117.6 0 0
1512283117.7 0 0
1512283117.8 0 0
1512283117.89 0 0
1512283118.01 0 0
1512283118.12 0 0
1512283118.22 0 0
1512283118.32 0 0
1512283118.42 0 0
1512283118.52 0 0
1512283118.62 0 0
1512283118.72 0 0
1512283118.82 0 0
1512283118.92 0 0
1512283119.02 0 0
1512283119.14 0 0
1512283119.26 0 0
1512283119.36 0 0
1512283119.46 0 0
1512283119.56 0 0
1512283119.66 0 0
1512283119.76 0 0
1512283119.86 0 0
1512283119.96 0 0
1512283120.06 0 0
1512283120.16 0 0
1512283120.26 0 0
1512283120.36 0 0
1512283120.46 0 0
1512283120.56 0 0
1512283120.66 0 0
1512283120.76 0 0
1512283120.87 0 0
1512283120.96 0 0
1512283121.06 0 0
1512283121.16 0 0
1512283121.26 0 0
1512283121.36 0 0
1512283121.46 0 0
1512283121.56 0 0
1512283121.66 0 0
1512283121.76 0 0
1512283121.88 0 0
1512283122.0 0 0
1512283122.09 0 0
1512283122.2 0 0
1512283122.3 0 0
1512283122.4 0 0
1512283122.5 0 0
1512283122.6 0 0
1512283122.7 0 0
1512283122.8 0 0
1512283122.9 0 0
1512283123.0 0 0
1512283123.1 0 0
1512283123.2 0 0
1512283123.32 0 0
1512283123.42 0 0
1512283123.52 0 0
1512283123.62 0 0
1512283123.72 0 0
1512283123.82 0 0
1512283123.92 0 0
1512283124.02 0 0
1512283124.12 0 0
1512283124.22 0 0
1512283124.32 0 0
1512283124.42 0 0
1512283124.52 0 0
1512283124.62 0 0
1512283124.72 0 0
1512283124.82 0 0
1512283124.92 0 0
1512283125.02 0 0
1512283125.12 0 0
1512283125.22 0 0
1512283125.33 0 0
1512283125.43 0 0
1512283125.52 0 0
1512283125.62 0 0
1512283125.72 0 0
1512283125.82 0 0
1512283125.92 0 0
1512283126.02 0 0
1512283126.12 0 0
1512283126.22 0 0
1512283126.33 0 0
1512283126.42 0 0
1512283126.52 0 0
1512283126.63 0 0
1512283126.73 0 0
1512283126.82 0 0
1512283126.92 0 0
1512283127.03 0 0
1512283127.13 0 0
1512283127.23 0 0
1512283127.33 0 0
1512283127.43 0 0
1512283127.53 0 0
1512283127.63 0 0
1512283127.73 0 0
1512283127.83 0 0
1512283127.93 0 0
1512283128.03 0 0
1512283128.13 0 0
1512283128.23 0 0
1512283128.33 0 0
1512283128.43 0 0
1512283128.53 0 0
1512283128.65 0 0
1512283128.77 0 0
1512283128.87 0 0
1512283128.97 0 0
1512283129.07 0 0
1512283129.17 0 0
1512283129.29 0 0
1512283129.39 0 0
1512283129.49 0 0
1512283129.59 0 0
1512283129.69 0 0
1512283129.79 0 0
1512283129.89 0 0
1512283129.99 0 1514
1512283130.1 0 0
1512283130.19 0 0
1512283130.29 1514 43906
1512283130.4 6056 63588
1512283130.5 0 65102
1512283130.6 0 27252
1512283130.7 0 60560
1512283130.8 4542 63588
1512283130.9 9084 62074
1512283131.0 15140 62074
1512283131.1 18168 63588
1512283131.2 24224 63588
1512283131.3 28766 62074
1512283131.4 34000 62074
1512283131.5 39364 63588
1512283131.6 40878 62074
1512283131.7 39364 63588
1512283131.8 39364 63588
1512283131.91 37850 65102
1512283132.0 37850 59046
1512283132.1 36336 60560
1512283132.2 37850 63588
1512283132.3 34000 62074
1512283132.4 34000 62074
1512283132.5 34000 65102
1512283132.6 33308 60560
1512283132.7 34000 62074
1512283132.8 30280 62074
1512283132.9 36336 62074
1512283133.0 36336 62074
1512283133.1 37850 63588
1512283133.2 36336 62074
1512283133.3 36336 62074
1512283133.4 37850 62074
1512283133.51 33308 63588
1512283133.61 34000 63588
1512283133.71 33308 62074
1512283133.8 36336 60560
1512283133.91 36336 63588
1512283134.01 34000 62074
1512283134.11 36336 63588
1512283134.21 33308 63588
1512283134.31 36336 60560
1512283134.41 36336 63588
1512283134.51 34000 65102
1512283134.61 34000 62074
1512283134.71 33308 62074
1512283134.81 36336 62074
1512283134.91 34000 63588
1512283135.01 34000 63588
1512283135.11 22710 63588
1512283135.22 27252 65102
1512283135.31 30280 60560
1512283135.41 22710 62074
1512283135.51 15140 60560
1512283135.62 19682 63588
1512283135.71 19682 62074
1512283135.81 18168 62074
1512283135.91 18168 62074
1512283136.01 19682 63588
1512283136.11 19682 62074
1512283136.22 12112 63588
1512283136.32 1514 63588
1512283136.42 0 60560
1512283136.52 0 62074
1512283136.62 0 62074
1512283136.72 1514 63588
1512283136.82 6056 62074
1512283136.92 10598 63588
1512283137.02 15140 62074
1512283137.12 18168 60560
1512283137.22 21196 62074
1512283137.32 22710 63588
1512283137.42 18168 62074
1512283137.52 9084 63588
1512283137.62 4542 62074
1512283137.72 4542 62074
1512283137.82 0 60560
1512283137.92 0 59046
1512283138.02 1514 60560
1512283138.12 3028 62074
1512283138.22 7570 62074
1512283138.32 10598 63588
1512283138.43 15140 65102
1512283138.53 21196 62074
1512283138.63 25738 63588
1512283138.73 27252 65102
1512283138.83 30280 65102
1512283138.93 28766 59046
1512283139.03 28766 62074
1512283139.13 22710 62074
1512283139.23 15140 63588
1512283139.33 16654 60560
1512283139.43 15140 63588
1512283139.53 16654 63588
1512283139.63 18168 62074
1512283139.73 19682 60560
1512283139.83 21196 63588
1512283139.93 24224 62074
1512283140.03 22710 63588
1512283140.13 15140 63588
1512283140.23 15140 62074
1512283140.33 18168 62074
1512283140.43 19682 63588
1512283140.53 21196 62074
1512283140.63 22710 62074
1512283140.73 21196 62074
1512283140.83 22710 62074
1512283140.93 21196 63588
1512283141.03 19682 62074
1512283141.13 16654 62074
1512283141.23 15140 62074
1512283141.33 15140 63588
1512283141.43 10598 60560
1512283141.53 7570 63588
1512283141.63 7570 62074
1512283141.73 7570 63588
1512283141.83 6056 62074
1512283141.94 6056 62074
1512283142.03 7570 63588
1512283142.13 10598 62074
1512283142.23 13626 62074
1512283142.33 16654 62074
1512283142.43 18168 62074
1512283142.53 15140 63588
1512283142.63 13626 63588
1512283142.73 13626 60560
1512283142.83 10598 63588
1512283142.93 12112 62074
1512283143.03 12112 62074
1512283143.13 13626 62074
1512283143.23 13626 63588
1512283143.33 16654 62074
1512283143.44 18168 63588
1512283143.53 18168 62074
1512283143.64 16654 62074
1512283143.74 15140 63588
1512283143.84 15140 63588
1512283143.94 12112 60560
1512283144.04 7570 63588
1512283144.14 6056 62074
1512283144.24 4542 63588
1512283144.34 4542 60560
1512283144.44 1514 63588
1512283144.54 3028 63588
1512283144.64 4542 62074
1512283144.74 7570 62074
1512283144.84 9084 63588
1512283144.94 12112 62074
1512283145.04 13626 63588
1512283145.14 18168 60560
1512283145.25 19682 66616
1512283145.34 19682 63588
1512283145.44 19682 59046
1512283145.54 12112 63588
1512283145.65 13626 65102
1512283145.74 13626 59046
1512283145.84 12112 62074
1512283145.94 12112 63588
1512283146.04 15140 60560
1512283146.14 13626 63588
1512283146.24 10598 63588
1512283146.34 9084 62074
1512283146.44 6056 60560
1512283146.55 6056 65102
1512283146.65 7570 62074
1512283146.74 7570 62074
1512283146.84 10598 62074
1512283146.95 13626 63588
1512283147.04 15140 60560
1512283147.15 16654 63588
1512283147.25 16654 62074
1512283147.35 15140 65102
1512283147.45 10598 62074
1512283147.55 9084 62074
1512283147.65 9084 62074
1512283147.75 9084 63588
1512283147.85 10598 60560
1512283147.95 12112 62074
1512283148.05 13626 68130
1512283148.15 16654 57532
1512283148.25 16654 63588
1512283148.35 18168 63588
1512283148.45 18168 65102
1512283148.55 15140 59046
1512283148.65 13626 63588
1512283148.75 12112 63588
1512283148.85 10598 60560
1512283148.95 10598 63588
1512283149.05 12112 63588
1512283149.15 13626 63588
1512283149.26 16654 62074
1512283149.35 4542 62074
1512283149.45 0 62074
1512283149.55 0 62074
1512283149.65 0 62074
1512283149.75 1514 62074
1512283149.85 4542 62074
1512283149.95 7570 62074
1512283150.05 10598 63588
1512283150.16 18168 63588
1512283150.26 30280 62074
1512283150.36 33308 62074
1512283150.46 33308 65102
1512283150.56 7570 62074
1512283150.66 0 22710
1512283150.76 0 49962
1512283150.86 0 60560
1512283150.96 0 52990
1512283151.06 0 15140
1512283151.16 0 42392
1512283151.26 0 52990
1512283151.36 0 43906
1512283151.46 0 25738
1512283151.56 0 45420
1512283151.66 0 48448
1512283151.76 0 46934
1512283151.86 0 48448
1512283151.96 0 52990
1512283152.06 0 60560
1512283152.16 0 60560
1512283152.26 1514 65102
1512283152.37 10598 62074
1512283152.47 18168 65102
1512283152.57 12112 62074
1512283152.67 0 45420
1512283152.77 0 51476
1512283152.87 0 52990
1512283152.96 0 59046
1512283153.06 0 60560
1512283153.17 0 65102
1512283153.27 1514 62074
1512283153.37 9084 62074
1512283153.47 13626 66616
1512283153.57 3028 62074
1512283153.67 0 54504
1512283153.77 0 59046
1512283153.87 0 62074
1512283153.98 1514 63588
1512283154.07 7570 62074
1512283154.18 12112 66616
1512283154.28 3028 62074
1512283154.38 0 57532
1512283154.47 0 56018
1512283154.57 0 60560
1512283154.67 3028 62074
1512283154.78 7570 65102
1512283154.88 13626 62074
1512283154.98 10598 62074
1512283155.08 0 46934
1512283155.18 0 49962
1512283155.29 0 57532
1512283155.38 0 57532
1512283155.48 0 60560
1512283155.58 0 63588
1512283155.68 3028 62074
1512283155.79 12112 63588
1512283155.89 12112 66616
1512283155.99 0 59046
1512283156.08 0 51476
1512283156.18 0 59046
1512283156.29 0 63588
1512283156.39 4542 60560
1512283156.49 10598 68130
1512283156.59 10598 57532
1512283156.69 0 62074
1512283156.79 0 51476
1512283156.89 0 54504
1512283156.99 0 62074
1512283157.09 4542 63588
1512283157.19 9084 59046
1512283157.29 10598 66616
1512283157.39 1514 59046
1512283157.49 0 56018
1512283157.59 0 54504
1512283157.69 0 63588
1512283157.8 3028 66616
1512283157.9 7570 60560
1512283158.0 12112 63588
1512283158.1 1514 62074
1512283158.19 0 52990
1512283158.3 0 60560
1512283158.39 0 57532
1512283158.49 3028 66616
1512283158.6 9084 63588
1512283158.7 13626 62074
1512283158.79 4542 60560
1512283158.89 0 48448
1512283159.0 0 57532
1512283159.09 0 54504
1512283159.2 0 69644
1512283159.3 1514 62074
1512283159.39 6056 54504
1512283159.49 10598 62074
1512283159.59 9084 65102
1512283159.69 1514 62074
1512283159.79 0 51476
1512283159.89 0 60560
1512283159.99 1514 56018
1512283160.09 3028 66616
1512283160.19 6056 60560
1512283160.29 10598 62074
1512283160.39 9084 62074
1512283160.49 0 60560
1512283160.59 0 45420
1512283160.69 0 56018
1512283160.79 0 60560
1512283160.89 1514 63588
1512283160.99 6056 62074
1512283161.09 10598 66616
1512283161.2 10598 62074
1512283161.28 1514 56018
1512283161.38 0 45420
1512283161.48 0 56018
1512283161.59 0 60560
1512283161.69 0 66616
1512283161.79 3028 59046
1512283161.88 10598 60560
1512283161.98 15140 62074
1512283162.09 15140 63588
1512283162.18 0 43906
1512283162.29 0 37850
1512283162.38 0 49962
1512283162.48 0 56018
1512283162.59 0 57532
1512283162.69 0 56018
1512283162.79 0 59046
1512283162.89 0 63588
1512283162.99 3028 65102
1512283163.09 12112 62074
1512283163.19 21196 60560
1512283163.29 24224 63588
1512283163.39 0 45420
1512283163.49 0 24224
1512283163.59 0 45420
1512283163.69 0 51476
1512283163.79 0 49962
1512283163.89 0 51476
1512283163.99 0 51476
1512283164.09 0 59046
1512283164.19 0 56018
1512283164.29 0 62074
1512283164.39 7570 62074
1512283164.49 15140 63588
1512283164.59 22710 60560
1512283164.69 0 42392
1512283164.79 0 39364
1512283164.89 0 51476
1512283164.99 0 57532
1512283165.1 0 60560
1512283165.19 0 54504
1512283165.29 0 59046
1512283165.39 1514 63588
1512283165.49 4542 62074
1512283165.59 10598 62074
1512283165.69 13626 65102
1512283165.79 13626 60560
1512283165.89 0 40878
1512283165.99 0 49962
1512283166.09 0 56018
1512283166.19 0 57532
1512283166.29 0 60560
1512283166.4 0 62074
1512283166.5 10598 51476
1512283166.59 15140 59046
1512283166.69 18168 52990
1512283166.79 0 31794
1512283166.89 0 39364
1512283166.99 0 45420
1512283167.09 3028 45420
1512283167.19 9084 45420
1512283167.29 1514 45420
1512283167.4 0 43906
1512283167.49 0 37850
1512283167.59 0 39364
1512283167.7 4542 46934
1512283167.8 0 60560
1512283167.9 0 51476
1512283168.0 13626 43906
1512283168.1 25738 43906
1512283168.19 18168 43906
1512283168.3 0 22710
1512283168.4 0 27252
1512283168.5 0 34822
1512283168.6 0 36336
1512283168.7 0 34822
1512283168.8 0 36336
1512283168.9 0 42392
1512283169.0 4542 43906
1512283169.1 4542 42392
1512283169.2 4542 43906
1512283169.3 0 48448
1512283169.4 0 40878
1512283169.5 1514 45420
1512283169.6 13626 43906
1512283169.7 30280 42392
1512283169.8 27252 42392
1512283169.9 0 27252
1512283170.0 0 15140
1512283170.1 0 28766
1512283170.2 0 31794
1512283170.3 0 30280
1512283170.4 0 36336
1512283170.5 0 39364
1512283170.6 0 39364
1512283170.7 0 36336
1512283170.81 0 42392
1512283170.9 1514 40878
1512283171.0 13626 42392
1512283171.1 28766 42392
1512283171.2 25738 42392
1512283171.3 0 25738
1512283171.4 0 15140
1512283171.51 0 31794
1512283171.6 0 30280
1512283171.71 0 36336
1512283171.81 0 34822
1512283171.9 0 40878
1512283172.01 0 39364
1512283172.11 0 39364
1512283172.21 0 42392
1512283172.31 3028 42392
1512283172.41 15140 42392
1512283172.51 31794 42392
1512283172.61 24224 43906
1512283172.71 0 24224
1512283172.81 0 18168
1512283172.91 0 27252
1512283173.01 0 34822
1512283173.11 0 31794
1512283173.21 0 37850
1512283173.31 0 39364
1512283173.41 0 39364
1512283173.51 0 39364
1512283173.61 0 39364
1512283173.71 3028 42392
1512283173.81 15140 42392
1512283173.91 30280 42392
1512283174.01 25738 40878
1512283174.11 0 25738
1512283174.22 0 15140
1512283174.32 0 30280
1512283174.42 0 31794
1512283174.51 0 31794
1512283174.62 0 36336
1512283174.72 0 39364
1512283174.82 0 39364
1512283174.92 0 36336
1512283175.02 0 42392
1512283175.12 10598 40878
1512283175.22 25738 42392
1512283175.32 25738 42392
1512283175.42 0 28766
1512283175.52 0 18168
1512283175.62 0 30280
1512283175.72 0 33308
1512283175.82 0 36336
1512283175.92 0 33308
1512283176.02 0 39364
1512283176.12 1514 43906
1512283176.23 4542 45420
1512283176.32 0 43906
1512283176.43 0 45420
1512283176.52 10598 40878
1512283176.63 27252 43906
1512283176.73 22710 43906
1512283176.83 0 30280
1512283176.92 0 22710
1512283177.02 0 33308
1512283177.13 0 33308
1512283177.23 0 36336
1512283177.33 0 33308
1512283177.43 0 36336
1512283177.53 0 36336
1512283177.63 1514 43906
1512283177.72 0 52990
1512283177.83 0 52990
1512283177.93 6056 43906
1512283178.03 24224 42392
1512283178.13 33308 43906
1512283178.23 18168 42392
1512283178.33 0 18168
1512283178.43 0 27252
1512283178.53 0 30280
1512283178.63 0 33308
1512283178.73 0 27252
1512283178.83 0 30280
1512283178.93 0 33308
1512283179.03 0 39364
1512283179.13 0 42392
1512283179.24 0 45420
1512283179.33 10598 40878
1512283179.43 24224 40878
1512283179.53 19682 43906
1512283179.64 0 27252
1512283179.74 0 24224
1512283179.83 0 33308
1512283179.94 0 37850
1512283180.04 0 36336
1512283180.14 0 34822
1512283180.24 0 37850
1512283180.34 0 39364
1512283180.44 4542 42392
1512283180.54 3028 56018
1512283180.64 0 52990
1512283180.74 4542 43906
1512283180.84 19682 42392
1512283180.94 28766 43906
1512283181.04 24224 42392
1512283181.14 0 25738
1512283181.24 0 21196
1512283181.34 0 31794
1512283181.44 0 30280
1512283181.54 0 30280
1512283181.64 0 31794
1512283181.74 0 31794
1512283181.84 0 39364
1512283181.94 0 42392
1512283182.04 0 43906
1512283182.14 7570 42392
1512283182.24 22710 42392
1512283182.34 22710 42392
1512283182.44 0 36336
1512283182.54 0 19682
1512283182.64 0 33308
1512283182.74 0 39364
1512283182.84 0 36336
1512283182.94 0 36336
1512283183.05 0 36336
1512283183.15 1514 40878
1512283183.25 4542 42392
1512283183.34 10598 46934
1512283183.46 0 57532
1512283183.55 0 40878
1512283183.65 6056 45420
1512283183.75 21196 39364
1512283183.85 24224 42392
1512283183.94 0 42392
1512283184.04 0 19682
1512283184.15 0 33308
1512283184.24 0 36336
1512283184.34 0 36336
1512283184.45 0 36336
1512283184.55 0 37850
1512283184.65 0 39364
1512283184.75 4542 43906
1512283184.85 9084 46934
1512283184.95 0 59046
1512283185.05 0 42392
1512283185.15 10598 42392
1512283185.25 24224 42392
1512283185.35 21196 43906
1512283185.45 0 34822
1512283185.55 0 22710
1512283185.65 0 34822
1512283185.76 0 37850
1512283185.86 0 34822
1512283185.96 0 34822
1512283186.06 0 37850
1512283186.16 1514 37850
1512283186.26 4542 42392
1512283186.36 4542 49962
1512283186.46 0 54504
1512283186.56 1514 43906
1512283186.66 12112 43906
1512283186.76 27252 42392
1512283186.86 25738 43906
1512283186.96 0 30280
1512283187.06 0 21196
1512283187.16 0 31794
1512283187.26 0 34822
1512283187.36 0 33308
1512283187.46 0 33308
1512283187.56 0 33308
1512283187.66 0 39364
1512283187.76 0 46934
1512283187.86 0 46934
1512283187.96 1514 46934
1512283188.07 15140 43906
1512283188.16 31794 40878
1512283188.27 25738 45420
1512283188.37 0 25738
1512283188.47 0 18168
1512283188.57 0 31794
1512283188.67 0 33308
1512283188.77 0 31794
1512283188.87 0 31794
1512283188.97 0 31794
1512283189.07 0 39364
1512283189.17 0 43906
1512283189.27 0 45420
1512283189.37 4542 42392
1512283189.47 16654 43906
1512283189.57 22710 42392
1512283189.67 19682 42392
1512283189.77 0 28766
1512283189.87 0 22710
1512283189.97 0 33308
1512283190.08 0 34822
1512283190.18 0 34822
1512283190.28 0 36336
1512283190.37 0 31794
1512283190.47 0 43906
1512283190.57 6056 40878
1512283190.67 0 57532
1512283190.77 0 42392
1512283190.87 4542 43906
1512283190.97 18168 43906
1512283191.07 33308 42392
1512283191.17 30280 42392
1512283191.27 0 30280
1512283191.37 0 10598
1512283191.47 0 27252
1512283191.57 0 30280
1512283191.68 0 31794
1512283191.77 0 25738
1512283191.88 0 34822
1512283191.98 0 39364
1512283192.07 0 34822
1512283192.18 0 36336
1512283192.28 3028 45420
1512283192.38 16654 40878
1512283192.48 18168 45420
1512283192.58 4542 40878
1512283192.68 0 25738
1512283192.78 0 34822
1512283192.88 0 34822
1512283192.98 1514 36336
1512283193.09 0 43906
1512283193.18 0 39364
1512283193.28 0 42392
1512283193.39 6056 45420
1512283193.49 13626 46934
1512283193.59 0 59046
1512283193.69 0 36336
1512283193.79 4542 43906
1512283193.89 18168 43906
1512283193.99 24224 42392
1512283194.09 7570 42392
1512283194.19 0 19682
1512283194.29 0 30280
1512283194.39 0 34822
1512283194.49 0 34822
1512283194.59 0 34822
1512283194.69 0 36336
1512283194.79 0 37850
1512283194.89 1514 43906
1512283194.99 0 49962
1512283195.09 0 51476
1512283195.19 6056 45420
1512283195.29 21196 43906
1512283195.39 31794 43906
1512283195.49 19682 42392
1512283195.59 0 22710
1512283195.69 0 24224
1512283195.79 0 30280
1512283195.89 0 33308
1512283196.0 0 33308
1512283196.1 0 30280
1512283196.2 0 33308
1512283196.3 0 39364
1512283196.4 0 43906
1512283196.5 0 45420
1512283196.6 1514 43906
1512283196.7 12112 43906
1512283196.8 28766 43906
1512283196.9 28766 42392
1512283197.0 0 28766
1512283197.1 0 16654
1512283197.2 0 30280
1512283197.3 0 34822
1512283197.4 0 31794
1512283197.5 0 31794
1512283197.6 0 31794
1512283197.7 0 39364
1512283197.81 0 48448
1512283197.9 0 42392
1512283198.01 0 48448
1512283198.1 0 51476
1512283198.2 0 63588
1512283198.3 6056 63588
1512283198.41 19682 62074
1512283198.5 27252 62074
1512283198.58 9084 49962
1512283198.69 0 30280
1512283198.79 0 46934
1512283198.89 0 54504
1512283198.98 0 54504
1512283199.07 0 48448
1512283199.17 0 57532
1512283199.27 0 57532
1512283199.37 0 62074
1512283199.47 0 63588
1512283199.57 7570 63588
1512283199.67 18168 62074
1512283199.77 13626 63588
1512283199.87 0 48448
1512283199.97 0 45420
1512283200.07 0 54504
1512283200.17 0 60560
1512283200.27 0 60560
1512283200.36 0 57532
1512283200.46 1514 63588
1512283200.56 6056 62074
1512283200.66 10598 65102
1512283200.76 16654 60560
1512283200.87 10598 63588
1512283200.96 0 37850
1512283201.06 0 43906
1512283201.16 0 54504
1512283201.27 0 57532
1512283201.37 0 57532
1512283201.47 1514 59046
1512283201.57 1514 62074
1512283201.67 3028 60560
1512283201.77 6056 63588
1512283201.87 7570 63588
1512283201.97 9084 62074
1512283202.07 6056 63588
1512283202.16 0 57532
1512283202.26 0 57532
1512283202.35 0 51476
1512283202.45 0 62074
1512283202.55 4542 59046
1512283202.65 9084 62074
1512283202.75 16654 62074
1512283202.85 15140 63588
1512283202.95 0 46934
1512283203.05 0 37850
1512283203.15 0 46934
1512283203.25 0 56018
1512283203.36 0 59046
1512283203.45 0 52990
1512283203.55 0 57532
1512283203.65 0 65102
1512283203.75 1514 60560
1512283203.85 10598 63588
1512283203.95 19682 63588
1512283204.05 24224 62074
1512283204.15 0 36336
1512283204.25 0 31794
1512283204.35 0 48448
1512283204.46 0 51476
1512283204.56 0 51476
1512283204.65 0 51476
1512283204.75 0 54504
1512283204.85 0 59046
1512283204.95 0 60560
1512283205.06 0 68130
1512283205.16 7570 60560
1512283205.25 18168 57532
1512283205.35 6056 62074
1512283205.45 0 56018
1512283205.55 0 54504
1512283205.65 0 57532
1512283205.75 0 63588
1512283205.85 6056 62074
1512283205.95 10598 63588
1512283206.05 10598 62074
1512283206.15 0 59046
1512283206.25 0 51476
1512283206.35 0 57532
1512283206.46 1514 65102
1512283206.56 3028 60560
1512283206.65 4542 62074
1512283206.75 9084 63588
1512283206.85 9084 57532
1512283206.94 0 59046
1512283207.05 0 54504
1512283207.15 0 57532
1512283207.25 0 63588
1512283207.35 6056 62074
1512283207.45 12112 62074
1512283207.55 9084 63588
1512283207.65 0 59046
1512283207.75 0 51476
1512283207.85 0 57532
1512283207.95 0 60560
1512283208.05 4542 62074
1512283208.15 7570 63588
1512283208.25 12112 62074
1512283208.35 0 62074
1512283208.45 0 52990
1512283208.55 0 59046
1512283208.65 0 62074
1512283208.75 4542 63588
1512283208.85 10598 60560
1512283208.96 12112 69644
1512283209.06 0 57532
1512283209.16 0 48448
1512283209.26 0 54504
1512283209.36 1514 65102
1512283209.46 4542 63588
1512283209.57 6056 63588
1512283209.67 6056 62074
1512283209.77 4542 63588
1512283209.87 0 60560
1512283209.95 0 49962
1512283210.05 0 59046
1512283210.15 4542 66616
1512283210.25 10598 62074
1512283210.34 15140 57532
1512283210.45 9084 66616
1512283210.55 0 40878
1512283210.65 0 51476
1512283210.75 0 51476
1512283210.85 0 60560
1512283210.95 0 57532
1512283211.05 0 60560
1512283211.15 0 63588
1512283211.25 4542 62074
1512283211.35 13626 63588
1512283211.45 16654 62074
1512283211.54 4542 59046
1512283211.63 0 33308
1512283211.74 0 51476
1512283211.83 0 54504
1512283211.93 0 59046
1512283212.04 0 62074
1512283212.13 0 60560
1512283212.23 3028 62074
1512283212.34 9084 65102
1512283212.43 16654 57532
1512283212.52 16654 57532
1512283212.61 0 46934
1512283212.71 0 37850
1512283212.82 0 54504
1512283212.91 1514 51476
1512283213.01 1514 59046
1512283213.11 0 59046
1512283213.21 0 59046
1512283213.31 0 62074
1512283213.41 3028 60560
1512283213.51 9084 60560
1512283213.61 15140 63588
1512283213.71 12112 63588
1512283213.8 0 46934
1512283213.91 0 46934
1512283214.01 0 51476
1512283214.11 0 59046
1512283214.21 0 62074
1512283214.31 1514 59046
1512283214.42 3028 66616
1512283214.51 9084 57532
1512283214.61 10598 62074
1512283214.71 9084 62074
1512283214.81 0 59046
1512283214.91 0 51476
1512283215.01 0 57532
1512283215.11 0 60560
1512283215.21 3028 60560
1512283215.31 6056 65102
1512283215.41 10598 62074
1512283215.51 9084 63588
1512283215.61 1514 60560
1512283215.71 0 46934
1512283215.81 0 57532
1512283215.9 0 57532
1512283216.0 1514 62074
1512283216.1 3028 62074
1512283216.2 7570 63588
1512283216.31 13626 62074
1512283216.41 13626 63588
1512283216.51 0 54504
1512283216.61 0 40878
1512283216.72 0 49962
1512283216.81 0 57532
1512283216.91 0 62074
1512283217.02 0 60560
1512283217.12 0 68130
1512283217.22 3028 65102
1512283217.32 10598 60560
1512283217.42 18168 60560
1512283217.52 16654 65102
1512283217.62 0 40878
1512283217.72 0 34822
1512283217.82 0 49962
1512283217.92 0 52990
1512283218.02 0 57532
1512283218.12 0 56018
1512283218.22 0 59046
1512283218.32 0 62074
1512283218.42 1514 65102
1512283218.52 7570 60560
1512283218.62 18168 60560
1512283218.71 22710 60560
1512283218.82 0 60560
1512283218.92 0 22710
1512283219.02 0 45420
1512283219.12 0 52990
1512283219.22 0 56018
1512283219.32 0 56018
1512283219.42 0 59046
1512283219.52 0 59046
1512283219.62 0 63588
1512283219.72 4542 63588
1512283219.82 15140 62074
1512283219.92 24224 65102
1512283220.02 13626 57532
1512283220.12 0 30280
1512283220.23 0 40878
1512283220.32 0 48448
1512283220.43 0 51476
1512283220.52 0 54504
1512283220.63 0 52990
1512283220.73 0 56018
1512283220.83 0 56018
1512283220.93 0 62074
1512283221.03 1514 63588
1512283221.13 10598 65102
1512283221.22 22710 54504
1512283221.31 24224 56018
1512283221.41 0 36336
1512283221.51 0 27252
1512283221.62 0 46934
1512283221.71 0 51476
1512283221.82 0 51476
1512283221.91 0 51476
1512283222.0 0 43906
1512283222.1 0 54504
1512283222.2 0 57532
1512283222.3 0 62074
1512283222.4 7570 63588
1512283222.5 15140 65102
1512283222.6 9084 60560
1512283222.7 0 57532
1512283222.8 0 52990
1512283222.9 0 59046
1512283223.0 0 63588
1512283223.1 3028 63588
1512283223.2 10598 62074
1512283223.3 13626 65102
1512283223.4 0 60560
1512283223.5 0 45420
1512283223.6 0 57532
1512283223.7 0 60560
1512283223.8 1514 59046
1512283223.9 3028 62074
1512283224.0 7570 62074
1512283224.1 13626 63588
1512283224.2 10598 63588
1512283224.31 0 48448
1512283224.4 0 48448
1512283224.5 0 57532
1512283224.6 0 57532
1512283224.7 0 62074
1512283224.8 0 65102
1512283224.9 4542 62074
1512283225.0 10598 62074
1512283225.1 15140 62074
1512283225.2 6056 63588
1512283225.3 0 40878
1512283225.4 0 54504
1512283225.5 0 54504
1512283225.6 0 60560
1512283225.7 0 60560
1512283225.8 1514 65102
1512283225.9 7570 62074
1512283226.0 12112 63588
1512283226.1 6056 60560
1512283226.2 0 56018
1512283226.3 0 54504
1512283226.38 0 54504
1512283226.49 0 63588
1512283226.58 4542 62074
1512283226.69 12112 63588
1512283226.79 18168 63588
1512283226.88 10598 52990
1512283226.98 0 37850
1512283227.08 0 42392
1512283227.18 0 51476
1512283227.28 0 54504
1512283227.37 0 51476
1512283227.46 0 54504
1512283227.56 0 57532
1512283227.66 0 63588
1512283227.76 4542 63588
1512283227.86 12112 62074
1512283227.96 18168 62074
1512283228.06 7570 62074
1512283228.16 0 40878
1512283228.26 0 48448
1512283228.36 0 54504
1512283228.46 0 60560
1512283228.56 0 59046
1512283228.67 0 62074
1512283228.77 1514 62074
1512283228.87 6056 65102
1512283228.97 12112 60560
1512283229.07 12112 62074
1512283229.17 0 62074
1512283229.27 0 49962
1512283229.37 0 57532
1512283229.47 0 60560
1512283229.57 1514 63588
1512283229.67 7570 62074
1512283229.77 13626 63588
1512283229.87 9084 63588
1512283229.97 0 49962
1512283230.07 0 45420
1512283230.17 0 56018
1512283230.27 0 60560
1512283230.38 0 65102
1512283230.47 1514 62074
1512283230.57 9084 60560
1512283230.68 12112 65102
1512283230.77 4542 62074
1512283230.88 0 54504
1512283230.98 0 57532
1512283231.08 1514 57532
1512283231.18 4542 63588
1512283231.28 7570 63588
1512283231.38 7570 60560
1512283231.48 6056 62074
1512283231.58 0 60560
1512283231.68 0 54504
1512283231.78 0 57532
1512283231.88 1514 65102
1512283231.98 4542 62074
1512283232.08 9084 62074
1512283232.18 12112 62074
1512283232.28 1514 63588
1512283232.38 0 49962
1512283232.48 0 57532
1512283232.58 0 60560
1512283232.68 1514 59046
1512283232.78 6056 63588
1512283232.88 9084 65102
1512283232.98 10598 62074
1512283233.08 0 60560
1512283233.18 0 48448
1512283233.28 0 57532
1512283233.39 0 66616
1512283233.49 1514 62074
1512283233.59 9084 62074
1512283233.69 13626 62074
1512283233.79 4542 63588
1512283233.89 0 48448
1512283233.99 0 52990
1512283234.09 0 60560
1512283234.19 0 63588
1512283234.29 1514 65102
1512283234.39 7570 60560
1512283234.49 15140 62074
1512283234.59 4542 65102
1512283234.69 0 42392
1512283234.79 0 57532
1512283234.89 0 56018
1512283234.99 0 63588
1512283235.09 3028 63588
1512283235.19 7570 62074
1512283235.29 12112 65102
1512283235.4 7570 65102
1512283235.49 0 52990
1512283235.6 0 56018
1512283235.7 0 59046
1512283235.8 0 60560
1512283235.9 3028 63588
1512283236.0 9084 60560
1512283236.1 10598 62074
1512283236.2 6056 62074
1512283236.3 0 54504
1512283236.4 0 54504
1512283236.5 0 57532
1512283236.6 0 66616
1512283236.7 1514 62074
1512283236.8 9084 65102
1512283236.91 15140 62074
1512283237.0 10598 59046
1512283237.1 0 46934
1512283237.2 0 49962
1512283237.3 3028 51476
1512283237.41 0 62074
1512283237.51 0 62074
1512283237.61 0 60560
1512283237.71 1514 60560
1512283237.81 6056 62074
1512283237.91 9084 62074
1512283238.01 12112 63588
1512283238.11 0 60560
1512283238.21 0 52990
1512283238.31 1514 56018
1512283238.41 0 63588
1512283238.51 1514 63588
1512283238.61 6056 60560
1512283238.71 12112 63588
1512283238.82 4542 66616
1512283238.92 0 59046
1512283239.02 1514 56018
1512283239.12 0 62074
1512283239.22 3028 60560
1512283239.32 7570 63588
1512283239.42 10598 60560
1512283239.52 0 63588
1512283239.62 0 54504
1512283239.72 0 59046
1512283239.82 0 63588
1512283239.92 4542 63588
1512283240.02 10598 63588
1512283240.12 15140 62074
1512283240.23 0 66616
1512283240.33 0 39364
1512283240.43 0 56018
1512283240.53 1514 59046
1512283240.63 1514 63588
1512283240.73 3028 62074
1512283240.83 4542 63588
1512283240.93 6056 60560
1512283241.03 6056 63588
1512283241.13 4542 63588
1512283241.23 1514 62074
1512283241.33 0 60560
1512283241.44 1514 63588
1512283241.54 6056 62074
1512283241.63 10598 60560
1512283241.73 9084 60560
1512283241.83 0 57532
1512283241.93 0 52990
1512283242.03 1514 56018
1512283242.14 0 63588
1512283242.24 1514 62074
1512283242.34 4542 63588
1512283242.44 7570 63588
1512283242.54 10598 60560
1512283242.64 0 62074
1512283242.74 0 52990
1512283242.84 0 60560
1512283242.94 1514 60560
1512283243.04 6056 63588
1512283243.14 10598 62074
1512283243.24 9084 65102
1512283243.34 0 56018
1512283243.44 0 56018
1512283243.54 0 57532
1512283243.65 0 66616
1512283243.74 3028 57532
1512283243.84 7570 63588
1512283243.94 13626 60560
1512283244.04 4542 63588
1512283244.14 0 51476
1512283244.24 0 56018
1512283244.35 0 60560
1512283244.45 0 62074
1512283244.55 4542 65102
1512283244.65 7570 62074
1512283244.74 10598 60560
1512283244.85 0 62074
1512283244.95 0 56018
1512283245.05 0 60560
1512283245.15 0 65102
1512283245.25 6056 60560
1512283245.35 12112 63588
1512283245.45 7570 60560
1512283245.55 0 62074
1512283245.65 0 56018
1512283245.75 0 59046
1512283245.85 1514 62074
1512283245.95 4542 65102
1512283246.05 9084 62074
1512283246.15 12112 62074
1512283246.25 0 63588
1512283246.35 0 48448
1512283246.45 0 57532
1512283246.55 0 60560
1512283246.65 1514 66616
1512283246.75 6056 62074
1512283246.85 12112 62074
1512283246.96 6056 65102
1512283247.06 1514 60560
1512283247.16 0 54504
1512283247.26 0 59046
1512283247.36 4542 60560
1512283247.46 4542 63588
1512283247.56 7570 60560
1512283247.66 4542 66616
1512283247.76 3028 59046
1512283247.86 0 60560
1512283247.96 0 60560
1512283248.07 0 68130
1512283248.17 3028 59046
1512283248.27 10598 62074
1512283248.37 18168 62074
1512283248.47 6056 63588
1512283248.56 0 37850
1512283248.66 0 49962
1512283248.76 0 51476
1512283248.86 0 57532
1512283248.96 0 60560
1512283249.06 0 62074
1512283249.16 3028 65102
1512283249.26 7570 62074
1512283249.37 12112 65102
1512283249.48 10598 68130
1512283249.57 0 60560
1512283249.67 0 48448
1512283249.77 0 54504
1512283249.87 1514 62074
1512283249.96 1514 57532
1512283250.07 4542 63588
1512283250.17 6056 65102
1512283250.27 9084 62074
1512283250.37 4542 63588
1512283250.47 0 60560
1512283250.57 1514 56018
1512283250.67 0 65102
1512283250.78 3028 62074
1512283250.88 3028 66616
1512283250.98 0 34822
1512283251.08 0 31794
1512283251.18 0 37850
1512283251.28 0 36336
1512283251.38 0 43906
1512283251.48 0 46934
1512283251.57 0 45420
1512283251.68 1514 54504
1512283251.77 0 56018
1512283251.87 3028 57532
1512283251.98 0 66616
1512283252.08 0 56018
1512283252.18 3028 66616
1512283252.28 4542 59046
1512283252.38 9084 62074
1512283252.48 13626 65102
1512283252.58 18168 60560
1512283252.68 22710 63588
1512283252.78 27252 62074
1512283252.88 33308 63588
1512283252.99 39364 68130
1512283253.08 40878 56018
1512283253.18 39364 63588
1512283253.28 37850 65102
1512283253.38 39364 63588
1512283253.48 39364 60560
1512283253.58 40878 59046
1512283253.68 37850 65102
1512283253.78 39364 60560
1512283253.89 39364 68130
1512283253.98 39364 59046
1512283254.09 37850 65102
1512283254.18 37850 60560
1512283254.29 37850 63588
1512283254.38 36336 60560
1512283254.48 37850 59046
1512283254.58 39364 60560
1512283254.68 39364 63588
1512283254.78 37850 62074
1512283254.88 36336 66616
1512283254.98 34000 62074
1512283255.08 25738 62074
1512283255.18 27252 65102
1512283255.28 30280 57532
1512283255.38 19682 62074
1512283255.48 0 57532
1512283255.58 0 63588
1512283255.68 4542 62074
1512283255.79 9084 66616
1512283255.88 12112 59046
1512283255.98 12112 62074
1512283256.09 15140 65102
1512283256.18 13626 59046
1512283256.28 0 15140
1512283256.38 0 0
1512283256.48 0 0
1512283256.58 0 0
1512283256.68 0 0
1512283256.78 0 0
1512283256.88 0 0
1512283256.98 0 0
1512283257.08 0 0
1512283257.18 0 0
1512283257.28 0 0
1512283257.38 0 0
1512283257.48 0 0
1512283257.58 0 0
1512283257.68 0 0
1512283257.78 0 0
1512283257.88 0 0
1512283257.98 0 0
1512283258.08 0 0
1512283258.18 0 0
1512283258.28 0 0
1512283258.38 0 0
1512283258.48 0 0
1512283258.59 0 0
1512283258.68 0 0
1512283258.78 0 0
1512283258.88 0 0
1512283258.98 0 0
1512283259.09 0 0
1512283259.19 0 0
1512283259.31 0 0
1512283259.41 0 0
1512283259.51 0 0
1512283259.61 0 0
1512283259.71 0 0
1512283259.81 0 0
1512283259.91 0 0
1512283260.01 0 0
1512283260.11 0 0
1512283260.21 0 0
1512283260.31 0 0
1512283260.41 0 0
1512283260.51 0 0
1512283260.61 0 0
1512283260.71 0 0
1512283260.81 0 0
1512283260.91 0 0
1512283261.01 0 0
1512283261.11 0 0
1512283261.24 0 0
1512283261.33 0 0
1512283261.42 0 0
1512283261.52 0 0
1512283261.62 0 0
1512283261.72 0 0
1512283261.83 0 0
1512283261.93 0 0
1512283262.03 0 0
1512283262.14 0 0
1512283262.24 0 0
1512283262.34 0 0
1512283262.44 0 0
1512283262.55 0 0
1512283262.65 0 0
1512283262.74 0 0
1512283262.84 0 0
1512283262.94 0 0
1512283263.04 0 0
1512283263.14 0 0
1512283263.24 0 0
1512283263.34 0 0
1512283263.46 0 0
1512283263.56 0 0
1512283263.66 0 0
1512283263.76 0 0
1512283263.86 0 0
1512283263.96 0 0
1512283264.06 0 0
1512283264.16 0 0
1512283264.26 0 0
1512283264.36 0 0
1512283264.46 0 0
1512283264.59 0 0
1512283264.72 0 0
1512283264.81 0 0
1512283264.91 0 0
1512283265.02 0 0
1512283265.12 0 0
1512283265.22 0 0
1512283265.32 0 0
1512283265.41 0 0
1512283265.52 0 0
1512283265.64 0 0
1512283265.76 0 0
1512283265.86 0 0
1512283265.98 0 0
1512283266.08 0 0
1512283266.2 0 0
1512283266.32 0 0
1512283266.42 0 0
1512283266.52 0 0
1512283266.62 0 0
1512283266.72 0 0
1512283266.84 0 0
1512283266.96 0 0
1512283267.08 0 0
1512283267.21 0 0
1512283267.31 0 0
1512283267.42 0 0
1512283267.54 0 0
1512283267.64 0 0
1512283267.75 0 0
1512283267.87 0 0
1512283267.96 0 0
1512283268.07 0 0
1512283268.17 0 0
1512283268.27 0 0
1512283268.37 0 0
1512283268.49 0 0
1512283268.59 0 0
1512283268.69 0 0
1512283268.79 0 0
1512283268.89 0 0
1512283269.01 0 0
1512283269.15 0 0
1512283269.25 0 0
1512283269.35 0 0
1512283269.45 0 0
1512283269.55 0 0
1512283269.65 0 0
1512283269.75 0 0
1512283269.85 0 0
1512283269.95 0 0
1512283270.05 0 0
1512283270.17 0 0
1512283270.29 0 0
1512283270.39 0 0
1512283270.49 0 0
1512283270.59 0 0
1512283270.69 0 0
1512283270.79 0 0
1512283270.89 0 0
1512283270.99 0 0
1512283271.09 0 0
1512283271.2 0 0
1512283271.31 0 0
1512283271.41 0 0
1512283271.51 0 0
1512283271.63 0 0
1512283271.75 0 0
1512283271.85 0 0
1512283271.98 0 0
1512283272.09 0 0
1512283272.21 0 0
1512283272.32 0 0
1512283272.41 0 0
1512283272.52 0 0
1512283272.61 0 0
1512283272.74 0 0
1512283272.86 0 0
1512283272.97 0 0
1512283273.07 0 0
1512283273.17 0 0
1512283273.27 0 0
1512283273.39 0 0
1512283273.51 0 0
1512283273.61 0 0
1512283273.71 0 0
1512283273.81 0 0
1512283273.91 0 0
1512283274.01 0 0
1512283274.11 0 0
1512283274.21 0 0
1512283274.31 0 0
1512283274.41 0 0
1512283274.51 0 0
1512283274.61 0 0
1512283274.72 0 0
1512283274.82 0 0
1512283274.91 0 0
1512283275.01 0 0
1512283275.11 0 0
1512283275.23 0 0
1512283275.34 0 0
1512283275.44 0 0
1512283275.54 0 0
1512283275.64 0 0
1512283275.74 0 0
1512283275.84 0 0
1512283275.94 0 0
1512283276.04 0 0
1512283276.14 0 0
1512283276.27 0 0
1512283276.37 0 0
