0.098000 0.000000 0.000000 0 0.000000
0.113000 0.000000 0.000000 0 0.000000
0.099000 0.000000 0.000000 0 0.000000
0.098000 0.000000 0.000000 0 0.000000
0.101000 0.000000 0.000000 0 0.000000
0.098000 0.000000 0.000000 0 0.000000
0.101000 0.000000 0.000000 0 0.000000
0.100000 0.000000 0.000000 0 0.000000
0.099000 0.000000 0.000000 0 0.000000
0.100000 0.000000 0.000000 0 0.000000
0.100000 0.000000 0.000000 0 0.000000
0.101000 0.000000 0.000000 0 0.000000
0.114000 0.000000 0.000000 0 0.000000
0.130000 0.000000 0.000000 0 0.000000
0.097000 0.000000 0.000000 0 0.000000
0.099000 0.000000 0.000000 0 0.000000
0.104000 116461.539062 11646.154297 0 0.000000
0.101000 0.000000 10481.539062 0 0.000000
0.095000 0.000000 9433.384766 0 0.000000
0.100000 4239200.000000 432410.031250 0 0.000000
0.102000 4987294.000000 887898.437500 0 0.000000
0.097000 4869773.000000 1286085.875000 0 0.000000
0.103000 4821281.500000 1639605.500000 0 0.000000
0.099000 4893737.500000 1965018.750000 0 0.000000
0.098000 4820082.000000 2250525.000000 0 0.000000
0.108000 4934518.500000 2518924.250000 0 0.000000
0.091000 4924659.500000 2759497.750000 0 0.000000
0.099000 4771394.000000 2960687.500000 0 0.000000
0.098000 5067265.500000 3171345.250000 0 0.000000
0.102000 4749804.000000 3329191.000000 0 0.000000
0.103000 4938874.000000 3490159.250000 0 0.000000
0.094000 4896340.500000 3630777.500000 0 0.000000
0.103000 4821281.500000 3749828.000000 0 0.000000
0.099000 4893737.500000 3864219.000000 0 0.000000
0.104000 4891384.500000 3966935.500000 0 0.000000
0.098000 4820082.000000 4052250.250000 0 0.000000
0.096000 4920500.000000 4139075.250000 0 0.000000
0.101000 4916752.500000 4216843.000000 0 0.000000
0.099000 4893737.500000 4284532.500000 0 0.000000
0.097000 4869773.000000 4343056.500000 0 0.000000
0.099000 4893737.500000 4398124.500000 0 0.000000
0.101000 4916752.500000 4449987.500000 0 0.000000
0.101000 4676910.500000 4472680.000000 1514 151.400009
0.103000 4821281.500000 4507540.000000 3028 439.059998
0.100000 5087040.000000 4565490.000000 0 395.153992
0.101000 4916752.500000 4600616.000000 0 355.638580
0.106000 4913358.500000 4631890.000000 0 320.074707
0.079000 4906126.500000 4659313.500000 0 288.067230
0.097000 4869773.000000 4680359.500000 0 259.260498
0.100000 4844800.000000 4696803.500000 0 233.334442
0.100000 4965920.000000 4723715.000000 0 210.000992
0.100000 4844800.000000 4735823.500000 0 189.000885
0.098000 4943673.500000 4756608.500000 0 170.100800
0.101000 4916752.500000 4772623.000000 0 153.090714
0.098000 4820082.000000 4777369.000000 0 137.781647
0.100000 4844800.000000 4784112.000000 0 124.003479
0.101000 4916752.500000 4797376.000000 0 111.603134
0.098000 4943673.500000 4812006.000000 0 100.442818
0.100000 4844800.000000 4815285.500000 0 90.398537
0.100000 4844800.000000 4818237.000000 0 81.358681
0.099000 4893737.500000 4825787.000000 0 73.222809
0.100000 4844800.000000 4827688.500000 0 65.900528
0.100000 4965920.000000 4841511.500000 0 59.310474
0.099000 4893737.500000 4846734.000000 0 53.379425
0.103000 4821281.500000 4844189.000000 0 48.041481
0.098000 4943673.500000 4854137.500000 0 43.237331
0.100000 4844800.000000 4853204.000000 0 38.913597
0.099000 4893737.500000 4857257.500000 0 35.022236
0.100000 4844800.000000 4856012.000000 0 31.520012
0.099000 4893737.500000 4859784.500000 0 28.368011
0.099000 4893737.500000 4863180.000000 0 25.531210
0.100000 4844800.000000 4861342.000000 0 22.978088
0.099000 4893737.500000 4864581.500000 0 20.680279
0.101000 4916752.500000 4869798.500000 0 18.612251
0.099000 4893737.500000 4872192.500000 0 16.751026
0.101000 4916752.500000 4876648.500000 0 15.075924
0.101000 4916752.500000 4880659.000000 0 13.568332
0.096000 4794333.500000 4872026.500000 0 12.211498
0.100000 4844800.000000 4869304.000000 0 10.990349
0.101000 4916752.500000 4874049.000000 0 9.891314
0.099000 4893737.500000 4876018.000000 0 8.902183
0.100000 4844800.000000 4872896.000000 0 8.011965
0.100000 4844800.000000 4870086.500000 0 7.210768
0.099000 4893737.500000 4872451.500000 0 6.489691
0.102000 4868549.000000 4872061.000000 0 5.840722
0.099000 4893737.500000 4874228.500000 0 5.256650
0.098000 4943673.500000 4881173.000000 0 4.730985
0.099000 4893737.500000 4882429.500000 0 4.257887
0.100000 4844800.000000 4878666.500000 0 3.832098
0.100000 4844800.000000 4875280.000000 0 3.448888
0.100000 4965920.000000 4884344.000000 0 3.103999
0.101000 4796831.500000 4875593.000000 0 2.793599
0.098000 4943673.500000 4882401.000000 0 2.514239
0.101000 4796831.500000 4873844.000000 0 2.262815
0.101000 4916752.500000 4878135.000000 0 2.036534
0.099000 4893737.500000 4879695.000000 0 1.832880
0.099000 4893737.500000 4881099.000000 0 1.649592
0.100000 4844800.000000 4877469.000000 0 1.484633
0.100000 4965920.000000 4886314.000000 0 1.336170
0.101000 4796831.500000 4877366.000000 0 1.202553
0.097000 4994639.000000 4889093.500000 0 1.082298
0.100000 4844800.000000 4884664.000000 0 0.974068
0.100000 4844800.000000 4880677.500000 0 0.876661
0.098000 4943673.500000 4886977.000000 0 0.788995
0.101000 4916752.500000 4889954.500000 0 0.710095
0.097000 4869773.000000 4887936.500000 0 0.639086
0.100000 4965920.000000 4895735.000000 0 0.575177
0.100000 4844800.000000 4890641.500000 0 0.517660
0.101000 4796831.500000 4881260.500000 0 0.465894
0.098000 4943673.500000 4887502.000000 0 0.419304
0.101000 4796831.500000 4878435.000000 0 0.377374
0.100000 4965920.000000 4887183.500000 0 0.339636
0.101000 4796831.500000 4878148.500000 0 0.305673
0.098000 4943673.500000 4884701.000000 0 0.275106
0.102000 4868549.000000 4883086.000000 0 0.247595
0.100000 4844800.000000 4879257.500000 0 0.222835
0.099000 5016081.000000 4892940.000000 0 0.200552
0.099000 4893737.500000 4893020.000000 0 0.180497
0.100000 4844800.000000 4888198.000000 0 0.162447
0.099000 5138424.500000 4913220.500000 54504 5450.546387
0.100000 4965920.000000 4918490.500000 101438 15049.291016
0.093000 4948989.000000 4921540.500000 96896 23233.962891
0.100000 5087040.000000 4938090.500000 54504 26360.966797
0.099000 4404363.500000 4884718.000000 0 23724.871094
0.099000 0.000000 4396246.000000 0 21352.384766
0.100000 363360.000000 3992957.500000 0 19217.146484
0.098000 1483102.125000 3741972.000000 0 17295.431641
0.101000 1678891.000000 3535664.000000 0 15565.888672
0.099000 1712808.125000 3353378.500000 0 14009.299805
0.100000 1090080.000000 3127048.750000 0 12608.370117
0.100000 1574560.000000 2971800.000000 0 11347.533203
0.102000 1424941.250000 2817114.000000 0 10212.780273
0.098000 1359510.250000 2671353.500000 0 9191.501953
0.099000 1468121.250000 2551030.250000 0 8272.351562
0.099000 1835151.500000 2479442.500000 0 7445.116211
0.100000 1937920.000000 2425290.250000 0 6700.604492
0.099000 2202181.750000 2402979.500000 0 6030.543945
0.102000 2374902.000000 2400171.750000 0 5427.489746
0.099000 2691555.500000 2429310.000000 0 4884.740723
0.099000 2813899.000000 2467769.000000 0 4396.266602
0.101000 3357782.000000 2556770.250000 0 3956.639893
0.100000 3512480.000000 2652341.250000 0 3560.975830
0.100000 3996960.000000 2786803.000000 0 3204.878174
0.099000 4282020.000000 2936324.750000 0 2884.390381
0.103000 4703689.500000 3113061.250000 0 2595.951416
0.100000 4965920.000000 3298347.000000 0 2336.356201
0.101000 5036673.000000 3472179.500000 6056 2708.320557
0.101000 5036673.000000 3628628.750000 13626 3800.088379
0.099000 5016081.000000 3767374.000000 18168 5236.879883
0.101000 4916752.500000 3882311.750000 9084 5621.591797
0.097000 3371381.250000 3831218.750000 0 5059.432617
0.101000 4077306.750000 3855827.500000 0 4553.489258
0.099000 4404363.500000 3910681.000000 0 4098.140137
0.099000 4526707.000000 3972283.500000 0 3688.326172
0.099000 4771394.000000 4052194.500000 0 3319.493652
0.100000 4602560.000000 4107231.000000 0 2987.544189
0.100000 4844800.000000 4180988.000000 1514 2840.189697
0.100000 4965920.000000 4259481.000000 1514 2707.570801
0.099000 5138424.500000 4347375.500000 1514 2588.213623
0.100000 4965920.000000 4409230.000000 6056 2934.992188
0.099000 5016081.000000 4469915.000000 10598 3701.292969
0.101000 5036673.000000 4526591.000000 7570 4088.163574
0.099000 5016081.000000 4575540.000000 0 3679.347168
0.099000 4404363.500000 4558422.500000 0 3311.412354
0.101000 4556990.000000 4558279.000000 0 2980.270996
0.099000 4893737.500000 4591825.000000 0 2682.243896
0.100000 5087040.000000 4641346.500000 1514 2565.419434
0.098000 4943673.500000 4671579.000000 4542 2763.077393
0.100000 5087040.000000 4713125.000000 9084 3395.169678
0.093000 4948989.000000 4736711.500000 10598 4115.452637
0.099000 5016081.000000 4764648.500000 4542 4158.107422
0.100000 3391360.000000 4627319.500000 0 3742.296631
0.100000 4239200.000000 4588507.500000 0 3368.066895
0.102000 4512314.000000 4580888.000000 0 3031.260254
0.100000 4602560.000000 4583055.000000 0 2728.134277
0.100000 5087040.000000 4633453.500000 0 2455.320801
0.096000 5046666.500000 4674775.000000 0 2209.788818
0.103000 5056466.000000 4712944.000000 3028 2291.609863
0.098000 5067265.500000 4748376.000000 9084 2970.848877
0.101000 5036673.000000 4777205.500000 12112 3884.964111
0.097000 4869773.000000 4786462.000000 13626 4859.067871
0.099000 4404363.500000 4748252.000000 0 4373.161133
0.099000 2813899.000000 4554816.500000 0 3935.844971
0.102000 4156078.500000 4514942.500000 0 3542.260498
0.101000 4437069.000000 4507155.000000 0 3188.034424
0.097000 4495175.000000 4505957.000000 0 2869.230957
0.101000 4796831.500000 4535044.500000 0 2582.307861
0.096000 4794333.500000 4560973.500000 0 2324.077148
0.102000 4987294.000000 4603605.500000 0 2091.669434
0.097000 5119505.000000 4655195.500000 4542 2336.702393
0.104000 5124307.500000 4702106.500000 10598 3162.832275
0.101000 4916752.500000 4723571.000000 16654 4511.949219
0.098000 4943673.500000 4745581.000000 13626 5423.354492
0.099000 3180929.250000 4589116.000000 0 4881.019043
0.100000 2906880.000000 4420892.500000 0 4392.916992
0.096000 3911166.750000 4369920.000000 0 3953.625244
0.100000 4239200.000000 4356848.000000 0 3558.262695
0.102000 4274823.500000 4348645.500000 0 3202.436523
0.098000 4449306.000000 4358711.500000 0 2882.192871
0.101000 4317148.500000 4354555.000000 0 2593.973633
0.102000 4512314.000000 4370331.000000 0 2334.576172
0.097000 2996783.500000 4232976.000000 0 2101.118652
0.097000 249731.953125 3834651.500000 0 1891.006836
0.102000 0.000000 3451186.250000 0 1701.906128
0.098000 1606693.875000 3266737.000000 0 1531.715576
0.106000 1142641.500000 3054327.500000 0 1378.544067
0.095000 1529936.875000 2901888.500000 0 1240.689697
0.098000 1730285.750000 2784728.250000 0 1116.620728
0.103000 1411106.750000 2647366.000000 0 1004.958679
0.097000 1748123.625000 2557441.750000 0 904.462830
0.101000 1558970.250000 2457594.500000 0 814.016541
0.099000 1712808.125000 2383115.750000 0 732.614868
0.102000 1899921.625000 2334796.250000 0 659.353394
0.099000 2079838.375000 2309300.500000 0 593.418030
0.100000 2422400.000000 2320610.500000 0 534.076233
0.099000 2569212.250000 2345470.750000 0 480.668610
0.100000 2785760.000000 2389499.750000 0 432.601746
0.099000 2936242.500000 2444174.000000 0 389.341583
0.104000 3260923.000000 2525849.000000 0 350.407410
0.100000 3633600.000000 2636624.000000 0 315.366669
0.096000 3911166.750000 2764078.250000 0 283.830017
0.100000 4118080.000000 2899478.500000 0 255.447021
0.099000 4526707.000000 3062201.250000 0 229.902313
0.100000 4602560.000000 3216237.000000 0 206.912079
0.104000 3726769.250000 3267290.250000 0 186.220871
0.102000 593725.500000 2999933.750000 0 167.598785
0.094000 0.000000 2699940.500000 0 150.838913
0.100000 605600.000000 2490506.500000 0 135.755020
0.098000 741551.062500 2315611.000000 0 122.179520
0.105000 1268876.250000 2210937.500000 0 109.961571
0.094000 1288510.625000 2118694.750000 0 98.965416
0.100000 1211200.000000 2027945.250000 0 89.068878
0.099000 1345777.750000 1959728.500000 0 80.161987
0.101000 1319128.625000 1895668.500000 0 72.145790
0.099000 1223434.375000 1828445.125000 0 64.931213
0.106000 1256905.625000 1771291.125000 0 58.438091
0.093000 1562838.625000 1750445.875000 0 52.594284
0.102000 1662431.375000 1741644.375000 0 47.334854
0.097000 1872989.625000 1754778.875000 0 42.601368
0.101000 1918732.625000 1771174.250000 0 38.341232
0.099000 2202181.750000 1814275.000000 0 34.507111
0.102000 2493647.000000 1882212.250000 0 31.056400
0.098000 2595428.750000 1953533.875000 0 27.950760
0.100000 2906880.000000 2048868.500000 0 25.155684
0.101000 3357782.000000 2179759.750000 0 22.640116
0.098000 3460571.500000 2307841.000000 0 20.376104
0.102000 3799843.250000 2457041.250000 0 18.338493
0.098000 4202122.500000 2631549.500000 0 16.504644
0.100000 4360320.000000 2804426.500000 0 14.854180
0.104000 4076153.750000 2931599.250000 0 13.368762
0.099000 2079838.375000 2846423.250000 0 12.031886
0.101000 239841.578125 2585765.000000 0 10.828697
0.093000 260473.109375 2353235.750000 0 9.745828
0.102000 949960.812500 2212908.250000 0 8.771245
0.099000 1468121.250000 2138429.500000 0 7.894121
0.098000 1235918.375000 2048178.375000 0 7.104709
0.100000 1453440.000000 1988704.500000 0 6.394238
0.103000 1293514.500000 1919185.500000 0 5.754814
0.097000 1373525.750000 1864619.500000 0 5.179333
0.101000 1319128.625000 1810070.375000 0 4.661399
0.098000 1359510.250000 1765014.375000 0 4.195260
0.101000 1439049.500000 1732417.875000 0 3.775734
0.100000 1937920.000000 1752968.125000 0 3.398160
0.099000 1835151.500000 1761186.500000 0 3.058344
0.105000 2076342.875000 1792702.125000 0 2.752510
0.096000 2271000.000000 1840531.875000 0 2.477259
0.101000 2518336.500000 1908312.375000 0 2.229533
0.098000 2719020.500000 1989383.250000 0 2.006580
0.102000 3087372.500000 2099182.250000 0 1.805922
0.095000 3314863.250000 2220750.250000 0 1.625329
0.100000 3633600.000000 2362035.250000 0 1.462797
0.101000 4077306.750000 2533562.500000 0 1.316517
0.099000 4159676.750000 2696174.000000 0 1.184865
0.101000 4317148.500000 2858271.500000 0 1.066379
0.099000 3792646.500000 2951709.000000 0 0.959741
0.101000 239841.578125 2680522.250000 0 0.863767
0.100000 121120.000000 2424582.000000 0 0.777390
0.099000 489373.750000 2231061.250000 0 0.699651
0.104000 931692.312500 2101124.250000 0 0.629686
0.095000 1274947.375000 2018506.500000 0 0.566717
0.102000 1187451.000000 1935401.000000 0 0.510046
0.096000 1261666.625000 1868027.500000 0 0.459041
0.099000 1223434.375000 1803568.250000 0 0.413137
0.101000 1199207.875000 1743132.250000 0 0.371823
0.097000 1248659.750000 1693685.000000 0 0.334641
0.102000 1424941.250000 1666810.625000 0 0.301177
0.103000 1646291.250000 1664758.750000 0 0.271059
0.096000 1892500.000000 1687532.875000 0 0.243953
0.100000 2059040.000000 1724683.625000 0 0.219558
0.101000 2398415.750000 1792056.875000 0 0.197602
0.100000 2664640.000000 1879315.250000 0 0.177842
0.100000 3149120.000000 2006295.750000 0 0.160058
0.098000 3460571.500000 2151723.250000 0 0.144052
0.101000 3957386.000000 2332289.500000 0 0.129647
0.101000 4437069.000000 2542767.500000 0 0.116682
0.098000 4943673.500000 2782858.000000 0 0.105014
0.101000 5156594.000000 3020231.500000 4542 454.294525
0.101000 5036673.000000 3221875.750000 15140 1922.865112
0.100000 4965920.000000 3396280.250000 31794 4909.978516
0.098000 5067265.500000 3563378.750000 49962 9415.181641
0.100000 4965920.000000 3703633.000000 6056 9079.263672
0.099000 856404.062500 3418910.000000 0 8171.337402
0.101000 3237861.250000 3400805.000000 0 7354.203613
0.099000 3670303.000000 3427754.750000 0 6618.783203
0.100000 4118080.000000 3496787.250000 0 5956.904785
0.100000 3512480.000000 3498356.500000 0 5361.214355
0.101000 3357782.000000 3484299.000000 0 4825.092773
0.096000 3658833.250000 3501752.500000 0 4342.583496
0.100000 3754720.000000 3527049.250000 0 3908.325195
0.097000 3745979.250000 3548942.250000 0 3517.492676
0.104000 4309077.000000 3624955.750000 0 3165.743408
0.098000 4572898.000000 3719750.000000 0 2849.168945
0.104000 4658461.500000 3813621.250000 0 2564.251953
0.103000 4938874.000000 3926146.500000 0 2307.826660
0.094000 5025191.500000 4036051.000000 1514 2228.444092
0.100000 5087040.000000 4141150.000000 9084 2913.999756
0.098000 5067265.500000 4233761.500000 18168 4439.399902
0.097000 4994639.000000 4309849.000000 21196 6115.060059
0.099000 4159676.750000 4294832.000000 0 5503.554199
0.103000 2116660.250000 4077014.750000 0 4953.198730
0.098000 3954939.000000 4064807.250000 0 4457.878906
0.100000 4118080.000000 4070134.500000 0 4012.091064
0.101000 4317148.500000 4094836.000000 0 3610.881836
0.099000 4404363.500000 4125788.750000 0 3249.793701
0.101000 4317148.500000 4144924.750000 0 2924.814453
0.099000 4526707.000000 4183103.000000 0 2632.333008
0.097000 4620041.000000 4226797.000000 0 2369.099609
0.103000 5056466.000000 4309764.000000 0 2132.189697
0.101000 5036673.000000 4382455.000000 6056 2524.570801
0.102000 4987294.000000 4442939.000000 15140 3786.113770
0.096000 5172833.500000 4515928.500000 18168 5224.302734
0.098000 4449306.000000 4509266.000000 0 4701.872559
0.104000 2212769.250000 4279616.500000 0 4231.685547
0.098000 3831347.000000 4234789.500000 0 3808.517090
0.097000 4370309.000000 4248341.500000 0 3427.665283
0.102000 4749804.000000 4298488.000000 0 3084.898682
0.095000 4462316.000000 4314871.000000 0 2776.408691
0.104000 4774923.000000 4360876.000000 0 2498.767822
0.096000 4794333.500000 4404222.000000 0 2248.891113
0.099000 4893737.500000 4453173.500000 3028 2326.802002
0.099000 5016081.000000 4509464.000000 7570 2851.121826
0.100000 5087040.000000 4567221.500000 13626 3928.609619
0.100000 4602560.000000 4570755.500000 0 3535.748535
0.099000 4159676.750000 4529647.500000 0 3182.173584
0.101000 4676910.500000 4544374.000000 0 2863.956299
0.104000 5007846.000000 4590721.000000 0 2577.560547
0.095000 5099789.500000 4641628.000000 0 2319.804443
0.100000 4965920.000000 4674057.000000 4542 2542.023926
0.100000 5087040.000000 4715355.500000 10598 3347.621582
0.098000 4943673.500000 4738187.500000 7570 3769.859375
0.109000 4667009.500000 4731069.500000 0 3392.873535
0.090000 4306488.500000 4688611.500000 0 3053.586182
0.107000 4527850.500000 4672535.500000 0 2748.227539
0.094000 5025191.500000 4707801.000000 0 2473.404785
0.100000 5087040.000000 4745725.000000 1514 2377.464355
0.103000 4938874.000000 4765040.000000 6056 2745.317871
0.094000 5025191.500000 4791055.000000 12112 3681.986084
0.102000 4749804.000000 4786930.000000 0 3313.787598
0.099000 4404363.500000 4748673.500000 0 2982.408936
0.099000 4649050.500000 4738711.000000 0 2684.167969
0.105000 4960152.500000 4760855.000000 0 2415.751221
0.097000 5119505.000000 4796720.000000 4542 2628.375977
0.098000 5067265.500000 4823774.500000 9084 3273.938477
0.098000 5067265.500000 4848123.500000 6056 3552.144531
0.101000 4916752.500000 4854986.500000 3028 3499.729980
0.101000 4556990.000000 4825187.000000 0 3149.757080
0.099000 4526707.000000 4795339.000000 1514 2986.181396
0.097000 4495175.000000 4765322.500000 0 2687.563232
0.100000 5208160.000000 4809606.000000 1514 2570.207031
0.099000 5016081.000000 4830253.500000 4542 2767.386230
0.100000 5087040.000000 4855932.000000 6056 3096.247559
0.098000 5067265.500000 4877065.500000 6056 3392.222900
0.100000 4965920.000000 4885951.000000 4542 3507.200684
0.098000 4820082.000000 4879364.000000 0 3156.480713
0.101000 4556990.000000 4847126.500000 0 2840.832520
0.100000 4844800.000000 4846894.000000 0 2556.749268
0.099000 5138424.500000 4876047.000000 0 2301.074219
0.100000 5087040.000000 4897146.500000 4542 2525.166748
0.101000 5036673.000000 4911099.000000 10598 3332.450195
0.097000 4994639.000000 4919453.000000 9084 3907.605225
0.102000 4512314.000000 4878739.000000 0 3516.844727
0.102000 4156078.500000 4806473.000000 0 3165.160156
0.098000 4696490.000000 4795474.500000 0 2848.644043
0.100000 4844800.000000 4800407.000000 0 2563.779541
0.099000 5138424.500000 4834209.000000 0 2307.401611
0.099000 5016081.000000 4852396.000000 4542 2530.861328
0.099000 5016081.000000 4868764.500000 9084 3186.175293
0.100000 5087040.000000 4890592.000000 7570 3624.557861
0.100000 4602560.000000 4861789.000000 0 3262.102051
0.095000 4462316.000000 4821841.500000 0 2935.891846
0.105000 4729448.000000 4812602.000000 0 2642.302734
0.095000 4972295.000000 4828571.500000 0 2378.072510
0.103000 5174058.000000 4863120.000000 3028 2443.065186
0.100000 4965920.000000 4873400.000000 7570 2955.758789
0.100000 5087040.000000 4894764.000000 10598 3719.982910
0.096000 4794333.500000 4884721.000000 0 3347.984619
0.100000 4360320.000000 4832281.000000 0 3013.186035
0.100000 4723680.000000 4821421.000000 0 2711.867432
0.099000 4893737.500000 4828652.500000 0 2440.680664
0.100000 5087040.000000 4854491.000000 3028 2499.412598
0.100000 5087040.000000 4877746.000000 6056 2855.071289
0.101000 4916752.500000 4881646.500000 10598 3629.364258
0.100000 4965920.000000 4890074.000000 3028 3569.227783
0.102000 4512314.000000 4852298.000000 0 3212.304932
0.095000 4589810.500000 4826049.000000 0 2891.074463
0.100000 4723680.000000 4815812.000000 1514 2753.366943
0.105000 4729448.000000 4807175.500000 1514 2629.430176
0.095000 5354779.000000 4861936.000000 1514 2517.887207
0.099000 5016081.000000 4877350.500000 4542 2720.298584
0.098000 5067265.500000 4896342.000000 7570 3205.268799
0.107000 4980635.500000 4904771.500000 7570 3641.741943
0.095000 4972295.000000 4911524.000000 0 3277.567871
0.099000 4404363.500000 4860808.000000 0 2949.811035
0.098000 4820082.000000 4856735.500000 0 2654.829834
0.101000 5036673.000000 4874729.000000 0 2389.346924
0.100000 5087040.000000 4895960.000000 1514 2301.812256
0.098000 4943673.500000 4900731.500000 9084 2980.031006
0.102000 5106039.500000 4921262.500000 12112 3893.228027
0.098000 4943673.500000 4923503.500000 1514 3655.305176
0.100000 3512480.000000 4782401.000000 0 3289.774658
0.100000 4360320.000000 4740193.000000 0 2960.797119
0.098000 4943673.500000 4760541.000000 0 2664.717285
0.099000 5016081.000000 4786095.000000 0 2398.245605
0.102000 4987294.000000 4806215.000000 1514 2309.821045
0.101000 4916752.500000 4817269.000000 6056 2684.438965
0.098000 5067265.500000 4842268.500000 10598 3475.795166
0.099000 5016081.000000 4859650.000000 3028 3431.015625
0.100000 4481440.000000 4821829.000000 0 3087.914062
0.101000 4676910.500000 4807337.000000 0 2779.122559
0.099000 4893737.500000 4815977.000000 0 2501.210205
0.101000 5036673.000000 4838046.500000 1514 2402.489258
0.099000 5016081.000000 4855850.000000 4542 2616.440430
0.100000 5087040.000000 4878969.000000 9084 3263.196289
0.101000 4916752.500000 4882747.500000 12112 4148.076660
0.101000 5036673.000000 4898140.000000 0 3733.269043
0.100000 3149120.000000 4723238.000000 0 3359.942139
0.098000 4449306.000000 4695845.000000 0 3023.947998
0.104000 4658461.500000 4692106.500000 0 2721.553223
0.098000 5067265.500000 4729622.500000 0 2449.397949
0.107000 5093831.500000 4766043.500000 0 2204.458252
0.094000 4896340.500000 4779073.000000 4542 2438.212402
0.102000 4987294.000000 4799895.000000 9084 3102.791260
0.097000 5119505.000000 4831856.000000 7570 3549.512207
0.098000 4943673.500000 4843038.000000 0 3194.561035
0.103000 4586097.000000 4817344.000000 0 2875.104980
0.099000 4771394.000000 4812749.000000 0 2587.594482
0.098000 5190857.500000 4850560.000000 0 2328.834961
0.101000 5036673.000000 4869171.500000 3028 2398.751465
0.102000 4987294.000000 4880984.000000 10598 3218.676270
0.095000 4972295.000000 4890115.000000 12112 4108.008789
0.102000 5106039.500000 4911707.500000 1514 3848.607910
0.098000 2966204.250000 4717157.000000 0 3463.747070
0.099000 4282020.000000 4673643.500000 0 3117.372314
0.099000 4649050.500000 4671184.000000 0 2805.635010
0.105000 5075505.000000 4711616.000000 0 2525.071533
0.096000 5046666.500000 4745121.000000 0 2272.564453
0.100000 5087040.000000 4779313.000000 0 2045.307983
0.100000 4965920.000000 4797973.500000 7570 2597.777100
0.101000 4916752.500000 4809851.500000 15140 3851.999512
0.102000 5106039.500000 4839470.500000 4542 3920.999512
0.103000 3762951.500000 4731818.500000 0 3528.899658
0.096000 4289666.500000 4687603.500000 0 3176.009766
0.098000 4696490.000000 4688492.000000 0 2858.408691
0.100000 4844800.000000 4704123.000000 0 2572.567871
0.100000 5087040.000000 4742414.500000 0 2315.311035
0.100000 5087040.000000 4776877.000000 3028 2386.579834
0.101000 5036673.000000 4802856.500000 7570 2904.921875
0.099000 5016081.000000 4824179.000000 10598 3674.229736
0.100000 5087040.000000 4850465.000000 0 3306.806641
0.102000 4037333.500000 4769152.000000 0 2976.125977
0.099000 4649050.500000 4757142.000000 0 2678.513428
0.101000 5036673.000000 4785095.000000 0 2410.662109
0.100000 5087040.000000 4815289.500000 3028 2472.395996
0.095000 4972295.000000 4830990.000000 9084 3133.556396
0.100000 5087040.000000 4856595.000000 10598 3880.000732
0.102000 4987294.000000 4869665.000000 1514 3643.400635
0.098000 3584163.250000 4741115.000000 0 3279.060547
0.100000 4481440.000000 4715147.500000 0 2951.154541
0.100000 4723680.000000 4716001.000000 0 2656.039062
0.105000 5075505.000000 4751951.500000 0 2390.435059
0.097000 5119505.000000 4788707.000000 1514 2302.791504
0.098000 5067265.500000 4816563.000000 6056 2678.112305
0.100000 4965920.000000 4831498.500000 10598 3470.101074
0.102000 4987294.000000 4847078.000000 7570 3880.091064
0.099000 4526707.000000 4815041.000000 0 3492.082031
0.101000 4197227.500000 4753259.500000 0 3142.873779
0.100000 4723680.000000 4750301.500000 0 2828.586426
0.097000 4869773.000000 4762248.500000 0 2545.727783
0.102000 5106039.500000 4796627.500000 0 2291.155029
0.098000 4943673.500000 4811332.000000 4542 2516.239502
0.099000 5016081.000000 4831807.000000 10598 3324.415527
0.102000 5106039.500000 4859230.000000 9084 3900.374023
0.098000 4820082.000000 4855315.000000 0 3510.336670
0.101000 3717544.500000 4741538.000000 0 3159.302979
0.100000 4602560.000000 4727640.000000 0 2843.372559
0.100000 4844800.000000 4739356.000000 0 2559.035400
0.101000 5156594.000000 4781080.000000 0 2303.131836
0.098000 4943673.500000 4797339.500000 3028 2375.618652
0.103000 5056466.000000 4823252.000000 9084 3046.456787
0.097000 4994639.000000 4840390.500000 13626 4104.411133
0.103000 5056466.000000 4861998.000000 3028 3996.770020
0.098000 2966204.250000 4672418.500000 0 3597.093018
0.099000 4159676.750000 4621144.500000 0 3237.383789
0.100000 4723680.000000 4631398.000000 0 2913.645508
0.096000 4668166.500000 4635075.000000 0 2622.281006
0.096000 5046666.500000 4676234.000000 0 2360.052979
0.099000 5016081.000000 4710218.500000 1514 2275.447754
0.099000 5016081.000000 4740805.000000 7570 2804.903076
0.103000 5056466.000000 4772371.000000 10598 3584.212891
0.102000 5106039.500000 4805738.000000 6056 3831.391602
0.097000 4495175.000000 4774681.500000 0 3448.252441
0.096000 4289666.500000 4726180.000000 0 3103.427246
0.097000 4620041.000000 4715566.000000 0 2793.084473
0.100000 4844800.000000 4728489.500000 0 2513.776123
0.101000 5156594.000000 4771300.000000 1514 2413.798584
0.103000 4821281.500000 4776298.000000 6056 2778.018799
0.100000 5087040.000000 4807372.000000 9084 3408.616943
0.096000 5046666.500000 4831301.500000 10598 4127.555176
0.098000 4943673.500000 4842538.500000 0 3714.799561
0.100000 3512480.000000 4709532.500000 0 3343.319580
0.100000 4360320.000000 4674611.000000 0 3008.987549
0.107000 4641046.500000 4671254.500000 0 2708.088867
0.091000 5057758.500000 4709905.000000 0 2437.280029
0.101000 5036673.000000 4742582.000000 0 2193.552002
0.101000 5156594.000000 4783983.000000 3028 2276.996826
0.096000 4920500.000000 4797634.500000 9084 2957.697266
0.102000 5106039.500000 4828475.000000 13626 4024.527588
0.102000 4987294.000000 4844357.000000 12112 4833.274902
0.096000 3658833.250000 4725804.500000 0 4349.947266
0.103000 3174990.250000 4570723.000000 0 3914.952637
0.100000 4118080.000000 4525458.500000 0 3523.457275
0.100000 4360320.000000 4508944.500000 0 3171.111572
0.097000 4744907.000000 4532541.000000 0 2854.000488
0.103000 4586097.000000 4537896.500000 1514 2720.000488
0.099000 5016081.000000 4585715.000000 0 2448.000488
0.105000 4844800.000000 4611623.500000 0 2203.200439
0.100000 4965920.000000 4647053.000000 0 1982.880371
0.104000 4774923.000000 4659840.000000 6056 2390.192383
0.093000 5469935.500000 4740849.500000 15140 3665.173340
0.104000 4774923.000000 4744257.000000 22710 5569.656250
0.094000 4123234.250000 4682154.500000 0 5012.690430
0.101000 1798811.875000 4393820.000000 0 4511.421387
0.100000 3754720.000000 4329910.000000 0 4060.279297
0.104000 4192615.250000 4316180.500000 0 3654.251465
0.095000 4334821.000000 4318044.500000 0 3288.826416
0.102000 4393568.500000 4325597.000000 0 2959.943848
0.100000 4481440.000000 4341181.500000 0 2663.949463
0.098000 4696490.000000 4376712.500000 0 2397.554443
0.100000 4844800.000000 4423521.000000 0 2157.799072
0.099000 5016081.000000 4482777.000000 3028 2244.819092
0.102000 4987294.000000 4533228.500000 10598 3080.137207
0.098000 4943673.500000 4574273.000000 16654 4437.523438
0.097000 4620041.000000 4578850.000000 0 3993.770996
0.102000 3324862.750000 4453451.500000 0 3594.393799
0.099000 4404363.500000 4448542.500000 0 3234.954346
0.100000 4602560.000000 4463944.000000 0 2911.458984
0.101000 4796831.500000 4497233.000000 0 2620.312988
0.097000 5119505.000000 4559460.000000 1514 2509.681641
0.102000 5106039.500000 4614118.000000 3028 2561.513428
0.101000 4916752.500000 4644381.500000 4542 2759.562012
0.098000 5067265.500000 4686670.000000 6056 3089.205811
0.099000 5016081.000000 4719611.000000 4542 3234.485352
0.101000 5036673.000000 4751317.000000 4542 3365.236816
0.099000 4893737.500000 4765559.000000 1514 3180.113037
0.100000 4965920.000000 4785595.000000 0 2862.101807
0.101000 4676910.500000 4774726.500000 1514 2727.291504
0.099000 5016081.000000 4798862.000000 3028 2757.362305
0.098000 5067265.500000 4825702.500000 4542 2935.826172
0.098000 5067265.500000 4849859.000000 6056 3247.843506
0.103000 4938874.000000 4858760.500000 6056 3528.659180
0.098000 5067265.500000 4879611.000000 4542 3629.993164
0.100000 4723680.000000 4864018.000000 0 3266.993896
0.101000 4556990.000000 4833315.000000 0 2940.294434
0.101000 4556990.000000 4805682.500000 0 2646.264893
0.096000 5046666.500000 4829781.000000 0 2381.638428
0.100000 5087040.000000 4855507.000000 3028 2446.274658
0.099000 5138424.500000 4883799.000000 6056 2807.247070
0.100000 4965920.000000 4892011.000000 10598 3586.322266
0.101000 5036673.000000 4906477.000000 0 3227.689941
0.099000 4404363.500000 4856265.500000 0 2904.920898
0.100000 4602560.000000 4830895.000000 0 2614.428711
0.100000 5087040.000000 4856509.500000 0 2352.985840
0.098000 4820082.000000 4852867.000000 4542 2571.887207
0.101000 4916752.500000 4859255.500000 9084 3223.098633
0.099000 5138424.500000 4887172.500000 12112 4111.988770
0.100000 4965920.000000 4895047.000000 10598 4760.589844
0.099000 2691555.500000 4674698.000000 0 4284.530762
0.099000 3792646.500000 4586493.000000 0 3856.077637
0.101000 4317148.500000 4559558.500000 0 3470.469971
0.098000 4449306.000000 4548533.000000 0 3123.422852
0.100000 4602560.000000 4553935.500000 0 2811.080566
0.100000 4844800.000000 4583022.000000 0 2529.972412
0.101000 4796831.500000 4604403.000000 0 2276.975098
0.098000 5067265.500000 4650689.000000 1514 2200.677490
0.099000 5016081.000000 4687228.000000 3028 2283.409668
0.106000 4913358.500000 4709841.000000 10598 3114.868652
0.094000 5154042.500000 4754261.000000 16654 4468.781738
0.102000 4987294.000000 4777564.500000 16654 5687.303711
0.097000 2247587.500000 4524567.000000 0 5118.573242
0.098000 3213387.750000 4393449.000000 0 4606.715820
0.102000 4037333.500000 4357837.500000 0 4146.044434
0.097000 4245443.000000 4346598.000000 0 3731.439941
0.102000 4037333.500000 4315671.500000 0 3358.295898
0.101000 4317148.500000 4315819.000000 0 3022.466309
0.103000 4468505.000000 4331087.500000 0 2720.219727
0.100000 4481440.000000 4346123.000000 0 2448.197754
0.101000 4676910.500000 4379202.000000 0 2203.377930
0.099000 5138424.500000 4455124.000000 1514 2134.440186
0.104000 5007846.000000 4510396.000000 7570 2677.996094
0.095000 5099789.500000 4569335.500000 15140 3924.196533
0.098000 5067265.500000 4619128.500000 16654 5197.176758
0.100000 4239200.000000 4581135.500000 0 4677.458984
0.100000 2301280.000000 4353150.000000 0 4209.712891
0.099000 4159676.750000 4333802.500000 0 3788.741699
0.100000 4481440.000000 4348566.000000 0 3409.867432
0.101000 4556990.000000 4369408.500000 0 3068.880615
0.098000 4572898.000000 4389757.500000 0 2761.992676
0.100000 4602560.000000 4411038.000000 0 2485.793457
0.101000 5036673.000000 4473601.500000 0 2237.214111
0.098000 5067265.500000 4532968.000000 1514 2164.892578
0.101000 5036673.000000 4583338.500000 6056 2554.003418
0.098000 4943673.500000 4619372.000000 13626 3661.203125
0.101000 5036673.000000 4661102.000000 1514 3446.482910
0.099000 4649050.500000 4659897.000000 0 3101.834717
0.099000 4404363.500000 4634343.500000 3028 3094.451172
0.101000 5036673.000000 4674576.500000 0 2785.006104
0.098000 5067265.500000 4713845.500000 1514 2657.905518
0.101000 4916752.500000 4734136.000000 4542 2846.314941
0.100000 5087040.000000 4769426.500000 6056 3167.283447
0.100000 5087040.000000 4801188.000000 6056 3456.155029
0.099000 5016081.000000 4822677.500000 3028 3413.339600
0.099000 4771394.000000 4817549.000000 0 3072.005615
0.099000 4771394.000000 4812933.500000 0 2764.805176
0.099000 4893737.500000 4821014.000000 0 2488.324707
0.103000 5056466.000000 4844559.000000 1514 2390.892334
0.098000 5067265.500000 4866829.500000 6056 2757.403076
0.100000 4965920.000000 4876738.500000 10598 3541.462891
0.101000 5036673.000000 4892732.000000 1514 3338.716553
0.100000 4481440.000000 4851603.000000 0 3004.844971
0.100000 4844800.000000 4850922.500000 0 2704.360352
0.101000 4916752.500000 4857505.500000 1514 2585.324219
0.096000 5046666.500000 4876421.500000 4542 2780.991699
0.099000 5016081.000000 4890387.500000 6056 3108.492432
0.101000 5036673.000000 4905016.000000 6056 3403.243164
0.098000 4943673.500000 4908882.000000 3028 3365.718750
0.101000 4796831.500000 4897677.000000 0 3029.146973
0.100000 4602560.000000 4868165.500000 0 2726.232178
0.099000 4893737.500000 4870722.500000 0 2453.608887
0.100000 5087040.000000 4892354.000000 3028 2511.048096
0.100000 5087040.000000 4911822.500000 6056 2865.543213
0.100000 4965920.000000 4917232.000000 10598 3638.789062
0.098000 5067265.500000 4932235.500000 0 3274.910156
0.102000 4274823.500000 4866494.500000 0 2947.419189
0.098000 4696490.000000 4849494.000000 0 2652.677246
0.100000 5087040.000000 4873248.500000 0 2387.409424
0.100000 4965920.000000 4882515.500000 3028 2451.468506
0.102000 4987294.000000 4892993.500000 7570 2963.321533
0.098000 5067265.500000 4910420.500000 12112 3878.189453
0.100000 4844800.000000 4903858.500000 0 3490.370605
0.100000 3875840.000000 4801056.500000 0 3141.333496
0.098000 4572898.000000 4778240.500000 0 2827.200195
0.100000 4844800.000000 4784896.500000 0 2544.480225
0.097000 5119505.000000 4818357.500000 0 2290.032227
0.100000 5087040.000000 4845226.000000 3028 2363.829102
0.102000 4987294.000000 4859433.000000 9084 3035.846191
0.100000 4965920.000000 4870081.500000 13626 4094.861816
0.098000 5067265.500000 4889800.000000 0 3685.375732
0.100000 3149120.000000 4715732.000000 0 3316.838135
0.099000 4404363.500000 4684595.000000 0 2985.154297
0.098000 4820082.000000 4698143.500000 0 2686.638916
0.102000 4987294.000000 4727058.500000 0 2417.975098
0.099000 5138424.500000 4768195.000000 0 2176.177490
0.101000 5036673.000000 4795043.000000 4542 2412.759766
0.100000 4965920.000000 4812130.500000 10598 3231.283691
0.099000 5016081.000000 4832525.500000 3028 3210.955322
0.101000 4916752.500000 4840948.000000 0 2889.859863
0.098000 4696490.000000 4826502.000000 0 2600.873779
0.099000 5138424.500000 4857694.000000 0 2340.786377
0.102000 4987294.000000 4870654.000000 4542 2560.907715
0.099000 5016081.000000 4885196.500000 10598 3364.616943
0.099000 5138424.500000 4910519.500000 6056 3633.755371
0.100000 4965920.000000 4916059.500000 0 3270.379883
0.098000 4325714.500000 4857025.000000 0 2943.341797
0.100000 4723680.000000 4843690.500000 0 2649.007568
0.101000 5036673.000000 4862989.000000 0 2384.106934
0.101000 5036673.000000 4880357.500000 3028 2448.496338
0.092000 5002782.500000 4892600.000000 7570 2960.646729
0.099000 5016081.000000 4904948.000000 12112 3875.782227
0.097000 4994639.000000 4913917.000000 9084 4396.604004
0.102000 3799843.250000 4802509.500000 0 3956.943604
0.100000 3633600.000000 4685618.500000 0 3561.249268
0.101000 4197227.500000 4636779.500000 0 3205.124268
0.101000 4437069.000000 4616808.500000 3028 3187.411865
0.095000 4844800.000000 4639607.500000 0 2868.670654
0.100000 4844800.000000 4660127.000000 0 2581.803711
0.100000 4723680.000000 4666482.500000 1514 2475.023438
0.103000 5056466.000000 4705481.000000 0 2227.520996
0.098000 4943673.500000 4729300.000000 3028 2307.568848
0.105000 5075505.000000 4763920.500000 9084 2985.211914
0.097000 4994639.000000 4786992.500000 15140 4200.690918
0.101000 5036673.000000 4811960.500000 7570 4537.622070
0.098000 2966204.250000 4627385.000000 0 4083.859863
0.095000 4079831.750000 4572629.500000 0 3675.473877
0.106000 4227773.500000 4538144.000000 0 3307.926514
0.098000 4572898.000000 4541619.500000 0 2977.133789
0.099000 4649050.500000 4552362.500000 0 2679.420410
0.098000 4943673.500000 4591493.500000 0 2411.478271
0.099000 4893737.500000 4621718.000000 0 2170.330566
0.100000 5087040.000000 4668250.000000 3028 2256.097412
0.100000 5087040.000000 4710129.000000 6056 2636.087646
0.105000 4960152.500000 4735131.500000 13626 3735.078857
0.097000 4869773.000000 4748595.500000 15140 4875.570801
0.098000 4325714.500000 4706307.500000 0 4388.013672
0.098000 2595428.750000 4495219.500000 0 3949.212402
0.099000 4037333.250000 4449431.000000 0 3554.291260
0.102000 4512314.000000 4455719.500000 0 3198.862061
0.096000 4542000.000000 4464347.500000 0 2878.975830
0.101000 4676910.500000 4485604.000000 0 2591.078125
0.102000 4868549.000000 4523898.500000 0 2331.970215
0.099000 5016081.000000 4573117.000000 0 2098.773193
0.102000 4987294.000000 4614534.500000 4542 2343.095947
0.103000 5056466.000000 4658727.500000 10598 3168.586426
0.095000 5099789.500000 4702833.500000 13626 4214.328125
0.096000 5046666.500000 4737217.000000 9084 4701.295410
0.101000 2998019.750000 4563297.500000 0 4231.166016
0.100000 3754720.000000 4482440.000000 0 3808.049316
0.101000 4317148.500000 4465911.000000 0 3427.244385
0.098000 4449306.000000 4464250.500000 0 3084.520020
0.103000 4586097.000000 4476435.000000 0 2776.068115
0.097000 4744907.000000 4503282.000000 0 2498.461426
0.103000 4938874.000000 4546841.000000 0 2248.615234
0.101000 5156594.000000 4607816.500000 0 2023.753662
0.096000 5046666.500000 4651701.500000 6056 2426.978271
0.103000 5056466.000000 4692178.000000 13626 3546.880371
0.104000 5007846.000000 4723745.000000 12112 4403.392090
0.096000 4542000.000000 4705570.500000 0 3963.052979
0.098000 3213387.750000 4556352.000000 0 3566.747559
0.101000 4317148.500000 4532431.500000 0 3210.072754
0.104000 4658461.500000 4545034.500000 0 2889.065430
0.097000 4994639.000000 4589995.000000 0 2600.158936
0.102000 4987294.000000 4629725.000000 0 2340.143066
0.098000 5067265.500000 4673479.000000 1514 2257.528809
0.101000 5036673.000000 4709798.500000 4542 2485.975830
0.097000 4994639.000000 4738282.500000 10598 3297.178223
0.100000 4965920.000000 4761046.000000 10598 4027.260498
0.100000 5087040.000000 4793645.500000 0 3624.534424
0.096000 3406500.000000 4654931.000000 0 3262.081055
0.106000 4342038.000000 4623641.500000 0 2935.873047
0.095000 4844800.000000 4645757.500000 0 2642.285645
0.102000 5106039.500000 4691785.500000 1514 2529.457031
0.101000 5036673.000000 4726274.000000 1514 2427.911377
0.098000 4943673.500000 4748014.000000 4542 2639.320312
0.101000 5156594.000000 4788872.000000 9084 3283.788330
0.101000 4916752.500000 4801660.000000 10598 4015.209473
0.097000 4994639.000000 4820958.000000 3028 3916.488525
0.100000 3633600.000000 4702222.000000 0 3524.839600
0.100000 4360320.000000 4668032.000000 0 3172.355713
0.101000 4796831.500000 4680912.000000 0 2855.120117
0.096000 4794333.500000 4692254.000000 0 2569.608154
0.104000 5124307.500000 4735459.500000 0 2312.647461
0.095000 5099789.500000 4771892.500000 0 2081.382812
0.104000 4891384.500000 4783841.500000 7570 2630.244629
0.102000 5106039.500000 4816061.500000 13626 3729.820312
0.099000 5016081.000000 4836063.500000 13626 4719.438477
0.097000 3995711.250000 4752028.500000 0 4247.494629
0.101000 2998019.750000 4576627.500000 0 3822.745117
0.101000 4077306.750000 4526695.500000 0 3440.470703
0.094000 4638638.500000 4537890.000000 0 3096.423584
0.102000 4631059.000000 4547207.000000 0 2786.781250
0.100000 4723680.000000 4564854.500000 0 2508.103027
0.103000 4938874.000000 4602256.500000 0 2257.292725
0.095000 4972295.000000 4639260.500000 1514 2182.963379
0.103000 5056466.000000 4680981.000000 3028 2267.467041
0.100000 5087040.000000 4721587.000000 9084 2949.120361
0.101000 4916752.500000 4741103.500000 16654 4319.608398
0.099000 5016081.000000 4768601.000000 15140 5401.647461
0.101000 3117940.500000 4603535.000000 0 4861.482910
0.100000 2785760.000000 4421757.500000 0 4375.334473
0.100000 3875840.000000 4367166.000000 0 3937.801025
0.099000 4159676.750000 4346417.000000 0 3544.020996
0.101000 4317148.500000 4343490.000000 0 3189.618896
0.099000 4404363.500000 4349577.500000 0 2870.656982
0.100000 4602560.000000 4374876.000000 0 2583.591309
0.101000 4556990.000000 4393087.500000 0 2325.232178
0.100000 5087040.000000 4462483.000000 0 2092.708984
0.102000 5106039.500000 4526838.500000 1514 2034.838135
0.103000 4938874.000000 4568042.000000 10598 2891.154297
0.097000 4994639.000000 4610701.500000 21196 4721.638672
0.099000 5016081.000000 4651239.500000 18168 6066.274902
0.103000 2587029.000000 4444818.500000 0 5459.647461
0.098000 2595428.750000 4259879.500000 0 4913.682617
0.099000 3670303.000000 4200922.000000 0 4422.314453
0.101000 4077306.750000 4188560.500000 0 3980.083008
0.098000 4078530.750000 4177557.500000 0 3582.074707
0.103000 4115728.250000 4171374.500000 0 3223.867188
0.101000 4317148.500000 4185952.000000 0 2901.480469
0.095000 4334821.000000 4200839.000000 0 2611.332520
0.098000 4696490.000000 4250404.000000 0 2350.199219
0.103000 4938874.000000 4319251.000000 0 2115.179199
0.099000 5138424.500000 4401168.500000 3028 2206.461182
0.103000 5056466.000000 4466698.000000 10598 3045.615234
0.099000 4893737.500000 4509402.000000 18168 4557.853516
0.100000 4965920.000000 4555054.000000 10598 5161.868164
0.106000 2742339.750000 4373782.500000 0 4645.681152
0.101000 3717544.500000 4308158.500000 0 4181.113281
0.096000 4163500.000000 4293692.500000 0 3763.001953
0.099000 4404363.500000 4304759.500000 0 3386.701660
0.099000 4526707.000000 4326954.000000 0 3048.031494
0.102000 4512314.000000 4345490.000000 0 2743.228271
0.098000 4696490.000000 4380590.000000 0 2468.905518
0.101000 5036673.000000 4446198.500000 0 2222.014893
0.098000 5067265.500000 4508305.000000 1514 2151.213379
0.101000 5036673.000000 4561142.000000 7570 2693.092041
0.100000 4965920.000000 4601620.000000 15140 3937.782715
0.102000 4987294.000000 4640187.500000 9084 4452.404297
0.102000 3799843.250000 4556153.000000 0 4007.163818
0.098000 4202122.500000 4520750.000000 0 3606.447510
0.100000 4360320.000000 4504707.000000 0 3245.802734
0.100000 4723680.000000 4526604.500000 0 2921.222412
0.098000 4943673.500000 4568311.500000 0 2629.100098
0.101000 4916752.500000 4603155.500000 0 2366.190186
0.100000 5208160.000000 4663656.000000 0 2129.571289
0.102000 4987294.000000 4696020.000000 4542 2370.814209
0.100000 5087040.000000 4735122.000000 12112 3344.932861
0.095000 4972295.000000 4758839.500000 10598 4070.239746
0.102000 4987294.000000 4781685.000000 3028 3966.015869
0.106000 3656452.750000 4669162.000000 0 3569.414307
0.094000 4380936.500000 4640339.500000 0 3212.472900
0.100000 4602560.000000 4636561.500000 0 2891.225586
0.101000 4796831.500000 4652588.500000 0 2602.103027
0.101000 5036673.000000 4690997.000000 0 2341.892822
0.100000 5087040.000000 4730601.500000 3028 2410.503418
0.098000 4943673.500000 4751908.500000 7570 2926.453125
0.099000 5016081.000000 4778326.000000 10598 3693.607910
0.101000 5156594.000000 4816153.000000 0 3324.247070
0.100000 4239200.000000 4758457.500000 0 2991.822266
0.104000 4774923.000000 4760104.000000 0 2692.640137
0.096000 5046666.500000 4788760.000000 0 2423.376221
0.098000 4820082.000000 4791892.000000 6056 2786.638672
0.100000 4965920.000000 4809295.000000 10598 3567.774902
0.102000 4987294.000000 4827095.000000 7570 3967.997314
0.100000 4360320.000000 4780417.500000 0 3571.197510
0.100000 3875840.000000 4689960.000000 0 3214.077637
0.100000 4481440.000000 4669108.000000 0 2892.669922
0.099000 4893737.500000 4691571.000000 0 2603.402832
0.098000 5067265.500000 4729140.500000 0 2343.062500
0.100000 5087040.000000 4764930.500000 1514 2260.156250
0.102000 4987294.000000 4787167.000000 6056 2639.740723
0.100000 4965920.000000 4805042.500000 12112 3586.966797
0.103000 5056466.000000 4830185.000000 1514 3379.670166
0.094000 4123234.250000 4759490.000000 0 3041.703125
0.099000 4649050.500000 4748446.000000 0 2737.532715
0.099000 4893737.500000 4762975.000000 0 2463.779541
0.101000 5276514.500000 4814329.000000 1514 2368.801514
0.104000 4891384.500000 4822034.500000 7570 2888.921387
0.096000 5046666.500000 4844497.500000 12112 3811.229248
0.099000 5138424.500000 4873890.000000 3028 3732.906250
0.102000 4037333.500000 4790234.500000 0 3359.615723
0.102000 4393568.500000 4750568.000000 0 3023.654053
0.104000 4542000.000000 4729711.000000 3028 3024.088623
0.095000 4972295.000000 4753969.500000 1514 2873.079834
0.103000 5056466.000000 4784219.000000 0 2585.771973
0.094000 5025191.500000 4808316.000000 0 2327.194824
0.101000 5036673.000000 4831151.500000 1514 2245.875244
0.101000 5036673.000000 4851703.500000 7570 2778.287842
0.097000 4994639.000000 4865997.000000 13626 3863.059082
0.100000 4965920.000000 4875989.500000 6056 4082.353271
0.100000 4118080.000000 4800198.500000 0 3674.117920
0.098000 4202122.500000 4740391.000000 0 3306.706055
0.101000 4556990.000000 4722051.000000 0 2976.035400
0.101000 4796831.500000 4729529.000000 0 2678.431885
0.100000 4965920.000000 4753168.000000 0 2410.588623
0.096000 5172833.500000 4795134.500000 0 2169.529785
0.102000 5106039.500000 4826225.000000 3028 2255.376709
0.102000 4987294.000000 4842332.000000 12112 3241.039062
0.096000 5046666.500000 4862765.500000 9084 3825.335205
0.101000 4556990.000000 4832188.000000 0 3442.801758
0.098000 4325714.500000 4781540.500000 0 3098.521484
0.100000 4723680.000000 4775754.500000 0 2788.669434
0.105000 4844800.000000 4782659.000000 0 2509.802490
0.097000 5119505.000000 4816343.500000 1514 2410.222168
0.102000 4987294.000000 4833438.500000 4542 2623.399902
0.100000 4965920.000000 4846686.500000 9084 3269.459961
0.100000 4965920.000000 4858610.000000 7570 3699.513916
0.101000 4676910.500000 4840440.000000 0 3329.562500
0.100000 4360320.000000 4792428.000000 0 2996.606201
0.101000 4796831.500000 4792868.500000 0 2696.945557
0.100000 4965920.000000 4810173.500000 0 2427.250977
0.102000 4987294.000000 4827885.500000 3028 2487.325928
0.097000 4994639.000000 4844561.000000 7570 2995.593262
0.099000 5138424.500000 4873947.500000 9084 3604.434082
0.100000 4965920.000000 4883145.000000 1514 3395.390625
0.101000 4317148.500000 4826545.500000 0 3055.851562
0.099000 4526707.000000 4796561.500000 0 2750.266357
0.100000 4965920.000000 4813497.500000 0 2475.239746
0.099000 5138424.500000 4845990.000000 1514 2379.115723
0.100000 4965920.000000 4857983.000000 6056 2746.804199
0.099000 5016081.000000 4873793.000000 10598 3531.923828
0.102000 4987294.000000 4885143.000000 4542 3632.931396
0.100000 4723680.000000 4868996.500000 0 3269.638184
0.097000 4495175.000000 4831614.500000 0 2942.674316
0.101000 4556990.000000 4804152.000000 0 2648.406982
0.102000 5106039.500000 4834341.000000 0 2383.566406
0.098000 5067265.500000 4857633.500000 3028 2448.009766
0.101000 4916752.500000 4863545.500000 10598 3263.008789
0.101000 5036673.000000 4880858.000000 7570 3693.708008
0.100000 4723680.000000 4865140.000000 0 3324.337158
0.102000 4156078.500000 4794234.000000 0 2991.903320
0.098000 4696490.000000 4784459.500000 0 2692.712891
0.100000 4965920.000000 4802605.500000 0 2423.441650
0.104000 5007846.000000 4823129.500000 3028 2483.897461
0.100000 4965920.000000 4837408.500000 7570 2992.507812
0.101000 5036673.000000 4857335.000000 10598 3753.057129
0.099000 5016081.000000 4873209.500000 0 3377.751465
0.098000 3954939.000000 4781382.500000 0 3039.976318
0.101000 4556990.000000 4758943.000000 0 2735.978760
0.099000 4893737.500000 4772422.500000 0 2462.380859
0.101000 5036673.000000 4798847.500000 3028 2518.942871
0.099000 5138424.500000 4832805.000000 6056 2872.648682
0.099000 5016081.000000 4851132.500000 7570 3342.383789
0.102000 4868549.000000 4852874.000000 6056 3613.745361
0.105000 4729448.000000 4840531.500000 0 3252.370850
0.097000 4495175.000000 4805996.000000 0 2927.133789
0.096000 4794333.500000 4804830.000000 0 2634.420410
0.103000 5056466.000000 4829993.500000 0 2370.978271
0.099000 5138424.500000 4860836.500000 1514 2285.280518
0.100000 4965920.000000 4871345.000000 9084 2965.152588
0.100000 5087040.000000 4892914.500000 13626 4031.237305
0.099000 5016081.000000 4905231.000000 3028 3930.913574
0.100000 3512480.000000 4765956.000000 0 3537.822266
0.099000 4159676.750000 4705328.000000 0 3184.040039
0.098000 4696490.000000 4704444.000000 0 2865.635986
0.100000 4844800.000000 4718479.500000 0 2579.072266
0.103000 4938874.000000 4740519.000000 0 2321.165039
0.100000 5087040.000000 4775171.000000 1514 2240.448486
0.100000 5087040.000000 4806358.000000 4542 2470.603516
0.100000 4965920.000000 4822314.000000 10598 3283.343262
0.101000 5036673.000000 4843750.000000 9084 3863.408936
0.098000 4820082.000000 4841383.000000 0 3477.068115
0.099000 4282020.000000 4785446.500000 0 3129.361328
0.100000 4602560.000000 4767158.000000 0 2816.425293
0.100000 4844800.000000 4774922.000000 0 2534.782715
0.101000 5036673.000000 4801097.000000 0 2281.304443
0.102000 4987294.000000 4819716.500000 6056 2658.773926
0.098000 5067265.500000 4844471.500000 10598 3452.696533
0.102000 4987294.000000 4858754.000000 4542 3561.626953
0.098000 4696490.000000 4842527.500000 0 3205.464355
0.102000 4393568.500000 4797631.500000 0 2884.917969
0.098000 4820082.000000 4799876.500000 0 2596.426270
0.108000 5046666.500000 4824555.500000 0 2336.783691
0.094000 5025191.500000 4844619.000000 3028 2405.905273
0.107000 5093831.500000 4869540.000000 9084 3073.714844
0.093000 4948989.000000 4877485.000000 13626 4128.943359
0.100000 3996960.000000 4789432.500000 0 3716.049072
0.101000 1319128.625000 4442402.000000 0 3344.444092
0.101000 2278495.000000 4226011.500000 0 3009.999756
0.099000 2446868.750000 4048097.250000 0 2708.999756
0.098000 2719020.500000 3915189.500000 0 2438.099854
0.101000 2758178.000000 3799488.250000 0 2194.289795
0.098000 2842612.250000 3703800.750000 0 1974.860840
0.099000 3180929.250000 3651513.500000 0 1777.374756
0.101000 3237861.250000 3610148.250000 0 1599.637329
0.103000 3410174.750000 3590151.000000 0 1439.673584
0.098000 4078530.750000 3638989.000000 0 1295.706177
0.100000 4602560.000000 3735346.000000 1514 1317.535522
0.099000 4282020.000000 3790013.500000 0 1185.781982
0.097000 4495175.000000 3860529.750000 1514 1218.603760
0.103000 4703689.500000 3944845.750000 0 1096.743408
0.100000 4723680.000000 4022729.250000 3028 1289.869019
0.099000 4893737.500000 4109830.000000 0 1160.882080
0.099000 4893737.500000 4188220.750000 0 1044.793823
0.102000 4987294.000000 4268128.000000 0 940.314453
0.099000 5016081.000000 4342923.500000 3028 1149.083008
0.100000 4965920.000000 4405223.000000 3028 1336.974731
0.098000 5067265.500000 4471427.000000 0 1203.277222
0.100000 4965920.000000 4520876.500000 0 1082.949463
0.102000 4868549.000000 4555644.000000 0 974.654541
0.099000 4893737.500000 4589453.500000 0 877.189087
0.100000 4844800.000000 4614988.000000 0 789.470154
0.100000 4844800.000000 4637969.000000 0 710.523132
0.101000 4916752.500000 4665847.500000 0 639.470825
0.101000 4916752.500000 4690938.000000 0 575.523743
0.097000 4869773.000000 4708821.500000 0 517.971375
0.101000 4916752.500000 4729614.500000 0 466.174225
0.100000 4844800.000000 4741133.000000 0 419.556793
0.107000 4867439.000000 4753763.500000 0 377.601105
0.097000 4869773.000000 4765364.500000 0 339.841003
0.098000 4943673.500000 4783195.500000 0 305.856903
0.102000 4868549.000000 4791731.000000 0 275.271210
0.097000 4869773.000000 4799535.000000 0 247.744095
0.103000 4821281.500000 4801709.500000 1514 374.369690
0.104000 4891384.500000 4810677.000000 0 336.932709
0.096000 4920500.000000 4821659.500000 0 303.239441
0.105000 4844800.000000 4823973.500000 0 272.915497
0.095000 4844800.000000 4826056.000000 0 245.623947
0.102000 4868549.000000 4830305.500000 0 221.061554
0.096000 4037333.250000 4751008.500000 0 198.955399
0.103000 0.000000 4275907.500000 0 179.059860
0.099000 0.000000 3848316.750000 0 161.153870
0.102000 0.000000 3463485.000000 0 145.038483
0.097000 0.000000 3117136.500000 0 130.534637
0.099000 0.000000 2805422.750000 0 117.481171
0.099000 0.000000 2524880.500000 0 105.733055
0.100000 0.000000 2272392.500000 0 95.159752
0.100000 0.000000 2045153.250000 0 85.643776
0.098000 0.000000 1840637.875000 0 77.079399
0.101000 0.000000 1656574.125000 0 69.371460
0.099000 0.000000 1490916.750000 0 62.434315
0.100000 0.000000 1341825.125000 0 56.190884
0.099000 0.000000 1207642.625000 0 50.571796
0.100000 0.000000 1086878.375000 0 45.514618
0.098000 0.000000 978190.562500 0 40.963158
0.100000 0.000000 880371.500000 0 36.866840
0.101000 0.000000 792334.375000 0 33.180157
0.100000 0.000000 713100.937500 0 29.862141
0.099000 0.000000 641790.875000 0 26.875927
0.102000 0.000000 577611.812500 0 24.188334
0.115000 0.000000 519850.625000 0 21.769501
0.091000 0.000000 467865.562500 0 19.592550
0.117000 0.000000 421079.000000 0 17.633295
0.093000 0.000000 378971.093750 0 15.869966
0.098000 0.000000 341074.000000 0 14.282969
0.099000 0.000000 306966.593750 0 12.854671
0.099000 0.000000 276269.937500 0 11.569204
0.101000 0.000000 248642.937500 0 10.412284
0.099000 0.000000 223778.640625 0 9.371056
