1512321896.726629 0.102000 4868549.000000 486854.906250 0 0.000000 
1512321896.726660 0.102000 4749804.000000 913149.812500 0 0.000000 
1512321896.726666 0.096000 4920500.000000 1313884.875000 0 0.000000 
1512321896.726672 0.096000 4920500.000000 1674546.375000 0 0.000000 
1512321896.726677 0.100000 4844800.000000 1991571.750000 0 0.000000 
1512321896.726682 0.100000 4965920.000000 2289006.500000 0 0.000000 
1512321896.726687 0.099000 4893737.500000 2549479.500000 0 0.000000 
1512321896.726692 0.102000 4868549.000000 2781386.500000 0 0.000000 
1512321896.726697 0.099000 4893737.500000 2992621.500000 0 0.000000 
1512321896.726701 0.102000 4749804.000000 3168339.750000 0 0.000000 
1512321896.726706 0.097000 4994639.000000 3350969.750000 0 0.000000 
1512321896.726711 0.099000 4893737.500000 3505246.500000 0 0.000000 
1512321896.726716 0.100000 4844800.000000 3639201.750000 0 0.000000 
1512321896.726721 0.101000 4796831.500000 3754964.750000 0 0.000000 
1512321896.726726 0.099000 4893737.500000 3868842.000000 0 0.000000 
1512321896.775192 0.099000 4893737.500000 3971331.500000 1514 151.400009 
1512321896.875757 0.100000 5087040.000000 4082902.250000 0 136.260010 
1512321897.029986 0.099000 4771394.000000 4151751.500000 0 122.634010 
1512321897.129527 0.101000 5036673.000000 4240243.500000 12112 1321.570679 
1512321897.227865 0.099000 5016081.000000 4317827.000000 66616 7851.013672 
1512321897.326722 0.101000 5036673.000000 4389711.500000 72672 14333.112305 
1512321897.429399 0.099000 5016081.000000 4452348.500000 71158 20015.601562 
1512321897.529057 0.099000 5016081.000000 4508722.000000 22710 20285.041016 
1512321897.577883 0.098000 2101061.250000 4267956.000000 0 18256.537109 
1512321897.678355 0.102000 474980.406250 3888658.500000 0 16430.882812 
1512321897.828831 0.098000 1606693.875000 3660462.000000 0 14787.794922 
1512321897.928626 0.101000 2398415.750000 3534257.500000 0 13309.015625 
1512321897.978253 0.100000 1937920.000000 3374623.750000 0 11978.114258 
1512321898.078600 0.098000 1359510.250000 3173112.500000 0 10780.302734 
1512321898.179712 0.099000 1957495.000000 3051550.750000 0 9702.272461 
1512321898.279856 0.101000 1798811.875000 2926276.750000 0 8732.044922 
1512321898.379651 0.099000 1468121.250000 2780461.250000 0 7858.840332 
1512321898.480282 0.101000 1918732.625000 2694288.500000 0 7072.956055 
1512321898.631592 0.100000 2301280.000000 2654987.750000 0 6365.660645 
1512321898.680339 0.100000 2422400.000000 2631729.000000 0 5729.094727 
1512321898.831486 0.100000 2664640.000000 2635020.000000 0 5156.185059 
1512321898.933247 0.100000 2906880.000000 2662206.000000 0 4640.566406 
1512321898.981993 0.098000 3089796.000000 2704965.000000 0 4176.509766 
1512321899.082166 0.100000 3512480.000000 2785716.500000 0 3758.858887 
1512321899.182230 0.101000 3957386.000000 2902883.500000 0 3382.972900 
1512321899.334056 0.098000 4325714.500000 3045166.500000 0 3044.675537 
1512321899.386312 0.099000 4771394.000000 3217789.250000 0 2740.208008 
1512321899.483764 0.102000 4987294.000000 3394739.750000 0 2466.187256 
1512321899.584657 0.098000 5067265.500000 3561992.250000 6056 2825.168457 
1512321899.683804 0.099000 5016081.000000 3707401.000000 16654 4208.051758 
1512321899.784180 0.101000 5036673.000000 3840328.250000 7570 4544.246582 
1512321899.884540 0.101000 5036673.000000 3959962.750000 0 4089.822021 
1512321899.985530 0.099000 4649050.500000 4028871.500000 0 3680.839844 
1512321900.085133 0.099000 4893737.500000 4115358.000000 0 3312.755859 
1512321900.185261 0.102000 5106039.500000 4214426.000000 0 2981.480225 
1512321900.285554 0.098000 4943673.500000 4287351.000000 3028 2986.132324 
1512321900.436660 0.105000 5075505.000000 4366166.500000 6056 3293.119141 
1512321900.486173 0.099000 5016081.000000 4431158.000000 10598 4023.607178 
1512321900.636595 0.099000 4893737.500000 4477416.000000 0 3621.246582 
1512321900.686268 0.097000 4370309.000000 4466705.500000 0 3259.121826 
1512321900.786578 0.098000 4696490.000000 4489684.000000 0 2933.209717 
1512321900.942286 0.101000 5036673.000000 4544383.000000 0 2639.888672 
1512321901.042415 0.100000 5087040.000000 4598648.500000 1514 2527.299805 
1512321901.087993 0.099000 5016081.000000 4640392.000000 4542 2728.769775 
1512321901.187790 0.101000 5036673.000000 4680020.000000 7570 3212.892822 
1512321901.288088 0.099000 4893737.500000 4701392.000000 7570 3648.603516 
1512321901.388920 0.099000 5138424.500000 4745095.000000 0 3283.743164 
1512321901.539663 0.100000 4723680.000000 4742953.500000 0 2955.368896 
1512321901.589875 0.098000 4696490.000000 4738307.000000 0 2659.832031 
1512321901.689075 0.100000 5087040.000000 4773180.500000 0 2393.848877 
1512321901.789562 0.102000 4987294.000000 4794592.000000 4542 2608.664062 
1512321901.889507 0.100000 5087040.000000 4823837.000000 9084 3256.197754 
1512321901.990422 0.099000 5016081.000000 4843061.500000 6056 3536.177979 
1512321902.090243 0.100000 5087040.000000 4867459.500000 1514 3333.960205 
1512321902.190758 0.101000 4676910.500000 4848404.500000 0 3000.564209 
1512321902.290973 0.100000 4602560.000000 4823820.000000 0 2700.507812 
1512321902.390742 0.099000 4893737.500000 4830812.000000 3028 2733.257080 
1512321902.491009 0.100000 5087040.000000 4856435.000000 3028 2762.731445 
1512321902.644111 0.099000 5016081.000000 4872399.500000 6056 3092.058350 
1512321902.691829 0.100000 4965920.000000 4881751.500000 4542 3237.052490 
1512321902.792038 0.100000 4965920.000000 4890168.500000 3028 3216.147217 
1512321902.944180 0.099000 4893737.500000 4890525.500000 0 2894.532471 
1512321902.995231 0.100000 4844800.000000 4885953.000000 0 2605.079102 
1512321903.093763 0.099000 5016081.000000 4898966.000000 0 2344.571289 
1512321903.246765 0.100000 5087040.000000 4917773.500000 4542 2564.314209 
1512321903.345596 0.100000 4965920.000000 4922588.000000 10598 3367.682861 
1512321903.394169 0.103000 5056466.000000 4935976.000000 10598 4090.714600 
1512321903.544582 0.095000 4207326.500000 4863111.000000 0 3681.643066 
1512321903.594383 0.100000 4360320.000000 4812832.000000 0 3313.478760 
1512321903.694775 0.100000 4360320.000000 4767581.000000 0 2982.130859 
1512321903.848396 0.098000 4696490.000000 4760472.000000 0 2683.917725 
1512321903.945430 0.101000 4916752.500000 4776100.000000 0 2415.525879 
1512321903.995765 0.100000 4965920.000000 4795082.000000 0 2173.973389 
1512321904.147765 0.100000 5087040.000000 4824278.000000 3028 2259.375977 
1512321904.195646 0.099000 5016081.000000 4843458.500000 10598 3093.238281 
1512321904.296055 0.100000 4965920.000000 4855704.500000 6056 3389.514404 
1512321904.396130 0.099000 5016081.000000 4871742.000000 3028 3353.363037 
1512321904.496471 0.101000 4796831.500000 4864251.000000 0 3018.026855 
1512321904.647709 0.100000 4844800.000000 4862306.000000 0 2716.224121 
1512321904.698193 0.099000 4893737.500000 4865449.000000 0 2444.601807 
1512321904.798743 0.099000 5016081.000000 4880512.000000 1514 2351.541504 
1512321904.950603 0.103000 5056466.000000 4898107.500000 7570 2873.387451 
1512321905.051649 0.096000 5046666.500000 4912963.500000 12112 3797.248779 
1512321905.099706 0.100000 4965920.000000 4918259.000000 9084 4325.923828 
1512321905.199103 0.101000 3957386.000000 4822171.500000 0 3893.331543 
1512321905.299309 0.100000 4118080.000000 4751762.500000 0 3503.998291 
1512321905.451394 0.101000 4437069.000000 4720293.000000 0 3153.598389 
1512321905.499829 0.097000 4495175.000000 4697781.000000 0 2838.238525 
1512321905.600716 0.100000 4844800.000000 4712483.000000 0 2554.414551 
1512321905.750551 0.103000 4938874.000000 4735122.000000 1514 2450.373047 
1512321905.852408 0.098000 5067265.500000 4768336.500000 1514 2356.735840 
1512321905.901780 0.098000 5067265.500000 4798229.500000 3028 2423.862305 
1512321906.001233 0.100000 4965920.000000 4814998.500000 7570 2938.476074 
1512321906.101929 0.098000 5067265.500000 4840225.000000 9084 3553.028564 
1512321906.252503 0.102000 4987294.000000 4854932.000000 1514 3349.125732 
1512321906.351985 0.097000 4744907.000000 4843929.500000 0 3014.213135 
1512321906.402431 0.101000 4676910.500000 4827227.500000 0 2712.791748 
1512321906.501822 0.097000 4994639.000000 4843968.500000 0 2441.512695 
1512321906.602365 0.102000 5106039.500000 4870175.500000 3028 2500.161377 
1512321906.754212 0.100000 4965920.000000 4879750.000000 7570 3007.145264 
1512321906.855067 0.100000 5087040.000000 4900479.000000 10598 3766.230713 
1512321906.902573 0.098000 4943673.500000 4904798.500000 3028 3692.407715 
1512321907.004629 0.099000 4649050.500000 4879223.500000 0 3323.166992 
1512321907.105916 0.101000 4437069.000000 4835008.000000 0 2990.850342 
1512321907.203967 0.098000 4820082.000000 4833515.500000 0 2691.765381 
1512321907.304276 0.100000 4965920.000000 4846756.000000 0 2422.588867 
1512321907.404791 0.100000 5087040.000000 4870784.500000 1514 2331.729980 
1512321907.504697 0.101000 5036673.000000 4887373.500000 6056 2704.156982 
1512321907.605625 0.097000 4994639.000000 4898100.000000 9084 3342.141357 
1512321907.706416 0.101000 5036673.000000 4911957.500000 4542 3462.127197 
1512321907.809115 0.100000 4844800.000000 4905242.000000 0 3115.914551 
1512321907.909128 0.099000 4649050.500000 4879623.000000 0 2804.322998 
1512321908.009178 0.100000 4965920.000000 4888252.500000 0 2523.890625 
1512321908.109524 0.103000 5056466.000000 4905074.000000 1514 2422.901611 
1512321908.212290 0.098000 5067265.500000 4921293.000000 4542 2634.811523 
1512321908.311596 0.100000 4965920.000000 4925755.500000 9084 3279.730469 
1512321908.412026 0.101000 5156594.000000 4948839.500000 4542 3405.957520 
1512321908.512223 0.102000 4868549.000000 4940810.500000 1514 3216.761719 
1512321908.611905 0.097000 4744907.000000 4921220.000000 0 2895.085449 
1512321908.712859 0.100000 4723680.000000 4901466.000000 0 2605.576904 
1512321908.814287 0.103000 5174058.000000 4928725.000000 0 2345.019287 
1512321908.962862 0.096000 5046666.500000 4940519.000000 3028 2413.317383 
1512321909.013797 0.100000 4965920.000000 4943059.000000 9084 3080.385742 
1512321909.114844 0.098000 5067265.500000 4955479.500000 9084 3680.747070 
1512321909.215030 0.101000 4916752.500000 4951607.000000 0 3312.672363 
1512321909.367416 0.099000 4526707.000000 4909117.000000 0 2981.405029 
1512321909.416286 0.103000 4586097.000000 4876815.000000 0 2683.264648 
1512321909.516770 0.097000 5119505.000000 4901084.000000 0 2414.938232 
1512321909.616375 0.099000 5016081.000000 4912583.500000 1514 2324.844482 
1512321909.716391 0.099000 5016081.000000 4922933.000000 7570 2849.360107 
1512321909.816493 0.101000 5036673.000000 4934307.000000 9084 3472.824219 
1512321909.916715 0.099000 5016081.000000 4942484.500000 0 3125.541748 
1512321910.017055 0.102000 4512314.000000 4899467.500000 0 2812.987549 
1512321910.117491 0.098000 4943673.500000 4903888.000000 0 2531.688721 
1512321910.217700 0.101000 5036673.000000 4917166.500000 0 2278.519775 
1512321910.319602 0.100000 4965920.000000 4922042.000000 4542 2504.867676 
1512321910.419712 0.099000 5016081.000000 4931446.000000 12112 3465.581055 
1512321910.519238 0.098000 5067265.500000 4945028.000000 3028 3421.822998 
1512321910.619787 0.100000 4602560.000000 4910781.000000 0 3079.640625 
1512321910.719616 0.100000 4602560.000000 4879959.000000 0 2771.676514 
1512321910.820233 0.101000 5036673.000000 4895630.500000 0 2494.508789 
1512321910.920386 0.099000 5016081.000000 4907675.500000 1514 2396.458008 
1512321911.020319 0.097000 4994639.000000 4916372.000000 6056 2762.412109 
1512321911.122602 0.103000 5056466.000000 4930381.500000 9084 3394.570801 
1512321911.223634 0.097000 4994639.000000 4936807.000000 4542 3509.313721 
1512321911.323196 0.099000 4893737.500000 4932500.000000 0 3158.382324 
1512321911.423592 0.098000 4572898.000000 4896540.000000 0 2842.544189 
1512321911.524096 0.101000 4796831.500000 4886569.000000 0 2558.289795 
1512321911.624296 0.102000 5106039.500000 4908516.000000 0 2302.460938 
1512321911.724637 0.097000 5119505.000000 4929615.000000 4542 2526.414795 
1512321911.825178 0.100000 4965920.000000 4933245.500000 9084 3182.173340 
1512321911.925212 0.099000 5138424.500000 4953763.500000 7570 3620.956055 
1512321912.026445 0.102000 4987294.000000 4957116.500000 0 3258.860352 
1512321912.125115 0.098000 4449306.000000 4906335.500000 0 2932.974365 
1512321912.226357 0.109000 4667009.500000 4882403.000000 0 2639.677002 
1512321912.326047 0.096000 5046666.500000 4898829.500000 0 2375.709229 
1512321912.426421 0.101000 5156594.000000 4924606.000000 3028 2440.938232 
1512321912.526215 0.099000 4893737.500000 4921519.000000 9084 3105.244385 
1512321912.626725 0.103000 4938874.000000 4923254.500000 7570 3551.719971 
1512321912.726815 0.094000 5154042.500000 4946333.500000 1514 3347.947998 
1512321912.826985 0.103000 4468505.000000 4898550.500000 0 3013.153320 
1512321912.927891 0.099000 4771394.000000 4885835.000000 0 2711.837891 
1512321913.027251 0.099000 5016081.000000 4898859.500000 0 2440.654053 
1512321913.128054 0.099000 5016081.000000 4910581.500000 1514 2347.988770 
1512321913.228351 0.098000 4943673.500000 4913890.500000 7570 2870.189941 
1512321913.330425 0.102000 4987294.000000 4921231.000000 9084 3491.571045 
1512321913.431017 0.099000 5138424.500000 4942950.500000 0 3142.414062 
1512321913.531472 0.100000 4602560.000000 4908911.500000 0 2828.172607 
1512321913.632323 0.102000 4749804.000000 4893001.000000 0 2545.355469 
1512321913.732654 0.097000 5119505.000000 4915651.500000 1514 2442.219971 
1512321913.832696 0.100000 4965920.000000 4920678.500000 6056 2803.597900 
1512321913.933329 0.099000 5016081.000000 4930219.000000 7570 3280.238037 
1512321914.034375 0.101000 5036673.000000 4940864.500000 6056 3557.814209 
1512321914.136370 0.101000 4916752.500000 4938453.500000 0 3202.032715 
1512321914.234195 0.100000 4481440.000000 4892752.000000 0 2881.829346 
1512321914.335151 0.102000 4749804.000000 4878457.000000 0 2593.646484 
1512321914.433874 0.095000 5099789.500000 4900590.000000 0 2334.281738 
1512321914.535299 0.101000 5036673.000000 4914198.500000 3028 2403.653564 
1512321914.635396 0.099000 5016081.000000 4924387.000000 9084 3071.688232 
1512321914.735397 0.101000 4916752.500000 4923623.500000 9084 3672.919434 
1512321914.836066 0.101000 5036673.000000 4934928.500000 0 3305.627441 
1512321914.935949 0.099000 4404363.500000 4881872.000000 0 2975.064697 
1512321915.036001 0.099000 4771394.000000 4870824.000000 0 2677.558105 
1512321915.136238 0.099000 4893737.500000 4873115.500000 0 2409.802246 
1512321915.236899 0.099000 5138424.500000 4899646.500000 1514 2320.221924 
1512321915.336739 0.100000 4965920.000000 4906274.000000 7570 2845.199707 
1512321915.436976 0.100000 5087040.000000 4924350.500000 10598 3620.479736 
1512321915.539304 0.100000 4965920.000000 4928507.500000 1514 3409.831787 
1512321915.639035 0.099000 4649050.500000 4900562.000000 0 3068.848633 
1512321915.739076 0.100000 4602560.000000 4870762.000000 0 2761.963867 
1512321915.839514 0.100000 4844800.000000 4868166.000000 0 2485.767578 
1512321915.939296 0.100000 4723680.000000 4853717.500000 4542 2691.390869 
1512321916.039352 0.102000 4274823.500000 4795828.000000 18168 4239.051758 
1512321916.139522 0.100000 4602560.000000 4776501.000000 6056 4420.746582 
1512321916.240726 0.100000 3633600.000000 4662211.000000 0 3978.671875 
1512321916.339876 0.098000 3707755.250000 4566765.500000 0 3580.804688 
1512321916.440602 0.102000 3799843.250000 4490073.500000 0 3222.724121 
1512321916.540988 0.099000 3670303.000000 4408096.500000 7570 3657.451660 
1512321916.640863 0.098000 3707755.250000 4338062.500000 12112 4502.906738 
1512321916.741733 0.102000 3681098.000000 4272366.000000 3028 4355.416016 
1512321916.842179 0.099000 3180929.250000 4163222.250000 0 3919.874512 
1512321916.941921 0.099000 3303272.750000 4077227.250000 0 3527.886963 
1512321917.041981 0.100000 3391360.000000 4008640.500000 0 3175.098145 
1512321917.142703 0.100000 3633600.000000 3971136.500000 1514 3008.988281 
1512321917.242349 0.100000 4239200.000000 3997942.750000 0 2708.089355 
1512321917.342521 0.100000 4118080.000000 4009956.500000 0 2437.280518 
1512321917.443079 0.099000 3547959.500000 3963756.750000 7570 2950.552490 
1512321917.544031 0.097000 3621113.250000 3929492.500000 18168 4472.297363 
1512321917.643756 0.100000 3633600.000000 3899903.250000 12112 5236.267578 
1512321917.743969 0.100000 2906880.000000 3800601.000000 0 4712.640625 
1512321917.843661 0.101000 2878099.000000 3708350.750000 0 4241.376465 
1512321917.944015 0.099000 3303272.750000 3667843.000000 0 3817.238770 
1512321918.045210 0.101000 3237861.250000 3624844.750000 0 3435.514893 
1512321918.145609 0.100000 3149120.000000 3577272.250000 0 3091.963379 
1512321918.244814 0.102000 3443608.000000 3563905.750000 0 2782.767090 
1512321918.345948 0.098000 3584163.250000 3565931.500000 1514 2655.890381 
1512321918.445674 0.097000 3496247.250000 3558963.000000 10598 3450.101318 
1512321918.545651 0.101000 3477702.750000 3550837.000000 16654 4770.491211 
1512321918.646346 0.101000 3477702.750000 3543523.500000 9084 5201.842285 
1512321918.746788 0.098000 2842612.250000 3473432.500000 0 4681.658203 
1512321918.846692 0.103000 2822213.500000 3408310.500000 0 4213.492188 
1512321918.946746 0.099000 3180929.250000 3385572.500000 0 3792.143066 
1512321919.046889 0.098000 3213387.750000 3368354.000000 0 3412.928711 
1512321919.148234 0.098000 3584163.250000 3389935.000000 0 3071.635742 
1512321919.247772 0.103000 3527767.000000 3403718.250000 7570 3521.472168 
1512321919.348839 0.098000 3584163.250000 3421762.750000 9084 4077.725098 
1512321919.448271 0.099000 3547959.500000 3434382.500000 3028 3972.752686 
1512321919.548682 0.099000 3425616.250000 3433506.000000 0 3575.477539 
1512321919.649209 0.102000 3324862.750000 3422641.750000 0 3217.929688 
1512321919.749218 0.101000 3477702.750000 3428147.750000 1514 3047.536621 
1512321919.850082 0.102000 3324862.750000 3417819.250000 6056 3348.383057 
1512321919.949845 0.098000 4325714.500000 3508608.750000 0 3013.544678 
1512321920.050284 0.099000 3547959.500000 3512543.750000 0 2712.190186 
1512321920.155598 0.097000 3621113.250000 3523400.750000 4542 2895.171143 
1512321920.255695 0.101000 3477702.750000 3518831.000000 15140 4119.654297 
1512321920.355768 0.101000 3597623.750000 3526710.250000 12112 4918.888672 
1512321920.456195 0.099000 3425616.250000 3516600.750000 3028 4729.799805 
1512321920.556735 0.102000 2849882.500000 3449929.000000 0 4256.819824 
1512321920.656615 0.101000 2998019.750000 3404738.000000 0 3831.137939 
1512321920.757515 0.098000 3213387.750000 3385603.000000 0 3448.024170 
1512321920.857870 0.099000 3670303.000000 3414073.000000 1514 3254.621826 
1512321920.957902 0.101000 3477702.750000 3420436.000000 9084 3837.559570 
1512321921.058540 0.099000 3547959.500000 3433188.250000 9084 4362.203613 
1512321921.158781 0.102000 3562353.000000 3446104.750000 3028 4228.783203 
1512321921.258374 0.097000 2996783.500000 3401172.500000 0 3805.904785 
1512321921.359528 0.101000 3117940.500000 3372849.250000 0 3425.314209 
1512321921.459960 0.102000 3562353.000000 3391799.500000 0 3082.782715 
1512321921.560543 0.097000 3496247.250000 3402244.250000 1514 2925.904541 
1512321921.660800 0.102000 3799843.250000 3442004.250000 1514 2784.714111 
1512321921.759958 0.099000 3792646.500000 3477068.500000 0 2506.242676 
1512321921.860421 0.099000 3792646.500000 3508626.250000 1514 2407.018311 
1512321921.960975 0.103000 3527767.000000 3510540.250000 15140 3680.316406 
1512321922.060770 0.097000 3496247.250000 3509111.000000 22710 5583.284668 
1512321922.161098 0.102000 3443608.000000 3502560.750000 13626 6387.556152 
1512321922.262204 0.104000 2212769.250000 3373581.500000 0 5748.800781 
1512321922.362302 0.095000 2422400.000000 3278463.250000 0 5173.920898 
1512321922.462004 0.099000 2936242.500000 3244241.250000 0 4656.528809 
1512321922.562116 0.098000 3213387.750000 3241156.000000 0 4190.875977 
1512321922.662500 0.100000 3270240.000000 3244064.500000 0 3771.788330 
1512321922.762721 0.100000 3391360.000000 3258794.000000 0 3394.609375 
1512321922.863008 0.101000 3477702.750000 3280685.000000 0 3055.148438 
1512321922.965312 0.100000 3391360.000000 3291752.500000 1514 2901.033691 
1512321923.067584 0.102000 3443608.000000 3306938.000000 6056 3216.530273 
1512321923.164529 0.097000 3496247.250000 3325869.000000 9084 3803.277344 
1512321923.268106 0.102000 3443608.000000 3337643.000000 9084 4331.349609 
1512321923.365463 0.099000 3547959.500000 3358674.750000 4542 4352.414551 
1512321923.465508 0.102000 2849882.500000 3307795.500000 0 3917.173096 
1512321923.565970 0.097000 3121649.500000 3289181.000000 0 3525.455811 
1512321923.665962 0.098000 3707755.250000 3331038.500000 0 3172.910156 
1512321923.766715 0.100000 3512480.000000 3349182.750000 7570 3612.619141 
1512321923.872425 0.101000 3477702.750000 3362034.750000 10598 4311.157227 
1512321923.966430 0.101000 3477702.750000 3373601.500000 7570 4637.041504 
1512321924.067176 0.107000 3395887.750000 3375830.000000 0 4173.337402 
1512321924.166830 0.099000 2813899.000000 3319637.000000 0 3756.003662 
1512321924.267771 0.099000 3425616.250000 3330235.000000 0 3380.403320 
1512321924.367317 0.100000 3633600.000000 3360571.500000 3028 3345.163086 
1512321924.468101 0.101000 3477702.750000 3372284.500000 12112 4221.846680 
1512321924.568201 0.100000 3512480.000000 3386304.000000 7570 4556.662109 
1512321924.668514 0.101000 3477702.750000 3395444.000000 1514 4252.395996 
1512321924.768645 0.098000 3213387.750000 3377238.500000 0 3827.156494 
1512321924.869303 0.098000 3336979.750000 3373212.500000 0 3444.440918 
1512321924.969117 0.099000 3547959.500000 3390687.250000 0 3099.996826 
1512321925.069062 0.102000 3443608.000000 3395979.250000 1514 2941.397217 
1512321925.169484 0.099000 3425616.250000 3398943.000000 7570 3404.257568 
1512321925.269341 0.101000 3597623.750000 3418811.000000 7570 3820.831787 
1512321925.369844 0.100000 3996960.000000 3476626.000000 0 3438.748535 
1512321925.471069 0.100000 3270240.000000 3455987.500000 0 3094.873779 
1512321925.571069 0.096000 3532666.750000 3463655.500000 0 2785.386475 
1512321925.670730 0.101000 3477702.750000 3465060.250000 10598 3566.647949 
1512321925.771076 0.099000 3547959.500000 3473350.250000 15140 4723.983398 
1512321925.871376 0.101000 4077306.750000 3533746.000000 0 4251.584961 
1512321925.972926 0.101000 2758178.000000 3456189.250000 0 3826.426514 
1512321926.071943 0.099000 3303272.750000 3440897.500000 0 3443.783936 
1512321926.172067 0.098000 3584163.250000 3455224.000000 4542 3553.605469 
1512321926.273962 0.098000 3584163.250000 3468118.000000 7570 3955.244873 
1512321926.373118 0.099000 3425616.250000 3463867.750000 7570 4316.720215 
1512321926.473819 0.101000 3477702.750000 3465251.250000 1514 4036.448242 
1512321926.573557 0.099000 3425616.250000 3461287.750000 0 3632.803467 
1512321926.674741 0.100000 3149120.000000 3430071.000000 0 3269.523193 
1512321926.774760 0.099000 3425616.250000 3429625.500000 0 2942.570801 
1512321926.874360 0.099000 3547959.500000 3441459.000000 1514 2799.713623 
1512321926.974761 0.101000 3357782.000000 3433091.250000 6056 3125.342285 
1512321927.075523 0.102000 3918588.250000 3481641.000000 3028 3115.608154 
1512321927.175937 0.098000 3954939.000000 3528970.750000 0 2804.047363 
1512321927.276070 0.104000 3493846.000000 3525458.250000 1514 2675.042725 
1512321927.376180 0.097000 3496247.250000 3522537.250000 10598 3467.338379 
1512321927.476240 0.099000 3425616.250000 3512845.250000 19682 5088.804688 
1512321927.576443 0.097000 4120577.250000 3573618.500000 6056 5185.524414 
1512321927.677646 0.100000 2422400.000000 3458496.750000 0 4666.972168 
1512321927.777685 0.101000 2998019.750000 3412449.000000 0 4200.274902 
1512321927.878449 0.099000 3425616.250000 3413765.750000 0 3780.247314 
1512321927.977938 0.100000 3391360.000000 3411525.250000 4542 3856.422607 
1512321928.078337 0.102000 3562353.000000 3426608.000000 6056 4076.380371 
1512321928.178801 0.097000 3496247.250000 3433572.000000 4542 4122.942383 
1512321928.278735 0.100000 3391360.000000 3429350.750000 1514 3862.048096 
1512321928.379079 0.102000 3324862.750000 3418902.000000 0 3475.843262 
1512321928.479119 0.098000 3336979.750000 3410709.750000 0 3128.259033 
1512321928.579864 0.101000 3477702.750000 3417409.000000 1514 2966.833008 
1512321928.681350 0.099000 3547959.500000 3430464.000000 4542 3124.349609 
1512321928.781498 0.099000 3425616.250000 3429979.250000 7570 3568.914551 
1512321928.882103 0.101000 3957386.000000 3482720.000000 0 3212.023193 
1512321928.982183 0.098000 3460571.500000 3480505.250000 0 2890.820801 
1512321929.081567 0.098000 3584163.250000 3490871.000000 1514 2753.138672 
1512321929.182010 0.102000 3443608.000000 3486144.750000 12112 3689.024902 
1512321929.282318 0.098000 3584163.250000 3495946.500000 18168 5136.922363 
1512321929.383097 0.101000 4437069.000000 3590058.750000 0 4623.229980 
1512321929.483177 0.102000 2137411.750000 3444794.000000 0 4160.907227 
1512321929.583419 0.098000 3213387.750000 3421653.500000 0 3744.816406 
1512321929.683246 0.101000 3597623.750000 3439250.500000 0 3370.334717 
1512321929.783545 0.097000 3496247.250000 3444950.250000 3028 3336.101318 
1512321929.883929 0.103000 3410174.750000 3441472.750000 7570 3759.491211 
1512321929.984228 0.097000 3496247.250000 3446950.250000 7570 4140.541992 
1512321930.084798 0.101000 3477702.750000 3450025.500000 6056 4332.087891 
1512321930.185646 0.099000 3425616.250000 3447584.500000 0 3898.879150 
1512321930.285243 0.101000 2998019.750000 3402628.000000 0 3508.991211 
1512321930.385842 0.098000 3213387.750000 3383704.000000 0 3158.092041 
1512321930.489253 0.099000 3547959.500000 3400129.500000 0 2842.282715 
1512321930.587156 0.103000 3762951.500000 3436411.750000 0 2558.054443 
1512321930.687028 0.098000 3707755.250000 3463546.000000 0 2302.249023 
1512321930.787255 0.097000 3621113.250000 3479302.750000 6056 2677.624023 
1512321930.888420 0.102000 3562353.000000 3487607.750000 19682 4378.061523 
1512321930.988874 0.099000 3425616.250000 3481408.500000 21196 6059.855469 
1512321931.087969 0.103000 3645359.250000 3497803.500000 0 5453.870117 
1512321931.189263 0.097000 2122721.500000 3360295.250000 0 4908.482910 
1512321931.289434 0.100000 2906880.000000 3314953.750000 0 4417.634766 
1512321931.389348 0.100000 3270240.000000 3310482.500000 0 3975.871338 
1512321931.490530 0.100000 3633600.000000 3342794.250000 1514 3729.684082 
1512321931.590453 0.100000 3512480.000000 3359762.750000 0 3356.715576 
1512321931.690606 0.099000 3425616.250000 3366348.000000 1514 3172.444092 
1512321931.790452 0.101000 3477702.750000 3377483.500000 3028 3157.999756 
1512321931.891918 0.099000 3425616.250000 3382296.750000 7570 3599.199707 
1512321931.991347 0.100000 3391360.000000 3383203.000000 7570 3996.279785 
1512321932.091986 0.100000 3512480.000000 3396130.750000 6056 4202.251953 
1512321932.195274 0.100000 3391360.000000 3395653.750000 3028 4084.826660 
1512321932.292336 0.098000 3460571.500000 3402145.500000 0 3676.343994 
1512321932.392614 0.100000 3270240.000000 3388955.000000 0 3308.709473 
1512321932.493513 0.099000 3425616.250000 3392621.000000 0 2977.838623 
1512321932.594044 0.101000 3597623.750000 3413121.250000 6056 3285.654785 
1512321932.693454 0.098000 3460571.500000 3417866.250000 15140 4471.089355 
1512321932.793681 0.100000 3633600.000000 3439439.500000 10598 5083.780273 
1512321932.894110 0.102000 3206117.750000 3416107.250000 0 4575.402344 
1512321932.993742 0.097000 2747051.500000 3349201.750000 0 4117.862305 
1512321933.096043 0.100000 3391360.000000 3353417.500000 0 3706.076172 
1512321933.194332 0.101000 3597623.750000 3377838.000000 3028 3638.268555 
1512321933.295702 0.100000 3512480.000000 3391302.250000 7570 4031.441650 
1512321933.396309 0.101000 3477702.750000 3399942.250000 6056 4233.897461 
1512321933.495922 0.101000 3477702.750000 3407718.250000 4542 4264.707520 
1512321933.596618 0.100000 3270240.000000 3393970.500000 0 3838.236816 
1512321933.696572 0.099000 3303272.750000 3384900.750000 0 3454.413086 
1512321933.796849 0.098000 3213387.750000 3367749.500000 0 3108.971680 
1512321933.897531 0.099000 3670303.000000 3398004.750000 0 2798.074463 
1512321933.998123 0.101000 3477702.750000 3405974.500000 3028 2821.066895 
1512321934.098873 0.105000 4152685.750000 3480645.500000 0 2538.960205 
1512321934.198547 0.100000 3875840.000000 3520165.000000 0 2285.064209 
1512321934.298846 0.093000 3646623.500000 3532810.750000 6056 2662.157715 
1512321934.402462 0.100000 3512480.000000 3530777.750000 21196 4515.541992 
1512321934.499712 0.103000 3527767.000000 3530476.750000 24224 6486.387695 
1512321934.600657 0.100000 3875840.000000 3565013.000000 0 5837.749023 
1512321934.701688 0.100000 1574560.000000 3365967.750000 0 5253.974121 
1512321934.799651 0.100000 2785760.000000 3307947.000000 0 4728.576660 
1512321934.901661 0.099000 3180929.250000 3295245.250000 0 4255.718750 
1512321935.001407 0.103000 3527767.000000 3318497.500000 0 3830.146973 
1512321935.102087 0.097000 3496247.250000 3336272.500000 0 3447.132324 
1512321935.202052 0.099000 3425616.250000 3345207.000000 0 3102.419189 
1512321935.301857 0.101000 3477702.750000 3358456.500000 1514 2943.577148 
1512321935.402610 0.100000 3512480.000000 3373858.750000 3028 2952.019531 
1512321935.504617 0.099000 3425616.250000 3379034.500000 6056 3262.417480 
1512321935.606907 0.101000 3597623.750000 3400893.500000 10598 3995.975830 
1512321935.703388 0.103000 3527767.000000 3413580.750000 7570 4353.378418 
1512321935.803542 0.098000 3584163.250000 3430639.000000 1514 4069.440674 
1512321935.903545 0.100000 3028000.000000 3390375.000000 0 3662.496582 
1512321936.009750 0.098000 3336979.750000 3385035.500000 0 3296.246826 
1512321936.110369 0.098000 3584163.250000 3404948.250000 3028 3269.422119 
1512321936.206292 0.104000 3610307.500000 3425484.250000 10598 4002.280029 
1512321936.305509 0.098000 3707755.250000 3453711.250000 9084 4510.452148 
1512321936.405302 0.102000 3681098.000000 3476450.000000 0 4059.406982 
1512321936.505577 0.098000 3089796.000000 3437784.500000 0 3653.466309 
1512321936.606480 0.101000 3717544.500000 3465760.500000 0 3288.119629 
1512321936.705625 0.100000 3512480.000000 3470432.500000 7570 3716.307617 
1512321936.806015 0.099000 3547959.500000 3478185.250000 12112 4555.876953 
1512321936.906422 0.101000 3597623.750000 3490129.000000 4542 4554.489258 
1512321937.006372 0.099000 3425616.250000 3483677.750000 0 4099.040527 
1512321937.106869 0.098000 3213387.750000 3456648.750000 0 3689.136475 
1512321937.207189 0.100000 3149120.000000 3425896.000000 0 3320.222900 
1512321937.307634 0.101000 3597623.750000 3443068.750000 0 2988.200684 
1512321937.408325 0.101000 3477702.750000 3446532.250000 1514 2840.780518 
1512321937.508401 0.099000 3547959.500000 3456675.000000 4542 3010.902344 
1512321937.608586 0.098000 3954939.000000 3506501.500000 3028 3012.612061 
1512321937.709420 0.100000 3996960.000000 3555547.250000 0 2711.350830 
1512321937.809594 0.101000 3597623.750000 3559755.000000 1514 2591.615723 
1512321937.909037 0.099000 3547959.500000 3558575.500000 12112 3543.654297 
1512321938.010341 0.099000 3547959.500000 3557514.000000 21196 5308.888672 
1512321938.109802 0.101000 4197227.500000 3621485.250000 9084 5686.399902 
1512321938.213345 0.098000 1977469.500000 3457083.750000 0 5117.759766 
1512321938.312836 0.101000 2878099.000000 3399185.250000 0 4605.983887 
1512321938.412589 0.100000 3270240.000000 3386290.750000 0 4145.385742 
1512321938.511727 0.100000 3512480.000000 3398909.750000 0 3730.847168 
1512321938.611807 0.102000 3562353.000000 3415254.000000 0 3357.762451 
1512321938.712744 0.101000 3477702.750000 3421499.000000 0 3021.986328 
1512321938.813612 0.099000 3547959.500000 3434145.000000 1514 2871.187744 
1512321938.913550 0.096000 3532666.750000 3443997.250000 6056 3189.668945 
1512321939.014085 0.100000 3391360.000000 3438733.500000 10598 3930.501953 
1512321939.115502 0.103000 3527767.000000 3447636.750000 7570 4294.451660 
1512321939.215634 0.099000 3425616.250000 3445434.750000 3028 4167.806641 
1512321939.315702 0.102000 3206117.750000 3421503.000000 0 3751.025879 
1512321939.415689 0.098000 3213387.750000 3400691.500000 0 3375.923340 
1512321939.515532 0.099000 3425616.250000 3403184.000000 0 3038.331055 
1512321939.616164 0.100000 3633600.000000 3426225.500000 0 2734.498047 
1512321939.716115 0.101000 3477702.750000 3431373.250000 9084 3369.448242 
1512321939.816352 0.099000 3547959.500000 3443032.000000 18168 4849.303711 
1512321939.916987 0.100000 4481440.000000 3546872.750000 0 4364.373535 
1512321940.017334 0.101000 2398415.750000 3432027.000000 0 3927.936279 
1512321940.118584 0.102000 3206117.750000 3409436.000000 0 3535.142578 
1512321940.219345 0.099000 3670303.000000 3435522.750000 3028 3484.428223 
1512321940.319365 0.098000 3460571.500000 3438027.500000 10598 4195.785156 
1512321940.419435 0.102000 3443608.000000 3438585.500000 10598 4836.006836 
1512321940.519146 0.100000 3512480.000000 3445975.000000 3028 4655.206055 
1512321940.620345 0.097000 2871917.500000 3388569.250000 0 4189.685547 
1512321940.720899 0.102000 3087372.500000 3358449.500000 0 3770.717041 
1512321940.820899 0.099000 3180929.250000 3340697.500000 0 3393.645264 
1512321940.924996 0.101000 3357782.000000 3342406.000000 0 3054.280762 
1512321941.029270 0.102000 3443608.000000 3352526.250000 0 2748.852783 
1512321941.135103 0.103000 3762951.500000 3393568.750000 0 2473.967529 
1512321941.227507 0.097000 3745979.250000 3428809.750000 1514 2377.970703 
1512321941.327441 0.100000 3512480.000000 3437176.750000 12112 3351.373535 
1512321941.427785 0.101000 3477702.750000 3441229.250000 24224 5438.636230 
1512321941.528451 0.100000 3633600.000000 3460466.250000 18168 6711.572754 
1512321941.635056 0.103000 2351844.750000 3349604.000000 0 6040.415527 
1512321941.728568 0.095000 1912421.125000 3205885.750000 0 5436.374023 
1512321941.829607 0.095000 2932379.000000 3178535.000000 0 4892.736816 
1512321941.930088 0.099000 3180929.250000 3178774.500000 0 4403.462891 
1512321942.029790 0.105000 3114514.500000 3172348.500000 0 3963.116699 
1512321942.129786 0.095000 3314863.250000 3186600.000000 0 3566.804932 
1512321942.230474 0.106000 3199396.250000 3187879.500000 0 3210.124512 
1512321942.330267 0.094000 3350127.750000 3204104.250000 0 2889.112061 
1512321942.430525 0.101000 3477702.750000 3231464.000000 0 2600.200928 
1512321942.536395 0.101000 3477702.750000 3256088.000000 4542 2794.380859 
1512321942.633172 0.098000 3460571.500000 3276536.250000 12112 3726.142822 
1512321942.731631 0.104000 4076153.750000 3356498.000000 3028 3656.328613 
1512321942.832005 0.097000 3246515.250000 3345499.750000 0 3290.695801 
1512321942.933448 0.101000 3477702.750000 3358720.000000 0 2961.626221 
1512321943.032566 0.103000 3527767.000000 3375624.750000 6056 3271.063477 
1512321943.132892 0.096000 3532666.750000 3391329.000000 15140 4457.957031 
1512321943.233515 0.100000 4239200.000000 3476116.000000 4542 4466.361328 
1512321943.333805 0.100000 3028000.000000 3431304.500000 0 4019.725098 
1512321943.434075 0.099000 3180929.250000 3406267.000000 0 3617.752686 
1512321943.534351 0.099000 3670303.000000 3432670.500000 3028 3558.777344 
1512321943.635329 0.100000 3512480.000000 3440651.500000 10598 4262.699707 
1512321943.735317 0.099000 3547959.500000 3451382.250000 10598 4896.229492 
1512321943.835963 0.100000 3512480.000000 3457492.000000 4542 4860.806641 
1512321943.936195 0.100000 2785760.000000 3390318.750000 0 4374.726074 
1512321944.037013 0.100000 3028000.000000 3354087.000000 0 3937.253418 
1512321944.136193 0.101000 3117940.500000 3330472.250000 0 3543.528076 
1512321944.235772 0.100000 3391360.000000 3336561.000000 0 3189.175293 
1512321944.337915 0.100000 3391360.000000 3342041.000000 0 2870.257812 
1512321944.436994 0.099000 3670303.000000 3374867.250000 0 2583.231934 
1512321944.537088 0.101000 3717544.500000 3409135.000000 0 2324.908691 
1512321944.637896 0.100000 3754720.000000 3443693.500000 4542 2546.617920 
1512321944.737841 0.098000 3460571.500000 3445381.250000 18168 4108.755859 
1512321944.838559 0.099000 3547959.500000 3455639.000000 24224 6120.280273 
1512321944.937957 0.102000 4274823.500000 3537557.500000 0 5508.252441 
1512321945.038239 0.099000 1468121.250000 3330614.000000 0 4957.427246 
1512321945.138631 0.098000 2719020.500000 3269454.750000 0 4461.684570 
1512321945.239080 0.104000 3377384.500000 3280247.750000 0 4015.516113 
1512321945.340138 0.095000 3569852.750000 3309208.250000 0 3613.964600 
1512321945.440015 0.101000 3597623.750000 3338049.750000 1514 3403.968262 
1512321945.539894 0.101000 3477702.750000 3352015.000000 3028 3366.371338 
1512321945.645483 0.097000 3371381.250000 3353951.500000 4542 3483.934082 
1512321945.750020 0.103000 3527767.000000 3371333.000000 4542 3589.740723 
1512321945.841988 0.107000 3395887.750000 3373788.500000 4542 3684.966553 
1512321945.942098 0.090000 3499022.000000 3386311.750000 3028 3619.270020 
1512321946.043212 0.101000 3477702.750000 3395450.750000 4542 3711.542969 
1512321946.146858 0.105000 3460571.500000 3401962.750000 3028 3643.188721 
1512321946.243075 0.093000 3646623.500000 3426428.750000 0 3278.869873 
1512321946.343768 0.101000 3477702.750000 3431556.250000 0 2950.982910 
1512321946.443499 0.100000 3512480.000000 3439648.500000 6056 3261.484619 
1512321946.544071 0.101000 3597623.750000 3455446.000000 15140 4449.335938 
1512321946.644640 0.103000 3410174.750000 3450919.000000 16654 5669.802246 
1512321946.745086 0.095000 3824842.250000 3488311.250000 0 5102.822266 
1512321946.844786 0.099000 2079838.375000 3347464.000000 0 4592.540039 
1512321946.945443 0.101000 3117940.500000 3324511.750000 0 4133.286133 
1512321947.045384 0.100000 3633600.000000 3355420.500000 0 3719.957520 
1512321947.145324 0.099000 3547959.500000 3374674.500000 1514 3499.361816 
1512321947.245591 0.099000 3547959.500000 3392003.000000 3028 3452.225586 
1512321947.346292 0.101000 3597623.750000 3412565.000000 3028 3409.802979 
1512321947.446489 0.101000 3597623.750000 3431071.000000 3028 3371.622559 
1512321947.546963 0.099000 3670303.000000 3454994.250000 1514 3185.860352 
1512321947.646841 0.100000 3633600.000000 3472854.750000 0 2867.274414 
1512321947.749047 0.100000 3875840.000000 3513153.250000 0 2580.546875 
1512321947.905979 0.128000 4447375.000000 3606575.500000 0 2322.492188 
1512321947.948898 0.076000 5099789.500000 3755897.000000 0 2090.242920 
1512321948.049774 0.097000 4994639.000000 3879771.250000 3028 2184.018555 
1512321948.149302 0.100000 5087040.000000 4000498.000000 9084 2874.016602 
1512321948.249543 0.098000 4943673.500000 4094815.500000 15140 4100.615234 
1512321948.349715 0.100000 5087040.000000 4194038.000000 9084 4598.953613 
1512321948.449851 0.100000 4481440.000000 4222778.000000 0 4139.058105 
1512321948.551005 0.100000 4239200.000000 4224420.000000 0 3725.152344 
1512321948.651371 0.101000 4676910.500000 4269669.000000 0 3352.637207 
1512321948.752550 0.098000 4696490.000000 4312351.000000 0 3017.373535 
1512321948.851239 0.106000 4913358.500000 4372452.000000 0 2715.636230 
1512321948.951686 0.095000 5099789.500000 4445186.000000 0 2444.072510 
1512321949.052053 0.098000 5067265.500000 4507394.000000 3028 2502.465332 
1512321949.152581 0.102000 4987294.000000 4555384.000000 9084 3160.618896 
1512321949.252827 0.104000 5007846.000000 4600630.000000 10598 3904.356934 
1512321949.353271 0.094000 5025191.500000 4643086.000000 3028 3816.721191 
1512321949.453317 0.101000 4437069.000000 4622484.500000 0 3435.049072 
1512321949.553282 0.100000 4481440.000000 4608380.000000 0 3091.544189 
1512321949.653329 0.099000 4649050.500000 4612447.000000 0 2782.389648 
1512321949.753927 0.099000 5016081.000000 4652810.500000 0 2504.150635 
1512321949.854125 0.099000 5138424.500000 4701372.000000 0 2253.735596 
1512321949.954278 0.104000 5007846.000000 4732019.500000 6056 2633.961914 
1512321950.054312 0.097000 4994639.000000 4758281.500000 13626 3733.165771 
1512321950.156422 0.100000 5087040.000000 4791157.500000 6056 3965.449219 
1512321950.256313 0.098000 4325714.500000 4744613.000000 0 3568.904297 
1512321950.356715 0.101000 4437069.000000 4713858.500000 0 3212.013916 
1512321950.456519 0.098000 4572898.000000 4699762.500000 0 2890.812500 
1512321950.556053 0.100000 4844800.000000 4714266.000000 0 2601.731201 
1512321950.657251 0.101000 5036673.000000 4746506.500000 0 2341.558105 
1512321950.756987 0.099000 5016081.000000 4773464.000000 1514 2258.802246 
1512321950.857163 0.100000 4965920.000000 4792709.500000 7570 2789.922119 
1512321950.957034 0.100000 5087040.000000 4822142.500000 10598 3570.729980 
1512321951.057710 0.104000 4891384.500000 4829066.500000 4542 3667.856934 
1512321951.157875 0.099000 4649050.500000 4811065.000000 0 3301.071289 
1512321951.260250 0.099000 4649050.500000 4794863.500000 0 2970.964111 
1512321951.360556 0.098000 4696490.000000 4785026.000000 0 2673.867676 
1512321951.460349 0.101000 5036673.000000 4810190.500000 0 2406.480957 
1512321951.560784 0.099000 5016081.000000 4830779.500000 1514 2317.232910 
1512321951.660915 0.099000 5016081.000000 4849309.500000 7570 2842.509766 
1512321951.761023 0.099000 5138424.500000 4878221.000000 7570 3315.258789 
1512321951.861282 0.100000 4965920.000000 4886991.000000 6056 3589.333008 
1512321951.961529 0.101000 4916752.500000 4889967.000000 0 3230.399658 
1512321952.062007 0.101000 4317148.500000 4832685.000000 0 2907.359619 
1512321952.162015 0.099000 4771394.000000 4826556.000000 0 2616.623535 
1512321952.262674 0.100000 4965920.000000 4840492.500000 1514 2506.361084 
1512321952.364138 0.105000 4960152.500000 4852458.500000 3028 2558.524902 
1512321952.463906 0.098000 5067265.500000 4873939.000000 7570 3059.672363 
1512321952.563762 0.100000 4965920.000000 4883137.000000 10598 3813.505127 
1512321952.664386 0.102000 4987294.000000 4893552.500000 3028 3734.954590 
1512321952.763829 0.098000 4078530.750000 4812050.500000 0 3361.459229 
1512321952.864801 0.102000 4393568.500000 4770202.500000 0 3025.313232 
1512321952.965088 0.097000 4620041.000000 4755186.500000 0 2722.781982 
1512321953.065274 0.101000 5036673.000000 4783335.000000 0 2450.503906 
1512321953.165620 0.099000 5138424.500000 4818844.000000 0 2205.453613 
1512321953.266128 0.099000 5016081.000000 4838567.500000 3028 2287.708252 
1512321953.366030 0.101000 5036673.000000 4858378.000000 10598 3118.737549 
1512321953.466410 0.098000 5067265.500000 4879267.000000 9084 3715.263916 
1512321953.566473 0.100000 4965920.000000 4887932.500000 1514 3495.137451 
1512321953.666483 0.100000 4360320.000000 4835171.000000 0 3145.623779 
1512321953.766763 0.100000 4602560.000000 4811910.000000 0 2831.061523 
1512321953.866848 0.099000 4893737.500000 4820093.000000 0 2547.955322 
1512321953.967194 0.102000 5106039.500000 4848687.500000 0 2293.159668 
1512321954.067971 0.098000 4943673.500000 4858186.000000 4542 2518.043701 
1512321954.167728 0.101000 5036673.000000 4876034.500000 9084 3174.639404 
1512321954.268755 0.100000 4965920.000000 4885023.000000 9084 3765.575439 
1512321954.369089 0.100000 5087040.000000 4905224.500000 0 3389.017822 
1512321954.469668 0.103000 3998136.000000 4814515.500000 0 3050.115967 
1512321954.569101 0.096000 4542000.000000 4787264.000000 0 2745.104492 
1512321954.669139 0.100000 4965920.000000 4805129.500000 0 2470.593994 
1512321954.769863 0.100000 5087040.000000 4833320.500000 1514 2374.934570 
1512321954.869639 0.101000 5036673.000000 4853656.000000 4542 2591.641113 
1512321954.969896 0.100000 4965920.000000 4864882.500000 10598 3392.277100 
1512321955.070216 0.100000 4965920.000000 4874986.000000 7570 3810.049316 
1512321955.170524 0.099000 4893737.500000 4876861.000000 0 3429.044434 
1512321955.270691 0.098000 4325714.500000 4821746.500000 0 3086.139893 
1512321955.370925 0.102000 4631059.000000 4802678.000000 0 2777.525879 
1512321955.471599 0.100000 4844800.000000 4806890.000000 0 2499.773193 
1512321955.572751 0.098000 5067265.500000 4832927.500000 0 2249.795898 
1512321955.672017 0.104000 5124307.500000 4862065.500000 3028 2327.616211 
1512321955.772632 0.098000 4943673.500000 4870226.500000 12112 3306.054688 
1512321955.872171 0.097000 4994639.000000 4882668.000000 9084 3883.849121 
1512321955.972929 0.104000 4774923.000000 4871893.500000 0 3495.464111 
1512321956.074267 0.100000 4239200.000000 4808624.000000 0 3145.917725 
1512321956.173980 0.098000 4572898.000000 4785051.500000 0 2831.325928 
1512321956.273915 0.098000 4820082.000000 4788554.500000 0 2548.193359 
1512321956.374516 0.101000 5156594.000000 4825358.500000 0 2293.374023 
1512321956.474344 0.102000 4987294.000000 4841552.000000 4542 2518.236572 
1512321956.574542 0.098000 5067265.500000 4864123.500000 9084 3174.812988 
1512321956.674556 0.100000 4965920.000000 4874303.000000 7570 3614.331787 
1512321956.776265 0.098000 5067265.500000 4893599.000000 1514 3404.298584 
1512321956.877193 0.103000 4586097.000000 4862849.000000 0 3063.868652 
1512321956.977079 0.103000 4468505.000000 4823414.500000 0 2757.481689 
1512321957.077560 0.098000 4943673.500000 4835440.500000 0 2481.733398 
1512321957.177804 0.100000 4965920.000000 4848488.500000 4542 2687.760010 
1512321957.282444 0.099000 5016081.000000 4865248.000000 7570 3175.984131 
1512321957.386482 0.100000 5087040.000000 4887427.000000 4542 3312.585693 
1512321957.488599 0.103000 5056466.000000 4904331.000000 0 2981.327148 
1512321957.584705 0.101000 4676910.500000 4881589.000000 0 2683.194336 
1512321957.684189 0.102000 4749804.000000 4868410.500000 0 2414.875000 
1512321957.784516 0.096000 4920500.000000 4873619.500000 4542 2627.587402 
1512321957.884090 0.100000 5087040.000000 4894961.500000 7570 3121.828613 
1512321957.984949 0.099000 5016081.000000 4907073.500000 7570 3566.645752 
1512321958.084505 0.101000 5036673.000000 4920033.500000 3028 3512.781250 
1512321958.184857 0.101000 4556990.000000 4883729.000000 0 3161.503174 
1512321958.286081 0.100000 4481440.000000 4843500.000000 0 2845.352783 
1512321958.385751 0.098000 4820082.000000 4841158.000000 0 2560.817383 
1512321958.486650 0.100000 5087040.000000 4865746.000000 0 2304.735596 
1512321958.586713 0.100000 5087040.000000 4887875.500000 1514 2225.662109 
1512321958.686700 0.103000 4938874.000000 4892975.500000 9084 2911.495850 
1512321958.786668 0.096000 5046666.500000 4908344.500000 12112 3831.546387 
1512321958.887200 0.100000 4965920.000000 4914102.000000 4542 3902.591797 
1512321958.987226 0.101000 4077306.750000 4830422.500000 0 3512.332520 
1512321959.087580 0.099000 4282020.000000 4775582.000000 0 3161.099365 
1512321959.188040 0.100000 4602560.000000 4758280.000000 0 2844.989502 
1512321959.287902 0.100000 4844800.000000 4766932.000000 0 2560.490479 
1512321959.389957 0.100000 4965920.000000 4786831.000000 0 2304.441406 
1512321959.489100 0.099000 5138424.500000 4821990.500000 0 2073.997314 
1512321959.589006 0.102000 4987294.000000 4838521.000000 6056 2472.197510 
1512321959.690904 0.099000 5016081.000000 4856277.000000 13626 3587.577637 
1512321959.789694 0.104000 5007846.000000 4871434.000000 7570 3985.819824 
1512321959.889986 0.097000 4620041.000000 4846294.500000 0 3587.237793 
1512321959.990454 0.101000 4317148.500000 4793380.000000 0 3228.513916 
1512321960.090419 0.098000 4572898.000000 4771332.000000 0 2905.662598 
1512321960.191217 0.103000 4703689.500000 4764568.000000 0 2615.096436 
1512321960.291376 0.098000 5067265.500000 4794838.000000 0 2353.586914 
1512321960.391691 0.099000 5016081.000000 4816962.500000 3028 2421.028320 
1512321960.492577 0.101000 5036673.000000 4838933.500000 6056 2784.525391 
1512321960.592155 0.101000 5036673.000000 4858707.500000 9084 3414.472900 
1512321960.692629 0.099000 5016081.000000 4874445.000000 4542 3527.225586 
1512321960.793555 0.097000 4994639.000000 4886464.500000 0 3174.502930 
1512321960.893934 0.100000 4481440.000000 4845962.000000 0 2857.052734 
1512321960.994085 0.102000 4868549.000000 4848220.500000 0 2571.347412 
1512321961.094058 0.099000 4893737.500000 4852772.000000 3028 2617.012695 
1512321961.194279 0.099000 5016081.000000 4869103.000000 6056 2960.911377 
1512321961.294118 0.098000 5067265.500000 4888919.000000 9084 3573.220215 
1512321961.394162 0.100000 4965920.000000 4896619.000000 4542 3670.098145 
1512321961.494301 0.099000 4771394.000000 4884096.500000 0 3303.088379 
1512321961.594302 0.098000 4449306.000000 4840617.500000 0 2972.779541 
1512321961.694508 0.100000 4723680.000000 4828924.000000 0 2675.501465 
1512321961.794721 0.100000 4965920.000000 4842623.500000 0 2407.951416 
1512321961.895224 0.101000 5036673.000000 4862028.500000 1514 2318.556152 
1512321961.995304 0.099000 5016081.000000 4877434.000000 6056 2692.300537 
1512321962.095281 0.099000 5016081.000000 4891298.500000 12112 3634.270508 
1512321962.195631 0.100000 5087040.000000 4910872.500000 4542 3725.043457 
1512321962.295784 0.101000 4437069.000000 4863492.000000 0 3352.539062 
1512321962.396089 0.099000 4404363.500000 4817579.000000 0 3017.285156 
1512321962.496328 0.102000 4749804.000000 4810801.500000 0 2715.556641 
1512321962.596640 0.098000 4820082.000000 4811729.500000 0 2444.000977 
1512321962.696658 0.099000 5016081.000000 4832164.500000 3028 2502.400879 
1512321962.797289 0.101000 5036673.000000 4852615.500000 6056 2857.760742 
1512321962.897626 0.100000 5087040.000000 4876058.000000 7570 3328.984619 
1512321963.000337 0.098000 4943673.500000 4882819.500000 6056 3601.686035 
1512321963.098253 0.108000 4934518.500000 4887989.500000 0 3241.517334 
1512321963.198216 0.093000 4428043.000000 4841995.000000 0 2917.365723 
1512321963.298578 0.101000 4676910.500000 4825486.500000 0 2625.629150 
1512321963.399186 0.101000 5036673.000000 4846605.000000 0 2363.066162 
1512321963.500000 0.097000 5119505.000000 4873895.000000 3028 2429.559570 
1512321963.599159 0.101000 5036673.000000 4890173.000000 9084 3095.003662 
1512321963.699353 0.098000 5067265.500000 4907882.000000 10598 3845.303223 
1512321963.800031 0.101000 5036673.000000 4920761.000000 0 3460.772949 
1512321963.900002 0.099000 4037333.250000 4832418.000000 0 3114.695557 
1512321964.000232 0.099000 4649050.500000 4814081.000000 0 2803.226074 
1512321964.101085 0.100000 4844800.000000 4817153.000000 0 2522.903564 
1512321964.200781 0.101000 5036673.000000 4839105.000000 1514 2422.013184 
1512321964.301178 0.098000 4943673.500000 4849562.000000 6056 2785.411865 
1512321964.401558 0.100000 4965920.000000 4861198.000000 10598 3566.670654 
1512321964.502139 0.101000 5156594.000000 4890737.500000 1514 3361.403564 
1512321964.602054 0.098000 4449306.000000 4846594.500000 0 3025.263184 
1512321964.702735 0.100000 4723680.000000 4834303.000000 0 2722.736816 
1512321964.802346 0.099000 4771394.000000 4828012.000000 1514 2601.863037 
1512321964.902507 0.101000 5036673.000000 4848878.000000 4542 2795.876709 
1512321965.002408 0.098000 4943673.500000 4858357.500000 7570 3273.289062 
1512321965.104018 0.102000 4987294.000000 4871251.000000 6056 3551.560059 
1512321965.203130 0.099000 5016081.000000 4885734.000000 0 3196.404053 
1512321965.303358 0.101000 4437069.000000 4840867.500000 0 2876.763672 
1512321965.403783 0.098000 4820082.000000 4838789.000000 0 2589.087402 
1512321965.504436 0.099000 4893737.500000 4844284.000000 0 2330.178711 
1512321965.604131 0.098000 5190857.500000 4878941.500000 3028 2399.960938 
1512321965.704841 0.100000 4965920.000000 4887639.500000 10598 3219.764893 
1512321965.805219 0.105000 4960152.500000 4894891.000000 9084 3806.188477 
1512321965.905699 0.097000 4994639.000000 4904866.000000 0 3425.569580 
1512321966.005608 0.099000 4037333.250000 4818112.500000 0 3083.012695 
1512321966.105391 0.101000 4556990.000000 4792000.000000 0 2774.711426 
1512321966.206386 0.098000 4943673.500000 4807167.500000 0 2497.240234 
1512321966.306736 0.100000 4965920.000000 4823043.000000 0 2247.516113 
1512321966.406190 0.101000 5156594.000000 4856398.000000 3028 2325.564453 
1512321966.506747 0.098000 4943673.500000 4865125.500000 10598 3152.808105 
1512321966.606781 0.100000 5087040.000000 4887317.000000 9084 3745.927246 
1512321966.707124 0.100000 4965920.000000 4895177.500000 1514 3522.734619 
1512321966.807427 0.099000 4159676.750000 4821627.500000 0 3170.461182 
1512321966.907760 0.100000 4481440.000000 4787609.000000 0 2853.415039 
1512321967.009215 0.099000 4893737.500000 4798222.000000 0 2568.073486 
1512321967.108944 0.099000 5016081.000000 4820008.000000 0 2311.266113 
1512321967.209055 0.105000 4960152.500000 4834022.500000 3028 2382.939453 
1512321967.309795 0.095000 4972295.000000 4847850.000000 9084 3053.045410 
1512321967.411404 0.102000 4987294.000000 4861794.500000 10598 3807.541016 
1512321967.511477 0.102000 4987294.000000 4874344.500000 6056 4032.386963 
1512321967.609819 0.096000 4163500.000000 4803260.000000 0 3629.148193 
1512321967.710322 0.099000 4159676.750000 4738901.500000 0 3266.233398 
1512321967.811365 0.100000 4481440.000000 4713155.500000 0 2939.610107 
1512321967.912198 0.102000 4749804.000000 4716820.500000 0 2645.649170 
1512321968.012706 0.098000 4943673.500000 4739506.000000 0 2381.084229 
1512321968.113494 0.101000 5036673.000000 4769222.500000 0 2142.975830 
1512321968.213002 0.098000 5067265.500000 4799027.000000 4542 2382.878174 
1512321968.313468 0.102000 5106039.500000 4829728.000000 10598 3204.390381 
1512321968.413678 0.098000 4943673.500000 4841122.500000 10598 3943.751465 
1512321968.513592 0.099000 5016081.000000 4858618.500000 1514 3700.776367 
1512321968.615471 0.099000 4037333.250000 4776490.000000 0 3330.698730 
1512321968.718164 0.104000 4425538.500000 4741395.000000 0 2997.628906 
1512321968.817190 0.097000 4620041.000000 4729259.500000 0 2697.865967 
1512321968.915278 0.104000 4891384.500000 4745472.000000 0 2428.079346 
1512321969.014490 0.098000 5190857.500000 4790010.500000 0 2185.271484 
1512321969.116569 0.102000 4987294.000000 4809739.000000 6056 2572.344238 
1512321969.216324 0.099000 5138424.500000 4842607.500000 12112 3526.309814 
1512321969.315681 0.100000 4965920.000000 4854939.000000 7570 3930.678711 
1512321969.415359 0.099000 4649050.500000 4834350.000000 0 3537.610840 
1512321969.515623 0.100000 4239200.000000 4774835.000000 0 3183.849854 
1512321969.615946 0.099000 4526707.000000 4750022.000000 0 2865.464844 
1512321969.716469 0.100000 4844800.000000 4759500.000000 0 2578.918457 
1512321969.816847 0.100000 5087040.000000 4792254.000000 0 2321.026611 
1512321969.917331 0.101000 5036673.000000 4816696.000000 3028 2391.723877 
1512321970.017376 0.100000 4965920.000000 4831618.500000 7570 2909.551514 
1512321970.117603 0.099000 5138424.500000 4862299.000000 9084 3526.996338 
1512321970.218142 0.100000 4965920.000000 4872661.000000 1514 3325.696777 
1512321970.317884 0.104000 4658461.500000 4851241.000000 0 2993.127197 
1512321970.418222 0.094000 3221276.750000 4688244.500000 0 2693.814453 
1512321970.518247 0.100000 2543520.000000 4473772.000000 0 2424.433105 
1512321970.618387 0.102000 2612392.250000 4287634.000000 0 2181.989746 
1512321970.719834 0.096000 2901833.250000 4149054.000000 0 1963.790771 
1512321970.820198 0.101000 2998019.750000 4033950.500000 0 1767.411743 
1512321970.919438 0.099000 3303272.750000 3960882.750000 0 1590.670532 
1512321971.019560 0.101000 3597623.750000 3924556.750000 0 1431.603516 
1512321971.119435 0.098000 4202122.500000 3952313.250000 0 1288.443115 
1512321971.220309 0.105000 4498743.000000 4006956.250000 1514 1310.998779 
1512321971.320500 0.100000 4481440.000000 4054404.500000 0 1179.898926 
1512321971.420599 0.098000 4572898.000000 4106253.750000 3028 1364.708984 
1512321971.520683 0.097000 4994639.000000 4195092.500000 0 1228.238037 
1512321971.620819 0.100000 4844800.000000 4260063.000000 0 1105.414185 
1512321971.721894 0.100000 4965920.000000 4330648.500000 1514 1146.272705 
1512321971.821507 0.100000 4965920.000000 4394175.500000 0 1031.645386 
1512321971.921513 0.100000 4965920.000000 4451350.000000 1514 1079.880859 
1512321972.022235 0.101000 5036673.000000 4509882.500000 1514 1123.292725 
1512321972.123098 0.100000 4965920.000000 4555486.000000 0 1010.963440 
1512321972.223444 0.099000 4893737.500000 4589311.000000 0 909.867065 
1512321972.323503 0.099000 5016081.000000 4631988.000000 1514 970.280334 
1512321972.423382 0.099000 5016081.000000 4670397.500000 3028 1176.052246 
1512321972.524267 0.099000 5016081.000000 4704966.000000 1514 1209.847046 
1512321972.624057 0.103000 4938874.000000 4728357.000000 0 1088.862305 
1512321972.723794 0.096000 5046666.500000 4760188.000000 0 979.976074 
1512321972.824885 0.101000 4796831.500000 4763852.500000 0 881.978455 
1512321972.925146 0.100000 4965920.000000 4784059.000000 0 793.780640 
1512321973.024963 0.098000 4820082.000000 4787661.500000 0 714.402588 
1512321973.124776 0.100000 4965920.000000 4805487.500000 0 642.962341 
1512321973.224977 0.099000 4893737.500000 4814312.500000 0 578.666138 
1512321973.325454 0.100000 4844800.000000 4817361.000000 0 520.799500 
1512321973.425308 0.101000 4916752.500000 4827300.000000 0 468.719543 
1512321973.525648 0.100000 4844800.000000 4829050.000000 0 421.847595 
1512321973.626093 0.099000 4893737.500000 4835519.000000 0 379.662842 
1512321973.726636 0.099000 4893737.500000 4841341.000000 0 341.696564 
1512321973.826509 0.100000 4844800.000000 4841687.000000 0 307.526917 
1512321973.926545 0.099000 4893737.500000 4846892.000000 0 276.774231 
1512321974.027097 0.100000 4844800.000000 4846683.000000 0 249.096802 
1512321974.127080 0.099000 4893737.500000 4851388.500000 0 224.187119 
1512321974.227167 0.101000 4916752.500000 4857925.000000 0 201.768402 
1512321974.327270 0.099000 4893737.500000 4861506.000000 0 181.591568 
1512321974.427408 0.100000 4844800.000000 4859835.500000 0 163.432404 
1512321974.527634 0.100000 4844800.000000 4858332.000000 0 147.089157 
1512321974.627979 0.100000 4965920.000000 4869091.000000 0 132.380249 
1512321974.728286 0.098000 4820082.000000 4864190.000000 0 119.142227 
1512321974.828406 0.100000 4965920.000000 4874363.000000 0 107.228004 
1512321974.928600 0.098000 4943673.500000 4881294.000000 0 96.505203 
1512321975.028595 0.099000 4893737.500000 4882538.500000 0 86.854683 
1512321975.131014 0.100000 4844800.000000 4878764.500000 0 78.169212 
1512321975.229880 0.099000 4893737.500000 4880262.000000 0 70.352295 
1512321975.329798 0.100000 4844800.000000 4876716.000000 0 63.317066 
1512321975.430118 0.102000 4868549.000000 4875899.500000 0 56.985359 
1512321975.530003 0.099000 4893737.500000 4877683.500000 0 51.286823 
1512321975.630474 0.099000 4893737.500000 4879289.000000 0 46.158142 
1512321975.731207 0.101000 4796831.500000 4871043.000000 0 41.542328 
1512321975.831338 0.098000 4943673.500000 4878306.000000 0 37.388096 
1512321975.932287 0.100000 4965920.000000 4887067.500000 0 33.649284 
1512321976.031429 0.099000 4771394.000000 4875500.000000 0 30.284355 
1512321976.131521 0.101000 4916752.500000 4879625.000000 0 27.255920 
1512321976.231985 0.098000 4943673.500000 4886030.000000 0 24.530329 
1512321976.332216 0.100000 4844800.000000 4881907.000000 0 22.077295 
1512321976.433057 0.101000 4916752.500000 4885391.500000 0 19.869566 
1512321976.532992 0.099000 4771394.000000 4873992.000000 0 17.882610 
1512321976.633200 0.101000 4916752.500000 4878268.000000 0 16.094349 
1512321976.733179 0.099000 4893737.500000 4879815.000000 0 14.484914 
1512321976.833633 0.099000 4893737.500000 4881207.000000 0 13.036423 
1512321976.933332 0.099000 4893737.500000 4882460.000000 0 11.732780 
1512321977.034278 0.101000 4916752.500000 4885889.000000 0 10.559503 
1512321977.134557 0.099000 4893737.500000 4886674.000000 0 9.503552 
1512321977.234420 0.099000 4771394.000000 4875146.000000 1514 159.953201 
1512321977.334659 0.100000 4965920.000000 4884223.500000 0 143.957886 
1512321977.435271 0.100000 4844800.000000 4880281.000000 0 129.562103 
1512321977.535104 0.101000 4916752.500000 4883928.000000 0 116.605896 
1512321977.635412 0.098000 4820082.000000 4877543.500000 0 104.945305 
1512321977.736037 0.099000 4893737.500000 4879163.000000 0 94.450775 
1512321977.835785 0.101000 4916752.500000 4882922.000000 0 85.005699 
1512321977.936419 0.099000 4893737.500000 4884003.500000 0 76.505127 
1512321978.036164 0.102000 4868549.000000 4882458.000000 0 68.854614 
1512321978.136557 0.098000 4820082.000000 4876220.500000 0 61.969154 
1512321978.236705 0.100000 4965920.000000 4885190.500000 0 55.772240 
1512321978.336931 0.099000 4893737.500000 4886045.000000 0 50.195015 
1512321978.437285 0.100000 4844800.000000 4881920.500000 0 45.175514 
1512321978.538115 0.099000 4893737.500000 4883102.000000 0 40.657963 
1512321978.638028 0.101000 4916752.500000 4886467.000000 0 36.592167 
1512321978.738168 0.099000 4893737.500000 4887194.000000 0 32.932949 
1512321978.838299 0.101000 4796831.500000 4878158.000000 0 29.639654 
1512321978.939004 0.100000 4965920.000000 4886934.000000 0 26.675690 
1512321979.039343 0.102000 4868549.000000 4885095.500000 0 24.008121 
1512321979.139799 0.098000 4820082.000000 4878594.000000 0 21.607309 
1512321979.243629 0.100000 4844800.000000 4875214.500000 0 19.446579 
1512321979.345489 0.100000 4965920.000000 4884285.000000 0 17.501921 
1512321979.442263 0.100000 4844800.000000 4880336.500000 0 15.751729 
1512321979.542586 0.100000 4844800.000000 4876783.000000 0 14.176556 
1512321979.643719 0.100000 4965920.000000 4885696.500000 0 12.758900 
1512321979.750460 0.102000 4868549.000000 4883982.000000 0 11.483009 
1512321979.849484 0.098000 4820082.000000 4877592.000000 0 10.334708 
1512321979.949750 0.099000 4893737.500000 4879206.500000 0 9.301237 
1512321979.997108 0.099000 4893737.500000 4880659.500000 0 8.371114 
1512321980.151433 0.100000 4844800.000000 4877073.500000 0 7.534002 
1512321980.251199 0.101000 4916752.500000 4881041.500000 0 6.780602 
1512321980.350109 0.098000 4943673.500000 4887304.500000 0 6.102542 
1512321980.452033 0.102000 4868549.000000 4885429.000000 0 5.492288 
1512321980.550746 0.101000 4796831.500000 4876569.000000 0 4.943059 
1512321980.651340 0.100000 4965920.000000 4885504.000000 0 4.448753 
1512321980.752718 0.100000 4844800.000000 4881433.500000 0 4.003878 
1512321980.851867 0.098000 4943673.500000 4887657.500000 0 3.603490 
1512321980.954032 0.100000 4844800.000000 4883372.000000 0 3.243141 
1512321981.052431 0.102000 4868549.000000 4881889.500000 0 2.918827 
1512321981.100849 0.097000 4869773.000000 4880678.000000 0 2.626944 
1512321981.252900 0.103000 4938874.000000 4886497.500000 0 2.364250 
1512321981.354439 0.095000 4844800.000000 4882328.000000 0 2.127825 
1512321981.454858 0.100000 4844800.000000 4878575.000000 0 1.915042 
1512321981.555080 0.101000 4916752.500000 4882393.000000 0 1.723538 
1512321981.655946 0.101000 4796831.500000 4873837.000000 0 1.551184 
1512321981.703236 0.099000 4893737.500000 4875827.000000 0 1.396066 
1512321981.803889 0.100000 4965920.000000 4884836.500000 0 1.256459 
1512321981.904024 0.098000 4820082.000000 4878361.000000 0 1.130813 
1512321982.056810 0.101000 4916752.500000 4882200.000000 0 1.017732 
1512321982.104889 0.099000 4893737.500000 4883354.000000 0 0.915959 
1512321982.258097 0.099000 4893737.500000 4884392.500000 0 0.824363 
1512321982.357813 0.103000 4821281.500000 4878081.500000 0 0.741927 
1512321982.457728 0.098000 4943673.500000 4884640.500000 0 0.667734 
1512321982.558512 0.101000 4916752.500000 4887851.500000 0 0.600960 
1512321982.659887 0.100000 4844800.000000 4883546.500000 0 0.540864 
1512321982.757750 0.101000 4676910.500000 4862883.000000 0 0.486778 
1512321982.857902 0.096000 0.000000 4376594.500000 0 0.438100 
1512321982.906847 0.098000 0.000000 3938935.000000 0 0.394290 
1512321983.007252 0.100000 0.000000 3545041.500000 0 0.354861 
1512321983.109654 0.100000 0.000000 3190537.250000 0 0.319375 
1512321983.207990 0.100000 0.000000 2871483.500000 0 0.287438 
1512321983.308241 0.103000 0.000000 2584335.250000 0 0.258694 
1512321983.408568 0.096000 0.000000 2325901.750000 0 0.232824 
1512321983.508916 0.100000 0.000000 2093311.625000 0 0.209542 
1512321983.609912 0.101000 0.000000 1883980.500000 0 0.188588 
1512321983.709946 0.099000 0.000000 1695582.500000 0 0.169729 
1512321983.809770 0.100000 0.000000 1526024.250000 0 0.152756 
1512321983.911274 0.102000 0.000000 1373421.875000 0 0.137480 
1512321984.011336 0.095000 0.000000 1236079.750000 0 0.123732 
1512321984.110408 0.099000 0.000000 1112471.750000 0 0.111359 
1512321984.211231 0.100000 0.000000 1001224.562500 0 0.100223 
1512321984.311123 0.099000 0.000000 901102.125000 0 0.090201 
1512321984.412029 0.100000 0.000000 810991.937500 0 0.081181 
1512321984.512022 0.100000 0.000000 729892.750000 0 0.073063 
1512321984.611940 0.100000 0.000000 656903.500000 0 0.065756 
1512321984.712270 0.100000 0.000000 591213.125000 0 0.059181 
1512321984.812511 0.099000 0.000000 532091.812500 0 0.053263 
1512321984.912939 0.100000 0.000000 478882.625000 0 0.047936 
1512321985.013612 0.100000 0.000000 430994.375000 0 0.043143 
1512321985.113467 0.100000 0.000000 387894.937500 0 0.038829 
1512321985.214175 0.100000 0.000000 349105.437500 0 0.034946 
1512321985.314266 0.099000 0.000000 314194.906250 0 0.031451 
1512321985.414322 0.100000 0.000000 282775.406250 0 0.028306 
1512321985.514757 0.099000 0.000000 254497.859375 0 0.025475 
1512321985.615365 0.101000 0.000000 229048.078125 0 0.022928 
