1516102144.812652, 0, 0.000000
1516102144.912804, 1, 12112.000000
1516102145.012977, 0, 10900.799805
1516102145.113232, 0, 9810.719727
1516102145.213422, 10, 129949.648438
1516102145.313591, 38, 577210.687500
1516102145.413684, 37, 967633.625000
1516102145.513938, 37, 1319014.250000
1516102145.614100, 37, 1635256.875000
1516102145.714329, 37, 1919875.250000
1516102145.814542, 38, 2188143.750000
1516102145.914713, 37, 2417473.500000
1516102146.014951, 37, 2623870.250000
1516102146.115184, 37, 2809627.250000
1516102146.215356, 38, 2988920.500000
1516102146.315545, 37, 3138172.500000
1516102146.415767, 37, 3272499.250000
1516102146.515977, 37, 3393393.250000
1516102146.616316, 37, 3502198.000000
1516102146.716650, 38, 3612234.250000
1516102146.816868, 37, 3699154.750000
1516102146.917139, 37, 3777383.250000
1516102147.017546, 38, 3859901.000000
1516102147.118019, 37, 3922055.000000
1516102147.218209, 37, 3977993.500000
1516102147.318948, 37, 4028338.250000
1516102147.419089, 38, 4085760.500000
1516102147.519248, 36, 4113216.500000
1516102147.619346, 38, 4162150.750000
1516102147.719556, 34, 4157743.750000
1516102147.820266, 41, 4238561.500000
1516102147.920455, 36, 4250737.500000
1516102148.020608, 35, 4249584.000000
1516102148.120696, 33, 4224321.500000
1516102148.220792, 37, 4250033.500000
1516102148.320932, 37, 4273174.000000
1516102148.421368, 38, 4306112.500000
1516102148.521508, 37, 4323645.000000
1516102148.621671, 37, 4339424.500000
1516102148.722082, 37, 4353626.000000
1516102148.822328, 38, 4378519.500000
1516102148.922643, 34, 4352475.500000
1516102149.022738, 38, 4377484.000000
1516102149.122908, 37, 4387879.500000
1516102149.223307, 37, 4397235.500000
1516102149.323472, 38, 4417768.000000
1516102149.423666, 37, 4424135.000000
1516102149.523750, 37, 4429865.500000
1516102149.624045, 37, 4435023.000000
1516102149.724427, 36, 4427552.500000
1516102149.824554, 37, 4432941.000000
1516102149.924625, 37, 4437791.000000
1516102150.024822, 36, 4430044.000000
1516102150.124905, 37, 4435183.500000
1516102150.224984, 38, 4451921.000000
1516102150.325324, 37, 4454873.000000
1516102150.425579, 37, 4457529.500000
1516102150.525787, 35, 4435696.500000
1516102150.626036, 37, 4440271.000000
1516102150.726128, 38, 4456500.000000
1516102150.826247, 37, 4458994.000000
1516102150.926368, 37, 4461238.500000
1516102151.026534, 37, 4463258.500000
1516102151.126724, 35, 4440852.500000
1516102151.226817, 37, 4444911.000000
1516102151.326899, 38, 4460676.000000
1516102151.427059, 37, 4462752.500000
1516102151.527131, 37, 4464621.000000
1516102151.627597, 37, 4466303.000000
1516102151.727940, 38, 4479928.500000
1516102151.828293, 37, 4480079.500000
1516102151.928603, 37, 4480215.500000
1516102152.028904, 37, 4480338.000000
1516102152.129348, 37, 4480448.000000
1516102152.229424, 37, 4480547.000000
1516102152.329579, 37, 4480636.500000
1516102152.429674, 37, 4480717.000000
1516102152.529778, 38, 4492901.500000
1516102152.630073, 37, 4491755.500000
1516102152.730238, 35, 4466500.000000
1516102152.830354, 39, 4492218.000000
1516102152.930433, 37, 4491140.000000
1516102153.030731, 36, 4478058.000000
1516102153.130999, 37, 4478396.000000
1516102153.231110, 37, 4478700.500000
1516102153.331206, 37, 4478974.500000
1516102153.431376, 37, 4479221.000000
1516102153.531625, 36, 4467331.000000
1516102153.631846, 38, 4480854.000000
1516102153.732031, 37, 4480912.500000
1516102153.832163, 37, 4480965.000000
1516102153.932358, 38, 4493124.500000
1516102154.032449, 37, 4491956.000000
1516102154.132523, 37, 4490904.500000
1516102154.232607, 37, 4489958.000000
1516102154.332750, 37, 4489106.000000
1516102154.432842, 37, 4488339.500000
1516102154.532933, 38, 4499761.500000
1516102154.633006, 37, 4497929.500000
1516102154.733073, 37, 4496280.500000
1516102154.833217, 37, 4494796.500000
1516102154.933299, 37, 4493461.000000
1516102155.033374, 37, 4492259.000000
1516102155.133493, 38, 4503289.000000
1516102155.233580, 37, 4501104.000000
1516102155.333743, 37, 4499137.500000
1516102155.433906, 37, 4497368.000000
1516102155.533995, 37, 4495775.000000
1516102155.634227, 38, 4506453.500000
1516102155.734500, 37, 4503952.000000
1516102155.834658, 37, 4501701.000000
1516102155.934735, 37, 4499675.000000
1516102156.034819, 37, 4497851.500000
1516102156.135222, 38, 4508322.500000
1516102156.235398, 37, 4505634.000000
1516102156.335470, 37, 4503214.500000
1516102156.435547, 37, 4501037.000000
1516102156.535810, 38, 4511189.500000
1516102156.636097, 37, 4508214.500000
1516102156.736254, 37, 4505537.000000
1516102156.836600, 37, 4503127.500000
1516102156.936955, 37, 4500959.000000
1516102157.037263, 38, 4511119.000000
1516102157.137584, 35, 4483927.000000
1516102157.237642, 38, 4495790.500000
1516102157.337715, 37, 4494355.500000
1516102157.437779, 38, 4505176.000000
1516102157.537852, 37, 4502802.500000
1516102157.638092, 37, 4500666.000000
1516102157.738197, 37, 4498743.500000
1516102157.838345, 37, 4497013.000000
1516102157.938446, 38, 4507567.500000
1516102158.038605, 37, 4504955.000000
1516102158.138687, 37, 4502603.500000
1516102158.239032, 37, 4500487.000000
1516102158.339206, 37, 4498582.500000
1516102158.439268, 38, 4508980.000000
1516102158.539592, 36, 4494114.000000
1516102158.639868, 37, 4492846.500000
1516102158.740197, 37, 4491706.000000
1516102158.840623, 38, 4502791.500000
1516102158.940964, 37, 4500656.500000
1516102159.041276, 36, 4486623.000000
1516102159.141411, 37, 4486104.500000
1516102159.241621, 38, 4497750.000000
1516102159.341918, 37, 4496119.000000
1516102159.442126, 37, 4494651.000000
1516102159.542273, 37, 4493330.000000
1516102159.642624, 38, 4504253.000000
1516102159.742767, 37, 4501971.500000
1516102159.842892, 37, 4499918.500000
1516102159.942989, 37, 4498070.500000
1516102160.045108, 38, 4508519.500000
1516102160.145189, 37, 4505811.500000
1516102160.245335, 37, 4503374.500000
1516102160.345407, 38, 4513293.000000
1516102160.445629, 37, 4510107.500000
1516102160.545709, 37, 4507241.000000
1516102160.645794, 37, 4504661.000000
1516102160.745878, 37, 4502339.000000
1516102160.846081, 38, 4512361.000000
1516102160.946153, 37, 4509269.000000
1516102161.046228, 37, 4506486.000000
1516102161.146322, 37, 4503981.500000
1516102161.246427, 37, 4501727.500000
1516102161.346596, 37, 4499699.000000
1516102161.446687, 38, 4509985.000000
1516102161.546780, 37, 4507130.500000
1516102161.646866, 37, 4504561.500000
1516102161.747171, 37, 4502249.500000
1516102161.847458, 38, 4512280.500000
1516102161.947540, 37, 4509196.500000
1516102162.047670, 37, 4506421.000000
1516102162.147838, 37, 4503923.000000
1516102162.247916, 37, 4501674.500000
1516102162.348105, 38, 4511763.000000
1516102162.448177, 37, 4508730.500000
1516102162.548375, 37, 4506001.500000
1516102162.648480, 37, 4503545.500000
1516102162.748564, 37, 4501335.000000
1516102162.848654, 37, 4499345.500000
1516102162.948982, 36, 4485443.000000
1516102163.049060, 21, 4291250.500000
1516102163.149217, 21, 4116477.500000
1516102163.249315, 38, 4165085.750000
1516102163.349430, 31, 4124049.250000
1516102163.449537, 0, 3711644.250000
1516102163.549624, 19, 3570607.750000
1516102163.650025, 34, 3625355.000000
1516102163.750189, 30, 3626179.500000
1516102163.850275, 8, 3360457.500000
1516102163.950531, 18, 3242427.750000
1516102164.050606, 28, 3257321.000000
1516102164.150768, 31, 3307061.000000
1516102164.251007, 12, 3121699.000000
1516102164.351526, 23, 3088105.000000
1516102164.451609, 25, 3082094.500000
1516102164.551698, 26, 3088797.000000
1516102164.651787, 25, 3082717.250000
1516102164.751949, 24, 3065133.500000
1516102164.852223, 26, 3073532.250000
1516102164.952371, 26, 3081091.000000
1516102165.052465, 25, 3075782.000000
1516102165.152640, 24, 3058891.750000
1516102165.252741, 26, 3067914.500000
1516102165.352956, 23, 3039699.000000
1516102165.453060, 22, 3002193.000000
1516102165.553156, 24, 2992661.750000
1516102165.653245, 24, 2984083.500000
1516102165.753335, 24, 2976363.250000
1516102165.853577, 24, 2969415.000000
1516102165.953710, 21, 2926825.500000
1516102166.053815, 22, 2900607.000000
1516102166.154244, 23, 2889122.250000
1516102166.254353, 24, 2890898.000000
1516102166.354459, 22, 2868272.250000
1516102166.454695, 23, 2860021.000000
1516102166.554810, 21, 2828371.000000
1516102166.655156, 22, 2811998.000000
1516102166.755508, 23, 2809374.250000
1516102166.855689, 22, 2794900.750000
1516102166.956189, 23, 2793986.750000
1516102167.056411, 20, 2756828.000000
1516102167.156571, 22, 2747609.250000
1516102167.256779, 22, 2739312.250000
1516102167.356895, 21, 2719733.000000
1516102167.457260, 24, 2738447.750000
1516102167.557575, 20, 2706843.000000
1516102167.657712, 22, 2702622.750000
1516102167.757858, 21, 2686712.500000
1516102167.858072, 21, 2672393.250000
1516102167.958179, 23, 2683730.000000
1516102168.058299, 19, 2645485.000000
1516102168.158407, 21, 2635288.500000
1516102168.258518, 21, 2626111.750000
1516102168.358647, 22, 2629964.500000
1516102168.458761, 21, 2621320.000000
1516102168.558871, 22, 2625652.000000
1516102168.658965, 18, 2581102.750000
1516102168.759059, 20, 2565232.500000
1516102168.859155, 20, 2550949.250000
1516102168.959265, 22, 2562318.250000
1516102169.059378, 21, 2560438.500000
1516102169.159462, 22, 2570858.750000
1516102169.259563, 21, 2568125.000000
1516102169.359923, 21, 2565664.500000
1516102169.460028, 21, 2563450.000000
1516102169.560138, 21, 2561457.000000
1516102169.660286, 22, 2571775.250000
1516102169.760474, 22, 2581061.750000
1516102169.860564, 18, 2540971.500000
1516102169.960685, 17, 2492778.250000
1516102170.060785, 20, 2485740.500000
1516102170.160874, 21, 2491518.500000
1516102170.260979, 21, 2496718.750000
1516102170.361108, 21, 2501399.000000
1516102170.461300, 22, 2517723.000000
1516102170.561520, 17, 2471854.750000
1516102170.661753, 20, 2466909.250000
1516102170.761863, 21, 2474570.250000
1516102170.862000, 21, 2481465.250000
1516102170.962160, 21, 2487670.750000
1516102171.062339, 21, 2493255.750000
1516102171.162544, 20, 2486170.250000
1516102171.262741, 18, 2455569.250000
1516102171.362935, 21, 2464364.250000
1516102171.463143, 21, 2472279.750000
1516102171.563341, 21, 2479403.750000
1516102171.663572, 21, 2485815.500000
1516102171.763774, 21, 2491586.000000
1516102171.863918, 21, 2496779.500000
1516102171.964147, 20, 2489341.500000
1516102172.064328, 21, 2494759.250000
1516102172.164807, 21, 2499635.250000
1516102172.264993, 21, 2504023.750000
1516102172.365080, 21, 2507973.500000
1516102172.465250, 20, 2499416.250000
1516102172.565442, 22, 2515938.500000
1516102172.665653, 21, 2518696.750000
1516102172.765875, 19, 2496955.000000
1516102172.866052, 21, 2501611.500000
1516102172.966291, 21, 2505802.250000
1516102173.066456, 21, 2509574.000000
1516102173.166637, 22, 2525080.500000
1516102173.266846, 18, 2490588.500000
1516102173.367012, 20, 2483769.750000
1516102173.467210, 21, 2489744.750000
1516102173.567351, 21, 2495122.250000
1516102173.667542, 20, 2487850.000000
1516102173.767732, 21, 2493417.000000
1516102173.867963, 19, 2474203.250000
1516102173.968181, 21, 2481135.000000
1516102174.068347, 20, 2475261.500000
1516102174.168590, 20, 2469975.250000
1516102174.268787, 22, 2489441.750000
1516102174.369250, 20, 2482737.500000
1516102174.469345, 20, 2476703.750000
1516102174.569499, 21, 2483385.500000
1516102174.669726, 21, 2489399.000000
1516102174.772392, 22, 2506923.000000
1516102174.872651, 21, 2510582.750000
1516102174.972871, 19, 2489652.500000
1516102175.073028, 21, 2495039.250000
1516102175.173142, 21, 2499887.250000
1516102175.273237, 21, 2504250.500000
1516102175.373693, 21, 2508177.500000
1516102175.474059, 18, 2475375.750000
1516102175.574205, 20, 2470078.250000
1516102175.674412, 21, 2477422.500000
1516102175.774609, 21, 2484032.250000
1516102175.874951, 21, 2489981.000000
1516102175.975135, 21, 2495335.000000
1516102176.075324, 17, 2451705.500000
1516102176.175538, 20, 2448775.000000
1516102176.275745, 21, 2458249.500000
1516102176.375967, 21, 2466776.500000
1516102176.476052, 21, 2474450.750000
1516102176.576377, 21, 2481357.750000
1516102176.676590, 18, 2451238.000000
1516102176.776839, 20, 2448354.250000
1516102176.876998, 21, 2457870.750000
1516102176.977196, 20, 2454323.750000
1516102177.077583, 22, 2475355.500000
1516102177.177792, 16, 2421612.000000
1516102177.278209, 18, 2397466.750000
1516102177.378341, 20, 2399960.000000
1516102177.478541, 20, 2402204.000000
1516102177.578743, 21, 2416335.500000
1516102177.678929, 21, 2429054.000000
1516102177.779138, 21, 2440500.500000
1516102177.881180, 19, 2426578.500000
1516102177.981435, 19, 2414048.750000
1516102178.081849, 20, 2414884.000000
1516102178.182054, 21, 2427747.500000
1516102178.282479, 21, 2439324.750000
1516102178.382817, 21, 2449744.250000
1516102178.483236, 21, 2459121.750000
1516102178.583664, 16, 2407001.500000
1516102178.683785, 20, 2408541.250000
1516102178.783890, 20, 2409927.000000
1516102178.884046, 21, 2423286.250000
1516102178.984128, 21, 2435309.500000
1516102179.084577, 21, 2446130.500000
1516102179.185170, 17, 2407421.500000
1516102179.285629, 19, 2396807.250000
1516102179.386119, 20, 2399366.500000
1516102179.486212, 21, 2413781.750000
1516102179.586677, 21, 2426755.500000
1516102179.687105, 21, 2438432.000000
1516102179.787513, 22, 2461052.750000
1516102179.887721, 15, 2396627.500000
1516102179.987903, 19, 2387092.750000
1516102180.088311, 20, 2390623.500000
1516102180.188497, 22, 2418025.250000
1516102180.288610, 20, 2418462.750000
1516102180.388970, 21, 2430968.500000
1516102180.489423, 22, 2454335.750000
1516102180.589669, 18, 2426918.250000
1516102180.690135, 15, 2365906.500000
1516102180.790484, 20, 2371555.750000
1516102180.890897, 20, 2376640.250000
1516102180.990966, 22, 2405440.250000
1516102181.091293, 21, 2419248.250000
1516102181.191674, 20, 2419563.500000
1516102181.291921, 20, 2419847.250000
1516102181.392018, 19, 2407990.500000
1516102181.492164, 20, 2409431.500000
1516102181.592597, 21, 2422840.250000
1516102181.693077, 21, 2434908.250000
1516102181.793267, 21, 2445769.500000
1516102181.893399, 19, 2431320.500000
1516102181.993860, 21, 2442540.500000
1516102182.094038, 22, 2464750.500000
1516102182.194132, 20, 2460515.500000
1516102182.294544, 21, 2468816.000000
1516102182.399954, 20, 2464174.500000
1516102182.500155, 21, 2472109.000000
1516102182.600315, 20, 2467138.000000
1516102182.700687, 21, 2474776.250000
1516102182.800960, 21, 2481650.500000
1516102182.901346, 21, 2487837.500000
1516102183.001806, 19, 2469181.750000
1516102183.102217, 17, 2428167.500000
1516102183.202638, 21, 2439702.750000
1516102183.303310, 21, 2450084.500000
1516102183.403595, 20, 2447316.000000
1516102183.503720, 22, 2469048.500000
1516102183.604195, 19, 2452271.750000
1516102183.704556, 18, 2425060.500000
1516102183.804864, 20, 2424794.500000
1516102183.905232, 21, 2436667.000000
1516102184.005408, 21, 2447352.250000
1516102184.105683, 21, 2456969.000000
1516102184.206182, 20, 2453512.000000
1516102184.306523, 18, 2426176.750000
1516102184.406641, 20, 2425799.000000
1516102184.506963, 21, 2437571.000000
1516102184.607203, 21, 2448166.000000
1516102184.707764, 22, 2469813.500000
1516102184.808217, 20, 2465072.250000
1516102184.908385, 17, 2424469.000000
1516102185.008520, 20, 2424262.000000
1516102185.109056, 21, 2436187.750000
1516102185.209371, 20, 2434809.000000
1516102185.309720, 22, 2457792.000000
1516102185.410040, 18, 2430028.750000
1516102185.510192, 19, 2417154.000000
1516102185.610295, 20, 2417678.500000
1516102185.710807, 22, 2442374.750000
1516102185.811187, 20, 2440377.250000
1516102185.911322, 21, 2450691.500000
1516102186.011539, 19, 2435750.250000
1516102186.111657, 20, 2434415.250000
1516102186.211737, 21, 2445325.750000
1516102186.311882, 20, 2443033.250000
1516102186.411991, 21, 2453082.000000
1516102186.512313, 21, 2462125.750000
1516102186.612580, 18, 2433929.250000
1516102186.713218, 18, 2408552.250000
1516102186.813369, 20, 2409937.000000
1516102186.913591, 21, 2423295.250000
1516102187.013838, 20, 2423205.750000
1516102187.114430, 22, 2447349.250000
1516102187.214904, 21, 2456966.250000
1516102187.315298, 19, 2441397.500000
1516102187.415716, 20, 2439497.750000
1516102187.515892, 20, 2437788.000000
1516102187.616039, 21, 2448361.250000
1516102187.716173, 20, 2445765.000000
1516102187.816301, 21, 2455540.500000
1516102187.916491, 17, 2415890.500000
1516102188.016598, 19, 2404429.500000
1516102188.116915, 21, 2418338.500000
1516102188.217098, 21, 2430856.750000
1516102188.317278, 21, 2442123.000000
1516102188.417404, 21, 2452262.750000
1516102188.517580, 19, 2437164.500000
1516102188.617708, 19, 2423576.000000
1516102188.717896, 20, 2423458.500000
1516102188.818100, 21, 2435464.750000
1516102188.918200, 21, 2446270.250000
1516102189.018388, 21, 2455995.250000
1516102189.118503, 20, 2452635.750000
1516102189.218714, 16, 2401164.250000
1516102189.318853, 20, 2403287.750000
1516102189.418963, 21, 2417311.000000
1516102189.519285, 20, 2417820.000000
1516102189.619504, 21, 2430390.000000
1516102189.719614, 22, 2453815.000000
1516102189.820124, 17, 2414337.500000
1516102189.920576, 19, 2403031.750000
1516102190.020784, 20, 2404968.500000
1516102190.120958, 22, 2430935.750000
1516102190.221570, 19, 2417970.250000
1516102190.321691, 22, 2442637.250000
1516102190.421803, 20, 2440613.500000
1516102190.522054, 21, 2450904.250000
1516102190.622394, 20, 2448053.750000
1516102190.722647, 20, 2445488.500000
1516102190.822781, 21, 2455291.750000
1516102190.922947, 21, 2464114.500000
1516102191.023030, 19, 2447831.000000
1516102191.123392, 20, 2445288.000000
1516102191.223516, 21, 2455111.250000
1516102191.323605, 20, 2451840.000000
1516102191.423713, 22, 2473120.000000
1516102191.524021, 19, 2455936.000000
1516102191.624239, 20, 2452582.500000
1516102191.724330, 21, 2461676.250000
1516102191.824501, 21, 2469860.500000
1516102191.924602, 20, 2465114.500000
1516102192.024696, 22, 2485067.000000
1516102192.124898, 17, 2442464.250000
1516102192.225040, 19, 2428345.750000
1516102192.325195, 20, 2427751.250000
1516102192.425336, 20, 2427216.000000
1516102192.525493, 21, 2438846.500000
1516102192.625589, 21, 2449313.750000
1516102192.725745, 22, 2470846.500000
1516102192.825839, 18, 2441777.750000
1516102192.925999, 21, 2451952.000000
1516102193.026163, 20, 2448996.750000
1516102193.126250, 21, 2458449.000000
1516102193.226409, 21, 2466956.000000
1516102193.326592, 20, 2462500.500000
1516102193.426770, 21, 2470602.500000
1516102193.526969, 20, 2465782.250000
1516102193.627069, 21, 2473556.000000
1516102193.727226, 21, 2480552.500000
1516102193.827392, 20, 2474737.250000
1516102193.927492, 21, 2481615.500000
1516102194.027580, 21, 2487806.000000
1516102194.127678, 21, 2493377.500000
1516102194.227816, 21, 2498391.750000
1516102194.327990, 21, 2502904.500000
1516102194.428263, 17, 2458518.000000
1516102194.528373, 21, 2467018.250000
1516102194.628553, 21, 2474668.500000
1516102194.728745, 20, 2469441.750000
1516102194.828894, 22, 2488961.500000
1516102194.929072, 20, 2482305.250000
1516102195.029505, 18, 2452090.750000
1516102195.130027, 21, 2461233.750000
1516102195.230164, 21, 2469462.500000
1516102195.330359, 20, 2464756.250000
1516102195.430801, 21, 2472632.500000
1516102195.530965, 19, 2455497.250000
1516102195.631148, 20, 2452187.500000
1516102195.731320, 21, 2461320.750000
1516102195.831780, 21, 2469540.750000
1516102195.931940, 20, 2464826.750000
1516102196.032204, 22, 2484808.000000
1516102196.132434, 18, 2454343.250000
1516102196.232584, 19, 2439037.000000
1516102196.332812, 20, 2437373.250000
1516102196.432912, 20, 2435876.000000
1516102196.533068, 21, 2446640.500000
1516102196.633208, 21, 2456328.500000
1516102196.733386, 21, 2465047.750000
1516102196.833555, 21, 2472895.000000
1516102196.933735, 20, 2467845.500000
1516102197.033838, 20, 2463301.000000
1516102197.133975, 21, 2471323.000000
1516102197.234094, 21, 2478542.750000
1516102197.334205, 22, 2497152.500000
1516102197.434309, 20, 2489677.250000
1516102197.534663, 20, 2482949.500000
1516102197.634984, 21, 2489006.500000
1516102197.735129, 22, 2506569.750000
1516102197.835474, 20, 2498152.750000
1516102197.935692, 19, 2478465.500000
1516102198.035798, 19, 2460747.000000
1516102198.135906, 20, 2456912.250000
1516102198.236005, 21, 2465573.000000
1516102198.336129, 21, 2473367.750000
1516102198.436219, 20, 2468271.000000
1516102198.536328, 21, 2475796.000000
1516102198.636669, 18, 2446232.500000
1516102198.736879, 20, 2443849.250000
1516102198.836989, 21, 2453816.250000
1516102198.937171, 21, 2462786.500000
1516102199.037283, 21, 2470859.750000
1516102199.137655, 20, 2466013.750000
1516102199.237930, 20, 2461652.500000
1516102199.338053, 21, 2469839.250000
1516102199.438253, 20, 2465095.250000
1516102199.538475, 21, 2472937.750000
1516102199.638576, 21, 2479996.000000
1516102199.738750, 20, 2474236.500000
1516102199.838909, 22, 2493276.750000
1516102199.939098, 21, 2498301.000000
1516102200.039270, 21, 2502823.000000
1516102200.139446, 21, 2506892.750000
1516102200.239587, 21, 2510555.500000
1516102200.339683, 21, 2513852.000000
1516102200.439761, 21, 2516818.750000
1516102200.540285, 21, 2519489.000000
1516102200.640407, 19, 2497668.000000
1516102200.740896, 20, 2490141.250000
1516102200.841002, 20, 2483367.000000
1516102200.941088, 21, 2489382.250000
1516102201.041209, 21, 2494796.000000
1516102201.141313, 20, 2487556.500000
1516102201.241454, 22, 2505264.750000
1516102201.341585, 21, 2509090.250000
1516102201.441724, 21, 2512533.250000
1516102201.541841, 22, 2527744.000000
1516102201.641952, 20, 2517209.500000
1516102201.742096, 19, 2495616.500000
1516102201.842280, 19, 2476182.750000
1516102201.942379, 17, 2434468.500000
1516102202.042528, 16, 2384813.750000
1516102202.142616, 16, 2340124.500000
1516102202.242731, 16, 2299904.000000
1516102202.342845, 15, 2251593.500000
1516102202.442943, 15, 2208114.250000
1516102202.543144, 16, 2181094.750000
1516102202.643283, 15, 2144665.250000
1516102202.743450, 14, 2099766.750000
1516102202.843612, 14, 2059358.125000
1516102202.943696, 15, 2035102.250000
1516102203.044148, 14, 2001160.000000
1516102203.144512, 16, 1994836.000000
1516102203.244927, 14, 1964920.375000
1516102203.345071, 13, 1925884.375000
1516102203.445398, 14, 1902864.000000
1516102203.545797, 14, 1882145.625000
1516102203.646107, 15, 1875611.000000
1516102203.746221, 14, 1857617.875000
1516102203.846331, 12, 1817200.125000
1516102203.946431, 13, 1792936.125000
1516102204.047068, 14, 1783210.500000
1516102204.147446, 14, 1774457.500000
1516102204.247561, 14, 1766579.750000
1516102204.347684, 13, 1747377.750000
1516102204.447985, 13, 1730096.000000
1516102204.548076, 14, 1726654.375000
1516102204.648204, 14, 1723557.000000
1516102204.748493, 14, 1720769.250000
1516102204.848825, 13, 1706148.375000
1516102204.949191, 13, 1692989.500000
1516102205.049291, 15, 1705370.500000
1516102205.149376, 13, 1692289.500000
1516102205.249817, 14, 1692628.500000
1516102205.350175, 13, 1680821.625000
1516102205.450321, 14, 1682307.500000
1516102205.550483, 13, 1671532.750000
1516102205.650851, 14, 1673947.500000
1516102205.751074, 13, 1664008.750000
1516102205.851156, 13, 1655063.875000
1516102205.951315, 14, 1659125.500000
1516102206.051497, 13, 1650669.000000
1516102206.151608, 13, 1643058.125000
1516102206.251759, 13, 1636208.250000
1516102206.351857, 14, 1642155.375000
1516102206.451993, 13, 1635395.875000
1516102206.552116, 12, 1617200.250000
1516102206.652280, 13, 1612936.250000
1516102206.752439, 13, 1609098.625000
1516102206.852683, 13, 1605644.750000
1516102206.952836, 14, 1614648.250000
1516102207.052922, 13, 1610639.375000
1516102207.153019, 12, 1594919.500000
1516102207.253239, 12, 1580771.500000
1516102207.353398, 13, 1580150.375000
1516102207.453478, 13, 1579591.375000
1516102207.553649, 13, 1579088.250000
1516102207.653724, 13, 1578635.375000
1516102207.753920, 13, 1578227.875000
1516102207.854380, 13, 1577861.125000
1516102207.954532, 13, 1577531.000000
1516102208.054677, 13, 1577233.875000
1516102208.154946, 13, 1576966.500000
1516102208.255041, 13, 1576725.875000
1516102208.355417, 13, 1576509.250000
1516102208.456011, 12, 1564202.375000
1516102208.556104, 13, 1565238.125000
1516102208.656528, 14, 1578282.250000
1516102208.756663, 12, 1565798.000000
1516102208.857054, 13, 1566674.250000
1516102208.957420, 12, 1555350.875000
1516102209.057707, 12, 1545159.750000
1516102209.157883, 14, 1560211.750000
1516102209.257975, 13, 1561646.625000
1516102209.358316, 12, 1550826.000000
1516102209.459066, 13, 1553199.375000
1516102209.559505, 13, 1555335.500000
1516102209.659750, 13, 1557258.000000
1516102209.760055, 14, 1571100.250000
1516102209.860501, 13, 1571446.250000
1516102209.960693, 12, 1559645.625000
1516102210.060856, 13, 1561137.000000
1516102210.160943, 13, 1562479.250000
1516102210.261034, 13, 1563687.375000
1516102210.361137, 12, 1552662.625000
1516102210.461317, 13, 1554852.375000
1516102210.561475, 13, 1556823.125000
1516102210.661550, 13, 1558596.750000
1516102210.761638, 13, 1560193.125000
1516102210.861724, 12, 1549517.750000
1516102210.961838, 13, 1552022.000000
1516102211.062013, 13, 1554275.750000
1516102211.162167, 12, 1544192.125000
1516102211.262306, 13, 1547228.875000
1516102211.362514, 13, 1549962.000000
1516102211.462817, 13, 1552421.750000
1516102211.563308, 13, 1554635.625000
1516102211.663484, 13, 1556628.000000
1516102211.763582, 13, 1558421.250000
1516102211.863686, 13, 1560035.125000
1516102211.963826, 12, 1549375.625000
1516102212.063935, 13, 1551894.000000
1516102212.164329, 13, 1554160.625000
1516102212.264638, 13, 1556200.500000
1516102212.364967, 13, 1558036.500000
1516102212.465341, 12, 1547576.875000
1516102212.565937, 13, 1550275.250000
1516102212.666492, 12, 1540591.750000
1516102212.766963, 13, 1543988.625000
1516102212.867277, 13, 1547045.750000
1516102212.967621, 12, 1537685.125000
1516102213.067775, 14, 1553484.625000
1516102213.167889, 13, 1555592.125000
1516102213.268006, 12, 1545376.875000
1516102213.368204, 12, 1536183.250000
1516102213.468334, 13, 1540020.875000
1516102213.568442, 13, 1543474.750000
1516102213.668555, 13, 1546583.250000
1516102213.768679, 13, 1549380.875000
1516102213.868812, 12, 1539786.750000
1516102213.968946, 12, 1531152.125000
1516102214.070762, 13, 1535492.875000
1516102214.170869, 13, 1539399.625000
1516102214.271456, 13, 1542915.625000
1516102214.371878, 13, 1546080.000000
1516102214.472092, 13, 1548928.000000
1516102214.572734, 13, 1551491.250000
1516102214.672932, 12, 1541686.125000
1516102214.773038, 13, 1544973.500000
1516102214.873349, 13, 1547932.125000
1516102214.973834, 12, 1538482.875000
1516102215.074080, 13, 1542090.625000
1516102215.174252, 12, 1533225.500000
1516102215.274550, 13, 1537359.000000
1516102215.374731, 13, 1541079.125000
1516102215.475053, 13, 1544427.250000
1516102215.575312, 13, 1547440.500000
1516102215.675598, 13, 1550152.500000
1516102215.775870, 14, 1564705.250000
1516102215.876247, 12, 1553578.750000
1516102215.976485, 13, 1555676.875000
1516102216.076826, 13, 1557565.250000
1516102216.176984, 13, 1559264.750000
1516102216.277637, 13, 1560794.250000
1516102216.377966, 13, 1562170.875000
1516102216.478270, 13, 1563409.750000
1516102216.578400, 12, 1552412.750000
1516102216.678638, 13, 1554627.500000
1516102216.778880, 13, 1556620.750000
1516102216.879459, 12, 1546302.625000
1516102216.979645, 13, 1549128.375000
1516102217.079798, 13, 1551671.500000
1516102217.180014, 12, 1541848.375000
1516102217.280188, 14, 1557231.500000
1516102217.380315, 13, 1558964.375000
1516102217.480531, 12, 1548412.000000
1516102217.580836, 12, 1538914.750000
1516102217.680946, 13, 1542479.250000
1516102217.784205, 13, 1545687.375000
1516102217.884489, 14, 1560686.625000
1516102217.984604, 13, 1562074.000000
1516102218.084738, 11, 1539098.625000
1516102218.184989, 13, 1542644.750000
1516102218.285164, 12, 1533724.250000
1516102218.385287, 13, 1537807.875000
1516102218.485449, 14, 1553595.125000
1516102218.585647, 13, 1555691.625000
1516102218.685759, 11, 1533354.500000
1516102218.785914, 12, 1525363.000000
1516102218.886063, 13, 1530282.750000
1516102218.986385, 13, 1534710.500000
1516102219.086744, 12, 1526583.500000
1516102219.187176, 13, 1531381.125000
1516102219.287367, 13, 1535699.000000
1516102219.387693, 13, 1539585.125000
1516102219.487868, 13, 1543082.625000
1516102219.587946, 13, 1546230.375000
1516102219.688091, 12, 1536951.375000
1516102219.788207, 14, 1552824.250000
1516102219.888327, 12, 1542885.875000
1516102219.988443, 13, 1546053.250000
1516102220.088542, 13, 1548903.875000
1516102220.189004, 13, 1551469.500000
1516102220.289286, 13, 1553778.500000
1516102220.389496, 12, 1543744.625000
1516102220.489940, 13, 1546826.125000
1516102220.590125, 14, 1561711.500000
1516102220.690271, 12, 1550884.375000
1516102220.790357, 13, 1553252.000000
1516102220.890538, 13, 1555382.750000
1516102220.990685, 12, 1545188.500000
1516102221.090800, 13, 1548125.625000
1516102221.190898, 13, 1550769.000000
1516102221.290983, 13, 1553148.125000
1516102221.391070, 13, 1555289.250000
1516102221.491274, 12, 1545104.375000
1516102221.591354, 13, 1548050.000000
1516102221.691918, 12, 1538589.000000
1516102221.792018, 13, 1542186.125000
1516102221.892134, 14, 1557535.500000
1516102221.992224, 10, 1522902.000000
1516102222.092313, 13, 1528067.750000
1516102222.192417, 12, 1520605.000000
1516102222.293111, 13, 1526000.500000
1516102222.394673, 13, 1530856.500000
1516102222.495039, 13, 1535226.875000
1516102222.595338, 12, 1527048.250000
1516102222.695529, 13, 1531799.375000
1516102222.795814, 13, 1536075.500000
1516102222.896223, 12, 1527812.000000
1516102222.996624, 13, 1532486.750000
1516102223.096841, 13, 1536694.125000
1516102223.196913, 14, 1552592.750000
1516102223.296986, 12, 1542677.500000
1516102223.397060, 13, 1545865.750000
1516102223.497139, 13, 1548735.125000
1516102223.597227, 12, 1539205.625000
1516102223.697314, 14, 1554853.000000
1516102223.797411, 12, 1544711.750000
1516102223.897490, 12, 1535584.625000
1516102223.997655, 12, 1527370.125000
1516102224.098040, 13, 1532089.125000
1516102224.198430, 13, 1536336.250000
1516102224.298839, 13, 1540158.625000
1516102224.399184, 12, 1531486.750000
1516102224.499560, 11, 1511570.125000
1516102224.599715, 13, 1517869.125000
1516102224.700121, 12, 1511426.250000
1516102224.800665, 13, 1517739.625000
1516102224.901081, 13, 1523421.625000
1516102225.001472, 12, 1516423.500000
1516102225.101880, 12, 1510125.125000
1516102225.202326, 13, 1516568.625000
1516102225.302508, 13, 1522367.750000
1516102225.402601, 12, 1515475.000000
1516102225.502797, 14, 1533495.500000
1516102225.602919, 12, 1525490.000000
1516102225.703010, 13, 1530397.000000
1516102225.803170, 13, 1534813.250000
1516102225.903270, 13, 1538787.875000
1516102226.003367, 13, 1542365.125000
1516102226.103492, 12, 1533472.625000
1516102226.203938, 13, 1537581.375000
1516102226.304208, 13, 1541279.250000
1516102226.404600, 13, 1544607.375000
1516102226.504789, 12, 1535490.625000
1516102226.604869, 13, 1539397.500000
1516102226.704957, 14, 1555025.750000
1516102226.805079, 13, 1556979.125000
1516102226.905446, 12, 1546625.250000
1516102227.005894, 13, 1549418.750000
1516102227.106257, 12, 1539820.875000
1516102227.206624, 14, 1555406.750000
1516102227.306905, 13, 1557322.125000
1516102227.407233, 13, 1559045.875000
1516102227.507637, 13, 1560597.250000
1516102227.607841, 12, 1549881.500000
1516102227.707936, 12, 1540237.375000
1516102227.808081, 14, 1555781.625000
1516102227.908260, 13, 1557659.500000
1516102228.008435, 12, 1547237.500000
1516102228.108522, 13, 1549969.750000
1516102228.208665, 13, 1552428.750000
1516102228.308748, 12, 1542529.875000
1516102228.409108, 14, 1557844.875000
1516102228.509387, 13, 1559516.375000
1516102228.609738, 13, 1561020.750000
1516102228.710237, 12, 1550262.625000
1516102228.810424, 13, 1552692.375000
1516102228.910541, 13, 1554879.125000
1516102229.010633, 12, 1544735.250000
1516102229.110726, 13, 1547717.750000
1516102229.210819, 13, 1550402.000000
1516102229.310912, 12, 1540705.750000
1516102229.411029, 13, 1544091.125000
1516102229.511144, 13, 1547138.000000
1516102229.611258, 13, 1549880.250000
1516102229.711343, 13, 1552348.250000
1516102229.811465, 12, 1542457.375000
1516102229.911646, 14, 1557779.625000
1516102230.011786, 13, 1559457.625000
1516102230.111954, 13, 1560967.875000
1516102230.212047, 13, 1562327.125000
1516102230.312251, 12, 1551438.375000
1516102230.412376, 12, 1541638.500000
1516102230.512632, 14, 1557042.625000
1516102230.613157, 12, 1546682.375000
1516102230.713516, 13, 1549470.125000
1516102230.813822, 12, 1539867.125000
1516102230.913981, 12, 1531224.375000
1516102231.014122, 13, 1535558.000000
1516102231.114669, 13, 1539458.250000
1516102231.215098, 12, 1530856.375000
1516102231.315638, 13, 1535226.750000
1516102231.415787, 12, 1527048.125000
1516102231.516398, 13, 1531799.250000
1516102231.616864, 13, 1536075.375000
1516102231.717347, 13, 1539923.875000
1516102231.817525, 12, 1531275.500000
1516102231.917607, 13, 1535604.000000
1516102232.017744, 12, 1527387.625000
1516102232.117837, 13, 1532104.875000
1516102232.218034, 13, 1536350.375000
1516102232.318197, 13, 1540171.375000
1516102232.418282, 13, 1543610.250000
1516102232.518370, 13, 1546705.250000
1516102232.618470, 12, 1537378.750000
1516102232.718573, 13, 1541096.875000
1516102232.818666, 13, 1544443.250000
1516102232.918756, 14, 1559566.875000
1516102233.018842, 12, 1548954.250000
1516102233.118926, 13, 1551514.875000
1516102233.219258, 13, 1553819.375000
1516102233.319699, 13, 1555893.500000
1516102233.419905, 13, 1557760.125000
1516102233.520263, 13, 1559440.125000
1516102233.620441, 13, 1560952.125000
1516102233.720803, 12, 1550200.875000
1516102233.820976, 14, 1564748.750000
1516102233.921063, 13, 1565729.875000
1516102234.021139, 11, 1542388.875000
1516102234.121474, 12, 1533494.000000
1516102234.221642, 13, 1537600.625000
1516102234.322034, 13, 1541296.500000
1516102234.422227, 13, 1544622.875000
1516102234.522578, 14, 1559728.625000
1516102234.622715, 10, 1524875.750000
1516102234.722982, 12, 1517732.125000
1516102234.823132, 13, 1523414.875000
1516102234.923200, 13, 1528529.375000
1516102235.023279, 13, 1533132.500000
1516102235.123373, 12, 1525163.250000
1516102235.223458, 14, 1542214.875000
1516102235.323766, 12, 1533337.375000
1516102235.423960, 13, 1537459.625000
1516102235.524027, 14, 1553281.625000
1516102235.624209, 13, 1555409.500000
1516102235.724689, 11, 1533100.500000
1516102235.824878, 12, 1525134.500000
1516102235.925220, 13, 1530077.000000
1516102236.025386, 13, 1534525.250000
1516102236.125515, 13, 1538528.750000
1516102236.225628, 12, 1530019.875000
1516102236.325735, 13, 1534473.875000
1516102236.425874, 13, 1538482.500000
1516102236.526224, 12, 1529978.250000
1516102236.626642, 14, 1546548.375000
1516102236.726985, 13, 1549349.500000
1516102236.827155, 12, 1539758.500000
1516102236.927541, 12, 1531126.625000
1516102237.027922, 13, 1535470.000000
1516102237.128285, 13, 1539379.000000
1516102237.228425, 13, 1542897.125000
1516102237.328915, 13, 1546063.375000
1516102237.429289, 12, 1536801.000000
1516102237.529605, 13, 1540576.875000
1516102237.629760, 14, 1556087.250000
1516102237.729855, 13, 1557934.500000
1516102237.829961, 12, 1547485.000000
1516102237.930371, 13, 1550192.500000
1516102238.030584, 12, 1540517.250000
1516102238.130663, 14, 1556033.500000
1516102238.230752, 12, 1545774.125000
1516102238.330822, 13, 1548652.750000
1516102238.430909, 12, 1539131.500000
1516102238.530983, 12, 1530562.375000
1516102238.631059, 14, 1547074.125000
1516102238.731134, 12, 1537710.750000
1516102238.831208, 14, 1553507.625000
1516102238.931613, 12, 1543500.875000
1516102239.031743, 13, 1546606.750000
1516102239.131906, 13, 1549402.125000
1516102239.231989, 14, 1564029.875000
1516102239.332074, 13, 1565082.875000
1516102239.432155, 12, 1553918.625000
1516102239.532526, 14, 1568094.750000
1516102239.632709, 13, 1568741.250000
1516102239.732793, 14, 1581435.125000
1516102239.833107, 12, 1568635.625000
1516102239.933281, 13, 1569228.000000
1516102240.033629, 14, 1581873.250000
1516102240.133931, 13, 1581141.875000
1516102240.234069, 13, 1580483.750000
1516102240.334400, 14, 1592003.375000
1516102240.434593, 13, 1590259.000000
1516102240.534855, 14, 1600801.125000
1516102240.634956, 12, 1586065.000000
1516102240.735564, 13, 1584914.500000
1516102240.835923, 14, 1595991.000000
1516102240.936259, 14, 1605959.875000
1516102241.036388, 14, 1614931.875000
1516102241.136468, 13, 1610894.750000
1516102241.236543, 13, 1607261.250000
1516102241.336981, 12, 1591879.125000
1516102241.437117, 13, 1590147.250000
1516102241.537499, 14, 1600700.500000
1516102241.637796, 14, 1610198.500000
1516102241.738141, 12, 1594522.625000
1516102241.838272, 12, 1580414.375000
1516102241.938368, 14, 1591941.000000
1516102242.038590, 13, 1590202.875000
1516102242.138812, 14, 1600750.625000
1516102242.238918, 12, 1586019.500000
1516102242.339302, 13, 1584873.500000
1516102242.439730, 14, 1595954.125000
1516102242.539864, 14, 1605926.750000
1516102242.639938, 13, 1602790.125000
1516102242.740010, 12, 1587855.125000
1516102242.840203, 12, 1574413.625000
1516102242.940367, 14, 1586540.250000
1516102243.040558, 14, 1597454.250000
1516102243.140671, 13, 1595164.875000
1516102243.240764, 13, 1593104.375000
1516102243.341223, 13, 1591250.000000
1516102243.441620, 13, 1589581.000000
1516102243.541969, 19, 1660750.875000
1516102243.642143, 14, 1664243.750000
1516102243.742614, 14, 1667387.375000
1516102243.842790, 16, 1694440.625000
1516102243.943236, 17, 1730900.500000
1516102244.043352, 21, 1812162.500000
1516102244.143631, 21, 1885298.250000
1516102244.243801, 21, 1951120.375000
1516102244.344109, 19, 1986136.375000
1516102244.444323, 14, 1957090.750000
1516102244.544422, 18, 1979397.625000
1516102244.644500, 20, 2023697.875000
1516102244.744811, 21, 2075680.125000
1516102244.845420, 20, 2110352.000000
1516102244.945529, 21, 2153668.750000
1516102245.045616, 21, 2192654.000000
1516102245.146084, 21, 2227740.500000
1516102245.246555, 20, 2247206.500000
1516102245.346958, 21, 2276837.750000
1516102245.447345, 21, 2303506.000000
1516102245.547742, 21, 2327507.500000
1516102245.647945, 21, 2349108.750000
1516102245.748342, 20, 2356438.000000
1516102245.848548, 21, 2375146.250000
1516102245.948671, 20, 2379871.500000
1516102246.048842, 21, 2396236.250000
1516102246.149220, 20, 2398852.500000
1516102246.249621, 21, 2413319.250000
1516102246.349895, 21, 2426339.250000
1516102246.450234, 21, 2438057.250000
1516102246.550448, 17, 2400155.500000
1516102246.650541, 19, 2390268.000000
1516102246.751018, 20, 2393481.250000
1516102246.851394, 21, 2408485.000000
1516102246.951655, 21, 2421988.500000
1516102247.052000, 21, 2434141.750000
1516102247.152310, 19, 2420855.500000
1516102247.252400, 18, 2396786.000000
1516102247.352984, 21, 2411459.500000
1516102247.453427, 21, 2424665.500000
1516102247.553757, 21, 2436551.000000
1516102247.654099, 20, 2435136.000000
1516102247.754383, 21, 2445974.500000
1516102247.854548, 20, 2443617.000000
1516102247.954959, 21, 2453607.250000
1516102248.055152, 19, 2438374.500000
1516102248.155478, 21, 2448889.000000
1516102248.255823, 20, 2446240.000000
1516102248.356143, 21, 2455968.000000
1516102248.456480, 21, 2464723.250000
1516102248.556820, 21, 2472603.000000
1516102248.657029, 18, 2443358.750000
1516102248.757349, 20, 2441263.000000
1516102248.857727, 21, 2451488.750000
1516102248.957847, 22, 2472804.000000
1516102249.058100, 21, 2479875.500000
1516102249.158183, 21, 2486240.000000
1516102249.258265, 17, 2443520.000000
1516102249.358350, 20, 2441408.000000
1516102249.458707, 21, 2451619.250000
1516102249.558815, 21, 2460809.250000
1516102249.658908, 20, 2456968.250000
1516102249.759257, 20, 2453511.500000
1516102249.859641, 18, 2426176.250000
1516102249.960141, 20, 2425798.500000
1516102250.060513, 21, 2437570.750000
1516102250.160891, 21, 2448165.750000
1516102250.261291, 21, 2457701.250000
1516102250.361700, 20, 2454171.000000
1516102250.461899, 20, 2450994.000000
1516102250.562238, 20, 2448134.500000
1516102250.662561, 20, 2445561.000000
1516102250.762897, 21, 2455357.000000
1516102250.863093, 19, 2439949.250000
1516102250.963216, 20, 2438194.250000
1516102251.063313, 20, 2436614.750000
1516102251.163741, 21, 2447305.250000
1516102251.263946, 22, 2469038.750000
1516102251.364317, 20, 2464375.000000
1516102251.464558, 17, 2423841.500000
1516102251.564949, 19, 2411585.250000
1516102251.665259, 21, 2424778.750000
1516102251.765490, 21, 2436653.000000
1516102251.865632, 20, 2435227.750000
1516102251.965723, 23, 2470281.000000
1516102252.065865, 21, 2477605.000000
1516102252.165947, 19, 2459972.500000
1516102252.266039, 21, 2468327.250000
1516102252.366204, 21, 2475846.500000
1516102252.466288, 20, 2470501.750000
1516102252.566601, 20, 2465691.500000
1516102252.666913, 19, 2449250.250000
1516102252.767201, 19, 2434453.250000
1516102252.867597, 21, 2445360.000000
1516102252.967927, 21, 2455176.000000
1516102253.068282, 21, 2464010.500000
1516102253.168489, 21, 2471961.500000
1516102253.268887, 19, 2454893.250000
1516102253.369139, 19, 2439532.000000
1516102253.469305, 21, 2449930.750000
1516102253.569577, 21, 2459289.750000
1516102253.669858, 21, 2467712.750000
1516102253.769960, 20, 2463181.500000
1516102253.870043, 20, 2459103.250000
1516102253.970147, 20, 2455433.000000
1516102254.070220, 21, 2464241.750000
1516102254.170328, 20, 2460057.500000
1516102254.270730, 21, 2468403.750000
1516102254.370862, 18, 2439579.500000
1516102254.471067, 20, 2437861.500000
1516102254.571182, 19, 2424203.250000
1516102254.671591, 21, 2436135.000000
1516102254.771781, 20, 2434761.500000
1516102254.871886, 22, 2457749.250000
1516102254.972140, 21, 2466326.250000
1516102255.072554, 17, 2425597.500000
1516102255.172980, 19, 2413165.750000
1516102255.273138, 21, 2426201.250000
1516102255.373641, 20, 2425821.000000
1516102255.474062, 21, 2437591.000000
1516102255.574269, 21, 2448184.000000
1516102255.674665, 21, 2457717.500000
1516102255.774879, 17, 2417849.750000
1516102255.875006, 19, 2406192.750000
1516102255.975116, 21, 2419925.500000
1516102256.075229, 21, 2432285.000000
1516102256.175620, 21, 2443408.500000
1516102256.275833, 21, 2453419.750000
1516102256.376196, 20, 2450317.750000
1516102256.476524, 21, 2459638.000000
1516102256.576947, 21, 2468026.250000
1516102256.677373, 20, 2463463.500000
1516102256.777555, 21, 2471469.250000
1516102256.877631, 22, 2490786.250000
1516102256.977721, 17, 2447611.500000
1516102257.078107, 19, 2432978.250000
1516102257.178219, 21, 2444032.500000
1516102257.278315, 20, 2441869.250000
1516102257.378619, 21, 2452034.250000
1516102257.478960, 21, 2461182.750000
1516102257.579118, 20, 2457304.500000
1516102257.679675, 17, 2417478.000000
1516102257.779805, 20, 2417970.250000
1516102257.879894, 21, 2430525.250000
1516102257.980143, 20, 2429712.750000
1516102258.080236, 21, 2441093.500000
1516102258.180305, 22, 2463448.250000
1516102258.280432, 18, 2435119.500000
1516102258.380514, 21, 2445959.500000
1516102258.480627, 20, 2443603.500000
1516102258.580718, 21, 2453595.250000
1516102258.680822, 21, 2462587.750000
1516102258.781137, 17, 2422233.000000
1516102258.881432, 19, 2410137.750000
1516102258.981700, 20, 2411364.000000
1516102259.081826, 20, 2412467.500000
1516102259.181903, 21, 2425572.750000
1516102259.282319, 21, 2437367.500000
1516102259.382522, 21, 2447982.750000
1516102259.482618, 19, 2433312.500000
1516102259.583061, 20, 2432221.250000
1516102259.683229, 21, 2443351.000000
1516102259.783299, 20, 2441256.000000
1516102259.883599, 21, 2451482.500000
1516102259.983919, 20, 2448574.250000
1516102260.084105, 19, 2433844.750000
1516102260.184222, 17, 2396364.250000
1516102260.284532, 21, 2411079.750000
1516102260.384624, 21, 2424323.750000
1516102260.484993, 20, 2424131.500000
1516102260.585120, 21, 2436070.250000
1516102260.685225, 17, 2398367.250000
1516102260.785706, 20, 2400770.500000
1516102260.886090, 20, 2402933.500000
1516102260.986483, 21, 2416992.250000
1516102261.086769, 21, 2429645.000000
1516102261.186917, 20, 2428920.500000
1516102261.287012, 17, 2391932.500000
1516102261.387091, 20, 2394979.250000
1516102261.487185, 20, 2397721.250000
1516102261.587275, 20, 2400189.000000
1516102261.687502, 21, 2414522.000000
1516102261.787649, 22, 2439533.750000
1516102261.887763, 20, 2437820.500000
1516102261.987895, 19, 2424166.500000
1516102262.087988, 20, 2423989.750000
1516102262.188065, 21, 2435942.750000
1516102262.288200, 20, 2434588.500000
1516102262.388289, 21, 2445481.750000
1516102262.488379, 17, 2406837.500000
1516102262.588462, 19, 2396281.750000
1516102262.688545, 20, 2398893.500000
1516102262.788693, 21, 2413356.250000
1516102262.888828, 20, 2414260.500000
1516102262.988967, 22, 2439298.500000
1516102263.089045, 18, 2413384.750000
1516102263.189115, 20, 2414286.250000
1516102263.289190, 20, 2415097.500000
1516102263.389277, 21, 2427939.750000
1516102263.489518, 21, 2439497.750000
1516102263.589627, 20, 2437788.000000
1516102263.689793, 20, 2436249.250000
1516102263.789893, 21, 2446976.250000
1516102263.889966, 21, 2456630.500000
1516102263.990057, 21, 2465319.500000
1516102264.090166, 20, 2461027.500000
1516102264.190437, 20, 2457164.750000
1516102264.290582, 20, 2453688.250000
1516102264.390690, 20, 2450559.500000
1516102264.490857, 21, 2459855.500000
1516102264.590931, 22, 2480334.000000
1516102264.691025, 19, 2462428.500000
1516102264.791093, 18, 2434201.750000
1516102264.891176, 20, 2433021.500000
1516102264.991554, 21, 2444071.250000
1516102265.091903, 20, 2441904.000000
1516102265.191983, 21, 2452065.500000
1516102265.292058, 20, 2449099.000000
1516102265.392239, 20, 2446429.000000
1516102265.492371, 20, 2444026.000000
1516102265.592513, 21, 2453975.500000
1516102265.692646, 21, 2462930.000000
1516102265.792749, 21, 2470989.000000
1516102265.892936, 22, 2490354.000000
1516102265.993096, 17, 2447222.500000
1516102266.093258, 18, 2420516.250000
1516102266.193415, 20, 2420704.500000
1516102266.293606, 21, 2432986.000000
1516102266.394148, 21, 2444039.500000
1516102266.494334, 21, 2453987.500000
1516102266.594530, 20, 2450828.750000
1516102266.694742, 15, 2387426.000000
1516102266.794913, 20, 2390923.500000
1516102266.895092, 21, 2406183.250000
1516102266.995290, 21, 2419917.000000
1516102267.095636, 21, 2432277.250000
1516102267.195886, 19, 2419177.500000
1516102267.296045, 20, 2419499.750000
1516102267.396281, 20, 2419789.750000
1516102267.496484, 21, 2432162.750000
1516102267.596699, 20, 2431186.500000
1516102267.696972, 21, 2442419.750000
1516102267.797096, 19, 2428305.750000
1516102267.897267, 20, 2427715.250000
1516102267.997625, 21, 2439295.750000
1516102268.097993, 21, 2449718.250000
1516102268.198185, 21, 2459098.500000
1516102268.298345, 21, 2467540.750000
1516102268.398524, 19, 2450914.750000
1516102268.498744, 21, 2460175.250000
1516102268.598954, 20, 2456397.750000
1516102268.699121, 21, 2465110.000000
1516102268.799573, 19, 2448727.000000
1516102268.899971, 18, 2421870.250000
1516102269.000308, 21, 2434035.250000
1516102269.100501, 21, 2444983.750000
1516102269.200724, 20, 2442725.500000
1516102269.300907, 21, 2452805.000000
1516102269.401287, 20, 2449764.500000
1516102269.501758, 20, 2447028.000000
1516102269.602283, 21, 2456677.250000
1516102269.702729, 20, 2453249.500000
1516102269.803090, 22, 2474388.500000
1516102269.903397, 18, 2444965.750000
1516102270.003606, 20, 2442709.250000
1516102270.103819, 21, 2452790.250000
1516102270.204025, 21, 2461863.250000
1516102270.304183, 22, 2482141.000000
1516102270.404370, 19, 2464055.000000
1516102270.504828, 20, 2459889.500000
1516102270.604957, 21, 2468252.500000
1516102270.705231, 20, 2463667.250000
1516102270.805663, 21, 2471652.500000
1516102270.906173, 21, 2478839.250000
1516102271.006361, 20, 2473195.250000
1516102271.106517, 20, 2468115.750000
1516102271.206711, 21, 2475656.250000
1516102271.306895, 20, 2470330.500000
1516102271.407062, 22, 2489761.500000
1516102271.507256, 20, 2483025.250000
1516102271.607457, 18, 2452738.750000
1516102271.707660, 21, 2461817.000000
1516102271.807843, 21, 2469987.250000
1516102271.908046, 20, 2465228.500000
1516102272.008272, 21, 2473057.750000
1516102272.108437, 17, 2431656.000000
1516102272.208626, 20, 2430730.500000
1516102272.308806, 20, 2429897.500000
1516102272.408993, 21, 2441259.750000
1516102272.509425, 21, 2451485.750000
1516102272.609806, 21, 2460689.250000
1516102272.710506, 21, 2468972.250000
1516102272.810994, 20, 2464315.000000
1516102272.911296, 21, 2472235.500000
1516102273.011445, 21, 2479364.000000
1516102273.111676, 21, 2485779.500000
1516102273.211905, 19, 2467329.500000
1516102273.312074, 20, 2462836.500000
1516102273.412242, 20, 2458792.750000
1516102273.512433, 21, 2467265.500000
1516102273.612839, 21, 2474891.000000
1516102273.713154, 22, 2493866.000000
1516102273.813548, 17, 2450383.500000
1516102273.913780, 20, 2447585.250000
1516102274.014159, 21, 2457178.750000
1516102274.114396, 20, 2453701.000000
1516102274.214585, 21, 2462683.000000
1516102274.314907, 23, 2494990.750000
1516102274.415102, 16, 2439283.750000
1516102274.515642, 19, 2425483.500000
1516102274.616161, 21, 2437287.250000
1516102274.716336, 21, 2447910.500000
1516102274.816525, 20, 2445359.500000
1516102274.916692, 22, 2467287.500000
1516102275.016910, 16, 2414350.750000
1516102275.117110, 19, 2403043.750000
1516102275.217275, 20, 2404979.500000
1516102275.317454, 21, 2418833.500000
1516102275.417657, 20, 2419190.250000
1516102275.517897, 22, 2443735.250000
1516102275.618067, 20, 2441601.750000
1516102275.718269, 18, 2415457.500000
1516102275.818423, 21, 2428263.750000
1516102275.918602, 21, 2439789.500000
1516102276.018773, 21, 2450162.500000
1516102276.118951, 22, 2471610.250000
1516102276.219164, 19, 2454577.250000
1516102276.319417, 17, 2415023.500000
1516102276.419617, 20, 2415761.250000
1516102276.519876, 22, 2440649.000000
1516102276.620086, 20, 2438824.000000
1516102276.720235, 21, 2449293.500000
1516102276.820425, 22, 2470828.250000
1516102276.920582, 13, 2381201.500000
1516102277.020799, 19, 2373209.250000
1516102277.121026, 20, 2378128.250000
1516102277.221226, 21, 2394667.500000
1516102277.321388, 21, 2409552.750000
1516102277.421589, 21, 2422949.500000
1516102277.521790, 21, 2435006.500000
1516102277.621960, 19, 2421633.750000
1516102277.722092, 21, 2433822.500000
1516102277.822268, 21, 2444792.250000
1516102277.922431, 20, 2442553.000000
1516102278.022619, 22, 2464761.750000
1516102278.122845, 18, 2436301.500000
1516102278.223053, 20, 2434911.250000
1516102278.323842, 21, 2445772.000000
1516102278.424064, 21, 2455546.750000
1516102278.524240, 22, 2476456.000000
1516102278.624399, 20, 2471050.500000
1516102278.724920, 19, 2454073.500000
1516102278.825411, 21, 2463018.250000
1516102278.925636, 21, 2471068.500000
1516102279.025822, 22, 2490425.750000
1516102279.126017, 20, 2483623.250000
1516102279.226229, 18, 2453277.000000
1516102279.326398, 21, 2462301.250000
1516102279.426776, 21, 2470423.000000
1516102279.527174, 21, 2477732.750000
1516102279.627598, 21, 2484311.500000
1516102279.727988, 21, 2490232.250000
1516102279.828200, 21, 2495561.000000
1516102279.928350, 21, 2500357.000000
1516102280.028503, 22, 2516785.250000
1516102280.128684, 20, 2507346.750000
1516102280.228839, 21, 2510964.000000
1516102280.328991, 21, 2514219.500000
1516102280.429365, 22, 2529261.500000
1516102280.529633, 20, 2518575.250000
1516102280.630192, 21, 2521069.750000
1516102280.730458, 21, 2523314.750000
1516102280.830666, 21, 2525335.250000
1516102280.931071, 20, 2515041.750000
1516102281.031295, 21, 2517889.500000
1516102281.131493, 21, 2520452.500000
1516102281.231693, 20, 2510647.250000
1516102281.331878, 22, 2526046.500000
1516102281.432163, 17, 2479345.750000
1516102281.532381, 20, 2473651.250000
1516102281.632828, 21, 2480638.000000
1516102281.733251, 20, 2474814.250000
1516102281.833733, 21, 2481684.750000
1516102281.933994, 21, 2487868.250000
1516102282.034186, 18, 2457097.500000
1516102282.134678, 20, 2453627.750000
1516102282.234915, 21, 2462617.000000
1516102282.336717, 20, 2458595.250000
1516102282.436945, 22, 2479199.750000
1516102282.537111, 22, 2497743.750000
1516102282.637236, 19, 2478097.500000
1516102282.737454, 20, 2472527.750000
1516102282.837624, 21, 2479627.000000
1516102282.938082, 20, 2473904.250000
1516102283.038514, 23, 2505089.750000
1516102283.138792, 20, 2496820.750000
1516102283.239302, 16, 2440930.750000
1516102283.339571, 19, 2426965.750000
1516102283.439738, 21, 2438621.250000
1516102283.539928, 21, 2449111.000000
1516102283.640052, 20, 2446440.000000
1516102283.740469, 22, 2468260.000000
1516102283.840732, 19, 2451562.000000
1516102283.940873, 20, 2448645.750000
1516102284.041110, 20, 2446021.250000
1516102284.141494, 21, 2455771.000000
1516102284.241683, 21, 2464546.000000
1516102284.341869, 21, 2472443.500000
1516102284.442149, 21, 2479551.250000
1516102284.542307, 20, 2473836.000000
1516102284.642488, 20, 2468692.500000
1516102284.742679, 21, 2476175.250000
1516102284.842886, 21, 2482909.750000
1516102284.943083, 21, 2488970.750000
1516102285.043242, 19, 2470201.750000
1516102285.143420, 19, 2453309.500000
1516102285.243636, 21, 2462330.500000
1516102285.343857, 21, 2470449.500000
1516102285.444024, 22, 2489868.500000
1516102285.544208, 20, 2483121.750000
1516102285.644362, 22, 2501273.500000
1516102285.744534, 20, 2493386.250000
1516102285.845078, 21, 2498399.500000
1516102285.945502, 22, 2515023.500000
1516102286.045673, 21, 2517873.250000
1516102286.145742, 21, 2520438.000000
1516102286.245942, 20, 2510634.250000
1516102286.346127, 21, 2513922.750000
1516102286.446344, 22, 2528994.500000
1516102286.546514, 18, 2494111.000000
1516102286.646720, 20, 2486940.000000
1516102286.746912, 21, 2492598.000000
1516102286.847381, 21, 2497690.250000
1516102286.947584, 21, 2502273.250000
1516102287.047805, 21, 2506398.000000
1516102287.147964, 15, 2437438.250000
1516102287.248342, 19, 2423822.500000
1516102287.348566, 20, 2423680.250000
1516102287.448736, 22, 2447776.250000
1516102287.548950, 20, 2445238.500000
1516102287.649147, 21, 2455066.750000
1516102287.749363, 19, 2439688.000000
1516102287.849539, 18, 2413735.250000
1516102287.949776, 20, 2414601.750000
1516102288.049977, 21, 2427493.500000
1516102288.150157, 21, 2439096.250000
1516102288.250390, 21, 2449538.500000
1516102288.350593, 19, 2434712.750000
1516102288.450817, 20, 2433481.500000
1516102288.551021, 21, 2444485.250000
1516102288.651256, 21, 2454388.750000
1516102288.751461, 21, 2463302.000000
1516102288.851673, 21, 2471323.750000
1516102288.951871, 18, 2442207.500000
1516102289.052030, 21, 2452338.750000
1516102289.152342, 21, 2461457.000000
1516102289.252563, 20, 2457551.250000
1516102289.352730, 22, 2478260.000000
1516102289.452952, 17, 2436338.000000
1516102289.553193, 19, 2422832.250000
1516102289.653368, 21, 2434901.000000
1516102289.753555, 21, 2445763.000000
1516102289.853735, 20, 2443426.750000
1516102289.953915, 22, 2465548.000000
1516102290.054112, 21, 2473345.250000
1516102290.154319, 17, 2431914.750000
1516102290.254503, 20, 2430963.250000
1516102290.354710, 21, 2442219.000000
1516102290.454874, 21, 2452349.000000
1516102290.554965, 21, 2461466.000000
1516102290.655175, 21, 2469671.500000
1516102290.755356, 18, 2440720.250000
1516102290.855596, 21, 2451000.250000
1516102290.955820, 24, 2496588.250000
1516102291.056045, 24, 2537617.500000
1516102291.156214, 25, 2586655.750000
1516102291.256400, 26, 2642902.250000
1516102291.356585, 28, 2717748.000000
1516102291.456737, 29, 2797221.250000
1516102291.556923, 30, 2880859.000000
1516102291.657113, 30, 2956133.000000
1516102291.757334, 32, 3048103.750000
1516102291.857500, 33, 3142989.500000
1516102291.957677, 33, 3228386.500000
1516102292.058328, 34, 3317355.750000
1516102292.158509, 34, 3397428.250000
1516102292.258709, 35, 3481605.500000
1516102292.358900, 35, 3557365.000000
1516102292.459077, 36, 3637660.500000
1516102292.559224, 36, 3709926.500000
1516102292.659437, 36, 3774965.750000
1516102292.759612, 36, 3833501.250000
