1516083436.24 0 0 0 0
1516083436.32 0 0 0 0
1516083436.42 0 0 0 0
1516083436.52 0 0 0 0
1516083436.62 0 0 0 0
1516083436.72 0 0 0 0
1516083436.82 0 0 0 0
1516083436.92 0 0 0 0
1516083437.02 0 0 0 0
1516083437.12 0 0 0 0
1516083437.22 0 0 0 0
1516083437.32 0 0 0 0
1516083437.42 0 0 0 0
1516083437.52 0 0 0 0
1516083437.62 0 0 0 0
1516083437.72 0 0 0 0
1516083437.82 0 0 0 0
1516083437.92 0 0 0 0
1516083438.02 0 0 0 0
1516083438.12 0 0 0 0
1516083438.22 0 0 0 0
1516083438.32 0 0 0 0
1516083438.42 0 0 0 0
1516083438.52 0 0 0 0
1516083438.62 0 0 0 0
1516083438.72 0 0 0 0
1516083438.82 0 0 0 0
1516083438.92 0 0 0 0
1516083439.02 0 0 0 0
1516083439.12 0 0 0 0
1516083439.22 0 0 0 0
1516083439.32 0 0 0 0
1516083439.42 0 0 0 0
1516083439.52 0 0 0 0
1516083439.62 0 0 0 0
1516083439.72 0 0 0 0
1516083439.82 0 0 0 0
1516083439.92 0 0 0 0
1516083440.02 0 0 0 0
1516083440.12 0 0 0 0
1516083440.22 0 0 0 0
1516083440.32 0 0 0 0
1516083440.43 0 0 0 0
1516083440.53 0 0 0 0
1516083440.63 0 0 0 0
1516083440.73 0 0 0 0
1516083440.83 0 0 0 0
1516083440.93 0 0 0 0
1516083441.03 0 0 0 0
1516083441.13 0 0 0 0
1516083441.23 0 0 0 0
1516083441.33 0 0 0 0
1516083441.43 0 0 0 0
1516083441.53 0 0 0 0
1516083441.63 0 0 0 0
1516083441.73 0 0 0 0
1516083441.83 0 0 0 0
1516083441.93 0 0 0 0
1516083442.03 0 0 0 0
1516083442.13 0 0 0 0
1516083442.23 0 0 0 0
1516083442.33 0 0 0 0
1516083442.43 0 0 0 0
1516083442.53 0 0 0 0
1516083442.63 0 0 0 0
1516083442.73 0 0 0 0
1516083442.83 0 0 0 0
1516083442.93 0 0 0 0
1516083443.03 0 0 0 0
1516083443.13 0 0 0 0
1516083443.23 0 0 0 0
1516083443.33 0 0 0 0
1516083443.43 0 0 0 0
1516083443.53 0 0 0 0
1516083443.63 0 0 0 0
1516083443.73 0 0 0 0
1516083443.83 0 0 0 0
1516083443.93 0 0 0 0
1516083444.03 0 0 0 0
1516083444.13 0 0 0 0
1516083444.23 0 0 0 0
1516083444.33 0 0 0 0
1516083444.44 0 0 0 0
1516083444.54 0 0 0 0
1516083444.63 0 0 0 0
1516083444.74 0 0 0 0
1516083444.84 0 0 0 0
1516083444.94 0 0 0 0
1516083445.04 0 0 0 0
1516083445.14 0 0 0 0
1516083445.24 0 0 0 0
1516083445.34 0 0 0 0
1516083445.44 0 0 0 0
1516083445.54 0 0 0 0
1516083445.64 0 0 0 0
1516083445.74 0 0 0 0
1516083445.84 0 0 0 0
1516083445.94 0 0 0 0
1516083446.04 0 0 0 0
1516083446.14 0 0 0 0
1516083446.24 0 0 0 0
1516083446.34 0 0 0 0
1516083446.44 0 0 0 0
1516083446.54 0 0 0 0
1516083446.64 0 0 0 0
1516083446.74 0 0 0 0
1516083446.84 0 0 0 0
1516083446.94 0 0 0 0
1516083447.04 0 0 0 0
1516083447.14 0 0 0 0
1516083447.24 0 0 0 0
1516083447.35 0 0 0 0
1516083447.45 0 0 0 0
1516083447.54 0 0 0 0
1516083447.64 0 0 0 0
1516083447.74 0 0 0 0
1516083447.85 0 0 0 0
1516083447.94 0 0 0 0
1516083448.04 0 0 0 0
1516083448.14 0 0 0 0
1516083448.24 0 0 0 0
1516083448.34 0 0 0 0
1516083448.44 0 0 0 0
1516083448.54 0 0 0 0
1516083448.64 0 0 0 0
1516083448.74 0 0 0 0
1516083448.84 0 0 0 0
1516083448.94 0 0 0 0
1516083449.05 0 0 0 0
1516083449.14 0 0 0 0
1516083449.25 0 0 0 0
1516083449.34 0 0 0 0
1516083449.46 0 0 0 0
1516083449.58 0 0 0 0
1516083449.68 0 0 0 0
1516083449.78 0 0 0 0
1516083449.88 0 0 0 0
1516083449.98 0 0 0 0
1516083450.09 0 0 0 0
1516083450.21 0 0 0 0
1516083450.31 0 0 0 0
1516083450.41 0 0 0 0
1516083450.51 0 0 0 0
1516083450.61 0 0 0 0
1516083450.71 0 0 0 0
1516083450.81 0 0 0 0
1516083450.91 0 0 0 0
1516083451.01 0 0 0 0
1516083451.11 0 0 0 0
1516083451.21 0 0 0 74
1516083451.31 0 0 0 0
1516083451.41 0 0 0 0
1516083451.51 0 0 0 1689
1516083451.61 0 0 0 0
1516083451.71 0 0 0 0
1516083451.81 0 0 0 0
1516083451.91 0 0 0 332
1516083452.01 0 0 0 0
1516083452.11 0 0 0 0
1516083452.21 0 0 0 412
1516083452.31 0 0 0 0
1516083452.42 0 0 0 0
1516083452.55 0 0 0 66
1516083452.67 0 0 0 0
1516083452.78 0 0 0 0
1516083452.88 0 0 0 176
1516083452.98 0 0 0 0
1516083453.08 0 0 0 0
1516083453.18 0 0 0 118
1516083453.29 0 0 0 0
1516083453.39 0 0 0 0
1516083453.49 0 0 0 646
1516083453.59 0 0 0 0
1516083453.68 0 0 0 0
1516083453.78 0 0 0 94
1516083453.88 0 0 0 0
1516083453.98 0 0 0 0
1516083454.08 0 0 0 110
1516083454.18 0 0 0 0
1516083454.29 0 0 0 0
1516083454.39 0 0 0 380
1516083454.49 0 0 0 0
1516083454.59 0 0 0 0
1516083454.69 0 0 0 132
1516083454.79 0 0 0 0
1516083454.89 0 0 0 0
1516083454.99 0 0 0 0
1516083455.09 0 0 0 0
1516083455.19 0 0 0 0
1516083455.29 0 0 0 0
1516083455.39 0 0 0 0
1516083455.49 0 0 0 0
1516083455.59 0 0 0 0
1516083455.69 0 0 0 0
1516083455.79 0 0 0 0
1516083455.89 0 0 0 0
1516083455.99 0 0 0 0
1516083456.09 0 0 0 0
1516083456.19 0 0 0 42
1516083456.3 0 0 0 0
1516083456.42 0 0 0 0
1516083456.52 0 0 0 0
1516083456.62 0 0 0 0
1516083456.72 0 0 0 0
1516083456.82 0 0 0 0
1516083456.94 0 0 0 0
1516083457.05 0 0 0 0
1516083457.15 0 0 0 0
1516083457.25 0 0 0 0
1516083457.35 0 0 0 0
1516083457.45 0 0 0 0
1516083457.55 0 0 0 0
1516083457.65 0 0 0 0
1516083457.75 0 0 0 0
1516083457.86 0 0 0 0
1516083457.96 0 0 0 0
1516083458.06 0 0 0 0
1516083458.16 0 0 0 0
1516083458.26 0 0 0 0
1516083458.36 0 0 0 0
1516083458.48 0 0 0 0
1516083458.59 0 0 0 0
1516083458.69 0 0 0 0
1516083458.79 0 0 0 0
1516083458.89 0 0 0 0
1516083458.99 0 0 0 0
1516083459.09 0 0 0 0
1516083459.19 0 0 0 0
1516083459.29 0 0 0 0
1516083459.39 0 0 0 0
1516083459.5 0 0 0 0
1516083459.6 0 0 0 0
1516083459.7 0 0 0 0
1516083459.8 0 0 0 0
1516083459.9 0 0 0 0
1516083460.0 0 0 0 0
1516083460.1 0 0 0 0
1516083460.2 0 0 0 0
1516083460.3 0 0 0 0
1516083460.4 0 0 0 0
1516083460.5 0 0 0 0
1516083460.6 0 0 0 0
1516083460.7 0 0 0 0
1516083460.8 0 0 0 0
1516083460.9 0 0 0 0
1516083461.0 0 0 0 0
1516083461.1 0 0 0 0
1516083461.23 0 0 0 0
1516083461.35 0 0 0 0
1516083461.44 0 0 0 0
1516083461.54 0 0 0 0
1516083461.64 0 0 0 0
1516083461.74 0 0 0 0
1516083461.85 0 0 0 0
1516083461.94 0 0 0 0
1516083462.05 0 0 0 0
1516083462.14 0 0 0 0
1516083462.25 0 0 0 0
1516083462.35 0 0 0 0
1516083462.45 0 0 0 0
1516083462.54 0 0 0 0
1516083462.65 0 0 0 0
1516083462.75 0 0 0 0
1516083462.84 0 0 0 0
1516083462.95 0 0 0 0
1516083463.05 0 0 0 0
1516083463.16 0 0 0 0
1516083463.27 0 0 0 0
1516083463.36 0 0 0 0
1516083463.46 0 0 0 0
1516083463.56 0 0 0 0
1516083463.68 0 0 0 0
1516083463.79 0 0 0 0
1516083463.89 0 0 0 0
1516083463.99 0 0 0 0
1516083464.11 0 0 0 0
1516083464.22 0 0 0 0
1516083464.32 0 0 0 0
1516083464.42 0 0 0 0
1516083464.52 0 0 0 0
1516083464.62 0 0 0 0
1516083464.72 0 0 0 0
1516083464.82 0 0 0 0
1516083464.92 0 0 0 0
1516083465.02 0 0 0 0
1516083465.12 0 0 0 0
1516083465.22 0 0 0 0
1516083465.32 0 0 0 0
1516083465.44 0 0 0 0
1516083465.55 0 0 0 0
1516083465.64 0 0 0 0
1516083465.74 0 0 0 0
1516083465.84 0 0 0 0
1516083465.94 0 0 0 0
1516083466.04 0 0 0 0
1516083466.14 0 0 0 0
1516083466.24 0 0 0 0
1516083466.34 0 0 0 0
1516083466.45 0 0 0 0
1516083466.54 0 0 0 0
1516083466.64 0 0 0 0
1516083466.75 0 0 0 0
1516083466.85 0 0 0 0
1516083466.94 0 0 0 0
1516083467.04 0 0 0 0
1516083467.15 0 0 0 0
1516083467.24 0 0 0 0
1516083467.34 0 0 0 0
1516083467.44 0 0 0 0
1516083467.55 0 0 0 0
1516083467.65 0 0 0 0
1516083467.75 0 0 0 0
1516083467.85 0 0 0 0
1516083467.97 0 0 0 0
1516083468.07 0 0 0 0
1516083468.17 0 0 0 0
1516083468.27 0 0 0 0
1516083468.37 0 0 0 0
1516083468.47 0 0 0 0
1516083468.57 0 0 0 0
1516083468.67 0 0 0 0
1516083468.77 0 0 0 0
1516083468.87 0 0 0 0
1516083468.97 0 0 0 0
1516083469.07 0 0 0 0
1516083469.17 0 0 0 0
1516083469.27 0 0 0 0
1516083469.37 0 0 0 0
1516083469.47 0 0 0 0
1516083469.57 0 0 0 0
1516083469.67 0 0 0 0
1516083469.78 0 0 0 0
1516083469.92 0 0 0 0
1516083470.01 0 0 0 0
1516083470.11 0 0 0 0
1516083470.22 0 0 0 0
1516083470.31 0 0 0 0
1516083470.43 0 0 0 0
1516083470.55 0 0 0 0
1516083470.65 0 0 0 0
1516083470.75 0 0 0 0
1516083470.85 0 0 0 0
1516083470.95 0 0 0 0
1516083471.05 0 0 0 0
1516083471.15 0 0 0 0
1516083471.25 0 0 0 0
1516083471.35 0 0 0 0
1516083471.45 0 0 0 0
1516083471.55 0 0 0 0
1516083471.65 0 0 0 0
1516083471.75 0 0 0 0
1516083471.85 0 0 0 0
1516083471.96 0 0 0 0
1516083472.05 0 0 0 0
1516083472.15 0 0 0 0
1516083472.25 0 0 0 0
1516083472.35 0 0 0 0
1516083472.45 0 0 0 0
1516083472.55 0 0 0 0
1516083472.65 0 0 0 0
1516083472.77 0 0 0 0
1516083472.9 0 0 0 0
1516083473.0 0 0 0 0
1516083473.1 0 0 0 0
1516083473.2 0 0 0 0
1516083473.3 0 0 0 0
1516083473.4 0 0 0 0
1516083473.5 0 0 0 0
1516083473.6 0 0 0 0
1516083473.7 0 0 0 0
1516083473.82 0 0 0 0
1516083473.95 0 0 0 0
1516083474.04 0 0 0 0
1516083474.14 0 0 0 0
1516083474.24 0 0 0 0
1516083474.34 0 0 0 0
1516083474.46 0 0 0 0
1516083474.59 0 0 0 0
1516083474.69 0 0 0 0
1516083474.79 0 0 0 0
1516083474.89 0 0 0 0
1516083474.99 0 0 0 0
1516083475.09 0 0 0 0
1516083475.19 0 0 0 0
1516083475.29 0 0 0 0
1516083475.39 0 0 0 0
1516083475.49 0 0 0 0
1516083475.61 0 0 0 0
1516083475.72 0 0 0 0
1516083475.82 0 0 0 0
1516083475.92 0 0 0 0
1516083476.02 0 0 0 0
1516083476.12 0 0 0 0
1516083476.22 0 0 0 0
1516083476.32 0 0 0 0
1516083476.42 0 0 0 0
1516083476.54 0 0 0 0
1516083476.65 0 0 0 0
1516083476.75 0 0 0 0
1516083476.85 0 0 0 0
1516083476.95 0 0 0 0
1516083477.05 0 0 0 0
1516083477.15 0 0 0 0
1516083477.25 0 0 0 0
1516083477.35 0 0 0 0
1516083477.45 0 0 0 0
1516083477.55 0 0 0 0
1516083477.65 0 0 0 0
1516083477.75 0 0 0 0
1516083477.85 0 0 0 0
1516083477.95 0 0 0 0
1516083478.05 0 0 0 0
1516083478.15 0 0 0 0
1516083478.25 0 0 0 0
1516083478.35 0 0 0 0
1516083478.45 0 0 0 0
1516083478.55 0 0 0 0
1516083478.67 0 0 0 0
1516083478.78 0 0 0 0
1516083478.88 0 0 0 0
1516083478.98 0 0 0 0
1516083479.08 0 0 0 0
1516083479.18 0 0 0 0
1516083479.28 0 0 0 0
1516083479.38 0 0 0 0
1516083479.48 0 0 0 0
1516083479.58 0 0 0 0
1516083479.68 0 0 0 0
1516083479.78 0 0 0 0
1516083479.88 0 0 0 0
1516083479.98 0 0 0 0
1516083480.08 0 0 0 0
1516083480.18 0 0 0 0
1516083480.28 0 0 0 0
1516083480.38 0 0 0 0
1516083480.48 0 0 0 0
1516083480.58 0 0 0 0
1516083480.68 0 0 0 0
1516083480.78 0 0 0 0
1516083480.88 0 0 0 0
1516083480.98 0 0 0 0
1516083481.08 0 0 0 0
1516083481.18 0 0 0 0
1516083481.28 0 0 0 0
1516083481.39 0 0 0 0
1516083481.49 0 0 0 0
1516083481.59 0 0 0 0
1516083481.69 0 0 0 0
1516083481.8 0 0 0 0
1516083481.91 0 0 0 0
1516083482.01 0 0 0 0
1516083482.11 0 0 0 0
1516083482.21 0 0 0 0
1516083482.31 0 0 0 0
1516083482.41 0 0 0 0
1516083482.51 0 0 0 0
1516083482.61 0 0 0 0
1516083482.71 0 0 0 0
1516083482.81 0 0 0 0
1516083482.91 0 0 0 0
1516083483.01 0 0 0 0
1516083483.11 0 0 0 0
1516083483.21 0 0 0 0
1516083483.31 0 0 0 0
1516083483.41 0 0 0 0
1516083483.51 0 0 0 0
1516083483.61 0 0 0 0
1516083483.71 0 0 0 0
1516083483.81 0 0 0 0
1516083483.91 0 0 0 0
1516083484.01 0 0 0 0
1516083484.11 0 0 0 0
1516083484.21 0 0 0 0
1516083484.31 0 0 0 0
1516083484.41 0 58 0 0
1516083484.51 0 0 0 0
1516083484.61 0 58 0 0
1516083484.72 0 116 0 0
1516083484.81 0 58 0 0
1516083484.92 0 58 0 0
1516083485.02 0 1044 0 0
1516083485.12 0 2320 0 0
1516083485.22 0 2146 0 0
1516083485.32 0 2204 0 0
1516083485.41 0 2204 0 0
1516083485.52 0 2262 0 0
1516083485.62 0 2204 0 0
1516083485.72 0 2204 0 0
1516083485.81 0 2204 0 0
1516083485.92 0 2262 0 0
1516083486.02 0 2204 0 0
1516083486.12 0 2146 0 0
1516083486.22 0 2262 0 0
1516083486.32 0 2262 0 0
1516083486.42 0 2146 0 0
1516083486.52 0 2262 0 0
1516083486.62 0 2262 0 0
1516083486.72 0 2146 0 0
1516083486.82 0 2262 0 0
1516083486.93 0 2378 0 0
1516083487.03 0 2204 0 0
1516083487.13 0 2204 0 0
1516083487.23 0 2204 0 0
1516083487.33 0 2204 0 0
1516083487.43 0 2146 0 0
1516083487.53 0 2262 0 0
1516083487.63 0 2204 0 0
1516083487.73 0 2262 0 0
1516083487.83 0 2088 0 0
1516083487.93 0 2204 0 0
1516083488.03 0 2262 0 0
1516083488.13 0 2204 0 0
1516083488.23 0 2204 0 0
1516083488.33 0 2204 0 0
1516083488.43 0 2204 0 0
1516083488.53 0 2320 0 0
1516083488.63 0 2146 0 0
1516083488.73 0 2262 0 0
1516083488.83 0 2204 0 0
1516083488.93 0 2204 0 0
1516083489.03 0 2262 0 0
1516083489.13 0 2204 0 0
1516083489.23 0 2262 0 0
1516083489.33 0 2146 0 0
1516083489.43 0 2204 0 0
1516083489.53 0 2262 0 0
1516083489.63 0 2204 0 0
1516083489.73 0 2204 0 42
1516083489.83 0 2204 0 0
1516083489.93 0 2204 0 0
1516083490.03 0 2204 0 0
1516083490.13 0 2262 0 0
1516083490.23 0 2088 0 0
1516083490.33 0 2204 0 0
1516083490.43 0 2262 0 0
1516083490.53 0 2204 0 0
1516083490.64 0 2204 0 0
1516083490.73 0 2204 0 0
1516083490.83 0 2204 0 0
1516083490.93 0 2204 0 0
1516083491.03 0 2204 0 0
1516083491.14 0 2262 0 0
1516083491.23 0 2204 0 0
1516083491.33 0 2204 0 0
1516083491.43 0 2204 0 0
1516083491.54 0 2262 0 0
1516083491.64 0 2204 0 0
1516083491.74 0 2204 0 0
1516083491.84 0 2204 0 0
1516083491.94 0 2204 0 0
1516083492.04 0 2146 0 0
1516083492.14 0 2088 0 0
1516083492.24 0 2262 0 0
1516083492.34 0 2204 0 0
1516083492.44 0 2204 0 0
1516083492.54 0 2088 0 0
1516083492.64 0 2262 0 0
1516083492.74 0 2204 0 0
1516083492.84 0 2204 0 0
1516083492.94 0 2088 0 0
1516083493.04 0 2262 0 0
1516083493.14 0 2088 0 0
1516083493.24 0 2262 0 0
1516083493.34 0 2030 0 0
1516083493.44 0 2204 0 0
1516083493.54 0 2204 0 0
1516083493.64 0 2262 0 0
1516083493.74 0 2088 0 0
1516083493.84 0 2146 0 0
1516083493.94 0 2204 0 0
1516083494.04 0 2204 0 0
1516083494.14 0 2262 0 0
1516083494.24 0 2146 0 0
1516083494.34 0 2204 0 0
1516083494.44 0 2204 0 0
1516083494.54 0 2262 0 0
1516083494.64 0 2204 0 0
1516083494.74 0 2088 0 0
1516083494.84 0 2262 0 0
1516083494.94 0 2204 0 0
1516083495.04 0 2204 0 0
1516083495.14 0 2204 0 0
1516083495.24 0 2204 0 0
1516083495.34 0 2262 0 0
1516083495.44 0 2146 0 0
1516083495.54 0 2204 0 0
1516083495.64 0 2262 0 0
1516083495.75 0 2320 0 0
1516083495.85 0 2204 0 0
1516083495.95 0 2204 0 0
1516083496.05 0 2262 0 0
1516083496.15 0 2146 0 0
1516083496.25 0 2204 0 0
1516083496.35 0 2204 0 0
1516083496.45 0 2262 0 0
1516083496.55 0 2204 0 0
1516083496.65 0 2204 0 0
1516083496.75 0 2204 0 0
1516083496.85 0 2262 0 0
1516083496.95 0 2204 0 0
1516083497.05 0 2204 0 0
1516083497.15 0 2262 0 0
1516083497.25 0 2146 0 0
1516083497.35 0 2262 0 0
1516083497.45 0 2146 0 0
1516083497.55 0 2262 0 0
1516083497.65 0 2204 0 0
1516083497.75 0 2204 0 0
1516083497.85 0 2146 0 0
1516083497.95 0 2146 0 0
1516083498.05 0 2262 0 0
1516083498.15 0 2204 0 0
1516083498.25 0 2262 0 0
1516083498.35 0 2146 0 0
1516083498.45 0 2262 0 0
1516083498.55 0 2204 0 0
1516083498.65 0 2204 0 0
1516083498.75 0 2204 0 0
1516083498.85 0 2204 0 0
1516083498.95 0 2262 0 0
1516083499.05 0 1972 0 0
1516083499.15 0 2204 0 0
1516083499.25 0 2204 0 0
1516083499.35 0 2262 0 0
1516083499.45 0 2030 0 0
1516083499.55 0 2262 0 0
1516083499.65 0 2204 0 0
1516083499.75 0 2204 0 0
1516083499.85 0 2262 0 0
1516083499.95 0 2204 0 0
1516083500.06 0 2262 0 0
1516083500.16 0 2146 0 0
1516083500.26 0 2204 0 0
1516083500.36 0 2320 0 0
1516083500.46 0 2146 0 0
1516083500.56 0 2204 0 0
1516083500.66 0 2204 0 0
1516083500.76 0 2204 0 0
1516083500.86 0 2204 0 0
1516083500.96 0 2146 0 0
1516083501.06 0 2088 0 0
1516083501.16 0 2204 0 0
1516083501.26 0 2204 0 0
1516083501.36 0 2204 0 0
1516083501.46 0 2262 0 0
1516083501.56 0 2204 0 0
1516083501.66 0 2204 0 0
1516083501.76 0 2262 0 0
1516083501.86 0 2204 0 0
1516083501.96 0 2146 0 0
1516083502.06 0 2262 0 0
1516083502.16 0 2146 0 0
1516083502.26 0 2262 0 0
1516083502.36 0 1972 0 0
1516083502.46 0 2204 0 0
1516083502.56 0 2204 0 0
1516083502.66 0 2262 0 0
1516083502.76 0 1856 0 0
1516083502.86 0 1218 0 0
1516083502.96 0 1392 0 0
1516083503.06 0 2204 0 0
1516083503.16 0 1508 0 0
1516083503.26 0 58 0 0
1516083503.36 0 1044 0 0
1516083503.46 0 1972 0 0
1516083503.56 0 2030 0 0
1516083503.66 0 696 0 0
1516083503.76 0 464 0 0
1516083503.86 0 1566 0 0
1516083503.96 0 1798 0 0
1516083504.06 0 1218 0 0
1516083504.16 0 812 0 0
1516083504.26 0 1392 0 0
1516083504.36 0 1566 0 0
1516083504.46 0 1624 0 0
1516083504.57 0 1334 0 0
1516083504.67 0 1392 0 0
1516083504.76 0 1450 0 0
1516083504.87 0 1566 0 0
1516083504.97 0 1508 0 0
1516083505.07 0 1450 0 0
1516083505.16 0 1450 0 0
1516083505.26 0 1392 0 0
1516083505.37 0 1450 0 0
1516083505.47 0 1450 0 0
1516083505.57 0 1334 0 0
1516083505.67 0 1566 0 0
1516083505.77 0 1276 0 0
1516083505.87 0 1218 0 0
1516083505.97 0 1392 0 0
1516083506.07 0 1392 0 0
1516083506.17 0 1334 0 0
1516083506.27 0 1392 0 0
1516083506.37 0 1276 0 0
1516083506.47 0 1276 0 0
1516083506.57 0 1334 0 0
1516083506.67 0 1334 0 0
1516083506.77 0 1334 0 0
1516083506.87 0 1392 0 0
1516083506.97 0 1334 0 0
1516083507.07 0 1218 0 0
1516083507.17 0 1334 0 0
1516083507.27 0 1276 0 0
1516083507.37 0 1392 0 0
1516083507.47 0 1334 0 0
1516083507.57 0 1160 0 0
1516083507.67 0 1276 0 0
1516083507.77 0 1334 0 0
1516083507.87 0 1276 0 0
1516083507.97 0 1392 0 0
1516083508.07 0 1102 0 0
1516083508.17 0 1044 0 0
1516083508.27 0 1218 0 0
1516083508.37 0 1218 0 0
1516083508.47 0 1334 0 0
1516083508.57 0 1334 0 0
1516083508.68 0 1334 0 0
1516083508.78 0 1276 0 0
1516083508.88 0 1276 0 0
1516083508.98 0 1276 0 0
1516083509.08 0 1276 0 0
1516083509.18 0 1276 0 0
1516083509.27 0 1218 0 0
1516083509.37 0 986 0 0
1516083509.48 0 1218 0 0
1516083509.58 0 1276 0 0
1516083509.68 0 1276 0 0
1516083509.78 0 1276 0 0
1516083509.88 0 1334 0 0
1516083509.98 0 1218 0 0
1516083510.08 0 1276 0 0
1516083510.18 0 1160 0 0
1516083510.28 0 1276 0 0
1516083510.38 0 1276 0 0
1516083510.48 0 1276 0 0
1516083510.58 0 1102 0 0
1516083510.68 0 1276 0 0
1516083510.78 0 1276 0 0
1516083510.88 0 1276 0 0
1516083510.98 0 1276 0 0
1516083511.08 0 1160 0 0
1516083511.18 0 1218 0 0
1516083511.28 0 1276 0 0
1516083511.38 0 1276 0 0
1516083511.48 0 1276 0 0
1516083511.58 0 1276 0 0
1516083511.68 0 1218 0 0
1516083511.78 0 1276 0 0
1516083511.88 0 1276 0 0
1516083511.98 0 1102 0 0
1516083512.08 0 1276 0 0
1516083512.18 0 1218 0 0
1516083512.28 0 1276 0 0
1516083512.38 0 1276 0 0
1516083512.48 0 1276 0 0
1516083512.58 0 1044 0 0
1516083512.68 0 1276 0 0
1516083512.78 0 1276 0 0
1516083512.89 0 1276 0 0
1516083512.99 0 1276 0 0
1516083513.08 0 1218 0 0
1516083513.19 0 1044 0 0
1516083513.29 0 1218 0 0
1516083513.39 0 1276 0 0
1516083513.49 0 1276 0 0
1516083513.59 0 1218 0 0
1516083513.69 0 1334 0 0
1516083513.79 0 986 0 0
1516083513.89 0 1218 0 0
1516083513.99 0 1218 0 0
1516083514.09 0 1276 0 0
1516083514.19 0 1276 0 0
1516083514.29 0 1276 0 42
1516083514.39 0 1102 0 0
1516083514.49 0 1276 0 0
1516083514.59 0 1218 0 0
1516083514.69 0 1276 0 0
1516083514.79 0 1276 0 0
1516083514.89 0 1160 0 0
1516083514.99 0 1102 0 0
1516083515.09 0 1218 0 0
1516083515.19 0 1276 0 0
1516083515.29 0 1276 0 0
1516083515.39 0 1276 0 0
1516083515.49 0 1218 0 0
1516083515.59 0 1160 0 0
1516083515.69 0 1276 0 0
1516083515.79 0 1218 0 0
1516083515.89 0 1276 0 0
1516083515.99 0 1276 0 0
1516083516.09 0 1218 0 0
1516083516.19 0 1218 0 0
1516083516.29 0 1276 0 0
1516083516.39 0 1276 0 0
1516083516.49 0 1276 0 0
1516083516.59 0 1102 0 0
1516083516.69 0 1160 0 0
1516083516.79 0 1218 0 0
1516083516.9 0 1334 0 0
1516083516.99 0 1276 0 0
1516083517.09 0 1276 0 0
1516083517.19 0 1276 0 0
1516083517.29 0 1218 0 0
1516083517.4 0 1334 0 0
1516083517.5 0 1276 0 0
1516083517.6 0 1218 0 0
1516083517.7 0 1276 0 0
1516083517.8 0 1276 0 0
1516083517.9 0 1276 0 0
1516083518.0 0 1218 0 0
1516083518.1 0 1218 0 0
1516083518.2 0 1276 0 0
1516083518.3 0 1334 0 0
1516083518.4 0 1044 0 0
1516083518.5 0 1218 0 0
1516083518.6 0 1218 0 0
1516083518.7 0 1276 0 0
1516083518.8 0 1218 0 0
1516083518.9 0 1218 0 0
1516083519.0 0 1334 0 0
1516083519.1 0 1276 0 0
1516083519.2 0 1218 0 0
1516083519.3 0 1276 0 42
1516083519.4 0 1276 0 0
1516083519.5 0 1218 0 0
1516083519.6 0 1044 0 0
1516083519.7 0 1218 0 0
1516083519.8 0 1334 0 0
1516083519.9 0 1160 0 0
1516083520.0 0 1276 0 0
1516083520.1 0 1276 0 0
1516083520.2 0 1334 0 0
1516083520.3 0 1218 0 0
1516083520.4 0 1218 0 0
1516083520.5 0 1276 0 0
1516083520.6 0 1276 0 0
1516083520.7 0 1218 0 0
1516083520.8 0 1218 0 0
1516083520.91 0 1276 0 0
1516083521.01 0 1218 0 0
1516083521.11 0 1276 0 0
1516083521.21 0 1392 0 0
1516083521.31 0 1160 0 0
1516083521.41 0 1218 0 0
1516083521.51 0 1218 0 0
1516083521.61 0 1276 0 0
1516083521.71 0 1218 0 0
1516083521.81 0 1334 0 0
1516083521.91 0 1102 0 0
1516083522.01 0 1160 0 0
1516083522.11 0 1218 0 0
1516083522.21 0 1276 0 0
1516083522.31 0 1218 0 0
1516083522.41 0 1392 0 0
1516083522.51 0 1102 0 0
1516083522.61 0 1276 0 0
1516083522.71 0 1276 0 0
1516083522.81 0 1276 0 0
1516083522.91 0 1276 0 0
1516083523.01 0 1276 0 0
1516083523.11 0 1218 0 0
1516083523.21 0 1276 0 0
1516083523.31 0 1276 0 0
1516083523.42 0 1334 0 0
1516083523.51 0 1160 0 0
1516083523.61 0 1160 0 0
1516083523.72 0 1276 0 0
1516083523.81 0 1218 0 0
1516083523.92 0 1276 0 0
1516083524.02 0 1334 0 0
1516083524.12 0 1044 0 0
1516083524.22 0 1218 0 0
1516083524.32 0 1276 0 0
1516083524.42 0 1276 0 0
1516083524.52 0 1276 0 0
1516083524.62 0 1276 0 0
1516083524.72 0 1160 0 0
1516083524.82 0 1218 0 0
1516083524.92 0 1276 0 0
1516083525.02 0 1276 0 0
1516083525.12 0 1276 0 0
1516083525.22 0 1276 0 0
1516083525.32 0 986 0 0
1516083525.42 0 1218 0 0
1516083525.52 0 1276 0 0
1516083525.62 0 1276 0 0
1516083525.72 0 1276 0 0
1516083525.82 0 1276 0 0
1516083525.92 0 1044 0 0
1516083526.02 0 1218 0 0
1516083526.12 0 1218 0 0
1516083526.22 0 1276 0 0
1516083526.32 0 1276 0 0
1516083526.42 0 1160 0 0
1516083526.52 0 1218 0 0
1516083526.62 0 1218 0 0
1516083526.72 0 1276 0 0
1516083526.82 0 1218 0 0
1516083526.92 0 1334 0 0
1516083527.02 0 1102 0 0
1516083527.12 0 1160 0 0
1516083527.22 0 1276 0 0
1516083527.32 0 1276 0 0
1516083527.42 0 1276 0 0
1516083527.52 0 1218 0 0
1516083527.62 0 1276 0 0
1516083527.72 0 1218 0 0
1516083527.82 0 1276 0 0
1516083527.92 0 1276 0 0
1516083528.02 0 1276 0 0
1516083528.13 0 1218 0 0
1516083528.23 0 1276 0 0
1516083528.32 0 1218 0 0
1516083528.42 0 1276 0 0
1516083528.52 0 1276 0 0
1516083528.63 0 1276 0 0
1516083528.72 0 1102 0 0
1516083528.83 0 1276 0 0
1516083528.92 0 1276 0 0
1516083529.02 0 1218 0 0
1516083529.12 0 1334 0 0
1516083529.23 0 1102 0 0
1516083529.32 0 1218 0 0
1516083529.43 0 1160 0 0
1516083529.53 0 1334 0 0
1516083529.63 0 1276 0 0
1516083529.73 0 1334 0 0
1516083529.83 0 1102 0 0
1516083529.93 0 1218 0 0
1516083530.03 0 1276 0 0
1516083530.13 0 1276 0 0
1516083530.23 0 1276 0 0
1516083530.33 0 1102 0 0
1516083530.43 0 1160 0 0
1516083530.53 0 1276 0 0
1516083530.63 0 1334 0 0
1516083530.73 0 1218 0 0
1516083530.83 0 1276 0 0
1516083530.93 0 1276 0 0
1516083531.03 0 1160 0 0
1516083531.13 0 1218 0 0
1516083531.23 0 1160 0 0
1516083531.33 0 1276 0 0
1516083531.43 0 1276 0 0
1516083531.53 0 1334 0 0
1516083531.63 0 1218 0 0
1516083531.73 0 1276 0 0
1516083531.83 0 1276 0 0
1516083531.93 0 1276 0 0
1516083532.03 0 1276 0 0
1516083532.13 0 1276 0 0
1516083532.23 0 1160 0 0
1516083532.33 0 1044 0 0
1516083532.43 0 1160 0 0
1516083532.53 0 1218 0 0
1516083532.63 0 1334 0 0
1516083532.73 0 1218 0 0
1516083532.83 0 1276 0 0
1516083532.93 0 1160 0 0
1516083533.03 0 1218 0 0
1516083533.13 0 1276 0 0
1516083533.23 0 1276 0 0
1516083533.33 0 1334 0 0
1516083533.43 0 1044 0 0
1516083533.53 0 1218 0 0
1516083533.64 0 1218 0 0
1516083533.74 0 1334 0 0
1516083533.83 0 1218 0 0
1516083533.93 0 1218 0 0
1516083534.03 0 1218 0 0
1516083534.14 0 1276 0 0
1516083534.23 0 1218 0 0
1516083534.34 0 1276 0 0
1516083534.44 0 1276 0 0
1516083534.54 0 1276 0 0
1516083534.64 0 1044 0 0
1516083534.73 0 1160 0 0
1516083534.84 0 1218 0 0
1516083534.94 0 1334 0 0
1516083535.04 0 1218 0 0
1516083535.14 0 1276 0 0
1516083535.24 0 1218 0 0
1516083535.34 0 1218 0 0
1516083535.44 0 1276 0 0
1516083535.54 0 1276 0 0
1516083535.64 0 1276 0 0
1516083535.74 0 1276 0 0
1516083535.84 0 1160 0 0
1516083535.94 0 1160 0 0
1516083536.04 0 1218 0 0
1516083536.14 0 1276 0 0
1516083536.24 0 1334 0 0
1516083536.34 0 1276 0 0
1516083536.44 0 1218 0 0
1516083536.54 0 1218 0 0
1516083536.64 0 1160 0 0
1516083536.74 0 1276 0 0
1516083536.84 0 1276 0 0
1516083536.94 0 1276 0 0
1516083537.04 0 1160 0 0
1516083537.14 0 1218 0 0
1516083537.24 0 1276 0 0
1516083537.34 0 1218 0 0
1516083537.44 0 1276 0 0
1516083537.54 0 1160 0 0
1516083537.64 0 1160 0 0
1516083537.75 0 1276 0 0
1516083537.85 0 1276 0 0
1516083537.95 0 1276 0 0
1516083538.04 0 1276 0 0
1516083538.15 0 1160 0 0
1516083538.28 0 1682 0 0
1516083538.38 0 1218 0 0
1516083538.48 0 1218 0 0
1516083538.58 0 1276 0 0
1516083538.68 0 754 0 0
1516083538.78 0 1160 0 0
1516083538.88 0 1276 0 0
1516083538.98 0 1160 0 0
1516083539.08 0 1334 0 0
1516083539.18 0 1102 0 0
1516083539.28 0 1334 0 0
1516083539.38 0 1276 0 0
1516083539.48 0 1044 0 0
1516083539.58 0 1334 0 0
1516083539.69 0 1334 0 0
1516083539.78 0 1218 0 0
1516083539.89 0 1334 0 0
1516083539.98 0 1044 0 0
1516083540.08 0 1218 0 0
1516083540.18 0 1218 0 0
1516083540.29 0 1334 0 0
1516083540.38 0 1218 0 0
1516083540.48 0 1160 0 0
1516083540.58 0 1218 0 0
1516083540.7 0 1450 0 0
1516083540.78 0 986 0 0
1516083540.87 0 1276 0 0
1516083540.97 0 1276 0 0
1516083541.07 0 754 0 0
1516083541.17 0 1160 0 0
1516083541.27 0 1276 0 0
1516083541.37 0 1218 0 0
1516083541.47 0 1334 0 0
1516083541.58 0 1102 0 0
1516083541.67 0 1218 0 0
1516083541.78 0 928 0 0
1516083541.88 0 754 0 0
1516083541.97 0 986 0 0
1516083542.07 0 870 0 0
1516083542.18 0 1044 0 0
1516083542.28 0 812 0 0
1516083542.38 0 522 0 0
1516083542.48 0 812 0 0
1516083542.58 0 754 0 0
1516083542.68 0 928 0 0
1516083542.78 0 870 0 0
1516083542.88 0 870 0 42
1516083542.98 0 870 0 0
1516083543.08 0 870 0 0
1516083543.18 0 928 0 0
1516083543.29 0 812 0 0
1516083543.38 0 870 0 0
1516083543.51 0 1044 0 0
1516083543.6 0 754 0 0
1516083543.69 0 870 0 0
1516083543.79 0 870 0 0
1516083543.9 0 638 0 0
1516083544.0 0 812 0 0
1516083544.11 0 870 0 0
1516083544.21 0 812 0 0
1516083544.31 0 870 0 0
1516083544.41 0 870 0 0
1516083544.51 0 870 0 0
1516083544.61 0 812 0 0
1516083544.71 0 812 0 0
1516083544.81 0 870 0 0
1516083544.91 0 812 0 0
1516083545.01 0 754 0 0
1516083545.12 0 812 0 0
1516083545.21 0 812 0 0
1516083545.31 0 928 0 0
1516083545.41 0 696 0 0
1516083545.51 0 696 0 0
1516083545.61 0 812 0 0
1516083545.71 0 812 0 0
1516083545.81 0 812 0 0
1516083545.91 0 870 0 0
1516083546.02 0 754 0 0
1516083546.12 0 870 0 0
1516083546.24 0 928 0 0
1516083546.33 0 870 0 0
1516083546.43 0 812 0 0
1516083546.53 0 696 0 0
1516083546.63 0 812 0 0
1516083546.73 0 812 0 0
1516083546.83 0 754 0 0
1516083546.93 0 812 0 0
1516083547.03 0 870 0 0
1516083547.13 0 812 0 0
1516083547.23 0 754 0 0
1516083547.33 0 812 0 0
1516083547.43 0 754 0 0
1516083547.53 0 812 0 0
1516083547.63 0 812 0 0
1516083547.73 0 870 0 0
1516083547.83 0 696 0 42
1516083547.93 0 754 0 0
1516083548.03 0 696 0 0
1516083548.14 0 812 0 0
1516083548.23 0 812 0 0
1516083548.34 0 754 0 0
1516083548.44 0 870 0 0
1516083548.53 0 812 0 0
1516083548.64 0 580 0 0
1516083548.73 0 754 0 0
1516083548.83 0 812 0 0
1516083548.93 0 754 0 0
1516083549.03 0 870 0 0
1516083549.13 0 812 0 0
1516083549.23 0 754 0 0
1516083549.33 0 754 0 0
1516083549.43 0 812 0 0
1516083549.54 0 812 0 0
1516083549.64 0 754 0 0
1516083549.74 0 870 0 0
1516083549.84 0 754 0 0
1516083549.94 0 754 0 0
1516083550.04 0 754 0 0
1516083550.14 0 754 0 0
1516083550.24 0 812 0 0
1516083550.34 0 812 0 0
1516083550.44 0 754 0 0
1516083550.54 0 870 0 0
1516083550.64 0 696 0 0
1516083550.74 0 754 0 0
1516083550.84 0 812 0 0
1516083550.94 0 870 0 0
1516083551.04 0 754 0 0
1516083551.14 0 638 0 0
1516083551.24 0 754 0 0
1516083551.34 0 754 0 0
1516083551.44 0 812 0 0
1516083551.54 0 812 0 0
1516083551.64 0 812 0 0
1516083551.74 0 696 0 0
1516083551.84 0 696 0 0
1516083551.94 0 754 0 0
1516083552.04 0 870 0 0
1516083552.14 0 812 0 0
1516083552.24 0 754 0 0
1516083552.34 0 870 0 0
1516083552.44 0 638 0 0
1516083552.54 0 754 0 0
1516083552.64 0 696 0 0
1516083552.74 0 754 0 0
1516083552.84 0 812 0 0
1516083552.94 0 812 0 0
1516083553.04 0 812 0 0
1516083553.14 0 754 0 0
1516083553.24 0 754 0 0
1516083553.34 0 696 0 0
1516083553.44 0 754 0 0
1516083553.54 0 812 0 0
1516083553.64 0 754 0 0
1516083553.74 0 812 0 0
1516083553.84 0 812 0 0
1516083553.94 0 754 0 0
1516083554.04 0 812 0 0
1516083554.14 0 696 0 0
1516083554.24 0 812 0 0
1516083554.34 0 812 0 0
1516083554.45 0 812 0 0
1516083554.54 0 754 0 0
1516083554.65 0 696 0 0
1516083554.75 0 754 0 0
1516083554.85 0 754 0 0
1516083554.95 0 870 0 0
1516083555.05 0 812 0 0
1516083555.15 0 754 0 0
1516083555.25 0 812 0 0
1516083555.35 0 754 0 0
1516083555.45 0 812 0 0
1516083555.55 0 812 0 0
1516083555.65 0 870 0 0
1516083555.75 0 754 0 0
1516083555.85 0 812 0 0
1516083555.95 0 812 0 0
1516083556.05 0 812 0 0
1516083556.15 0 812 0 0
1516083556.25 0 754 0 0
1516083556.35 0 754 0 0
1516083556.45 0 812 0 0
1516083556.55 0 812 0 0
1516083556.65 0 754 0 0
1516083556.75 0 812 0 0
1516083556.85 0 870 0 0
1516083556.95 0 580 0 0
1516083557.05 0 754 0 0
1516083557.15 0 812 0 0
1516083557.25 0 812 0 0
1516083557.35 0 812 0 0
1516083557.45 0 812 0 0
1516083557.55 0 580 0 0
1516083557.65 0 812 0 0
1516083557.75 0 812 0 0
1516083557.85 0 812 0 0
1516083557.95 0 870 0 0
1516083558.05 0 754 0 0
1516083558.15 0 638 0 0
1516083558.25 0 754 0 0
1516083558.35 0 812 0 0
1516083558.45 0 870 0 0
1516083558.55 0 812 0 0
1516083558.65 0 812 0 0
1516083558.75 0 696 0 0
1516083558.85 0 754 0 0
1516083558.95 0 870 0 0
1516083559.05 0 812 0 0
1516083559.15 0 812 0 0
1516083559.25 0 812 0 0
1516083559.35 0 754 0 0
1516083559.45 0 812 0 0
1516083559.55 0 812 0 0
1516083559.65 0 812 0 0
1516083559.75 0 812 0 0
1516083559.86 0 812 0 0
1516083559.96 0 754 0 0
1516083560.06 0 870 0 0
1516083560.16 0 812 0 0
1516083560.26 0 812 0 0
1516083560.36 0 870 0 0
1516083560.46 0 812 0 0
1516083560.56 0 812 0 0
1516083560.66 0 812 0 0
1516083560.76 0 812 0 0
1516083560.86 0 812 0 0
1516083560.96 0 812 0 0
1516083561.06 0 754 0 0
1516083561.16 0 812 0 0
1516083561.26 0 812 0 0
1516083561.36 0 812 0 0
1516083561.46 0 870 0 0
1516083561.56 0 754 0 0
1516083561.66 0 754 0 0
1516083561.76 0 870 0 0
1516083561.86 0 812 0 0
1516083561.96 0 812 0 0
1516083562.06 0 754 0 0
1516083562.16 0 812 0 0
1516083562.26 0 812 0 0
1516083562.37 0 870 0 0
1516083562.47 0 812 0 0
1516083562.57 0 696 0 0
1516083562.67 0 754 0 0
1516083562.77 0 870 0 0
1516083562.87 0 754 0 0
1516083562.97 0 870 0 0
1516083563.07 0 754 0 0
1516083563.17 0 754 0 0
1516083563.27 0 812 0 0
1516083563.37 0 812 0 0
1516083563.47 0 812 0 0
1516083563.57 0 812 0 0
1516083563.67 0 870 0 0
1516083563.77 0 870 0 0
1516083563.87 0 696 0 0
1516083563.97 0 870 0 0
1516083564.07 0 812 0 0
1516083564.17 0 812 0 0
1516083564.27 0 696 0 0
1516083564.38 0 754 0 0
1516083564.47 0 754 0 0
1516083564.57 0 870 0 0
1516083564.68 0 812 0 0
1516083564.77 0 870 0 0
1516083564.87 0 754 0 0
1516083564.98 0 812 0 0
1516083565.07 0 754 0 0
1516083565.17 0 928 0 0
1516083565.27 0 696 0 0
1516083565.37 0 638 0 0
1516083565.48 0 812 0 0
1516083565.57 0 812 0 0
1516083565.68 0 812 0 0
1516083565.78 0 812 0 0
1516083565.88 0 812 0 0
1516083565.98 0 812 0 0
1516083566.08 0 812 0 0
1516083566.18 0 812 0 0
1516083566.28 0 812 0 0
1516083566.38 0 754 0 0
1516083566.48 0 812 0 0
1516083566.58 0 754 0 0
1516083566.68 0 870 0 0
1516083566.78 0 812 0 0
1516083566.88 0 812 0 0
1516083566.98 0 812 0 0
1516083567.08 0 754 0 0
1516083567.18 0 870 0 0
1516083567.28 0 870 0 0
1516083567.38 0 812 0 0
1516083567.48 0 812 0 0
1516083567.58 0 812 0 0
1516083567.68 0 812 0 0
1516083567.78 0 812 0 0
1516083567.88 0 812 0 0
1516083567.98 0 812 0 0
1516083568.09 0 870 0 0
1516083568.18 0 754 0 0
1516083568.28 0 870 0 0
1516083568.39 0 812 0 0
1516083568.48 0 812 0 0
1516083568.59 0 870 0 0
1516083568.69 0 812 0 0
1516083568.79 0 870 0 0
1516083568.89 0 812 0 0
1516083568.99 0 812 0 0
1516083569.09 0 870 0 0
1516083569.19 0 812 0 0
1516083569.29 0 812 0 0
1516083569.39 0 812 0 0
1516083569.49 0 870 0 0
1516083569.59 0 812 0 0
1516083569.69 0 754 0 0
1516083569.79 0 812 0 0
1516083569.89 0 870 0 0
1516083569.99 0 812 0 0
1516083570.09 0 754 0 0
1516083570.2 0 812 0 0
1516083570.3 0 870 0 0
1516083570.4 0 812 0 0
1516083570.5 0 812 0 0
1516083570.59 0 812 0 0
1516083570.7 0 870 0 0
1516083570.79 0 754 0 0
1516083570.89 0 754 0 0
1516083570.99 0 870 0 0
1516083571.09 0 812 0 0
1516083571.19 0 870 0 0
1516083571.29 0 754 0 0
1516083571.4 0 870 0 0
1516083571.5 0 812 0 42
1516083571.6 0 812 0 0
1516083571.7 0 754 0 0
1516083571.8 0 812 0 0
1516083571.89 0 870 0 0
1516083572.0 0 870 0 0
1516083572.1 0 754 0 0
1516083572.2 0 812 0 0
1516083572.3 0 870 0 0
1516083572.4 0 812 0 0
1516083572.5 0 812 0 0
1516083572.6 0 812 0 0
1516083572.7 0 870 0 0
1516083572.8 0 754 0 0
1516083572.9 0 870 0 0
1516083573.0 0 812 0 0
1516083573.1 0 812 0 0
1516083573.2 0 812 0 0
1516083573.3 0 870 0 0
1516083573.4 0 870 0 0
1516083573.5 0 812 0 0
1516083573.6 0 812 0 0
1516083573.7 0 870 0 0
1516083573.8 0 754 0 0
1516083573.9 0 870 0 0
1516083574.0 0 812 0 0
1516083574.11 0 870 0 0
1516083574.21 0 812 0 0
1516083574.31 0 812 0 0
1516083574.41 0 870 0 0
1516083574.52 0 870 0 0
1516083574.61 0 754 0 0
1516083574.71 0 812 0 0
1516083574.81 0 812 0 0
1516083574.92 0 928 0 0
1516083575.01 0 754 0 0
1516083575.11 0 812 0 0
1516083575.21 0 812 0 0
1516083575.31 0 812 0 0
1516083575.41 0 928 0 0
1516083575.52 0 754 0 0
1516083575.62 0 812 0 0
1516083575.71 0 812 0 0
1516083575.81 0 812 0 0
1516083575.91 0 812 0 0
1516083576.01 0 870 0 0
1516083576.12 0 812 0 0
1516083576.21 0 870 0 0
1516083576.31 0 754 0 0
1516083576.42 0 870 0 0
1516083576.51 0 812 0 42
1516083576.62 0 812 0 0
1516083576.72 0 812 0 0
1516083576.82 0 870 0 0
1516083576.92 0 870 0 0
1516083577.02 0 754 0 0
1516083577.12 0 870 0 0
1516083577.22 0 812 0 0
1516083577.32 0 870 0 0
1516083577.42 0 754 0 0
1516083577.52 0 812 0 0
1516083577.62 0 812 0 0
1516083577.72 0 870 0 0
1516083577.82 0 870 0 0
1516083577.92 0 754 0 0
1516083578.02 0 812 0 0
1516083578.12 0 812 0 0
1516083578.22 0 928 0 0
1516083578.32 0 812 0 0
1516083578.42 0 754 0 0
1516083578.52 0 812 0 0
1516083578.62 0 870 0 0
1516083578.72 0 870 0 0
1516083578.82 0 812 0 0
1516083578.92 0 754 0 0
1516083579.02 0 870 0 0
1516083579.12 0 870 0 0
1516083579.22 0 812 0 0
1516083579.32 0 754 0 0
1516083579.43 0 928 0 0
1516083579.52 0 754 0 0
1516083579.62 0 870 0 0
1516083579.72 0 870 0 0
1516083579.82 0 754 0 0
1516083579.92 0 812 0 0
1516083580.02 0 812 0 0
1516083580.12 0 870 0 0
1516083580.22 0 754 0 0
1516083580.33 0 812 0 0
1516083580.42 0 754 0 0
1516083580.52 0 870 0 0
1516083580.63 0 870 0 0
1516083580.72 0 754 0 0
1516083580.83 0 870 0 0
1516083580.93 0 870 0 0
1516083581.03 0 870 0 0
1516083581.13 0 754 0 0
1516083581.23 0 812 0 0
1516083581.33 0 870 0 0
1516083581.43 0 812 0 0
1516083581.53 0 870 0 0
1516083581.63 0 754 0 0
1516083581.73 0 812 0 0
1516083581.82 0 812 0 0
1516083581.93 0 870 0 0
1516083582.03 0 870 0 0
1516083582.13 0 754 0 0
1516083582.23 0 870 0 0
1516083582.33 0 812 0 0
1516083582.43 0 870 0 0
1516083582.53 0 812 0 0
1516083582.64 0 754 0 0
1516083582.74 0 870 0 0
1516083582.84 0 870 0 0
1516083582.94 0 812 0 0
1516083583.05 0 870 0 0
1516083583.15 0 812 0 0
1516083583.25 0 870 0 0
1516083583.35 0 870 0 0
1516083583.45 0 870 0 0
1516083583.56 0 870 0 0
1516083583.66 0 812 0 0
1516083583.76 0 812 0 0
1516083583.86 0 870 0 0
1516083583.96 0 812 0 0
1516083584.05 0 754 0 0
1516083584.16 0 870 0 0
1516083584.26 0 870 0 0
1516083584.36 0 1044 0 0
1516083584.46 0 812 0 0
1516083584.56 0 928 0 0
1516083584.66 0 986 0 0
1516083584.76 0 1218 0 0
1516083584.86 0 1276 0 0
1516083584.96 0 1276 0 0
1516083585.06 0 1334 0 0
1516083585.16 0 1218 0 0
1516083585.26 0 1044 0 0
1516083585.36 0 1160 0 0
1516083585.46 0 1276 0 0
1516083585.56 0 1218 0 0
1516083585.66 0 1276 0 0
1516083585.76 0 1218 0 0
1516083585.86 0 1276 0 0
1516083585.96 0 1218 0 0
1516083586.06 0 1276 0 0
1516083586.16 0 1218 0 0
1516083586.26 0 1218 0 0
1516083586.36 0 1218 0 0
1516083586.46 0 1276 0 0
1516083586.56 0 1276 0 0
1516083586.66 0 1276 0 0
1516083586.76 0 1160 0 0
1516083586.86 0 1218 0 0
1516083586.96 0 1276 0 0
1516083587.06 0 1276 0 0
1516083587.16 0 1218 0 0
1516083587.26 0 1218 0 0
1516083587.36 0 1044 0 0
1516083587.46 0 1218 0 0
1516083587.56 0 1276 0 0
1516083587.67 0 1334 0 0
1516083587.76 0 1218 0 0
1516083587.87 0 1160 0 0
1516083587.97 0 1160 0 0
1516083588.06 0 1218 0 0
1516083588.16 0 1218 0 0
1516083588.26 0 1276 0 0
1516083588.37 0 1334 0 0
1516083588.47 0 1102 0 0
1516083588.56 0 1044 0 0
1516083588.66 0 1276 0 0
1516083588.76 0 1276 0 0
1516083588.87 0 1218 0 0
1516083588.97 0 1334 0 0
1516083589.07 0 1160 0 0
1516083589.16 0 1218 0 0
1516083589.27 0 1276 0 0
1516083589.36 0 1218 0 0
1516083589.46 0 1276 0 0
1516083589.57 0 1218 0 0
1516083589.67 0 1218 0 0
1516083589.77 0 1276 0 0
1516083589.87 0 1276 0 0
1516083589.97 0 1276 0 0
1516083590.07 0 1276 0 0
1516083590.17 0 986 0 0
1516083590.27 0 1102 0 0
1516083590.37 0 1218 0 0
1516083590.47 0 1276 0 0
1516083590.57 0 1276 0 0
1516083590.67 0 1276 0 0
1516083590.77 0 1218 0 0
1516083590.87 0 1160 0 0
1516083590.97 0 1276 0 0
1516083591.08 0 1334 0 0
1516083591.17 0 1218 0 0
1516083591.27 0 1276 0 0
1516083591.37 0 1160 0 0
1516083591.47 0 1218 0 0
1516083591.57 0 1276 0 0
1516083591.67 0 1218 0 0
1516083591.78 0 1334 0 0
1516083591.87 0 1160 0 0
1516083591.97 0 1102 0 0
1516083592.08 0 1218 0 0
1516083592.18 0 1276 0 0
1516083592.28 0 1218 0 0
1516083592.38 0 1334 0 0
1516083592.48 0 1160 0 0
1516083592.58 0 1334 0 0
1516083592.69 0 1276 0 0
1516083592.78 0 1218 0 0
1516083592.88 0 1276 0 0
1516083592.98 0 1276 0 0
1516083593.08 0 1160 0 0
1516083593.18 0 1160 0 0
1516083593.28 0 1276 0 0
1516083593.38 0 1276 0 0
1516083593.48 0 1276 0 0
1516083593.58 0 1218 0 0
1516083593.68 0 1276 0 0
1516083593.78 0 1218 0 0
1516083593.88 0 1276 0 0
1516083593.98 0 1276 0 0
1516083594.08 0 1276 0 0
1516083594.18 0 1276 0 0
1516083594.28 0 986 0 0
1516083594.38 0 1160 0 0
1516083594.48 0 1218 0 0
1516083594.58 0 1276 0 0
1516083594.68 0 1276 0 0
1516083594.78 0 1334 0 0
1516083594.88 0 1102 0 0
1516083594.98 0 1102 0 0
1516083595.08 0 1218 0 0
1516083595.18 0 1276 0 0
1516083595.28 0 1276 0 0
1516083595.38 0 1218 0 0
1516083595.48 0 1218 0 0
1516083595.58 0 986 0 0
1516083595.68 0 1218 0 0
1516083595.78 0 1218 0 0
1516083595.88 0 1276 0 0
1516083595.98 0 1276 0 0
1516083596.08 0 1276 0 0
1516083596.18 0 1044 0 0
1516083596.28 0 1160 0 0
1516083596.38 0 1160 0 0
1516083596.48 0 1276 0 0
1516083596.59 0 1276 0 0
1516083596.69 0 1334 0 0
1516083596.79 0 1160 0 0
1516083596.89 0 1160 0 0
1516083596.99 0 1218 0 0
1516083597.1 0 1334 0 0
1516083597.2 0 1392 0 0
1516083597.3 0 1218 0 0
1516083597.4 0 1044 0 0
1516083597.5 0 1276 0 0
1516083597.6 0 1160 0 0
1516083597.7 0 1276 0 0
1516083597.8 0 1218 0 0
1516083597.9 0 1392 0 0
1516083598.0 0 1044 0 0
1516083598.1 0 1160 0 0
1516083598.2 0 1334 0 0
1516083598.31 0 1334 0 0
1516083598.41 0 1276 0 0
1516083598.5 0 1102 0 0
1516083598.6 0 1218 0 0
1516083598.7 0 1218 0 0
1516083598.8 0 1276 0 0
1516083598.9 0 1218 0 0
1516083599.0 0 1334 0 0
1516083599.1 0 1102 0 0
1516083599.2 0 1160 0 0
1516083599.3 0 1276 0 0
1516083599.41 0 1334 0 0
1516083599.51 0 1218 0 0
1516083599.61 0 1160 0 0
1516083599.71 0 1160 0 0
1516083599.81 0 1276 0 0
1516083599.91 0 1218 0 0
1516083600.01 0 1334 0 0
1516083600.11 0 1160 0 42
1516083600.21 0 1218 0 0
1516083600.31 0 1218 0 0
1516083600.41 0 1276 0 0
1516083600.51 0 1218 0 0
1516083600.61 0 1334 0 0
1516083600.71 0 1102 0 0
1516083600.81 0 1160 0 0
1516083600.91 0 1218 0 0
1516083601.01 0 1276 0 0
1516083601.11 0 1334 0 0
1516083601.21 0 1276 0 0
1516083601.31 0 1160 0 0
1516083601.41 0 1218 0 0
1516083601.51 0 1392 0 0
1516083601.61 0 1218 0 0
1516083601.72 0 1334 0 0
1516083601.82 0 1102 0 0
1516083601.92 0 1218 0 0
1516083602.02 0 1218 0 0
1516083602.12 0 1334 0 0
1516083602.22 0 1218 0 0
1516083602.32 0 1334 0 0
1516083602.42 0 1160 0 0
1516083602.52 0 1218 0 0
1516083602.62 0 1276 0 0
1516083602.72 0 1276 0 0
1516083602.82 0 1276 0 0
1516083602.92 0 1102 0 0
1516083603.02 0 1044 0 0
1516083603.12 0 1218 0 0
1516083603.22 0 1218 0 0
1516083603.32 0 1334 0 0
1516083603.42 0 1218 0 0
1516083603.52 0 1334 0 0
1516083603.62 0 1102 0 0
1516083603.72 0 1218 0 0
1516083603.82 0 1218 0 0
1516083603.92 0 1276 0 0
1516083604.02 0 1218 0 0
1516083604.12 0 1160 0 0
1516083604.22 0 1218 0 0
1516083604.32 0 1218 0 0
1516083604.42 0 1218 0 0
1516083604.52 0 1334 0 0
1516083604.62 0 1276 0 0
1516083604.72 0 1276 0 0
1516083604.82 0 1218 0 0
1516083604.92 0 1334 0 0
1516083605.02 0 1218 0 0
1516083605.12 0 1044 0 42
1516083605.22 0 1160 0 0
1516083605.32 0 1276 0 0
1516083605.42 0 1276 0 0
1516083605.52 0 1218 0 0
1516083605.62 0 1334 0 0
1516083605.72 0 1160 0 0
1516083605.83 0 1160 0 0
1516083605.93 0 1334 0 0
1516083606.03 0 1334 0 0
1516083606.13 0 1276 0 0
1516083606.23 0 1160 0 0
1516083606.34 0 1218 0 0
1516083606.43 0 1218 0 0
1516083606.53 0 1276 0 0
1516083606.63 0 1276 0 0
1516083606.73 0 1218 0 0
1516083606.83 0 1160 0 0
1516083606.93 0 1276 0 0
1516083607.03 0 1276 0 0
1516083607.13 0 1218 0 0
1516083607.23 0 1276 0 0
1516083607.33 0 1218 0 0
1516083607.43 0 1218 0 0
1516083607.54 0 1276 0 0
1516083607.63 0 1218 0 0
1516083607.73 0 1276 0 0
1516083607.84 0 1102 0 0
1516083607.93 0 1160 0 0
1516083608.03 0 1218 0 0
1516083608.13 0 1276 0 0
1516083608.23 0 1276 0 0
1516083608.33 0 1276 0 0
1516083608.44 0 1102 0 0
1516083608.54 0 1160 0 0
1516083608.64 0 1218 0 0
1516083608.74 0 1276 0 0
1516083608.84 0 1218 0 0
1516083608.94 0 1276 0 0
1516083609.04 0 1160 0 0
1516083609.14 0 1276 0 0
1516083609.24 0 1276 0 0
1516083609.34 0 1276 0 0
1516083609.44 0 1102 0 0
1516083609.54 0 1160 0 0
1516083609.64 0 1218 0 0
1516083609.74 0 1218 0 0
1516083609.84 0 1334 0 0
1516083609.94 0 1218 0 0
1516083610.04 0 1218 0 0
1516083610.14 0 1218 0 0
1516083610.24 0 1218 0 0
1516083610.34 0 1218 0 0
1516083610.44 0 1334 0 0
1516083610.54 0 1160 0 0
1516083610.64 0 986 0 0
1516083610.74 0 1160 0 0
1516083610.84 0 1276 0 0
1516083610.94 0 1276 0 0
1516083611.04 0 1276 0 0
1516083611.14 0 1276 0 0
1516083611.24 0 1102 0 0
1516083611.34 0 1160 0 0
1516083611.44 0 1276 0 0
1516083611.54 0 1218 0 0
1516083611.64 0 1276 0 0
1516083611.74 0 1276 0 0
1516083611.84 0 1218 0 0
1516083611.94 0 1276 0 0
1516083612.04 0 1276 0 0
1516083612.14 0 1218 0 0
1516083612.24 0 1334 0 0
1516083612.34 0 1218 0 0
1516083612.44 0 1218 0 0
1516083612.54 0 1276 0 0
1516083612.64 0 1276 0 0
1516083612.74 0 1276 0 0
1516083612.84 0 1160 0 0
1516083612.94 0 1160 0 0
1516083613.04 0 1276 0 0
1516083613.14 0 1276 0 0
1516083613.24 0 1276 0 0
1516083613.34 0 1160 0 0
1516083613.45 0 1044 0 0
1516083613.55 0 1276 0 0
1516083613.64 0 1276 0 0
1516083613.75 0 1276 0 0
1516083613.85 0 1218 0 0
1516083613.94 0 1218 0 0
1516083614.05 0 1218 0 0
1516083614.15 0 1276 0 0
1516083614.24 0 1218 0 0
1516083614.35 0 1276 0 0
1516083614.45 0 1218 0 0
1516083614.54 0 1218 0 0
1516083614.65 0 1276 0 0
1516083614.75 0 1218 0 0
1516083614.85 0 1218 0 0
1516083614.95 0 1218 0 0
1516083615.05 0 1218 0 0
1516083615.15 0 1334 0 0
1516083615.25 0 1218 0 0
1516083615.35 0 1276 0 0
1516083615.45 0 1218 0 0
1516083615.55 0 1102 0 0
1516083615.65 0 1218 0 0
1516083615.75 0 1276 0 0
1516083615.85 0 1218 0 0
1516083615.95 0 1276 0 0
1516083616.05 0 1218 0 0
1516083616.15 0 1218 0 0
1516083616.25 0 1276 0 0
1516083616.35 0 1218 0 0
1516083616.45 0 1334 0 0
1516083616.55 0 1218 0 0
1516083616.65 0 1044 0 0
1516083616.75 0 1218 0 0
1516083616.85 0 1218 0 0
1516083616.95 0 1276 0 0
1516083617.05 0 1276 0 0
1516083617.15 0 1218 0 0
1516083617.25 0 1276 0 0
1516083617.35 0 1276 0 0
1516083617.45 0 1276 0 0
1516083617.55 0 1276 0 0
1516083617.65 0 1218 0 0
1516083617.75 0 1218 0 0
1516083617.85 0 1276 0 0
1516083617.95 0 1276 0 0
1516083618.05 0 1276 0 0
1516083618.15 0 1218 0 0
1516083618.25 0 1218 0 0
1516083618.35 0 1276 0 0
1516083618.45 0 1218 0 0
1516083618.55 0 1276 0 0
1516083618.65 0 1102 0 0
1516083618.75 0 1160 0 0
1516083618.85 0 1218 0 0
1516083618.95 0 1276 0 0
1516083619.05 0 1276 0 0
1516083619.15 0 1276 0 0
1516083619.26 0 1276 0 0
1516083619.36 0 1276 0 0
1516083619.46 0 1218 0 0
1516083619.56 0 1334 0 0
1516083619.66 0 1218 0 0
1516083619.76 0 1160 0 0
1516083619.86 0 1334 0 0
1516083619.96 0 1218 0 0
1516083620.06 0 1276 0 0
1516083620.16 0 1276 0 0
1516083620.26 0 1160 0 0
1516083620.36 0 1218 0 0
1516083620.46 0 1276 0 0
1516083620.56 0 1334 0 0
1516083620.66 0 1218 0 0
1516083620.76 0 928 0 0
1516083620.86 0 1218 0 0
1516083620.96 0 1276 0 0
1516083621.06 0 1218 0 0
1516083621.16 0 1276 0 0
1516083621.26 0 1218 0 0
1516083621.36 0 1276 0 0
1516083621.46 0 1276 0 0
1516083621.56 0 1276 0 0
1516083621.67 0 1276 0 0
1516083621.76 0 1218 0 0
1516083621.86 0 1276 0 0
1516083621.96 0 1218 0 0
1516083622.06 0 1334 0 0
1516083622.16 0 1218 0 0
1516083622.26 0 1102 0 0
1516083622.36 0 1218 0 0
1516083622.46 0 1276 0 0
1516083622.56 0 1276 0 0
1516083622.66 0 1276 0 0
1516083622.76 0 1160 0 0
1516083622.86 0 1276 0 0
1516083622.97 0 1276 0 0
1516083623.06 0 1276 0 0
1516083623.16 0 1218 0 0
1516083623.27 0 1334 0 0
1516083623.37 0 1218 0 0
1516083623.47 0 1276 0 0
1516083623.56 0 1218 0 0
1516083623.66 0 1218 0 0
1516083623.77 0 1276 0 0
1516083623.87 0 1334 0 0
1516083623.97 0 1218 0 0
1516083624.07 0 1218 0 0
1516083624.17 0 1334 0 0
1516083624.27 0 1276 0 0
1516083624.37 0 1218 0 0
1516083624.47 0 1392 0 0
1516083624.57 0 870 0 0
1516083624.67 0 1218 0 0
1516083624.77 0 1276 0 0
1516083624.87 0 1276 0 0
1516083624.97 0 1276 0 0
1516083625.07 0 1276 0 0
1516083625.17 0 1160 0 0
1516083625.27 0 1218 0 0
1516083625.37 0 1334 0 0
1516083625.47 0 1334 0 0
1516083625.57 0 1044 0 0
1516083625.67 0 1160 0 0
1516083625.77 0 1218 0 0
1516083625.87 0 1276 0 0
1516083625.97 0 1276 0 0
1516083626.07 0 1218 0 0
1516083626.18 0 1276 0 0
1516083626.27 0 1218 0 0
1516083626.37 0 1276 0 0
1516083626.47 0 1276 0 0
1516083626.57 0 1218 0 0
1516083626.67 0 1218 0 0
1516083626.78 0 1392 0 0
1516083626.88 0 1218 0 0
1516083626.98 0 1276 0 0
1516083627.08 0 1218 0 0
1516083627.17 0 1276 0 0
1516083627.28 0 1276 0 0
1516083627.38 0 1276 0 0
1516083627.48 0 1276 0 0
1516083627.58 0 1276 0 0
1516083627.68 0 1218 0 0
1516083627.78 0 1218 0 0
1516083627.88 0 1276 0 0
1516083627.98 0 1276 0 0
1516083628.08 0 1276 0 0
1516083628.18 0 1276 0 0
1516083628.28 0 1218 0 0
1516083628.38 0 1276 0 0
1516083628.48 0 1334 0 0
1516083628.58 0 1218 0 0
1516083628.68 0 1218 0 42
1516083628.78 0 1276 0 0
1516083628.88 0 1276 0 0
1516083628.98 0 1276 0 0
1516083629.08 0 1218 0 0
1516083629.18 0 1160 0 0
1516083629.28 0 1276 0 0
1516083629.38 0 1276 0 0
1516083629.48 0 1276 0 0
1516083629.59 0 1334 0 0
1516083629.68 0 1102 0 0
1516083629.78 0 1276 0 0
1516083629.89 0 1276 0 0
1516083629.98 0 1276 0 0
1516083630.08 0 1276 0 0
1516083630.18 0 986 0 0
1516083630.28 0 1276 0 0
1516083630.38 0 1276 0 0
1516083630.48 0 1276 0 0
1516083630.58 0 1276 0 0
1516083630.69 0 1160 0 0
1516083630.79 0 1218 0 0
1516083630.89 0 1276 0 0
1516083630.99 0 1276 0 0
1516083631.08 0 1276 0 0
1516083631.18 0 1160 0 0
1516083631.29 0 1102 0 0
1516083631.38 0 1218 0 0
1516083631.49 0 1334 0 0
1516083631.59 0 1218 0 0
1516083631.69 0 1276 0 0
1516083631.79 0 1044 0 0
1516083631.89 0 1218 0 0
1516083631.99 0 1276 0 0
1516083632.09 0 1218 0 0
1516083632.19 0 1218 0 0
1516083632.29 0 1218 0 0
1516083632.39 0 1218 0 0
1516083632.49 0 1276 0 0
1516083632.59 0 1218 0 0
1516083632.69 0 1276 0 0
1516083632.79 0 1334 0 0
1516083632.89 0 986 0 0
1516083632.99 0 1218 0 0
1516083633.09 0 1218 0 0
1516083633.19 0 1276 0 0
1516083633.29 0 1276 0 0
1516083633.39 0 1276 0 0
1516083633.49 0 1276 0 0
1516083633.59 0 1218 0 0
1516083633.69 0 1276 0 42
1516083633.79 0 1218 0 0
1516083633.89 0 1334 0 0
1516083633.99 0 1218 0 0
1516083634.09 0 1276 0 0
1516083634.19 0 1218 0 0
1516083634.29 0 1276 0 0
1516083634.4 0 1334 0 0
1516083634.49 0 1276 0 0
1516083634.59 0 1044 0 0
1516083634.69 0 1218 0 0
1516083634.79 0 1218 0 0
1516083634.89 0 1276 0 0
1516083634.99 0 1334 0 0
1516083635.09 0 1218 0 0
1516083635.19 0 1044 0 0
1516083635.29 0 1218 0 0
1516083635.39 0 1276 0 0
1516083635.49 0 1276 0 0
1516083635.59 0 1276 0 0
1516083635.7 0 1334 0 0
1516083635.8 0 870 0 0
1516083635.89 0 1218 0 0
1516083636.0 0 1276 0 0
1516083636.1 0 1276 0 0
1516083636.19 0 1218 0 0
1516083636.3 0 1334 0 0
1516083636.4 0 1160 0 0
1516083636.5 0 1218 0 0
1516083636.6 0 1276 0 0
1516083636.7 0 1218 0 0
1516083636.8 0 1276 0 0
1516083636.9 0 1276 0 0
1516083637.0 0 1160 0 0
1516083637.1 0 1218 0 0
1516083637.2 0 1276 0 0
1516083637.3 0 1160 0 0
1516083637.4 0 1334 0 0
1516083637.5 0 986 0 0
1516083637.6 0 1218 0 0
1516083637.7 0 1276 0 0
1516083637.8 0 1276 0 0
1516083637.9 0 1276 0 0
1516083638.0 0 1276 0 0
1516083638.1 0 1160 0 0
1516083638.2 0 1276 0 0
1516083638.3 0 1218 0 0
1516083638.4 0 1334 0 0
1516083638.5 0 1218 0 0
1516083638.6 0 1392 0 0
1516083638.7 0 928 0 0
1516083638.8 0 1334 0 0
1516083638.91 0 1218 0 0
1516083639.0 0 1218 0 0
1516083639.1 0 1276 0 0
1516083639.2 0 1334 0 0
1516083639.3 0 1044 0 0
1516083639.4 0 1334 0 0
1516083639.5 0 1218 0 0
1516083639.6 0 1276 0 0
1516083639.7 0 1334 0 0
1516083639.8 0 1044 0 0
1516083639.9 0 1218 0 0
1516083640.0 0 1276 0 0
1516083640.1 0 1218 0 0
1516083640.2 0 1334 0 0
1516083640.3 0 1218 0 0
1516083640.41 0 1160 0 0
1516083640.5 0 1276 0 0
1516083640.6 0 1218 0 0
1516083640.71 0 1334 0 0
1516083640.81 0 1276 0 0
1516083640.91 0 1044 0 0
1516083641.01 0 1160 0 0
1516083641.11 0 1218 0 0
1516083641.21 0 1276 0 0
1516083641.31 0 1218 0 0
1516083641.41 0 1334 0 0
1516083641.51 0 1218 0 0
1516083641.61 0 1160 0 0
1516083641.71 0 1276 0 0
1516083641.81 0 1276 0 0
1516083641.91 0 1276 0 0
1516083642.01 0 1276 0 0
1516083642.11 0 1102 0 0
1516083642.21 0 1218 0 0
1516083642.31 0 1276 0 0
1516083642.41 0 1276 0 0
1516083642.51 0 1276 0 0
1516083642.61 0 1334 0 0
1516083642.71 0 986 0 0
1516083642.81 0 1276 0 0
1516083642.91 0 1276 0 0
1516083643.01 0 1276 0 0
1516083643.11 0 1276 0 0
1516083643.21 0 986 0 0
1516083643.31 0 1160 0 0
1516083643.41 0 1218 0 0
1516083643.51 0 1276 0 0
1516083643.61 0 1276 0 0
1516083643.71 0 1276 0 0
1516083643.81 0 1102 0 0
1516083643.91 0 1160 0 0
1516083644.01 0 1276 0 0
1516083644.11 0 1218 0 0
1516083644.21 0 1334 0 0
1516083644.31 0 1276 0 0
1516083644.41 0 1102 0 0
1516083644.51 0 1218 0 0
1516083644.61 0 1218 0 0
1516083644.71 0 1276 0 0
1516083644.81 0 1276 0 0
1516083644.91 0 1276 0 0
1516083645.01 0 1160 0 0
1516083645.11 0 1218 0 0
1516083645.22 0 1276 0 0
1516083645.32 0 1218 0 0
1516083645.42 0 1334 0 0
1516083645.52 0 1276 0 0
1516083645.62 0 1160 0 0
1516083645.72 0 1102 0 0
1516083645.82 0 1276 0 0
1516083645.92 0 1276 0 0
1516083646.02 0 1276 0 0
1516083646.12 0 1276 0 0
1516083646.22 0 1102 0 0
1516083646.32 0 1044 0 0
1516083646.42 0 1218 0 0
1516083646.52 0 1276 0 0
1516083646.62 0 1276 0 0
1516083646.72 0 1276 0 0
1516083646.82 0 1276 0 0
1516083646.92 0 1276 0 0
1516083647.02 0 1044 0 0
1516083647.12 0 1276 0 0
1516083647.22 0 1276 0 0
1516083647.32 0 1276 0 0
1516083647.42 0 1276 0 0
1516083647.52 0 986 0 0
1516083647.62 0 1102 0 0
1516083647.72 0 1276 0 0
1516083647.82 0 1218 0 0
1516083647.92 0 1334 0 0
1516083648.02 0 1218 0 0
1516083648.12 0 1276 0 0
1516083648.22 0 1160 0 0
1516083648.32 0 986 0 0
1516083648.42 0 1218 0 0
1516083648.52 0 1334 0 0
1516083648.62 0 1218 0 0
1516083648.72 0 1276 0 0
1516083648.82 0 1218 0 0
1516083648.92 0 1160 0 0
1516083649.02 0 1276 0 0
1516083649.12 0 1276 0 0
1516083649.23 0 1334 0 0
1516083649.32 0 1276 0 0
1516083649.42 0 928 0 0
1516083649.52 0 1218 0 0
1516083649.62 0 1276 0 0
1516083649.72 0 1276 0 0
1516083649.82 0 1276 0 0
1516083649.92 0 1276 0 0
1516083650.02 0 986 0 0
1516083650.12 0 1160 0 0
1516083650.22 0 1218 0 0
1516083650.32 0 1276 0 0
1516083650.42 0 1276 0 0
1516083650.52 0 1276 0 0
1516083650.62 0 1276 0 0
1516083650.73 0 986 0 0
1516083650.82 0 1218 0 0
1516083650.93 0 1218 0 0
1516083651.03 0 1334 0 0
1516083651.13 0 1276 0 0
1516083651.23 0 1334 0 0
1516083651.33 0 754 0 0
1516083651.43 0 1160 0 0
1516083651.53 0 1276 0 0
1516083651.63 0 1392 0 0
1516083651.73 0 1392 0 0
1516083651.83 0 1508 0 0
1516083651.93 0 1566 0 0
1516083652.03 0 1624 0 0
1516083652.13 0 1740 0 0
1516083652.23 0 1798 0 0
1516083652.33 0 1856 0 0
1516083652.43 0 1856 0 0
1516083652.53 0 1972 0 0
1516083652.63 0 1972 0 0
1516083652.74 0 2088 0 0
1516083652.83 0 1972 0 0
1516083652.93 0 2088 0 0
1516083653.03 0 2030 0 0
1516083653.13 0 2146 0 0
1516083653.23 0 2146 0 0
1516083653.33 0 2204 0 0
1516083653.44 0 1276 0 3540
1516083653.53 0 0 0 0
1516083653.63 0 0 0 0
1516083653.73 0 0 0 0
1516083653.83 0 0 0 0
1516083653.94 0 0 0 0
1516083654.03 0 0 0 0
1516083654.13 0 0 0 0
1516083654.23 0 0 0 0
1516083654.33 0 0 0 0
1516083654.44 0 0 0 0
1516083654.53 0 0 0 0
1516083654.63 0 0 0 590
1516083654.73 0 0 0 0
1516083654.83 0 0 0 0
1516083654.93 0 0 0 0
1516083655.04 0 0 0 0
1516083655.14 0 0 0 0
1516083655.24 0 0 0 0
1516083655.34 0 0 0 0
1516083655.44 0 0 0 0
1516083655.54 0 0 0 0
1516083655.63 0 0 0 0
1516083655.73 0 0 0 0
1516083655.84 0 0 0 0
1516083655.94 0 0 0 0
1516083656.04 0 0 0 0
1516083656.14 0 0 0 0
1516083656.24 0 0 0 0
1516083656.34 0 0 0 0
1516083656.44 0 0 0 0
1516083656.54 0 0 0 0
1516083656.64 0 0 0 0
1516083656.74 0 0 0 0
1516083656.84 0 0 0 0
1516083656.94 0 0 0 0
1516083657.04 0 0 0 0
1516083657.14 0 0 0 0
1516083657.24 0 0 0 0
1516083657.34 0 0 0 0
1516083657.44 0 0 0 0
1516083657.54 0 0 0 0
1516083657.64 0 0 0 0
1516083657.74 0 0 0 0
1516083657.84 0 0 0 0
1516083657.94 0 0 0 0
1516083658.04 0 0 0 0
1516083658.14 0 0 0 0
1516083658.24 0 0 0 0
1516083658.34 0 0 0 0
1516083658.44 0 0 0 0
1516083658.54 0 0 0 0
1516083658.64 0 0 0 0
1516083658.74 0 0 0 0
1516083658.84 0 0 0 0
1516083658.94 0 0 0 0
1516083659.04 0 0 0 0
1516083659.16 0 0 0 0
1516083659.26 0 0 0 0
1516083659.35 0 0 0 0
1516083659.45 0 0 0 0
1516083659.55 0 0 0 0
1516083659.65 0 0 0 0
1516083659.76 0 0 0 0
1516083659.86 0 0 0 0
1516083659.98 0 0 0 0
1516083660.08 0 0 0 0
1516083660.18 0 0 0 0
1516083660.28 0 0 0 0
1516083660.38 0 0 0 0
1516083660.49 0 0 0 0
1516083660.59 0 0 0 0
1516083660.69 0 0 0 0
1516083660.79 0 0 0 0
1516083660.89 0 0 0 0
1516083660.99 0 0 0 0
1516083661.09 0 0 0 0
1516083661.19 0 0 0 0
1516083661.29 0 0 0 0
1516083661.39 0 0 0 0
1516083661.49 0 0 0 0
1516083661.6 0 0 0 0
1516083661.71 0 0 0 0
1516083661.8 0 0 0 0
1516083661.91 0 0 0 0
1516083662.01 0 0 0 0
1516083662.11 0 0 0 0
1516083662.21 0 0 0 0
1516083662.31 0 0 0 0
1516083662.41 0 0 0 0
1516083662.51 0 0 0 0
1516083662.62 0 0 0 0
1516083662.71 0 0 0 0
1516083662.81 0 0 0 0
1516083662.91 0 0 0 0
1516083663.01 0 0 0 0
1516083663.11 0 0 0 0
1516083663.23 0 0 0 0
1516083663.31 0 0 0 0
1516083663.43 0 0 0 0
1516083663.51 0 0 0 0
1516083663.62 0 0 0 0
1516083663.71 0 0 0 0
1516083663.82 0 0 0 0
1516083663.91 0 0 0 0
1516083664.02 0 0 0 0
1516083664.1 0 0 0 0
1516083664.22 0 0 0 0
1516083664.3 0 0 0 0
1516083664.42 0 0 0 0
1516083664.51 0 0 0 0
