1516081957.91 0 0 0 0
1516081958.01 0 0 0 0
1516081958.1 0 0 0 0
1516081958.2 0 0 0 0
1516081958.3 0 0 0 0
1516081958.4 0 0 0 0
1516081958.52 0 0 0 0
1516081958.62 0 0 0 0
1516081958.7 0 0 0 0
1516081958.81 0 0 0 0
1516081958.9 0 0 0 0
1516081959.0 0 0 0 0
1516081959.1 0 0 0 0
1516081959.21 0 0 0 0
1516081959.3 0 0 0 0
1516081959.4 0 0 0 0
1516081959.5 0 0 0 0
1516081959.6 0 0 0 0
1516081959.7 0 0 0 0
1516081959.8 0 0 0 0
1516081959.9 0 0 0 0
1516081960.0 0 0 0 0
1516081960.11 0 0 0 0
1516081960.21 0 0 0 0
1516081960.31 0 0 0 0
1516081960.41 0 0 0 0
1516081960.51 0 0 0 0
1516081960.61 0 0 0 0
1516081960.71 0 0 0 0
1516081960.81 0 0 0 0
1516081960.91 0 0 0 0
1516081961.01 0 0 0 0
1516081961.11 0 0 0 0
1516081961.21 0 0 0 0
1516081961.31 0 0 0 0
1516081961.41 0 0 0 0
1516081961.51 0 0 0 0
1516081961.61 0 0 0 0
1516081961.71 0 0 0 0
1516081961.81 0 0 0 0
1516081961.91 0 0 0 0
1516081962.01 0 0 0 0
1516081962.11 0 0 0 0
1516081962.21 0 0 0 0
1516081962.31 0 0 0 0
1516081962.41 0 0 0 0
1516081962.51 0 0 0 0
1516081962.61 0 0 0 0
1516081962.71 0 0 0 0
1516081962.81 0 0 0 0
1516081962.91 0 0 0 0
1516081963.01 0 0 0 0
1516081963.11 0 0 0 0
1516081963.21 0 0 0 0
1516081963.31 0 0 0 0
1516081963.42 0 0 0 0
1516081963.52 0 0 0 0
1516081963.64 0 0 0 0
1516081963.74 0 0 0 0
1516081963.84 0 0 0 0
1516081963.94 0 0 0 0
1516081964.04 0 0 0 0
1516081964.14 0 0 0 0
1516081964.24 0 0 0 0
1516081964.34 0 0 0 0
1516081964.44 0 0 0 0
1516081964.54 0 0 0 0
1516081964.64 0 0 0 0
1516081964.75 0 0 0 0
1516081964.84 0 0 0 0
1516081964.95 0 0 0 0
1516081965.04 0 0 0 0
1516081965.14 0 0 0 0
1516081965.24 0 0 0 0
1516081965.38 0 0 0 0
1516081965.51 0 0 0 0
1516081965.61 0 0 0 0
1516081965.71 0 0 0 0
1516081965.82 0 0 0 0
1516081965.91 0 0 0 0
1516081966.01 0 0 0 0
1516081966.11 0 0 0 0
1516081966.21 0 0 0 0
1516081966.31 0 0 0 0
1516081966.41 0 0 0 0
1516081966.51 0 0 0 0
1516081966.61 0 0 0 0
1516081966.71 0 0 0 0
1516081966.82 0 0 0 0
1516081966.96 0 0 0 0
1516081967.07 0 0 0 0
1516081967.18 0 0 0 0
1516081967.28 0 0 0 0
1516081967.38 0 0 0 0
1516081967.5 0 0 0 0
1516081967.65 0 0 0 0
1516081967.75 0 0 0 0
1516081967.85 0 0 0 0
1516081967.95 0 0 0 0
1516081968.05 0 0 0 0
1516081968.15 0 0 0 0
1516081968.25 0 0 0 0
1516081968.38 0 0 0 0
1516081968.49 0 0 0 0
1516081968.59 0 0 0 0
1516081968.7 0 0 0 0
1516081968.81 0 0 0 0
1516081968.91 0 0 0 0
1516081969.01 0 0 0 0
1516081969.11 0 0 0 0
1516081969.21 0 0 0 0
1516081969.33 0 0 0 0
1516081969.45 0 0 0 0
1516081969.55 0 0 0 0
1516081969.65 0 0 0 0
1516081969.77 0 0 0 0
1516081969.91 0 0 0 0
1516081970.0 0 0 0 0
1516081970.11 0 0 0 0
1516081970.2 0 0 0 0
1516081970.3 0 0 0 0
1516081970.4 0 0 0 0
1516081970.5 0 0 0 0
1516081970.6 0 0 0 0
1516081970.7 0 0 0 0
1516081970.82 0 0 0 0
1516081970.93 0 0 0 0
1516081971.03 0 0 0 0
1516081971.15 0 0 0 0
1516081971.27 0 0 0 0
1516081971.37 0 0 0 0
1516081971.47 0 0 0 0
1516081971.57 0 0 0 0
1516081971.67 0 0 0 0
1516081971.78 0 0 0 0
1516081971.88 0 0 0 0
1516081972.0 0 0 0 0
1516081972.08 0 0 0 0
1516081972.19 0 0 0 0
1516081972.29 0 0 0 0
1516081972.39 0 0 0 0
1516081972.49 0 0 0 0
1516081972.6 0 0 0 0
1516081972.73 0 0 0 0
1516081972.85 0 0 0 0
1516081972.98 0 0 0 0
1516081973.08 0 0 0 0
1516081973.19 0 0 0 0
1516081973.29 0 0 0 0
1516081973.39 0 0 0 0
1516081973.49 0 0 0 0
1516081973.6 0 0 0 0
1516081973.7 0 0 0 0
1516081973.8 0 0 0 0
1516081973.9 0 0 0 0
1516081974.0 0 0 0 84
1516081974.1 0 0 0 0
1516081974.2 0 0 0 148
1516081974.3 0 0 0 0
1516081974.4 0 0 0 173
1516081974.5 0 0 0 0
1516081974.6 0 0 0 1707
1516081974.73 0 0 0 0
1516081974.83 0 0 0 180
1516081974.95 0 0 0 1534
1516081975.06 0 0 0 148
1516081975.15 0 0 0 0
1516081975.25 0 0 0 290
1516081975.35 0 0 0 0
1516081975.45 0 0 0 134
1516081975.55 0 0 0 82
1516081975.65 0 0 0 686
1516081975.75 0 0 0 0
1516081975.85 0 0 0 1332
1516081975.95 0 0 0 0
1516081976.05 0 0 0 178
1516081976.15 0 0 0 134
1516081976.25 0 0 0 0
1516081976.35 0 0 0 266
1516081976.47 0 0 0 686
1516081976.56 0 0 0 396
1516081976.66 0 0 0 0
1516081976.77 0 0 0 1288
1516081976.87 0 0 0 0
1516081976.97 0 0 0 0
1516081977.07 0 0 0 178
1516081977.17 0 0 0 0
1516081977.27 0 0 0 0
1516081977.37 0 0 0 266
1516081977.47 0 0 0 0
1516081977.57 0 0 0 0
1516081977.67 0 0 0 0
1516081977.77 0 0 0 462
1516081977.87 0 0 0 0
1516081977.97 0 0 0 0
1516081978.07 0 0 0 66
1516081978.17 0 0 0 0
1516081978.27 0 0 0 0
1516081978.37 0 0 0 0
1516081978.47 0 0 0 0
1516081978.58 0 0 0 0
1516081978.67 0 0 0 0
1516081978.77 0 0 0 0
1516081978.87 0 0 0 0
1516081978.97 0 0 0 0
1516081979.07 0 0 0 0
1516081979.18 0 0 0 0
1516081979.28 0 0 0 42
1516081979.38 0 0 0 0
1516081979.48 0 0 0 0
1516081979.58 0 0 0 0
1516081979.68 0 0 0 0
1516081979.79 0 0 0 0
1516081979.88 0 0 0 0
1516081979.98 0 0 0 0
1516081980.08 0 0 0 0
1516081980.18 0 0 0 0
1516081980.28 0 0 0 0
1516081980.38 0 0 0 0
1516081980.48 0 0 0 0
1516081980.58 0 0 0 0
1516081980.68 0 0 0 0
1516081980.78 0 0 0 0
1516081980.9 0 0 0 0
1516081980.99 0 0 0 0
1516081981.09 0 0 0 0
1516081981.19 0 0 0 0
1516081981.29 0 0 0 0
1516081981.39 0 0 0 0
1516081981.49 0 0 0 0
1516081981.59 0 0 0 0
1516081981.69 0 0 0 0
1516081981.79 0 0 0 0
1516081981.9 0 0 0 0
1516081981.99 0 0 0 0
1516081982.12 0 0 0 0
1516081982.24 0 0 0 0
1516081982.34 0 0 0 0
1516081982.44 0 0 0 0
1516081982.54 0 0 0 0
1516081982.64 0 0 0 0
1516081982.74 0 0 0 0
1516081982.84 0 0 0 0
1516081982.94 0 0 0 0
1516081983.04 0 0 0 0
1516081983.14 0 0 0 0
1516081983.24 0 0 0 0
1516081983.34 0 0 0 0
1516081983.44 0 0 0 0
1516081983.54 0 0 0 0
1516081983.64 0 0 0 0
1516081983.74 0 0 0 0
1516081983.84 0 0 0 0
1516081983.94 0 0 0 0
1516081984.04 0 0 0 0
1516081984.14 0 0 0 0
1516081984.24 0 0 0 0
1516081984.34 0 0 0 0
1516081984.45 0 0 0 0
1516081984.55 0 0 0 0
1516081984.64 0 0 0 0
1516081984.74 0 0 0 0
1516081984.84 0 0 0 0
1516081984.94 0 0 0 0
1516081985.04 0 0 0 0
1516081985.14 0 0 0 0
1516081985.24 0 0 0 0
1516081985.34 0 0 0 0
1516081985.44 0 0 0 0
1516081985.54 0 0 0 0
1516081985.66 0 0 0 0
1516081985.75 0 0 0 0
1516081985.85 0 0 0 0
1516081985.95 0 0 0 0
1516081986.05 0 0 0 0
1516081986.15 0 0 0 0
1516081986.27 0 0 0 0
1516081986.39 0 0 0 0
1516081986.49 0 0 0 0
1516081986.59 0 0 0 0
1516081986.69 0 0 0 0
1516081986.79 0 0 0 0
1516081986.89 0 0 0 0
1516081986.99 0 0 0 0
1516081987.09 0 0 0 0
1516081987.19 0 0 0 0
1516081987.29 0 0 0 0
1516081987.39 0 0 0 0
1516081987.49 0 0 0 0
1516081987.59 0 0 0 0
1516081987.69 0 0 0 0
1516081987.79 0 0 0 0
1516081987.89 0 0 0 0
1516081987.99 0 0 0 0
1516081988.09 0 0 0 0
1516081988.2 0 0 0 0
1516081988.3 0 0 0 0
1516081988.4 0 0 0 0
1516081988.5 0 0 0 0
1516081988.61 0 0 0 0
1516081988.71 0 0 0 0
1516081988.8 0 0 0 0
1516081988.9 0 0 0 0
1516081989.0 0 0 0 0
1516081989.1 0 0 0 0
1516081989.2 0 0 0 0
1516081989.31 0 0 0 0
1516081989.44 0 0 0 0
1516081989.56 0 0 0 0
1516081989.67 0 0 0 0
1516081989.77 0 0 0 0
1516081989.86 0 0 0 0
1516081989.96 0 0 0 0
1516081990.06 0 0 0 0
1516081990.16 0 0 0 0
1516081990.26 0 0 0 0
1516081990.36 0 0 0 0
1516081990.46 0 0 0 0
1516081990.57 0 0 0 0
1516081990.67 0 0 0 0
1516081990.76 0 0 0 0
1516081990.86 0 0 0 0
1516081990.97 0 0 0 0
1516081991.06 0 0 0 0
1516081991.17 0 0 0 0
1516081991.27 0 0 0 0
1516081991.37 0 0 0 0
1516081991.46 0 0 0 0
1516081991.58 0 0 0 0
1516081991.7 0 0 0 0
1516081991.82 0 0 0 0
1516081991.95 0 0 0 0
1516081992.05 0 0 0 0
1516081992.15 0 0 0 0
1516081992.25 0 0 0 0
1516081992.35 0 0 0 0
1516081992.45 0 0 0 0
1516081992.55 0 0 0 0
1516081992.65 0 0 0 0
1516081992.75 0 0 0 0
1516081992.85 0 0 0 0
1516081992.97 0 0 0 0
1516081993.09 0 0 0 0
1516081993.19 0 0 0 0
1516081993.29 0 0 0 0
1516081993.39 0 0 0 0
1516081993.49 0 0 0 0
1516081993.59 0 0 0 0
1516081993.69 0 0 0 0
1516081993.79 0 0 0 0
1516081993.89 0 0 0 0
1516081993.99 0 0 0 0
1516081994.09 0 0 0 0
1516081994.21 0 0 0 0
1516081994.33 0 0 0 0
1516081994.43 0 0 0 0
1516081994.56 0 0 0 0
1516081994.67 0 0 0 0
1516081994.77 0 0 0 0
1516081994.89 0 0 0 0
1516081994.99 0 0 0 0
1516081995.09 0 0 0 0
1516081995.19 0 0 0 0
1516081995.29 0 0 0 0
1516081995.42 0 0 0 0
1516081995.52 0 0 0 0
1516081995.62 0 0 0 0
1516081995.72 0 0 0 0
1516081995.84 0 0 0 0
1516081995.96 0 0 0 0
1516081996.05 0 0 0 0
1516081996.15 0 0 0 0
1516081996.25 0 0 0 0
1516081996.36 0 0 0 0
1516081996.46 0 0 0 0
1516081996.57 0 0 0 0
1516081996.66 0 0 0 0
1516081996.77 0 0 0 0
1516081996.87 0 0 0 0
1516081996.97 0 0 0 0
1516081997.07 0 0 0 0
1516081997.18 0 0 0 0
1516081997.27 0 0 0 0
1516081997.37 0 0 0 0
1516081997.49 0 0 0 0
1516081997.58 0 0 0 0
1516081997.69 0 0 0 0
1516081997.78 0 0 0 0
1516081997.89 0 0 0 0
1516081997.99 0 0 0 0
1516081998.09 0 0 0 0
1516081998.18 0 0 0 0
1516081998.28 0 0 0 0
1516081998.38 0 0 0 0
1516081998.48 0 0 0 0
1516081998.59 0 0 0 0
1516081998.69 0 0 0 0
1516081998.79 0 0 0 0
1516081998.9 0 0 0 0
1516081999.01 0 0 0 0
1516081999.12 0 0 0 0
1516081999.22 0 0 0 0
1516081999.32 0 0 0 0
1516081999.42 0 0 0 0
1516081999.52 0 0 0 0
1516081999.62 0 0 0 0
1516081999.72 0 0 0 0
1516081999.82 0 0 0 0
1516081999.93 0 0 0 0
1516082000.02 0 0 0 0
1516082000.12 0 0 0 0
1516082000.22 0 0 0 0
1516082000.32 0 0 0 0
1516082000.42 0 0 0 0
1516082000.52 0 0 0 0
1516082000.62 0 0 0 0
1516082000.72 0 0 0 0
1516082000.82 0 0 0 0
1516082000.92 0 0 0 0
1516082001.02 0 0 0 0
1516082001.12 0 0 0 0
1516082001.22 0 0 0 0
1516082001.32 0 0 0 0
1516082001.42 0 0 0 0
1516082001.52 0 0 0 0
1516082001.63 0 0 0 0
1516082001.72 0 0 0 0
1516082001.82 0 0 0 0
1516082001.92 0 0 0 0
1516082002.02 0 0 0 0
1516082002.12 0 0 0 0
1516082002.22 0 0 0 0
1516082002.32 0 0 0 0
1516082002.42 0 0 0 0
1516082002.52 0 0 0 0
1516082002.62 0 0 0 0
1516082002.72 0 0 0 0
1516082002.82 0 0 0 0
1516082002.92 0 0 0 0
1516082003.02 0 0 0 0
1516082003.12 0 0 0 0
1516082003.23 0 0 0 0
1516082003.35 0 0 0 0
1516082003.45 0 0 0 0
1516082003.55 0 0 0 0
1516082003.65 0 0 0 0
1516082003.75 0 0 0 0
1516082003.85 0 0 0 0
1516082003.95 0 0 0 0
1516082004.05 0 0 0 0
1516082004.15 0 0 0 0
1516082004.25 0 0 0 0
1516082004.35 0 0 0 0
1516082004.45 0 0 0 0
1516082004.55 0 0 0 0
1516082004.65 0 0 0 0
1516082004.75 0 0 0 0
1516082004.85 0 0 0 0
1516082004.95 0 0 0 0
1516082005.05 0 0 0 0
1516082005.15 0 0 0 0
1516082005.25 0 0 0 0
1516082005.35 0 0 0 0
1516082005.45 0 0 0 0
1516082005.55 0 0 0 0
1516082005.65 0 0 0 0
1516082005.75 0 0 0 0
1516082005.85 0 0 0 0
1516082005.95 0 0 0 0
1516082006.05 0 0 0 0
1516082006.16 0 0 0 0
1516082006.26 0 0 0 0
1516082006.36 0 0 0 0
1516082006.46 0 0 0 0
1516082006.56 0 0 0 0
1516082006.66 0 0 0 0
1516082006.76 0 0 0 0
1516082006.86 0 0 0 0
1516082006.96 0 0 0 0
1516082007.07 0 0 0 0
1516082007.17 0 0 0 0
1516082007.27 0 0 0 0
1516082007.37 0 0 0 0
1516082007.47 0 0 0 0
1516082007.57 0 0 0 0
1516082007.67 0 0 0 0
1516082007.77 0 0 0 0
1516082007.87 0 1514 0 0
1516082007.98 0 0 0 0
1516082008.08 0 0 0 0
1516082008.18 0 24224 0 0
1516082008.28 0 43906 0 0
1516082008.38 0 28766 0 0
1516082008.48 0 24224 0 0
1516082008.58 0 33308 0 0
1516082008.69 0 42392 0 0
1516082008.79 0 43906 0 0
1516082008.89 0 40878 0 0
1516082008.99 0 42392 0 0
1516082009.09 0 43906 0 0
1516082009.19 0 46934 0 0
1516082009.29 0 46934 0 0
1516082009.39 0 46934 0 0
1516082009.49 0 48448 0 0
1516082009.59 0 51476 0 0
1516082009.69 0 51476 0 0
1516082009.8 0 51476 0 0
1516082009.89 0 49962 0 0
1516082009.99 0 51476 0 0
1516082010.09 0 51476 0 0
1516082010.19 0 51476 0 0
1516082010.29 0 52990 0 0
1516082010.39 0 52990 0 0
1516082010.49 0 52990 0 0
1516082010.59 0 54504 0 0
1516082010.69 0 52990 0 0
1516082010.8 0 54504 0 0
1516082010.89 0 52990 0 0
1516082010.99 0 54504 0 0
1516082011.09 0 56018 0 0
1516082011.2 0 52990 0 0
1516082011.3 0 56018 0 0
1516082011.39 0 52990 0 0
1516082011.49 0 56018 0 0
1516082011.6 0 54504 0 0
1516082011.69 0 54504 0 0
1516082011.79 0 56018 0 0
1516082011.89 0 54504 0 0
1516082012.0 0 56018 0 0
1516082012.1 0 54504 0 0
1516082012.2 0 56018 0 0
1516082012.3 0 56018 0 0
1516082012.4 0 54504 0 0
1516082012.5 0 56018 0 0
1516082012.6 0 56018 0 42
1516082012.7 0 56018 0 0
1516082012.8 0 56018 0 0
1516082012.9 0 54504 0 0
1516082013.0 0 56018 0 0
1516082013.1 0 56018 0 0
1516082013.2 0 54504 0 0
1516082013.3 0 56018 0 0
1516082013.4 0 56018 0 0
1516082013.5 0 56018 0 0
1516082013.6 0 59046 0 0
1516082013.7 0 56018 0 0
1516082013.8 0 56018 0 0
1516082013.9 0 56018 0 0
1516082014.0 0 54504 0 0
1516082014.1 0 56018 0 0
1516082014.2 0 57532 0 0
1516082014.31 0 54504 0 0
1516082014.41 0 60560 0 0
1516082014.5 0 52990 0 0
1516082014.61 0 57532 0 0
1516082014.72 0 59046 0 0
1516082014.81 0 57532 0 0
1516082014.92 0 56018 0 0
1516082015.02 0 59046 0 0
1516082015.12 0 57532 0 0
1516082015.22 0 56018 0 0
1516082015.32 0 56018 0 0
1516082015.43 0 57532 0 0
1516082015.53 0 57532 0 0
1516082015.63 0 54504 0 0
1516082015.73 0 56018 0 0
1516082015.82 0 54504 0 0
1516082015.93 0 56018 0 0
1516082016.03 0 57532 0 0
1516082016.13 0 56018 0 0
1516082016.23 0 54504 0 0
1516082016.33 0 56018 0 0
1516082016.43 0 57532 0 0
1516082016.53 0 56018 0 0
1516082016.63 0 54504 0 0
1516082016.73 0 57532 0 0
1516082016.83 0 56018 0 0
1516082016.93 0 56018 0 0
1516082017.03 0 56018 0 0
1516082017.13 0 56018 0 0
1516082017.23 0 56018 0 0
1516082017.33 0 56018 0 0
1516082017.43 0 56018 0 0
1516082017.53 0 56018 0 0
1516082017.63 0 56018 0 42
1516082017.73 0 56018 0 0
1516082017.83 0 56018 0 0
1516082017.93 0 56018 0 0
1516082018.03 0 56018 0 0
1516082018.13 0 56018 0 0
1516082018.24 0 60560 0 0
1516082018.34 0 57532 0 0
1516082018.44 0 56018 0 0
1516082018.54 0 56018 0 0
1516082018.64 0 56018 0 0
1516082018.74 0 56018 0 0
1516082018.84 0 56018 0 0
1516082018.94 0 56018 0 0
1516082019.04 0 56018 0 0
1516082019.14 0 56018 0 0
1516082019.24 0 56018 0 0
1516082019.34 0 56018 0 0
1516082019.44 0 57532 0 0
1516082019.54 0 56018 0 0
1516082019.65 0 56018 0 0
1516082019.75 0 59046 0 0
1516082019.85 0 57532 0 0
1516082019.95 0 57532 0 0
1516082020.05 0 54504 0 0
1516082020.16 0 59046 0 0
1516082020.29 0 71158 0 0
1516082020.39 0 56018 0 0
1516082020.49 0 56018 0 0
1516082020.59 0 57532 0 0
1516082020.68 0 52990 0 0
1516082020.79 0 57532 0 0
1516082020.89 0 57532 0 0
1516082020.99 0 56018 0 0
1516082021.1 0 59046 0 0
1516082021.19 0 52990 0 0
1516082021.29 0 54504 0 0
1516082021.39 0 56018 0 0
1516082021.49 0 57532 0 0
1516082021.62 0 66616 0 0
1516082021.71 0 57532 0 0
1516082021.81 0 54504 0 0
1516082021.91 0 56018 0 0
1516082022.01 0 57532 0 0
1516082022.11 0 56018 0 0
1516082022.21 0 56018 0 0
1516082022.31 0 56018 0 0
1516082022.41 0 56018 0 0
1516082022.51 0 54504 0 0
1516082022.61 0 57532 0 0
1516082022.71 0 56018 0 0
1516082022.81 0 56018 0 0
1516082022.91 0 54504 0 0
1516082023.01 0 57532 0 0
1516082023.11 0 56018 0 0
1516082023.21 0 56018 0 0
1516082023.31 0 56018 0 0
1516082023.41 0 54504 0 0
1516082023.51 0 57532 0 0
1516082023.61 0 56018 0 0
1516082023.71 0 56018 0 0
1516082023.81 0 56018 0 0
1516082023.91 0 56018 0 0
1516082024.02 0 59046 0 0
1516082024.11 0 54504 0 0
1516082024.21 0 54504 0 0
1516082024.31 0 57532 0 0
1516082024.41 0 56018 0 0
1516082024.51 0 56018 0 0
1516082024.61 0 56018 0 0
1516082024.71 0 56018 0 0
1516082024.82 0 60560 0 0
1516082024.92 0 56018 0 0
1516082025.02 0 54504 0 0
1516082025.12 0 56018 0 0
1516082025.22 0 56018 0 0
1516082025.32 0 57532 0 0
1516082025.43 0 60560 0 0
1516082025.52 0 52990 0 0
1516082025.63 0 57532 0 0
1516082025.73 0 54504 0 0
1516082025.83 0 57532 0 0
1516082025.92 0 54504 0 0
1516082026.02 0 57532 0 0
1516082026.12 0 56018 0 0
1516082026.23 0 56018 0 0
1516082026.33 0 56018 0 0
1516082026.42 0 54504 0 0
1516082026.53 0 60560 0 0
1516082026.63 0 54504 0 0
1516082026.73 0 56018 0 0
1516082026.83 0 59046 0 0
1516082026.93 0 63588 0 0
1516082027.03 0 62074 0 0
1516082027.13 0 63588 0 0
1516082027.23 0 51476 0 0
1516082027.33 0 28766 0 0
1516082027.43 0 49962 0 0
1516082027.53 0 56018 0 0
1516082027.63 0 57532 0 0
1516082027.73 0 37850 0 0
1516082027.83 0 51476 0 0
1516082027.93 0 51476 0 0
1516082028.03 0 57532 0 0
1516082028.13 0 54504 0 0
1516082028.23 0 48448 0 0
1516082028.33 0 56018 0 0
1516082028.43 0 56018 0 0
1516082028.53 0 57532 0 0
1516082028.63 0 57532 0 0
1516082028.73 0 60560 0 0
1516082028.83 0 57532 0 0
1516082028.93 0 62074 0 0
1516082029.03 0 60560 0 0
1516082029.13 0 62074 0 0
1516082029.24 0 66616 0 0
1516082029.33 0 62074 0 0
1516082029.43 0 62074 0 0
1516082029.54 0 65102 0 0
1516082029.64 0 63588 0 0
1516082029.74 0 59046 0 0
1516082029.85 0 62074 0 0
1516082029.94 0 57532 0 0
1516082030.05 0 65102 0 0
1516082030.15 0 62074 0 0
1516082030.25 1514 59046 0 0
1516082030.34 0 62074 0 0
1516082030.44 0 63588 0 0
1516082030.54 0 60560 0 0
1516082030.64 0 62074 0 0
1516082030.74 0 62074 0 0
1516082030.84 0 62074 0 0
1516082030.94 0 62074 0 0
1516082031.04 0 63588 0 0
1516082031.14 0 63588 0 0
1516082031.24 0 62074 0 0
1516082031.34 0 60560 0 0
1516082031.45 0 62074 0 0
1516082031.54 0 60560 0 0
1516082031.64 0 60560 0 0
1516082031.74 0 63588 0 0
1516082031.84 0 60560 0 0
1516082031.94 0 63588 0 0
1516082032.04 0 62074 0 0
1516082032.14 0 63588 0 0
1516082032.24 0 56018 0 0
1516082032.34 0 57532 0 0
1516082032.44 0 56018 0 0
1516082032.55 0 62074 0 0
1516082032.64 0 60560 0 0
1516082032.75 0 66616 0 0
1516082032.85 1514 62074 0 0
1516082032.95 0 63588 0 0
1516082033.05 0 62074 0 0
1516082033.15 0 63588 0 0
1516082033.25 0 62074 0 0
1516082033.35 0 54504 0 0
1516082033.45 0 59046 0 0
1516082033.55 0 59046 0 0
1516082033.65 0 63588 0 0
1516082033.75 0 60560 0 0
1516082033.85 0 63588 0 0
1516082033.96 0 65102 0 0
1516082034.06 0 60560 0 0
1516082034.16 0 63588 0 0
1516082034.26 0 63588 0 0
1516082034.36 0 63588 0 0
1516082034.46 0 60560 0 0
1516082034.56 0 62074 0 0
1516082034.67 0 71158 0 0
1516082034.76 0 54504 0 0
1516082034.87 0 66616 0 0
1516082034.96 0 59046 0 0
1516082035.06 0 63588 0 0
1516082035.16 0 54504 0 0
1516082035.26 0 60560 0 0
1516082035.36 0 59046 0 0
1516082035.46 0 62074 0 0
1516082035.56 0 63588 0 0
1516082035.66 0 63588 0 42
1516082035.77 0 63588 0 0
1516082035.87 0 63588 0 0
1516082035.96 0 57532 0 0
1516082036.07 0 63588 0 0
1516082036.17 0 51476 0 0
1516082036.27 0 57532 0 0
1516082036.37 0 60560 0 0
1516082036.46 0 60560 0 0
1516082036.57 0 62074 0 0
1516082036.66 0 62074 0 0
1516082036.76 0 62074 0 0
1516082036.87 0 66616 0 0
1516082036.97 0 62074 0 0
1516082037.07 0 60560 0 0
1516082037.17 0 59046 0 0
1516082037.27 0 60560 0 0
1516082037.37 0 60560 0 0
1516082037.47 0 63588 0 0
1516082037.57 0 62074 0 0
1516082037.67 0 62074 0 0
1516082037.77 0 62074 0 0
1516082037.87 0 63588 0 0
1516082037.97 0 62074 0 0
1516082038.07 0 56018 0 0
1516082038.17 0 57532 0 0
1516082038.27 0 60560 0 0
1516082038.37 0 59046 0 0
1516082038.47 0 63588 0 0
1516082038.58 0 65102 0 0
1516082038.67 0 62074 0 0
1516082038.78 0 63588 0 0
1516082038.88 0 62074 0 0
1516082038.97 0 56018 0 0
1516082039.08 0 63588 0 0
1516082039.18 0 63588 0 0
1516082039.28 0 65102 0 0
1516082039.39 0 66616 0 0
1516082039.49 0 62074 0 0
1516082039.59 0 65102 0 0
1516082039.69 0 63588 0 0
1516082039.79 0 57532 0 0
1516082039.89 0 60560 0 0
1516082040.0 0 62074 0 0
1516082040.1 0 62074 0 0
1516082040.19 0 59046 0 0
1516082040.29 0 63588 0 0
1516082040.39 0 63588 0 0
1516082040.49 0 62074 0 0
1516082040.59 0 62074 0 0
1516082040.69 0 59046 0 42
1516082040.79 0 51476 0 0
1516082040.89 0 57532 0 0
1516082040.99 0 57532 0 0
1516082041.09 0 62074 0 0
1516082041.19 0 60560 0 0
1516082041.29 0 62074 0 0
1516082041.39 0 62074 0 0
1516082041.5 0 63588 0 0
1516082041.59 1514 60560 0 0
1516082041.69 0 63588 0 0
1516082041.8 0 63588 0 0
1516082041.9 0 57532 0 0
1516082041.99 0 59046 0 0
1516082042.1 0 63588 0 0
1516082042.2 0 60560 0 0
1516082042.3 0 62074 0 0
1516082042.4 0 63588 0 0
1516082042.49 0 62074 0 0
1516082042.59 0 62074 0 0
1516082042.7 0 59046 0 0
1516082042.8 0 57532 0 0
1516082042.9 0 63588 0 0
1516082043.0 0 60560 0 0
1516082043.1 0 63588 0 0
1516082043.2 0 66616 0 0
1516082043.3 0 60560 0 0
1516082043.41 0 66616 0 0
1516082043.5 0 60560 0 0
1516082043.61 0 60560 0 0
1516082043.71 0 63588 0 0
1516082043.8 0 59046 0 0
1516082043.91 0 68130 0 0
1516082044.01 0 59046 0 0
1516082044.11 0 62074 0 0
1516082044.21 0 62074 0 0
1516082044.3 0 62074 0 0
1516082044.4 0 59046 0 0
1516082044.51 0 60560 0 0
1516082044.61 0 62074 0 0
1516082044.71 0 62074 0 0
1516082044.81 0 62074 0 0
1516082044.91 0 63588 0 0
1516082045.01 0 60560 0 0
1516082045.11 0 63588 0 0
1516082045.21 1514 62074 0 0
1516082045.31 0 62074 0 0
1516082045.41 0 60560 0 0
1516082045.51 0 62074 0 0
1516082045.61 0 62074 0 0
1516082045.71 0 62074 0 0
1516082045.81 0 63588 0 0
1516082045.91 0 62074 0 0
1516082046.01 0 62074 0 0
1516082046.11 0 57532 0 0
1516082046.21 0 57532 0 0
1516082046.31 0 60560 0 0
1516082046.41 0 62074 0 0
1516082046.51 0 60560 0 0
1516082046.61 0 62074 0 0
1516082046.71 0 63588 0 0
1516082046.81 0 63588 0 0
1516082046.91 0 62074 0 0
1516082047.01 0 54504 0 0
1516082047.11 0 57532 0 0
1516082047.21 0 60560 0 0
1516082047.31 0 65102 0 0
1516082047.42 0 63588 0 0
1516082047.52 0 62074 0 0
1516082047.62 0 65102 0 0
1516082047.71 0 59046 0 0
1516082047.82 0 63588 0 0
1516082047.91 0 60560 0 0
1516082048.01 0 54504 0 0
1516082048.11 0 60560 0 0
1516082048.21 0 60560 0 0
1516082048.31 0 62074 0 0
1516082048.41 0 62074 0 0
1516082048.51 0 63588 0 0
1516082048.61 0 63588 0 0
1516082048.71 0 62074 0 0
1516082048.81 0 62074 0 0
1516082048.91 0 60560 0 0
1516082049.02 0 60560 0 0
1516082049.12 0 60560 0 0
1516082049.22 0 62074 0 0
1516082049.31 0 62074 0 0
1516082049.41 0 62074 0 0
1516082049.52 0 63588 0 0
1516082049.61 0 62074 0 0
1516082049.72 1514 62074 0 0
1516082049.81 0 52990 0 0
1516082049.92 0 57532 0 0
1516082050.02 0 62074 0 0
1516082050.12 0 62074 0 0
1516082050.22 0 62074 0 0
1516082050.32 0 62074 0 0
1516082050.42 0 63588 0 0
1516082050.52 0 62074 0 0
1516082050.62 0 62074 0 0
1516082050.72 0 63588 0 0
1516082050.82 0 52990 0 0
1516082050.92 0 60560 0 0
1516082051.02 0 60560 0 0
1516082051.12 0 60560 0 0
1516082051.22 0 63588 0 0
1516082051.32 0 63588 0 0
1516082051.42 0 62074 0 0
1516082051.52 0 63588 0 0
1516082051.62 0 65102 0 0
1516082051.72 0 60560 0 0
1516082051.83 0 63588 0 0
1516082051.92 0 59046 0 0
1516082052.03 0 66616 0 0
1516082052.13 0 62074 0 0
1516082052.23 0 65102 0 0
1516082052.34 0 66616 0 0
1516082052.44 0 60560 0 0
1516082052.53 0 62074 0 0
1516082052.63 0 59046 0 0
1516082052.73 0 62074 0 0
1516082052.84 0 62074 0 0
1516082052.94 0 60560 0 0
1516082053.03 0 63588 0 0
1516082053.14 0 63588 0 0
1516082053.24 0 63588 0 0
1516082053.33 0 59046 0 0
1516082053.43 0 62074 0 0
1516082053.54 0 63588 0 0
1516082053.63 0 59046 0 0
1516082053.74 0 63588 0 0
1516082053.84 0 62074 0 0
1516082053.94 0 63588 0 0
1516082054.04 0 62074 0 0
1516082054.13 0 62074 0 0
1516082054.24 0 63588 0 0
1516082054.34 0 52990 0 0
1516082054.44 0 57532 0 0
1516082054.54 0 60560 0 0
1516082054.64 0 62074 0 0
1516082054.73 0 62074 0 0
1516082054.84 0 62074 0 0
1516082054.94 0 63588 0 0
1516082055.04 0 63588 0 0
1516082055.14 0 62074 0 0
1516082055.24 0 62074 0 0
1516082055.34 0 51476 0 0
1516082055.44 0 59046 0 0
1516082055.54 0 59046 0 0
1516082055.64 0 60560 0 0
1516082055.74 0 62074 0 0
1516082055.84 0 62074 0 0
1516082055.94 0 63588 0 0
1516082056.04 0 62074 0 0
1516082056.14 0 63588 0 0
1516082056.24 0 63588 0 0
1516082056.34 0 62074 0 0
1516082056.44 0 57532 0 0
1516082056.54 0 59046 0 0
1516082056.64 0 60560 0 0
1516082056.74 0 60560 0 0
1516082056.84 0 63588 0 0
1516082056.94 0 65102 0 0
1516082057.04 0 62074 0 0
1516082057.14 0 63588 0 0
1516082057.24 0 62074 0 0
1516082057.34 0 56018 0 0
1516082057.44 0 60560 0 0
1516082057.54 0 62074 0 0
1516082057.64 0 63588 0 0
1516082057.75 0 63588 0 0
1516082057.85 0 62074 0 0
1516082057.95 0 63588 0 0
1516082058.05 0 63588 0 0
1516082058.15 0 62074 0 0
1516082058.25 0 54504 0 0
1516082058.34 0 60560 0 0
1516082058.45 0 60560 0 0
1516082058.55 0 63588 0 0
1516082058.65 0 60560 0 42
1516082058.75 0 65102 0 0
1516082058.85 0 62074 0 0
1516082058.95 0 62074 0 0
1516082059.05 0 62074 0 0
1516082059.15 0 63588 0 0
1516082059.25 0 57532 0 0
1516082059.35 0 60560 0 0
1516082059.45 0 62074 0 0
1516082059.55 0 65102 0 0
1516082059.65 0 60560 0 0
1516082059.75 0 63588 0 0
1516082059.85 0 62074 0 0
1516082059.95 0 65102 0 0
1516082060.05 0 48448 0 0
1516082060.15 0 56018 0 0
1516082060.25 0 60560 0 0
1516082060.35 0 60560 0 0
1516082060.45 0 60560 0 0
1516082060.55 0 63588 0 0
1516082060.65 0 62074 0 0
1516082060.75 0 63588 0 0
1516082060.85 0 62074 0 0
1516082060.95 0 63588 0 0
1516082061.05 0 62074 0 0
1516082061.15 0 62074 0 0
1516082061.25 0 57532 0 0
1516082061.35 0 66616 0 0
1516082061.45 0 62074 0 0
1516082061.56 0 65102 0 0
1516082061.66 0 63588 0 0
1516082061.76 0 66616 0 0
1516082061.86 0 57532 0 0
1516082061.96 0 54504 0 0
1516082062.06 0 60560 0 0
1516082062.16 0 60560 0 0
1516082062.26 0 63588 0 0
1516082062.36 0 63588 0 0
1516082062.46 0 57532 0 0
1516082062.56 0 63588 0 0
1516082062.66 0 63588 0 0
1516082062.76 0 60560 0 0
1516082062.86 0 63588 0 0
1516082062.96 0 60560 0 0
1516082063.06 0 62074 0 0
1516082063.16 0 60560 0 0
1516082063.26 0 65102 0 0
1516082063.36 0 60560 0 0
1516082063.46 0 62074 0 0
1516082063.56 0 63588 0 0
1516082063.66 0 62074 0 42
1516082063.76 0 56018 0 0
1516082063.86 0 59046 0 0
1516082063.96 0 60560 0 0
1516082064.06 0 57532 0 0
1516082064.16 0 62074 0 0
1516082064.26 0 62074 0 0
1516082064.36 0 63588 0 0
1516082064.46 0 62074 0 0
1516082064.56 0 62074 0 0
1516082064.66 0 62074 0 0
1516082064.76 0 62074 0 0
1516082064.86 0 62074 0 0
1516082064.96 0 63588 0 0
1516082065.06 0 60560 0 0
1516082065.16 0 62074 0 42
1516082065.26 0 63588 0 74
1516082065.36 0 62074 0 0
1516082065.46 12112 49962 0 13782
1516082065.56 25738 48448 15140 15140
1516082065.66 40878 46934 28766 16654
1516082065.76 52990 45420 45420 16654
1516082065.86 46934 45420 57532 18168
1516082065.97 6056 45420 57532 16654
1516082066.07 0 9084 24224 54504
1516082066.17 0 7570 21196 56018
1516082066.27 0 18168 33308 48448
1516082066.38 0 13626 33308 48448
1516082066.48 0 16654 37850 45420
1516082066.57 0 16654 40878 45420
1516082066.67 0 18168 43906 43906
1516082066.78 0 19682 49962 43906
1516082066.88 0 21196 49962 42392
1516082066.98 0 21196 52990 40878
1516082067.07 0 24224 56018 37850
1516082067.18 0 25738 62074 39364
1516082067.28 0 24224 65102 34822
1516082067.37 0 27252 68130 34822
1516082067.48 0 30280 72672 34822
1516082067.58 0 28766 75700 31794
1516082067.68 0 31794 74186 31794
1516082067.78 0 33308 80242 28766
1516082067.88 0 34822 84784 28766
1516082067.98 0 34822 84784 27252
1516082068.08 0 36336 86298 27252
1516082068.18 0 37850 92354 24224
1516082068.28 0 39364 93868 24224
1516082068.38 0 39364 95382 22710
1516082068.48 0 40878 93868 22710
1516082068.58 1514 39364 96896 22710
1516082068.68 6056 39364 96896 24224
1516082068.78 9084 39364 98410 22710
1516082068.88 13626 39364 101438 22710
1516082068.98 18168 37850 101438 24224
1516082069.08 13626 39364 101438 22710
1516082069.18 0 37850 102952 25738
1516082069.28 0 22710 89326 37850
1516082069.38 0 22710 89326 40878
1516082069.48 0 25738 93868 37850
1516082069.58 0 24224 96896 37850
1516082069.68 0 28766 101438 33308
1516082069.78 0 30280 105980 31794
1516082069.88 0 31794 109008 31794
1516082069.98 0 31794 109008 30280
1516082070.08 0 33308 112036 28766
1516082070.18 0 36336 118092 27252
1516082070.28 0 36336 119606 27252
1516082070.38 0 36336 121120 25738
1516082070.48 0 37850 121162 24224
1516082070.59 0 40878 124190 25738
1516082070.69 0 39364 127218 24224
1516082070.79 1514 39364 127218 24224
1516082070.89 6056 37850 127176 25780
1516082070.99 10598 37850 130204 24224
1516082071.09 13626 39364 127176 25738
1516082071.19 16654 37850 130204 24224
1516082071.29 10598 36336 134746 22710
1516082071.39 0 34822 133232 27252
1516082071.49 0 19682 121120 42392
1516082071.59 0 24224 133232 37850
1516082071.7 0 27252 140802 39364
1516082071.79 0 24224 145344 34822
1516082071.89 0 28766 154428 34822
1516082071.99 0 28766 157456 36336
1516082072.09 0 28766 163512 31794
1516082072.19 0 33308 169568 31794
1516082072.29 0 30280 173000 28766
1516082072.39 0 33308 186222 28766
1516082072.49 0 36336 187736 28766
1516082072.59 0 36336 196820 25738
1516082072.69 0 36336 201362 25738
1516082072.79 0 37850 207000 24224
1516082072.89 0 39364 216502 25738
1516082072.99 1514 37850 222558 24224
1516082073.09 6056 37850 227100 25738
1516082073.19 9084 37850 233156 24224
1516082073.29 15140 37850 242240 24224
1516082073.39 18168 36336 249810 25738
1516082073.49 10598 39364 257380 24224
1516082073.59 0 36336 261922 25738
1516082073.69 0 19682 255866 40878
1516082073.79 0 21196 266464 43906
1516082073.89 0 24224 284632 36336
1516082073.99 0 24224 295230 36336
1516082074.09 0 25738 305828 37850
1516082074.19 0 28766 317940 33308
1516082074.29 0 28766 325510 34822
1516082074.39 0 31794 336108 31794
1516082074.49 0 31794 349734 31794
1516082074.59 0 31794 361846 28766
1516082074.7 0 36336 370930 27252
1516082074.8 0 36336 378500 27252
1516082074.9 1514 37850 378500 25738
1516082075.0 0 37850 378500 24224
1516082075.1 1514 37850 376986 25738
1516082075.2 6056 37850 376986 24224
1516082075.3 7570 37850 378500 25738
1516082075.4 12112 37850 378500 24224
1516082075.5 7570 37850 376986 25738
1516082075.6 0 36336 376986 24224
1516082075.7 0 39364 376986 27252
1516082075.8 0 19682 376986 36336
1516082075.9 0 30280 376986 33308
1516082076.0 0 33308 376986 28766
1516082076.1 0 33308 375472 30280
1516082076.2 0 33308 375472 30280
1516082076.3 0 34822 372444 27252
1516082076.41 0 39364 363360 30280
1516082076.51 0 36336 358818 24224
1516082076.61 0 39364 349734 25738
1516082076.7 1514 36336 343678 24224
1516082076.8 4542 36336 336108 24224
1516082076.9 9084 37850 328538 25738
1516082077.01 12112 39364 319454 25738
1516082077.11 16654 37850 311884 25738
1516082077.21 12112 36336 305828 24224
1516082077.31 0 36336 301286 24224
1516082077.4 0 21196 304314 40878
1516082077.5 0 21196 322482 40878
1516082077.61 0 25738 346706 36336
1516082077.7 0 24224 366388 37850
1516082077.81 0 27252 366388 34822
1516082077.9 0 28766 367902 34822
1516082078.01 0 31794 369416 31794
1516082078.11 0 30280 370930 31794
1516082078.21 0 33308 372444 30280
1516082078.31 0 33308 373958 28766
1516082078.41 0 34822 373958 28766
1516082078.51 0 36336 376986 25738
1516082078.61 0 36336 375472 25738
1516082078.71 0 37850 376986 24224
1516082078.81 1514 37850 376986 25738
1516082078.91 3028 37850 376986 24224
1516082079.01 7570 37850 375472 25738
1516082079.11 10598 36336 378500 24224
1516082079.21 13626 39364 378500 25738
1516082079.31 0 31794 375472 27252
1516082079.41 0 27252 367902 37850
1516082079.51 0 24224 367902 37850
1516082079.61 0 27252 375472 34822
1516082079.71 0 28766 373958 34822
1516082079.81 0 33308 378500 28766
1516082079.91 0 31794 376986 31794
1516082080.01 0 33308 378500 28766
1516082080.11 0 33308 370930 28766
1516082080.21 0 36336 361846 27252
1516082080.31 0 36336 354276 27252
1516082080.41 0 36336 348220 24224
1516082080.51 0 37850 339136 25738
1516082080.61 1514 37850 333080 24224
1516082080.71 4542 39364 323996 25738
1516082080.81 9084 37850 309000 25738
1516082080.92 12112 39364 308856 25738
1516082081.01 15140 33308 302800 22710
1516082081.11 12112 39364 293716 27252
1516082081.21 0 36336 286146 24224
1516082081.32 0 24224 263436 42392
1516082081.42 0 24224 252838 37850
1516082081.52 0 25738 258894 36336
1516082081.62 0 27252 260450 36336
1516082081.72 0 27252 258936 34822
1516082081.82 0 30280 263478 33308
1516082081.93 0 31794 263478 33308
1516082082.02 0 30280 264992 28766
1516082082.12 0 33308 264992 30280
1516082082.22 0 34822 266506 27252
1516082082.32 0 34822 269534 27252
1516082082.42 0 36336 264992 27252
1516082082.52 0 37850 260408 24266
1516082082.62 0 39364 249810 25738
1516082082.72 3028 36336 243754 24224
1516082082.82 6056 37850 234670 25738
1516082082.92 7570 37850 230128 24224
1516082083.02 10598 37850 221044 25738
1516082083.12 13626 37850 213474 24224
1516082083.22 7570 36336 204390 25738
1516082083.32 0 34822 198334 25738
1516082083.42 0 25738 173000 37850
1516082083.52 0 24224 168054 37850
1516082083.63 0 28766 171082 36336
1516082083.72 0 27252 172596 34822
1516082083.82 0 30280 174110 31794
1516082083.93 0 30280 180166 31794
1516082084.02 0 33308 180166 30280
1516082084.13 0 33308 183194 28766
1516082084.23 0 34822 189250 27252
1516082084.33 0 36336 190764 27252
1516082084.43 0 39364 192278 25738
1516082084.53 0 37850 195306 24224
1516082084.63 3028 37850 195306 25738
1516082084.73 7570 36336 198334 24224
1516082084.83 12112 37850 199848 24224
1516082084.93 13626 37850 201362 25738
1516082085.03 10598 37850 199848 25738
1516082085.13 4542 36336 204390 24224
1516082085.23 0 10598 181680 49962
1516082085.33 0 28766 196820 34822
1516082085.43 0 25738 198334 36336
1516082085.53 0 24224 193792 37850
1516082085.63 0 28766 199848 34822
1516082085.73 0 31794 204390 34822
1516082085.83 0 30280 207418 31794
1516082085.94 0 31794 208932 31794
1516082086.03 0 31794 210446 27252
1516082086.13 0 34822 213474 30280
1516082086.24 0 37850 216502 28766
1516082086.33 0 34822 216502 24224
1516082086.43 0 36336 219530 24224
1516082086.53 0 36336 219530 25738
1516082086.63 3028 37850 219572 24224
1516082086.73 6056 37850 221086 25738
1516082086.83 7570 37850 222600 24224
1516082086.93 12112 37850 221086 25738
1516082087.03 10598 37850 218058 25738
1516082087.13 4542 36336 221086 24224
1516082087.23 0 31794 218058 30280
1516082087.33 0 21196 205946 40878
1516082087.43 0 30280 207000 33350
1516082087.53 0 27252 213474 33308
1516082087.63 0 30280 213474 33308
1516082087.73 0 33308 214988 30280
1516082087.83 0 31794 214988 30280
1516082087.93 0 33308 218016 28766
1516082088.03 0 34822 219530 28766
1516082088.13 0 37850 222558 25738
1516082088.23 0 36336 224072 25738
1516082088.33 0 37850 222558 25738
1516082088.43 1514 37850 224072 24224
1516082088.53 6056 36336 222558 25738
1516082088.63 7570 37850 222558 24224
1516082088.73 12112 37850 225586 25738
1516082088.83 7570 37850 225586 24224
1516082088.94 0 36336 221044 27252
1516082089.03 1514 21196 213474 37850
1516082089.13 0 33308 218016 31794
1516082089.23 0 31794 219530 30280
1516082089.33 0 31794 219530 30280
1516082089.43 0 36336 221044 27252
1516082089.54 0 36336 224072 27252
1516082089.64 0 34822 225586 27252
1516082089.74 0 39364 225586 24224
1516082089.84 1514 36336 227100 25738
1516082089.94 3028 39364 228614 24224
1516082090.04 6056 37850 228614 27252
1516082090.14 10598 36336 227100 24224
1516082090.24 10598 39364 230128 24224
1516082090.34 12112 36336 228614 25738
1516082090.44 0 31794 225586 31794
1516082090.54 0 31794 224072 31794
1516082090.64 0 30280 225586 30280
1516082090.74 0 22710 218016 40878
1516082090.85 0 31794 225586 33308
1516082090.96 0 33308 231642 33308
1516082091.04 0 27252 228614 28766
1516082091.14 0 31794 231642 30280
1516082091.24 0 34822 237698 28766
1516082091.34 0 34822 237698 27252
1516082091.44 0 36336 240726 25738
1516082091.54 0 37850 245268 25738
1516082091.65 0 39364 245268 24224
1516082091.74 3028 36336 245268 25738
1516082091.85 6056 37850 249810 25738
1516082091.95 7570 37850 251324 24224
1516082092.05 9084 37850 252838 25738
1516082092.15 1514 37850 255866 24224
1516082092.25 0 37850 255866 25738
1516082092.35 0 30280 257380 28766
1516082092.45 0 28766 254352 34822
1516082092.55 0 34822 261922 28766
1516082092.65 0 34822 266464 27252
1516082092.75 0 36336 271006 25738
1516082092.85 0 36336 278576 27252
1516082092.95 1514 37850 280090 25738
1516082093.05 3028 37850 283118 24224
1516082093.15 6056 37850 286146 25738
1516082093.25 10598 36336 289174 24224
1516082093.35 13626 37850 292202 25738
1516082093.45 10598 37850 298258 24224
1516082093.55 0 31794 296744 31794
1516082093.65 0 22710 295230 36336
1516082093.75 0 28766 298258 34822
1516082093.85 0 30280 307342 33308
1516082093.95 0 28766 314954 33308
1516082094.05 0 33308 321010 30280
1516082094.15 0 31794 328580 30280
1516082094.25 0 31794 330094 31794
1516082094.35 0 34822 345234 25738
1516082094.45 0 36336 349776 28766
1516082094.55 0 39364 355832 25738
1516082094.65 0 36336 361888 24224
1516082094.75 1514 39364 367944 25738
1516082094.85 4542 36336 374000 24224
1516082094.96 7570 39364 374042 27252
1516082095.06 9084 37850 375514 24266
1516082095.16 13626 37850 374000 25738
1516082095.26 7570 36336 374000 24224
1516082095.36 0 27252 367944 37850
1516082095.46 0 25738 375514 31794
1516082095.56 0 31794 375514 34822
1516082095.66 0 27252 370972 36336
1516082095.77 0 31794 375514 31794
1516082095.87 0 30280 374000 31794
1516082095.97 0 33308 377028 30280
1516082096.07 0 33308 375514 30280
1516082096.17 0 37850 375472 28808
1516082096.28 0 37850 378500 27252
1516082096.38 0 36336 370930 25738
1516082096.48 0 39364 363360 25738
1516082096.58 0 37850 355790 24224
1516082096.68 3028 36336 348220 24224
1516082096.79 6056 39364 340650 27252
1516082096.88 7570 36336 331566 24224
1516082096.98 12112 36336 325510 24224
1516082097.08 4542 37850 309000 25738
1516082097.18 0 37850 310370 24224
1516082097.28 0 30280 298258 30280
1516082097.38 0 25738 275000 36336
1516082097.48 0 31794 287660 33308
1516082097.58 0 31794 302800 27252
1516082097.68 0 34822 314912 28766
1516082097.78 0 36336 328538 27252
1516082097.88 0 34822 330052 27252
1516082097.98 0 37850 331566 24224
1516082098.08 0 39364 331566 25738
1516082098.18 1514 37850 331566 25738
1516082098.28 4542 36336 331566 24224
1516082098.38 9084 39364 331566 25738
1516082098.48 10598 36336 331566 24224
1516082098.58 10598 37850 330052 25738
1516082098.68 9084 37850 331566 24224
1516082098.78 6056 37850 331566 25738
1516082098.88 0 31794 327024 28766
1516082098.98 0 10598 304314 51476
1516082099.08 0 19682 308856 42392
1516082099.18 0 24224 302800 39364
1516082099.28 0 27252 292202 33308
1516082099.38 0 27252 280090 37850
1516082099.48 0 28766 274034 31794
1516082099.58 0 31794 266464 33308
1516082099.68 0 30280 257380 30280
1516082099.78 0 33308 241000 30280
1516082099.88 0 33308 242240 28766
1516082099.98 0 34822 233156 27252
1516082100.08 0 36336 227100 25738
1516082100.18 0 37850 221044 25738
1516082100.29 0 37850 221044 27252
1516082100.38 0 37850 222558 24224
1516082100.49 3028 39364 225586 27252
1516082100.59 4542 37850 225586 24224
1516082100.69 10598 39364 227100 27252
1516082100.8 9084 37850 228614 25738
1516082100.9 4542 37850 233156 24224
1516082101.01 0 30280 224072 36336
1516082101.1 0 27252 228614 30280
1516082101.2 0 33308 227100 31794
1516082101.3 0 33308 233156 30280
1516082101.4 0 33308 237698 27252
1516082101.51 0 36336 239212 31794
1516082101.61 0 33308 242240 25738
1516082101.71 0 37850 245268 27252
1516082101.8 0 34822 245268 25738
1516082101.9 0 39364 251324 24224
1516082102.01 1514 37850 251324 25738
1516082102.11 4542 36336 249810 25738
1516082102.2 7570 37850 252838 24224
1516082102.31 9084 37850 255866 25738
1516082102.41 6056 37850 255866 24224
1516082102.5 1514 36336 257380 25738
1516082102.61 0 30280 251324 31794
1516082102.71 0 30280 252838 31794
1516082102.83 0 36336 251324 39364
1516082102.92 0 31794 257380 27252
1516082103.02 0 31794 257380 28766
1516082103.12 0 33308 255866 31794
1516082103.22 0 36336 264950 25738
1516082103.32 0 39364 267978 24224
1516082103.42 3028 36336 266464 25738
1516082103.52 4542 37850 264950 24224
1516082103.62 4542 37850 269492 25738
1516082103.72 7570 37850 267978 24224
1516082103.82 6056 36336 266464 25738
1516082103.92 0 39364 271006 25738
1516082104.02 0 34822 267978 25738
1516082104.12 0 30280 263436 31794
1516082104.22 0 30280 264950 30280
1516082104.32 0 34822 267978 27252
1516082104.42 0 34822 266464 28766
1516082104.52 0 39364 269492 25738
1516082104.62 1514 36336 272520 24224
1516082104.72 3028 37850 269492 25738
1516082104.82 6056 37850 272520 24224
1516082104.92 6056 37850 274034 25738
1516082105.02 7570 37850 272520 24224
1516082105.12 0 37850 271006 25738
1516082105.23 0 31794 269492 30280
1516082105.32 0 28766 264950 31794
1516082105.43 0 36336 269492 28766
1516082105.52 0 36336 271048 25738
1516082105.63 0 36336 260780 27252
1516082105.73 0 39364 235042 25738
1516082105.83 0 39364 209304 25738
1516082105.97 4542 45420 177510 31794
1516082106.05 6056 33308 156314 21196
1516082106.15 0 39364 130576 25738
1516082106.25 1514 36336 106352 24224
1516082106.35 1514 39364 80614 25738
1516082106.45 0 31794 51848 28766
1516082106.55 0 37850 26110 25780
1516082106.65 1514 37850 1886 24224
1516082106.75 0 40878 0 1886
1516082106.85 0 37850 0 66
1516082106.95 0 42392 0 0
1516082107.05 0 42392 0 0
1516082107.15 0 45420 0 0
1516082107.25 0 42392 0 0
1516082107.35 0 45420 0 0
1516082107.45 0 52990 0 0
1516082107.55 0 57532 0 0
1516082107.65 0 60560 0 0
1516082107.75 0 65102 0 0
1516082107.85 0 62074 0 0
1516082107.95 0 62074 0 0
1516082108.05 0 63588 0 0
1516082108.15 0 54504 0 0
1516082108.25 0 60560 0 0
1516082108.35 0 60560 0 0
1516082108.45 0 63588 0 0
1516082108.55 0 62074 0 0
1516082108.65 0 63588 0 0
1516082108.75 0 62074 0 0
1516082108.85 0 63588 0 0
1516082108.95 0 54504 0 0
1516082109.05 0 57532 0 0
1516082109.15 0 60560 0 0
1516082109.25 0 63588 0 0
1516082109.35 0 60560 0 0
1516082109.46 0 65102 0 0
1516082109.56 0 63588 0 0
1516082109.66 0 62074 0 0
1516082109.77 0 68130 0 0
1516082109.86 0 57532 0 0
1516082109.96 0 56018 0 0
1516082110.06 0 59046 0 0
1516082110.16 0 62074 0 0
1516082110.26 0 60560 0 0
1516082110.36 0 62074 0 0
1516082110.46 0 62074 0 0
1516082110.56 0 63588 0 0
1516082110.66 0 63588 0 0
1516082110.76 0 63588 0 0
1516082110.86 0 62074 0 0
1516082110.96 0 62074 0 0
1516082111.06 0 62074 0 0
1516082111.16 0 63588 0 0
1516082111.26 0 60560 0 0
1516082111.36 0 63588 0 0
1516082111.46 0 62074 0 0
1516082111.56 0 62074 0 42
1516082111.66 0 60560 0 0
1516082111.76 0 62074 0 0
1516082111.86 0 62074 0 0
1516082111.96 0 63588 0 0
1516082112.06 0 62074 0 0
1516082112.16 0 63588 0 0
1516082112.26 0 62074 0 0
1516082112.36 0 60560 0 0
1516082112.47 0 63588 0 0
1516082112.56 0 62074 0 0
1516082112.66 0 63588 0 0
1516082112.76 0 60560 0 0
1516082112.87 0 65102 0 0
1516082112.97 0 63588 0 0
1516082113.06 0 54504 0 0
1516082113.17 0 60560 0 0
1516082113.27 0 62074 0 0
1516082113.37 0 60560 0 0
1516082113.48 0 68130 0 0
1516082113.58 0 62074 0 0
1516082113.68 0 63588 0 0
1516082113.78 0 66616 0 0
1516082113.87 0 56018 0 0
1516082113.98 0 62074 0 0
1516082114.08 0 62074 0 0
1516082114.17 0 62074 0 0
1516082114.27 0 63588 0 0
1516082114.37 0 62074 0 0
1516082114.47 0 63588 0 0
1516082114.58 0 62074 0 0
1516082114.67 0 59046 0 0
1516082114.77 0 60560 0 0
1516082114.87 0 60560 0 0
1516082114.98 0 62074 0 0
1516082115.07 0 62074 0 0
1516082115.18 0 63588 0 0
1516082115.27 0 62074 0 0
1516082115.37 0 62074 0 0
1516082115.48 0 59046 0 0
1516082115.58 0 60560 0 0
1516082115.68 0 63588 0 0
1516082115.78 0 63588 0 0
1516082115.88 0 63588 0 0
1516082115.98 0 60560 0 0
1516082116.08 0 63588 0 0
1516082116.18 0 62074 0 0
1516082116.28 0 52990 0 0
1516082116.38 0 60560 0 0
1516082116.48 0 60560 0 0
1516082116.58 0 60560 0 0
1516082116.68 0 62074 0 0
1516082116.78 0 65102 0 0
1516082116.88 0 62074 0 0
1516082116.98 0 62074 0 0
1516082117.08 0 62074 0 0
1516082117.18 0 63588 0 0
1516082117.28 0 59046 0 0
1516082117.38 0 63588 0 0
1516082117.48 0 65102 0 0
1516082117.59 0 65102 0 0
1516082117.69 0 60560 0 0
1516082117.78 0 59046 0 0
1516082117.89 0 65102 0 0
1516082117.99 0 59046 0 0
1516082118.09 0 60560 0 0
1516082118.19 0 62074 0 0
1516082118.3 0 63588 0 0
1516082118.4 0 60560 0 0
1516082118.5 0 62074 0 0
1516082118.6 0 69644 0 0
1516082118.7 0 62074 0 0
1516082118.81 0 63588 0 0
1516082118.91 0 57532 0 0
1516082119.01 0 60560 0 0
1516082119.12 0 65102 0 0
1516082119.21 0 54504 0 0
1516082119.31 0 66616 0 0
1516082119.41 0 59046 0 0
1516082119.51 0 63588 0 0
1516082119.61 0 62074 0 0
1516082119.71 0 59046 0 0
1516082119.81 0 60560 0 0
1516082119.91 0 63588 0 0
1516082120.01 0 62074 0 0
1516082120.12 0 68130 0 0
1516082120.21 0 56018 0 0
1516082120.31 0 62074 0 0
1516082120.41 0 57532 0 0
1516082120.51 0 60560 0 0
1516082120.61 0 60560 0 0
1516082120.71 0 63588 0 0
1516082120.81 0 62074 0 0
1516082120.91 0 63588 0 0
1516082121.01 0 62074 0 0
1516082121.11 0 63588 0 0
1516082121.21 0 59046 0 0
1516082121.31 0 57532 0 0
1516082121.41 0 60560 0 0
1516082121.51 0 62074 0 0
1516082121.61 0 63588 0 0
1516082121.71 0 63588 0 0
1516082121.81 0 62074 0 0
1516082121.91 0 63588 0 0
1516082122.01 0 60560 0 0
1516082122.11 0 60560 0 0
1516082122.21 0 60560 0 0
1516082122.31 0 60560 0 0
1516082122.41 0 57532 0 0
1516082122.51 0 63588 0 0
1516082122.61 0 63588 0 0
1516082122.72 0 63588 0 0
1516082122.82 0 65102 0 0
1516082122.92 0 59046 0 0
1516082123.02 0 65102 0 0
1516082123.12 0 60560 0 0
1516082123.22 0 65102 0 0
1516082123.33 0 62074 0 0
1516082123.43 0 63588 0 0
1516082123.52 0 63588 0 0
1516082123.62 0 62074 0 0
1516082123.72 0 60560 0 0
1516082123.82 0 62074 0 0
1516082123.92 0 59046 0 0
1516082124.02 0 63588 0 0
1516082124.12 0 62074 0 0
1516082124.22 0 63588 0 0
1516082124.32 0 62074 0 0
1516082124.42 0 62074 0 0
1516082124.52 0 63588 0 0
1516082124.62 0 57532 0 0
1516082124.72 0 62074 0 0
1516082124.82 0 62074 0 0
1516082124.92 0 63588 0 0
1516082125.02 0 62074 0 0
1516082125.12 0 63588 0 0
1516082125.22 0 62074 0 0
1516082125.32 0 57532 0 0
1516082125.42 0 60560 0 0
1516082125.52 0 60560 0 0
1516082125.62 0 63588 0 0
1516082125.72 0 62074 0 0
1516082125.82 0 62074 0 0
1516082125.92 0 62074 0 0
1516082126.02 0 63588 0 0
1516082126.12 0 59046 0 0
1516082126.22 0 52990 0 0
1516082126.32 0 57532 0 0
1516082126.42 0 60560 0 0
1516082126.52 0 59046 0 0
1516082126.63 0 68130 0 0
1516082126.72 0 54504 0 0
1516082126.82 1514 62074 0 0
1516082126.93 0 68130 0 0
1516082127.03 0 62074 0 0
1516082127.13 0 60560 0 0
1516082127.23 0 65102 0 0
1516082127.33 0 62074 0 0
1516082127.44 0 63588 0 0
1516082127.54 0 63588 0 0
1516082127.64 0 63588 0 0
1516082127.74 0 62074 0 0
1516082127.85 0 65102 0 0
1516082127.94 0 62074 0 0
1516082128.04 0 60560 0 0
1516082128.15 0 66616 0 0
1516082128.25 0 59046 0 0
1516082128.35 0 63588 0 0
1516082128.44 0 57532 0 0
1516082128.54 0 62074 0 0
1516082128.63 0 59046 0 0
1516082128.73 0 60560 0 0
1516082128.83 0 57532 0 0
1516082128.94 0 65102 0 0
1516082129.03 0 57532 0 0
1516082129.13 0 63588 0 0
1516082129.23 0 63588 0 0
1516082129.33 0 57532 0 0
1516082129.43 0 62074 0 0
1516082129.53 0 62074 0 0
1516082129.63 0 59046 0 0
1516082129.73 0 60560 0 0
1516082129.83 0 60560 0 0
1516082129.93 0 63588 0 0
1516082130.04 0 60560 0 0
1516082130.13 0 60560 0 42
1516082130.23 0 62074 0 0
1516082130.33 0 63588 0 0
1516082130.43 0 62074 0 0
1516082130.53 0 63588 0 0
1516082130.63 0 62074 0 0
1516082130.74 0 63588 0 0
1516082130.84 0 65102 0 0
1516082130.94 0 62074 0 0
1516082131.04 0 60560 0 0
1516082131.14 0 66616 0 0
1516082131.25 0 63588 0 0
1516082131.34 0 60560 0 0
1516082131.44 0 60560 0 0
1516082131.54 0 63588 0 0
1516082131.65 0 66616 0 0
1516082131.75 0 65102 0 0
1516082131.85 0 57532 0 0
1516082131.95 0 65102 0 0
1516082132.05 0 65102 0 0
1516082132.15 0 59046 0 0
1516082132.25 0 60560 0 0
1516082132.35 0 63588 0 0
1516082132.45 0 60560 0 0
1516082132.55 0 62074 0 0
1516082132.66 0 68130 0 0
1516082132.76 0 63588 0 0
1516082132.86 0 62074 0 0
1516082132.96 0 62074 0 0
1516082133.06 0 57532 0 0
1516082133.16 0 57532 0 0
1516082133.26 0 57532 0 0
1516082133.36 0 57532 0 0
1516082133.46 0 60560 0 0
1516082133.56 0 60560 0 0
1516082133.66 0 60560 0 0
1516082133.76 0 60560 0 0
1516082133.86 0 63588 0 0
1516082133.96 0 62074 0 0
1516082134.06 0 60560 0 0
1516082134.16 0 62074 0 0
1516082134.26 0 59046 0 0
1516082134.36 0 60560 0 0
1516082134.46 0 63588 0 0
1516082134.56 0 62074 0 0
1516082134.66 0 62074 0 0
1516082134.76 0 62074 0 0
1516082134.86 0 63588 0 0
1516082134.96 0 57532 0 0
1516082135.06 0 60560 0 0
1516082135.16 0 63588 0 42
1516082135.26 0 62074 0 0
1516082135.36 0 62074 0 0
1516082135.46 0 62074 0 0
1516082135.56 0 63588 0 0
1516082135.66 0 59046 0 0
1516082135.76 0 59046 0 0
1516082135.86 0 63588 0 0
1516082135.97 0 62074 0 0
1516082136.07 0 62074 0 0
1516082136.17 0 63588 0 0
1516082136.27 0 66616 0 0
1516082136.37 0 63588 0 0
1516082136.47 0 57532 0 0
1516082136.57 0 62074 0 0
1516082136.67 0 60560 0 0
1516082136.77 0 57532 0 0
1516082136.87 0 60560 0 0
1516082136.97 0 63588 0 0
1516082137.07 0 62074 0 0
1516082137.17 0 63588 0 0
1516082137.27 0 62074 0 0
1516082137.37 0 62074 0 0
1516082137.47 0 63588 0 0
1516082137.57 0 57532 0 0
1516082137.67 0 60560 0 0
1516082137.77 0 62074 0 0
1516082137.87 0 60560 0 0
1516082137.97 0 62074 0 0
1516082138.07 0 63588 0 0
1516082138.17 0 62074 0 0
1516082138.27 0 62074 0 0
1516082138.37 0 62074 0 0
1516082138.47 0 57532 0 0
1516082138.57 0 62074 0 0
1516082138.67 0 62074 0 0
1516082138.77 0 62074 0 0
1516082138.87 0 62074 0 0
1516082138.97 0 63588 0 0
1516082139.07 0 62074 0 0
1516082139.17 0 60560 0 0
1516082139.27 0 57532 0 0
1516082139.37 0 60560 0 0
1516082139.47 0 63588 0 0
1516082139.57 0 62074 0 0
1516082139.67 0 62074 0 0
1516082139.77 0 62074 0 0
1516082139.88 0 65102 0 0
1516082139.98 0 63588 0 0
1516082140.08 0 56018 0 0
1516082140.17 0 51476 0 0
1516082140.28 0 59046 0 0
1516082140.37 0 59046 0 0
1516082140.47 0 60560 0 0
1516082140.57 0 62074 0 0
1516082140.68 0 63588 0 0
1516082140.78 0 65102 0 0
1516082140.88 0 65102 0 0
1516082140.98 0 59046 0 0
1516082141.08 0 62074 0 0
1516082141.18 0 60560 0 0
1516082141.28 0 60560 0 0
1516082141.38 0 60560 0 0
1516082141.48 0 60560 0 0
1516082141.58 0 63588 0 0
1516082141.68 0 63588 0 0
1516082141.78 0 62074 0 0
1516082141.88 0 62074 0 0
1516082141.98 0 62074 0 0
1516082142.08 0 57532 0 0
1516082142.18 0 60560 0 0
1516082142.28 0 62074 0 0
1516082142.38 0 62074 0 0
1516082142.48 0 62074 0 0
1516082142.58 0 63588 0 0
1516082142.68 0 60560 0 0
1516082142.78 0 63588 0 0
1516082142.88 0 60560 0 0
1516082142.98 0 57532 0 0
1516082143.08 0 60560 0 0
1516082143.18 0 63588 0 0
1516082143.28 0 63588 0 0
1516082143.38 0 62074 0 0
1516082143.48 0 62074 0 0
1516082143.58 0 63588 0 0
1516082143.68 1514 59046 0 0
1516082143.78 0 62074 0 0
1516082143.88 0 63588 0 0
1516082143.98 0 63588 0 0
1516082144.08 1514 60560 0 0
1516082144.18 1514 65102 0 0
1516082144.28 1514 62074 0 0
1516082144.38 1514 59046 0 0
1516082144.48 0 59046 0 0
1516082144.58 0 52990 0 0
1516082144.68 0 59046 0 0
1516082144.78 0 60560 0 0
1516082144.88 0 62074 0 0
1516082144.98 0 65102 0 0
1516082145.08 0 63588 0 0
1516082145.19 0 62074 0 0
1516082145.29 0 63588 0 0
1516082145.39 0 62074 0 0
1516082145.49 0 63588 0 0
1516082145.59 0 60560 0 0
1516082145.69 0 62074 0 0
1516082145.8 0 63588 0 0
1516082145.9 0 65102 0 0
1516082146.0 0 60560 0 0
1516082146.1 0 62074 0 0
1516082146.2 0 65102 0 0
1516082146.3 0 60560 0 0
1516082146.4 0 60560 0 0
1516082146.5 0 59046 0 0
1516082146.6 0 62074 0 0
1516082146.7 0 62074 0 0
1516082146.8 0 63588 0 0
1516082146.9 0 63588 0 0
1516082147.0 0 62074 0 0
1516082147.1 0 62074 0 0
1516082147.2 0 63588 0 0
1516082147.3 0 62074 0 0
1516082147.4 0 60560 0 0
1516082147.5 0 63588 0 0
1516082147.6 0 62074 0 0
1516082147.7 0 62074 0 0
1516082147.8 0 62074 0 0
1516082147.9 0 59046 0 0
1516082148.0 0 62074 0 0
1516082148.1 0 62074 0 0
1516082148.2 0 63588 0 0
1516082148.3 0 60560 0 0
1516082148.4 0 63588 0 0
1516082148.5 0 62074 0 0
1516082148.6 0 62074 0 0
1516082148.7 0 63588 0 0
1516082148.8 0 63588 0 0
1516082148.91 0 65102 0 0
1516082149.01 0 63588 0 0
1516082149.11 0 65102 0 0
1516082149.21 0 62074 0 0
1516082149.31 0 57532 0 0
1516082149.41 0 62074 0 0
1516082149.51 0 63588 0 0
1516082149.61 0 63588 0 0
1516082149.71 0 62074 0 0
1516082149.81 0 62074 0 0
1516082149.91 0 63588 0 0
1516082150.01 0 57532 0 0
1516082150.11 0 59046 0 0
1516082150.21 0 59046 0 0
1516082150.31 0 62074 0 0
1516082150.41 0 62074 0 0
1516082150.52 0 68130 0 0
1516082150.61 0 57532 0 0
1516082150.71 0 62074 0 0
1516082150.81 0 63588 0 0
1516082150.91 0 60560 0 0
1516082151.01 0 60560 0 0
1516082151.11 0 60560 0 0
1516082151.21 0 63588 0 0
1516082151.31 0 62074 0 0
1516082151.41 0 63588 0 0
1516082151.51 0 62074 0 0
1516082151.61 0 63588 0 0
1516082151.71 0 56018 0 0
1516082151.81 0 60560 0 0
1516082151.91 0 60560 0 0
1516082152.01 0 60560 0 0
1516082152.12 0 66616 0 0
1516082152.22 0 63588 0 0
1516082152.32 0 60560 0 0
1516082152.42 0 63588 0 0
1516082152.52 0 60560 0 0
1516082152.62 0 60560 0 0
1516082152.72 0 63588 0 0
1516082152.82 0 62074 0 0
1516082152.92 0 63588 0 0
1516082153.02 0 62074 0 0
1516082153.12 0 62074 0 0
1516082153.23 0 63588 0 0
1516082153.32 0 54504 0 0
1516082153.42 0 60560 0 0
1516082153.52 0 62074 0 0
1516082153.62 0 60560 0 0
1516082153.72 0 63588 0 0
1516082153.83 0 63588 0 0
1516082153.93 0 62074 0 0
1516082154.03 0 60560 0 0
1516082154.12 0 59046 0 0
1516082154.22 0 60560 0 0
1516082154.33 0 65102 0 0
1516082154.44 0 68130 0 0
1516082154.53 0 56018 0 0
1516082154.63 0 66616 0 0
1516082154.73 0 60560 0 0
1516082154.83 0 62074 0 0
1516082154.95 0 69644 0 0
1516082155.03 0 54504 0 0
1516082155.13 0 62074 0 0
1516082155.23 0 60560 0 0
1516082155.33 0 63588 0 42
1516082155.43 0 62074 0 0
1516082155.53 0 60560 0 0
1516082155.63 0 60560 0 0
1516082155.73 0 57532 0 0
1516082155.83 0 59046 0 0
1516082155.93 0 60560 0 0
1516082156.03 0 60560 0 0
1516082156.13 0 60560 0 0
1516082156.23 0 65102 0 0
1516082156.33 0 62074 0 0
1516082156.43 0 62074 0 0
1516082156.53 0 62074 0 0
1516082156.63 0 63588 0 0
1516082156.73 0 51476 0 0
1516082156.83 0 56018 0 0
1516082156.93 0 56018 0 0
1516082157.03 0 57532 0 0
1516082157.13 0 60560 0 0
1516082157.23 0 57532 0 0
1516082157.33 0 62074 0 0
1516082157.43 0 62074 0 0
1516082157.53 0 62074 0 0
1516082157.64 0 65102 0 0
1516082157.74 0 62074 0 0
1516082157.84 0 66616 0 0
1516082157.94 0 60560 0 0
1516082158.05 0 52990 0 0
1516082158.14 0 54504 0 0
1516082158.25 0 60560 0 0
1516082158.35 0 60560 0 0
1516082158.45 0 60560 0 0
1516082158.55 0 62074 0 0
1516082158.65 0 63588 0 0
1516082158.76 0 65102 0 0
1516082158.86 0 60560 0 0
1516082158.96 0 63588 0 0
1516082159.05 0 62074 0 0
1516082159.15 0 59046 0 0
1516082159.25 0 51476 0 0
1516082159.35 0 54504 0 0
1516082159.45 0 57532 0 0
1516082159.56 0 60560 0 0
1516082159.65 0 57532 0 0
1516082159.76 0 63588 0 0
1516082159.87 0 66616 0 0
1516082159.97 0 63588 0 0
1516082160.07 1514 65102 0 0
1516082160.18 0 65102 0 0
1516082160.28 0 65102 0 0
1516082160.39 0 65102 0 0
1516082160.48 0 52990 0 0
1516082160.58 0 43906 0 0
1516082160.68 0 54504 0 0
1516082160.79 0 63588 0 0
1516082160.9 0 60560 0 0
1516082160.99 0 54504 0 0
1516082161.09 0 59046 0 0
1516082161.19 0 62074 0 0
1516082161.29 0 62074 0 0
1516082161.39 0 63588 0 0
1516082161.49 0 62074 0 0
1516082161.59 0 62074 0 0
1516082161.69 0 65102 0 0
1516082161.79 0 62074 0 0
1516082161.89 0 57532 0 0
1516082161.99 0 62074 0 0
1516082162.09 0 60560 0 0
1516082162.19 0 63588 0 0
1516082162.29 0 62074 0 0
1516082162.39 0 63588 0 0
1516082162.49 0 60560 0 0
1516082162.59 0 52990 0 0
1516082162.7 0 62074 0 0
1516082162.8 0 57532 0 0
1516082162.9 0 60560 0 0
1516082163.0 0 60560 0 0
1516082163.1 0 60560 0 0
1516082163.2 0 63588 0 0
1516082163.3 0 62074 0 0
1516082163.4 0 65102 0 0
1516082163.5 0 62074 0 0
1516082163.6 0 62074 0 0
1516082163.7 0 62074 0 0
1516082163.8 0 49962 0 0
1516082163.9 0 57532 0 0
1516082164.0 0 59046 0 0
1516082164.1 0 59046 0 0
1516082164.2 0 63588 0 0
1516082164.3 0 63588 0 0
1516082164.4 0 62074 0 0
1516082164.5 0 63588 0 0
1516082164.61 0 63588 0 0
1516082164.71 0 63588 0 0
1516082164.81 0 54504 0 0
1516082164.91 0 57532 0 0
1516082165.01 0 60560 0 0
1516082165.11 0 60560 0 0
1516082165.22 0 62074 0 0
1516082165.32 0 62074 0 0
1516082165.42 0 62074 0 0
1516082165.52 0 63588 0 0
1516082165.62 0 65102 0 0
1516082165.72 0 62074 0 0
1516082165.82 0 63588 0 0
1516082165.92 0 56018 0 0
1516082166.03 0 65102 0 0
1516082166.13 0 62074 0 0
1516082166.23 0 60560 0 0
1516082166.33 0 63588 0 0
1516082166.44 0 65102 0 0
1516082166.54 0 65102 0 0
1516082166.64 0 59046 0 0
1516082166.74 0 60560 0 0
1516082166.84 0 57532 0 0
1516082166.93 0 60560 0 0
1516082167.03 0 62074 0 0
1516082167.13 0 62074 0 0
1516082167.23 0 63588 0 0
1516082167.34 0 63588 0 0
1516082167.43 0 62074 0 0
1516082167.54 0 63588 0 0
1516082167.64 0 59046 0 0
1516082167.73 0 62074 0 0
1516082167.84 0 62074 0 0
1516082167.94 0 62074 0 0
1516082168.04 0 63588 0 0
1516082168.14 0 62074 0 0
1516082168.23 0 62074 0 0
1516082168.34 0 60560 0 0
1516082168.44 0 60560 0 0
1516082168.54 0 63588 0 0
1516082168.64 0 63588 0 0
1516082168.74 0 60560 0 0
1516082168.84 0 63588 0 0
1516082168.94 0 62074 0 0
1516082169.04 0 63588 0 0
1516082169.14 0 60560 0 0
1516082169.24 0 63588 0 0
1516082169.34 0 62074 0 0
1516082169.44 0 63588 0 0
1516082169.54 0 60560 0 0
1516082169.64 0 63588 0 0
1516082169.74 0 54504 0 0
1516082169.84 0 57532 0 0
1516082169.94 0 63588 0 0
1516082170.04 0 63588 0 0
1516082170.14 0 66616 0 0
1516082170.24 0 62074 0 0
1516082170.34 0 60560 0 0
1516082170.45 0 65102 0 0
1516082170.55 0 63588 0 0
1516082170.65 0 59046 0 0
1516082170.75 0 63588 0 0
1516082170.85 0 63588 0 0
1516082170.95 0 62074 0 0
1516082171.06 0 65102 0 0
1516082171.16 0 68130 0 0
1516082171.26 0 56018 0 0
1516082171.36 0 56018 0 0
1516082171.45 0 57532 0 0
1516082171.55 0 57532 0 0
1516082171.65 0 63588 0 0
1516082171.75 0 60560 0 0
1516082171.85 0 63588 0 0
1516082171.95 0 63588 0 0
1516082172.05 0 62074 0 0
1516082172.15 0 62074 0 0
1516082172.25 0 62074 0 0
1516082172.36 0 52990 0 0
1516082172.45 0 54504 0 0
1516082172.55 0 57532 0 0
1516082172.66 0 62074 0 0
1516082172.76 0 60560 0 0
1516082172.86 0 62074 0 0
1516082172.95 0 60560 0 0
1516082173.06 0 33308 0 0
1516082173.16 0 31794 0 0
1516082173.26 0 33308 0 0
1516082173.36 0 36336 0 0
1516082173.46 0 34822 0 0
1516082173.56 0 37850 0 0
1516082173.66 0 37850 0 0
1516082173.76 0 39364 0 0
1516082173.86 0 39364 0 0
1516082173.96 0 40878 0 0
1516082174.06 0 42392 0 0
1516082174.16 0 43906 0 0
1516082174.26 0 43906 0 0
1516082174.36 0 45420 0 0
1516082174.46 0 45420 0 0
1516082174.56 0 46934 0 0
1516082174.66 0 46934 0 0
1516082174.76 0 48448 0 0
1516082174.86 0 49962 0 0
1516082174.96 0 49962 0 0
1516082175.07 0 51476 0 0
1516082175.17 0 49962 0 0
1516082175.26 0 48448 0 0
1516082175.37 0 52990 0 0
1516082175.47 0 52990 0 42
1516082175.57 0 52990 0 0
1516082175.68 0 54504 0 0
1516082175.77 0 51476 0 0
1516082175.88 0 56018 0 0
1516082175.98 0 54504 0 0
1516082176.08 0 54504 0 0
1516082176.18 0 52990 0 0
1516082176.28 0 51476 0 0
1516082176.38 0 3028 0 0
1516082176.48 0 0 0 0
1516082176.58 0 0 0 0
1516082176.68 0 0 0 0
1516082176.78 0 0 0 0
1516082176.88 0 0 0 0
1516082176.98 0 0 0 0
1516082177.08 0 0 0 0
1516082177.18 0 0 0 0
1516082177.28 0 0 0 0
1516082177.38 0 0 0 0
1516082177.48 0 0 0 0
1516082177.58 0 0 0 0
1516082177.68 0 0 0 0
1516082177.78 0 0 0 0
1516082177.88 0 0 0 0
1516082177.98 0 0 0 0
1516082178.08 0 0 0 0
1516082178.18 0 0 0 0
1516082178.28 0 0 0 0
1516082178.38 0 0 0 0
1516082178.48 0 0 0 0
1516082178.58 0 0 0 0
1516082178.68 0 0 0 0
1516082178.78 0 0 0 0
1516082178.88 0 0 0 0
1516082178.98 0 0 0 0
1516082179.08 0 0 0 0
1516082179.18 0 0 0 0
1516082179.28 0 0 0 0
1516082179.38 0 0 0 0
1516082179.48 0 0 0 0
1516082179.58 0 0 0 0
1516082179.68 0 0 0 0
1516082179.78 0 0 0 0
1516082179.88 0 0 0 0
1516082179.98 0 0 0 0
1516082180.08 0 0 0 0
1516082180.18 0 0 0 0
1516082180.28 0 0 0 0
1516082180.38 0 0 0 0
1516082180.48 0 0 0 0
1516082180.58 0 0 0 42
1516082180.68 0 0 0 0
1516082180.79 0 0 0 0
1516082180.89 0 0 0 0
1516082180.99 0 0 0 0
1516082181.09 0 0 0 0
1516082181.19 0 0 0 0
1516082181.29 0 0 0 0
1516082181.4 0 0 0 0
1516082181.49 0 0 0 0
1516082181.59 0 0 0 0
1516082181.69 0 0 0 0
1516082181.79 0 0 0 0
1516082181.89 0 0 0 0
1516082181.99 0 0 0 0
1516082182.09 0 0 0 0
1516082182.19 0 0 0 0
1516082182.29 0 0 0 0
1516082182.39 0 0 0 0
1516082182.49 0 0 0 0
1516082182.59 0 0 0 0
1516082182.69 0 0 0 0
1516082182.79 0 0 0 0
1516082182.89 0 0 0 0
1516082182.99 0 0 0 0
1516082183.09 0 0 0 0
1516082183.19 0 0 0 0
1516082183.29 0 0 0 0
1516082183.39 0 0 0 0
1516082183.49 0 0 0 0
1516082183.59 0 0 0 0
1516082183.69 0 0 0 0
1516082183.8 0 0 0 0
1516082183.9 0 0 0 0
1516082184.0 0 0 0 0
1516082184.1 0 0 0 0
1516082184.19 0 0 0 0
1516082184.3 0 0 0 0
1516082184.39 0 0 0 0
1516082184.5 0 0 0 0
1516082184.6 0 0 0 0
1516082184.7 0 0 0 0
1516082184.8 0 0 0 0
1516082184.9 0 0 0 0
1516082185.0 0 0 0 0
1516082185.1 0 0 0 0
1516082185.2 0 0 0 0
1516082185.3 0 0 0 0
1516082185.4 0 0 0 0
1516082185.5 0 0 0 0
1516082185.6 0 0 0 0
1516082185.7 0 0 0 0
1516082185.8 0 0 0 0
1516082185.9 0 0 0 0
1516082186.0 0 0 0 0
1516082186.1 0 0 0 0
1516082186.21 0 0 0 0
1516082186.3 0 0 0 0
1516082186.41 0 0 0 0
1516082186.5 0 0 0 0
1516082186.61 0 0 0 0
1516082186.7 0 0 0 0
1516082186.8 0 0 0 0
1516082186.9 0 0 0 0
1516082187.0 0 0 0 0
1516082187.1 0 0 0 0
1516082187.2 0 0 0 0
1516082187.3 0 0 0 0
1516082187.4 0 0 0 0
1516082187.5 0 0 0 0
1516082187.6 0 0 0 0
1516082187.7 0 0 0 0
1516082187.8 0 0 0 74
1516082187.9 0 0 0 0
1516082188.0 0 0 0 0
1516082188.1 0 0 0 0
1516082188.2 0 0 0 0
1516082188.3 0 0 0 0
1516082188.4 0 0 0 0
1516082188.5 0 0 0 0
1516082188.6 0 0 0 0
1516082188.7 0 0 0 0
1516082188.81 0 0 0 0
1516082188.91 0 0 0 0
1516082189.01 0 0 0 0
1516082189.11 0 0 0 0
1516082189.21 0 0 0 0
1516082189.31 0 0 0 0
1516082189.41 0 0 0 0
1516082189.51 0 0 0 0
1516082189.61 0 0 0 0
1516082189.71 0 0 0 0
1516082189.82 0 0 0 0
1516082189.91 0 0 0 0
1516082190.01 0 0 0 0
1516082190.12 0 0 0 0
1516082190.22 0 0 0 0
1516082190.32 0 0 0 0
