1516084137.6 0 0 0 0
1516084137.7 0 0 0 0
1516084137.81 0 0 0 0
1516084137.9 0 0 0 0
1516084138.0 0 0 0 0
1516084138.1 0 0 0 0
1516084138.2 0 0 0 0
1516084138.3 0 0 0 0
1516084138.4 0 0 0 0
1516084138.51 0 0 0 0
1516084138.62 0 0 0 0
1516084138.7 0 0 0 0
1516084138.8 0 0 0 0
1516084138.9 0 0 0 0
1516084139.01 0 0 0 0
1516084139.11 0 0 0 0
1516084139.23 0 0 0 0
1516084139.31 0 0 0 0
1516084139.41 0 0 0 0
1516084139.51 0 0 0 0
1516084139.62 0 0 0 0
1516084139.7 0 0 0 0
1516084139.8 0 0 0 0
1516084139.9 0 0 0 0
1516084140.0 0 0 0 0
1516084140.1 0 0 0 0
1516084140.2 0 0 0 0
1516084140.3 0 0 0 0
1516084140.4 0 0 0 0
1516084140.5 0 0 0 0
1516084140.6 0 0 0 0
1516084140.7 0 0 0 0
1516084140.8 0 0 0 0
1516084140.9 0 0 0 0
1516084141.0 0 0 0 0
1516084141.1 0 0 0 0
1516084141.2 0 0 0 0
1516084141.3 0 0 0 0
1516084141.4 0 0 0 0
1516084141.5 0 0 0 0
1516084141.6 0 0 0 0
1516084141.7 0 0 0 0
1516084141.8 0 0 0 0
1516084141.9 0 0 0 0
1516084142.0 0 0 0 0
1516084142.11 0 0 0 0
1516084142.21 0 0 0 0
1516084142.31 0 0 0 0
1516084142.41 0 0 0 0
1516084142.51 0 0 0 0
1516084142.62 0 0 0 0
1516084142.72 0 0 0 0
1516084142.82 0 0 0 0
1516084142.92 0 0 0 0
1516084143.02 0 0 0 0
1516084143.12 0 0 0 0
1516084143.22 0 0 0 0
1516084143.32 0 0 0 0
1516084143.42 0 0 0 0
1516084143.52 0 0 0 0
1516084143.62 0 0 0 0
1516084143.72 0 0 0 0
1516084143.82 0 0 0 0
1516084143.92 0 0 0 0
1516084144.02 0 0 0 0
1516084144.12 0 0 0 0
1516084144.22 0 0 0 0
1516084144.32 0 0 0 0
1516084144.42 0 0 0 0
1516084144.52 0 0 0 0
1516084144.62 0 0 0 0
1516084144.72 0 0 0 0
1516084144.82 0 0 0 0
1516084144.92 0 0 0 0
1516084145.02 0 0 0 0
1516084145.12 0 0 0 0
1516084145.22 0 0 0 0
1516084145.32 0 0 0 0
1516084145.42 0 0 0 0
1516084145.52 0 0 0 0
1516084145.62 0 0 0 0
1516084145.72 0 0 0 0
1516084145.82 0 0 0 0
1516084145.92 0 0 0 0
1516084146.02 0 0 0 0
1516084146.12 0 0 0 0
1516084146.22 0 0 0 0
1516084146.32 0 0 0 0
1516084146.42 0 0 0 0
1516084146.52 0 0 0 0
1516084146.62 0 0 0 0
1516084146.72 0 0 0 0
1516084146.82 0 0 0 0
1516084146.92 0 0 0 0
1516084147.02 0 0 0 0
1516084147.13 0 0 0 0
1516084147.22 0 0 0 0
1516084147.33 0 0 0 0
1516084147.43 0 0 0 0
1516084147.53 0 0 0 0
1516084147.63 0 0 0 0
1516084147.73 0 0 0 0
1516084147.83 0 0 0 0
1516084147.93 0 0 0 0
1516084148.03 0 0 0 0
1516084148.13 0 0 0 0
1516084148.23 0 0 0 0
1516084148.33 0 0 0 0
1516084148.44 0 0 0 0
1516084148.54 0 0 0 0
1516084148.64 0 0 0 0
1516084148.74 0 0 0 0
1516084148.84 0 0 0 0
1516084148.93 0 0 0 0
1516084149.03 0 0 0 0
1516084149.13 0 0 0 0
1516084149.23 0 0 0 0
1516084149.33 0 0 0 0
1516084149.43 0 0 0 0
1516084149.53 0 0 0 0
1516084149.63 0 0 0 0
1516084149.73 0 0 0 0
1516084149.83 0 0 0 0
1516084149.93 0 0 0 0
1516084150.03 0 0 0 0
1516084150.13 0 0 0 0
1516084150.23 0 0 0 0
1516084150.33 0 0 0 0
1516084150.43 0 0 0 0
1516084150.54 0 0 0 222
1516084150.64 0 0 0 0
1516084150.74 0 0 0 0
1516084150.84 0 0 0 173
1516084150.94 0 0 0 173
1516084151.04 0 0 0 1534
1516084151.14 0 0 0 0
1516084151.24 0 0 0 1714
1516084151.34 0 0 0 0
1516084151.45 0 0 0 148
1516084151.58 0 0 0 114
1516084151.68 0 0 0 110
1516084151.78 0 0 0 0
1516084151.88 0 0 0 216
1516084151.98 0 0 0 0
1516084152.08 0 0 0 686
1516084152.18 0 0 0 110
1516084152.28 0 0 0 1222
1516084152.38 0 0 0 0
1516084152.48 0 0 0 312
1516084152.58 0 0 0 0
1516084152.69 0 0 0 266
1516084152.78 0 0 0 686
1516084152.88 0 0 0 0
1516084152.98 0 0 0 396
1516084153.08 0 0 0 1222
1516084153.19 0 0 0 66
1516084153.29 0 0 0 0
1516084153.39 0 0 0 0
1516084153.49 0 0 0 178
1516084153.59 0 0 0 0
1516084153.69 0 0 0 0
1516084153.79 0 0 0 266
1516084153.89 0 0 0 0
1516084153.99 0 0 0 0
1516084154.09 0 0 0 396
1516084154.19 0 0 0 0
1516084154.29 0 0 0 0
1516084154.39 0 0 0 66
1516084154.49 0 0 0 0
1516084154.59 0 0 0 0
1516084154.69 0 0 0 0
1516084154.79 0 0 0 0
1516084154.89 0 0 0 0
1516084154.99 0 0 0 0
1516084155.1 0 0 0 0
1516084155.19 0 0 0 0
1516084155.33 0 0 0 0
1516084155.41 0 0 0 0
1516084155.5 0 0 0 0
1516084155.6 0 0 0 42
1516084155.7 0 0 0 0
1516084155.8 0 0 0 0
1516084155.9 0 0 0 0
1516084156.01 0 0 0 0
1516084156.1 0 0 0 0
1516084156.21 0 0 0 0
1516084156.3 0 0 0 0
1516084156.41 0 0 0 0
1516084156.52 0 0 0 0
1516084156.65 0 0 0 0
1516084156.75 0 0 0 0
1516084156.87 0 0 0 0
1516084157.0 0 0 0 0
1516084157.09 0 0 0 0
1516084157.19 0 0 0 0
1516084157.29 0 0 0 0
1516084157.39 0 0 0 0
1516084157.53 0 0 0 0
1516084157.63 0 0 0 0
1516084157.73 0 0 0 0
1516084157.83 0 0 0 0
1516084157.93 0 0 0 0
1516084158.06 0 0 0 0
1516084158.16 0 0 0 0
1516084158.26 0 0 0 0
1516084158.36 0 0 0 0
1516084158.47 0 0 0 0
1516084158.58 0 0 0 0
1516084158.7 0 0 0 0
1516084158.8 0 0 0 0
1516084158.9 0 0 0 0
1516084159.0 0 0 0 0
1516084159.12 0 0 0 0
1516084159.24 0 0 0 0
1516084159.34 0 0 0 0
1516084159.44 0 0 0 0
1516084159.54 0 0 0 0
1516084159.64 0 0 0 0
1516084159.74 0 0 0 0
1516084159.84 0 0 0 0
1516084159.94 0 0 0 0
1516084160.04 0 0 0 0
1516084160.14 0 0 0 0
1516084160.24 0 0 0 0
1516084160.34 0 0 0 0
1516084160.44 0 0 0 0
1516084160.54 0 0 0 0
1516084160.64 0 0 0 0
1516084160.74 0 0 0 0
1516084160.84 0 0 0 0
1516084160.94 0 0 0 0
1516084161.04 0 0 0 0
1516084161.14 0 0 0 0
1516084161.24 0 0 0 0
1516084161.36 0 0 0 0
1516084161.45 0 0 0 0
1516084161.55 0 0 0 0
1516084161.65 0 0 0 0
1516084161.75 0 0 0 0
1516084161.85 0 0 0 0
1516084161.95 0 0 0 0
1516084162.05 0 0 0 0
1516084162.15 0 0 0 0
1516084162.26 0 0 0 0
1516084162.38 0 0 0 0
1516084162.48 0 0 0 0
1516084162.57 0 0 0 0
1516084162.67 0 0 0 0
1516084162.78 0 0 0 0
1516084162.88 0 0 0 0
1516084162.98 0 0 0 0
1516084163.08 0 0 0 0
1516084163.18 0 0 0 0
1516084163.28 0 0 0 0
1516084163.39 0 0 0 0
1516084163.48 0 0 0 0
1516084163.58 0 0 0 0
1516084163.68 0 0 0 0
1516084163.78 0 0 0 0
1516084163.88 0 0 0 0
1516084163.98 0 0 0 0
1516084164.08 0 0 0 0
1516084164.18 0 0 0 0
1516084164.28 0 0 0 0
1516084164.38 0 0 0 0
1516084164.48 0 0 0 0
1516084164.58 0 0 0 0
1516084164.68 0 0 0 0
1516084164.78 0 0 0 0
1516084164.9 0 0 0 0
1516084165.02 0 0 0 0
1516084165.12 0 0 0 0
1516084165.23 0 0 0 0
1516084165.34 0 0 0 0
1516084165.44 0 0 0 0
1516084165.54 0 0 0 0
1516084165.64 0 0 0 0
1516084165.74 0 0 0 0
1516084165.84 0 0 0 0
1516084165.94 0 0 0 0
1516084166.04 0 0 0 0
1516084166.14 0 0 0 0
1516084166.24 0 0 0 0
1516084166.35 0 0 0 0
1516084166.45 0 0 0 0
1516084166.54 0 0 0 0
1516084166.64 0 0 0 0
1516084166.74 0 0 0 0
1516084166.84 0 0 0 0
1516084166.95 0 0 0 0
1516084167.04 0 0 0 0
1516084167.14 0 0 0 0
1516084167.24 0 0 0 0
1516084167.35 0 0 0 0
1516084167.46 0 0 0 0
1516084167.57 0 0 0 0
1516084167.67 0 0 0 0
1516084167.77 0 0 0 0
1516084167.87 0 0 0 0
1516084167.97 0 0 0 0
1516084168.07 0 0 0 0
1516084168.17 0 0 0 0
1516084168.28 0 0 0 0
1516084168.41 0 0 0 0
1516084168.51 0 0 0 0
1516084168.61 0 0 0 0
1516084168.71 0 0 0 0
1516084168.81 0 0 0 0
1516084168.91 0 0 0 0
1516084169.01 0 0 0 0
1516084169.11 0 0 0 0
1516084169.21 0 0 0 0
1516084169.31 0 0 0 0
1516084169.41 0 0 0 0
1516084169.51 0 0 0 0
1516084169.63 0 0 0 0
1516084169.75 0 0 0 0
1516084169.85 0 0 0 0
1516084169.95 0 0 0 0
1516084170.05 0 0 0 0
1516084170.15 0 0 0 0
1516084170.25 0 0 0 0
1516084170.35 0 0 0 0
1516084170.45 0 0 0 0
1516084170.55 0 0 0 0
1516084170.65 0 0 0 0
1516084170.75 0 0 0 0
1516084170.85 0 0 0 0
1516084170.95 0 0 0 0
1516084171.05 0 0 0 0
1516084171.15 0 0 0 0
1516084171.25 0 0 0 0
1516084171.35 0 0 0 0
1516084171.45 0 0 0 0
1516084171.55 0 0 0 0
1516084171.65 0 0 0 0
1516084171.8 0 0 0 0
1516084171.91 0 0 0 0
1516084172.01 0 0 0 0
1516084172.11 0 0 0 0
1516084172.21 0 0 0 0
1516084172.31 0 0 0 0
1516084172.41 0 0 0 0
1516084172.54 0 0 0 0
1516084172.62 0 0 0 0
1516084172.72 0 0 0 0
1516084172.82 0 0 0 0
1516084172.92 0 0 0 0
1516084173.02 0 0 0 0
1516084173.12 0 0 0 0
1516084173.22 0 0 0 0
1516084173.32 0 0 0 0
1516084173.42 0 0 0 0
1516084173.52 0 0 0 0
1516084173.62 0 0 0 0
1516084173.74 0 0 0 0
1516084173.85 0 0 0 0
1516084173.95 0 0 0 0
1516084174.05 0 0 0 0
1516084174.14 0 0 0 0
1516084174.25 0 0 0 0
1516084174.35 0 0 0 0
1516084174.45 0 0 0 0
1516084174.55 0 0 0 0
1516084174.65 0 0 0 0
1516084174.75 0 0 0 0
1516084174.85 0 0 0 0
1516084174.96 0 0 0 0
1516084175.06 0 0 0 0
1516084175.16 0 0 0 0
1516084175.25 0 0 0 0
1516084175.36 0 0 0 0
1516084175.45 0 0 0 0
1516084175.55 0 0 0 0
1516084175.65 0 0 0 0
1516084175.75 0 0 0 0
1516084175.85 0 0 0 0
1516084175.95 0 0 0 0
1516084176.05 0 0 0 0
1516084176.15 0 0 0 0
1516084176.25 0 0 0 0
1516084176.35 0 0 0 0
1516084176.45 0 0 0 0
1516084176.55 0 0 0 0
1516084176.65 0 0 0 0
1516084176.75 0 0 0 0
1516084176.85 0 0 0 0
1516084176.95 0 0 0 0
1516084177.05 0 0 0 0
1516084177.15 0 0 0 0
1516084177.25 0 0 0 0
1516084177.35 0 0 0 0
1516084177.45 0 0 0 0
1516084177.55 0 0 0 0
1516084177.65 0 0 0 0
1516084177.75 0 0 0 0
1516084177.85 0 0 0 0
1516084177.96 0 0 0 0
1516084178.05 0 0 0 0
1516084178.15 0 0 0 0
1516084178.25 0 0 0 0
1516084178.36 0 0 0 0
1516084178.45 0 0 0 0
1516084178.56 0 0 0 0
1516084178.66 0 0 0 0
1516084178.76 0 0 0 0
1516084178.86 0 0 0 0
1516084178.96 0 0 0 0
1516084179.06 0 0 0 0
1516084179.16 0 0 0 0
1516084179.26 0 0 0 0
1516084179.36 0 0 0 0
1516084179.46 0 0 0 0
1516084179.56 0 0 0 0
1516084179.66 0 0 0 0
1516084179.76 0 0 0 0
1516084179.86 0 0 0 0
1516084179.96 0 0 0 0
1516084180.06 0 0 0 0
1516084180.17 0 0 0 0
1516084180.26 0 0 0 0
1516084180.36 0 0 0 0
1516084180.47 0 0 0 0
1516084180.57 0 0 0 0
1516084180.67 0 0 0 0
1516084180.77 0 0 0 0
1516084180.87 0 0 0 0
1516084180.97 0 0 0 0
1516084181.07 0 0 0 0
1516084181.17 0 0 0 0
1516084181.27 0 0 0 0
1516084181.37 0 0 0 0
1516084181.47 0 0 0 0
1516084181.57 0 0 0 0
1516084181.67 0 0 0 0
1516084181.77 0 0 0 0
1516084181.87 0 0 0 0
1516084181.97 0 0 0 0
1516084182.07 0 0 0 0
1516084182.17 0 0 0 0
1516084182.27 0 0 0 0
1516084182.37 0 0 0 0
1516084182.47 0 0 0 0
1516084182.57 0 0 0 0
1516084182.67 0 0 0 0
1516084182.77 0 0 0 0
1516084182.87 0 0 0 0
1516084182.97 0 0 0 0
1516084183.07 0 0 0 0
1516084183.17 0 0 0 0
1516084183.27 0 0 0 0
1516084183.37 0 0 0 0
1516084183.47 0 0 0 0
1516084183.57 0 0 0 0
1516084183.68 0 0 0 0
1516084183.78 0 0 0 0
1516084183.88 0 0 0 0
1516084183.98 0 0 0 0
1516084184.08 0 1514 0 0
1516084184.18 0 0 0 0
1516084184.28 0 0 0 0
1516084184.38 0 28766 0 0
1516084184.48 0 56018 0 0
1516084184.58 0 57532 0 0
1516084184.68 0 56018 0 0
1516084184.78 0 56018 0 0
1516084184.88 0 56018 0 0
1516084184.98 0 57532 0 0
1516084185.08 0 54504 0 0
1516084185.19 0 60560 0 0
1516084185.28 0 54504 0 0
1516084185.38 0 57532 0 0
1516084185.48 0 54504 0 0
1516084185.59 0 62074 0 0
1516084185.69 0 52990 0 0
1516084185.79 0 54504 0 0
1516084185.88 0 57532 0 0
1516084185.98 0 56018 0 0
1516084186.08 0 56018 0 0
1516084186.19 0 57532 0 0
1516084186.29 0 56018 0 0
1516084186.39 0 56018 0 0
1516084186.48 0 56018 0 0
1516084186.59 0 56018 0 0
1516084186.68 0 56018 0 0
1516084186.79 0 54504 0 0
1516084186.89 0 57532 0 0
1516084186.99 0 56018 0 0
1516084187.09 0 56018 0 0
1516084187.19 0 56018 0 0
1516084187.29 0 56018 0 0
1516084187.39 0 57532 0 0
1516084187.49 0 56018 0 0
1516084187.59 0 56018 0 0
1516084187.69 0 56018 0 0
1516084187.79 0 57532 0 0
1516084187.89 0 56018 0 0
1516084187.99 0 57532 0 0
1516084188.09 0 54504 0 0
1516084188.19 0 56018 0 0
1516084188.29 0 57532 0 0
1516084188.39 0 56018 0 0
1516084188.49 0 56018 0 0
1516084188.59 0 56018 0 0
1516084188.69 0 56018 0 0
1516084188.79 0 56018 0 0
1516084188.89 0 59046 0 0
1516084188.99 0 57532 0 42
1516084189.09 0 52990 0 0
1516084189.2 0 60560 0 0
1516084189.29 0 52990 0 0
1516084189.4 0 60560 0 0
1516084189.49 0 52990 0 0
1516084189.6 0 56018 0 0
1516084189.69 0 56018 0 0
1516084189.79 0 57532 0 0
1516084189.89 0 54504 0 0
1516084189.99 0 57532 0 0
1516084190.09 0 56018 0 0
1516084190.19 0 56018 0 0
1516084190.29 0 57532 0 0
1516084190.39 0 54504 0 0
1516084190.49 0 57532 0 0
1516084190.59 0 54504 0 0
1516084190.69 0 57532 0 0
1516084190.79 0 56018 0 0
1516084190.89 0 56018 0 0
1516084190.99 0 57532 0 0
1516084191.09 0 54504 0 0
1516084191.19 0 56018 0 0
1516084191.29 0 56018 0 0
1516084191.39 0 57532 0 0
1516084191.49 0 54504 0 0
1516084191.59 0 57532 0 0
1516084191.69 0 56018 0 0
1516084191.79 0 56018 0 0
1516084191.89 0 57532 0 0
1516084192.0 0 56018 0 0
1516084192.09 0 56018 0 0
1516084192.19 0 56018 0 0
1516084192.29 0 56018 0 0
1516084192.4 0 56018 0 0
1516084192.5 0 60560 0 0
1516084192.6 0 57532 0 0
1516084192.7 0 54504 0 0
1516084192.8 0 54504 0 0
1516084192.9 0 57532 0 0
1516084193.0 0 56018 0 0
1516084193.1 0 56018 0 0
1516084193.2 0 56018 0 0
1516084193.3 0 54504 0 0
1516084193.4 0 57532 0 0
1516084193.5 0 56018 0 0
1516084193.6 0 54504 0 0
1516084193.7 0 56018 0 0
1516084193.8 0 56018 0 0
1516084193.9 0 56018 0 0
1516084194.0 0 56018 0 42
1516084194.1 0 57532 0 0
1516084194.2 0 56018 0 0
1516084194.3 0 57532 0 0
1516084194.4 0 54504 0 0
1516084194.5 0 56018 0 0
1516084194.6 0 54504 0 0
1516084194.7 0 57532 0 0
1516084194.8 0 56018 0 0
1516084194.9 0 56018 0 0
1516084195.0 0 56018 0 0
1516084195.1 0 56018 0 0
1516084195.2 0 56018 0 0
1516084195.3 0 57532 0 0
1516084195.4 0 56018 0 0
1516084195.5 0 56018 0 0
1516084195.6 0 57532 0 0
1516084195.7 0 56018 0 0
1516084195.8 0 56018 0 0
1516084195.9 0 56018 0 0
1516084196.0 0 57532 0 0
1516084196.1 0 56018 0 0
1516084196.21 0 57532 0 0
1516084196.3 0 54504 0 0
1516084196.41 0 62074 0 0
1516084196.51 0 56018 0 0
1516084196.61 0 56018 0 0
1516084196.71 0 54504 0 0
1516084196.81 0 54504 0 0
1516084196.91 0 56018 0 0
1516084197.01 0 56018 0 0
1516084197.11 0 56018 0 0
1516084197.21 0 57532 0 0
1516084197.31 0 56018 0 0
1516084197.41 0 56018 0 0
1516084197.51 0 56018 0 0
1516084197.61 0 56018 0 0
1516084197.71 0 57532 0 0
1516084197.81 0 56018 0 0
1516084197.91 0 56018 0 0
1516084198.01 0 56018 0 0
1516084198.11 0 56018 0 0
1516084198.21 0 56018 0 0
1516084198.31 0 57532 0 0
1516084198.41 0 56018 0 0
1516084198.51 0 56018 0 0
1516084198.61 0 57532 0 0
1516084198.71 0 56018 0 0
1516084198.81 0 56018 0 0
1516084198.91 0 56018 0 0
1516084199.01 0 57532 0 0
1516084199.11 0 54504 0 0
1516084199.21 0 57532 0 0
1516084199.31 0 56018 0 0
1516084199.41 0 57532 0 0
1516084199.51 0 54504 0 0
1516084199.61 0 56018 0 0
1516084199.71 0 57532 0 0
1516084199.81 0 56018 0 0
1516084199.91 0 56018 0 0
1516084200.01 0 56018 0 0
1516084200.11 0 57532 0 0
1516084200.22 0 59046 0 0
1516084200.31 0 52990 0 0
1516084200.41 0 57532 0 0
1516084200.52 0 57532 0 0
1516084200.62 0 56018 0 0
1516084200.72 0 57532 0 0
1516084200.82 0 57532 0 0
1516084200.92 0 57532 0 0
1516084201.03 0 57532 0 0
1516084201.12 0 52990 0 0
1516084201.22 0 56018 0 0
1516084201.32 0 56018 0 0
1516084201.42 0 54504 0 0
1516084201.52 0 57532 0 0
1516084201.62 0 57532 0 0
1516084201.72 0 56018 0 0
1516084201.82 0 56018 0 0
1516084201.92 0 56018 0 0
1516084202.02 0 57532 0 0
1516084202.12 0 56018 0 0
1516084202.22 0 56018 0 0
1516084202.32 0 56018 0 0
1516084202.42 0 56018 0 0
1516084202.52 0 56018 0 0
1516084202.62 0 57532 0 0
1516084202.72 0 56018 0 0
1516084202.82 0 56018 0 0
1516084202.92 0 56018 0 0
1516084203.02 0 57532 0 0
1516084203.12 0 56018 0 0
1516084203.22 0 59046 0 0
1516084203.32 0 62074 0 0
1516084203.42 0 62074 0 0
1516084203.52 0 62074 0 0
1516084203.62 0 63588 0 0
1516084203.72 0 43906 0 0
1516084203.82 0 33308 0 0
1516084203.92 0 48448 0 0
1516084204.02 0 49962 0 0
1516084204.12 0 51476 0 0
1516084204.23 0 52990 0 0
1516084204.32 0 51476 0 0
1516084204.42 0 51476 0 0
1516084204.53 0 52990 0 0
1516084204.63 0 56018 0 0
1516084204.73 0 56018 0 0
1516084204.83 0 56018 0 0
1516084204.94 0 66616 0 0
1516084205.03 0 49962 0 0
1516084205.14 0 63588 0 0
1516084205.25 0 66616 0 0
1516084205.33 0 48448 0 0
1516084205.44 0 62074 0 0
1516084205.53 0 52990 0 0
1516084205.63 0 54504 0 0
1516084205.73 0 54504 0 0
1516084205.83 0 59046 0 0
1516084205.93 0 59046 0 0
1516084206.03 0 59046 0 0
1516084206.13 0 59046 0 0
1516084206.23 0 56018 0 0
1516084206.33 0 57532 0 0
1516084206.43 0 57532 0 0
1516084206.53 0 59046 0 0
1516084206.63 0 59046 0 0
1516084206.73 0 57532 0 0
1516084206.83 0 59046 0 0
1516084206.94 0 57532 0 0
1516084207.03 0 56018 0 0
1516084207.14 0 59046 0 0
1516084207.23 0 56018 0 0
1516084207.34 0 59046 0 0
1516084207.44 0 57532 0 0
1516084207.54 0 59046 0 0
1516084207.64 0 59046 0 0
1516084207.74 0 57532 0 0
1516084207.84 0 57532 0 0
1516084207.94 0 57532 0 0
1516084208.04 0 59046 0 0
1516084208.14 0 57532 0 0
1516084208.24 0 57532 0 0
1516084208.34 0 59046 0 0
1516084208.44 0 59046 0 0
1516084208.55 0 62074 0 0
1516084208.64 0 52990 0 0
1516084208.75 0 59046 0 0
1516084208.85 0 59046 0 0
1516084208.95 0 57532 0 0
1516084209.05 0 57532 0 0
1516084209.15 0 59046 0 0
1516084209.25 0 56018 0 0
1516084209.35 0 59046 0 0
1516084209.45 0 57532 0 0
1516084209.55 0 59046 0 0
1516084209.65 0 59046 0 0
1516084209.75 0 57532 0 0
1516084209.85 0 57532 0 0
1516084209.95 0 59046 0 0
1516084210.05 0 57532 0 0
1516084210.15 0 59046 0 0
1516084210.25 0 57532 0 0
1516084210.35 0 56018 0 0
1516084210.45 0 57532 0 0
1516084210.55 0 59046 0 0
1516084210.65 0 57532 0 0
1516084210.75 0 59046 0 0
1516084210.85 0 57532 0 0
1516084210.96 0 57532 0 0
1516084211.06 0 57532 0 0
1516084211.16 0 57532 0 0
1516084211.26 0 57532 0 0
1516084211.35 0 57532 0 0
1516084211.46 0 59046 0 0
1516084211.56 0 59046 0 0
1516084211.66 0 59046 0 42
1516084211.76 0 57532 0 0
1516084211.86 0 59046 0 0
1516084211.96 0 57532 0 0
1516084212.06 0 57532 0 0
1516084212.16 0 60560 0 0
1516084212.26 0 57532 0 0
1516084212.36 0 57532 0 0
1516084212.46 0 59046 0 0
1516084212.56 0 60560 0 0
1516084212.67 0 59046 0 0
1516084212.77 0 56018 0 0
1516084212.87 0 60560 0 0
1516084212.97 0 59046 0 0
1516084213.07 0 57532 0 0
1516084213.18 0 63588 0 0
1516084213.28 0 57532 0 0
1516084213.38 0 54504 0 0
1516084213.48 0 62074 0 0
1516084213.58 0 57532 0 0
1516084213.69 0 63588 0 0
1516084213.79 0 57532 0 0
1516084213.89 0 56018 0 0
1516084213.99 0 60560 0 0
1516084214.09 0 56018 0 0
1516084214.18 0 56018 0 0
1516084214.28 0 57532 0 0
1516084214.38 0 54504 0 0
1516084214.48 0 57532 0 0
1516084214.57 0 57532 0 0
1516084214.68 0 57532 0 0
1516084214.78 0 59046 0 0
1516084214.87 0 54504 0 0
1516084214.97 0 57532 0 0
1516084215.07 0 56018 0 0
1516084215.17 0 57532 0 0
1516084215.27 0 57532 0 0
1516084215.37 0 59046 0 0
1516084215.47 0 56018 0 0
1516084215.57 0 59046 0 0
1516084215.67 0 57532 0 0
1516084215.77 0 59046 0 0
1516084215.87 0 59046 0 0
1516084215.97 0 54504 0 0
1516084216.07 0 59046 0 0
1516084216.18 0 60560 0 0
1516084216.28 0 57532 0 0
1516084216.38 0 57532 0 0
1516084216.48 0 59046 0 0
1516084216.58 0 60560 0 0
1516084216.69 0 60560 0 0
1516084216.78 0 54504 0 0
1516084216.88 0 59046 0 0
1516084217.0 0 68130 0 0
1516084217.09 0 48448 0 0
1516084217.19 0 56018 0 0
1516084217.28 0 57532 0 0
1516084217.38 0 59046 0 0
1516084217.48 0 57532 0 0
1516084217.58 0 57532 0 0
1516084217.68 0 59046 0 0
1516084217.78 0 57532 0 0
1516084217.88 0 57532 0 0
1516084217.98 0 57532 0 0
1516084218.08 0 57532 0 0
1516084218.18 0 59046 0 0
1516084218.28 0 57532 0 0
1516084218.38 0 56018 0 0
1516084218.48 0 52990 0 0
1516084218.58 0 59046 0 0
1516084218.68 0 57532 0 0
1516084218.78 0 56018 0 0
1516084218.88 0 57532 0 0
1516084218.98 0 60560 0 0
1516084219.08 0 57532 0 0
1516084219.18 0 56018 0 0
1516084219.28 0 59046 0 0
1516084219.38 0 59046 0 0
1516084219.49 0 60560 0 0
1516084219.58 0 54504 0 0
1516084219.68 0 57532 0 0
1516084219.79 0 62074 0 0
1516084219.88 0 52990 0 0
1516084219.98 0 57532 0 0
1516084220.08 0 57532 0 0
1516084220.18 0 57532 0 0
1516084220.28 0 60560 0 0
1516084220.38 0 56018 0 0
1516084220.48 0 57532 0 0
1516084220.58 0 59046 0 0
1516084220.68 0 57532 0 0
1516084220.78 0 56018 0 0
1516084220.88 0 59046 0 0
1516084220.98 0 57532 0 0
1516084221.08 0 57532 0 0
1516084221.18 0 57532 0 0
1516084221.28 0 59046 0 0
1516084221.38 0 57532 0 0
1516084221.48 0 59046 0 0
1516084221.58 0 57532 0 0
1516084221.68 0 56018 0 0
1516084221.78 0 57532 0 0
1516084221.88 0 59046 0 0
1516084221.98 0 59046 0 0
1516084222.08 0 57532 0 0
1516084222.19 0 57532 0 0
1516084222.29 0 57532 0 0
1516084222.38 0 57532 0 0
1516084222.48 0 59046 0 0
1516084222.59 0 56018 0 0
1516084222.69 0 57532 0 0
1516084222.79 0 59046 0 0
1516084222.89 0 57532 0 0
1516084223.0 0 65102 0 0
1516084223.09 0 54504 0 0
1516084223.19 0 57532 0 0
1516084223.3 0 60560 0 0
1516084223.4 0 56018 0 0
1516084223.49 0 57532 0 0
1516084223.59 0 59046 0 0
1516084223.7 0 60560 0 0
1516084223.8 0 56018 0 0
1516084223.9 0 57532 0 0
1516084224.0 0 59046 0 0
1516084224.1 0 57532 0 0
1516084224.2 0 59046 0 0
1516084224.3 0 56018 0 0
1516084224.4 0 60560 0 0
1516084224.5 0 57532 0 0
1516084224.6 0 59046 0 0
1516084224.7 0 54504 0 0
1516084224.8 0 57532 0 0
1516084224.9 0 57532 0 0
1516084225.0 0 57532 0 0
1516084225.1 0 57532 0 0
1516084225.2 0 56018 0 0
1516084225.3 0 60560 0 0
1516084225.4 0 57532 0 0
1516084225.5 0 59046 0 0
1516084225.6 0 57532 0 0
1516084225.7 0 57532 0 0
1516084225.8 0 59046 0 0
1516084225.9 0 57532 0 0
1516084226.0 0 57532 0 0
1516084226.1 0 57532 0 0
1516084226.2 0 59046 0 0
1516084226.3 0 59046 0 0
1516084226.4 0 57532 0 0
1516084226.5 0 59046 0 0
1516084226.6 0 59046 0 0
1516084226.7 0 57532 0 0
1516084226.8 0 57532 0 0
1516084226.9 0 57532 0 0
1516084227.0 0 59046 0 0
1516084227.1 0 57532 0 0
1516084227.2 0 56018 0 0
1516084227.3 0 60560 0 0
1516084227.4 0 57532 0 0
1516084227.51 0 62074 0 0
1516084227.61 0 54504 0 0
1516084227.71 0 62074 0 0
1516084227.8 0 52990 0 0
1516084227.91 0 59046 0 0
1516084228.0 0 57532 0 0
1516084228.11 0 59046 0 0
1516084228.2 0 56018 0 0
1516084228.31 0 59046 0 0
1516084228.41 0 57532 0 0
1516084228.5 0 57532 0 0
1516084228.61 0 59046 0 0
1516084228.71 0 56018 0 0
1516084228.81 0 59046 0 0
1516084228.91 0 59046 0 0
1516084229.01 0 56018 0 0
1516084229.11 0 59046 0 0
1516084229.21 0 57532 0 0
1516084229.31 0 57532 0 0
1516084229.41 0 59046 0 0
1516084229.51 0 59046 0 0
1516084229.61 0 59046 0 0
1516084229.71 0 56018 0 0
1516084229.81 0 60560 0 0
1516084229.91 0 56018 0 0
1516084230.01 0 59046 0 0
1516084230.11 0 59046 0 0
1516084230.21 0 60560 0 0
1516084230.31 0 54504 0 0
1516084230.41 0 59046 0 0
1516084230.51 0 57532 0 0
1516084230.61 0 59046 0 0
1516084230.71 0 57532 0 0
1516084230.82 0 62074 0 0
1516084230.93 0 63588 0 0
1516084231.02 0 54504 0 0
1516084231.12 0 56018 0 0
1516084231.22 0 59046 0 0
1516084231.32 0 56018 0 0
1516084231.42 0 59046 0 0
1516084231.52 0 56018 0 0
1516084231.62 0 62074 0 0
1516084231.72 0 51476 0 0
1516084231.82 0 59046 0 0
1516084231.92 0 59046 0 0
1516084232.02 0 57532 0 0
1516084232.12 0 57532 0 0
1516084232.22 0 59046 0 0
1516084232.32 0 56018 0 0
1516084232.42 0 57532 0 0
1516084232.52 0 57532 0 0
1516084232.62 0 60560 0 0
1516084232.72 0 56018 0 0
1516084232.82 0 57532 0 0
1516084232.92 0 57532 0 0
1516084233.02 0 59046 0 0
1516084233.12 0 57532 0 0
1516084233.22 0 57532 0 0
1516084233.32 0 60560 0 0
1516084233.42 0 56018 0 0
1516084233.52 0 56018 0 0
1516084233.62 0 62074 0 0
1516084233.72 0 56018 0 0
1516084233.82 0 57532 0 0
1516084233.92 0 57532 0 0
1516084234.02 0 57532 0 0
1516084234.12 0 56018 0 0
1516084234.22 0 57532 0 0
1516084234.32 0 57532 0 0
1516084234.42 0 57532 0 0
1516084234.52 0 59046 0 0
1516084234.62 0 56018 0 0
1516084234.72 0 59046 0 0
1516084234.83 0 60560 0 0
1516084234.93 0 57532 0 0
1516084235.04 0 62074 0 0
1516084235.13 0 52990 0 0
1516084235.24 0 60560 0 0
1516084235.33 0 57532 0 0
1516084235.44 0 63588 0 0
1516084235.53 0 54504 0 0
1516084235.64 0 60560 0 0
1516084235.74 0 57532 0 0
1516084235.84 0 60560 0 0
1516084235.94 0 59046 0 0
1516084236.04 0 56018 0 0
1516084236.14 0 57532 0 0
1516084236.24 0 59046 0 0
1516084236.34 0 57532 0 0
1516084236.44 0 57532 0 0
1516084236.54 0 59046 0 0
1516084236.64 0 57532 0 0
1516084236.74 0 59046 0 0
1516084236.84 0 59046 0 0
1516084236.94 0 57532 0 0
1516084237.04 0 57532 0 0
1516084237.14 0 57532 0 0
1516084237.24 0 59046 0 0
1516084237.34 0 59046 0 0
1516084237.44 0 57532 0 0
1516084237.54 0 59046 0 42
1516084237.64 0 56018 0 0
1516084237.74 0 57532 0 0
1516084237.84 0 59046 0 0
1516084237.94 0 59046 0 0
1516084238.04 0 57532 0 0
1516084238.14 0 57532 0 0
1516084238.24 0 57532 0 0
1516084238.34 0 59046 0 0
1516084238.44 0 57532 0 0
1516084238.54 0 59046 0 0
1516084238.64 0 57532 0 0
1516084238.74 0 57532 0 0
1516084238.84 0 60560 0 0
1516084238.94 0 56018 0 0
1516084239.04 0 59046 0 0
1516084239.15 0 59046 0 0
1516084239.25 0 59046 0 0
1516084239.35 0 59046 0 0
1516084239.45 0 57532 0 0
1516084239.55 0 59046 0 0
1516084239.66 0 62074 0 0
1516084239.75 0 54504 0 0
1516084239.85 0 57532 0 0
1516084239.96 0 59046 0 0
1516084240.06 0 60560 0 0
1516084240.16 0 57532 0 0
1516084240.26 0 57532 0 0
1516084240.36 0 62074 0 0
1516084240.46 0 56018 0 0
1516084240.56 0 57532 0 0
1516084240.67 0 60560 0 0
1516084240.76 0 56018 0 0
1516084240.86 0 57532 0 0
1516084240.96 0 59046 0 0
1516084241.06 0 59046 0 0
1516084241.16 0 57532 0 0
1516084241.26 0 59046 0 0
1516084241.36 0 57532 0 0
1516084241.46 0 59046 0 0
1516084241.56 0 57532 0 0
1516084241.66 0 59046 0 0
1516084241.76 0 59046 0 74
1516084241.86 6056 51476 3028 10754
1516084241.96 12112 51476 15140 12112
1516084242.06 21196 46934 21196 15140
1516084242.16 27252 45420 36336 18168
1516084242.26 30280 45420 52990 16654
1516084242.36 24224 43906 60560 16654
1516084242.46 7570 45420 60560 18168
1516084242.56 0 36336 56018 24224
1516084242.66 0 37850 54504 27252
1516084242.76 0 37850 56018 22710
1516084242.86 0 37850 54504 25738
1516084242.96 0 37850 59046 24224
1516084243.06 0 39364 57532 25738
1516084243.16 0 34822 62074 24224
1516084243.27 0 40878 59046 27252
1516084243.37 0 37850 63588 25738
1516084243.47 0 34822 63588 24224
1516084243.57 0 36336 65102 24224
1516084243.66 0 34822 66616 25738
1516084243.77 0 37850 68130 27252
1516084243.87 0 39364 68000 25738
1516084243.97 0 37850 68000 24224
1516084244.07 0 39364 72672 22710
1516084244.17 0 42392 74186 22710
1516084244.27 1514 40878 77214 22710
1516084244.38 3028 42392 78728 22710
1516084244.48 9084 39364 80242 22710
1516084244.58 10598 40878 80242 22710
1516084244.68 10598 42392 80242 24224
1516084244.78 4542 39364 81756 22710
1516084244.89 0 31794 75700 31794
1516084244.99 0 34822 77214 28766
1516084245.09 0 34822 80242 28766
1516084245.19 0 36336 81756 25738
1516084245.29 0 34822 86298 25738
1516084245.39 0 39364 89326 25738
1516084245.49 0 37850 87812 22710
1516084245.59 1514 40878 87812 25738
1516084245.69 4542 39364 90840 24224
1516084245.79 9084 37850 92354 22710
1516084245.89 15140 39364 93868 24224
1516084245.99 15140 37850 93868 24224
1516084246.09 13626 37850 98410 22710
1516084246.19 0 40878 98410 25738
1516084246.29 0 21196 86298 36336
1516084246.39 0 33308 93868 30280
1516084246.49 0 31794 96896 30280
1516084246.59 0 28766 95382 33308
1516084246.69 0 30280 96896 31794
1516084246.79 0 31794 99924 31794
1516084246.89 0 33308 104508 28766
1516084246.99 0 36336 109050 27252
1516084247.09 0 39364 112078 24224
1516084247.19 3028 37850 112078 24224
1516084247.29 6056 39364 116578 24266
1516084247.39 13626 37850 119606 25738
1516084247.5 16654 37850 122634 24224
1516084247.59 9084 37850 125662 24224
1516084247.69 0 27252 119606 33308
1516084247.79 0 30280 124148 33308
1516084247.9 0 33308 133232 31794
1516084248.0 0 30280 136260 30280
1516084248.1 0 31794 142316 31794
1516084248.19 0 31794 148372 27252
1516084248.29 0 34822 154428 28766
1516084248.4 0 37850 158970 28766
1516084248.5 0 37850 166540 24224
1516084248.6 1514 37850 172596 24224
1516084248.69 6056 37850 175624 24224
1516084248.79 13626 36336 183194 24224
1516084248.89 18168 39364 184708 25738
1516084249.0 19682 37850 192278 24224
1516084249.1 10598 37850 201362 24224
1516084249.19 0 28766 196820 33308
1516084249.29 0 24224 201362 36336
1516084249.4 0 31794 213474 33308
1516084249.5 0 30280 222558 31794
1516084249.6 0 30280 228614 33308
1516084249.7 0 28766 237698 31794
1516084249.8 0 31794 241000 33308
1516084249.9 0 28766 255866 31794
1516084250.0 0 33308 266464 31794
1516084250.1 0 31794 275548 28766
1516084250.2 0 34822 283118 27252
1516084250.3 0 36336 290688 28766
1516084250.4 0 37850 301286 24224
1516084250.5 3028 37850 305828 25738
1516084250.6 9084 37850 309000 24224
1516084250.7 15140 37850 320968 25738
1516084250.8 19682 37850 334594 24224
1516084250.9 21196 37850 339136 25738
1516084251.0 0 37850 349734 24224
1516084251.1 0 16654 340650 45420
1516084251.2 0 28766 363360 31794
1516084251.3 0 27252 373958 34822
1516084251.4 0 30280 375472 33308
1516084251.5 0 30280 376986 33308
1516084251.6 0 30280 376986 30280
1516084251.7 0 30280 378500 33308
1516084251.8 0 31794 375472 31794
1516084251.9 0 31794 376986 27252
1516084252.01 0 37850 375514 31794
1516084252.11 0 36336 375514 27252
1516084252.2 0 36336 375514 22710
1516084252.31 3028 37850 377028 25738
1516084252.41 7570 40878 375514 27252
1516084252.51 15140 36336 375514 24224
1516084252.6 19682 34822 377028 22710
1516084252.7 13626 37850 375514 25738
1516084252.81 0 36336 377028 24224
1516084252.9 0 24224 355832 39364
1516084253.0 0 25738 345276 36336
1516084253.1 0 30280 337706 33308
1516084253.21 0 30280 330136 30280
1516084253.3 0 30280 321010 33350
1516084253.41 0 30280 310412 33308
1516084253.51 0 31794 302842 30280
1516084253.61 0 31794 305870 30280
1516084253.7 0 33308 316468 28766
1516084253.81 0 36336 339178 25738
1516084253.91 0 39364 351290 25738
1516084254.01 4542 37850 364916 25738
1516084254.11 7570 36336 375514 24224
1516084254.21 15140 37850 376986 25780
1516084254.31 22710 37850 376986 24224
1516084254.41 19682 37850 375472 25738
1516084254.51 6056 37850 376986 24224
1516084254.61 0 27252 369416 33308
1516084254.71 0 27252 363360 36336
1516084254.81 0 30280 372444 31794
1516084254.91 0 31794 370930 31794
1516084255.01 0 28766 370930 31794
1516084255.11 0 30280 369416 31794
1516084255.21 0 33308 370930 31794
1516084255.31 0 36336 373958 28766
1516084255.41 0 37850 376986 24224
1516084255.51 1514 37850 376986 24224
1516084255.61 7570 37850 373958 25738
1516084255.72 13626 39364 364874 27252
1516084255.81 19682 34822 358818 22710
1516084255.91 7570 37850 349734 25738
1516084256.01 0 27252 334594 33308
1516084256.12 0 28766 322482 36336
1516084256.22 0 31794 314912 33308
1516084256.32 0 31794 307342 30280
1516084256.42 0 28766 296744 33308
1516084256.53 0 34822 287660 33308
1516084256.63 0 33308 280090 28766
1516084256.73 0 36336 274034 27252
1516084256.82 0 33308 267978 22710
1516084256.91 1514 36336 260408 24224
1516084257.01 6056 37850 257380 25738
1516084257.11 12112 37850 257380 25738
1516084257.21 15140 37850 257380 24224
1516084257.31 19682 37850 258894 24224
1516084257.41 9084 36336 257380 25738
1516084257.51 0 31794 254352 28766
1516084257.61 0 24224 245268 37850
1516084257.71 0 31794 251324 31794
1516084257.81 0 31794 251324 31794
1516084257.91 0 28766 251324 31794
1516084258.01 0 30280 254352 31794
1516084258.11 0 31794 252838 33308
1516084258.21 0 31794 254352 30280
1516084258.32 0 33308 255866 30280
1516084258.42 0 31794 258894 27252
1516084258.52 0 37850 263436 27252
1516084258.61 1514 37850 266464 24224
1516084258.71 7570 37850 269492 25738
1516084258.81 19682 37850 269492 24224
1516084258.91 31794 36336 271006 25738
1516084259.01 19682 37850 272520 24224
1516084259.12 6056 37850 277062 25738
1516084259.22 0 18168 254352 46934
1516084259.32 0 28766 274034 30280
1516084259.42 0 30280 275548 33308
1516084259.52 0 30280 280090 31794
1516084259.62 0 30280 278576 33308
1516084259.72 0 31794 278576 33308
1516084259.82 0 30280 283118 33308
1516084259.92 0 30280 284632 28766
1516084260.03 0 34822 287660 34822
1516084260.13 0 34822 289174 31794
1516084260.22 0 28766 292202 25738
1516084260.32 0 37850 295230 24224
1516084260.42 0 39364 301286 25738
1516084260.53 1514 36336 298258 24224
1516084260.62 6056 37850 299772 25738
1516084260.72 12112 36336 304314 24224
1516084260.82 19682 37850 302800 25738
1516084260.92 24224 37850 302800 24224
1516084261.02 12112 37850 302800 25738
1516084261.12 0 31794 301286 28766
1516084261.22 0 21196 287660 42392
1516084261.32 0 30280 299772 33308
1516084261.42 0 27252 298258 33308
1516084261.52 0 30280 301286 33308
1516084261.62 0 30280 301286 31794
1516084261.72 0 30280 304314 33308
1516084261.83 0 31794 301286 31794
1516084261.93 0 30280 307342 30280
1516084262.03 0 33308 305828 30280
1516084262.12 0 33308 307342 28766
1516084262.23 0 36336 313398 25738
1516084262.33 0 39364 314912 25738
1516084262.42 4542 36336 314912 24224
1516084262.53 10598 39364 314912 25738
1516084262.63 22710 36336 313398 25738
1516084262.73 28766 37850 309000 24224
1516084262.83 0 37850 313398 25738
1516084262.93 0 15140 293716 43906
1516084263.03 0 30280 307342 33308
1516084263.13 0 30280 307342 33308
1516084263.23 0 30280 307342 31794
1516084263.33 0 30280 310370 30280
1516084263.43 0 30280 308856 33308
1516084263.53 0 31794 308856 30280
1516084263.63 0 31794 311884 31794
1516084263.73 0 36336 311884 30280
1516084263.83 0 34822 313398 25738
1516084263.93 0 37850 319454 25738
1516084264.03 1514 39364 317940 25738
1516084264.13 4542 37850 314912 25738
1516084264.24 12112 37850 309000 25738
1516084264.35 15140 40878 309000 27252
1516084264.43 19682 31794 317940 21196
1516084264.53 9084 39364 309000 25738
1516084264.64 0 30280 311884 33308
1516084264.73 0 18168 302800 39364
1516084264.83 0 30280 313398 33308
1516084264.93 0 28766 310370 33308
1516084265.03 0 28766 308856 33308
1516084265.13 0 31794 311884 33308
1516084265.23 0 30280 311884 31794
1516084265.33 0 30280 317940 30280
1516084265.43 0 34822 317940 28766
1516084265.53 0 34822 323996 27252
1516084265.63 0 37850 325510 25738
1516084265.73 0 39364 325510 25738
1516084265.84 4542 37850 327024 25738
1516084265.93 10598 36336 328538 24224
1516084266.04 16654 37850 327024 25738
1516084266.14 22710 37850 330052 24224
1516084266.23 19682 37850 327024 25738
1516084266.33 0 34822 333080 24224
1516084266.43 0 16654 311884 45420
1516084266.54 0 30280 330052 31794
1516084266.64 0 30280 330052 34822
1516084266.74 0 30280 336108 30280
1516084266.84 0 31794 336108 31794
1516084266.94 0 30280 336108 30280
1516084267.03 0 34822 343678 30280
1516084267.14 0 34822 345192 25738
1516084267.24 0 37850 349734 27252
1516084267.34 1514 37850 352762 24224
1516084267.44 4542 37850 354276 25738
1516084267.54 9084 37850 360332 25738
1516084267.64 15140 36336 360332 24224
1516084267.74 9084 39364 363360 25738
1516084267.84 0 30280 361846 28766
1516084267.94 0 31794 363360 31794
1516084268.04 0 25738 363360 37850
1516084268.15 0 30280 372444 34822
1516084268.25 0 33308 376986 31794
1516084268.35 0 34822 376986 28766
1516084268.45 0 34822 375472 25738
1516084268.54 0 36336 376986 25738
1516084268.64 1514 36336 375472 24224
1516084268.74 6056 37850 375472 24224
1516084268.84 12112 36336 375472 25738
1516084268.94 16654 39364 378500 24224
1516084269.04 22710 36336 376986 25738
1516084269.14 12112 37850 376986 24224
1516084269.24 0 28766 372444 33308
1516084269.34 0 24224 372444 36336
1516084269.44 0 30280 376986 33308
1516084269.54 0 28766 375472 34822
1516084269.64 0 30280 376986 31794
1516084269.74 0 30280 375472 33308
1516084269.84 0 30280 366388 30280
1516084269.94 0 31794 357304 33308
1516084270.04 0 30280 346706 31794
1516084270.14 0 33308 339136 30280
1516084270.24 0 34822 333080 25738
1516084270.34 0 37850 327024 27252
1516084270.45 1514 37850 317940 25738
1516084270.54 4542 37850 311884 24224
1516084270.64 10598 36336 304314 24224
1516084270.74 15140 39364 296744 25738
1516084270.84 12112 36336 290688 24224
1516084270.94 0 28766 289174 31794
1516084271.04 0 19682 283118 43906
1516084271.14 0 31794 301286 31794
1516084271.25 0 28766 301286 33308
1516084271.34 0 31794 304314 30280
1516084271.45 0 33308 305828 30280
1516084271.55 0 34822 307342 28766
1516084271.65 0 39364 307342 27252
1516084271.75 0 36336 310370 24224
1516084271.86 1514 40878 308856 27252
1516084271.96 6056 36336 310370 24224
1516084272.06 10598 39364 310370 25738
1516084272.16 15140 34822 308856 24224
1516084272.25 15140 37850 310370 24224
1516084272.35 7570 37850 308856 25738
1516084272.45 0 27252 304314 31794
1516084272.55 0 22710 295230 39364
1516084272.65 0 31794 308856 31794
1516084272.75 0 28766 304314 34822
1516084272.85 0 30280 307342 31794
1516084272.95 0 28766 310370 33308
1516084273.06 0 31794 319454 31794
1516084273.16 0 33308 323996 28766
1516084273.26 0 34822 323996 28766
1516084273.35 0 37850 333080 24224
1516084273.46 0 37850 336108 25738
1516084273.55 4542 37850 339136 24224
1516084273.66 10598 37850 345192 25738
1516084273.76 13626 37850 348220 24224
1516084273.86 19682 37850 349734 25738
1516084273.95 16654 36336 351248 24224
1516084274.05 0 31794 351248 30280
1516084274.16 0 21196 342164 40878
1516084274.26 0 31794 355790 31794
1516084274.36 0 27252 355790 34822
1516084274.46 0 27252 357304 34822
1516084274.56 0 31794 366388 31794
1516084274.66 0 28766 370930 33308
1516084274.76 0 31794 375472 31794
1516084274.86 0 31794 376986 28766
1516084274.96 0 36336 376986 28766
1516084275.06 3028 37850 376986 24224
1516084275.16 13626 36336 378500 25738
1516084275.26 22710 37850 378500 24224
1516084275.36 22710 37850 376986 25738
1516084275.46 0 36336 375472 25738
1516084275.56 0 16654 357304 46934
1516084275.66 0 30280 373958 31794
1516084275.76 0 30280 378500 31794
1516084275.86 0 30280 373958 33308
1516084275.96 0 30280 378500 30280
1516084276.06 0 30280 376986 34822
1516084276.17 0 31794 376986 31794
1516084276.27 0 33308 369416 31794
1516084276.36 0 34822 363360 27252
1516084276.46 0 34822 355790 25738
1516084276.57 0 40878 349734 27252
1516084276.67 3028 36336 342164 24224
1516084276.76 6056 36336 336108 24224
1516084276.86 13626 37850 327024 25738
1516084276.96 16654 37850 320968 24224
1516084277.06 16654 37850 311884 25738
1516084277.16 7570 36336 305828 24224
1516084277.26 0 24224 284632 37850
1516084277.37 0 28766 277062 34822
1516084277.47 0 28766 261154 31794
1516084277.57 0 27252 224818 37850
1516084277.67 0 30280 197566 31794
1516084277.77 0 30280 164258 33308
1516084277.87 0 28766 132464 31794
1516084277.97 0 33308 102184 30280
1516084278.07 0 33308 73418 28766
1516084278.17 0 36336 44652 28766
1516084278.27 0 36336 20428 24224
1516084278.37 0 37850 0 20428
1516084278.47 0 42392 0 0
1516084278.57 0 42392 0 66
1516084278.67 0 45420 0 0
1516084278.77 0 49962 0 0
1516084278.87 0 48448 0 0
1516084278.97 0 51476 0 0
1516084279.07 0 57532 0 0
1516084279.17 0 62074 0 0
1516084279.27 0 62074 0 0
1516084279.37 0 63588 0 0
1516084279.47 0 40878 0 0
1516084279.57 0 36336 0 0
1516084279.67 0 51476 0 0
1516084279.77 0 49962 0 0
1516084279.87 0 52990 0 0
1516084279.98 0 52990 0 0
1516084280.08 0 48448 0 0
1516084280.18 0 57532 0 0
1516084280.27 0 54504 0 0
1516084280.37 0 62074 0 0
1516084280.48 0 65102 0 0
1516084280.58 0 62074 0 0
1516084280.68 0 63588 0 0
1516084280.78 0 60560 0 0
1516084280.88 0 65102 0 0
1516084280.98 0 59046 0 0
1516084281.08 0 62074 0 42
1516084281.18 0 54504 0 0
1516084281.28 0 57532 0 0
1516084281.38 0 59046 0 0
1516084281.48 0 57532 0 0
1516084281.58 0 59046 0 0
1516084281.68 0 57532 0 0
1516084281.78 0 57532 0 0
1516084281.88 0 56018 0 0
1516084281.98 0 57532 0 0
1516084282.08 0 59046 0 0
1516084282.18 0 54504 0 0
1516084282.28 0 57532 0 0
1516084282.38 0 59046 0 0
1516084282.48 0 56018 0 0
1516084282.58 0 59046 0 0
1516084282.68 0 57532 0 0
1516084282.78 0 56018 0 0
1516084282.88 0 59046 0 0
1516084282.98 0 59046 0 0
1516084283.08 0 57532 0 0
1516084283.18 0 57532 0 0
1516084283.28 0 57532 0 0
1516084283.38 0 57532 0 0
1516084283.48 0 57532 0 0
1516084283.58 0 60560 0 0
1516084283.68 0 57532 0 0
1516084283.78 0 57532 0 0
1516084283.88 0 57532 0 0
1516084283.98 0 57532 0 0
1516084284.08 0 59046 0 0
1516084284.19 0 57532 0 0
1516084284.29 0 60560 0 0
1516084284.38 0 54504 0 0
1516084284.49 0 60560 0 0
1516084284.59 0 57532 0 0
1516084284.69 0 57532 0 0
1516084284.79 0 57532 0 0
1516084284.89 0 60560 0 0
1516084284.99 0 59046 0 0
1516084285.09 0 57532 0 0
1516084285.2 0 60560 0 0
1516084285.3 0 56018 0 0
1516084285.4 0 56018 0 0
1516084285.49 0 57532 0 0
1516084285.6 0 59046 0 0
1516084285.69 0 57532 0 0
1516084285.79 0 56018 0 0
1516084285.89 0 57532 0 0
1516084286.0 0 60560 0 0
1516084286.09 0 54504 0 0
1516084286.2 0 59046 0 0
1516084286.3 0 59046 0 0
1516084286.4 0 57532 0 0
1516084286.5 0 57532 0 0
1516084286.6 0 57532 0 0
1516084286.7 0 59046 0 0
1516084286.8 0 59046 0 0
1516084286.9 0 57532 0 0
1516084287.0 0 57532 0 0
1516084287.1 0 59046 0 0
1516084287.2 0 59046 0 0
1516084287.3 0 57532 0 0
1516084287.4 0 57532 0 0
1516084287.5 0 59046 0 0
1516084287.6 0 57532 0 0
1516084287.7 0 57532 0 0
1516084287.8 0 56018 0 0
1516084287.9 0 57532 0 0
1516084288.0 0 59046 0 0
1516084288.1 0 56018 0 0
1516084288.2 0 59046 0 0
1516084288.3 0 57532 0 0
1516084288.4 0 57532 0 0
1516084288.5 0 59046 0 0
1516084288.6 0 57532 0 0
1516084288.71 0 62074 0 0
1516084288.8 0 56018 0 0
1516084288.9 0 59046 0 0
1516084289.0 0 57532 0 0
1516084289.1 0 57532 0 0
1516084289.2 0 60560 0 0
1516084289.31 0 62074 0 0
1516084289.41 0 59046 0 0
1516084289.51 0 57532 0 0
1516084289.62 0 62074 0 0
1516084289.72 0 56018 0 0
1516084289.82 0 62074 0 0
1516084289.94 0 68130 0 0
1516084290.02 0 48448 0 0
1516084290.12 0 59046 0 0
1516084290.24 0 68130 0 0
1516084290.32 0 48448 0 0
1516084290.43 0 59046 0 0
1516084290.52 0 56018 0 0
1516084290.63 0 60560 0 0
1516084290.72 0 56018 0 0
1516084290.82 0 59046 0 0
1516084290.93 0 62074 0 0
1516084291.03 0 54504 0 0
1516084291.13 0 59046 0 0
1516084291.23 0 59046 0 0
1516084291.33 0 54504 0 0
1516084291.43 0 59046 0 0
1516084291.53 0 57532 0 0
1516084291.63 0 56018 0 0
1516084291.73 0 57532 0 0
1516084291.83 0 59046 0 0
1516084291.93 0 56018 0 0
1516084292.03 0 60560 0 0
1516084292.13 0 57532 0 0
1516084292.23 0 57532 0 0
1516084292.33 0 59046 0 0
1516084292.43 0 57532 0 0
1516084292.53 0 57532 0 0
1516084292.63 0 56018 0 0
1516084292.73 0 56018 0 0
1516084292.83 0 60560 0 0
1516084292.93 0 56018 0 0
1516084293.03 0 56018 0 0
1516084293.13 0 63588 0 0
1516084293.24 1514 57532 0 0
1516084293.34 0 60560 0 0
1516084293.44 0 54504 0 0
1516084293.54 0 62074 0 0
1516084293.64 0 54504 0 0
1516084293.74 0 56018 0 0
1516084293.84 0 59046 0 0
1516084293.94 0 57532 0 0
1516084294.04 0 60560 0 0
1516084294.14 0 56018 0 0
1516084294.24 0 60560 0 0
1516084294.34 0 54504 0 0
1516084294.44 0 57532 0 0
1516084294.54 0 62074 0 0
1516084294.64 0 56018 0 0
1516084294.75 0 57532 0 0
1516084294.85 0 62074 0 0
1516084294.95 0 59046 0 42
1516084295.05 0 52990 0 0
1516084295.15 0 59046 0 0
1516084295.25 0 57532 0 0
1516084295.35 0 57532 0 0
1516084295.45 0 59046 0 0
1516084295.55 0 57532 0 0
1516084295.65 0 57532 0 0
1516084295.75 0 57532 0 0
1516084295.85 0 59046 0 0
1516084295.95 0 57532 0 0
1516084296.05 0 59046 0 0
1516084296.15 0 59046 0 0
1516084296.25 0 56018 0 0
1516084296.35 0 59046 0 0
1516084296.45 0 57532 0 0
1516084296.55 0 57532 0 0
1516084296.65 0 59046 0 0
1516084296.75 0 59046 0 0
1516084296.85 0 59046 0 0
1516084296.95 0 57532 0 0
1516084297.05 0 56018 0 0
1516084297.15 0 59046 0 0
1516084297.25 0 59046 0 0
1516084297.35 0 59046 0 0
1516084297.45 0 57532 0 0
1516084297.55 0 57532 0 0
1516084297.65 0 59046 0 0
1516084297.75 0 59046 0 0
1516084297.85 0 57532 0 0
1516084297.96 0 59046 0 0
1516084298.06 0 60560 0 0
1516084298.16 0 56018 0 0
1516084298.26 0 59046 0 0
1516084298.36 0 60560 0 0
1516084298.47 0 59046 0 0
1516084298.56 0 57532 0 0
1516084298.67 0 62074 0 0
1516084298.77 0 57532 0 0
1516084298.87 0 59046 0 0
1516084298.97 0 60560 0 0
1516084299.07 0 59046 0 0
1516084299.17 0 54504 0 0
1516084299.27 0 59046 0 0
1516084299.37 0 59046 0 0
1516084299.47 0 56018 0 0
1516084299.57 0 59046 0 0
1516084299.67 0 59046 0 0
1516084299.78 0 59046 0 0
1516084299.88 0 59046 0 0
1516084299.98 0 60560 0 0
1516084300.08 0 59046 0 0
1516084300.18 0 57532 0 0
1516084300.28 0 57532 0 0
1516084300.38 0 54504 0 0
1516084300.48 0 59046 0 0
1516084300.58 0 59046 0 0
1516084300.68 0 56018 0 0
1516084300.78 0 57532 0 0
1516084300.88 0 57532 0 0
1516084300.98 0 57532 0 0
1516084301.08 0 57532 0 0
1516084301.18 0 59046 0 0
1516084301.28 0 57532 0 0
1516084301.38 0 57532 0 0
1516084301.48 0 56018 0 0
1516084301.58 0 59046 0 0
1516084301.68 0 56018 0 0
1516084301.78 0 59046 0 0
1516084301.88 0 56018 0 0
1516084301.98 0 59046 0 0
1516084302.08 0 52990 0 0
1516084302.18 0 59046 0 0
1516084302.28 0 57532 0 0
1516084302.38 0 56018 0 0
1516084302.48 0 59046 0 0
1516084302.58 0 56018 0 0
1516084302.68 0 56018 0 0
1516084302.78 0 59046 0 0
1516084302.89 0 60560 0 0
1516084302.99 0 57532 0 0
1516084303.09 0 59046 0 0
1516084303.19 0 59046 0 0
1516084303.29 0 57532 0 0
1516084303.39 0 57532 0 0
1516084303.49 0 57532 0 0
1516084303.59 0 59046 0 0
1516084303.69 0 57532 0 0
1516084303.79 0 52990 0 0
1516084303.89 0 57532 0 0
1516084303.99 0 59046 0 0
1516084304.09 0 56018 0 0
1516084304.19 0 59046 0 0
1516084304.29 0 57532 0 0
1516084304.4 0 59046 0 0
1516084304.5 0 56018 0 0
1516084304.6 0 59046 0 0
1516084304.71 0 60560 0 0
1516084304.8 0 52990 0 0
1516084304.91 0 62074 0 0
1516084305.0 0 56018 0 0
1516084305.1 0 57532 0 0
1516084305.2 0 57532 0 0
1516084305.3 0 59046 0 0
1516084305.4 0 56018 0 0
1516084305.5 0 57532 0 0
1516084305.6 0 57532 0 0
1516084305.7 0 56018 0 0
1516084305.8 0 56018 0 0
1516084305.9 0 59046 0 0
1516084306.0 0 56018 0 0
1516084306.1 0 57532 0 0
1516084306.2 0 57532 0 0
1516084306.3 0 57532 0 0
1516084306.4 0 59046 0 0
1516084306.5 0 59046 0 0
1516084306.6 0 57532 0 0
1516084306.71 0 57532 0 0
1516084306.81 0 57532 0 0
1516084306.9 0 51476 0 0
1516084306.99 0 57532 0 0
1516084307.09 0 59046 0 0
1516084307.2 0 57532 0 0
1516084307.3 0 56018 0 0
1516084307.41 0 63588 0 0
1516084307.5 0 52990 0 0
1516084307.6 0 60560 0 0
1516084307.7 0 56018 0 0
1516084307.8 0 57532 0 0
1516084307.9 0 56018 0 0
1516084308.0 0 57532 0 0
1516084308.1 0 56018 0 0
1516084308.2 0 60560 0 0
1516084308.3 0 56018 0 0
1516084308.4 0 57532 0 0
1516084308.5 0 57532 0 0
1516084308.6 0 59046 0 0
1516084308.7 0 57532 0 0
1516084308.8 0 59046 0 0
1516084308.91 0 59046 0 0
1516084309.01 0 57532 0 0
1516084309.12 0 63588 0 0
1516084309.21 0 57532 0 0
1516084309.32 0 62074 0 0
1516084309.42 0 56018 0 0
1516084309.53 0 62074 0 0
1516084309.63 0 57532 0 0
1516084309.73 0 59046 0 0
1516084309.83 0 59046 0 0
1516084309.93 0 52990 0 0
1516084310.03 0 59046 0 0
1516084310.13 0 54504 0 0
1516084310.23 0 60560 0 0
1516084310.33 0 57532 0 0
1516084310.43 0 57532 0 0
1516084310.53 0 57532 0 0
1516084310.63 0 57532 0 0
1516084310.73 0 59046 0 0
1516084310.83 0 57532 0 0
1516084310.93 0 59046 0 0
1516084311.03 0 57532 0 0
1516084311.13 0 59046 0 0
1516084311.23 0 57532 0 0
1516084311.33 0 59046 0 0
1516084311.43 0 56018 0 0
1516084311.53 0 57532 0 0
1516084311.63 0 57532 0 0
1516084311.73 0 57532 0 0
1516084311.83 0 59046 0 0
1516084311.93 0 57532 0 0
1516084312.03 0 57532 0 0
1516084312.13 0 57532 0 0
1516084312.23 0 57532 0 0
1516084312.33 0 59046 0 0
1516084312.43 0 57532 0 0
1516084312.53 0 57532 0 0
1516084312.63 0 57532 0 0
1516084312.73 0 57532 0 0
1516084312.83 0 57532 0 0
1516084312.93 0 56018 0 0
1516084313.03 0 60560 0 0
1516084313.14 0 59046 0 0
1516084313.24 0 59046 0 0
1516084313.34 0 57532 0 0
1516084313.44 0 60560 0 0
1516084313.54 0 56018 0 0
1516084313.65 0 60560 0 0
1516084313.75 0 57532 0 0
1516084313.85 0 56018 0 0
1516084313.95 0 57532 0 0
1516084314.04 0 57532 0 0
1516084314.15 0 57532 0 0
1516084314.25 0 59046 0 0
1516084314.35 0 57532 0 0
1516084314.44 0 57532 0 0
1516084314.55 0 57532 0 0
1516084314.65 0 60560 0 0
1516084314.74 0 56018 0 0
1516084314.85 0 59046 0 0
1516084314.95 0 57532 0 0
1516084315.05 0 59046 0 0
1516084315.15 0 56018 0 0
1516084315.25 0 59046 0 0
1516084315.35 0 57532 0 0
1516084315.45 0 60560 0 0
1516084315.55 0 57532 0 0
1516084315.65 0 57532 0 0
1516084315.75 0 57532 0 0
1516084315.85 0 57532 0 0
1516084315.95 0 57532 0 0
1516084316.05 0 59046 0 0
1516084316.15 0 57532 0 0
1516084316.25 0 57532 0 0
1516084316.35 0 60560 0 0
1516084316.45 0 57532 0 0
1516084316.55 0 60560 0 0
1516084316.66 0 59046 0 0
1516084316.76 0 57532 0 0
1516084316.85 0 56018 0 0
1516084316.95 0 59046 0 0
1516084317.05 0 59046 0 0
1516084317.15 0 57532 0 0
1516084317.26 0 60560 0 0
1516084317.36 0 59046 0 0
1516084317.46 0 57532 0 0
1516084317.56 0 59046 0 0
1516084317.66 0 54504 0 0
1516084317.76 0 60560 0 0
1516084317.86 0 56018 0 0
1516084317.96 0 57532 0 0
1516084318.06 0 59046 0 0
1516084318.16 0 57532 0 0
1516084318.26 0 57532 0 0
1516084318.36 0 59046 0 0
1516084318.46 0 57532 0 0
1516084318.56 0 57532 0 0
1516084318.66 0 59046 0 0
1516084318.76 0 57532 0 0
1516084318.86 0 60560 0 0
1516084318.96 0 56018 0 0
1516084319.06 0 59046 0 0
1516084319.16 0 57532 0 0
1516084319.26 0 59046 0 0
1516084319.36 0 57532 0 0
1516084319.46 0 57532 0 0
1516084319.56 0 59046 0 0
1516084319.66 0 57532 0 0
1516084319.76 0 59046 0 0
1516084319.86 0 57532 0 0
1516084319.96 0 57532 0 0
1516084320.06 0 57532 0 0
1516084320.16 0 57532 0 0
1516084320.26 0 56018 0 0
1516084320.36 0 57532 0 0
1516084320.46 0 59046 0 0
1516084320.56 0 56018 0 0
1516084320.66 0 59046 0 0
1516084320.76 0 57532 0 0
1516084320.86 0 57532 0 0
1516084320.97 0 59046 0 0
1516084321.07 0 57532 0 0
1516084321.16 0 59046 0 0
1516084321.26 0 56018 0 0
1516084321.37 0 60560 0 0
1516084321.47 0 60560 0 0
1516084321.57 0 57532 0 0
1516084321.67 0 57532 0 0
1516084321.77 0 57532 0 0
1516084321.88 0 62074 0 0
1516084321.97 0 52990 0 0
1516084322.07 0 57532 0 0
1516084322.17 0 59046 0 0
1516084322.27 0 57532 0 0
1516084322.37 0 57532 0 0
1516084322.47 0 59046 0 0
1516084322.57 0 59046 0 0
1516084322.67 0 57532 0 0
1516084322.77 0 57532 0 0
1516084322.87 0 59046 0 0
1516084322.97 0 57532 0 0
1516084323.07 0 56018 0 0
1516084323.17 0 57532 0 0
1516084323.27 0 60560 0 0
1516084323.37 0 57532 0 0
1516084323.47 0 45420 0 0
1516084323.57 0 33308 0 0
1516084323.67 0 30280 0 0
1516084323.77 0 31794 0 0
1516084323.87 0 33308 0 0
1516084323.97 0 52990 0 0
1516084324.07 0 60560 0 0
1516084324.17 0 56018 0 0
1516084324.27 0 45420 0 0
1516084324.37 0 40878 0 0
1516084324.47 0 46934 0 0
1516084324.57 0 46934 0 42
1516084324.67 0 4542 0 0
1516084324.77 0 1514 0 0
1516084324.88 0 3028 0 0
1516084324.99 0 4542 0 0
1516084325.08 0 0 0 0
1516084325.18 0 3028 0 0
1516084325.28 0 3028 0 0
1516084325.38 0 1514 0 0
1516084325.48 0 3028 0 0
1516084325.58 0 0 0 0
1516084325.68 0 1514 0 0
1516084325.78 0 1514 0 0
1516084325.88 0 0 0 0
1516084325.98 0 0 0 0
1516084326.08 0 0 0 0
1516084326.18 0 1514 0 0
1516084326.28 0 0 0 0
1516084326.38 0 0 0 0
1516084326.48 0 1514 0 0
1516084326.58 0 0 0 0
1516084326.68 0 0 0 0
1516084326.78 0 0 0 0
1516084326.88 0 0 0 0
1516084326.98 0 0 0 0
1516084327.08 0 1514 0 0
1516084327.18 0 0 0 0
1516084327.28 0 0 0 0
1516084327.38 0 0 0 0
1516084327.48 0 0 0 0
1516084327.58 0 0 0 0
1516084327.68 0 0 0 0
1516084327.78 0 0 0 0
1516084327.88 0 0 0 0
1516084327.98 0 0 0 0
1516084328.08 0 0 0 0
1516084328.18 0 0 0 0
1516084328.3 0 0 0 0
1516084328.38 0 0 0 0
1516084328.49 0 0 0 0
1516084328.59 0 0 0 0
1516084328.69 0 0 0 0
1516084328.79 0 0 0 0
1516084328.89 0 0 0 0
1516084329.02 0 0 0 0
1516084329.13 0 0 0 0
1516084329.23 0 0 0 0
1516084329.33 0 0 0 0
1516084329.43 0 0 0 0
1516084329.53 0 0 0 0
1516084329.63 0 0 0 0
1516084329.73 0 0 0 0
1516084329.83 0 0 0 0
1516084329.93 0 0 0 0
1516084330.04 0 0 0 0
1516084330.18 0 0 0 0
1516084330.29 0 0 0 0
1516084330.39 0 0 0 0
1516084330.51 0 0 0 0
1516084330.64 0 0 0 0
1516084330.74 0 0 0 0
1516084330.84 0 0 0 0
1516084330.94 0 0 0 0
1516084331.04 0 0 0 0
1516084331.16 0 0 0 0
1516084331.29 0 0 0 0
1516084331.39 0 0 0 0
1516084331.49 0 0 0 0
1516084331.59 0 0 0 0
1516084331.71 0 0 0 0
1516084331.83 0 0 0 0
1516084331.93 0 0 0 0
1516084332.03 0 0 0 0
1516084332.12 0 0 0 0
1516084332.23 0 0 0 0
1516084332.33 0 0 0 0
1516084332.44 0 0 0 0
1516084332.53 0 0 0 0
1516084332.63 0 0 0 0
1516084332.73 0 0 0 0
1516084332.83 0 0 0 0
1516084332.93 0 0 0 0
1516084333.03 0 0 0 0
1516084333.13 0 0 0 0
1516084333.23 0 0 0 0
1516084333.33 0 0 0 0
1516084333.44 0 0 0 0
1516084333.56 0 0 0 0
1516084333.66 0 0 0 0
1516084333.76 0 0 0 0
1516084333.86 0 0 0 0
