1516083758.03 1 1 2500.0 2500.0 4500.0 3166.66666667
1516083758.12 1 1 2500.0 2500.0 4500.0 3611.11111111
1516083758.22 1 1 2500.0 2500.0 4500.0 3907.40740741
1516083758.35 1 1 2500.0 2500.0 4500.0 4104.9382716
1516083758.44 1 1 2500.0 2500.0 4500.0 4236.6255144
1516083758.55 1 1 2500.0 2500.0 4500.0 4324.4170096
1516083758.62 1 1 2500.0 2500.0 4500.0 4382.94467307
1516083758.72 1 1 2500.0 2500.0 4500.0 4421.96311538
1516083758.84 1 1 2500.0 2500.0 4500.0 4447.97541025
1516083758.92 1 1 2500.0 2500.0 4500.0 4465.31694017
1516083759.02 1 1 2500.0 2500.0 4500.0 4476.87796011
1516083759.12 1 1 2500.0 2500.0 4500.0 4484.58530674
1516083759.24 1 1 2500.0 2500.0 4500.0 4489.72353783
1516083759.32 1 1 2500.0 2500.0 4500.0 4493.14902522
1516083759.42 1 1 2500.0 2500.0 4500.0 4495.43268348
1516083759.53 1 1 2500.0 2500.0 4500.0 4496.95512232
1516083759.62 1 1 2500.0 2500.0 4500.0 4497.97008155
1516083759.73 1 1 2500.0 2500.0 4500.0 4498.64672103
1516083759.83 1 1 2500.0 2500.0 4500.0 4499.09781402
1516083759.93 1 1 2500.0 2500.0 4500.0 4499.39854268
1516083760.03 1 1 2500.0 2500.0 4500.0 4499.59902845
1516083760.14 1 1 2500.0 2500.0 4500.0 4499.73268564
1516083760.24 1 1 2500.0 2500.0 4500.0 4499.82179042
1516083760.35 1 1 2500.0 2500.0 4500.0 4499.88119362
1516083760.44 1 1 2500.0 2500.0 4500.0 4499.92079574
1516083760.55 1 1 2500.0 2500.0 4500.0 4499.94719716
1516083760.65 1 1 2500.0 2500.0 4500.0 4499.96479811
1516083760.74 1 1 2500.0 2500.0 4500.0 4499.97653207
1516083760.84 1 1 2500.0 2500.0 4500.0 4499.98435471
1516083760.94 1 1 2500.0 2500.0 4500.0 4499.98956981
1516083761.03 1 1 2500.0 2500.0 4500.0 4499.99304654
1516083761.13 1 1 2500.0 2500.0 4500.0 4499.99536436
1516083761.23 1 1 2500.0 2500.0 4500.0 4499.99690957
1516083761.33 1 1 2500.0 2500.0 4500.0 4499.99793972
1516083761.44 1 1 2500.0 2500.0 4500.0 4499.99862648
1516083761.53 1 1 2500.0 2500.0 4500.0 4499.99908432
1516083761.64 1 1 2500.0 2500.0 4500.0 4499.99938955
1516083761.74 1 1 2500.0 2500.0 4500.0 4499.99959303
1516083761.84 1 1 2500.0 2500.0 4500.0 4499.99972869
1516083761.94 1 1 2500.0 2500.0 4500.0 4499.99981912
1516083762.04 1 1 2500.0 2500.0 4500.0 4499.99987942
1516083762.14 1 1 2500.0 2500.0 4500.0 4499.99991961
1516083762.23 1 1 2500.0 2500.0 4500.0 4499.99994641
1516083762.34 1 1 2500.0 2500.0 4500.0 4499.99996427
1516083762.44 1 1 2500.0 2500.0 4500.0 4499.99997618
1516083762.54 1 1 2500.0 2500.0 4500.0 4499.99998412
1516083762.64 1 1 2500.0 2500.0 4500.0 4499.99998941
1516083762.73 1 1 2500.0 2500.0 4500.0 4499.99999294
1516083762.84 1 1 2500.0 2500.0 4500.0 4499.9999953
1516083762.94 1 1 2500.0 2500.0 4500.0 4499.99999686
1516083763.03 1 1 2500.0 2500.0 4500.0 4499.99999791
1516083763.13 1 1 2500.0 2500.0 4500.0 4499.99999861
1516083763.23 1 1 2500.0 2500.0 4500.0 4499.99999907
1516083763.33 1 1 2500.0 2500.0 4500.0 4499.99999938
1516083763.43 1 1 2500.0 2500.0 4500.0 4499.99999959
1516083763.54 1 1 2500.0 2500.0 4500.0 4499.99999972
1516083763.63 1 1 2500.0 2500.0 4500.0 4499.99999982
1516083763.73 1 1 2500.0 2500.0 4500.0 4499.99999988
1516083763.84 1 1 2500.0 2500.0 4500.0 4499.99999992
1516083763.93 1 1 2500.0 2500.0 4500.0 4499.99999995
1516083764.04 1 1 2500.0 2500.0 4500.0 4499.99999996
1516083764.14 1 1 2500.0 2500.0 4500.0 4499.99999998
1516083764.23 1 1 2500.0 2500.0 4500.0 4499.99999998
1516083764.33 1 1 2500.0 2500.0 4500.0 4499.99999999
1516083764.43 1 1 2500.0 2500.0 4500.0 4499.99999999
1516083764.54 1 1 2500.0 2500.0 4500.0 4500.0
1516083764.65 1 1 2500.0 2500.0 4500.0 4500.0
1516083764.74 1 1 2500.0 2500.0 4500.0 4500.0
1516083764.84 1 1 2500.0 2500.0 4500.0 4500.0
1516083765.02 1 1 2500.0 2500.0 4500.0 4500.0
1516083765.09 1 1 2500.0 2500.0 4500.0 4500.0
1516083765.19 1 1 2500.0 2500.0 4500.0 4500.0
1516083765.33 1 1 2500.0 2500.0 4500.0 4500.0
1516083765.4 1 1 2500.0 2500.0 4500.0 4500.0
1516083765.5 1 1 2500.0 2500.0 4500.0 4500.0
1516083765.6 1 1 2500.0 2500.0 4500.0 4500.0
1516083765.7 1 1 2500.0 2500.0 4500.0 4500.0
1516083765.8 1 1 2500.0 2500.0 4500.0 4500.0
1516083765.9 1 1 2500.0 2500.0 4500.0 4500.0
1516083766.0 1 1 2500.0 2500.0 4500.0 4500.0
1516083766.1 1 1 2500.0 2500.0 4500.0 4500.0
1516083766.21 1 1 2500.0 2500.0 4500.0 4500.0
1516083766.31 1 1 2500.0 2500.0 4500.0 4500.0
1516083766.42 1 1 2500.0 2500.0 4500.0 4500.0
1516083766.52 1 1 2500.0 2500.0 4500.0 4500.0
1516083766.62 1 1 2500.0 2500.0 4500.0 4500.0
1516083766.72 1 1 2500.0 2500.0 4500.0 4500.0
1516083766.82 1 1 2500.0 2500.0 4500.0 4500.0
1516083766.92 1 1 2500.0 2500.0 4500.0 4500.0
1516083767.01 1 1 2500.0 2500.0 4500.0 4500.0
1516083767.11 1 1 2500.0 2500.0 4500.0 4500.0
1516083767.28 1 1 2500.0 2500.0 4500.0 4500.0
1516083767.36 1 1 2500.0 2500.0 4500.0 4500.0
1516083767.46 1 1 2500.0 2500.0 4500.0 4500.0
1516083767.56 1 1 2500.0 2500.0 4500.0 4500.0
1516083767.66 1 1 2500.0 2500.0 4500.0 4500.0
1516083767.76 1 1 2500.0 2500.0 4500.0 4500.0
1516083767.91 1 1 2500.0 2500.0 4500.0 4500.0
1516083767.97 1 1 2500.0 2500.0 4500.0 4500.0
1516083768.14 1 1 2500.0 2500.0 4500.0 4500.0
1516083768.2 1 1 2500.0 2500.0 4500.0 4500.0
1516083768.31 1 1 2500.0 2500.0 4500.0 4500.0
1516083768.49 1 1 2500.0 2500.0 4500.0 4500.0
1516083768.57 1 1 2500.0 2500.0 4500.0 4500.0
1516083768.67 1 1 2500.0 2500.0 4500.0 4500.0
1516083768.77 1 1 2500.0 2500.0 4500.0 4500.0
1516083768.87 1 1 2500.0 2500.0 4500.0 4500.0
1516083768.97 1 1 2500.0 2500.0 4500.0 4500.0
1516083769.12 1 1 2500.0 2500.0 4500.0 4500.0
1516083769.19 1 1 2500.0 2500.0 4500.0 4500.0
1516083769.28 1 1 2500.0 2500.0 4500.0 4500.0
1516083769.39 1 1 2500.0 2500.0 4500.0 4500.0
1516083769.49 1 1 2500.0 2500.0 4500.0 4500.0
1516083769.59 1 1 2500.0 2500.0 4500.0 4500.0
1516083769.69 1 1 2500.0 2500.0 4500.0 4500.0
1516083769.78 1 1 2500.0 2500.0 4500.0 4500.0
1516083769.89 1 1 2500.0 2500.0 4500.0 4500.0
1516083769.99 1 1 2500.0 2500.0 4500.0 4500.0
1516083770.09 1 1 2500.0 2500.0 4500.0 4500.0
1516083770.18 1 1 2500.0 2500.0 4500.0 4500.0
1516083770.29 1 1 2500.0 2500.0 4500.0 4500.0
1516083770.38 1 1 2500.0 2500.0 4500.0 4500.0
1516083770.48 1 1 2500.0 2500.0 4500.0 4500.0
1516083770.58 1 1 2500.0 2500.0 4500.0 4500.0
1516083770.68 1 1 2500.0 2500.0 4500.0 4500.0
1516083770.78 1 1 2500.0 2500.0 4500.0 4500.0
1516083770.88 1 1 2500.0 2500.0 4500.0 4500.0
1516083770.99 1 1 2500.0 2500.0 4500.0 4500.0
1516083771.09 1 1 2500.0 2500.0 4500.0 4500.0
1516083771.18 1 1 2500.0 2500.0 4500.0 4500.0
1516083771.28 1 1 2500.0 2500.0 4500.0 4500.0
1516083771.38 1 1 2500.0 2500.0 4500.0 4500.0
1516083771.48 1 1 2500.0 2500.0 4500.0 4500.0
1516083771.59 1 1 2500.0 2500.0 4500.0 4500.0
1516083771.69 1 1 2500.0 2500.0 4500.0 4500.0
1516083771.79 1 1 2500.0 2500.0 4500.0 4500.0
1516083771.88 1 1 2500.0 2500.0 4500.0 4500.0
1516083771.98 1 1 2500.0 2500.0 4500.0 4500.0
1516083772.08 1 1 2500.0 2500.0 4500.0 4500.0
1516083772.18 1 1 2500.0 2500.0 4500.0 4500.0
1516083772.29 1 1 2500.0 2500.0 4500.0 4500.0
1516083772.38 1 1 2500.0 2500.0 4500.0 4500.0
1516083772.49 1 1 2500.0 2500.0 4500.0 4500.0
1516083772.58 1 1 2500.0 2500.0 4500.0 4500.0
1516083772.69 1 1 2500.0 2500.0 4500.0 4500.0
1516083772.81 1 1 2500.0 2500.0 4500.0 4500.0
1516083772.9 1 1 2500.0 2500.0 4500.0 4500.0
1516083772.99 1 1 2500.0 2500.0 4500.0 4500.0
1516083773.09 1 1 2500.0 2500.0 4500.0 4500.0
1516083773.2 1 1 2500.0 2500.0 4500.0 4500.0
1516083773.37 1 1 2500.0 2500.0 4500.0 4500.0
1516083773.44 1 1 2500.0 2500.0 4500.0 4500.0
1516083773.55 1 1 2500.0 2500.0 4500.0 4500.0
1516083773.65 1 1 2500.0 2500.0 4500.0 4500.0
1516083773.75 1 2 1666.66666667 2458.33333333 4500.0 4500.0
1516083773.86 1 2 1666.66666667 2418.75 4500.0 4500.0
1516083773.95 1 3 1250.0 2360.3125 4500.0 4500.0
1516083774.05 1 3 1250.0 2304.796875 4500.0 4500.0
1516083774.15 1 4 1000.0 2239.55703125 4500.0 4500.0
1516083774.25 1 4 1000.0 2177.57917969 4500.0 4500.0
1516083774.34 1 4 1000.0 2118.7002207 4500.0 4500.0
1516083774.45 1 4 1000.0 2062.76520967 4500.0 4500.0
1516083774.55 1 4 1000.0 2009.62694918 4500.0 4500.0
1516083774.66 1 4 1000.0 1959.14560173 4500.0 4500.0
1516083774.75 1 4 1000.0 1911.18832164 4500.0 4500.0
1516083774.86 1 4 1000.0 1865.62890556 4500.0 4500.0
1516083774.96 1 4 1000.0 1822.34746028 4500.0 4500.0
1516083775.05 1 4 1000.0 1781.23008727 4500.0 4500.0
1516083775.15 1 4 1000.0 1742.1685829 4500.0 4500.0
1516083775.25 1 4 1000.0 1705.06015376 4500.0 4500.0
1516083775.36 1 4 1000.0 1669.80714607 4500.0 4500.0
1516083775.45 1 4 1000.0 1636.31678877 4500.0 4500.0
1516083775.55 1 4 1000.0 1604.50094933 4500.0 4500.0
1516083775.65 1 4 1000.0 1574.27590186 4500.0 4500.0
1516083775.76 1 4 1000.0 1545.56210677 4500.0 4500.0
1516083775.86 1 4 1000.0 1518.28400143 4500.0 4500.0
1516083775.95 1 4 1000.0 1492.36980136 4500.0 4500.0
1516083776.05 1 4 1000.0 1467.75131129 4500.0 4500.0
1516083776.15 1 4 1000.0 1444.36374573 4500.0 4500.0
1516083776.26 1 4 1000.0 1422.14555844 4500.0 4500.0
1516083776.35 1 4 1000.0 1401.03828052 4500.0 4500.0
1516083776.46 1 4 1000.0 1380.98636649 4500.0 4500.0
1516083776.55 1 4 1000.0 1361.93704817 4500.0 4500.0
1516083776.66 1 3 1250.0 1356.34019576 4500.0 4500.0
1516083776.76 1 3 1250.0 1351.02318597 4500.0 4500.0
1516083776.85 1 3 1250.0 1345.97202667 4500.0 4500.0
1516083776.95 1 3 1250.0 1341.17342534 4500.0 4500.0
1516083777.06 1 3 1250.0 1336.61475407 4500.0 4500.0
1516083777.16 1 3 1250.0 1332.28401637 4500.0 4500.0
1516083777.25 1 3 1250.0 1328.16981555 4500.0 4500.0
1516083777.35 1 3 1250.0 1324.26132477 4500.0 4500.0
1516083777.45 1 3 1250.0 1320.54825853 4500.0 4500.0
1516083777.56 1 3 1250.0 1317.02084561 4500.0 4500.0
1516083777.66 1 2 1666.66666667 1334.50313666 4500.0 4500.0
1516083777.76 1 2 1666.66666667 1351.11131316 4500.0 4500.0
1516083777.86 1 2 1666.66666667 1366.88908084 4500.0 4500.0
1516083777.96 1 2 1666.66666667 1381.87796013 4500.0 4500.0
1516083778.09 1 2 1666.66666667 1396.11739545 4500.0 4500.0
1516083778.17 1 2 1666.66666667 1409.64485901 4500.0 4500.0
1516083778.27 1 2 1666.66666667 1422.4959494 4500.0 4500.0
1516083778.38 1 2 1666.66666667 1434.70448526 4500.0 4500.0
1516083778.47 1 2 1666.66666667 1446.30259433 4500.0 4500.0
1516083778.57 1 2 1666.66666667 1457.32079795 4500.0 4500.0
1516083778.68 1 1 2500.0 1509.45475805 4500.0 4500.0
1516083778.77 1 1 2500.0 1558.98202015 4500.0 4500.0
1516083778.87 1 1 2500.0 1606.03291914 4500.0 4500.0
1516083778.98 1 1 2500.0 1650.73127318 4500.0 4500.0
1516083779.08 1 1 2500.0 1693.19470952 4500.0 4500.0
1516083779.18 1 1 2500.0 1733.53497405 4500.0 4500.0
1516083779.28 1 1 2500.0 1771.85822535 4500.0 4500.0
1516083779.38 1 1 2500.0 1808.26531408 4500.0 4500.0
1516083779.48 1 1 2500.0 1842.85204837 4500.0 4500.0
1516083779.59 1 1 2500.0 1875.70944596 4500.0 4500.0
1516083779.68 1 1 2500.0 1906.92397366 4500.0 4500.0
1516083779.79 1 1 2500.0 1936.57777498 4500.0 4500.0
1516083779.89 1 1 2500.0 1964.74888623 4500.0 4500.0
1516083779.99 1 1 2500.0 1991.51144192 4500.0 4500.0
1516083780.09 1 1 2500.0 2016.93586982 4500.0 4500.0
1516083780.18 1 1 2500.0 2041.08907633 4500.0 4500.0
1516083780.29 1 1 2500.0 2064.03462251 4500.0 4500.0
1516083780.39 1 1 2500.0 2085.83289139 4500.0 4500.0
1516083780.49 1 1 2500.0 2106.54124682 4500.0 4500.0
1516083780.58 1 1 2500.0 2126.21418448 4500.0 4500.0
1516083780.69 1 1 2500.0 2144.90347525 4500.0 4500.0
1516083780.78 1 1 2500.0 2162.65830149 4500.0 4500.0
1516083780.88 1 1 2500.0 2179.52538642 4500.0 4500.0
1516083780.99 1 1 2500.0 2195.54911709 4500.0 4500.0
1516083781.08 1 1 2500.0 2210.77166124 4500.0 4500.0
1516083781.19 1 1 2500.0 2225.23307818 4500.0 4500.0
1516083781.29 1 1 2500.0 2238.97142427 4500.0 4500.0
1516083781.38 1 1 2500.0 2252.02285306 4500.0 4500.0
1516083781.48 1 1 2500.0 2264.4217104 4500.0 4500.0
1516083781.59 1 1 2500.0 2276.20062488 4500.0 4500.0
1516083781.69 1 1 2500.0 2287.39059364 4500.0 4500.0
1516083781.78 1 1 2500.0 2298.02106396 4500.0 4500.0
1516083781.88 1 1 2500.0 2308.12001076 4500.0 4500.0
1516083781.98 1 1 2500.0 2317.71401022 4500.0 4500.0
1516083782.14 1 1 2500.0 2326.82830971 4500.0 4500.0
1516083782.21 1 1 2500.0 2335.48689422 4500.0 4500.0
1516083782.3 1 1 2500.0 2343.71254951 4500.0 4500.0
1516083782.41 1 1 2500.0 2351.52692204 4500.0 4500.0
1516083782.5 1 1 2500.0 2358.95057594 4500.0 4500.0
1516083782.6 1 1 2500.0 2366.00304714 4500.0 4500.0
1516083782.7 1 1 2500.0 2372.70289478 4500.0 4500.0
1516083782.81 1 1 2500.0 2379.06775004 4500.0 4500.0
1516083782.91 1 1 2500.0 2385.11436254 4500.0 4500.0
1516083783.01 1 1 2500.0 2390.85864441 4500.0 4500.0
1516083783.1 1 1 2500.0 2396.31571219 4500.0 4500.0
1516083783.21 1 1 2500.0 2401.49992658 4500.0 4500.0
1516083783.31 1 1 2500.0 2406.42493025 4500.0 4500.0
1516083783.41 1 1 2500.0 2411.10368374 4500.0 4500.0
1516083783.51 1 1 2500.0 2415.54849955 4500.0 4500.0
1516083783.6 1 1 2500.0 2419.77107458 4500.0 4500.0
1516083783.71 1 1 2500.0 2423.78252085 4500.0 4500.0
1516083783.81 1 1 2500.0 2427.59339481 4500.0 4500.0
1516083783.91 1 1 2500.0 2431.21372507 4500.0 4500.0
1516083784.06 1 1 2500.0 2434.65303881 4500.0 4500.0
1516083784.13 1 1 2500.0 2437.92038687 4500.0 4500.0
1516083784.22 1 1 2500.0 2441.02436753 4500.0 4500.0
1516083784.32 1 1 2500.0 2443.97314915 4500.0 4500.0
1516083784.42 1 1 2500.0 2446.77449169 4500.0 4500.0
1516083784.52 1 1 2500.0 2449.43576711 4500.0 4500.0
1516083784.62 1 1 2500.0 2451.96397875 4500.0 4500.0
1516083784.73 1 1 2500.0 2454.36577982 4500.0 4500.0
1516083784.9 1 1 2500.0 2456.64749083 4500.0 4500.0
1516083784.97 1 1 2500.0 2458.81511628 4500.0 4500.0
1516083785.06 1 1 2500.0 2460.87436047 4500.0 4500.0
1516083785.16 1 1 2500.0 2462.83064245 4500.0 4500.0
1516083785.26 1 1 2500.0 2464.68911032 4500.0 4500.0
1516083785.36 1 1 2500.0 2466.45465481 4500.0 4500.0
1516083785.46 1 1 2500.0 2468.13192207 4500.0 4500.0
1516083785.57 1 1 2500.0 2469.72532596 4500.0 4500.0
1516083785.66 1 1 2500.0 2471.23905967 4500.0 4500.0
1516083785.77 1 1 2500.0 2472.67710668 4500.0 4500.0
1516083785.86 1 1 2500.0 2474.04325135 4500.0 4500.0
1516083785.97 1 1 2500.0 2475.34108878 4500.0 4500.0
1516083786.07 1 1 2500.0 2476.57403434 4500.0 4500.0
1516083786.17 1 1 2500.0 2477.74533262 4500.0 4500.0
1516083786.26 1 1 2500.0 2478.85806599 4500.0 4500.0
1516083786.36 1 1 2500.0 2479.91516269 4500.0 4500.0
1516083786.51 1 1 2500.0 2480.91940456 4500.0 4500.0
1516083786.58 1 1 2500.0 2481.87343433 4500.0 4500.0
1516083786.73 1 1 2500.0 2482.77976261 4500.0 4500.0
1516083786.8 1 1 2500.0 2483.64077448 4500.0 4500.0
1516083786.9 1 1 2500.0 2484.45873576 4500.0 4500.0
1516083787.0 1 1 2500.0 2485.23579897 4500.0 4500.0
1516083787.1 1 1 2500.0 2485.97400902 4500.0 4500.0
1516083787.2 1 1 2500.0 2486.67530857 4500.0 4500.0
1516083787.31 1 1 2500.0 2487.34154314 4500.0 4500.0
1516083787.41 1 1 2500.0 2487.97446599 4500.0 4500.0
1516083787.52 1 1 2500.0 2488.57574269 4500.0 4500.0
1516083787.62 1 1 2500.0 2489.14695555 4500.0 4500.0
1516083787.71 1 1 2500.0 2489.68960777 4500.0 4500.0
1516083787.81 1 1 2500.0 2490.20512739 4500.0 4500.0
1516083787.91 1 1 2500.0 2490.69487102 4500.0 4500.0
1516083788.01 1 1 2500.0 2491.16012747 4500.0 4500.0
1516083788.11 1 1 2500.0 2491.60212109 4500.0 4500.0
1516083788.26 1 1 2500.0 2492.02201504 4500.0 4500.0
1516083788.33 1 1 2500.0 2492.42091429 4500.0 4500.0
1516083788.42 1 1 2500.0 2492.79986857 4500.0 4500.0
1516083788.53 1 1 2500.0 2493.15987514 4500.0 4500.0
1516083788.7 1 1 2500.0 2493.50188139 4500.0 4500.0
1516083788.76 1 1 2500.0 2493.82678732 4500.0 4500.0
1516083788.91 1 1 2500.0 2494.13544795 4500.0 4500.0
1516083788.97 1 1 2500.0 2494.42867555 4500.0 4500.0
1516083789.08 1 1 2500.0 2494.70724178 4500.0 4500.0
1516083789.18 1 1 2500.0 2494.97187969 4500.0 4500.0
1516083789.27 1 1 2500.0 2495.2232857 4500.0 4500.0
1516083789.37 1 1 2500.0 2495.46212142 4500.0 4500.0
1516083789.47 1 1 2500.0 2495.68901535 4500.0 4500.0
1516083789.58 1 1 2500.0 2495.90456458 4500.0 4500.0
1516083789.74 1 1 2500.0 2496.10933635 4500.0 4500.0
1516083789.82 1 1 2500.0 2496.30386953 4500.0 4500.0
1516083789.91 1 1 2500.0 2496.48867606 4500.0 4500.0
1516083790.01 1 1 2500.0 2496.66424225 4500.0 4500.0
1516083790.11 1 1 2500.0 2496.83103014 4500.0 4500.0
1516083790.2 1 1 2500.0 2496.98947863 4500.0 4500.0
1516083790.31 1 1 2500.0 2497.1400047 4500.0 4500.0
1516083790.41 1 1 2500.0 2497.28300447 4500.0 4500.0
1516083790.51 1 1 2500.0 2497.41885424 4500.0 4500.0
1516083790.68 1 1 2500.0 2497.54791153 4500.0 4500.0
1516083790.76 1 1 2500.0 2497.67051595 4500.0 4500.0
1516083790.85 1 1 2500.0 2497.78699016 4500.0 4500.0
1516083790.95 1 1 2500.0 2497.89764065 4500.0 4500.0
1516083791.06 1 1 2500.0 2498.00275862 4500.0 4500.0
1516083791.15 1 1 2500.0 2498.10262069 4500.0 4500.0
1516083791.25 1 1 2500.0 2498.19748965 4500.0 4500.0
1516083791.35 1 1 2500.0 2498.28761517 4500.0 4500.0
1516083791.46 1 1 2500.0 2498.37323441 4500.0 4500.0
1516083791.55 1 1 2500.0 2498.45457269 4500.0 4500.0
1516083791.65 1 1 2500.0 2498.53184406 4500.0 4500.0
1516083791.76 1 1 2500.0 2498.60525185 4500.0 4500.0
1516083791.85 1 1 2500.0 2498.67498926 4500.0 4500.0
1516083791.95 1 1 2500.0 2498.7412398 4500.0 4500.0
1516083792.06 1 1 2500.0 2498.80417781 4500.0 4500.0
1516083792.21 1 1 2500.0 2498.86396892 4500.0 4500.0
1516083792.28 1 1 2500.0 2498.92077047 4500.0 4500.0
1516083792.38 1 1 2500.0 2498.97473195 4500.0 4500.0
1516083792.48 1 1 2500.0 2499.02599535 4500.0 4500.0
1516083792.58 1 1 2500.0 2499.07469558 4500.0 4500.0
1516083792.69 1 1 2500.0 2499.1209608 4500.0 4500.0
1516083792.78 1 1 2500.0 2499.16491276 4500.0 4500.0
1516083792.88 1 1 2500.0 2499.20666713 4500.0 4500.0
1516083793.05 1 1 2500.0 2499.24633377 4500.0 4500.0
1516083793.13 1 1 2500.0 2499.28401708 4500.0 4500.0
1516083793.23 1 1 2500.0 2499.31981623 4500.0 4500.0
1516083793.32 1 1 2500.0 2499.35382542 4500.0 4500.0
1516083793.51 1 1 2500.0 2499.38613414 4500.0 4500.0
1516083793.59 1 1 2500.0 2499.41682744 4500.0 4500.0
1516083793.68 1 1 2500.0 2499.44598607 4500.0 4500.0
1516083793.79 1 1 2500.0 2499.47368676 4500.0 4500.0
1516083793.89 1 1 2500.0 2499.50000242 4500.0 4500.0
1516083793.99 1 1 2500.0 2499.5250023 4500.0 4500.0
1516083794.08 1 1 2500.0 2499.54875219 4500.0 4500.0
1516083794.23 1 1 2500.0 2499.57131458 4500.0 4500.0
1516083794.3 1 1 2500.0 2499.59274885 4500.0 4500.0
1516083794.4 1 1 2500.0 2499.61311141 4500.0 4500.0
1516083794.5 1 1 2500.0 2499.63245584 4500.0 4500.0
1516083794.61 1 1 2500.0 2499.65083304 4500.0 4500.0
1516083794.7 1 1 2500.0 2499.66829139 4500.0 4500.0
1516083794.81 1 1 2500.0 2499.68487682 4500.0 4500.0
1516083794.9 1 1 2500.0 2499.70063298 4500.0 4500.0
1516083795.0 1 1 2500.0 2499.71560133 4500.0 4500.0
1516083795.12 1 1 2500.0 2499.72982127 4500.0 4500.0
1516083795.21 1 1 2500.0 2499.7433302 4500.0 4500.0
1516083795.32 1 1 2500.0 2499.75616369 4500.0 4500.0
1516083795.4 1 1 2500.0 2499.76835551 4500.0 4500.0
1516083795.49 1 1 2500.0 2499.77993773 4500.0 4500.0
1516083795.6 1 1 2500.0 2499.79094085 4500.0 4500.0
1516083795.7 1 1 2500.0 2499.8013938 4500.0 4500.0
1516083795.8 1 1 2500.0 2499.81132411 4500.0 4500.0
1516083795.9 1 1 2500.0 2499.82075791 4500.0 4500.0
1516083796.0 1 1 2500.0 2499.82972001 4500.0 4500.0
1516083796.1 1 1 2500.0 2499.83823401 4500.0 4500.0
1516083796.21 1 1 2500.0 2499.84632231 4500.0 4500.0
1516083796.3 1 1 2500.0 2499.8540062 4500.0 4500.0
1516083796.48 1 1 2500.0 2499.86130589 4500.0 4500.0
1516083796.54 1 1 2500.0 2499.86824059 4500.0 4500.0
1516083796.65 1 1 2500.0 2499.87482856 4500.0 4500.0
1516083796.74 1 1 2500.0 2499.88108713 4500.0 4500.0
1516083796.9 1 1 2500.0 2499.88703278 4500.0 4500.0
1516083796.97 1 1 2500.0 2499.89268114 4500.0 4500.0
1516083797.12 1 1 2500.0 2499.89804708 4500.0 4500.0
1516083797.19 1 1 2500.0 2499.90314473 4500.0 4500.0
1516083797.29 1 1 2500.0 2499.90798749 4500.0 4500.0
1516083797.38 1 1 2500.0 2499.91258812 4500.0 4500.0
1516083797.48 1 1 2500.0 2499.91695871 4500.0 4500.0
1516083797.58 1 1 2500.0 2499.92111078 4500.0 4500.0
1516083797.68 1 1 2500.0 2499.92505524 4500.0 4500.0
1516083797.79 1 1 2500.0 2499.92880247 4500.0 4500.0
1516083797.88 1 1 2500.0 2499.93236235 4500.0 4500.0
1516083797.98 1 1 2500.0 2499.93574423 4500.0 4500.0
1516083798.08 1 1 2500.0 2499.93895702 4500.0 4500.0
1516083798.18 1 1 2500.0 2499.94200917 4500.0 4500.0
1516083798.28 1 1 2500.0 2499.94490871 4500.0 4500.0
1516083798.38 1 1 2500.0 2499.94766328 4500.0 4500.0
1516083798.48 1 1 2500.0 2499.95028011 4500.0 4500.0
1516083798.59 1 1 2500.0 2499.95276611 4500.0 4500.0
1516083798.69 1 1 2500.0 2499.9551278 4500.0 4500.0
1516083798.79 1 1 2500.0 2499.95737141 4500.0 4500.0
1516083798.89 1 1 2500.0 2499.95950284 4500.0 4500.0
1516083799.05 1 1 2500.0 2499.9615277 4500.0 4500.0
1516083799.12 1 1 2500.0 2499.96345131 4500.0 4500.0
1516083799.3 1 1 2500.0 2499.96527875 4500.0 4500.0
1516083799.38 1 1 2500.0 2499.96701481 4500.0 4500.0
1516083799.48 1 1 2500.0 2499.96866407 4500.0 4500.0
1516083799.58 1 1 2500.0 2499.97023087 4500.0 4500.0
1516083799.67 1 1 2500.0 2499.97171932 4500.0 4500.0
1516083799.78 1 1 2500.0 2499.97313336 4500.0 4500.0
1516083799.87 1 1 2500.0 2499.97447669 4500.0 4500.0
1516083799.97 1 1 2500.0 2499.97575285 4500.0 4500.0
1516083800.14 1 1 2500.0 2499.97696521 4500.0 4500.0
1516083800.21 1 1 2500.0 2499.97811695 4500.0 4500.0
1516083800.32 1 1 2500.0 2499.9792111 4500.0 4500.0
1516083800.42 1 1 2500.0 2499.98025055 4500.0 4500.0
1516083800.51 1 1 2500.0 2499.98123802 4500.0 4500.0
1516083800.6 1 1 2500.0 2499.98217612 4500.0 4500.0
1516083800.72 1 1 2500.0 2499.98306731 4500.0 4500.0
1516083800.81 1 1 2500.0 2499.98391395 4500.0 4500.0
1516083800.9 1 1 2500.0 2499.98471825 4500.0 4500.0
1516083801.02 1 1 2500.0 2499.98548234 4500.0 4500.0
1516083801.12 1 1 2500.0 2499.98620822 4500.0 4500.0
1516083801.21 1 1 2500.0 2499.98689781 4500.0 4500.0
1516083801.31 1 1 2500.0 2499.98755292 4500.0 4500.0
1516083801.41 1 1 2500.0 2499.98817527 4500.0 4500.0
1516083801.51 1 1 2500.0 2499.98876651 4500.0 4500.0
1516083801.61 1 1 2500.0 2499.98932818 4500.0 4500.0
1516083801.7 1 1 2500.0 2499.98986178 4500.0 4500.0
1516083801.8 1 1 2500.0 2499.99036869 4500.0 4500.0
1516083801.91 1 1 2500.0 2499.99085025 4500.0 4500.0
1516083802.01 1 1 2500.0 2499.99130774 4500.0 4500.0
1516083802.11 1 1 2500.0 2499.99174235 4500.0 4500.0
1516083802.21 1 1 2500.0 2499.99215524 4500.0 4500.0
1516083802.31 1 1 2500.0 2499.99254747 4500.0 4500.0
1516083802.41 1 1 2500.0 2499.9929201 4500.0 4500.0
1516083802.51 1 1 2500.0 2499.99327409 4500.0 4500.0
1516083802.61 1 1 2500.0 2499.99361039 4500.0 4500.0
1516083802.71 1 1 2500.0 2499.99392987 4500.0 4500.0
1516083802.81 1 1 2500.0 2499.99423338 4500.0 4500.0
1516083802.91 1 1 2500.0 2499.99452171 4500.0 4500.0
1516083803.01 1 1 2500.0 2499.99479562 4500.0 4500.0
1516083803.11 1 1 2500.0 2499.99505584 4500.0 4500.0
1516083803.21 1 1 2500.0 2499.99530305 4500.0 4500.0
1516083803.31 1 1 2500.0 2499.9955379 4500.0 4500.0
1516083803.47 1 1 2500.0 2499.995761 4500.0 4500.0
1516083803.53 1 1 2500.0 2499.99597295 4500.0 4500.0
1516083803.63 1 1 2500.0 2499.9961743 4500.0 4500.0
1516083803.73 1 1 2500.0 2499.99636559 4500.0 4500.0
1516083803.83 1 1 2500.0 2499.99654731 4500.0 4500.0
1516083804.01 1 1 2500.0 2499.99671994 4500.0 4500.0
1516083804.07 1 1 2500.0 2499.99688395 4500.0 4500.0
1516083804.17 1 1 2500.0 2499.99703975 4500.0 4500.0
1516083804.27 1 1 2500.0 2499.99718776 4500.0 4500.0
1516083804.38 1 1 2500.0 2499.99732837 4500.0 4500.0
1516083804.48 1 1 2500.0 2499.99746196 4500.0 4500.0
1516083804.58 1 1 2500.0 2499.99758886 4500.0 4500.0
1516083804.67 1 1 2500.0 2499.99770941 4500.0 4500.0
1516083804.78 1 1 2500.0 2499.99782394 4500.0 4500.0
1516083804.88 1 1 2500.0 2499.99793275 4500.0 4500.0
1516083804.98 1 1 2500.0 2499.99803611 4500.0 4500.0
1516083805.08 1 1 2500.0 2499.9981343 4500.0 4500.0
1516083805.18 1 1 2500.0 2499.99822759 4500.0 4500.0
1516083805.28 1 1 2500.0 2499.99831621 4500.0 4500.0
1516083805.44 1 1 2500.0 2499.9984004 4500.0 4500.0
1516083805.51 1 1 2500.0 2499.99848038 4500.0 4500.0
1516083805.61 1 1 2500.0 2499.99855636 4500.0 4500.0
1516083805.71 1 1 2500.0 2499.99862854 4500.0 4500.0
1516083805.81 1 1 2500.0 2499.99869711 4500.0 4500.0
1516083805.91 1 1 2500.0 2499.99876226 4500.0 4500.0
1516083806.01 1 1 2500.0 2499.99882415 4500.0 4500.0
1516083806.11 1 1 2500.0 2499.99888294 4500.0 4500.0
1516083806.26 1 1 2500.0 2499.99893879 4500.0 4500.0
1516083806.33 1 1 2500.0 2499.99899185 4500.0 4500.0
1516083806.43 1 1 2500.0 2499.99904226 4500.0 4500.0
1516083806.53 1 1 2500.0 2499.99909015 4500.0 4500.0
1516083806.63 1 1 2500.0 2499.99913564 4500.0 4500.0
1516083806.73 1 1 2500.0 2499.99917886 4500.0 4500.0
1516083806.82 1 1 2500.0 2499.99921991 4500.0 4500.0
1516083806.97 1 1 2500.0 2499.99925892 4500.0 4500.0
1516083807.04 1 1 2500.0 2499.99929597 4500.0 4500.0
1516083807.14 1 1 2500.0 2499.99933117 4500.0 4500.0
1516083807.24 2 1 3333.33333333 2541.66603128 4500.0 4500.0
1516083807.34 3 1 3750.0 2602.08272972 4500.0 4500.0
1516083807.44 3 1 3750.0 2659.47859323 4500.0 4500.0
1516083807.54 3 1 3750.0 2714.00466357 4500.0 4500.0
1516083807.65 3 1 3750.0 2765.80443039 4500.0 4500.0
1516083807.74 3 1 3750.0 2815.01420887 4500.0 4500.0
1516083807.84 3 1 3750.0 2861.76349843 4500.0 4500.0
1516083807.94 3 1 3750.0 2906.17532351 4500.0 4500.0
1516083808.05 3 1 3750.0 2948.36655733 4500.0 4500.0
1516083808.15 3 1 3750.0 2988.44822947 4500.0 4500.0
1516083808.25 3 1 3750.0 3026.52581799 4500.0 4500.0
1516083808.35 3 1 3750.0 3062.69952709 4500.0 4500.0
1516083808.45 3 1 3750.0 3097.06455074 4500.0 4500.0
1516083808.55 3 1 3750.0 3129.7113232 4500.0 4500.0
1516083808.65 3 1 3750.0 3160.72575704 4500.0 4500.0
1516083808.75 3 1 3750.0 3190.18946919 4500.0 4500.0
1516083808.86 3 1 3750.0 3218.17999573 4500.0 4500.0
1516083808.96 3 1 3750.0 3244.77099594 4500.0 4500.0
1516083809.06 3 1 3750.0 3270.03244615 4500.0 4500.0
1516083809.16 3 1 3750.0 3294.03082384 4500.0 4500.0
1516083809.26 2 1 3333.33333333 3295.99594931 4500.0 4500.0
1516083809.36 2 1 3333.33333333 3297.86281851 4500.0 4500.0
1516083809.47 2 1 3333.33333333 3299.63634426 4500.0 4500.0
1516083809.57 2 1 3333.33333333 3301.32119371 4500.0 4500.0
1516083809.66 2 1 3333.33333333 3302.92180069 4500.0 4500.0
1516083809.77 2 1 3333.33333333 3304.44237732 4500.0 4500.0
1516083809.88 2 1 3333.33333333 3305.88692512 4500.0 4500.0
1516083809.96 2 1 3333.33333333 3307.25924553 4500.0 4500.0
1516083810.07 2 1 3333.33333333 3308.56294992 4500.0 4500.0
1516083810.17 2 1 3333.33333333 3309.80146909 4500.0 4500.0
1516083810.27 2 1 3333.33333333 3310.97806231 4500.0 4500.0
1516083810.37 2 1 3333.33333333 3312.09582586 4500.0 4500.0
1516083810.47 2 1 3333.33333333 3313.15770123 4500.0 4500.0
1516083810.57 2 1 3333.33333333 3314.16648284 4500.0 4500.0
1516083810.66 2 1 3333.33333333 3315.12482536 4500.0 4500.0
1516083810.77 2 1 3333.33333333 3316.03525076 4500.0 4500.0
1516083810.87 2 1 3333.33333333 3316.90015489 4500.0 4500.0
1516083810.97 2 1 3333.33333333 3317.72181381 4500.0 4500.0
1516083811.07 2 1 3333.33333333 3318.50238979 4500.0 4500.0
1516083811.16 2 1 3333.33333333 3319.24393696 4500.0 4500.0
1516083811.26 2 1 3333.33333333 3319.94840678 4500.0 4500.0
1516083811.37 2 1 3333.33333333 3320.61765311 4500.0 4500.0
1516083811.46 2 1 3333.33333333 3321.25343712 4500.0 4500.0
1516083811.57 2 1 3333.33333333 3321.85743193 4500.0 4500.0
1516083811.67 2 1 3333.33333333 3322.431227 4500.0 4500.0
1516083811.76 2 1 3333.33333333 3322.97633232 4500.0 4500.0
1516083811.87 2 1 3333.33333333 3323.49418237 4500.0 4500.0
1516083811.97 2 1 3333.33333333 3323.98613992 4500.0 4500.0
1516083812.07 2 1 3333.33333333 3324.45349959 4500.0 4500.0
1516083812.16 2 1 3333.33333333 3324.89749128 4500.0 4500.0
1516083812.27 2 1 3333.33333333 3325.31928338 4500.0 4500.0
1516083812.36 2 1 3333.33333333 3325.71998588 4500.0 4500.0
1516083812.47 2 1 3333.33333333 3326.10065325 4500.0 4500.0
1516083812.56 2 1 3333.33333333 3326.46228725 4500.0 4500.0
1516083812.67 2 1 3333.33333333 3326.80583956 4500.0 4500.0
1516083812.77 2 1 3333.33333333 3327.13221425 4500.0 4500.0
1516083812.87 2 1 3333.33333333 3327.4422702 4500.0 4500.0
1516083812.96 2 1 3333.33333333 3327.73682336 4500.0 4500.0
1516083813.07 2 1 3333.33333333 3328.01664886 4500.0 4500.0
1516083813.18 2 1 3333.33333333 3328.28248308 4500.0 4500.0
1516083813.27 2 1 3333.33333333 3328.53502559 4500.0 4500.0
1516083813.38 2 1 3333.33333333 3328.77494098 4500.0 4500.0
1516083813.47 2 1 3333.33333333 3329.0028606 4500.0 4500.0
1516083813.57 2 1 3333.33333333 3329.21938423 4500.0 4500.0
1516083813.68 2 1 3333.33333333 3329.42508169 4500.0 4500.0
1516083813.78 2 1 3333.33333333 3329.62049427 4500.0 4500.0
1516083813.88 2 1 3333.33333333 3329.80613622 4500.0 4500.0
1516083813.98 2 1 3333.33333333 3329.98249608 4500.0 4500.0
1516083814.08 2 1 3333.33333333 3330.15003794 4500.0 4500.0
1516083814.18 2 1 3333.33333333 3330.30920271 4500.0 4500.0
1516083814.28 2 1 3333.33333333 3330.46040924 4500.0 4500.0
1516083814.39 2 1 3333.33333333 3330.60405545 4500.0 4500.0
1516083814.48 2 1 3333.33333333 3330.74051934 4500.0 4500.0
1516083814.58 2 1 3333.33333333 3330.87016004 4500.0 4500.0
1516083814.68 2 1 3333.33333333 3330.99331871 4500.0 4500.0
1516083814.78 2 1 3333.33333333 3331.11031944 4500.0 4500.0
1516083814.88 2 1 3333.33333333 3331.22147013 4500.0 4500.0
1516083814.98 2 1 3333.33333333 3331.32706329 4500.0 4500.0
1516083815.09 2 1 3333.33333333 3331.42737679 4500.0 4500.0
1516083815.19 2 1 3333.33333333 3331.52267462 4500.0 4500.0
1516083815.29 2 1 3333.33333333 3331.61320756 4500.0 4500.0
1516083815.39 2 1 3333.33333333 3331.69921385 4500.0 4500.0
1516083815.48 2 1 3333.33333333 3331.78091982 4500.0 4500.0
1516083815.59 2 1 3333.33333333 3331.8585405 4500.0 4500.0
1516083815.68 2 1 3333.33333333 3331.93228014 4500.0 4500.0
1516083815.79 2 1 3333.33333333 3332.0023328 4500.0 4500.0
1516083815.88 2 1 3333.33333333 3332.06888282 4500.0 4500.0
1516083815.98 2 1 3333.33333333 3332.13210535 4500.0 4500.0
1516083816.08 2 1 3333.33333333 3332.19216675 4500.0 4500.0
1516083816.17 2 1 3333.33333333 3332.24922508 4500.0 4500.0
1516083816.28 2 1 3333.33333333 3332.30343049 4500.0 4500.0
1516083816.38 2 1 3333.33333333 3332.35492563 4500.0 4500.0
1516083816.48 2 1 3333.33333333 3332.40384602 4500.0 4500.0
1516083816.58 2 1 3333.33333333 3332.45032038 4500.0 4500.0
1516083816.68 2 1 3333.33333333 3332.49447103 4500.0 4500.0
1516083816.79 2 1 3333.33333333 3332.53641415 4500.0 4500.0
1516083816.88 2 1 3333.33333333 3332.57626011 4500.0 4500.0
1516083816.99 2 1 3333.33333333 3332.61411377 4500.0 4500.0
1516083817.09 2 1 3333.33333333 3332.65007475 4500.0 4500.0
1516083817.18 2 1 3333.33333333 3332.68423767 4500.0 4500.0
1516083817.29 2 1 3333.33333333 3332.71669246 4500.0 4500.0
1516083817.38 2 1 3333.33333333 3332.7475245 4500.0 4500.0
1516083817.48 2 1 3333.33333333 3332.77681494 4500.0 4500.0
1516083817.59 2 1 3333.33333333 3332.80464086 4500.0 4500.0
1516083817.68 2 1 3333.33333333 3332.83107549 4500.0 4500.0
1516083817.79 2 1 3333.33333333 3332.85618838 4500.0 4500.0
1516083817.89 2 1 3333.33333333 3332.88004563 4500.0 4500.0
1516083817.99 2 1 3333.33333333 3332.90271001 4500.0 4500.0
1516083818.09 2 1 3333.33333333 3332.92424118 4500.0 4500.0
1516083818.19 2 1 3333.33333333 3332.94469579 4500.0 4500.0
1516083818.3 2 1 3333.33333333 3332.96412766 4500.0 4500.0
1516083818.39 2 1 3333.33333333 3332.98258795 4500.0 4500.0
1516083818.5 2 1 3333.33333333 3333.00012522 4500.0 4500.0
1516083818.59 2 1 3333.33333333 3333.01678562 4500.0 4500.0
1516083818.69 2 1 3333.33333333 3333.03261301 4500.0 4500.0
1516083818.8 2 1 3333.33333333 3333.04764902 4500.0 4500.0
1516083818.9 2 1 3333.33333333 3333.06193324 4500.0 4500.0
1516083819.0 2 1 3333.33333333 3333.07550324 4500.0 4500.0
1516083819.09 2 1 3333.33333333 3333.08839475 4500.0 4500.0
1516083819.19 2 1 3333.33333333 3333.10064168 4500.0 4500.0
1516083819.29 2 1 3333.33333333 3333.11227626 4500.0 4500.0
1516083819.39 2 1 3333.33333333 3333.12332911 4500.0 4500.0
1516083819.49 2 1 3333.33333333 3333.13382932 4500.0 4500.0
1516083819.59 2 1 3333.33333333 3333.14380453 4500.0 4500.0
1516083819.68 2 1 3333.33333333 3333.15328097 4500.0 4500.0
1516083819.79 2 1 3333.33333333 3333.16228358 4500.0 4500.0
1516083819.89 2 1 3333.33333333 3333.17083607 4500.0 4500.0
1516083819.98 2 1 3333.33333333 3333.17896093 4500.0 4500.0
1516083820.09 2 1 3333.33333333 3333.18667955 4500.0 4500.0
1516083820.19 2 1 3333.33333333 3333.19401224 4500.0 4500.0
1516083820.29 2 1 3333.33333333 3333.2009783 4500.0 4500.0
1516083820.39 2 1 3333.33333333 3333.20759605 4500.0 4500.0
1516083820.49 2 1 3333.33333333 3333.21388291 4500.0 4500.0
1516083820.59 2 1 3333.33333333 3333.21985543 4500.0 4500.0
1516083820.69 2 1 3333.33333333 3333.22552933 4500.0 4500.0
1516083820.79 2 1 3333.33333333 3333.23091953 4500.0 4500.0
1516083820.89 2 1 3333.33333333 3333.23604022 4500.0 4500.0
1516083820.99 2 1 3333.33333333 3333.24090488 4500.0 4500.0
1516083821.1 2 1 3333.33333333 3333.2455263 4500.0 4500.0
1516083821.2 2 1 3333.33333333 3333.24991665 4500.0 4500.0
1516083821.29 2 1 3333.33333333 3333.25408748 4500.0 4500.0
1516083821.39 2 1 3333.33333333 3333.25804978 4500.0 4500.0
1516083821.49 2 1 3333.33333333 3333.26181395 4500.0 4500.0
1516083821.6 2 1 3333.33333333 3333.26538992 4500.0 4500.0
1516083821.7 2 1 3333.33333333 3333.26878709 4500.0 4500.0
1516083821.79 2 1 3333.33333333 3333.27201441 4500.0 4500.0
1516083821.89 2 1 3333.33333333 3333.27508035 4500.0 4500.0
1516083822.0 2 1 3333.33333333 3333.277993 4500.0 4500.0
1516083822.1 2 1 3333.33333333 3333.28076002 4500.0 4500.0
1516083822.2 2 1 3333.33333333 3333.28338868 4500.0 4500.0
1516083822.3 2 1 3333.33333333 3333.28588592 4500.0 4500.0
1516083822.4 2 1 3333.33333333 3333.28825829 4500.0 4500.0
1516083822.5 2 1 3333.33333333 3333.29051204 4500.0 4500.0
1516083822.6 2 1 3333.33333333 3333.2926531 4500.0 4500.0
1516083822.7 2 1 3333.33333333 3333.29468712 4500.0 4500.0
1516083822.8 2 1 3333.33333333 3333.29661943 4500.0 4500.0
1516083822.9 2 1 3333.33333333 3333.29845512 4500.0 4500.0
1516083823.0 2 1 3333.33333333 3333.30019903 4500.0 4500.0
1516083823.1 2 1 3333.33333333 3333.30185575 4500.0 4500.0
1516083823.2 2 1 3333.33333333 3333.30342963 4500.0 4500.0
1516083823.3 2 1 3333.33333333 3333.30492481 4500.0 4500.0
1516083823.4 2 1 3333.33333333 3333.30634524 4500.0 4500.0
1516083823.51 2 1 3333.33333333 3333.30769464 4500.0 4500.0
1516083823.6 2 1 3333.33333333 3333.30897658 4500.0 4500.0
1516083823.69 2 1 3333.33333333 3333.31019442 4500.0 4500.0
1516083823.8 2 1 3333.33333333 3333.31135136 4500.0 4500.0
1516083823.9 2 1 3333.33333333 3333.31245046 4500.0 4500.0
1516083824.0 2 1 3333.33333333 3333.3134946 4500.0 4500.0
1516083824.1 2 1 3333.33333333 3333.31448654 4500.0 4500.0
1516083824.2 2 1 3333.33333333 3333.31542888 4500.0 4500.0
1516083824.29 2 1 3333.33333333 3333.3163241 4500.0 4500.0
1516083824.4 2 1 3333.33333333 3333.31717456 4500.0 4500.0
1516083824.5 2 1 3333.33333333 3333.3179825 4500.0 4500.0
1516083824.6 2 1 3333.33333333 3333.31875004 4500.0 4500.0
1516083824.7 2 1 3333.33333333 3333.31947921 4500.0 4500.0
1516083824.8 2 1 3333.33333333 3333.32017191 4500.0 4500.0
1516083824.91 2 1 3333.33333333 3333.32082999 4500.0 4500.0
1516083825.0 2 1 3333.33333333 3333.32145515 4500.0 4500.0
1516083825.1 2 1 3333.33333333 3333.32204906 4500.0 4500.0
1516083825.2 2 1 3333.33333333 3333.32261328 4500.0 4500.0
1516083825.3 2 1 3333.33333333 3333.32314928 4500.0 4500.0
1516083825.4 2 1 3333.33333333 3333.32365848 4500.0 4500.0
1516083825.5 2 1 3333.33333333 3333.32414222 4500.0 4500.0
1516083825.6 2 1 3333.33333333 3333.32460178 4500.0 4500.0
1516083825.7 2 1 3333.33333333 3333.32503836 4500.0 4500.0
1516083825.81 2 1 3333.33333333 3333.32545311 4500.0 4500.0
1516083825.91 2 1 3333.33333333 3333.32584712 4500.0 4500.0
1516083826.01 2 1 3333.33333333 3333.32622143 4500.0 4500.0
1516083826.11 3 1 3750.0 3354.15991036 4500.0 4500.0
1516083826.21 3 1 3750.0 3373.95191484 4500.0 4500.0
1516083826.31 3 1 3750.0 3392.7543191 4500.0 4500.0
1516083826.41 3 1 3750.0 3410.61660314 4500.0 4500.0
1516083826.52 3 1 3750.0 3427.58577298 4500.0 4500.0
1516083826.61 3 1 3750.0 3443.70648434 4500.0 4500.0
1516083826.71 3 1 3750.0 3459.02116012 4500.0 4500.0
1516083826.82 3 1 3750.0 3473.57010211 4500.0 4500.0
1516083826.91 3 1 3750.0 3487.39159701 4500.0 4500.0
1516083827.01 3 1 3750.0 3500.52201716 4500.0 4500.0
1516083827.11 3 1 3750.0 3512.9959163 4500.0 4500.0
1516083827.21 3 1 3750.0 3524.84612048 4500.0 4500.0
1516083827.32 3 1 3750.0 3536.10381446 4500.0 4500.0
1516083827.42 3 1 3750.0 3546.79862374 4500.0 4500.0
1516083827.51 3 1 3750.0 3556.95869255 4500.0 4500.0
1516083827.62 3 1 3750.0 3566.61075792 4500.0 4500.0
1516083827.72 3 1 3750.0 3575.78022003 4500.0 4500.0
1516083827.82 3 1 3750.0 3584.49120903 4500.0 4500.0
1516083827.92 3 1 3750.0 3592.76664857 4500.0 4500.0
1516083828.01 3 1 3750.0 3600.62831615 4500.0 4500.0
1516083828.11 3 1 3750.0 3608.09690034 4500.0 4500.0
1516083828.22 3 1 3750.0 3615.19205532 4500.0 4500.0
1516083828.31 3 1 3750.0 3621.93245255 4500.0 4500.0
1516083828.41 3 1 3750.0 3628.33582993 4500.0 4500.0
1516083828.51 3 1 3750.0 3634.41903843 4500.0 4500.0
1516083828.61 3 1 3750.0 3640.19808651 4500.0 4500.0
1516083828.71 3 1 3750.0 3645.68818218 4500.0 4500.0
1516083828.81 3 1 3750.0 3650.90377307 4500.0 4500.0
1516083828.91 3 1 3750.0 3655.85858442 4500.0 4500.0
1516083829.01 3 1 3750.0 3660.5656552 4500.0 4500.0
1516083829.11 3 1 3750.0 3665.03737244 4500.0 4500.0
1516083829.21 3 1 3750.0 3669.28550382 4500.0 4500.0
1516083829.31 3 1 3750.0 3673.32122863 4500.0 4500.0
1516083829.41 3 1 3750.0 3677.1551672 4500.0 4500.0
1516083829.51 3 1 3750.0 3680.79740884 4500.0 4500.0
1516083829.61 3 1 3750.0 3684.25753839 4500.0 4500.0
1516083829.71 3 1 3750.0 3687.54466147 4500.0 4500.0
1516083829.81 3 1 3750.0 3690.6674284 4500.0 4500.0
1516083829.92 3 1 3750.0 3693.63405698 4500.0 4500.0
1516083830.02 3 1 3750.0 3696.45235413 4500.0 4500.0
1516083830.12 3 1 3750.0 3699.12973642 4500.0 4500.0
1516083830.22 3 1 3750.0 3701.6732496 4500.0 4500.0
1516083830.31 3 1 3750.0 3704.08958712 4500.0 4500.0
1516083830.42 3 1 3750.0 3706.38510777 4500.0 4500.0
1516083830.52 3 1 3750.0 3708.56585238 4500.0 4500.0
1516083830.62 3 1 3750.0 3710.63755976 4500.0 4500.0
1516083830.71 3 1 3750.0 3712.60568177 4500.0 4500.0
1516083830.82 3 1 3750.0 3714.47539768 4500.0 4500.0
1516083830.92 3 1 3750.0 3716.2516278 4500.0 4500.0
1516083831.02 3 1 3750.0 3717.93904641 4500.0 4500.0
1516083831.12 3 1 3750.0 3719.54209409 4500.0 4500.0
1516083831.22 3 1 3750.0 3721.06498938 4500.0 4500.0
1516083831.33 3 1 3750.0 3722.51173992 4500.0 4500.0
1516083831.42 3 1 3750.0 3723.88615292 4500.0 4500.0
1516083831.52 3 1 3750.0 3725.19184527 4500.0 4500.0
1516083831.62 3 1 3750.0 3726.43225301 4500.0 4500.0
1516083831.73 3 1 3750.0 3727.61064036 4500.0 4500.0
1516083831.83 3 1 3750.0 3728.73010834 4500.0 4500.0
1516083831.93 3 1 3750.0 3729.79360292 4500.0 4500.0
1516083832.02 3 1 3750.0 3730.80392278 4500.0 4500.0
1516083832.13 3 1 3750.0 3731.76372664 4500.0 4500.0
1516083832.22 3 1 3750.0 3732.67554031 4500.0 4500.0
1516083832.33 3 1 3750.0 3733.54176329 4500.0 4500.0
1516083832.42 3 1 3750.0 3734.36467513 4500.0 4500.0
1516083832.52 3 1 3750.0 3735.14644137 4500.0 4500.0
1516083832.62 3 1 3750.0 3735.8891193 4500.0 4500.0
1516083832.72 3 1 3750.0 3736.59466334 4500.0 4500.0
1516083832.82 3 1 3750.0 3737.26493017 4500.0 4500.0
1516083832.92 3 1 3750.0 3737.90168366 4500.0 4500.0
1516083833.02 3 1 3750.0 3738.50659948 4500.0 4500.0
1516083833.12 3 1 3750.0 3739.0812695 4500.0 4500.0
1516083833.22 3 1 3750.0 3739.62720603 4500.0 4500.0
1516083833.32 3 1 3750.0 3740.14584573 4500.0 4500.0
1516083833.42 3 1 3750.0 3740.63855344 4500.0 4500.0
1516083833.52 3 1 3750.0 3741.10662577 4500.0 4500.0
1516083833.62 3 1 3750.0 3741.55129448 4500.0 4500.0
1516083833.72 3 1 3750.0 3741.97372976 4500.0 4500.0
1516083833.82 3 1 3750.0 3742.37504327 4500.0 4500.0
1516083833.93 3 1 3750.0 3742.75629111 4500.0 4500.0
1516083834.03 3 1 3750.0 3743.11847655 4500.0 4500.0
1516083834.13 3 1 3750.0 3743.46255272 4500.0 4500.0
1516083834.23 3 1 3750.0 3743.78942509 4500.0 4500.0
1516083834.33 3 1 3750.0 3744.09995383 4500.0 4500.0
1516083834.43 3 1 3750.0 3744.39495614 4500.0 4500.0
1516083834.52 3 1 3750.0 3744.67520833 4500.0 4500.0
1516083834.63 3 1 3750.0 3744.94144792 4500.0 4500.0
1516083834.72 3 1 3750.0 3745.19437552 4500.0 4500.0
1516083834.82 3 1 3750.0 3745.43465675 4500.0 4500.0
1516083834.93 3 1 3750.0 3745.66292391 4500.0 4500.0
1516083835.03 3 1 3750.0 3745.87977771 4500.0 4500.0
1516083835.13 3 1 3750.0 3746.08578883 4500.0 4500.0
1516083835.24 3 1 3750.0 3746.28149939 4500.0 4500.0
1516083835.33 3 1 3750.0 3746.46742442 4500.0 4500.0
1516083835.45 3 1 3750.0 3746.6440532 4500.0 4500.0
1516083835.54 3 1 3750.0 3746.81185054 4500.0 4500.0
1516083835.63 3 1 3750.0 3746.97125801 4500.0 4500.0
1516083835.74 3 1 3750.0 3747.12269511 4500.0 4500.0
1516083835.83 3 1 3750.0 3747.26656035 4500.0 4500.0
1516083835.94 3 1 3750.0 3747.40323234 4500.0 4500.0
1516083836.03 3 1 3750.0 3747.53307072 4500.0 4500.0
1516083836.13 3 1 3750.0 3747.65641718 4500.0 4500.0
1516083836.23 3 1 3750.0 3747.77359632 4500.0 4500.0
1516083836.33 3 1 3750.0 3747.88491651 4500.0 4500.0
1516083836.42 3 1 3750.0 3747.99067068 4500.0 4500.0
1516083836.53 3 1 3750.0 3748.09113715 4500.0 4500.0
1516083836.63 3 1 3750.0 3748.18658029 4500.0 4500.0
1516083836.73 3 1 3750.0 3748.27725128 4500.0 4500.0
1516083836.83 3 1 3750.0 3748.36338871 4500.0 4500.0
1516083836.93 3 1 3750.0 3748.44521928 4500.0 4500.0
1516083837.03 3 1 3750.0 3748.52295831 4500.0 4500.0
1516083837.13 3 1 3750.0 3748.5968104 4500.0 4500.0
1516083837.23 3 1 3750.0 3748.66696988 4500.0 4500.0
1516083837.33 3 1 3750.0 3748.73362138 4500.0 4500.0
1516083837.43 3 1 3750.0 3748.79694031 4500.0 4500.0
1516083837.53 3 1 3750.0 3748.8570933 4500.0 4500.0
1516083837.63 3 1 3750.0 3748.91423863 4500.0 4500.0
1516083837.73 3 1 3750.0 3748.9685267 4500.0 4500.0
1516083837.83 3 1 3750.0 3749.02010037 4500.0 4500.0
1516083837.93 3 1 3750.0 3749.06909535 4500.0 4500.0
1516083838.02 3 1 3750.0 3749.11564058 4500.0 4500.0
1516083838.12 3 1 3750.0 3749.15985855 4500.0 4500.0
1516083838.23 3 1 3750.0 3749.20186562 4500.0 4500.0
1516083838.33 3 1 3750.0 3749.24177234 4500.0 4500.0
1516083838.43 3 1 3750.0 3749.27968373 4500.0 4500.0
1516083838.53 3 1 3750.0 3749.31569954 4500.0 4500.0
1516083838.63 3 1 3750.0 3749.34991456 4500.0 4500.0
1516083838.74 3 1 3750.0 3749.38241883 4500.0 4500.0
1516083838.84 3 1 3750.0 3749.41329789 4500.0 4500.0
1516083838.94 3 1 3750.0 3749.442633 4500.0 4500.0
1516083839.04 3 1 3750.0 3749.47050135 4500.0 4500.0
1516083839.14 3 1 3750.0 3749.49697628 4500.0 4500.0
1516083839.24 3 1 3750.0 3749.52212747 4500.0 4500.0
1516083839.34 3 1 3750.0 3749.54602109 4500.0 4500.0
1516083839.45 3 1 3750.0 3749.56872004 4500.0 4500.0
1516083839.54 3 1 3750.0 3749.59028404 4500.0 4500.0
1516083839.65 3 1 3750.0 3749.61076984 4500.0 4500.0
1516083839.75 3 1 3750.0 3749.63023134 4500.0 4500.0
1516083839.85 3 1 3750.0 3749.64871978 4500.0 4500.0
1516083839.96 3 1 3750.0 3749.66628379 4500.0 4500.0
1516083840.05 3 1 3750.0 3749.6829696 4500.0 4500.0
1516083840.16 3 1 3750.0 3749.69882112 4500.0 4500.0
1516083840.25 3 1 3750.0 3749.71388006 4500.0 4500.0
1516083840.35 3 1 3750.0 3749.72818606 4500.0 4500.0
1516083840.45 3 1 3750.0 3749.74177676 4500.0 4500.0
1516083840.56 3 1 3750.0 3749.75468792 4500.0 4500.0
1516083840.65 3 1 3750.0 3749.76695352 4500.0 4500.0
1516083840.75 3 1 3750.0 3749.77860585 4500.0 4500.0
1516083840.85 3 1 3750.0 3749.78967555 4500.0 4500.0
1516083840.95 3 1 3750.0 3749.80019178 4500.0 4500.0
1516083841.05 3 1 3750.0 3749.81018219 4500.0 4500.0
1516083841.15 3 1 3750.0 3749.81967308 4500.0 4500.0
1516083841.25 3 1 3750.0 3749.82868942 4500.0 4500.0
1516083841.35 3 1 3750.0 3749.83725495 4500.0 4500.0
1516083841.45 3 1 3750.0 3749.84539221 4500.0 4500.0
1516083841.55 3 1 3750.0 3749.8531226 4500.0 4500.0
1516083841.65 3 1 3750.0 3749.86046647 4500.0 4500.0
1516083841.75 3 1 3750.0 3749.86744314 4500.0 4500.0
1516083841.85 3 1 3750.0 3749.87407098 4500.0 4500.0
1516083841.95 3 1 3750.0 3749.88036744 4500.0 4500.0
1516083842.05 3 1 3750.0 3749.88634906 4500.0 4500.0
1516083842.15 3 1 3750.0 3749.89203161 4500.0 4500.0
1516083842.25 3 1 3750.0 3749.89743003 4500.0 4500.0
1516083842.35 3 1 3750.0 3749.90255853 4500.0 4500.0
1516083842.45 3 1 3750.0 3749.9074306 4500.0 4500.0
1516083842.55 3 1 3750.0 3749.91205907 4500.0 4500.0
1516083842.65 3 1 3750.0 3749.91645612 4500.0 4500.0
1516083842.75 3 1 3750.0 3749.92063331 4500.0 4500.0
1516083842.85 3 1 3750.0 3749.92460165 4500.0 4500.0
1516083842.95 3 1 3750.0 3749.92837156 4500.0 4500.0
1516083843.06 3 1 3750.0 3749.93195299 4500.0 4500.0
1516083843.16 3 1 3750.0 3749.93535534 4500.0 4500.0
1516083843.26 3 1 3750.0 3749.93858757 4500.0 4500.0
1516083843.35 3 1 3750.0 3749.94165819 4500.0 4500.0
1516083843.46 3 1 3750.0 3749.94457528 4500.0 4500.0
1516083843.56 3 1 3750.0 3749.94734652 4500.0 4500.0
1516083843.67 3 1 3750.0 3749.94997919 4500.0 4500.0
1516083843.76 3 1 3750.0 3749.95248023 4500.0 4500.0
1516083843.86 3 1 3750.0 3749.95485622 4500.0 4500.0
1516083843.97 3 1 3750.0 3749.95711341 4500.0 4500.0
1516083844.07 3 1 3750.0 3749.95925774 4500.0 4500.0
1516083844.16 3 1 3750.0 3749.96129485 4500.0 4500.0
1516083844.26 3 1 3750.0 3749.96323011 4500.0 4500.0
1516083844.36 3 1 3750.0 3749.9650686 4500.0 4500.0
1516083844.47 3 1 3750.0 3749.96681517 4500.0 4500.0
1516083844.57 3 1 3750.0 3749.96847442 4500.0 4500.0
1516083844.67 3 1 3750.0 3749.97005069 4500.0 4500.0
1516083844.76 3 1 3750.0 3749.97154816 4500.0 4500.0
1516083844.86 3 1 3750.0 3749.97297075 4500.0 4500.0
1516083844.96 3 1 3750.0 3749.97432221 4500.0 4500.0
1516083845.06 3 1 3750.0 3749.9756061 4500.0 4500.0
1516083845.16 3 1 3750.0 3749.9768258 4500.0 4500.0
1516083845.26 3 1 3750.0 3749.97798451 4500.0 4500.0
1516083845.36 3 1 3750.0 3749.97908528 4500.0 4500.0
1516083845.45 3 1 3750.0 3749.98013102 4500.0 4500.0
1516083845.56 3 1 3750.0 3749.98112447 4500.0 4500.0
1516083845.66 3 1 3750.0 3749.98206824 4500.0 4500.0
1516083845.76 3 1 3750.0 3749.98296483 4500.0 4500.0
1516083845.86 3 1 3750.0 3749.98381659 4500.0 4500.0
1516083845.96 3 1 3750.0 3749.98462576 4500.0 4500.0
1516083846.06 3 1 3750.0 3749.98539447 4500.0 4500.0
1516083846.16 3 1 3750.0 3749.98612475 4500.0 4500.0
1516083846.26 3 1 3750.0 3749.98681851 4500.0 4500.0
1516083846.35 3 1 3750.0 3749.98747759 4500.0 4500.0
1516083846.45 3 1 3750.0 3749.98810371 4500.0 4500.0
1516083846.56 3 1 3750.0 3749.98869852 4500.0 4500.0
1516083846.66 3 1 3750.0 3749.9892636 4500.0 4500.0
1516083846.76 3 1 3750.0 3749.98980042 4500.0 4500.0
1516083846.86 3 1 3750.0 3749.9903104 4500.0 4500.0
1516083846.96 3 1 3750.0 3749.99079488 4500.0 4500.0
1516083847.06 3 1 3750.0 3749.99125513 4500.0 4500.0
1516083847.17 3 1 3750.0 3749.99169237 4500.0 4500.0
1516083847.27 3 1 3750.0 3749.99210776 4500.0 4500.0
1516083847.38 3 1 3750.0 3749.99250237 4500.0 4500.0
1516083847.47 3 1 3750.0 3749.99287725 4500.0 4500.0
1516083847.57 3 1 3750.0 3749.99323339 4500.0 4500.0
1516083847.67 3 1 3750.0 3749.99357172 4500.0 4500.0
1516083847.78 3 1 3750.0 3749.99389313 4500.0 4500.0
1516083847.87 3 1 3750.0 3749.99419848 4500.0 4500.0
1516083847.97 3 1 3750.0 3749.99448855 4500.0 4500.0
1516083848.07 3 1 3750.0 3749.99476412 4500.0 4500.0
1516083848.18 3 1 3750.0 3749.99502592 4500.0 4500.0
1516083848.28 3 1 3750.0 3749.99527462 4500.0 4500.0
1516083848.38 3 1 3750.0 3749.99551089 4500.0 4500.0
1516083848.49 3 1 3750.0 3749.99573535 4500.0 4500.0
1516083848.59 3 1 3750.0 3749.99594858 4500.0 4500.0
1516083848.68 3 1 3750.0 3749.99615115 4500.0 4500.0
1516083848.79 3 1 3750.0 3749.99634359 4500.0 4500.0
1516083848.89 3 1 3750.0 3749.99652641 4500.0 4500.0
1516083849.0 3 1 3750.0 3749.99670009 4500.0 4500.0
1516083849.09 3 1 3750.0 3749.99686509 4500.0 4500.0
1516083849.19 3 1 3750.0 3749.99702183 4500.0 4500.0
1516083849.29 3 1 3750.0 3749.99717074 4500.0 4500.0
1516083849.39 3 1 3750.0 3749.9973122 4500.0 4500.0
1516083849.48 3 1 3750.0 3749.99744659 4500.0 4500.0
1516083849.59 3 1 3750.0 3749.99757426 4500.0 4500.0
1516083849.68 3 1 3750.0 3749.99769555 4500.0 4500.0
1516083849.78 3 1 3750.0 3749.99781077 4500.0 4500.0
1516083849.88 3 1 3750.0 3749.99792024 4500.0 4500.0
1516083849.99 3 1 3750.0 3749.99802422 4500.0 4500.0
1516083850.08 3 1 3750.0 3749.99812301 4500.0 4500.0
1516083850.18 3 1 3750.0 3749.99821686 4500.0 4500.0
1516083850.28 3 1 3750.0 3749.99830602 4500.0 4500.0
1516083850.38 3 1 3750.0 3749.99839072 4500.0 4500.0
1516083850.49 3 1 3750.0 3749.99847118 4500.0 4500.0
1516083850.58 3 1 3750.0 3749.99854762 4500.0 4500.0
1516083850.68 3 1 3750.0 3749.99862024 4500.0 4500.0
1516083850.79 3 1 3750.0 3749.99868923 4500.0 4500.0
1516083850.88 3 1 3750.0 3749.99875477 4500.0 4500.0
1516083850.99 3 1 3750.0 3749.99881703 4500.0 4500.0
1516083851.09 3 1 3750.0 3749.99887618 4500.0 4500.0
1516083851.18 3 1 3750.0 3749.99893237 4500.0 4500.0
1516083851.28 3 1 3750.0 3749.99898575 4500.0 4500.0
1516083851.39 3 1 3750.0 3749.99903646 4500.0 4500.0
1516083851.49 3 1 3750.0 3749.99908464 4500.0 4500.0
1516083851.59 3 1 3750.0 3749.99913041 4500.0 4500.0
1516083851.68 3 1 3750.0 3749.99917389 4500.0 4500.0
1516083851.78 3 1 3750.0 3749.99921519 4500.0 4500.0
1516083851.88 3 1 3750.0 3749.99925443 4500.0 4500.0
1516083851.99 3 1 3750.0 3749.99929171 4500.0 4500.0
1516083852.09 3 1 3750.0 3749.99932713 4500.0 4500.0
1516083852.18 3 1 3750.0 3749.99936077 4500.0 4500.0
1516083852.29 3 1 3750.0 3749.99939273 4500.0 4500.0
1516083852.4 3 1 3750.0 3749.99942309 4500.0 4500.0
1516083852.49 3 1 3750.0 3749.99945194 4500.0 4500.0
1516083852.59 3 1 3750.0 3749.99947934 4500.0 4500.0
1516083852.69 3 1 3750.0 3749.99950538 4500.0 4500.0
1516083852.79 3 1 3750.0 3749.99953011 4500.0 4500.0
1516083852.9 3 1 3750.0 3749.9995536 4500.0 4500.0
1516083853.0 3 1 3750.0 3749.99957592 4500.0 4500.0
1516083853.09 3 1 3750.0 3749.99959713 4500.0 4500.0
1516083853.2 3 1 3750.0 3749.99961727 4500.0 4500.0
1516083853.29 3 1 3750.0 3749.99963641 4500.0 4500.0
1516083853.4 3 1 3750.0 3749.99965459 4500.0 4500.0
1516083853.49 3 1 3750.0 3749.99967186 4500.0 4500.0
1516083853.6 3 1 3750.0 3749.99968826 4500.0 4500.0
1516083853.7 3 1 3750.0 3749.99970385 4500.0 4500.0
1516083853.8 3 1 3750.0 3749.99971866 4500.0 4500.0
1516083853.9 3 1 3750.0 3749.99973272 4500.0 4500.0
1516083853.99 3 1 3750.0 3749.99974609 4500.0 4500.0
1516083854.09 3 1 3750.0 3749.99975878 4500.0 4500.0
1516083854.19 3 1 3750.0 3749.99977085 4500.0 4500.0
1516083854.29 3 1 3750.0 3749.9997823 4500.0 4500.0
1516083854.39 3 1 3750.0 3749.99979319 4500.0 4500.0
1516083854.49 3 1 3750.0 3749.99980353 4500.0 4500.0
1516083854.59 3 1 3750.0 3749.99981335 4500.0 4500.0
1516083854.69 3 1 3750.0 3749.99982268 4500.0 4500.0
1516083854.79 3 1 3750.0 3749.99983155 4500.0 4500.0
1516083854.89 3 1 3750.0 3749.99983997 4500.0 4500.0
1516083854.99 3 1 3750.0 3749.99984797 4500.0 4500.0
1516083855.09 3 1 3750.0 3749.99985558 4500.0 4500.0
1516083855.2 3 1 3750.0 3749.9998628 4500.0 4500.0
1516083855.29 3 1 3750.0 3749.99986966 4500.0 4500.0
1516083855.39 3 1 3750.0 3749.99987617 4500.0 4500.0
1516083855.49 3 1 3750.0 3749.99988237 4500.0 4500.0
1516083855.59 3 1 3750.0 3749.99988825 4500.0 4500.0
1516083855.7 3 1 3750.0 3749.99989383 4500.0 4500.0
1516083855.8 3 1 3750.0 3749.99989914 4500.0 4500.0
1516083855.9 3 1 3750.0 3749.99990419 4500.0 4500.0
1516083855.99 3 1 3750.0 3749.99990898 4500.0 4500.0
1516083856.1 3 1 3750.0 3749.99991353 4500.0 4500.0
1516083856.2 3 1 3750.0 3749.99991785 4500.0 4500.0
1516083856.31 3 1 3750.0 3749.99992196 4500.0 4500.0
1516083856.41 3 1 3750.0 3749.99992586 4500.0 4500.0
1516083856.51 3 1 3750.0 3749.99992957 4500.0 4500.0
1516083856.6 3 1 3750.0 3749.99993309 4500.0 4500.0
1516083856.71 3 1 3750.0 3749.99993643 4500.0 4500.0
1516083856.82 3 1 3750.0 3749.99993961 4500.0 4500.0
1516083856.92 3 1 3750.0 3749.99994263 4500.0 4500.0
1516083857.02 3 1 3750.0 3749.9999455 4500.0 4500.0
1516083857.12 3 1 3750.0 3749.99994823 4500.0 4500.0
1516083857.22 3 1 3750.0 3749.99995081 4500.0 4500.0
1516083857.32 3 1 3750.0 3749.99995327 4500.0 4500.0
1516083857.42 3 1 3750.0 3749.99995561 4500.0 4500.0
1516083857.53 3 1 3750.0 3749.99995783 4500.0 4500.0
1516083857.63 3 1 3750.0 3749.99995994 4500.0 4500.0
1516083857.72 3 1 3750.0 3749.99996194 4500.0 4500.0
1516083857.82 3 1 3750.0 3749.99996384 4500.0 4500.0
1516083857.92 3 1 3750.0 3749.99996565 4500.0 4500.0
1516083858.03 3 1 3750.0 3749.99996737 4500.0 4500.0
1516083858.13 3 1 3750.0 3749.999969 4500.0 4500.0
1516083858.22 3 1 3750.0 3749.99997055 4500.0 4500.0
1516083858.32 3 1 3750.0 3749.99997202 4500.0 4500.0
1516083858.42 3 1 3750.0 3749.99997342 4500.0 4500.0
1516083858.52 3 1 3750.0 3749.99997475 4500.0 4500.0
1516083858.62 3 1 3750.0 3749.99997601 4500.0 4500.0
1516083858.71 3 1 3750.0 3749.99997721 4500.0 4500.0
1516083858.82 3 1 3750.0 3749.99997835 4500.0 4500.0
1516083858.92 3 1 3750.0 3749.99997943 4500.0 4500.0
1516083859.02 3 1 3750.0 3749.99998046 4500.0 4500.0
1516083859.12 3 1 3750.0 3749.99998144 4500.0 4500.0
1516083859.22 3 1 3750.0 3749.99998237 4500.0 4500.0
1516083859.32 3 1 3750.0 3749.99998325 4500.0 4500.0
1516083859.42 3 1 3750.0 3749.99998409 4500.0 4500.0
1516083859.52 3 1 3750.0 3749.99998488 4500.0 4500.0
1516083859.62 3 1 3750.0 3749.99998564 4500.0 4500.0
1516083859.72 3 1 3750.0 3749.99998636 4500.0 4500.0
1516083859.82 3 1 3750.0 3749.99998704 4500.0 4500.0
1516083859.93 3 1 3750.0 3749.99998769 4500.0 4500.0
1516083860.02 3 1 3750.0 3749.9999883 4500.0 4500.0
1516083860.12 3 1 3750.0 3749.99998889 4500.0 4500.0
1516083860.22 3 1 3750.0 3749.99998944 4500.0 4500.0
1516083860.32 3 1 3750.0 3749.99998997 4500.0 4500.0
1516083860.43 3 1 3750.0 3749.99999047 4500.0 4500.0
1516083860.52 3 1 3750.0 3749.99999095 4500.0 4500.0
1516083860.62 3 1 3750.0 3749.9999914 4500.0 4500.0
1516083860.72 3 1 3750.0 3749.99999183 4500.0 4500.0
1516083860.82 3 1 3750.0 3749.99999224 4500.0 4500.0
1516083860.93 3 1 3750.0 3749.99999263 4500.0 4500.0
1516083861.03 3 1 3750.0 3749.999993 4500.0 4500.0
1516083861.13 3 1 3750.0 3749.99999335 4500.0 4500.0
1516083861.23 3 1 3750.0 3749.99999368 4500.0 4500.0
1516083861.33 3 1 3750.0 3749.999994 4500.0 4500.0
1516083861.44 3 1 3750.0 3749.9999943 4500.0 4500.0
1516083861.54 3 1 3750.0 3749.99999458 4500.0 4500.0
1516083861.64 3 1 3750.0 3749.99999485 4500.0 4500.0
1516083861.74 3 1 3750.0 3749.99999511 4500.0 4500.0
1516083861.84 3 1 3750.0 3749.99999535 4500.0 4500.0
1516083861.95 3 1 3750.0 3749.99999559 4500.0 4500.0
1516083862.05 3 1 3750.0 3749.99999581 4500.0 4500.0
1516083862.16 3 1 3750.0 3749.99999602 4500.0 4500.0
1516083862.24 3 1 3750.0 3749.99999622 4500.0 4500.0
1516083862.34 3 1 3750.0 3749.9999964 4500.0 4500.0
1516083862.44 3 1 3750.0 3749.99999658 4500.0 4500.0
1516083862.54 3 1 3750.0 3749.99999676 4500.0 4500.0
1516083862.65 3 1 3750.0 3749.99999692 4500.0 4500.0
1516083862.75 3 1 3750.0 3749.99999707 4500.0 4500.0
1516083862.85 3 1 3750.0 3749.99999722 4500.0 4500.0
1516083862.95 3 1 3750.0 3749.99999736 4500.0 4500.0
1516083863.05 3 1 3750.0 3749.99999749 4500.0 4500.0
1516083863.14 3 1 3750.0 3749.99999761 4500.0 4500.0
1516083863.25 3 1 3750.0 3749.99999773 4500.0 4500.0
1516083863.34 3 1 3750.0 3749.99999785 4500.0 4500.0
1516083863.46 3 1 3750.0 3749.99999795 4500.0 4500.0
1516083863.55 3 1 3750.0 3749.99999806 4500.0 4500.0
1516083863.65 3 1 3750.0 3749.99999815 4500.0 4500.0
1516083863.75 3 1 3750.0 3749.99999825 4500.0 4500.0
1516083863.85 3 1 3750.0 3749.99999833 4500.0 4500.0
1516083863.94 3 1 3750.0 3749.99999842 4500.0 4500.0
1516083864.05 3 1 3750.0 3749.9999985 4500.0 4500.0
1516083864.15 3 1 3750.0 3749.99999857 4500.0 4500.0
1516083864.25 3 1 3750.0 3749.99999864 4500.0 4500.0
1516083864.35 3 1 3750.0 3749.99999871 4500.0 4500.0
1516083864.45 3 1 3750.0 3749.99999878 4500.0 4500.0
1516083864.55 3 1 3750.0 3749.99999884 4500.0 4500.0
1516083864.65 3 1 3750.0 3749.99999889 4500.0 4500.0
1516083864.75 3 1 3750.0 3749.99999895 4500.0 4500.0
1516083864.85 3 1 3750.0 3749.999999 4500.0 4500.0
1516083864.95 3 1 3750.0 3749.99999905 4500.0 4500.0
1516083865.05 3 1 3750.0 3749.9999991 4500.0 4500.0
1516083865.15 3 1 3750.0 3749.99999914 4500.0 4500.0
1516083865.25 3 1 3750.0 3749.99999919 4500.0 4500.0
1516083865.35 3 1 3750.0 3749.99999923 4500.0 4500.0
1516083865.45 3 1 3750.0 3749.99999927 4500.0 4500.0
1516083865.56 3 1 3750.0 3749.9999993 4500.0 4500.0
1516083865.65 3 1 3750.0 3749.99999934 4500.0 4500.0
1516083865.75 3 1 3750.0 3749.99999937 4500.0 4500.0
1516083865.85 3 1 3750.0 3749.9999994 4500.0 4500.0
1516083865.95 3 1 3750.0 3749.99999943 4500.0 4500.0
1516083866.05 3 1 3750.0 3749.99999946 4500.0 4500.0
1516083866.16 3 1 3750.0 3749.99999949 4500.0 4500.0
1516083866.26 3 1 3750.0 3749.99999951 4500.0 4500.0
1516083866.36 3 1 3750.0 3749.99999954 4500.0 4500.0
1516083866.46 3 1 3750.0 3749.99999956 4500.0 4500.0
1516083866.56 3 1 3750.0 3749.99999958 4500.0 4500.0
1516083866.67 3 1 3750.0 3749.9999996 4500.0 4500.0
1516083866.77 3 1 3750.0 3749.99999962 4500.0 4500.0
1516083866.87 3 1 3750.0 3749.99999964 4500.0 4500.0
1516083866.97 3 1 3750.0 3749.99999966 4500.0 4500.0
1516083867.07 3 1 3750.0 3749.99999968 4500.0 4500.0
1516083867.18 3 1 3750.0 3749.99999969 4500.0 4500.0
1516083867.28 3 1 3750.0 3749.99999971 4500.0 4500.0
1516083867.37 3 1 3750.0 3749.99999972 4500.0 4500.0
1516083867.47 3 1 3750.0 3749.99999974 4500.0 4500.0
1516083867.57 3 1 3750.0 3749.99999975 4500.0 4500.0
1516083867.68 3 1 3750.0 3749.99999976 4500.0 4500.0
1516083867.77 3 1 3750.0 3749.99999977 4500.0 4500.0
1516083867.87 3 1 3750.0 3749.99999979 4500.0 4500.0
1516083867.96 3 1 3750.0 3749.9999998 4500.0 4500.0
1516083868.07 3 1 3750.0 3749.99999981 4500.0 4500.0
1516083868.17 3 1 3750.0 3749.99999982 4500.0 4500.0
1516083868.27 3 1 3750.0 3749.99999983 4500.0 4500.0
1516083868.36 3 1 3750.0 3749.99999983 4500.0 4500.0
1516083868.46 3 1 3750.0 3749.99999984 4500.0 4500.0
1516083868.57 3 1 3750.0 3749.99999985 4500.0 4500.0
1516083868.67 3 1 3750.0 3749.99999986 4500.0 4500.0
1516083868.77 3 1 3750.0 3749.99999987 4500.0 4500.0
1516083868.87 3 1 3750.0 3749.99999987 4500.0 4500.0
1516083868.97 3 1 3750.0 3749.99999988 4500.0 4500.0
1516083869.07 3 1 3750.0 3749.99999988 4500.0 4500.0
1516083869.17 3 1 3750.0 3749.99999989 4500.0 4500.0
1516083869.27 3 1 3750.0 3749.9999999 4500.0 4500.0
1516083869.37 3 1 3750.0 3749.9999999 4500.0 4500.0
1516083869.47 3 1 3750.0 3749.99999991 4500.0 4500.0
1516083869.56 3 1 3750.0 3749.99999991 4500.0 4500.0
1516083869.67 3 1 3750.0 3749.99999991 4500.0 4500.0
1516083869.77 3 1 3750.0 3749.99999992 4500.0 4500.0
1516083869.87 3 1 3750.0 3749.99999992 4500.0 4500.0
1516083869.97 3 1 3750.0 3749.99999993 4500.0 4500.0
1516083870.07 3 1 3750.0 3749.99999993 4500.0 4500.0
1516083870.18 3 1 3750.0 3749.99999993 4500.0 4500.0
1516083870.28 3 1 3750.0 3749.99999994 4500.0 4500.0
1516083870.38 3 1 3750.0 3749.99999994 4500.0 4500.0
1516083870.48 3 1 3750.0 3749.99999994 4500.0 4500.0
1516083870.58 3 1 3750.0 3749.99999995 4500.0 4500.0
1516083870.69 3 1 3750.0 3749.99999995 4500.0 4500.0
1516083870.78 3 1 3750.0 3749.99999995 4500.0 4500.0
1516083870.9 3 1 3750.0 3749.99999995 4500.0 4500.0
1516083870.99 3 1 3750.0 3749.99999996 4500.0 4500.0
1516083871.09 3 1 3750.0 3749.99999996 4500.0 4500.0
1516083871.19 3 1 3750.0 3749.99999996 4500.0 4500.0
1516083871.3 3 1 3750.0 3749.99999996 4500.0 4500.0
1516083871.39 3 1 3750.0 3749.99999996 4500.0 4500.0
1516083871.49 3 1 3750.0 3749.99999997 4500.0 4500.0
1516083871.59 3 1 3750.0 3749.99999997 4500.0 4500.0
1516083871.7 3 1 3750.0 3749.99999997 4500.0 4500.0
1516083871.79 3 1 3750.0 3749.99999997 4500.0 4500.0
1516083871.89 3 1 3750.0 3749.99999997 4500.0 4500.0
1516083871.99 3 1 3750.0 3749.99999997 4500.0 4500.0
1516083872.1 3 1 3750.0 3749.99999998 4500.0 4500.0
1516083872.2 3 1 3750.0 3749.99999998 4500.0 4500.0
1516083872.28 3 1 3750.0 3749.99999998 4500.0 4500.0
1516083872.39 3 1 3750.0 3749.99999998 4500.0 4500.0
1516083872.49 3 1 3750.0 3749.99999998 4500.0 4500.0
1516083872.59 3 1 3750.0 3749.99999998 4500.0 4500.0
1516083872.69 3 1 3750.0 3749.99999998 4500.0 4500.0
1516083872.79 3 1 3750.0 3749.99999998 4500.0 4500.0
1516083872.88 3 1 3750.0 3749.99999998 4500.0 4500.0
1516083872.99 3 1 3750.0 3749.99999998 4500.0 4500.0
1516083873.08 3 1 3750.0 3749.99999999 4500.0 4500.0
1516083873.19 3 1 3750.0 3749.99999999 4500.0 4500.0
1516083873.28 3 1 3750.0 3749.99999999 4500.0 4500.0
1516083873.38 3 1 3750.0 3749.99999999 4500.0 4500.0
1516083873.48 3 1 3750.0 3749.99999999 4500.0 4500.0
1516083873.58 3 1 3750.0 3749.99999999 4500.0 4500.0
1516083873.68 3 1 3750.0 3749.99999999 4500.0 4500.0
1516083873.79 3 1 3750.0 3749.99999999 4500.0 4500.0
1516083873.89 3 1 3750.0 3749.99999999 4500.0 4500.0
1516083873.99 3 1 3750.0 3749.99999999 4500.0 4500.0
1516083874.08 3 1 3750.0 3749.99999999 4500.0 4500.0
1516083874.19 3 1 3750.0 3749.99999999 4500.0 4500.0
1516083874.28 3 1 3750.0 3749.99999999 4500.0 4500.0
1516083874.39 3 1 3750.0 3749.99999999 4500.0 4500.0
1516083874.48 3 1 3750.0 3749.99999999 4500.0 4500.0
1516083874.58 3 1 3750.0 3749.99999999 4500.0 4500.0
1516083874.69 3 1 3750.0 3749.99999999 4500.0 4500.0
1516083874.78 3 1 3750.0 3749.99999999 4500.0 4500.0
1516083874.89 3 1 3750.0 3749.99999999 4500.0 4500.0
1516083874.99 3 1 3750.0 3749.99999999 4500.0 4500.0
1516083875.1 3 1 3750.0 3749.99999999 4500.0 4500.0
1516083875.19 3 1 3750.0 3749.99999999 4500.0 4500.0
1516083875.29 3 1 3750.0 3750.0 4500.0 4500.0
1516083875.4 3 1 3750.0 3750.0 4500.0 4500.0
1516083875.51 3 1 3750.0 3750.0 4500.0 4500.0
1516083875.6 3 1 3750.0 3750.0 4500.0 4500.0
1516083875.71 3 1 3750.0 3750.0 4500.0 4500.0
1516083875.8 3 1 3750.0 3750.0 4500.0 4500.0
1516083875.91 3 1 3750.0 3750.0 4500.0 4500.0
1516083876.0 3 1 3750.0 3750.0 4500.0 4500.0
1516083876.11 3 1 3750.0 3750.0 4500.0 4500.0
1516083876.22 3 1 3750.0 3750.0 4500.0 4500.0
1516083876.31 3 1 3750.0 3750.0 4500.0 4500.0
1516083876.41 3 1 3750.0 3750.0 4500.0 4500.0
1516083876.51 3 1 3750.0 3750.0 4500.0 4500.0
1516083876.61 3 1 3750.0 3750.0 4500.0 4500.0
1516083876.71 3 1 3750.0 3750.0 4500.0 4500.0
1516083876.81 3 1 3750.0 3750.0 4500.0 4500.0
1516083876.91 3 1 3750.0 3750.0 4500.0 4500.0
1516083877.01 3 1 3750.0 3750.0 4500.0 4500.0
1516083877.12 3 1 3750.0 3750.0 4500.0 4500.0
1516083877.2 3 1 3750.0 3750.0 4500.0 4500.0
1516083877.3 3 1 3750.0 3750.0 4500.0 4500.0
1516083877.4 3 1 3750.0 3750.0 4500.0 4500.0
1516083877.51 3 1 3750.0 3750.0 4500.0 4500.0
1516083877.61 3 1 3750.0 3750.0 4500.0 4500.0
1516083877.7 3 1 3750.0 3750.0 4500.0 4500.0
1516083877.81 3 1 3750.0 3750.0 4500.0 4500.0
1516083877.91 3 1 3750.0 3750.0 4500.0 4500.0
1516083878.01 3 1 3750.0 3750.0 4500.0 4500.0
1516083878.11 3 1 3750.0 3750.0 4500.0 4500.0
1516083878.21 3 1 3750.0 3750.0 4500.0 4500.0
1516083878.3 3 1 3750.0 3750.0 4500.0 4500.0
1516083878.41 3 1 3750.0 3750.0 4500.0 4500.0
1516083878.5 3 1 3750.0 3750.0 4500.0 4500.0
1516083878.6 3 1 3750.0 3750.0 4500.0 4500.0
1516083878.71 3 1 3750.0 3750.0 4500.0 4500.0
1516083878.81 3 1 3750.0 3750.0 4500.0 4500.0
1516083878.91 3 1 3750.0 3750.0 4500.0 4500.0
1516083879.01 3 1 3750.0 3750.0 4500.0 4500.0
1516083879.11 3 1 3750.0 3750.0 4500.0 4500.0
1516083879.21 3 1 3750.0 3750.0 4500.0 4500.0
1516083879.31 3 1 3750.0 3750.0 4500.0 4500.0
1516083879.41 3 1 3750.0 3750.0 4500.0 4500.0
1516083879.51 3 1 3750.0 3750.0 4500.0 4500.0
1516083879.61 3 1 3750.0 3750.0 4500.0 4500.0
1516083879.71 3 1 3750.0 3750.0 4500.0 4500.0
1516083879.82 3 1 3750.0 3750.0 4500.0 4500.0
1516083879.92 3 1 3750.0 3750.0 4500.0 4500.0
1516083880.02 3 1 3750.0 3750.0 4500.0 4500.0
1516083880.12 3 1 3750.0 3750.0 4500.0 4500.0
1516083880.22 3 1 3750.0 3750.0 4500.0 4500.0
1516083880.32 3 1 3750.0 3750.0 4500.0 4500.0
1516083880.42 3 1 3750.0 3750.0 4500.0 4500.0
1516083880.53 3 1 3750.0 3750.0 4500.0 4500.0
1516083880.64 3 1 3750.0 3750.0 4500.0 4500.0
1516083880.74 3 1 3750.0 3750.0 4500.0 4500.0
1516083880.83 3 1 3750.0 3750.0 4500.0 4500.0
1516083880.93 3 1 3750.0 3750.0 4500.0 4500.0
1516083881.02 3 1 3750.0 3750.0 4500.0 4500.0
1516083881.14 3 1 3750.0 3750.0 4500.0 4500.0
1516083881.23 3 1 3750.0 3750.0 4500.0 4500.0
1516083881.32 3 1 3750.0 3750.0 4500.0 4500.0
1516083881.43 3 1 3750.0 3750.0 4500.0 4500.0
1516083881.53 3 1 3750.0 3750.0 4500.0 4500.0
1516083881.65 3 1 3750.0 3750.0 4500.0 4500.0
1516083881.74 3 1 3750.0 3750.0 4500.0 4500.0
1516083881.84 3 1 3750.0 3750.0 4500.0 4500.0
1516083881.93 3 1 3750.0 3750.0 4500.0 4500.0
1516083882.03 3 1 3750.0 3750.0 4500.0 4500.0
1516083882.12 3 1 3750.0 3750.0 4500.0 4500.0
1516083882.22 3 1 3750.0 3750.0 4500.0 4500.0
1516083882.33 3 1 3750.0 3750.0 4500.0 4500.0
1516083882.43 3 1 3750.0 3750.0 4500.0 4500.0
1516083882.53 3 1 3750.0 3750.0 4500.0 4500.0
1516083882.62 3 1 3750.0 3750.0 4500.0 4500.0
1516083882.73 3 1 3750.0 3750.0 4500.0 4500.0
1516083882.82 3 1 3750.0 3750.0 4500.0 4500.0
1516083882.93 3 1 3750.0 3750.0 4500.0 4500.0
1516083883.02 3 1 3750.0 3750.0 4500.0 4500.0
1516083883.12 3 1 3750.0 3750.0 4500.0 4500.0
1516083883.22 3 1 3750.0 3750.0 4500.0 4500.0
1516083883.32 3 1 3750.0 3750.0 4500.0 4500.0
1516083883.43 3 1 3750.0 3750.0 4500.0 4500.0
1516083883.52 3 1 3750.0 3750.0 4500.0 4500.0
1516083883.62 3 1 3750.0 3750.0 4500.0 4500.0
1516083883.73 3 1 3750.0 3750.0 4500.0 4500.0
1516083883.82 3 1 3750.0 3750.0 4500.0 4500.0
1516083883.93 3 1 3750.0 3750.0 4500.0 4500.0
1516083884.03 3 1 3750.0 3750.0 4500.0 4500.0
1516083884.13 3 1 3750.0 3750.0 4500.0 4500.0
1516083884.24 3 1 3750.0 3750.0 4500.0 4500.0
1516083884.33 3 1 3750.0 3750.0 4500.0 4500.0
1516083884.43 3 1 3750.0 3750.0 4500.0 4500.0
1516083884.53 3 1 3750.0 3750.0 4500.0 4500.0
1516083884.63 3 1 3750.0 3750.0 4500.0 4500.0
1516083884.73 3 1 3750.0 3750.0 4500.0 4500.0
1516083884.84 3 1 3750.0 3750.0 4500.0 4500.0
1516083884.94 3 1 3750.0 3750.0 4500.0 4500.0
1516083885.03 3 1 3750.0 3750.0 4500.0 4500.0
1516083885.14 3 1 3750.0 3750.0 4500.0 4500.0
1516083885.24 3 1 3750.0 3750.0 4500.0 4500.0
1516083885.33 3 1 3750.0 3750.0 4500.0 4500.0
1516083885.43 3 1 3750.0 3750.0 4500.0 4500.0
1516083885.53 3 1 3750.0 3750.0 4500.0 4500.0
1516083885.63 3 1 3750.0 3750.0 4500.0 4500.0
1516083885.74 3 1 3750.0 3750.0 4500.0 4500.0
1516083885.84 3 1 3750.0 3750.0 4500.0 4500.0
1516083885.94 3 1 3750.0 3750.0 4500.0 4500.0
1516083886.04 3 1 3750.0 3750.0 4500.0 4500.0
1516083886.13 3 1 3750.0 3750.0 4500.0 4500.0
1516083886.24 3 1 3750.0 3750.0 4500.0 4500.0
1516083886.33 3 1 3750.0 3750.0 4500.0 4500.0
1516083886.43 3 1 3750.0 3750.0 4500.0 4500.0
1516083886.53 3 1 3750.0 3750.0 4500.0 4500.0
1516083886.63 3 1 3750.0 3750.0 4500.0 4500.0
1516083886.73 3 1 3750.0 3750.0 4500.0 4500.0
1516083886.84 3 1 3750.0 3750.0 4500.0 4500.0
1516083886.93 3 1 3750.0 3750.0 4500.0 4500.0
1516083887.03 3 1 3750.0 3750.0 4500.0 4500.0
1516083887.14 3 1 3750.0 3750.0 4500.0 4500.0
1516083887.23 3 1 3750.0 3750.0 4500.0 4500.0
1516083887.33 3 1 3750.0 3750.0 4500.0 4500.0
1516083887.43 3 1 3750.0 3750.0 4500.0 4500.0
1516083887.53 3 1 3750.0 3750.0 4500.0 4500.0
1516083887.64 3 1 3750.0 3750.0 4500.0 4500.0
1516083887.73 3 1 3750.0 3750.0 4500.0 4500.0
1516083887.83 3 1 3750.0 3750.0 4500.0 4500.0
1516083887.93 3 1 3750.0 3750.0 4500.0 4500.0
1516083888.03 3 1 3750.0 3750.0 4500.0 4500.0
1516083888.13 3 1 3750.0 3750.0 4500.0 4500.0
1516083888.23 3 1 3750.0 3750.0 4500.0 4500.0
1516083888.33 3 1 3750.0 3750.0 4500.0 4500.0
1516083888.43 3 1 3750.0 3750.0 4500.0 4500.0
1516083888.54 3 1 3750.0 3750.0 4500.0 4500.0
1516083888.64 3 1 3750.0 3750.0 4500.0 4500.0
1516083888.74 3 1 3750.0 3750.0 4500.0 4500.0
1516083888.84 3 1 3750.0 3750.0 4500.0 4500.0
1516083888.94 3 1 3750.0 3750.0 4500.0 4500.0
1516083889.04 3 1 3750.0 3750.0 4500.0 4500.0
1516083889.14 3 1 3750.0 3750.0 4500.0 4500.0
1516083889.24 3 1 3750.0 3750.0 4500.0 4500.0
1516083889.35 3 1 3750.0 3750.0 4500.0 4500.0
1516083889.45 3 1 3750.0 3750.0 4500.0 4500.0
1516083889.55 3 1 3750.0 3750.0 4500.0 4500.0
1516083889.66 3 1 3750.0 3750.0 4500.0 4500.0
1516083889.76 3 1 3750.0 3750.0 4500.0 4500.0
1516083889.86 3 1 3750.0 3750.0 4500.0 4500.0
1516083889.96 3 1 3750.0 3750.0 4500.0 4500.0
1516083890.05 3 1 3750.0 3750.0 4500.0 4500.0
1516083890.16 3 1 3750.0 3750.0 4500.0 4500.0
1516083890.26 3 1 3750.0 3750.0 4500.0 4500.0
1516083890.36 3 1 3750.0 3750.0 4500.0 4500.0
1516083890.46 3 1 3750.0 3750.0 4500.0 4500.0
1516083890.57 3 1 3750.0 3750.0 4500.0 4500.0
1516083890.66 3 1 3750.0 3750.0 4500.0 4500.0
1516083890.76 3 1 3750.0 3750.0 4500.0 4500.0
1516083890.86 3 1 3750.0 3750.0 4500.0 4500.0
1516083890.97 3 1 3750.0 3750.0 4500.0 4500.0
1516083891.06 3 1 3750.0 3750.0 4500.0 4500.0
1516083891.16 3 1 3750.0 3750.0 4500.0 4500.0
1516083891.26 3 1 3750.0 3750.0 4500.0 4500.0
1516083891.36 3 1 3750.0 3750.0 4500.0 4500.0
1516083891.46 3 1 3750.0 3750.0 4500.0 4500.0
1516083891.56 3 1 3750.0 3750.0 4500.0 4500.0
1516083891.66 3 1 3750.0 3750.0 4500.0 4500.0
1516083891.76 3 1 3750.0 3750.0 4500.0 4500.0
1516083891.86 3 1 3750.0 3750.0 4500.0 4500.0
1516083891.95 3 1 3750.0 3750.0 4500.0 4500.0
1516083892.06 3 1 3750.0 3750.0 4500.0 4500.0
1516083892.16 3 1 3750.0 3750.0 4500.0 4500.0
1516083892.26 3 1 3750.0 3750.0 4500.0 4500.0
1516083892.36 3 1 3750.0 3750.0 4500.0 4500.0
1516083892.46 3 1 3750.0 3750.0 4500.0 4500.0
1516083892.56 3 1 3750.0 3750.0 4500.0 4500.0
1516083892.66 3 1 3750.0 3750.0 4500.0 4500.0
1516083892.75 3 1 3750.0 3750.0 4500.0 4500.0
1516083892.86 3 1 3750.0 3750.0 4500.0 4500.0
1516083892.95 3 1 3750.0 3750.0 4500.0 4500.0
1516083893.06 3 1 3750.0 3750.0 4500.0 4500.0
1516083893.16 3 1 3750.0 3750.0 4500.0 4500.0
1516083893.26 3 1 3750.0 3750.0 4500.0 4500.0
1516083893.36 3 1 3750.0 3750.0 4500.0 4500.0
1516083893.46 3 1 3750.0 3750.0 4500.0 4500.0
1516083893.56 3 1 3750.0 3750.0 4500.0 4500.0
1516083893.66 3 1 3750.0 3750.0 4500.0 4500.0
1516083893.76 3 1 3750.0 3750.0 4500.0 4500.0
1516083893.87 3 1 3750.0 3750.0 4500.0 4500.0
1516083893.97 3 1 3750.0 3750.0 4500.0 4500.0
1516083894.06 3 1 3750.0 3750.0 4500.0 4500.0
1516083894.17 3 1 3750.0 3750.0 4500.0 4500.0
1516083894.27 3 1 3750.0 3750.0 4500.0 4500.0
1516083894.37 3 1 3750.0 3750.0 4500.0 4500.0
1516083894.48 3 1 3750.0 3750.0 4500.0 4500.0
1516083894.57 3 1 3750.0 3750.0 4500.0 4500.0
1516083894.67 3 1 3750.0 3750.0 4500.0 4500.0
1516083894.78 3 1 3750.0 3750.0 4500.0 4500.0
1516083894.88 3 1 3750.0 3750.0 4500.0 4500.0
1516083894.98 3 1 3750.0 3750.0 4500.0 4500.0
1516083895.09 3 1 3750.0 3750.0 4500.0 4500.0
1516083895.19 3 1 3750.0 3750.0 4500.0 4500.0
1516083895.29 3 1 3750.0 3750.0 4500.0 4500.0
1516083895.39 3 1 3750.0 3750.0 4500.0 4500.0
1516083895.49 3 1 3750.0 3750.0 4500.0 4500.0
1516083895.58 3 1 3750.0 3750.0 4500.0 4500.0
1516083895.7 3 1 3750.0 3750.0 4500.0 4500.0
1516083895.8 3 1 3750.0 3750.0 4500.0 4500.0
1516083895.89 3 1 3750.0 3750.0 4500.0 4500.0
1516083895.98 3 1 3750.0 3750.0 4500.0 4500.0
1516083896.09 3 1 3750.0 3750.0 4500.0 4500.0
1516083896.17 3 1 3750.0 3750.0 4500.0 4500.0
1516083896.28 3 1 3750.0 3750.0 4500.0 4500.0
1516083896.38 3 1 3750.0 3750.0 4500.0 4500.0
1516083896.48 3 1 3750.0 3750.0 4500.0 4500.0
1516083896.58 3 1 3750.0 3750.0 4500.0 4500.0
1516083896.69 3 1 3750.0 3750.0 4500.0 4500.0
1516083896.78 3 1 3750.0 3750.0 4500.0 4500.0
1516083896.88 3 1 3750.0 3750.0 4500.0 4500.0
1516083896.98 3 1 3750.0 3750.0 4500.0 4500.0
1516083897.08 3 1 3750.0 3750.0 4500.0 4500.0
1516083897.19 3 1 3750.0 3750.0 4500.0 4500.0
1516083897.28 3 1 3750.0 3750.0 4500.0 4500.0
1516083897.38 3 1 3750.0 3750.0 4500.0 4500.0
1516083897.48 3 1 3750.0 3750.0 4500.0 4500.0
1516083897.58 3 1 3750.0 3750.0 4500.0 4500.0
1516083897.69 3 1 3750.0 3750.0 4500.0 4500.0
1516083897.78 3 1 3750.0 3750.0 4500.0 4500.0
1516083897.88 3 1 3750.0 3750.0 4500.0 4500.0
1516083897.99 3 1 3750.0 3750.0 4500.0 4500.0
1516083898.08 3 1 3750.0 3750.0 4500.0 4500.0
1516083898.18 3 1 3750.0 3750.0 4500.0 4500.0
1516083898.28 3 1 3750.0 3750.0 4500.0 4500.0
1516083898.39 3 1 3750.0 3750.0 4500.0 4500.0
1516083898.49 3 1 3750.0 3750.0 4500.0 4500.0
1516083898.59 3 1 3750.0 3750.0 4500.0 4500.0
1516083898.68 3 1 3750.0 3750.0 4500.0 4500.0
1516083898.79 3 1 3750.0 3750.0 4500.0 4500.0
1516083898.88 3 1 3750.0 3750.0 4500.0 4500.0
1516083898.99 3 1 3750.0 3750.0 4500.0 4500.0
1516083899.09 3 1 3750.0 3750.0 4500.0 4500.0
1516083899.2 3 1 3750.0 3750.0 4500.0 4500.0
1516083899.3 3 1 3750.0 3750.0 4500.0 4500.0
1516083899.4 3 1 3750.0 3750.0 4500.0 4500.0
1516083899.5 3 1 3750.0 3750.0 4500.0 4500.0
1516083899.6 3 1 3750.0 3750.0 4500.0 4500.0
1516083899.69 3 1 3750.0 3750.0 4500.0 4500.0
1516083899.8 3 1 3750.0 3750.0 4500.0 4500.0
1516083899.9 3 1 3750.0 3750.0 4500.0 4500.0
1516083899.99 3 1 3750.0 3750.0 4500.0 4500.0
1516083900.09 3 1 3750.0 3750.0 4500.0 4500.0
1516083900.19 3 1 3750.0 3750.0 4500.0 4500.0
1516083900.29 3 1 3750.0 3750.0 4500.0 4500.0
1516083900.39 3 1 3750.0 3750.0 4500.0 4500.0
1516083900.49 3 1 3750.0 3750.0 4500.0 4500.0
1516083900.59 3 1 3750.0 3750.0 4500.0 4500.0
1516083900.69 3 1 3750.0 3750.0 4500.0 4500.0
1516083900.79 3 1 3750.0 3750.0 4500.0 4500.0
1516083900.89 3 1 3750.0 3750.0 4500.0 4500.0
1516083900.99 3 1 3750.0 3750.0 4500.0 4500.0
1516083901.08 3 1 3750.0 3750.0 4500.0 4500.0
1516083901.19 3 1 3750.0 3750.0 4500.0 4500.0
1516083901.29 3 1 3750.0 3750.0 4500.0 4500.0
1516083901.39 3 1 3750.0 3750.0 4500.0 4500.0
1516083901.49 3 1 3750.0 3750.0 4500.0 4500.0
1516083901.59 3 1 3750.0 3750.0 4500.0 4500.0
1516083901.69 3 1 3750.0 3750.0 4500.0 4500.0
1516083901.79 3 1 3750.0 3750.0 4500.0 4500.0
1516083901.9 3 1 3750.0 3750.0 4500.0 4500.0
1516083901.99 3 1 3750.0 3750.0 4500.0 4500.0
1516083902.1 3 1 3750.0 3750.0 4500.0 4500.0
1516083902.2 3 1 3750.0 3750.0 4500.0 4500.0
1516083902.3 3 1 3750.0 3750.0 4500.0 4500.0
1516083902.4 3 1 3750.0 3750.0 4500.0 4500.0
1516083902.51 3 1 3750.0 3750.0 4500.0 4500.0
1516083902.61 3 1 3750.0 3750.0 4500.0 4500.0
1516083902.7 3 1 3750.0 3750.0 4500.0 4500.0
1516083902.8 3 1 3750.0 3750.0 4500.0 4500.0
1516083902.91 3 1 3750.0 3750.0 4500.0 4500.0
1516083903.01 3 1 3750.0 3750.0 4500.0 4500.0
1516083903.13 3 1 3750.0 3750.0 4500.0 4500.0
1516083903.21 3 1 3750.0 3750.0 4500.0 4500.0
1516083903.31 3 1 3750.0 3750.0 4500.0 4500.0
1516083903.41 3 1 3750.0 3750.0 4500.0 4500.0
1516083903.51 3 1 3750.0 3750.0 4500.0 4500.0
1516083903.61 3 1 3750.0 3750.0 4500.0 4500.0
1516083903.72 3 1 3750.0 3750.0 4500.0 4500.0
1516083903.82 3 1 3750.0 3750.0 4500.0 4500.0
1516083903.92 3 1 3750.0 3750.0 4500.0 4500.0
1516083904.02 3 1 3750.0 3750.0 4500.0 4500.0
1516083904.11 3 1 3750.0 3750.0 4500.0 4500.0
1516083904.22 3 1 3750.0 3750.0 4500.0 4500.0
1516083904.31 3 1 3750.0 3750.0 4500.0 4500.0
1516083904.41 3 1 3750.0 3750.0 4500.0 4500.0
1516083904.51 3 1 3750.0 3750.0 4500.0 4500.0
1516083904.62 3 1 3750.0 3750.0 4500.0 4500.0
1516083904.71 3 1 3750.0 3750.0 4500.0 4500.0
1516083904.8 3 1 3750.0 3750.0 4500.0 4500.0
1516083904.91 3 1 3750.0 3750.0 4500.0 4500.0
1516083905.01 3 1 3750.0 3750.0 4500.0 4500.0
1516083905.11 3 1 3750.0 3750.0 4500.0 4500.0
1516083905.21 3 1 3750.0 3750.0 4500.0 4500.0
1516083905.31 3 1 3750.0 3750.0 4500.0 4500.0
1516083905.41 3 1 3750.0 3750.0 4500.0 4500.0
1516083905.52 3 1 3750.0 3750.0 4500.0 4500.0
1516083905.61 3 1 3750.0 3750.0 4500.0 4500.0
1516083905.71 3 1 3750.0 3750.0 4500.0 4500.0
1516083905.81 3 1 3750.0 3750.0 4500.0 4500.0
1516083905.91 3 1 3750.0 3750.0 4500.0 4500.0
1516083906.01 3 1 3750.0 3750.0 4500.0 4500.0
1516083906.11 3 1 3750.0 3750.0 4500.0 4500.0
1516083906.21 3 1 3750.0 3750.0 4500.0 4500.0
1516083906.31 3 1 3750.0 3750.0 4500.0 4500.0
1516083906.41 3 1 3750.0 3750.0 4500.0 4500.0
1516083906.52 3 1 3750.0 3750.0 4500.0 4500.0
1516083906.62 3 1 3750.0 3750.0 4500.0 4500.0
1516083906.72 3 1 3750.0 3750.0 4500.0 4500.0
1516083906.82 3 1 3750.0 3750.0 4500.0 4500.0
1516083906.92 3 1 3750.0 3750.0 4500.0 4500.0
1516083907.01 3 1 3750.0 3750.0 4500.0 4500.0
1516083907.11 3 1 3750.0 3750.0 4500.0 4500.0
1516083907.22 3 1 3750.0 3750.0 4500.0 4500.0
1516083907.32 3 1 3750.0 3750.0 4500.0 4500.0
1516083907.43 3 1 3750.0 3750.0 4500.0 4500.0
1516083907.52 3 1 3750.0 3750.0 4500.0 4500.0
1516083907.62 3 1 3750.0 3750.0 4500.0 4500.0
1516083907.72 3 1 3750.0 3750.0 4500.0 4500.0
1516083907.83 3 1 3750.0 3750.0 4500.0 4500.0
1516083907.92 3 1 3750.0 3750.0 4500.0 4500.0
1516083908.02 3 1 3750.0 3750.0 4500.0 4500.0
1516083908.13 3 1 3750.0 3750.0 4500.0 4500.0
1516083908.23 3 1 3750.0 3750.0 4500.0 4500.0
1516083908.32 3 1 3750.0 3750.0 4500.0 4500.0
1516083908.42 3 1 3750.0 3750.0 4500.0 4500.0
1516083908.53 3 1 3750.0 3750.0 4500.0 4500.0
1516083908.62 3 1 3750.0 3750.0 4500.0 4500.0
1516083908.72 3 1 3750.0 3750.0 4500.0 4500.0
1516083908.83 3 1 3750.0 3750.0 4500.0 4500.0
1516083908.93 3 1 3750.0 3750.0 4500.0 4500.0
1516083909.02 3 1 3750.0 3750.0 4500.0 4500.0
1516083909.12 3 1 3750.0 3750.0 4500.0 4500.0
1516083909.22 3 1 3750.0 3750.0 4500.0 4500.0
1516083909.33 3 1 3750.0 3750.0 4500.0 4500.0
1516083909.42 3 1 3750.0 3750.0 4500.0 4500.0
1516083909.52 3 1 3750.0 3750.0 4500.0 4500.0
1516083909.62 3 1 3750.0 3750.0 4500.0 4500.0
1516083909.72 3 1 3750.0 3750.0 4500.0 4500.0
1516083909.82 3 1 3750.0 3750.0 4500.0 4500.0
1516083909.92 3 1 3750.0 3750.0 4500.0 4500.0
1516083910.02 3 1 3750.0 3750.0 4500.0 4500.0
1516083910.13 3 1 3750.0 3750.0 4500.0 4500.0
1516083910.22 3 1 3750.0 3750.0 4500.0 4500.0
1516083910.32 3 1 3750.0 3750.0 4500.0 4500.0
1516083910.42 3 1 3750.0 3750.0 4500.0 4500.0
1516083910.52 3 1 3750.0 3750.0 4500.0 4500.0
1516083910.62 3 1 3750.0 3750.0 4500.0 4500.0
1516083910.72 3 1 3750.0 3750.0 4500.0 4500.0
1516083910.83 3 1 3750.0 3750.0 4500.0 4500.0
1516083910.93 3 1 3750.0 3750.0 4500.0 4500.0
1516083911.03 3 1 3750.0 3750.0 4500.0 4500.0
1516083911.12 3 1 3750.0 3750.0 4500.0 4500.0
1516083911.23 3 1 3750.0 3750.0 4500.0 4500.0
1516083911.34 3 1 3750.0 3750.0 4500.0 4500.0
1516083911.44 3 1 3750.0 3750.0 4500.0 4500.0
1516083911.54 3 1 3750.0 3750.0 4500.0 4500.0
1516083911.64 3 1 3750.0 3750.0 4500.0 4500.0
1516083911.74 3 1 3750.0 3750.0 4500.0 4500.0
1516083911.85 3 1 3750.0 3750.0 4500.0 4500.0
1516083911.95 3 1 3750.0 3750.0 4500.0 4500.0
1516083912.05 3 1 3750.0 3750.0 4500.0 4500.0
1516083912.16 3 1 3750.0 3750.0 4500.0 4500.0
1516083912.26 3 1 3750.0 3750.0 4500.0 4500.0
1516083912.35 3 1 3750.0 3750.0 4500.0 4500.0
1516083912.44 3 1 3750.0 3750.0 4500.0 4500.0
1516083912.55 3 1 3750.0 3750.0 4500.0 4500.0
1516083912.65 3 1 3750.0 3750.0 4500.0 4500.0
1516083912.75 3 1 3750.0 3750.0 4500.0 4500.0
1516083912.84 3 1 3750.0 3750.0 4500.0 4500.0
1516083912.94 3 1 3750.0 3750.0 4500.0 4500.0
1516083913.04 3 1 3750.0 3750.0 4500.0 4500.0
1516083913.14 3 1 3750.0 3750.0 4500.0 4500.0
1516083913.25 3 1 3750.0 3750.0 4500.0 4500.0
1516083913.34 3 1 3750.0 3750.0 4500.0 4500.0
1516083913.45 3 1 3750.0 3750.0 4500.0 4500.0
1516083913.55 3 1 3750.0 3750.0 4500.0 4500.0
1516083913.65 3 1 3750.0 3750.0 4500.0 4500.0
1516083913.75 3 1 3750.0 3750.0 4500.0 4500.0
1516083913.85 3 1 3750.0 3750.0 4500.0 4500.0
1516083913.95 3 1 3750.0 3750.0 4500.0 4500.0
1516083914.04 3 1 3750.0 3750.0 4500.0 4500.0
1516083914.15 3 1 3750.0 3750.0 4500.0 4500.0
1516083914.24 3 1 3750.0 3750.0 4500.0 4500.0
1516083914.34 3 1 3750.0 3750.0 4500.0 4500.0
1516083914.45 3 1 3750.0 3750.0 4500.0 4500.0
1516083914.55 3 1 3750.0 3750.0 4500.0 4500.0
1516083914.65 3 1 3750.0 3750.0 4500.0 4500.0
1516083914.75 3 1 3750.0 3750.0 4500.0 4500.0
1516083914.85 3 1 3750.0 3750.0 4500.0 4500.0
1516083914.97 3 1 3750.0 3750.0 4500.0 4500.0
1516083915.06 3 1 3750.0 3750.0 4500.0 4500.0
1516083915.15 3 1 3750.0 3750.0 4500.0 4500.0
1516083915.26 3 1 3750.0 3750.0 4500.0 4500.0
1516083915.37 3 1 3750.0 3750.0 4500.0 4500.0
1516083915.46 3 1 3750.0 3750.0 4500.0 4500.0
1516083915.57 3 1 3750.0 3750.0 4500.0 4500.0
1516083915.67 3 1 3750.0 3750.0 4500.0 4500.0
1516083915.77 3 1 3750.0 3750.0 4500.0 4500.0
1516083915.87 3 1 3750.0 3750.0 4500.0 4500.0
1516083915.96 3 1 3750.0 3750.0 4500.0 4500.0
1516083916.07 3 1 3750.0 3750.0 4500.0 4500.0
1516083916.16 3 1 3750.0 3750.0 4500.0 4500.0
1516083916.26 3 1 3750.0 3750.0 4500.0 4500.0
1516083916.37 3 1 3750.0 3750.0 4500.0 4500.0
1516083916.47 3 1 3750.0 3750.0 4500.0 4500.0
1516083916.57 3 1 3750.0 3750.0 4500.0 4500.0
1516083916.66 3 1 3750.0 3750.0 4500.0 4500.0
1516083916.76 3 1 3750.0 3750.0 4500.0 4500.0
1516083916.87 3 1 3750.0 3750.0 4500.0 4500.0
1516083916.96 3 1 3750.0 3750.0 4500.0 4500.0
1516083917.07 3 1 3750.0 3750.0 4500.0 4500.0
1516083917.17 3 1 3750.0 3750.0 4500.0 4500.0
1516083917.26 3 1 3750.0 3750.0 4500.0 4500.0
1516083917.36 3 1 3750.0 3750.0 4500.0 4500.0
1516083917.46 3 1 3750.0 3750.0 4500.0 4500.0
1516083917.56 3 1 3750.0 3750.0 4500.0 4500.0
1516083917.67 3 1 3750.0 3750.0 4500.0 4500.0
1516083917.77 3 1 3750.0 3750.0 4500.0 4500.0
1516083917.87 3 1 3750.0 3750.0 4500.0 4500.0
1516083917.97 3 1 3750.0 3750.0 4500.0 4500.0
1516083918.07 3 1 3750.0 3750.0 4500.0 4500.0
1516083918.16 3 1 3750.0 3750.0 4500.0 4500.0
1516083918.26 3 1 3750.0 3750.0 4500.0 4500.0
1516083918.37 3 1 3750.0 3750.0 4500.0 4500.0
1516083918.47 3 1 3750.0 3750.0 4500.0 4500.0
1516083918.57 3 1 3750.0 3750.0 4500.0 4500.0
1516083918.66 3 1 3750.0 3750.0 4500.0 4500.0
1516083918.77 3 1 3750.0 3750.0 4500.0 4500.0
1516083918.87 3 1 3750.0 3750.0 4500.0 4500.0
1516083918.97 3 1 3750.0 3750.0 4500.0 4500.0
1516083919.06 3 1 3750.0 3750.0 4500.0 4500.0
1516083919.17 3 1 3750.0 3750.0 4500.0 4500.0
1516083919.27 3 1 3750.0 3750.0 4500.0 4500.0
1516083919.37 3 1 3750.0 3750.0 4500.0 4500.0
1516083919.47 3 1 3750.0 3750.0 4500.0 4500.0
1516083919.57 3 1 3750.0 3750.0 4500.0 4500.0
1516083919.68 3 1 3750.0 3750.0 4500.0 4500.0
1516083919.79 3 1 3750.0 3750.0 4500.0 4500.0
1516083919.88 3 1 3750.0 3750.0 4500.0 4500.0
1516083919.99 3 1 3750.0 3750.0 4500.0 4500.0
1516083920.09 3 1 3750.0 3750.0 4500.0 4500.0
1516083920.19 3 1 3750.0 3750.0 4500.0 4500.0
1516083920.29 3 1 3750.0 3750.0 4500.0 4500.0
1516083920.38 3 1 3750.0 3750.0 4500.0 4500.0
1516083920.49 3 1 3750.0 3750.0 4500.0 4500.0
1516083920.58 3 1 3750.0 3750.0 4500.0 4500.0
1516083920.7 3 1 3750.0 3750.0 4500.0 4500.0
1516083920.79 3 1 3750.0 3750.0 4500.0 4500.0
1516083920.89 3 1 3750.0 3750.0 4500.0 4500.0
1516083920.99 3 1 3750.0 3750.0 4500.0 4500.0
1516083921.09 3 1 3750.0 3750.0 4500.0 4500.0
1516083921.19 3 1 3750.0 3750.0 4500.0 4500.0
1516083921.29 3 1 3750.0 3750.0 4500.0 4500.0
1516083921.39 3 1 3750.0 3750.0 4500.0 4500.0
1516083921.49 3 1 3750.0 3750.0 4500.0 4500.0
1516083921.59 3 1 3750.0 3750.0 4500.0 4500.0
1516083921.68 3 1 3750.0 3750.0 4500.0 4500.0
1516083921.78 3 1 3750.0 3750.0 4500.0 4500.0
1516083921.89 3 1 3750.0 3750.0 4500.0 4500.0
1516083921.99 3 1 3750.0 3750.0 4500.0 4500.0
1516083922.08 3 1 3750.0 3750.0 4500.0 4500.0
1516083922.19 3 1 3750.0 3750.0 4500.0 4500.0
1516083922.29 3 1 3750.0 3750.0 4500.0 4500.0
1516083922.39 3 1 3750.0 3750.0 4500.0 4500.0
1516083922.49 3 1 3750.0 3750.0 4500.0 4500.0
1516083922.58 3 1 3750.0 3750.0 4500.0 4500.0
1516083922.69 3 1 3750.0 3750.0 4500.0 4500.0
1516083922.78 3 1 3750.0 3750.0 4500.0 4500.0
1516083922.89 3 1 3750.0 3750.0 4500.0 4500.0
1516083922.98 3 1 3750.0 3750.0 4500.0 4500.0
1516083923.08 3 1 3750.0 3750.0 4500.0 4500.0
1516083923.18 3 1 3750.0 3750.0 4500.0 4500.0
1516083923.28 3 1 3750.0 3750.0 4500.0 4500.0
1516083923.39 3 1 3750.0 3750.0 4500.0 4500.0
1516083923.49 3 1 3750.0 3750.0 4500.0 4500.0
1516083923.58 3 1 3750.0 3750.0 4500.0 4500.0
1516083923.7 3 1 3750.0 3750.0 4500.0 4500.0
1516083923.79 3 1 3750.0 3750.0 4500.0 4500.0
1516083923.89 3 1 3750.0 3750.0 4500.0 4500.0
1516083923.99 3 1 3750.0 3750.0 4500.0 4500.0
1516083924.09 3 1 3750.0 3750.0 4500.0 4500.0
1516083924.2 3 1 3750.0 3750.0 4500.0 4500.0
1516083924.3 3 1 3750.0 3750.0 4500.0 4500.0
1516083924.4 3 1 3750.0 3750.0 4500.0 4500.0
1516083924.5 3 1 3750.0 3750.0 4500.0 4500.0
1516083924.61 3 1 3750.0 3750.0 4500.0 4500.0
1516083924.7 3 1 3750.0 3750.0 4500.0 4500.0
1516083924.8 3 1 3750.0 3750.0 4500.0 4500.0
1516083924.91 3 1 3750.0 3750.0 4500.0 4500.0
1516083925.0 3 1 3750.0 3750.0 4500.0 4500.0
1516083925.1 3 1 3750.0 3750.0 4500.0 4500.0
1516083925.21 3 1 3750.0 3750.0 4500.0 4500.0
1516083925.31 3 1 3750.0 3750.0 4500.0 4500.0
1516083925.4 3 1 3750.0 3750.0 4500.0 4500.0
1516083925.5 3 1 3750.0 3750.0 4500.0 4500.0
1516083925.59 3 1 3750.0 3750.0 4500.0 4500.0
1516083925.7 3 1 3750.0 3750.0 4500.0 4500.0
1516083925.79 3 1 3750.0 3750.0 4500.0 4500.0
1516083925.9 3 1 3750.0 3750.0 4500.0 4500.0
1516083925.99 3 1 3750.0 3750.0 4500.0 4500.0
1516083926.1 3 1 3750.0 3750.0 4500.0 4500.0
1516083926.2 3 1 3750.0 3750.0 4500.0 4500.0
1516083926.3 3 1 3750.0 3750.0 4500.0 4500.0
1516083926.4 3 1 3750.0 3750.0 4500.0 4500.0
1516083926.5 3 1 3750.0 3750.0 4500.0 4500.0
1516083926.6 3 1 3750.0 3750.0 4500.0 4500.0
1516083926.7 3 1 3750.0 3750.0 4500.0 4500.0
1516083926.8 3 1 3750.0 3750.0 4500.0 4500.0
1516083926.89 3 1 3750.0 3750.0 4500.0 4500.0
1516083926.99 3 1 3750.0 3750.0 4500.0 4500.0
1516083927.1 3 1 3750.0 3750.0 4500.0 4500.0
1516083927.2 3 1 3750.0 3750.0 4500.0 4500.0
1516083927.3 3 1 3750.0 3750.0 4500.0 4500.0
1516083927.4 3 1 3750.0 3750.0 4500.0 4500.0
1516083927.51 3 1 3750.0 3750.0 4500.0 4500.0
1516083927.6 3 1 3750.0 3750.0 4500.0 4500.0
1516083927.7 3 1 3750.0 3750.0 4500.0 4500.0
1516083927.81 3 1 3750.0 3750.0 4500.0 4500.0
1516083927.91 3 1 3750.0 3750.0 4500.0 4500.0
1516083928.01 3 1 3750.0 3750.0 4500.0 4500.0
1516083928.11 3 1 3750.0 3750.0 4500.0 4500.0
1516083928.21 3 1 3750.0 3750.0 4500.0 4500.0
1516083928.3 3 1 3750.0 3750.0 4500.0 4500.0
1516083928.41 3 1 3750.0 3750.0 4500.0 4500.0
1516083928.51 3 1 3750.0 3750.0 4500.0 4500.0
1516083928.62 3 1 3750.0 3750.0 4500.0 4500.0
1516083928.7 3 1 3750.0 3750.0 4500.0 4500.0
1516083928.81 3 1 3750.0 3750.0 4500.0 4500.0
1516083928.91 3 1 3750.0 3750.0 4500.0 4500.0
1516083929.01 3 1 3750.0 3750.0 4500.0 4500.0
1516083929.1 3 1 3750.0 3750.0 4500.0 4500.0
1516083929.2 3 1 3750.0 3750.0 4500.0 4500.0
1516083929.3 3 1 3750.0 3750.0 4500.0 4500.0
1516083929.41 3 1 3750.0 3750.0 4500.0 4500.0
1516083929.51 3 1 3750.0 3750.0 4500.0 4500.0
1516083929.6 3 1 3750.0 3750.0 4500.0 4500.0
1516083929.7 3 1 3750.0 3750.0 4500.0 4500.0
1516083929.8 3 1 3750.0 3750.0 4500.0 4500.0
1516083929.91 3 1 3750.0 3750.0 4500.0 4500.0
1516083930.01 3 1 3750.0 3750.0 4500.0 4500.0
1516083930.11 3 1 3750.0 3750.0 4500.0 4500.0
1516083930.21 3 1 3750.0 3750.0 4500.0 4500.0
1516083930.31 3 1 3750.0 3750.0 4500.0 4500.0
1516083930.4 3 1 3750.0 3750.0 4500.0 4500.0
1516083930.51 3 1 3750.0 3750.0 4500.0 4500.0
1516083930.6 3 1 3750.0 3750.0 4500.0 4500.0
1516083930.7 3 1 3750.0 3750.0 4500.0 4500.0
1516083930.8 3 1 3750.0 3750.0 4500.0 4500.0
1516083930.9 3 1 3750.0 3750.0 4500.0 4500.0
1516083931.0 3 1 3750.0 3750.0 4500.0 4500.0
1516083931.1 3 1 3750.0 3750.0 4500.0 4500.0
1516083931.21 3 1 3750.0 3750.0 4500.0 4500.0
1516083931.3 3 1 3750.0 3750.0 4500.0 4500.0
1516083931.41 3 1 3750.0 3750.0 4500.0 4500.0
1516083931.51 3 1 3750.0 3750.0 4500.0 4500.0
1516083931.61 3 1 3750.0 3750.0 4500.0 4500.0
1516083931.71 3 1 3750.0 3750.0 4500.0 4500.0
1516083931.81 3 1 3750.0 3750.0 4500.0 4500.0
1516083931.91 3 1 3750.0 3750.0 4500.0 4500.0
1516083932.02 3 1 3750.0 3750.0 4500.0 4500.0
1516083932.12 3 1 3750.0 3750.0 4500.0 4500.0
1516083932.22 3 1 3750.0 3750.0 4500.0 4500.0
1516083932.32 3 1 3750.0 3750.0 4500.0 4500.0
1516083932.42 3 1 3750.0 3750.0 4500.0 4500.0
1516083932.53 3 1 3750.0 3750.0 4500.0 4500.0
1516083932.63 3 1 3750.0 3750.0 4500.0 4500.0
1516083932.73 3 1 3750.0 3750.0 4500.0 4500.0
1516083932.83 3 1 3750.0 3750.0 4500.0 4500.0
1516083932.93 3 1 3750.0 3750.0 4500.0 4500.0
1516083933.03 3 1 3750.0 3750.0 4500.0 4500.0
1516083933.13 3 1 3750.0 3750.0 4500.0 4500.0
1516083933.23 3 1 3750.0 3750.0 4500.0 4500.0
1516083933.33 3 1 3750.0 3750.0 4500.0 4500.0
1516083933.43 3 1 3750.0 3750.0 4500.0 4500.0
1516083933.52 3 1 3750.0 3750.0 4500.0 4500.0
1516083933.62 3 1 3750.0 3750.0 4500.0 4500.0
1516083933.72 3 1 3750.0 3750.0 4500.0 4500.0
1516083933.82 3 1 3750.0 3750.0 4500.0 4500.0
1516083933.92 3 1 3750.0 3750.0 4500.0 4500.0
1516083934.02 3 1 3750.0 3750.0 4500.0 4500.0
1516083934.12 3 1 3750.0 3750.0 4500.0 4500.0
1516083934.23 3 1 3750.0 3750.0 4500.0 4500.0
1516083934.32 3 1 3750.0 3750.0 4500.0 4500.0
1516083934.42 3 1 3750.0 3750.0 4500.0 4500.0
1516083934.52 3 1 3750.0 3750.0 4500.0 4500.0
1516083934.63 3 1 3750.0 3750.0 4500.0 4500.0
1516083934.73 3 1 3750.0 3750.0 4500.0 4500.0
1516083934.83 3 1 3750.0 3750.0 4500.0 4500.0
1516083934.93 3 1 3750.0 3750.0 4500.0 4500.0
1516083935.03 3 1 3750.0 3750.0 4500.0 4500.0
1516083935.12 3 1 3750.0 3750.0 4500.0 4500.0
1516083935.22 3 1 3750.0 3750.0 4500.0 4500.0
1516083935.32 3 1 3750.0 3750.0 4500.0 4500.0
1516083935.43 3 1 3750.0 3750.0 4500.0 4500.0
1516083935.53 3 1 3750.0 3750.0 4500.0 4500.0
1516083935.62 3 1 3750.0 3750.0 4500.0 4500.0
1516083935.73 3 1 3750.0 3750.0 4500.0 4500.0
1516083935.82 3 1 3750.0 3750.0 4500.0 4500.0
1516083935.92 3 1 3750.0 3750.0 4500.0 4500.0
1516083936.02 3 1 3750.0 3750.0 4500.0 4500.0
1516083936.12 3 1 3750.0 3750.0 4500.0 4500.0
1516083936.23 3 1 3750.0 3750.0 4500.0 4500.0
1516083936.32 3 1 3750.0 3750.0 4500.0 4500.0
1516083936.43 3 1 3750.0 3750.0 4500.0 4500.0
1516083936.53 3 1 3750.0 3750.0 4500.0 4500.0
1516083936.64 3 1 3750.0 3750.0 4500.0 4500.0
1516083936.74 3 1 3750.0 3750.0 4500.0 4500.0
1516083936.84 3 1 3750.0 3750.0 4500.0 4500.0
1516083936.94 3 1 3750.0 3750.0 4500.0 4500.0
1516083937.04 3 1 3750.0 3750.0 4500.0 4500.0
1516083937.14 3 1 3750.0 3750.0 4500.0 4500.0
1516083937.23 3 1 3750.0 3750.0 4500.0 4500.0
1516083937.33 3 1 3750.0 3750.0 4500.0 4500.0
1516083937.44 3 1 3750.0 3750.0 4500.0 4500.0
1516083937.53 3 1 3750.0 3750.0 4500.0 4500.0
1516083937.63 3 1 3750.0 3750.0 4500.0 4500.0
1516083937.73 3 1 3750.0 3750.0 4500.0 4500.0
1516083937.83 3 1 3750.0 3750.0 4500.0 4500.0
1516083937.92 3 1 3750.0 3750.0 4500.0 4500.0
1516083938.03 3 1 3750.0 3750.0 4500.0 4500.0
1516083938.14 3 1 3750.0 3750.0 4500.0 4500.0
1516083938.23 3 1 3750.0 3750.0 4500.0 4500.0
1516083938.33 3 1 3750.0 3750.0 4500.0 4500.0
1516083938.43 3 1 3750.0 3750.0 4500.0 4500.0
1516083938.53 3 1 3750.0 3750.0 4500.0 4500.0
1516083938.63 3 1 3750.0 3750.0 4500.0 4500.0
1516083938.73 3 1 3750.0 3750.0 4500.0 4500.0
1516083938.83 3 1 3750.0 3750.0 4500.0 4500.0
1516083938.93 3 1 3750.0 3750.0 4500.0 4500.0
1516083939.03 3 1 3750.0 3750.0 4500.0 4500.0
1516083939.13 3 1 3750.0 3750.0 4500.0 4500.0
1516083939.23 3 1 3750.0 3750.0 4500.0 4500.0
1516083939.33 3 1 3750.0 3750.0 4500.0 4500.0
1516083939.43 3 1 3750.0 3750.0 4500.0 4500.0
1516083939.53 3 1 3750.0 3750.0 4500.0 4500.0
1516083939.63 3 1 3750.0 3750.0 4500.0 4500.0
1516083939.74 3 1 3750.0 3750.0 4500.0 4500.0
1516083939.83 3 1 3750.0 3750.0 4500.0 4500.0
1516083939.93 3 1 3750.0 3750.0 4500.0 4500.0
1516083940.03 3 1 3750.0 3750.0 4500.0 4500.0
1516083940.13 3 1 3750.0 3750.0 4500.0 4500.0
1516083940.23 3 1 3750.0 3750.0 4500.0 4500.0
1516083940.34 3 1 3750.0 3750.0 4500.0 4500.0
1516083940.44 3 1 3750.0 3750.0 4500.0 4500.0
1516083940.54 3 1 3750.0 3750.0 4500.0 4500.0
1516083940.64 3 1 3750.0 3750.0 4500.0 4500.0
1516083940.76 3 1 3750.0 3750.0 4500.0 4500.0
1516083940.85 3 1 3750.0 3750.0 4500.0 4500.0
1516083940.95 3 1 3750.0 3750.0 4500.0 4500.0
1516083941.05 3 1 3750.0 3750.0 4500.0 4500.0
1516083941.15 3 1 3750.0 3750.0 4500.0 4500.0
1516083941.25 3 1 3750.0 3750.0 4500.0 4500.0
1516083941.35 3 1 3750.0 3750.0 4500.0 4500.0
1516083941.46 3 1 3750.0 3750.0 4500.0 4500.0
1516083941.57 3 1 3750.0 3750.0 4500.0 4500.0
1516083941.67 3 1 3750.0 3750.0 4500.0 4500.0
1516083941.76 3 1 3750.0 3750.0 4500.0 4500.0
1516083941.87 3 1 3750.0 3750.0 4500.0 4500.0
1516083941.96 3 1 3750.0 3750.0 4500.0 4500.0
1516083942.06 3 1 3750.0 3750.0 4500.0 4500.0
1516083942.16 3 1 3750.0 3750.0 4500.0 4500.0
1516083942.26 3 1 3750.0 3750.0 4500.0 4500.0
1516083942.36 3 1 3750.0 3750.0 4500.0 4500.0
1516083942.46 3 1 3750.0 3750.0 4500.0 4500.0
1516083942.56 3 1 3750.0 3750.0 4500.0 4500.0
1516083942.66 3 1 3750.0 3750.0 4500.0 4500.0
1516083942.77 2 1 3333.33333333 3729.16666667 4500.0 4500.0
1516083942.85 2 1 3333.33333333 3709.375 4500.0 4500.0
1516083942.96 2 1 3333.33333333 3690.57291667 4500.0 4500.0
1516083943.05 2 1 3333.33333333 3672.7109375 4500.0 4500.0
1516083943.15 2 1 3333.33333333 3655.74205729 4500.0 4500.0
1516083943.26 2 1 3333.33333333 3639.62162109 4500.0 4500.0
1516083943.35 2 1 3333.33333333 3624.30720671 4500.0 4500.0
1516083943.45 2 1 3333.33333333 3609.75851304 4500.0 4500.0
1516083943.56 2 1 3333.33333333 3595.93725405 4500.0 4500.0
1516083943.66 2 1 3333.33333333 3582.80705802 4500.0 4500.0
1516083943.75 2 1 3333.33333333 3570.33337178 4500.0 4500.0
1516083943.85 2 1 3333.33333333 3558.48336986 4500.0 4500.0
1516083943.96 1 1 2500.0 3505.55920137 4500.0 4500.0
1516083944.05 1 1 2500.0 3455.2812413 4500.0 4500.0
1516083944.15 1 1 2500.0 3407.51717923 4500.0 4500.0
1516083944.25 1 1 2500.0 3362.14132027 4500.0 4500.0
1516083944.35 1 1 2500.0 3319.03425426 4500.0 4500.0
1516083944.45 1 1 2500.0 3278.08254155 4500.0 4500.0
1516083944.55 1 1 2500.0 3239.17841447 4500.0 4500.0
1516083944.65 1 1 2500.0 3202.21949374 4500.0 4500.0
1516083944.75 1 1 2500.0 3167.10851906 4500.0 4500.0
1516083944.85 1 1 2500.0 3133.7530931 4500.0 4500.0
1516083944.95 1 1 2500.0 3102.06543845 4500.0 4500.0
1516083945.05 1 1 2500.0 3071.96216653 4500.0 4500.0
1516083945.15 1 1 2500.0 3043.3640582 4500.0 4500.0
1516083945.25 1 1 2500.0 3016.19585529 4500.0 4500.0
1516083945.35 1 1 2500.0 2990.38606253 4500.0 4500.0
1516