1516083758.01 0 0 0 0
1516083758.1 0 0 0 0
1516083758.2 0 0 0 0
1516083758.31 0 0 0 0
1516083758.41 0 0 0 0
1516083758.51 0 0 0 0
1516083758.6 0 0 0 0
1516083758.7 0 0 0 0
1516083758.8 0 0 0 0
1516083758.9 0 0 0 0
1516083759.0 0 0 0 0
1516083759.1 0 0 0 0
1516083759.21 0 0 0 0
1516083759.3 0 0 0 0
1516083759.4 0 0 0 0
1516083759.51 0 0 0 0
1516083759.6 0 0 0 0
1516083759.71 0 0 0 0
1516083759.8 0 0 0 0
1516083759.91 0 0 0 0
1516083760.01 0 0 0 0
1516083760.11 0 0 0 0
1516083760.21 0 0 0 0
1516083760.31 0 0 0 0
1516083760.41 0 0 0 0
1516083760.51 0 0 0 0
1516083760.61 0 0 0 0
1516083760.71 0 0 0 0
1516083760.81 0 0 0 0
1516083760.91 0 0 0 0
1516083761.01 0 0 0 0
1516083761.11 0 0 0 0
1516083761.21 0 0 0 0
1516083761.31 0 0 0 0
1516083761.41 0 0 0 0
1516083761.51 0 0 0 0
1516083761.61 0 0 0 0
1516083761.71 0 0 0 0
1516083761.81 0 0 0 0
1516083761.91 0 0 0 0
1516083762.01 0 0 0 0
1516083762.11 0 0 0 0
1516083762.21 0 0 0 0
1516083762.31 0 0 0 0
1516083762.41 0 0 0 0
1516083762.51 0 0 0 0
1516083762.61 0 0 0 0
1516083762.71 0 0 0 0
1516083762.81 0 0 0 0
1516083762.91 0 0 0 0
1516083763.01 0 0 0 0
1516083763.11 0 0 0 0
1516083763.21 0 0 0 0
1516083763.31 0 0 0 0
1516083763.41 0 0 0 0
1516083763.51 0 0 0 0
1516083763.61 0 0 0 0
1516083763.71 0 0 0 0
1516083763.81 0 0 0 0
1516083763.91 0 0 0 0
1516083764.01 0 0 0 0
1516083764.11 0 0 0 0
1516083764.21 0 0 0 0
1516083764.31 0 0 0 0
1516083764.41 0 0 0 0
1516083764.52 0 0 0 0
1516083764.62 0 0 0 0
1516083764.72 0 0 0 0
1516083764.82 0 0 0 0
1516083764.95 0 0 0 0
1516083765.06 0 0 0 0
1516083765.16 0 0 0 0
1516083765.28 0 0 0 0
1516083765.37 0 0 0 0
1516083765.47 0 0 0 0
1516083765.57 0 0 0 0
1516083765.67 0 0 0 0
1516083765.77 0 0 0 0
1516083765.87 0 0 0 0
1516083765.97 0 0 0 0
1516083766.07 0 0 0 0
1516083766.17 0 0 0 0
1516083766.28 0 0 0 0
1516083766.39 0 0 0 0
1516083766.48 0 0 0 0
1516083766.58 0 0 0 0
1516083766.68 0 0 0 0
1516083766.78 0 0 0 0
1516083766.88 0 0 0 0
1516083766.98 0 0 0 0
1516083767.08 0 0 0 0
1516083767.21 0 0 0 0
1516083767.33 0 0 0 0
1516083767.43 0 0 0 0
1516083767.53 0 0 0 0
1516083767.63 0 0 0 0
1516083767.73 0 0 0 0
1516083767.85 0 0 0 0
1516083767.95 0 0 0 0
1516083768.08 0 0 0 0
1516083768.17 0 0 0 0
1516083768.28 0 0 0 0
1516083768.39 0 0 0 0
1516083768.53 0 0 0 0
1516083768.63 0 0 0 0
1516083768.73 0 0 0 0
1516083768.83 0 0 0 0
1516083768.93 0 0 0 0
1516083769.05 0 0 0 0
1516083769.15 0 0 0 0
1516083769.25 0 0 0 0
1516083769.35 0 0 0 0
1516083769.45 0 0 0 0
1516083769.55 0 0 0 0
1516083769.65 0 0 0 0
1516083769.75 0 0 0 0
1516083769.85 0 0 0 0
1516083769.95 0 0 0 0
1516083770.05 0 0 0 0
1516083770.15 0 0 0 0
1516083770.25 0 0 0 0
1516083770.35 0 0 0 0
1516083770.45 0 0 0 0
1516083770.55 0 0 0 0
1516083770.65 0 0 0 0
1516083770.75 0 0 0 0
1516083770.85 0 0 0 0
1516083770.96 0 0 0 0
1516083771.06 0 0 0 0
1516083771.15 0 0 0 0
1516083771.25 0 0 0 0
1516083771.36 0 0 0 0
1516083771.46 0 0 0 0
1516083771.56 0 0 0 0
1516083771.66 0 0 0 0
1516083771.76 0 0 0 0
1516083771.86 0 0 0 0
1516083771.96 0 0 0 0
1516083772.06 0 0 0 0
1516083772.16 0 0 0 0
1516083772.26 0 0 0 0
1516083772.36 0 0 0 0
1516083772.46 0 0 0 0
1516083772.56 0 0 0 0
1516083772.66 0 0 0 0
1516083772.77 0 0 0 0
1516083772.87 0 0 0 0
1516083772.97 0 0 0 0
1516083773.07 0 0 0 0
1516083773.17 0 0 0 0
1516083773.29 0 0 0 0
1516083773.41 0 0 0 0
1516083773.52 0 0 0 74
1516083773.61 0 0 0 148
1516083773.71 0 0 0 0
1516083773.81 0 0 0 173
1516083773.92 0 0 0 173
1516083774.02 0 0 0 1534
1516083774.11 0 0 0 0
1516083774.22 0 0 0 1714
1516083774.31 0 0 0 0
1516083774.41 0 0 0 148
1516083774.52 0 0 0 114
1516083774.62 0 0 0 0
1516083774.72 0 0 0 110
1516083774.82 0 0 0 82
1516083774.93 0 0 0 134
1516083775.02 0 0 0 0
1516083775.12 0 0 0 686
1516083775.22 0 0 0 110
1516083775.32 0 0 0 1222
1516083775.42 0 0 0 0
1516083775.52 0 0 0 312
1516083775.62 0 0 0 0
1516083775.72 0 0 0 266
1516083775.82 0 0 0 686
1516083775.92 0 0 0 396
1516083776.02 0 0 0 0
1516083776.12 0 0 0 1222
1516083776.22 0 0 0 66
1516083776.32 0 0 0 0
1516083776.42 0 0 0 178
1516083776.52 0 0 0 0
1516083776.62 0 0 0 0
1516083776.72 0 0 0 266
1516083776.82 0 0 0 0
1516083776.92 0 0 0 0
1516083777.02 0 0 0 168
1516083777.12 0 0 0 294
1516083777.22 0 0 0 0
1516083777.32 0 0 0 0
1516083777.42 0 0 0 66
1516083777.52 0 0 0 0
1516083777.62 0 0 0 0
1516083777.72 0 0 0 0
1516083777.82 0 0 0 0
1516083777.92 0 0 0 0
1516083778.05 0 0 0 0
1516083778.14 0 0 0 0
1516083778.24 0 0 0 0
1516083778.34 0 0 0 0
1516083778.44 0 0 0 0
1516083778.54 0 0 0 42
1516083778.64 0 0 0 0
1516083778.74 0 0 0 0
1516083778.84 0 0 0 0
1516083778.95 0 0 0 0
1516083779.05 0 0 0 0
1516083779.15 0 0 0 0
1516083779.25 0 0 0 0
1516083779.35 0 0 0 0
1516083779.45 0 0 0 0
1516083779.56 0 0 0 0
1516083779.66 0 0 0 0
1516083779.76 0 0 0 0
1516083779.86 0 0 0 0
1516083779.95 0 0 0 0
1516083780.06 0 0 0 0
1516083780.15 0 0 0 0
1516083780.25 0 0 0 0
1516083780.35 0 0 0 0
1516083780.45 0 0 0 0
1516083780.55 0 0 0 0
1516083780.65 0 0 0 0
1516083780.75 0 0 0 0
1516083780.85 0 0 0 0
1516083780.95 0 0 0 0
1516083781.05 0 0 0 0
1516083781.15 0 0 0 0
1516083781.26 0 0 0 0
1516083781.36 0 0 0 0
1516083781.46 0 0 0 0
1516083781.55 0 0 0 0
1516083781.66 0 0 0 0
1516083781.76 0 0 0 0
1516083781.86 0 0 0 0
1516083781.95 0 0 0 0
1516083782.08 0 0 0 0
1516083782.17 0 0 0 0
1516083782.27 0 0 0 0
1516083782.37 0 0 0 0
1516083782.47 0 0 0 0
1516083782.57 0 0 0 0
1516083782.67 0 0 0 0
1516083782.78 0 0 0 0
1516083782.88 0 0 0 0
1516083782.98 0 0 0 0
1516083783.07 0 0 0 0
1516083783.17 0 0 0 0
1516083783.28 0 0 0 0
1516083783.38 0 0 0 0
1516083783.47 0 0 0 0
1516083783.58 0 0 0 0
1516083783.68 0 0 0 0
1516083783.78 0 0 0 0
1516083783.88 0 0 0 0
1516083783.99 0 0 0 0
1516083784.1 0 0 0 0
1516083784.2 0 0 0 0
1516083784.3 0 0 0 0
1516083784.4 0 0 0 0
1516083784.5 0 0 0 0
1516083784.6 0 0 0 0
1516083784.7 0 0 0 0
1516083784.82 0 0 0 0
1516083784.94 0 0 0 0
1516083785.03 0 0 0 0
1516083785.13 0 0 0 0
1516083785.23 0 0 0 0
1516083785.33 0 0 0 0
1516083785.43 0 0 0 0
1516083785.53 0 0 0 0
1516083785.63 0 0 0 0
1516083785.73 0 0 0 0
1516083785.83 0 0 0 0
1516083785.94 0 0 0 0
1516083786.03 0 0 0 0
1516083786.14 0 0 0 0
1516083786.23 0 0 0 0
1516083786.34 0 0 0 0
1516083786.46 0 0 0 0
1516083786.55 0 0 0 0
1516083786.67 0 0 0 0
1516083786.77 0 0 0 0
1516083786.88 0 0 0 0
1516083786.97 0 0 0 0
1516083787.07 0 0 0 0
1516083787.17 0 0 0 0
1516083787.27 0 0 0 0
1516083787.38 0 0 0 0
1516083787.48 0 0 0 0
1516083787.58 0 0 0 0
1516083787.68 0 0 0 0
1516083787.78 0 0 0 0
1516083787.88 0 0 0 0
1516083787.98 0 0 0 0
1516083788.08 0 0 0 0
1516083788.2 0 0 0 0
1516083788.3 0 0 0 0
1516083788.4 0 0 0 0
1516083788.5 0 0 0 0
1516083788.63 0 0 0 0
1516083788.73 0 0 0 0
1516083788.85 0 0 0 0
1516083788.94 0 0 0 0
1516083789.04 0 0 0 0
1516083789.14 0 0 0 0
1516083789.24 0 0 0 0
1516083789.34 0 0 0 0
1516083789.44 0 0 0 0
1516083789.55 0 0 0 0
1516083789.66 0 0 0 0
1516083789.78 0 0 0 0
1516083789.88 0 0 0 0
1516083789.98 0 0 0 0
1516083790.08 0 0 0 0
1516083790.18 0 0 0 0
1516083790.28 0 0 0 0
1516083790.38 0 0 0 0
1516083790.48 0 0 0 0
1516083790.6 0 0 0 0
1516083790.72 0 0 0 0
1516083790.82 0 0 0 0
1516083790.92 0 0 0 0
1516083791.02 0 0 0 0
1516083791.12 0 0 0 0
1516083791.22 0 0 0 0
1516083791.32 0 0 0 0
1516083791.42 0 0 0 0
1516083791.52 0 0 0 0
1516083791.62 0 0 0 0
1516083791.72 0 0 0 0
1516083791.82 0 0 0 0
1516083791.92 0 0 0 0
1516083792.02 0 0 0 0
1516083792.14 0 0 0 0
1516083792.25 0 0 0 0
1516083792.35 0 0 0 0
1516083792.45 0 0 0 0
1516083792.55 0 0 0 0
1516083792.65 0 0 0 0
1516083792.75 0 0 0 0
1516083792.85 0 0 0 0
1516083792.96 0 0 0 0
1516083793.09 0 0 0 0
1516083793.19 0 0 0 0
1516083793.29 0 0 0 0
1516083793.4 0 0 0 0
1516083793.55 0 0 0 0
1516083793.65 0 0 0 0
1516083793.76 0 0 0 0
1516083793.86 0 0 0 0
1516083793.96 0 0 0 0
1516083794.05 0 0 0 0
1516083794.18 0 0 0 0
1516083794.27 0 0 0 0
1516083794.36 0 0 0 0
1516083794.46 0 0 0 0
1516083794.56 0 0 0 0
1516083794.67 0 0 0 0
1516083794.77 0 0 0 0
1516083794.87 0 0 0 0
1516083794.97 0 0 0 0
1516083795.07 0 0 0 0
1516083795.17 0 0 0 0
1516083795.27 0 0 0 0
1516083795.37 0 0 0 0
1516083795.47 0 0 0 0
1516083795.57 0 0 0 0
1516083795.67 0 0 0 0
1516083795.77 0 0 0 0
1516083795.87 0 0 0 0
1516083795.97 0 0 0 0
1516083796.07 0 0 0 0
1516083796.17 0 0 0 0
1516083796.27 0 0 0 0
1516083796.39 0 0 0 0
1516083796.51 0 0 0 0
1516083796.61 0 0 0 0
1516083796.71 0 0 0 0
1516083796.82 0 0 0 0
1516083796.93 0 0 0 0
1516083797.04 0 0 0 0
1516083797.15 0 0 0 0
1516083797.25 0 0 0 0
1516083797.35 0 0 0 0
1516083797.45 0 0 0 0
1516083797.55 0 0 0 0
1516083797.65 0 0 0 0
1516083797.75 0 0 0 0
1516083797.85 0 0 0 0
1516083797.95 0 0 0 0
1516083798.05 0 0 0 0
1516083798.15 0 0 0 0
1516083798.25 0 0 0 0
1516083798.35 0 0 0 0
1516083798.45 0 0 0 0
1516083798.55 0 0 0 0
1516083798.65 0 0 0 0
1516083798.75 0 0 0 0
1516083798.85 0 0 0 0
1516083798.96 0 0 0 0
1516083799.09 0 0 0 0
1516083799.21 0 0 0 0
1516083799.34 0 0 0 0
1516083799.44 0 0 0 0
1516083799.55 0 0 0 0
1516083799.64 0 0 0 0
1516083799.74 0 0 0 0
1516083799.84 0 0 0 0
1516083799.94 0 0 0 0
1516083800.05 0 0 0 0
1516083800.18 0 0 0 0
1516083800.27 0 0 0 0
1516083800.37 0 0 0 0
1516083800.47 0 0 0 0
1516083800.57 0 0 0 0
1516083800.67 0 0 0 0
1516083800.77 0 0 0 0
1516083800.87 0 0 0 0
1516083800.98 0 0 0 0
1516083801.08 0 0 0 0
1516083801.18 0 0 0 0
1516083801.28 0 0 0 0
1516083801.37 0 0 0 0
1516083801.48 0 0 0 0
1516083801.58 0 0 0 0
1516083801.67 0 0 0 0
1516083801.78 0 0 0 0
1516083801.88 0 0 0 0
1516083801.98 0 0 0 0
1516083802.08 0 0 0 0
1516083802.18 0 0 0 0
1516083802.28 0 0 0 0
1516083802.38 0 0 0 0
1516083802.48 0 0 0 0
1516083802.58 0 0 0 0
1516083802.68 0 0 0 0
1516083802.78 0 0 0 0
1516083802.88 0 0 0 0
1516083802.98 0 0 0 0
1516083803.08 0 0 0 0
1516083803.18 0 0 0 0
1516083803.28 0 0 0 0
1516083803.4 0 0 0 0
1516083803.5 0 0 0 0
1516083803.6 0 0 0 0
1516083803.7 0 0 0 0
1516083803.8 0 0 0 0
1516083803.92 0 0 0 0
1516083804.04 0 0 0 0
1516083804.14 0 0 0 0
1516083804.24 0 0 0 0
1516083804.35 0 0 0 0
1516083804.45 0 0 0 0
1516083804.55 0 0 0 0
1516083804.64 0 0 0 0
1516083804.75 0 0 0 0
1516083804.85 0 0 0 0
1516083804.95 0 0 0 0
1516083805.05 0 0 0 0
1516083805.15 0 0 0 0
1516083805.25 0 0 0 0
1516083805.36 0 0 0 0
1516083805.47 0 0 0 0
1516083805.58 0 0 0 0
1516083805.68 0 0 0 0
1516083805.78 0 0 0 0
1516083805.88 0 0 0 0
1516083805.98 0 0 0 0
1516083806.08 0 0 0 0
1516083806.2 0 0 0 0
1516083806.3 0 0 0 0
1516083806.4 0 0 0 0
1516083806.5 0 0 0 0
1516083806.6 0 0 0 0
1516083806.7 0 0 0 0
1516083806.8 0 0 0 0
1516083806.92 0 0 0 0
1516083807.01 0 0 0 0
1516083807.11 0 1514 0 0
1516083807.21 0 0 0 0
1516083807.31 0 0 0 0
1516083807.41 0 39364 0 0
1516083807.51 0 57532 0 0
1516083807.61 0 57532 0 0
1516083807.71 0 56018 0 0
1516083807.81 0 54504 0 0
1516083807.91 0 57532 0 0
1516083808.01 0 56018 0 0
1516083808.11 0 56018 0 0
1516083808.21 0 57532 0 0
1516083808.31 0 56018 0 0
1516083808.41 0 56018 0 0
1516083808.52 0 59046 0 0
1516083808.61 0 52990 0 0
1516083808.71 0 57532 0 0
1516083808.82 0 60560 0 0
1516083808.93 0 56018 0 0
1516083809.02 0 54504 0 0
1516083809.12 0 59046 0 0
1516083809.22 0 54504 0 0
1516083809.33 0 60560 0 0
1516083809.43 0 56018 0 0
1516083809.54 0 60560 0 0
1516083809.63 0 52990 0 0
1516083809.74 0 59046 0 0
1516083809.84 0 59046 0 0
1516083809.93 0 49962 0 0
1516083810.03 0 56018 0 0
1516083810.13 0 56018 0 0
1516083810.23 0 57532 0 0
1516083810.33 0 57532 0 0
1516083810.43 0 54504 0 0
1516083810.53 0 56018 0 0
1516083810.63 0 56018 0 0
1516083810.73 0 57532 0 0
1516083810.83 0 56018 0 0
1516083810.93 0 56018 0 0
1516083811.03 0 57532 0 0
1516083811.13 0 54504 0 0
1516083811.23 0 56018 0 0
1516083811.33 0 56018 0 0
1516083811.43 0 57532 0 0
1516083811.53 0 56018 0 0
1516083811.63 0 57532 0 0
1516083811.73 0 56018 0 0
1516083811.83 0 56018 0 0
1516083811.94 0 59046 0 42
1516083812.03 0 54504 0 0
1516083812.13 0 54504 0 0
1516083812.23 0 57532 0 0
1516083812.33 0 54504 0 0
1516083812.44 0 59046 0 0
1516083812.53 0 54504 0 0
1516083812.63 0 56018 0 0
1516083812.73 0 57532 0 0
1516083812.84 0 57532 0 0
1516083812.93 0 54504 0 0
1516083813.04 0 57532 0 0
1516083813.14 0 59046 0 0
1516083813.24 0 56018 0 0
1516083813.34 0 57532 0 0
1516083813.44 0 54504 0 0
1516083813.54 0 56018 0 0
1516083813.64 0 56018 0 0
1516083813.74 0 56018 0 0
1516083813.84 0 52990 0 0
1516083813.94 0 57532 0 0
1516083814.05 0 57532 0 0
1516083814.15 0 56018 0 0
1516083814.25 0 57532 0 0
1516083814.35 0 56018 0 0
1516083814.45 0 56018 0 0
1516083814.55 0 56018 0 0
1516083814.65 0 56018 0 0
1516083814.75 0 56018 0 0
1516083814.85 0 56018 0 0
1516083814.95 0 57532 0 0
1516083815.05 0 56018 0 0
1516083815.15 0 57532 0 0
1516083815.25 0 56018 0 0
1516083815.35 0 54504 0 0
1516083815.45 0 57532 0 0
1516083815.55 0 52990 0 0
1516083815.65 0 56018 0 0
1516083815.75 0 56018 0 0
1516083815.85 0 57532 0 0
1516083815.95 0 54504 0 0
1516083816.05 0 57532 0 0
1516083816.15 0 56018 0 0
1516083816.25 0 56018 0 0
1516083816.35 0 57532 0 0
1516083816.45 0 54504 0 0
1516083816.55 0 57532 0 0
1516083816.65 0 57532 0 0
1516083816.75 0 56018 0 0
1516083816.85 0 54504 0 0
1516083816.95 0 57532 0 42
1516083817.05 0 57532 0 0
1516083817.15 0 56018 0 0
1516083817.25 0 56018 0 0
1516083817.35 0 56018 0 0
1516083817.45 0 56018 0 0
1516083817.55 0 56018 0 0
1516083817.65 0 56018 0 0
1516083817.76 0 60560 0 0
1516083817.86 0 57532 0 0
1516083817.96 0 56018 0 0
1516083818.06 0 52990 0 0
1516083818.16 0 56018 0 0
1516083818.27 0 63588 0 0
1516083818.35 0 46934 0 0
1516083818.46 0 59046 0 0
1516083818.55 0 52990 0 0
1516083818.66 0 57532 0 0
1516083818.76 0 56018 0 0
1516083818.86 0 56018 0 0
1516083818.96 0 54504 0 0
1516083819.06 0 57532 0 0
1516083819.16 0 56018 0 0
1516083819.26 0 56018 0 0
1516083819.36 0 56018 0 0
1516083819.46 0 57532 0 0
1516083819.56 0 56018 0 0
1516083819.66 0 56018 0 0
1516083819.76 0 56018 0 0
1516083819.86 0 56018 0 0
1516083819.96 0 56018 0 0
1516083820.06 0 57532 0 0
1516083820.16 0 56018 0 0
1516083820.26 0 56018 0 0
1516083820.36 0 56018 0 0
1516083820.46 0 56018 0 0
1516083820.56 0 57532 0 0
1516083820.66 0 57532 0 0
1516083820.76 0 56018 0 0
1516083820.86 0 56018 0 0
1516083820.96 0 56018 0 0
1516083821.06 0 56018 0 0
1516083821.16 0 57532 0 0
1516083821.26 0 57532 0 0
1516083821.36 0 54504 0 0
1516083821.46 0 56018 0 0
1516083821.56 0 56018 0 0
1516083821.67 0 60560 0 0
1516083821.76 0 51476 0 0
1516083821.86 0 57532 0 0
1516083821.96 0 56018 0 0
1516083822.07 0 60560 0 0
1516083822.17 0 54504 0 0
1516083822.27 0 57532 0 0
1516083822.37 0 54504 0 0
1516083822.47 0 52990 0 0
1516083822.56 0 54504 0 0
1516083822.66 0 56018 0 0
1516083822.76 0 57532 0 0
1516083822.86 0 56018 0 0
1516083822.96 0 54504 0 0
1516083823.06 0 57532 0 0
1516083823.16 0 54504 0 0
1516083823.26 0 56018 0 0
1516083823.36 0 56018 0 0
1516083823.47 0 59046 0 0
1516083823.56 0 52990 0 0
1516083823.66 0 57532 0 0
1516083823.76 0 51476 0 0
1516083823.87 0 57532 0 0
1516083823.97 0 56018 0 0
1516083824.07 0 57532 0 0
1516083824.17 0 54504 0 0
1516083824.26 0 54504 0 0
1516083824.37 0 57532 0 0
1516083824.47 0 56018 0 0
1516083824.57 0 51476 0 0
1516083824.67 0 56018 0 0
1516083824.77 0 56018 0 0
1516083824.87 0 57532 0 0
1516083824.97 0 54504 0 0
1516083825.07 0 57532 0 0
1516083825.17 0 54504 0 0
1516083825.27 0 57532 0 0
1516083825.37 0 56018 0 0
1516083825.47 0 52990 0 0
1516083825.57 0 57532 0 0
1516083825.67 0 54504 0 0
1516083825.77 0 57532 0 0
1516083825.87 0 56018 0 0
1516083825.98 0 59046 0 0
1516083826.08 0 57532 0 0
1516083826.18 0 56018 0 0
1516083826.27 0 60560 0 0
1516083826.38 0 68130 0 0
1516083826.48 0 62074 0 0
1516083826.58 0 60560 0 0
1516083826.68 0 33308 0 0
1516083826.79 0 6056 0 0
1516083826.88 0 31794 0 0
1516083826.98 0 51476 0 0
1516083827.08 0 59046 0 0
1516083827.18 0 10598 0 0
1516083827.28 0 21196 0 0
1516083827.38 0 46934 0 0
1516083827.48 0 59046 0 0
1516083827.58 0 28766 0 0
1516083827.68 0 28766 0 0
1516083827.78 0 45420 0 0
1516083827.88 0 54504 0 0
1516083827.98 0 51476 0 0
1516083828.08 0 40878 0 0
1516083828.18 0 51476 0 0
1516083828.28 0 56018 0 0
1516083828.38 0 57532 0 0
1516083828.48 0 59046 0 0
1516083828.58 0 62074 0 0
1516083828.68 0 63588 0 0
1516083828.78 0 62074 0 0
1516083828.88 0 62074 0 0
1516083828.98 0 63588 0 0
1516083829.08 0 52990 0 0
1516083829.18 0 59046 0 0
1516083829.28 0 65102 0 0
1516083829.38 0 62074 0 0
1516083829.48 0 62074 0 0
1516083829.58 0 60560 0 0
1516083829.68 0 62074 0 0
1516083829.78 0 62074 0 0
1516083829.88 0 63588 0 0
1516083829.98 0 62074 0 0
1516083830.08 0 63588 0 0
1516083830.18 0 56018 0 0
1516083830.28 0 59046 0 0
1516083830.39 0 68130 0 0
1516083830.49 0 60560 0 0
1516083830.59 0 62074 0 0
1516083830.69 0 52990 0 0
1516083830.79 0 57532 0 0
1516083830.89 0 60560 0 0
1516083830.98 0 62074 0 0
1516083831.09 0 65102 0 0
1516083831.19 0 63588 0 0
1516083831.29 0 57532 0 0
1516083831.39 0 54504 0 0
1516083831.49 0 62074 0 0
1516083831.59 0 63588 0 0
1516083831.69 0 63588 0 0
1516083831.79 0 62074 0 0
1516083831.89 0 57532 0 0
1516083831.99 0 56018 0 0
1516083832.09 0 62074 0 0
1516083832.19 0 59046 0 0
1516083832.29 0 63588 0 0
1516083832.39 0 63588 0 0
1516083832.49 0 60560 0 0
1516083832.59 0 57532 0 0
1516083832.69 0 66616 0 0
1516083832.79 0 60560 0 0
1516083832.89 0 63588 0 0
1516083832.99 0 56018 0 0
1516083833.09 0 59046 0 0
1516083833.19 0 63588 0 0
1516083833.29 0 62074 0 0
1516083833.39 0 63588 0 0
1516083833.49 0 62074 0 0
1516083833.59 0 56018 0 0
1516083833.69 0 54504 0 0
1516083833.79 0 60560 0 0
1516083833.89 0 62074 0 0
1516083833.99 0 62074 0 0
1516083834.09 0 63588 0 0
1516083834.19 0 62074 0 0
1516083834.29 0 52990 0 0
1516083834.39 0 62074 0 0
1516083834.49 0 63588 0 0
1516083834.59 0 62074 0 0
1516083834.69 0 63588 0 0
1516083834.79 0 52990 0 0
1516083834.89 0 60560 0 0
1516083834.99 0 63588 0 0
1516083835.1 0 62074 0 0
1516083835.2 0 62074 0 0
1516083835.3 0 63588 0 0
1516083835.4 0 57532 0 0
1516083835.49 0 51476 0 0
1516083835.59 0 60560 0 0
1516083835.69 0 60560 0 0
1516083835.8 0 62074 0 0
1516083835.89 0 62074 0 0
1516083835.99 0 59046 0 0
1516083836.1 0 62074 0 0
1516083836.19 0 62074 0 0
1516083836.29 0 63588 0 0
1516083836.4 0 62074 0 0
1516083836.5 0 54504 0 0
1516083836.6 0 60560 0 0
1516083836.7 0 63588 0 0
1516083836.8 0 60560 0 0
1516083836.9 0 63588 0 0
1516083837.0 0 60560 0 0
1516083837.1 0 59046 0 0
1516083837.2 0 60560 0 0
1516083837.3 0 63588 0 0
1516083837.4 0 62074 0 0
1516083837.5 0 63588 0 0
1516083837.6 0 57532 0 0
1516083837.7 0 45420 0 0
1516083837.8 0 57532 0 0
1516083837.9 0 60560 0 0
1516083838.0 0 62074 0 0
1516083838.1 0 63588 0 0
1516083838.2 0 63588 0 0
1516083838.3 0 62074 0 0
1516083838.4 0 59046 0 0
1516083838.5 0 62074 0 0
1516083838.6 0 62074 0 0
1516083838.71 0 66616 0 0
1516083838.81 0 62074 0 0
1516083838.9 0 60560 0 0
1516083839.0 0 62074 0 0
1516083839.11 0 69644 0 0
1516083839.21 0 57532 0 0
1516083839.31 0 63588 0 0
1516083839.42 0 66616 0 0
1516083839.52 0 63588 0 0
1516083839.61 0 60560 0 0
1516083839.72 0 68130 0 0
1516083839.82 0 59046 0 0
1516083839.92 0 62074 0 0
1516083840.02 0 62074 0 0
1516083840.12 0 57532 0 42
1516083840.22 0 62074 0 0
1516083840.32 0 63588 0 0
1516083840.42 0 62074 0 0
1516083840.51 0 62074 0 0
1516083840.62 0 52990 0 0
1516083840.72 0 62074 0 0
1516083840.82 0 63588 0 0
1516083840.92 0 62074 0 0
1516083841.02 0 63588 0 0
1516083841.12 0 62074 0 0
1516083841.22 0 62074 0 0
1516083841.32 0 62074 0 0
1516083841.42 0 63588 0 0
1516083841.52 0 62074 0 0
1516083841.62 0 62074 0 0
1516083841.72 0 63588 0 0
1516083841.82 0 52990 0 0
1516083841.92 0 57532 0 0
1516083842.02 0 63588 0 0
1516083842.12 0 63588 0 0
1516083842.22 0 62074 0 0
1516083842.32 0 63588 0 0
1516083842.42 0 51476 0 0
1516083842.52 0 59046 0 0
1516083842.62 0 62074 0 0
1516083842.72 0 60560 0 0
1516083842.82 0 62074 0 0
1516083842.92 0 63588 0 0
1516083843.03 0 66616 0 0
1516083843.13 0 62074 0 0
1516083843.23 0 60560 0 0
1516083843.33 0 63588 0 0
1516083843.43 0 66616 0 0
1516083843.53 0 54504 0 0
1516083843.64 0 57532 0 0
1516083843.72 0 62074 0 0
1516083843.82 0 62074 0 0
1516083843.93 0 63588 0 0
1516083844.03 0 62074 0 0
1516083844.13 0 57532 0 0
1516083844.22 0 59046 0 0
1516083844.32 0 62074 0 0
1516083844.43 0 63588 0 0
1516083844.53 0 62074 0 0
1516083844.63 0 63588 0 0
1516083844.73 0 54504 0 0
1516083844.83 0 60560 0 0
1516083844.93 0 63588 0 0
1516083845.03 0 62074 0 0
1516083845.13 0 62074 0 0
1516083845.23 0 63588 0 42
1516083845.33 0 60560 0 0
1516083845.43 0 60560 0 0
1516083845.53 0 63588 0 0
1516083845.63 0 62074 0 0
1516083845.73 0 63588 0 0
1516083845.83 0 62074 0 0
1516083845.93 0 60560 0 0
1516083846.03 0 63588 0 0
1516083846.13 0 62074 0 0
1516083846.23 0 63588 0 0
1516083846.33 0 62074 0 0
1516083846.43 0 62074 0 0
1516083846.53 0 62074 0 0
1516083846.63 0 62074 0 0
1516083846.73 0 63588 0 0
1516083846.83 0 62074 0 0
1516083846.93 0 65102 0 0
1516083847.03 0 63588 0 0
1516083847.14 0 65102 0 0
1516083847.24 0 62074 0 0
1516083847.34 0 65102 0 0
1516083847.44 0 62074 0 0
1516083847.54 0 63588 0 0
1516083847.64 0 63588 0 0
1516083847.75 0 57532 0 0
1516083847.84 0 59046 0 0
1516083847.94 0 60560 0 0
1516083848.05 0 66616 0 0
1516083848.15 0 66616 0 0
1516083848.25 0 48448 0 0
1516083848.35 0 60560 0 0
1516083848.45 0 63588 0 0
1516083848.55 0 63588 0 0
1516083848.65 0 63588 0 0
1516083848.75 0 59046 0 0
1516083848.85 0 63588 0 0
1516083848.95 0 65102 0 0
1516083849.05 0 60560 0 0
1516083849.15 0 63588 0 0
1516083849.25 0 48448 0 0
1516083849.35 0 62074 0 0
1516083849.45 0 62074 0 0
1516083849.55 0 62074 0 0
1516083849.65 0 63588 0 0
1516083849.75 0 60560 0 0
1516083849.85 0 63588 0 0
1516083849.95 0 62074 0 0
1516083850.05 0 62074 0 0
1516083850.15 0 63588 0 0
1516083850.25 0 60560 0 0
1516083850.35 0 63588 0 0
1516083850.45 0 63588 0 0
1516083850.55 0 62074 0 0
1516083850.66 0 63588 0 0
1516083850.76 0 57532 0 0
1516083850.86 0 63588 0 0
1516083850.95 0 62074 0 0
1516083851.06 0 62074 0 0
1516083851.16 0 60560 0 0
1516083851.25 0 52990 0 0
1516083851.36 0 60560 0 0
1516083851.46 0 63588 0 0
1516083851.55 0 62074 0 0
1516083851.65 0 62074 0 0
1516083851.76 0 63588 0 0
1516083851.86 0 54504 0 0
1516083851.96 0 51476 0 0
1516083852.06 0 65102 0 0
1516083852.16 0 57532 0 0
1516083852.26 0 66616 0 0
1516083852.36 0 63588 0 0
1516083852.46 0 59046 0 0
1516083852.56 0 60560 0 0
1516083852.66 0 62074 0 0
1516083852.76 0 63588 0 0
1516083852.86 0 63588 0 0
1516083852.96 0 62074 0 0
1516083853.06 0 62074 0 0
1516083853.16 0 59046 0 0
1516083853.26 0 62074 0 0
1516083853.36 0 63588 0 0
1516083853.46 0 60560 0 0
1516083853.56 0 62074 0 0
1516083853.66 0 59046 0 0
1516083853.76 0 62074 0 0
1516083853.86 0 63588 0 0
1516083853.96 0 62074 0 0
1516083854.06 0 63588 0 0
1516083854.16 0 54504 0 0
1516083854.26 0 56018 0 0
1516083854.36 0 60560 0 0
1516083854.46 0 60560 0 0
1516083854.56 0 63588 0 0
1516083854.66 0 62074 0 0
1516083854.76 0 63588 0 0
1516083854.86 0 49962 0 0
1516083854.96 0 57532 0 0
1516083855.06 0 63588 0 0
1516083855.16 0 63588 0 0
1516083855.26 0 60560 0 0
1516083855.36 0 60560 0 0
1516083855.46 0 63588 0 0
1516083855.56 0 62074 0 0
1516083855.67 0 63588 0 0
1516083855.77 0 62074 0 0
1516083855.87 0 63588 0 0
1516083855.97 0 57532 0 0
1516083856.07 0 59046 0 0
1516083856.17 0 60560 0 0
1516083856.28 0 68130 0 0
1516083856.38 0 65102 0 0
1516083856.48 0 60560 0 0
1516083856.58 0 54504 0 0
1516083856.68 0 60560 0 0
1516083856.79 0 69644 0 0
1516083856.89 0 63588 0 0
1516083856.99 0 62074 0 0
1516083857.09 0 60560 0 0
1516083857.19 0 46934 0 0
1516083857.29 0 54504 0 0
1516083857.39 0 62074 0 0
1516083857.49 0 60560 0 0
1516083857.59 0 63588 0 0
1516083857.69 0 63588 0 0
1516083857.79 0 62074 0 0
1516083857.89 0 62074 0 0
1516083857.99 0 48448 0 0
1516083858.09 0 57532 0 0
1516083858.19 0 60560 0 0
1516083858.29 0 63588 0 0
1516083858.39 0 62074 0 0
1516083858.49 0 63588 0 0
1516083858.59 0 62074 0 0
1516083858.69 0 46934 0 0
1516083858.79 0 49962 0 0
1516083858.89 0 56018 0 0
1516083858.99 0 62074 0 0
1516083859.09 0 60560 0 0
1516083859.19 0 62074 0 0
1516083859.29 0 63588 0 0
1516083859.39 0 62074 0 0
1516083859.49 0 59046 0 0
1516083859.59 0 62074 0 0
1516083859.69 0 62074 0 0
1516083859.79 0 63588 0 0
1516083859.89 0 63588 0 0
1516083859.99 0 59046 0 0
1516083860.09 0 54504 0 0
1516083860.19 0 56018 0 0
1516083860.29 0 59046 0 0
1516083860.39 0 63588 0 0
1516083860.49 0 62074 0 0
1516083860.59 0 62074 0 0
1516083860.69 0 62074 0 0
1516083860.79 0 56018 0 0
1516083860.9 0 63588 0 0
1516083861.0 0 65102 0 0
1516083861.1 0 62074 0 0
1516083861.2 0 62074 0 0
1516083861.3 0 57532 0 0
1516083861.41 0 62074 0 0
1516083861.51 0 57532 0 0
1516083861.61 0 65102 0 0
1516083861.7 0 62074 0 0
1516083861.81 0 65102 0 0
1516083861.91 0 62074 0 0
1516083862.02 0 62074 0 0
1516083862.12 0 60560 0 0
1516083862.21 0 62074 0 0
1516083862.31 0 62074 0 0
1516083862.41 0 62074 0 0
1516083862.51 0 52990 0 0
1516083862.61 0 60560 0 0
1516083862.72 0 68130 0 0
1516083862.81 0 59046 0 0
1516083862.91 0 62074 0 0
1516083863.01 0 63588 0 0
1516083863.11 0 48448 0 0
1516083863.21 0 60560 0 42
1516083863.31 0 62074 0 0
1516083863.41 0 63588 0 0
1516083863.51 0 62074 0 0
1516083863.62 0 63588 0 0
1516083863.71 0 48448 0 0
1516083863.82 0 60560 0 0
1516083863.92 0 60560 0 0
1516083864.01 0 63588 0 0
1516083864.12 0 63588 0 0
1516083864.22 0 62074 0 0
1516083864.32 0 59046 0 0
1516083864.41 0 59046 0 0
1516083864.52 0 62074 0 0
1516083864.62 0 62074 0 0
1516083864.72 0 63588 0 74
1516083864.82 3028 59046 6056 7726
1516083864.92 6056 48448 9084 12112
1516083865.02 21196 46934 19682 16654
1516083865.12 37850 45420 33308 16654
1516083865.22 54504 45420 51476 18168
1516083865.32 57532 45420 57532 16654
1516083865.42 18168 43906 56018 18168
1516083865.52 0 18168 34000 40878
1516083865.62 0 3028 16654 62074
1516083865.72 0 13626 31794 52990
1516083865.83 0 15140 34000 46934
1516083865.93 0 15140 39364 46934
1516083866.03 0 16654 40878 48448
1516083866.13 0 16654 45420 43906
1516083866.23 0 22710 48448 43906
1516083866.33 0 21196 54504 40878
1516083866.43 0 24224 56018 40878
1516083866.54 0 24224 62074 37850
1516083866.64 0 28766 65102 37850
1516083866.74 0 25738 68130 33308
1516083866.84 0 30280 71158 31794
1516083866.93 0 31794 72672 28766
1516083867.03 0 34822 77214 27252
1516083867.13 0 36336 83270 27252
1516083867.24 0 39364 87812 24224
1516083867.33 0 39364 86298 22710
1516083867.43 1514 40878 87812 22710
1516083867.53 7570 39364 87812 22710
1516083867.64 12112 40878 92354 22710
1516083867.73 19682 39364 90840 22710
1516083867.83 15140 39364 93868 22710
1516083867.93 4542 39364 92354 22710
1516083868.03 0 25738 84784 34822
1516083868.13 0 18168 75700 43906
1516083868.23 0 27252 87812 34822
1516083868.33 0 27252 89326 37850
1516083868.43 0 25738 92354 34822
1516083868.54 0 33308 96896 31794
1516083868.64 0 30280 95382 33308
1516083868.74 0 33308 104466 27252
1516083868.84 0 40878 109008 24224
1516083868.94 1514 39364 109008 24224
1516083869.04 6056 37850 109008 24224
1516083869.14 13626 39364 113550 24224
1516083869.24 24224 37850 113550 24224
1516083869.34 21196 37850 116578 22710
1516083869.44 12112 37850 113550 24224
1516083869.54 0 31794 112036 28766
1516083869.64 0 9084 89326 54504
1516083869.74 0 22710 105980 39364
1516083869.84 0 22710 106022 40878
1516083869.94 0 22710 110564 37850
1516083870.04 0 27252 113592 39364
1516083870.14 0 27252 119606 34864
1516083870.25 0 31794 122634 34822
1516083870.35 0 31794 125662 30280
1516083870.45 0 33308 125662 31794
1516083870.55 0 36336 133232 25738
1516083870.65 0 37850 134746 25738
1516083870.75 1514 37850 139288 24224
1516083870.86 6056 42392 139288 27252
1516083870.96 10598 34822 143830 24224
1516083871.06 18168 39364 146858 24224
1516083871.16 12112 36336 149886 24224
1516083871.25 1514 37850 154428 24224
1516083871.35 0 25738 149886 34822
1516083871.45 0 22710 149886 40878
1516083871.55 0 28766 163512 33308
1516083871.65 0 27252 169568 36336
1516083871.75 0 31794 173000 30280
1516083871.85 0 30280 183194 30280
1516083871.95 0 36336 196820 27252
1516083872.05 0 34822 202876 27252
1516083872.16 0 40878 207418 27252
1516083872.25 3028 36336 214988 22710
1516083872.36 6056 39364 221044 25738
1516083872.45 13626 37850 225586 25738
1516083872.55 18168 36336 230128 24224
1516083872.65 16654 37850 239212 24224
1516083872.75 7570 37850 245268 25738
1516083872.85 0 30280 248296 27252
1516083872.95 0 13626 239212 49962
1516083873.05 0 27252 266464 36336
1516083873.15 0 24224 272520 36336
1516083873.25 0 25738 283118 37850
1516083873.35 0 25738 292202 36336
1516083873.46 0 33308 307342 31794
1516083873.55 0 34822 317940 27252
1516083873.66 0 39364 328538 25738
1516083873.76 4542 37850 336108 24224
1516083873.86 9084 37850 343678 25738
1516083873.96 16654 37850 354276 24224
1516083874.06 16654 36336 361846 25738
1516083874.16 9084 39364 369416 24224
1516083874.26 0 33308 376986 24224
1516083874.36 0 13626 361846 49962
1516083874.46 0 27252 376986 36336
1516083874.56 0 25738 378500 36336
1516083874.66 0 28766 376986 34822
1516083874.76 0 30280 375472 33308
1516083874.86 0 31794 376986 31794
1516083874.96 0 33308 375472 28766
1516083875.06 0 37850 376986 27252
1516083875.17 0 37850 376986 25738
1516083875.27 1514 37850 376986 25738
1516083875.36 4542 36336 378500 22710
1516083875.47 13626 40878 376986 28766
1516083875.57 19682 36336 376986 24224
1516083875.68 18168 42392 369416 27252
1516083875.77 4542 34822 364874 22710
1516083875.87 0 19682 340650 40878
1516083875.97 0 18168 325510 43906
1516083876.08 0 24224 317940 39364
1516083876.18 0 27252 307342 39364
1516083876.27 0 25738 298258 33308
1516083876.37 0 27252 290730 33308
1516083876.47 0 30280 305870 33308
1516083876.57 0 33308 325552 30280
1516083876.67 0 33308 345234 28766
1516083876.77 0 37850 360374 25738
1516083876.87 0 37850 366430 25738
1516083876.97 3028 37850 364916 25738
1516083877.08 7570 37850 366430 24224
1516083877.18 13626 37850 364916 25738
1516083877.27 18168 36336 364916 24224
1516083877.37 21196 37850 364958 25738
1516083877.47 7570 37850 366430 24266
1516083877.58 0 25738 355832 34822
1516083877.68 0 24224 352804 37850
1516083877.77 0 19682 346748 43906
1516083877.88 0 21196 351290 39364
1516083877.97 0 22710 349776 40878
1516083878.08 0 25738 352804 37850
1516083878.18 0 25738 357346 36336
1516083878.28 0 27252 361888 34822
1516083878.38 0 28766 363360 33350
1516083878.48 0 33308 369416 30280
1516083878.58 0 34822 372444 30280
1516083878.68 0 37850 376986 25738
1516083878.78 3028 37850 376986 24224
1516083878.88 7570 37850 376986 25738
1516083878.98 15140 36336 376986 24224
1516083879.08 18168 37850 376986 25738
1516083879.18 9084 37850 378500 24224
1516083879.28 0 37850 376986 25738
1516083879.38 0 13626 358818 46934
1516083879.48 0 22710 370930 37850
1516083879.58 0 27252 376986 36336
1516083879.68 0 28766 378500 34822
1516083879.78 0 31794 376986 33308
1516083879.88 0 30280 376986 31794
1516083879.99 0 36336 376986 28766
1516083880.09 0 36336 373958 25738
1516083880.19 0 39364 366388 25738
1516083880.29 4542 36336 358818 24224
1516083880.39 9084 37850 351248 25738
1516083880.5 16654 40878 342164 27252
1516083880.6 13626 39364 334594 25738
1516083880.69 3028 33308 328538 22710
1516083880.8 0 28766 308856 37850
1516083880.89 0 15140 289174 40878
1516083880.99 0 27252 287660 33308
1516083881.09 0 30280 277062 36336
1516083881.19 0 30280 275548 30280
1516083881.29 0 31794 275000 30280
1516083881.39 0 34822 287660 28766
1516083881.49 0 34822 290688 27252
1516083881.6 0 42392 292202 27252
1516083881.69 1514 34822 292202 22710
1516083881.79 6056 37850 290688 25738
1516083881.89 15140 36336 292202 24224
1516083881.99 21196 37850 290688 25738
1516083882.09 28766 37850 292202 24224
1516083882.19 19682 37850 290688 25738
1516083882.29 9084 36336 292202 24224
1516083882.39 0 21196 275548 40878
1516083882.49 0 15140 269492 46934
1516083882.59 0 21196 275548 40878
1516083882.69 0 21196 274034 43906
1516083882.79 0 18168 277062 43906
1516083882.89 0 21196 280090 40878
1516083882.99 0 24224 287660 37850
1516083883.09 0 25738 290688 37850
1516083883.19 0 27252 293716 33308
1516083883.29 0 31794 295230 33308
1516083883.39 0 33308 302800 28766
1516083883.49 0 33308 304314 30280
1516083883.59 0 36336 308856 25738
1516083883.69 0 37850 311884 25738
1516083883.79 3028 37850 311884 24224
1516083883.9 6056 37850 313398 25738
1516083884.0 13626 37850 309000 25738
1516083884.09 18168 36336 319454 24224
1516083884.2 10598 40878 320968 27252
1516083884.3 0 34822 320968 24224
1516083884.4 0 16654 305828 42392
1516083884.5 0 25738 313398 36336
1516083884.6 0 27252 313398 37850
1516083884.7 0 28766 319454 33308
1516083884.8 0 33308 322482 34822
1516083884.9 0 30280 328538 27252
1516083885.0 0 33308 331566 28766
1516083885.1 0 34822 334594 27252
1516083885.2 0 39364 339136 24224
1516083885.3 3028 37850 337622 25738
1516083885.4 7570 37850 340650 24224
1516083885.5 13626 37850 340650 25738
1516083885.6 19682 36336 343678 24224
1516083885.7 12112 37850 343678 25738
1516083885.8 0 37850 343678 24224
1516083885.9 0 16654 323996 43906
1516083886.0 0 24224 331566 39364
1516083886.1 0 24224 334594 37850
1516083886.2 0 27252 339136 34822
1516083886.3 0 30280 339178 34822
1516083886.4 0 28766 342206 33308
1516083886.5 0 33308 346748 27252
1516083886.6 0 36336 348262 28766
1516083886.7 0 39364 346000 24224
1516083886.8 4542 36336 351290 25738
1516083886.9 9084 37850 351290 24224
1516083887.0 16654 37850 351290 25738
1516083887.1 24224 37850 346000 24224
1516083887.2 24224 36336 352804 25738
1516083887.3 12112 39364 352846 25738
1516083887.4 0 34822 352846 24224
1516083887.5 0 15140 331608 48490
1516083887.6 0 10598 328580 49962
1516083887.7 0 19682 336150 42392
1516083887.8 0 21196 340692 42392
1516083887.9 0 22710 340692 39364
1516083888.0 0 25738 345234 36336
1516083888.1 0 25738 343720 37850
1516083888.2 0 30280 345192 33350
1516083888.3 0 30280 348220 33308
1516083888.4 0 33308 351248 28766
1516083888.51 0 34822 355790 28766
1516083888.61 0 36336 357304 27252
1516083888.71 0 39364 358818 25738
1516083888.81 3028 37850 358818 24224
1516083888.91 7570 37850 358818 25738
1516083889.01 15140 37850 357304 25738
1516083889.11 19682 37850 357304 25738
1516083889.21 10598 37850 360332 24224
1516083889.31 0 36336 358818 25738
1516083889.42 0 15140 336108 48448
1516083889.52 0 25738 346706 40878
1516083889.63 0 25738 349734 37850
1516083889.73 0 27252 351248 36336
1516083889.83 0 31794 354276 33308
1516083889.93 0 27252 354276 28766
1516083890.02 0 34822 357304 30280
1516083890.13 0 36336 361846 27252
1516083890.22 0 36336 364874 24224
1516083890.32 0 39364 366388 25738
1516083890.42 4542 37850 364874 24224
1516083890.53 12112 37850 366388 25738
1516083890.63 19682 36336 369416 24224
1516083890.73 19682 37850 369416 25738
1516083890.82 4542 37850 369416 24224
1516083890.93 0 25738 360332 34822
1516083891.03 0 13626 351248 48448
1516083891.13 0 24224 361846 39364
1516083891.22 0 27252 361846 36336
1516083891.33 0 27252 370930 34822
1516083891.42 0 28766 373958 31794
1516083891.53 0 33308 376986 30280
1516083891.62 0 34822 378500 28766
1516083891.72 0 36336 376986 25738
1516083891.82 0 37850 378500 24224
1516083891.93 4542 37850 376986 25738
1516083892.03 7570 37850 375472 25738
1516083892.12 15140 37850 375472 24224
1516083892.23 24224 37850 376986 25738
1516083892.33 19682 37850 376986 24224
1516083892.43 10598 36336 375472 25738
1516083892.53 0 22710 361846 37850
1516083892.63 0 7570 349734 56018
1516083892.73 0 16654 367902 43906
1516083892.83 0 19682 375472 43906
1516083892.93 0 21196 372444 40878
1516083893.03 0 22710 360332 40878
1516083893.13 0 25738 351248 37850
1516083893.23 0 24224 340650 36336
1516083893.33 0 30280 333080 33308
1516083893.43 0 30280 323996 33308
1516083893.53 0 30280 309000 30280
1516083893.63 0 36336 308856 28766
1516083893.73 0 36336 301286 28766
1516083893.83 0 37850 293716 25738
1516083893.93 3028 37850 286146 25738
1516083894.03 7570 37850 286146 24224
1516083894.13 13626 37850 286146 25738
1516083894.24 18168 37850 286146 25738
1516083894.34 9084 37850 286146 24224
1516083894.44 0 34822 283118 30280
1516083894.54 0 16654 266464 43906
1516083894.65 0 27252 274034 37850
1516083894.75 0 27252 275548 36336
1516083894.85 0 28766 278576 33308
1516083894.95 0 34822 275000 34822
1516083895.05 0 30280 286146 28766
1516083895.15 0 33308 289174 25738
1516083895.25 0 36336 295230 27252
1516083895.35 1514 39364 301286 25738
1516083895.45 4542 37850 302800 25738
1516083895.55 9084 37850 302800 24224
1516083895.65 15140 36336 308856 25738
1516083895.75 12112 37850 311884 24224
1516083895.85 9084 37850 314912 25738
1516083895.95 0 34822 317940 24224
1516083896.05 0 13626 299772 48448
1516083896.15 0 19682 310370 42392
1516083896.25 0 22710 309000 40878
1516083896.35 0 22710 320968 39364
1516083896.45 0 25738 325510 37850
1516083896.55 0 27252 333080 36336
1516083896.65 0 27252 339136 33308
1516083896.75 0 30280 342164 31794
1516083896.85 0 33308 348220 30280
1516083896.95 0 36336 352762 27252
1516083897.05 0 37850 357304 25738
1516083897.15 0 37850 363360 25738
1516083897.25 4542 37850 363360 24224
1516083897.35 12112 36336 366388 25738
1516083897.45 21196 37850 366388 24224
1516083897.55 18168 37850 370930 25738
1516083897.65 6056 37850 372444 24224
1516083897.75 0 24224 363360 36336
1516083897.85 0 16654 352762 48448
1516083897.95 0 22710 364874 36336
1516083898.05 0 25738 367902 40878
1516083898.15 0 27252 375472 33308
1516083898.25 0 27252 373958 34822
1516083898.35 0 30280 376986 31794
1516083898.45 0 33308 376986 30280
1516083898.56 0 36336 375472 30280
1516083898.65 0 36336 376986 24224
1516083898.75 0 36336 376986 25738
1516083898.85 3028 39364 376986 24224
1516083898.96 7570 37850 375472 25738
1516083899.06 16654 39364 375472 27252
1516083899.16 18168 36336 376986 22710
1516083899.26 9084 37850 375472 25738
1516083899.36 0 33308 375472 24224
1516083899.46 0 13626 352762 49962
1516083899.56 0 25738 367902 37850
1516083899.65 0 25738 364874 36336
1516083899.76 0 27252 354276 36336
1516083899.86 0 25738 345192 36336
1516083899.96 0 28766 336108 31794
1516083900.06 0 31794 328538 31794
1516083900.16 0 34822 322482 28766
1516083900.26 0 34822 313440 28766
1516083900.36 0 37850 307384 25738
1516083900.46 3028 37850 299814 24224
1516083900.56 6056 37850 292244 24224
1516083900.66 12112 37850 278000 25738
1516083900.76 22710 36336 277104 24224
1516083900.86 16654 37850 275590 25738
1516083900.96 3028 37850 275590 24224
1516083901.06 0 21196 261964 39364
1516083901.16 0 15140 252880 46934
1516083901.26 0 25738 262006 37850
1516083901.36 0 24224 263478 37892
1516083901.46 0 27252 264992 34822
1516083901.56 0 28766 266506 34822
1516083901.66 0 31794 271048 30280
1516083901.76 0 33308 274076 30280
1516083901.87 0 37850 278618 28766
1516083901.96 0 34822 272074 25738
1516083902.06 0 37850 242000 24266
1516083902.17 4542 39364 220556 27252
1516083902.26 10598 36336 196332 24224
1516083902.36 16654 37850 170594 25738
1516083902.47 15140 39364 144856 25738
1516083902.57 3028 37850 119118 25738
1516083902.67 0 25738 85810 33308
1516083902.77 0 19682 41904 43906
1516083902.87 0 28766 5568 36336
1516083902.97 0 27252 0 5568
1516083903.08 0 33308 0 66
1516083903.18 0 30280 0 0
1516083903.27 0 33308 0 0
1516083903.38 0 36336 0 0
1516083903.48 0 36336 0 0
1516083903.58 0 40878 0 0
1516083903.68 0 48448 0 0
1516083903.78 0 51476 0 0
1516083903.88 0 57532 0 0
1516083903.98 0 62074 0 0
1516083904.08 0 62074 0 0
1516083904.18 0 63588 0 0
1516083904.28 0 60560 0 0
1516083904.38 0 62074 0 0
1516083904.48 0 16654 0 0
1516083904.58 0 24224 0 0
1516083904.68 0 42392 0 0
1516083904.78 0 42392 0 0
1516083904.88 0 46934 0 0
1516083904.98 0 46934 0 0
1516083905.08 0 49962 0 0
1516083905.18 0 52990 0 0
1516083905.28 0 54504 0 0
1516083905.38 0 59046 0 0
1516083905.48 0 60560 0 0
1516083905.58 0 62074 0 0
1516083905.68 0 62074 0 0
1516083905.78 0 63588 0 0
1516083905.88 0 62074 0 0
1516083905.98 0 42392 0 0
1516083906.08 0 51476 0 0
1516083906.18 0 57532 0 0
1516083906.28 0 60560 0 0
1516083906.38 0 63588 0 0
1516083906.49 0 66616 0 0
1516083906.59 0 62074 0 0
1516083906.68 0 59046 0 0
1516083906.79 0 57532 0 0
1516083906.89 0 33308 0 0
1516083906.98 0 49962 0 0
1516083907.08 0 51476 0 0
1516083907.19 0 62074 0 0
1516083907.28 0 54504 0 0
1516083907.38 0 62074 0 0
1516083907.49 0 63588 0 0
1516083907.58 0 62074 0 0
1516083907.69 0 63588 0 0
1516083907.79 0 56018 0 0
1516083907.89 0 59046 0 0
1516083907.99 0 59046 0 0
1516083908.09 0 63588 0 0
1516083908.19 0 62074 0 0
1516083908.29 0 62074 0 0
1516083908.39 0 63588 0 0
1516083908.49 0 42392 0 0
1516083908.59 0 60560 0 0
1516083908.69 0 60560 0 0
1516083908.79 0 65102 0 0
1516083908.89 0 60560 0 0
1516083908.99 0 63588 0 42
1516083909.09 0 60560 0 0
1516083909.19 0 46934 0 0
1516083909.29 0 62074 0 0
1516083909.39 0 59046 0 0
1516083909.49 0 63588 0 0
1516083909.59 0 62074 0 0
1516083909.69 0 63588 0 0
1516083909.79 0 52990 0 0
1516083909.89 0 57532 0 0
1516083909.99 0 60560 0 0
1516083910.09 0 65102 0 0
1516083910.19 0 62074 0 0
1516083910.29 0 62074 0 0
1516083910.39 0 56018 0 0
1516083910.49 0 60560 0 0
1516083910.59 0 62074 0 0
1516083910.69 0 63588 0 0
1516083910.8 0 66616 0 0
1516083910.9 0 54504 0 0
1516083911.0 0 62074 0 0
1516083911.09 0 62074 0 0
1516083911.2 0 66616 0 0
1516083911.3 0 62074 0 0
1516083911.41 0 57532 0 0
1516083911.51 0 60560 0 0
1516083911.61 0 63588 0 0
1516083911.71 0 63588 0 0
1516083911.81 0 63588 0 0
1516083911.92 0 65102 0 0
1516083912.01 0 51476 0 0
1516083912.11 0 39364 0 0
1516083912.21 0 52990 0 0
1516083912.31 0 57532 0 0
1516083912.41 0 59046 0 0
1516083912.51 0 63588 0 0
1516083912.61 0 62074 0 0
1516083912.71 0 63588 0 0
1516083912.81 0 60560 0 0
1516083912.91 0 59046 0 0
1516083913.01 0 46934 0 0
1516083913.11 0 57532 0 0
1516083913.21 0 62074 0 0
1516083913.31 0 63588 0 0
1516083913.41 0 62074 0 0
1516083913.51 0 62074 0 0
1516083913.61 0 63588 0 0
1516083913.71 0 62074 0 0
1516083913.81 0 63588 0 0
1516083913.91 0 62074 0 0
1516083914.01 0 60560 0 42
1516083914.11 0 63588 0 0
1516083914.21 0 62074 0 0
1516083914.32 0 65102 0 0
1516083914.41 0 62074 0 0
1516083914.52 0 63588 0 0
1516083914.62 0 63588 0 0
1516083914.72 0 60560 0 0
1516083914.82 0 63588 0 0
1516083914.93 0 54504 0 0
1516083915.02 0 31794 0 0
1516083915.12 0 54504 0 0
1516083915.22 0 60560 0 0
1516083915.33 0 62074 0 0
1516083915.43 0 63588 0 0
1516083915.53 0 65102 0 0
1516083915.63 0 63588 0 0
1516083915.74 0 65102 0 0
1516083915.83 0 54504 0 0
1516083915.93 0 60560 0 0
1516083916.03 0 62074 0 0
1516083916.13 0 63588 0 0
1516083916.23 0 62074 0 0
1516083916.33 0 54504 0 0
1516083916.43 0 63588 0 0
1516083916.53 0 62074 0 0
1516083916.63 0 63588 0 0
1516083916.73 0 62074 0 0
1516083916.83 0 59046 0 0
1516083916.93 0 62074 0 0
1516083917.03 0 63588 0 0
1516083917.13 0 62074 0 0
1516083917.23 0 62074 0 0
1516083917.33 0 54504 0 0
1516083917.43 0 62074 0 0
1516083917.53 0 63588 0 0
1516083917.63 0 63588 0 0
1516083917.73 0 63588 0 0
1516083917.83 0 48448 0 0
1516083917.93 0 60560 0 0
1516083918.03 0 63588 0 0
1516083918.13 0 63588 0 0
1516083918.23 0 62074 0 0
1516083918.33 0 57532 0 0
1516083918.43 0 63588 0 0
1516083918.53 0 62074 0 0
1516083918.63 0 62074 0 0
1516083918.73 0 63588 0 0
1516083918.83 0 49962 0 0
1516083918.93 0 59046 0 0
1516083919.03 0 62074 0 0
1516083919.13 0 63588 0 0
1516083919.24 0 65102 0 0
1516083919.34 0 62074 0 0
1516083919.44 0 63588 0 0
1516083919.54 0 62074 0 0
1516083919.65 0 66616 0 0
1516083919.75 0 63588 0 0
1516083919.85 0 62074 0 0
1516083919.96 0 63588 0 0
1516083920.05 0 45420 0 0
1516083920.15 0 59046 0 0
1516083920.26 0 65102 0 0
1516083920.35 0 56018 0 0
1516083920.45 0 62074 0 0
1516083920.55 0 63588 0 0
1516083920.65 0 60560 0 0
1516083920.75 0 65102 0 0
1516083920.85 0 60560 0 0
1516083920.95 0 63588 0 0
1516083921.05 0 62074 0 0
1516083921.15 0 59046 0 0
1516083921.25 0 60560 0 0
1516083921.35 0 62074 0 0
1516083921.45 0 63588 0 0
1516083921.55 0 59046 0 0
1516083921.65 0 59046 0 0
1516083921.75 0 60560 0 0
1516083921.85 0 63588 0 0
1516083921.95 0 62074 0 0
1516083922.05 0 60560 0 0
1516083922.15 0 57532 0 0
1516083922.25 0 65102 0 0
1516083922.35 0 63588 0 0
1516083922.45 0 62074 0 0
1516083922.55 0 60560 0 0
1516083922.65 0 54504 0 0
1516083922.75 0 60560 0 0
1516083922.85 0 63588 0 0
1516083922.95 0 62074 0 0
1516083923.05 0 62074 0 0
1516083923.15 0 60560 0 0
1516083923.25 0 59046 0 0
1516083923.35 0 60560 0 0
1516083923.45 0 60560 0 0
1516083923.55 0 57532 0 0
1516083923.66 0 68130 0 0
1516083923.76 0 60560 0 0
1516083923.86 0 63588 0 0
1516083923.96 0 62074 0 0
1516083924.06 0 62074 0 0
1516083924.17 0 62074 0 0
1516083924.27 0 66616 0 0
1516083924.37 0 63588 0 0
1516083924.47 0 59046 0 0
1516083924.57 0 59046 0 0
1516083924.66 0 52990 0 0
1516083924.76 0 63588 0 0
1516083924.86 0 65102 0 0
1516083924.96 0 62074 0 0
1516083925.06 0 59046 0 0
1516083925.16 0 48448 0 0
1516083925.26 0 62074 0 0
1516083925.36 0 62074 0 0
1516083925.46 0 62074 0 0
1516083925.56 0 63588 0 0
1516083925.66 0 59046 0 0
1516083925.76 0 60560 0 0
1516083925.86 0 60560 0 0
1516083925.96 0 63588 0 0
1516083926.06 0 63588 0 0
1516083926.16 0 63588 0 0
1516083926.26 0 49962 0 0
1516083926.37 0 62074 0 0
1516083926.46 0 63588 0 0
1516083926.56 0 60560 0 0
1516083926.66 0 62074 0 0
1516083926.76 0 56018 0 0
1516083926.86 0 60560 0 0
1516083926.96 0 62074 0 0
1516083927.06 0 63588 0 0
1516083927.16 0 59046 0 0
1516083927.27 0 57532 0 0
1516083927.36 0 63588 0 0
1516083927.47 0 68130 0 0
1516083927.57 0 57532 0 0
1516083927.67 0 60560 0 0
1516083927.77 0 54504 0 0
1516083927.88 0 65102 0 0
1516083927.97 0 57532 0 0
1516083928.07 0 65102 0 0
1516083928.18 0 60560 0 0
1516083928.27 0 57532 0 0
1516083928.37 0 59046 0 0
1516083928.47 0 62074 0 0
1516083928.57 0 63588 0 0
1516083928.67 0 62074 0 0
1516083928.77 0 62074 0 0
1516083928.87 0 56018 0 0
1516083928.97 0 62074 0 0
1516083929.07 0 62074 0 0
1516083929.17 0 63588 0 0
1516083929.27 0 62074 0 0
1516083929.37 0 56018 0 0
1516083929.47 0 63588 0 0
1516083929.57 0 62074 0 0
1516083929.67 0 62074 0 0
1516083929.77 0 62074 0 0
1516083929.87 0 54504 0 0
1516083929.97 0 62074 0 0
1516083930.07 0 62074 0 0
1516083930.17 0 62074 0 0
1516083930.27 0 63588 0 0
1516083930.37 0 52990 0 0
1516083930.47 0 62074 0 0
1516083930.57 0 63588 0 0
1516083930.67 0 62074 0 0
1516083930.77 0 60560 0 0
1516083930.87 0 49962 0 0
1516083930.97 0 60560 0 0
1516083931.07 0 63588 0 0
1516083931.17 0 63588 0 0
1516083931.27 0 62074 0 0
1516083931.37 0 60560 0 0
1516083931.47 0 62074 0 0
1516083931.58 0 65102 0 0
1516083931.68 0 63588 0 0
1516083931.78 0 63588 0 0
1516083931.88 0 62074 0 0
1516083931.98 0 65102 0 0
1516083932.09 0 65102 0 0
1516083932.19 0 62074 0 0
1516083932.29 0 60560 0 0
1516083932.39 0 65102 0 0
1516083932.5 0 65102 0 0
1516083932.6 0 65102 0 0
1516083932.69 0 56018 0 0
1516083932.79 0 57532 0 0
1516083932.89 0 57532 0 0
1516083932.99 0 63588 0 0
1516083933.09 0 63588 0 0
1516083933.19 0 63588 0 0
1516083933.29 0 62074 0 0
1516083933.39 0 60560 0 0
1516083933.49 0 62074 0 0
1516083933.59 0 63588 0 0
1516083933.69 0 62074 0 0
1516083933.79 0 62074 0 0
1516083933.89 0 62074 0 0
1516083933.99 0 63588 0 0
1516083934.09 0 62074 0 0
1516083934.19 0 59046 0 42
1516083934.29 0 56018 0 0
1516083934.39 0 63588 0 0
1516083934.49 0 62074 0 0
1516083934.59 0 63588 0 0
1516083934.69 0 63588 0 0
1516083934.79 0 60560 0 0
1516083934.89 0 65102 0 0
1516083934.99 0 60560 0 0
1516083935.09 0 62074 0 0
1516083935.19 0 59046 0 0
1516083935.29 0 60560 0 0
1516083935.39 0 63588 0 0
1516083935.49 0 63588 0 0
1516083935.59 0 62074 0 0
1516083935.69 0 57532 0 0
1516083935.79 0 59046 0 0
1516083935.89 0 60560 0 0
1516083935.99 0 63588 0 0
1516083936.09 0 62074 0 0
1516083936.2 0 57532 0 0
1516083936.29 0 56018 0 0
1516083936.4 0 65102 0 0
1516083936.49 0 62074 0 0
1516083936.6 0 62074 0 0
1516083936.7 0 68130 0 0
1516083936.8 0 57532 0 0
1516083936.9 0 62074 0 0
1516083937.0 0 60560 0 0
1516083937.1 0 63588 0 0
1516083937.2 0 60560 0 0
1516083937.3 0 59046 0 0
1516083937.4 0 65102 0 0
1516083937.5 0 62074 0 0
1516083937.6 0 62074 0 0
1516083937.7 0 60560 0 0
1516083937.8 0 42392 0 0
1516083937.9 0 57532 0 0
1516083938.0 0 63588 0 0
1516083938.1 0 65102 0 0
1516083938.2 0 60560 0 0
1516083938.3 0 62074 0 0
1516083938.4 0 60560 0 0
1516083938.5 0 62074 0 0
1516083938.6 0 66616 0 0
1516083938.7 0 57532 0 0
1516083938.8 0 62074 0 0
1516083938.9 0 62074 0 0
1516083939.0 0 62074 0 0
1516083939.1 0 63588 0 0
1516083939.2 0 62074 0 0
1516083939.3 0 60560 0 42
1516083939.4 0 59046 0 0
1516083939.5 0 65102 0 0
1516083939.6 0 60560 0 0
1516083939.7 0 63588 0 0
1516083939.8 0 62074 0 0
1516083939.9 0 51476 0 0
1516083940.0 0 60560 0 0
1516083940.1 0 65102 0 0
1516083940.2 0 60560 0 0
1516083940.3 0 63588 0 0
1516083940.41 0 68130 0 0
1516083940.5 0 57532 0 0
1516083940.61 0 68130 0 0
1516083940.72 0 63588 0 0
1516083940.82 0 63588 0 0
1516083940.92 0 37850 0 0
1516083941.02 0 37850 0 0
1516083941.12 0 37850 0 0
1516083941.22 0 43906 0 0
1516083941.32 0 42392 0 0
1516083941.42 0 45420 0 0
1516083941.53 0 46934 0 0
1516083941.63 0 46934 0 0
1516083941.72 0 49962 0 0
1516083941.83 0 52990 0 0
1516083941.93 0 51476 0 0
1516083942.02 0 33308 0 0
1516083942.12 0 3028 0 0
1516083942.23 0 3028 0 0
1516083942.32 0 4542 0 0
1516083942.42 0 1514 0 0
1516083942.53 0 4542 0 0
1516083942.62 0 3028 0 0
1516083942.73 0 1514 0 0
1516083942.82 0 3028 0 0
1516083942.93 0 3028 0 0
1516083943.03 0 1514 0 0
1516083943.13 0 1514 0 0
1516083943.23 0 0 0 0
1516083943.33 0 0 0 0
1516083943.43 0 0 0 0
1516083943.53 0 1514 0 0
1516083943.63 0 0 0 0
1516083943.73 0 0 0 0
1516083943.83 0 0 0 0
1516083943.93 0 0 0 0
1516083944.03 0 0 0 0
1516083944.13 0 0 0 0
1516083944.23 0 0 0 0
1516083944.33 0 0 0 0
1516083944.43 0 0 0 0
1516083944.53 0 0 0 0
1516083944.63 0 0 0 0
1516083944.73 0 0 0 0
1516083944.83 0 0 0 0
1516083944.93 0 0 0 0
1516083945.03 0 0 0 0
1516083945.13 0 0 0 0
1516083945.23 0 0 0 0
1516083945.33 0 0 0 0
1516083945.43 0 0 0 0
1516083945.53 0 0 0 0
1516083945.63 0 0 0 0
1516083945.73 0 0 0 0
1516083945.83 0 0 0 0
1516083945.93 0 0 0 0
1516083946.03 0 0 0 0
1516083946.14 0 0 0 0
1516083946.24 0 0 0 0
1516083946.34 0 0 0 0
1516083946.44 0 0 0 0
1516083946.54 0 0 0 0
1516083946.64 0 0 0 0
1516083946.75 0 0 0 0
1516083946.84 0 0 0 0
1516083946.94 0 0 0 0
1516083947.04 0 0 0 0
1516083947.14 0 0 0 0
1516083947.24 0 0 0 0
1516083947.34 0 0 0 0
1516083947.44 0 0 0 0
1516083947.54 0 0 0 0
1516083947.64 0 0 0 0
1516083947.74 0 0 0 0
1516083947.84 0 0 0 0
1516083947.94 0 0 0 0
1516083948.04 0 0 0 0
1516083948.14 0 0 0 0
1516083948.24 0 0 0 0
1516083948.34 0 0 0 0
1516083948.44 0 0 0 0
1516083948.54 0 0 0 0
1516083948.64 0 0 0 0
1516083948.74 0 0 0 0
1516083948.84 0 0 0 0
1516083948.94 0 0 0 0
1516083949.04 0 0 0 0
1516083949.14 0 0 0 0
1516083949.24 0 0 0 0
1516083949.34 0 0 0 0
1516083949.44 0 0 0 0
1516083949.54 0 0 0 0
1516083949.64 0 0 0 0
1516083949.74 0 0 0 0
1516083949.84 0 0 0 0
1516083949.94 0 0 0 0
1516083950.05 0 0 0 0
1516083950.14 0 0 0 0
1516083950.24 0 0 0 0
1516083950.35 0 0 0 0
1516083950.45 0 0 0 0
1516083950.55 0 0 0 0
1516083950.65 0 0 0 0
1516083950.75 0 0 0 0
1516083950.86 0 0 0 0
1516083950.95 0 0 0 0
1516083951.05 0 0 0 0
1516083951.15 0 0 0 0
1516083951.25 0 0 0 0
